Temperature (K)	Pressure (bar)	Density (kg/m3)	Volume (m3/kg)	Internal Energy (kJ/kg)	Enthalpy (kJ/kg)	Entropy (J/g*K)	Cv (J/g*K)	Cp (J/g*K)	Sound Spd. (m/s)	Joule-Thomson (K/bar)	Viscosity (Pa*s)	Therm. Cond. (W/m*K)	Phase
90.694	231.00	464.96	0.0021507	-83.419	-33.737	-0.84534	2.2192	3.2760	1678.2	-0.050937	0.00028108	0.23022	liquid
96.694	231.00	458.04	0.0021832	-64.501	-14.069	-0.63536	2.1849	3.2809	1634.5	-0.050303	0.00022662	0.22401	liquid
97.694	231.00	456.88	0.0021887	-61.347	-10.787	-0.60159	2.1797	3.2822	1627.2	-0.050180	0.00021951	0.22292	liquid
98.694	231.00	455.73	0.0021943	-58.193	-7.5046	-0.56816	2.1746	3.2836	1619.8	-0.050054	0.00021283	0.22182	liquid
99.694	231.00	454.57	0.0021999	-55.038	-4.2203	-0.53505	2.1696	3.2851	1612.3	-0.049924	0.00020653	0.22071	liquid
100.69	231.00	453.41	0.0022055	-51.882	-0.93445	-0.50226	2.1647	3.2866	1604.9	-0.049790	0.00020059	0.21959	liquid
101.69	231.00	452.24	0.0022112	-48.726	2.3529	-0.46977	2.1598	3.2882	1597.4	-0.049652	0.00019498	0.21845	liquid
102.69	231.00	451.08	0.0022169	-45.569	5.6419	-0.43759	2.1550	3.2898	1589.9	-0.049510	0.00018967	0.21731	liquid
103.69	231.00	449.91	0.0022227	-42.411	8.9326	-0.40570	2.1503	3.2915	1582.5	-0.049365	0.00018464	0.21616	liquid
104.69	231.00	448.74	0.0022284	-39.252	12.225	-0.37410	2.1456	3.2932	1574.9	-0.049216	0.00017986	0.21500	liquid
105.69	231.00	447.57	0.0022343	-36.092	15.519	-0.34278	2.1410	3.2950	1567.4	-0.049064	0.00017531	0.21384	liquid
106.69	231.00	446.40	0.0022401	-32.932	18.815	-0.31175	2.1364	3.2968	1559.9	-0.048908	0.00017098	0.21267	liquid
107.69	231.00	445.23	0.0022460	-29.771	22.113	-0.28098	2.1319	3.2987	1552.4	-0.048749	0.00016685	0.21149	liquid
108.69	231.00	444.05	0.0022520	-26.608	25.412	-0.25049	2.1274	3.3005	1544.8	-0.048586	0.00016291	0.21031	liquid
109.69	231.00	442.88	0.0022580	-23.445	28.714	-0.22025	2.1230	3.3024	1537.3	-0.048419	0.00015914	0.20912	liquid
110.69	231.00	441.70	0.0022640	-20.281	32.017	-0.19027	2.1185	3.3044	1529.7	-0.048249	0.00015553	0.20792	liquid
111.69	231.00	440.52	0.0022701	-17.116	35.323	-0.16055	2.1142	3.3063	1522.1	-0.048075	0.00015208	0.20673	liquid
112.69	231.00	439.33	0.0022762	-13.950	38.630	-0.13107	2.1098	3.3083	1514.6	-0.047897	0.00014876	0.20553	liquid
113.69	231.00	438.15	0.0022823	-10.783	41.939	-0.10183	2.1055	3.3103	1507.0	-0.047715	0.00014558	0.20432	liquid
114.69	231.00	436.96	0.0022885	-7.6148	45.250	-0.072835	2.1012	3.3123	1499.4	-0.047530	0.00014252	0.20311	liquid
115.69	231.00	435.77	0.0022948	-4.4458	48.564	-0.044071	2.0970	3.3144	1491.8	-0.047340	0.00013957	0.20190	liquid
116.69	231.00	434.58	0.0023011	-1.2759	51.879	-0.015538	2.0928	3.3164	1484.3	-0.047147	0.00013674	0.20069	liquid
117.69	231.00	433.38	0.0023074	1.8951	55.197	0.012770	2.0886	3.3185	1476.7	-0.046949	0.00013400	0.19948	liquid
118.69	231.00	432.19	0.0023138	5.0670	58.516	0.040856	2.0844	3.3207	1469.1	-0.046747	0.00013137	0.19826	liquid
119.69	231.00	430.99	0.0023203	8.2400	61.838	0.068724	2.0803	3.3228	1461.5	-0.046541	0.00012882	0.19705	liquid
120.69	231.00	429.78	0.0023267	11.414	65.162	0.096379	2.0762	3.3250	1454.0	-0.046331	0.00012636	0.19583	liquid
121.69	231.00	428.58	0.0023333	14.589	68.488	0.12382	2.0721	3.3272	1446.4	-0.046116	0.00012399	0.19462	liquid
122.69	231.00	427.37	0.0023399	17.765	71.816	0.15106	2.0680	3.3295	1438.8	-0.045896	0.00012169	0.19340	liquid
123.69	231.00	426.16	0.0023465	20.942	75.147	0.17810	2.0640	3.3317	1431.2	-0.045672	0.00011946	0.19218	liquid
124.69	231.00	424.95	0.0023532	24.121	78.480	0.20493	2.0600	3.3340	1423.7	-0.045443	0.00011730	0.19097	liquid
125.69	231.00	423.73	0.0023600	27.300	81.815	0.23157	2.0561	3.3364	1416.1	-0.045209	0.00011521	0.18975	liquid
126.69	231.00	422.52	0.0023668	30.480	85.153	0.25802	2.0521	3.3388	1408.5	-0.044970	0.00011318	0.18854	liquid
127.69	231.00	421.30	0.0023736	33.662	88.493	0.28428	2.0482	3.3412	1401.0	-0.044726	0.00011122	0.18733	liquid
128.69	231.00	420.07	0.0023805	36.845	91.835	0.31035	2.0444	3.3436	1393.4	-0.044476	0.00010930	0.18611	liquid
129.69	231.00	418.85	0.0023875	40.028	95.180	0.33624	2.0405	3.3461	1385.9	-0.044222	0.00010745	0.18491	liquid
130.69	231.00	417.62	0.0023945	43.213	98.527	0.36196	2.0367	3.3487	1378.3	-0.043961	0.00010564	0.18370	liquid
131.69	231.00	416.38	0.0024016	46.400	101.88	0.38749	2.0329	3.3512	1370.8	-0.043695	0.00010389	0.18249	liquid
132.69	231.00	415.15	0.0024088	49.587	105.23	0.41285	2.0292	3.3539	1363.2	-0.043424	0.00010218	0.18129	liquid
133.69	231.00	413.91	0.0024160	52.776	108.59	0.43804	2.0255	3.3565	1355.7	-0.043147	0.00010052	0.18009	liquid
134.69	231.00	412.67	0.0024233	55.966	111.94	0.46306	2.0218	3.3592	1348.2	-0.042863	9.8904e-05	0.17889	liquid
135.69	231.00	411.42	0.0024306	59.157	115.30	0.48792	2.0181	3.3620	1340.7	-0.042574	9.7329e-05	0.17769	liquid
136.69	231.00	410.18	0.0024380	62.350	118.67	0.51262	2.0145	3.3648	1333.2	-0.042278	9.5794e-05	0.17650	liquid
137.69	231.00	408.92	0.0024454	65.543	122.03	0.53715	2.0109	3.3677	1325.7	-0.041976	9.4299e-05	0.17531	liquid
138.69	231.00	407.67	0.0024530	68.739	125.40	0.56153	2.0073	3.3706	1318.2	-0.041667	9.2840e-05	0.17413	liquid
139.69	231.00	406.41	0.0024606	71.935	128.77	0.58576	2.0038	3.3735	1310.7	-0.041352	9.1417e-05	0.17294	liquid
140.69	231.00	405.15	0.0024682	75.133	132.15	0.60983	2.0003	3.3766	1303.2	-0.041030	9.0029e-05	0.17176	liquid
141.69	231.00	403.88	0.0024760	78.333	135.53	0.63376	1.9968	3.3796	1295.7	-0.040701	8.8674e-05	0.17059	liquid
142.69	231.00	402.62	0.0024838	81.534	138.91	0.65754	1.9934	3.3828	1288.2	-0.040364	8.7352e-05	0.16942	liquid
143.69	231.00	401.34	0.0024916	84.736	142.29	0.68117	1.9900	3.3860	1280.8	-0.040021	8.6060e-05	0.16825	liquid
144.69	231.00	400.07	0.0024996	87.940	145.68	0.70467	1.9866	3.3892	1273.3	-0.039670	8.4798e-05	0.16709	liquid
145.69	231.00	398.79	0.0025076	91.146	149.07	0.72802	1.9833	3.3925	1265.9	-0.039312	8.3566e-05	0.16593	liquid
146.69	231.00	397.51	0.0025157	94.353	152.47	0.75124	1.9800	3.3959	1258.5	-0.038946	8.2361e-05	0.16477	liquid
147.69	231.00	396.22	0.0025239	97.562	155.86	0.77432	1.9767	3.3993	1251.0	-0.038572	8.1183e-05	0.16362	liquid
148.69	231.00	394.93	0.0025321	100.77	159.26	0.79727	1.9735	3.4028	1243.6	-0.038190	8.0031e-05	0.16248	liquid
149.69	231.00	393.63	0.0025404	103.98	162.67	0.82009	1.9703	3.4064	1236.2	-0.037800	7.8904e-05	0.16133	liquid
150.69	231.00	392.33	0.0025489	107.20	166.08	0.84278	1.9671	3.4100	1228.8	-0.037401	7.7802e-05	0.16020	liquid
151.69	231.00	391.03	0.0025573	110.41	169.49	0.86535	1.9640	3.4137	1221.5	-0.036995	7.6724e-05	0.15906	liquid
152.69	231.00	389.72	0.0025659	113.63	172.90	0.88779	1.9609	3.4175	1214.1	-0.036579	7.5668e-05	0.15794	liquid
153.69	231.00	388.41	0.0025746	116.85	176.32	0.91011	1.9579	3.4214	1206.7	-0.036154	7.4635e-05	0.15681	liquid
154.69	231.00	387.10	0.0025833	120.07	179.75	0.93231	1.9548	3.4253	1199.4	-0.035721	7.3623e-05	0.15570	liquid
155.69	231.00	385.78	0.0025922	123.30	183.17	0.95440	1.9519	3.4292	1192.0	-0.035278	7.2633e-05	0.15458	liquid
156.69	231.00	384.46	0.0026011	126.52	186.61	0.97637	1.9489	3.4333	1184.7	-0.034826	7.1662e-05	0.15348	liquid
157.69	231.00	383.13	0.0026101	129.75	190.04	0.99822	1.9460	3.4374	1177.4	-0.034364	7.0711e-05	0.15238	liquid
158.69	231.00	381.80	0.0026192	132.98	193.48	1.0200	1.9431	3.4416	1170.1	-0.033893	6.9780e-05	0.15128	liquid
159.69	231.00	380.46	0.0026284	136.21	196.92	1.0416	1.9403	3.4459	1162.8	-0.033411	6.8867e-05	0.15019	liquid
160.69	231.00	379.12	0.0026377	139.44	200.37	1.0631	1.9375	3.4503	1155.5	-0.032920	6.7972e-05	0.14910	liquid
161.69	231.00	377.77	0.0026471	142.68	203.83	1.0845	1.9347	3.4547	1148.3	-0.032418	6.7095e-05	0.14802	liquid
162.69	231.00	376.42	0.0026566	145.91	207.28	1.1059	1.9320	3.4592	1141.0	-0.031906	6.6234e-05	0.14695	liquid
163.69	231.00	375.07	0.0026662	149.15	210.74	1.1271	1.9293	3.4638	1133.8	-0.031383	6.5391e-05	0.14588	liquid
164.69	231.00	373.71	0.0026759	152.40	214.21	1.1482	1.9266	3.4685	1126.6	-0.030849	6.4563e-05	0.14481	liquid
165.69	231.00	372.34	0.0026857	155.64	217.68	1.1692	1.9240	3.4732	1119.4	-0.030303	6.3751e-05	0.14376	liquid
166.69	231.00	370.97	0.0026956	158.89	221.16	1.1901	1.9215	3.4780	1112.2	-0.029747	6.2955e-05	0.14270	liquid
167.69	231.00	369.60	0.0027056	162.14	224.64	1.2109	1.9189	3.4829	1105.0	-0.029179	6.2173e-05	0.14166	liquid
168.69	231.00	368.22	0.0027158	165.39	228.12	1.2316	1.9164	3.4879	1097.9	-0.028599	6.1406e-05	0.14062	liquid
169.69	231.00	366.84	0.0027260	168.64	231.61	1.2523	1.9139	3.4930	1090.8	-0.028008	6.0653e-05	0.13958	liquid
170.69	231.00	365.45	0.0027364	171.90	235.11	1.2728	1.9115	3.4982	1083.6	-0.027404	5.9913e-05	0.13855	liquid
171.69	231.00	364.06	0.0027468	175.16	238.61	1.2933	1.9091	3.5034	1076.5	-0.026788	5.9188e-05	0.13753	liquid
172.69	231.00	362.66	0.0027574	178.42	242.12	1.3136	1.9068	3.5087	1069.5	-0.026159	5.8475e-05	0.13652	liquid
173.69	231.00	361.25	0.0027681	181.68	245.63	1.3339	1.9044	3.5141	1062.4	-0.025517	5.7775e-05	0.13551	liquid
174.69	231.00	359.85	0.0027790	184.95	249.14	1.3541	1.9022	3.5196	1055.4	-0.024863	5.7087e-05	0.13450	liquid
175.69	231.00	358.43	0.0027899	188.22	252.67	1.3742	1.8999	3.5251	1048.3	-0.024195	5.6411e-05	0.13351	liquid
176.69	231.00	357.01	0.0028010	191.49	256.19	1.3942	1.8977	3.5308	1041.3	-0.023514	5.5747e-05	0.13251	liquid
177.69	231.00	355.59	0.0028122	194.76	259.73	1.4141	1.8956	3.5365	1034.4	-0.022819	5.5095e-05	0.13153	liquid
178.69	231.00	354.16	0.0028236	198.04	263.27	1.4340	1.8934	3.5423	1027.4	-0.022110	5.4454e-05	0.13055	liquid
179.69	231.00	352.72	0.0028351	201.32	266.81	1.4538	1.8914	3.5481	1020.5	-0.021388	5.3824e-05	0.12958	liquid
180.69	231.00	351.28	0.0028467	204.60	270.36	1.4735	1.8893	3.5541	1013.6	-0.020651	5.3204e-05	0.12862	liquid
181.69	231.00	349.84	0.0028585	207.89	273.92	1.4931	1.8873	3.5601	1006.7	-0.019899	5.2595e-05	0.12766	liquid
182.69	231.00	348.39	0.0028704	211.18	277.48	1.5127	1.8853	3.5662	999.83	-0.019133	5.1997e-05	0.12671	liquid
183.69	231.00	346.93	0.0028824	214.47	281.05	1.5322	1.8834	3.5724	992.99	-0.018351	5.1408e-05	0.12577	liquid
184.69	231.00	345.47	0.0028946	217.76	284.63	1.5516	1.8815	3.5787	986.18	-0.017555	5.0829e-05	0.12484	liquid
185.69	231.00	344.00	0.0029070	221.06	288.21	1.5709	1.8797	3.5850	979.40	-0.016743	5.0259e-05	0.12391	liquid
186.69	231.00	342.53	0.0029195	224.36	291.80	1.5902	1.8778	3.5914	972.64	-0.015916	4.9699e-05	0.12299	liquid
187.69	231.00	341.05	0.0029321	227.66	295.39	1.6094	1.8761	3.5979	965.92	-0.015073	4.9148e-05	0.12209	liquid
188.69	231.00	339.57	0.0029449	230.97	298.99	1.6285	1.8743	3.6044	959.22	-0.014214	4.8605e-05	0.12119	liquid
189.69	231.00	338.08	0.0029579	234.27	302.60	1.6476	1.8726	3.6111	952.55	-0.013338	4.8072e-05	0.12030	liquid
190.69	231.00	336.58	0.0029710	237.59	306.22	1.6666	1.8710	3.6177	945.91	-0.012447	4.7547e-05	0.11944	supercritical
191.69	231.00	335.08	0.0029843	240.90	309.84	1.6855	1.8693	3.6245	939.31	-0.011539	4.7030e-05	0.11852	supercritical
192.69	231.00	333.58	0.0029978	244.22	313.46	1.7044	1.8678	3.6313	932.73	-0.010614	4.6521e-05	0.11762	supercritical
193.69	231.00	332.07	0.0030114	247.54	317.10	1.7232	1.8662	3.6381	926.20	-0.0096724	4.6021e-05	0.11674	supercritical
194.69	231.00	330.55	0.0030253	250.86	320.74	1.7420	1.8647	3.6450	919.69	-0.0087137	4.5528e-05	0.11586	supercritical
195.69	231.00	329.03	0.0030393	254.18	324.39	1.7607	1.8632	3.6520	913.22	-0.0077378	4.5042e-05	0.11499	supercritical
196.69	231.00	327.50	0.0030534	257.51	328.05	1.7793	1.8618	3.6590	906.78	-0.0067446	4.4565e-05	0.11413	supercritical
197.69	231.00	325.97	0.0030678	260.84	331.71	1.7979	1.8604	3.6660	900.39	-0.0057340	4.4094e-05	0.11327	supercritical
198.69	231.00	324.43	0.0030823	264.17	335.38	1.8164	1.8590	3.6731	894.03	-0.0047058	4.3631e-05	0.11243	supercritical
199.69	231.00	322.88	0.0030971	267.51	339.05	1.8349	1.8577	3.6802	887.71	-0.0036598	4.3175e-05	0.11159	supercritical
200.69	231.00	321.33	0.0031120	270.85	342.74	1.8533	1.8564	3.6873	881.43	-0.0025961	4.2725e-05	0.11076	supercritical
201.69	231.00	319.78	0.0031271	274.19	346.43	1.8716	1.8552	3.6945	875.19	-0.0015145	4.2283e-05	0.10993	supercritical
202.69	231.00	318.22	0.0031425	277.54	350.13	1.8899	1.8540	3.7017	868.99	-0.00041500	4.1847e-05	0.10911	supercritical
203.69	231.00	316.66	0.0031580	280.88	353.83	1.9081	1.8528	3.7089	862.83	0.00070254	4.1417e-05	0.10831	supercritical
204.69	231.00	315.09	0.0031737	284.23	357.54	1.9263	1.8517	3.7161	856.72	0.0018381	4.0994e-05	0.10750	supercritical
205.69	231.00	313.51	0.0031897	287.58	361.26	1.9444	1.8506	3.7233	850.66	0.0029918	4.0577e-05	0.10671	supercritical
206.69	231.00	311.93	0.0032058	290.94	364.99	1.9625	1.8495	3.7305	844.64	0.0041635	4.0167e-05	0.10592	supercritical
207.69	231.00	310.35	0.0032222	294.29	368.72	1.9805	1.8485	3.7377	838.66	0.0053533	3.9762e-05	0.10514	supercritical
208.69	231.00	308.76	0.0032388	297.65	372.47	1.9985	1.8475	3.7449	832.74	0.0065611	3.9364e-05	0.10437	supercritical
209.69	231.00	307.16	0.0032556	301.01	376.21	2.0164	1.8465	3.7521	826.86	0.0077869	3.8971e-05	0.10361	supercritical
210.69	231.00	305.56	0.0032726	304.37	379.97	2.0343	1.8456	3.7592	821.04	0.0090306	3.8584e-05	0.10285	supercritical
211.69	231.00	303.96	0.0032899	307.74	383.73	2.0521	1.8447	3.7663	815.27	0.010292	3.8203e-05	0.10210	supercritical
212.69	231.00	302.35	0.0033074	311.10	387.50	2.0699	1.8439	3.7733	809.54	0.011571	3.7827e-05	0.10136	supercritical
213.69	231.00	300.74	0.0033251	314.47	391.28	2.0876	1.8430	3.7803	803.88	0.012868	3.7457e-05	0.10063	supercritical
214.69	231.00	299.13	0.0033431	317.84	395.06	2.1053	1.8423	3.7872	798.26	0.014182	3.7092e-05	0.099904	supercritical
215.69	231.00	297.51	0.0033612	321.21	398.85	2.1229	1.8415	3.7941	792.71	0.015513	3.6733e-05	0.099187	supercritical
216.69	231.00	295.89	0.0033797	324.58	402.65	2.1404	1.8408	3.8009	787.21	0.016862	3.6379e-05	0.098478	supercritical
217.69	231.00	294.26	0.0033984	327.95	406.46	2.1580	1.8401	3.8075	781.76	0.018226	3.6030e-05	0.097777	supercritical
218.69	231.00	292.63	0.0034173	331.33	410.27	2.1754	1.8394	3.8141	776.38	0.019608	3.5686e-05	0.097085	supercritical
219.69	231.00	291.00	0.0034364	334.70	414.08	2.1928	1.8388	3.8206	771.06	0.021005	3.5347e-05	0.096400	supercritical
220.69	231.00	289.36	0.0034559	338.08	417.91	2.2102	1.8382	3.8270	765.79	0.022418	3.5013e-05	0.095724	supercritical
221.69	231.00	287.73	0.0034755	341.45	421.74	2.2275	1.8377	3.8332	760.59	0.023847	3.4685e-05	0.095055	supercritical
222.69	231.00	286.08	0.0034955	344.83	425.57	2.2448	1.8371	3.8393	755.45	0.025290	3.4361e-05	0.094395	supercritical
223.69	231.00	284.44	0.0035157	348.21	429.42	2.2620	1.8366	3.8453	750.37	0.026748	3.4041e-05	0.093744	supercritical
224.69	231.00	282.80	0.0035361	351.58	433.26	2.2792	1.8362	3.8511	745.36	0.028220	3.3727e-05	0.093100	supercritical
225.69	231.00	281.15	0.0035568	354.96	437.12	2.2963	1.8357	3.8567	740.42	0.029706	3.3417e-05	0.092465	supercritical
226.69	231.00	279.50	0.0035778	358.33	440.98	2.3133	1.8353	3.8621	735.54	0.031205	3.3112e-05	0.091839	supercritical
227.69	231.00	277.86	0.0035990	361.71	444.84	2.3303	1.8349	3.8674	730.72	0.032716	3.2812e-05	0.091220	supercritical
228.69	231.00	276.21	0.0036205	365.08	448.71	2.3473	1.8346	3.8725	725.98	0.034238	3.2516e-05	0.090610	supercritical
229.69	231.00	274.56	0.0036423	368.45	452.59	2.3642	1.8342	3.8773	721.30	0.035772	3.2224e-05	0.090009	supercritical
230.69	231.00	272.90	0.0036643	371.82	456.47	2.3811	1.8339	3.8819	716.70	0.037317	3.1938e-05	0.089416	supercritical
231.69	231.00	271.25	0.0036866	375.19	460.35	2.3979	1.8337	3.8863	712.16	0.038871	3.1655e-05	0.088831	supercritical
232.69	231.00	269.60	0.0037091	378.56	464.24	2.4146	1.8334	3.8905	707.70	0.040433	3.1377e-05	0.088255	supercritical
233.69	231.00	267.95	0.0037320	381.92	468.13	2.4313	1.8332	3.8944	703.30	0.042004	3.1103e-05	0.087687	supercritical
234.69	231.00	266.31	0.0037551	385.29	472.03	2.4479	1.8330	3.8980	698.98	0.043583	3.0834e-05	0.087128	supercritical
235.69	231.00	264.66	0.0037785	388.65	475.93	2.4645	1.8328	3.9014	694.73	0.045167	3.0569e-05	0.086577	supercritical
236.69	231.00	263.01	0.0038021	392.00	479.83	2.4810	1.8327	3.9045	690.56	0.046757	3.0308e-05	0.086034	supercritical
237.69	231.00	261.37	0.0038260	395.36	483.74	2.4975	1.8326	3.9073	686.46	0.048351	3.0051e-05	0.085500	supercritical
238.69	231.00	259.73	0.0038502	398.71	487.65	2.5139	1.8325	3.9098	682.43	0.049949	2.9798e-05	0.084975	supercritical
239.69	231.00	258.09	0.0038746	402.05	491.56	2.5303	1.8324	3.9120	678.48	0.051550	2.9550e-05	0.084458	supercritical
240.69	231.00	256.45	0.0038993	405.40	495.47	2.5466	1.8323	3.9139	674.60	0.053151	2.9306e-05	0.083949	supercritical
241.69	231.00	254.82	0.0039243	408.73	499.38	2.5628	1.8323	3.9155	670.80	0.054754	2.9066e-05	0.083448	supercritical
242.69	231.00	253.19	0.0039496	412.07	503.30	2.5790	1.8323	3.9167	667.07	0.056355	2.8830e-05	0.082956	supercritical
243.69	231.00	251.57	0.0039751	415.39	507.22	2.5951	1.8323	3.9176	663.42	0.057955	2.8597e-05	0.082472	supercritical
244.69	231.00	249.95	0.0040008	418.72	511.14	2.6111	1.8324	3.9182	659.85	0.059552	2.8369e-05	0.081997	supercritical
245.69	231.00	248.33	0.0040268	422.03	515.05	2.6271	1.8324	3.9184	656.35	0.061145	2.8145e-05	0.081529	supercritical
246.69	231.00	246.72	0.0040531	425.35	518.97	2.6430	1.8325	3.9183	652.93	0.062733	2.7925e-05	0.081070	supercritical
247.69	231.00	245.12	0.0040796	428.65	522.89	2.6589	1.8326	3.9179	649.59	0.064315	2.7709e-05	0.080618	supercritical
248.69	231.00	243.52	0.0041064	431.95	526.81	2.6746	1.8327	3.9171	646.32	0.065889	2.7496e-05	0.080175	supercritical
249.69	231.00	241.93	0.0041334	435.24	530.72	2.6904	1.8329	3.9159	643.13	0.067456	2.7288e-05	0.079740	supercritical
250.69	231.00	240.35	0.0041606	438.53	534.64	2.7060	1.8331	3.9144	640.02	0.069013	2.7083e-05	0.079313	supercritical
251.69	231.00	238.77	0.0041881	441.81	538.55	2.7216	1.8332	3.9125	636.98	0.070559	2.6882e-05	0.078893	supercritical
252.69	231.00	237.20	0.0042159	445.08	542.46	2.7371	1.8334	3.9103	634.01	0.072094	2.6685e-05	0.078481	supercritical
253.69	231.00	235.64	0.0042438	448.34	546.37	2.7525	1.8337	3.9078	631.12	0.073617	2.6491e-05	0.078077	supercritical
254.69	231.00	234.08	0.0042720	451.60	550.28	2.7679	1.8339	3.9049	628.31	0.075127	2.6302e-05	0.077681	supercritical
255.69	231.00	232.54	0.0043004	454.84	554.18	2.7832	1.8342	3.9017	625.57	0.076621	2.6115e-05	0.077292	supercritical
256.69	231.00	231.00	0.0043290	458.08	558.08	2.7984	1.8345	3.8982	622.90	0.078101	2.5933e-05	0.076910	supercritical
257.69	231.00	229.47	0.0043578	461.31	561.98	2.8136	1.8348	3.8943	620.31	0.079565	2.5754e-05	0.076536	supercritical
258.69	231.00	227.95	0.0043869	464.54	565.87	2.8287	1.8351	3.8901	617.78	0.081011	2.5579e-05	0.076169	supercritical
259.69	231.00	226.44	0.0044161	467.75	569.76	2.8437	1.8354	3.8856	615.33	0.082440	2.5407e-05	0.075809	supercritical
260.69	231.00	224.94	0.0044456	470.95	573.64	2.8586	1.8358	3.8808	612.95	0.083850	2.5238e-05	0.075457	supercritical
261.69	231.00	223.45	0.0044752	474.14	577.52	2.8734	1.8361	3.8757	610.63	0.085241	2.5073e-05	0.075111	supercritical
262.69	231.00	221.98	0.0045050	477.33	581.39	2.8882	1.8365	3.8703	608.39	0.086612	2.4912e-05	0.074773	supercritical
263.69	231.00	220.51	0.0045350	480.50	585.26	2.9029	1.8370	3.8647	606.21	0.087963	2.4753e-05	0.074441	supercritical
264.69	231.00	219.05	0.0045652	483.67	589.12	2.9175	1.8374	3.8588	604.10	0.089291	2.4598e-05	0.074116	supercritical
265.69	231.00	217.60	0.0045955	486.82	592.98	2.9320	1.8378	3.8526	602.05	0.090598	2.4447e-05	0.073798	supercritical
266.69	231.00	216.17	0.0046261	489.97	596.83	2.9465	1.8383	3.8462	600.07	0.091883	2.4298e-05	0.073486	supercritical
267.69	231.00	214.74	0.0046567	493.10	600.67	2.9609	1.8388	3.8395	598.15	0.093145	2.4153e-05	0.073181	supercritical
268.69	231.00	213.33	0.0046876	496.23	604.51	2.9752	1.8393	3.8326	596.30	0.094383	2.4010e-05	0.072882	supercritical
269.69	231.00	211.93	0.0047185	499.34	608.34	2.9894	1.8398	3.8255	594.50	0.095597	2.3871e-05	0.072589	supercritical
270.69	231.00	210.54	0.0047497	502.44	612.16	3.0036	1.8403	3.8182	592.77	0.096787	2.3735e-05	0.072303	supercritical
271.69	231.00	209.16	0.0047809	505.53	615.97	3.0176	1.8409	3.8107	591.09	0.097952	2.3602e-05	0.072023	supercritical
272.69	231.00	207.80	0.0048123	508.62	619.78	3.0316	1.8414	3.8031	589.47	0.099092	2.3472e-05	0.071749	supercritical
273.69	231.00	206.45	0.0048439	511.69	623.58	3.0455	1.8420	3.7952	587.90	0.10021	2.3344e-05	0.071481	supercritical
274.69	231.00	205.11	0.0048755	514.75	627.37	3.0593	1.8426	3.7872	586.39	0.10130	2.3220e-05	0.071218	supercritical
275.69	231.00	203.78	0.0049073	517.80	631.15	3.0731	1.8433	3.7790	584.94	0.10236	2.3098e-05	0.070962	supercritical
276.69	231.00	202.46	0.0049392	520.83	634.93	3.0868	1.8439	3.7707	583.54	0.10339	2.2979e-05	0.070711	supercritical
277.69	231.00	201.16	0.0049712	523.86	638.70	3.1004	1.8446	3.7623	582.19	0.10441	2.2863e-05	0.070466	supercritical
278.69	231.00	199.87	0.0050033	526.88	642.45	3.1139	1.8452	3.7537	580.88	0.10539	2.2749e-05	0.070226	supercritical
279.69	231.00	198.59	0.0050355	529.88	646.20	3.1273	1.8459	3.7450	579.63	0.10635	2.2638e-05	0.069992	supercritical
280.69	231.00	197.33	0.0050678	532.88	649.94	3.1406	1.8467	3.7362	578.43	0.10728	2.2530e-05	0.069763	supercritical
281.69	231.00	196.07	0.0051001	535.86	653.67	3.1539	1.8474	3.7273	577.27	0.10818	2.2424e-05	0.069540	supercritical
282.69	231.00	194.83	0.0051326	538.83	657.40	3.1671	1.8482	3.7184	576.16	0.10906	2.2320e-05	0.069322	supercritical
283.69	231.00	193.61	0.0051651	541.80	661.11	3.1802	1.8489	3.7094	575.09	0.10991	2.2219e-05	0.069108	supercritical
284.69	231.00	192.39	0.0051978	544.75	664.82	3.1933	1.8497	3.7003	574.07	0.11073	2.2120e-05	0.068900	supercritical
285.69	231.00	191.19	0.0052304	547.69	668.51	3.2062	1.8506	3.6911	573.09	0.11152	2.2024e-05	0.068698	supercritical
286.69	231.00	190.00	0.0052632	550.62	672.20	3.2191	1.8514	3.6819	572.15	0.11229	2.1930e-05	0.068500	supercritical
287.69	231.00	188.82	0.0052960	553.54	675.88	3.2319	1.8523	3.6727	571.25	0.11303	2.1838e-05	0.068306	supercritical
288.69	231.00	187.66	0.0053289	556.45	679.54	3.2446	1.8531	3.6634	570.39	0.11375	2.1748e-05	0.068118	supercritical
289.69	231.00	186.51	0.0053618	559.35	683.20	3.2573	1.8540	3.6541	569.57	0.11444	2.1661e-05	0.067935	supercritical
290.69	231.00	185.37	0.0053947	562.23	686.85	3.2699	1.8550	3.6448	568.79	0.11510	2.1576e-05	0.067756	supercritical
291.69	231.00	184.24	0.0054278	565.11	690.49	3.2824	1.8559	3.6355	568.04	0.11574	2.1492e-05	0.067582	supercritical
292.69	231.00	183.12	0.0054608	567.98	694.12	3.2948	1.8569	3.6262	567.33	0.11634	2.1411e-05	0.067412	supercritical
293.69	231.00	182.02	0.0054939	570.84	697.75	3.3071	1.8579	3.6169	566.65	0.11693	2.1332e-05	0.067247	supercritical
294.69	231.00	180.93	0.0055270	573.68	701.36	3.3194	1.8589	3.6076	566.01	0.11749	2.1254e-05	0.067086	supercritical
295.69	231.00	179.85	0.0055602	576.52	704.96	3.3316	1.8599	3.5984	565.40	0.11802	2.1179e-05	0.066930	supercritical
296.69	231.00	178.78	0.0055933	579.35	708.55	3.3437	1.8610	3.5891	564.82	0.11853	2.1106e-05	0.066778	supercritical
297.69	231.00	177.73	0.0056265	582.17	712.14	3.3558	1.8621	3.5799	564.27	0.11901	2.1034e-05	0.066630	supercritical
298.69	231.00	176.69	0.0056598	584.97	715.71	3.3678	1.8632	3.5708	563.76	0.11947	2.0964e-05	0.066487	supercritical
299.69	231.00	175.65	0.0056930	587.77	719.28	3.3797	1.8643	3.5616	563.27	0.11990	2.0896e-05	0.066348	supercritical
300.69	231.00	174.63	0.0057263	590.56	722.84	3.3916	1.8655	3.5526	562.81	0.12031	2.0829e-05	0.066213	supercritical
301.69	231.00	173.63	0.0057595	593.34	726.39	3.4033	1.8667	3.5435	562.37	0.12070	2.0765e-05	0.066082	supercritical
302.69	231.00	172.63	0.0057928	596.11	729.92	3.4151	1.8679	3.5346	561.97	0.12106	2.0701e-05	0.065954	supercritical
303.69	231.00	171.64	0.0058261	598.87	733.45	3.4267	1.8691	3.5257	561.59	0.12140	2.0640e-05	0.065831	supercritical
304.69	231.00	170.67	0.0058593	601.62	736.98	3.4383	1.8704	3.5169	561.23	0.12172	2.0580e-05	0.065712	supercritical
305.69	231.00	169.70	0.0058926	604.37	740.49	3.4498	1.8716	3.5081	560.90	0.12201	2.0522e-05	0.065597	supercritical
306.69	231.00	168.75	0.0059259	607.10	743.99	3.4612	1.8729	3.4994	560.60	0.12228	2.0465e-05	0.065485	supercritical
307.69	231.00	167.81	0.0059592	609.83	747.49	3.4726	1.8743	3.4908	560.32	0.12253	2.0409e-05	0.065377	supercritical
308.69	231.00	166.88	0.0059924	612.55	750.97	3.4839	1.8756	3.4823	560.06	0.12276	2.0356e-05	0.065273	supercritical
309.69	231.00	165.96	0.0060257	615.26	754.45	3.4952	1.8770	3.4739	559.82	0.12297	2.0303e-05	0.065173	supercritical
310.69	231.00	165.05	0.0060589	617.96	757.92	3.5064	1.8784	3.4655	559.60	0.12316	2.0252e-05	0.065076	supercritical
311.69	231.00	164.15	0.0060922	620.65	761.38	3.5175	1.8798	3.4573	559.41	0.12333	2.0202e-05	0.064982	supercritical
312.69	231.00	163.25	0.0061254	623.34	764.84	3.5285	1.8813	3.4491	559.23	0.12348	2.0154e-05	0.064893	supercritical
313.69	231.00	162.37	0.0061586	626.02	768.28	3.5395	1.8827	3.4410	559.08	0.12361	2.0107e-05	0.064806	supercritical
314.69	231.00	161.50	0.0061918	628.69	771.72	3.5505	1.8842	3.4331	558.94	0.12372	2.0061e-05	0.064723	supercritical
315.69	231.00	160.64	0.0062249	631.35	775.15	3.5614	1.8858	3.4252	558.82	0.12382	2.0016e-05	0.064644	supercritical
316.69	231.00	159.79	0.0062581	634.01	778.57	3.5722	1.8873	3.4174	558.72	0.12389	1.9973e-05	0.064568	supercritical
317.69	231.00	158.95	0.0062912	636.66	781.98	3.5829	1.8889	3.4098	558.64	0.12395	1.9931e-05	0.064495	supercritical
318.69	231.00	158.12	0.0063243	639.30	785.39	3.5936	1.8905	3.4022	558.57	0.12399	1.9890e-05	0.064425	supercritical
319.69	231.00	157.30	0.0063574	641.93	788.79	3.6043	1.8921	3.3947	558.52	0.12402	1.9850e-05	0.064359	supercritical
320.69	231.00	156.48	0.0063904	644.56	792.18	3.6149	1.8937	3.3874	558.48	0.12403	1.9811e-05	0.064295	supercritical
321.69	231.00	155.68	0.0064234	647.18	795.56	3.6254	1.8954	3.3801	558.47	0.12402	1.9774e-05	0.064235	supercritical
322.69	231.00	154.89	0.0064564	649.80	798.94	3.6359	1.8971	3.3730	558.46	0.12399	1.9737e-05	0.064178	supercritical
323.69	231.00	154.10	0.0064893	652.40	802.31	3.6463	1.8988	3.3660	558.47	0.12396	1.9702e-05	0.064124	supercritical
324.69	231.00	153.32	0.0065223	655.01	805.67	3.6567	1.9005	3.3591	558.50	0.12390	1.9667e-05	0.064073	supercritical
325.69	231.00	152.55	0.0065552	657.60	809.03	3.6670	1.9023	3.3522	558.53	0.12383	1.9634e-05	0.064025	supercritical
326.69	231.00	151.79	0.0065880	660.19	812.37	3.6773	1.9041	3.3455	558.59	0.12375	1.9601e-05	0.063979	supercritical
327.69	231.00	151.04	0.0066208	662.78	815.72	3.6875	1.9059	3.3389	558.65	0.12366	1.9570e-05	0.063937	supercritical
328.69	231.00	150.29	0.0066536	665.35	819.05	3.6977	1.9077	3.3325	558.73	0.12355	1.9539e-05	0.063897	supercritical
329.69	231.00	149.56	0.0066864	667.93	822.38	3.7078	1.9096	3.3261	558.82	0.12343	1.9509e-05	0.063861	supercritical
330.69	231.00	148.83	0.0067191	670.49	825.70	3.7178	1.9115	3.3198	558.92	0.12329	1.9481e-05	0.063827	supercritical
331.69	231.00	148.11	0.0067518	673.06	829.02	3.7279	1.9134	3.3137	559.03	0.12314	1.9453e-05	0.063796	supercritical
332.69	231.00	147.40	0.0067844	675.61	832.33	3.7378	1.9153	3.3076	559.15	0.12299	1.9426e-05	0.063767	supercritical
333.69	231.00	146.69	0.0068170	678.16	835.64	3.7477	1.9172	3.3017	559.28	0.12282	1.9400e-05	0.063741	supercritical
334.69	231.00	145.99	0.0068496	680.71	838.94	3.7576	1.9192	3.2959	559.43	0.12263	1.9374e-05	0.063718	supercritical
335.69	231.00	145.30	0.0068821	683.25	842.23	3.7674	1.9212	3.2901	559.58	0.12244	1.9350e-05	0.063697	supercritical
336.69	231.00	144.62	0.0069146	685.79	845.52	3.7772	1.9232	3.2845	559.75	0.12224	1.9326e-05	0.063679	supercritical
337.69	231.00	143.95	0.0069470	688.32	848.80	3.7869	1.9252	3.2790	559.92	0.12203	1.9303e-05	0.063663	supercritical
338.69	231.00	143.28	0.0069794	690.85	852.07	3.7966	1.9273	3.2736	560.10	0.12180	1.9281e-05	0.063650	supercritical
339.69	231.00	142.62	0.0070118	693.37	855.34	3.8063	1.9294	3.2683	560.29	0.12157	1.9259e-05	0.063639	supercritical
340.69	231.00	141.96	0.0070441	695.89	858.61	3.8159	1.9314	3.2632	560.49	0.12133	1.9239e-05	0.063631	supercritical
341.69	231.00	141.32	0.0070764	698.41	861.87	3.8254	1.9336	3.2581	560.70	0.12108	1.9219e-05	0.063625	supercritical
342.69	231.00	140.67	0.0071086	700.92	865.13	3.8349	1.9357	3.2531	560.92	0.12081	1.9199e-05	0.063621	supercritical
343.69	231.00	140.04	0.0071408	703.43	868.38	3.8444	1.9379	3.2482	561.14	0.12055	1.9181e-05	0.063620	supercritical
344.69	231.00	139.41	0.0071729	705.93	871.62	3.8538	1.9400	3.2434	561.38	0.12027	1.9163e-05	0.063621	supercritical
345.69	231.00	138.79	0.0072050	708.43	874.86	3.8632	1.9422	3.2388	561.62	0.11998	1.9146e-05	0.063624	supercritical
346.69	231.00	138.18	0.0072371	710.92	878.10	3.8726	1.9445	3.2342	561.86	0.11969	1.9129e-05	0.063629	supercritical
347.69	231.00	137.57	0.0072691	713.42	881.33	3.8819	1.9467	3.2297	562.12	0.11939	1.9113e-05	0.063637	supercritical
348.69	231.00	136.97	0.0073011	715.90	884.56	3.8912	1.9490	3.2254	562.38	0.11908	1.9097e-05	0.063647	supercritical
349.69	231.00	136.37	0.0073330	718.39	887.78	3.9004	1.9512	3.2211	562.65	0.11877	1.9083e-05	0.063658	supercritical
350.69	231.00	135.78	0.0073649	720.87	891.00	3.9096	1.9535	3.2169	562.92	0.11845	1.9068e-05	0.063672	supercritical
351.69	231.00	135.19	0.0073968	723.35	894.22	3.9187	1.9559	3.2128	563.20	0.11812	1.9055e-05	0.063688	supercritical
352.69	231.00	134.62	0.0074286	725.83	897.43	3.9279	1.9582	3.2088	563.48	0.11778	1.9042e-05	0.063707	supercritical
353.69	231.00	134.04	0.0074603	728.30	900.63	3.9369	1.9605	3.2049	563.78	0.11744	1.9029e-05	0.063727	supercritical
354.69	231.00	133.48	0.0074920	730.77	903.84	3.9460	1.9629	3.2011	564.07	0.11710	1.9017e-05	0.063749	supercritical
355.69	231.00	132.91	0.0075237	733.24	907.04	3.9550	1.9653	3.1974	564.38	0.11675	1.9006e-05	0.063773	supercritical
356.69	231.00	132.36	0.0075553	735.70	910.23	3.9640	1.9677	3.1938	564.69	0.11639	1.8995e-05	0.063799	supercritical
357.69	231.00	131.81	0.0075869	738.17	913.42	3.9729	1.9701	3.1902	565.00	0.11603	1.8985e-05	0.063827	supercritical
358.69	231.00	131.26	0.0076184	740.63	916.61	3.9818	1.9726	3.1868	565.32	0.11566	1.8975e-05	0.063857	supercritical
359.69	231.00	130.72	0.0076499	743.09	919.80	3.9907	1.9751	3.1834	565.64	0.11528	1.8965e-05	0.063888	supercritical
360.69	231.00	130.19	0.0076814	745.54	922.98	3.9995	1.9775	3.1802	565.97	0.11491	1.8957e-05	0.063922	supercritical
361.69	231.00	129.65	0.0077128	747.99	926.16	4.0083	1.9800	3.1770	566.30	0.11453	1.8948e-05	0.063957	supercritical
362.69	231.00	129.13	0.0077441	750.44	929.33	4.0171	1.9825	3.1739	566.64	0.11414	1.8940e-05	0.063994	supercritical
363.69	231.00	128.61	0.0077755	752.89	932.51	4.0258	1.9851	3.1709	566.98	0.11375	1.8933e-05	0.064033	supercritical
364.69	231.00	128.09	0.0078067	755.34	935.68	4.0345	1.9876	3.1679	567.33	0.11335	1.8926e-05	0.064074	supercritical
365.69	231.00	127.58	0.0078380	757.79	938.84	4.0432	1.9902	3.1651	567.68	0.11296	1.8919e-05	0.064116	supercritical
366.69	231.00	127.08	0.0078692	760.23	942.01	4.0518	1.9928	3.1623	568.03	0.11255	1.8913e-05	0.064160	supercritical
367.69	231.00	126.58	0.0079003	762.67	945.17	4.0604	1.9954	3.1596	568.39	0.11215	1.8907e-05	0.064206	supercritical
368.69	231.00	126.08	0.0079314	765.11	948.33	4.0690	1.9980	3.1570	568.75	0.11174	1.8902e-05	0.064253	supercritical
369.69	231.00	125.59	0.0079625	767.55	951.48	4.0775	2.0006	3.1544	569.11	0.11133	1.8897e-05	0.064302	supercritical
370.69	231.00	125.10	0.0079935	769.98	954.63	4.0861	2.0032	3.1520	569.48	0.11091	1.8892e-05	0.064352	supercritical
371.69	231.00	124.62	0.0080244	772.42	957.78	4.0945	2.0059	3.1496	569.85	0.11049	1.8888e-05	0.064405	supercritical
372.69	231.00	124.14	0.0080554	774.85	960.93	4.1030	2.0086	3.1473	570.23	0.11007	1.8884e-05	0.064458	supercritical
373.69	231.00	123.67	0.0080863	777.29	964.08	4.1114	2.0113	3.1450	570.61	0.10965	1.8881e-05	0.064514	supercritical
374.69	231.00	123.20	0.0081171	779.72	967.22	4.1198	2.0140	3.1429	570.99	0.10922	1.8878e-05	0.064571	supercritical
375.69	231.00	122.73	0.0081479	782.15	970.37	4.1282	2.0167	3.1408	571.37	0.10880	1.8875e-05	0.064629	supercritical
376.69	231.00	122.27	0.0081787	784.58	973.50	4.1366	2.0194	3.1387	571.76	0.10836	1.8873e-05	0.064689	supercritical
377.69	231.00	121.81	0.0082094	787.01	976.64	4.1449	2.0222	3.1368	572.15	0.10793	1.8871e-05	0.064750	supercritical
378.69	231.00	121.36	0.0082401	789.43	979.78	4.1532	2.0249	3.1349	572.54	0.10750	1.8869e-05	0.064813	supercritical
379.69	231.00	120.91	0.0082707	791.86	982.91	4.1614	2.0277	3.1331	572.94	0.10706	1.8868e-05	0.064877	supercritical
380.69	231.00	120.46	0.0083013	794.28	986.04	4.1697	2.0305	3.1313	573.34	0.10662	1.8867e-05	0.064943	supercritical
381.69	231.00	120.02	0.0083319	796.71	989.18	4.1779	2.0333	3.1296	573.74	0.10618	1.8867e-05	0.065010	supercritical
382.69	231.00	119.58	0.0083624	799.13	992.30	4.1861	2.0361	3.1280	574.14	0.10574	1.8866e-05	0.065078	supercritical
383.69	231.00	119.15	0.0083929	801.56	995.43	4.1942	2.0389	3.1264	574.54	0.10529	1.8866e-05	0.065148	supercritical
384.69	231.00	118.72	0.0084233	803.98	998.56	4.2024	2.0418	3.1249	574.95	0.10485	1.8867e-05	0.065219	supercritical
385.69	231.00	118.29	0.0084537	806.40	1001.7	4.2105	2.0446	3.1235	575.36	0.10440	1.8867e-05	0.065292	supercritical
386.69	231.00	117.87	0.0084840	808.82	1004.8	4.2186	2.0475	3.1221	575.77	0.10395	1.8868e-05	0.065365	supercritical
387.69	231.00	117.45	0.0085143	811.24	1007.9	4.2266	2.0503	3.1208	576.19	0.10351	1.8869e-05	0.065440	supercritical
388.69	231.00	117.03	0.0085446	813.66	1011.0	4.2347	2.0532	3.1196	576.60	0.10306	1.8871e-05	0.065517	supercritical
389.69	231.00	116.62	0.0085749	816.09	1014.2	4.2427	2.0561	3.1184	577.02	0.10261	1.8873e-05	0.065594	supercritical
390.69	231.00	116.21	0.0086050	818.51	1017.3	4.2507	2.0591	3.1172	577.44	0.10215	1.8875e-05	0.065673	supercritical
391.69	231.00	115.81	0.0086352	820.93	1020.4	4.2586	2.0620	3.1161	577.86	0.10170	1.8877e-05	0.065754	supercritical
392.69	231.00	115.40	0.0086653	823.35	1023.5	4.2666	2.0649	3.1151	578.29	0.10125	1.8880e-05	0.065835	supercritical
393.69	231.00	115.00	0.0086954	825.77	1026.6	4.2745	2.0679	3.1142	578.71	0.10079	1.8882e-05	0.065918	supercritical
394.69	231.00	114.61	0.0087254	828.19	1029.7	4.2824	2.0708	3.1132	579.14	0.10034	1.8885e-05	0.066001	supercritical
395.69	231.00	114.21	0.0087554	830.60	1032.9	4.2903	2.0738	3.1124	579.57	0.099884	1.8889e-05	0.066086	supercritical
396.69	231.00	113.83	0.0087854	833.02	1036.0	4.2981	2.0768	3.1116	580.00	0.099428	1.8892e-05	0.066172	supercritical
397.69	231.00	113.44	0.0088153	835.44	1039.1	4.3060	2.0798	3.1108	580.43	0.098972	1.8896e-05	0.066260	supercritical
398.69	231.00	113.06	0.0088452	837.86	1042.2	4.3138	2.0828	3.1101	580.86	0.098516	1.8900e-05	0.066348	supercritical
399.69	231.00	112.68	0.0088751	840.28	1045.3	4.3216	2.0858	3.1095	581.30	0.098060	1.8905e-05	0.066438	supercritical
400.69	231.00	112.30	0.0089049	842.71	1048.4	4.3293	2.0888	3.1089	581.73	0.097603	1.8909e-05	0.066529	supercritical
401.69	231.00	111.92	0.0089347	845.13	1051.5	4.3371	2.0919	3.1083	582.17	0.097147	1.8914e-05	0.066620	supercritical
402.69	231.00	111.55	0.0089644	847.55	1054.6	4.3448	2.0949	3.1078	582.61	0.096690	1.8919e-05	0.066713	supercritical
403.69	231.00	111.18	0.0089941	849.97	1057.7	4.3525	2.0980	3.1074	583.05	0.096233	1.8924e-05	0.066807	supercritical
404.69	231.00	110.82	0.0090238	852.39	1060.8	4.3602	2.1010	3.1070	583.49	0.095777	1.8929e-05	0.066902	supercritical
405.69	231.00	110.46	0.0090534	854.81	1063.9	4.3679	2.1041	3.1066	583.93	0.095320	1.8935e-05	0.066998	supercritical
406.69	231.00	110.10	0.0090830	857.24	1067.1	4.3755	2.1072	3.1063	584.38	0.094864	1.8941e-05	0.067096	supercritical
407.69	231.00	109.74	0.0091126	859.66	1070.2	4.3831	2.1103	3.1061	584.82	0.094408	1.8947e-05	0.067194	supercritical
408.69	231.00	109.38	0.0091421	862.08	1073.3	4.3908	2.1134	3.1058	585.27	0.093952	1.8953e-05	0.067293	supercritical
409.69	231.00	109.03	0.0091716	864.51	1076.4	4.3983	2.1165	3.1057	585.71	0.093496	1.8960e-05	0.067393	supercritical
410.69	231.00	108.68	0.0092010	866.93	1079.5	4.4059	2.1196	3.1055	586.16	0.093041	1.8966e-05	0.067494	supercritical
411.69	231.00	108.34	0.0092305	869.36	1082.6	4.4135	2.1228	3.1055	586.61	0.092586	1.8973e-05	0.067597	supercritical
412.69	231.00	107.99	0.0092599	871.78	1085.7	4.4210	2.1259	3.1054	587.06	0.092132	1.8980e-05	0.067700	supercritical
413.69	231.00	107.65	0.0092892	874.21	1088.8	4.4285	2.1290	3.1054	587.51	0.091678	1.8987e-05	0.067804	supercritical
414.69	231.00	107.31	0.0093185	876.64	1091.9	4.4360	2.1322	3.1055	587.96	0.091225	1.8995e-05	0.067909	supercritical
415.69	231.00	106.98	0.0093478	879.07	1095.0	4.4435	2.1354	3.1055	588.41	0.090772	1.9002e-05	0.068015	supercritical
416.69	231.00	106.64	0.0093771	881.50	1098.1	4.4510	2.1385	3.1057	588.86	0.090320	1.9010e-05	0.068122	supercritical
417.69	231.00	106.31	0.0094063	883.93	1101.2	4.4584	2.1417	3.1058	589.32	0.089868	1.9018e-05	0.068230	supercritical
418.69	231.00	105.98	0.0094355	886.36	1104.3	4.4658	2.1449	3.1060	589.77	0.089418	1.9026e-05	0.068339	supercritical
419.69	231.00	105.66	0.0094646	888.79	1107.4	4.4732	2.1481	3.1063	590.23	0.088968	1.9034e-05	0.068449	supercritical
420.69	231.00	105.33	0.0094937	891.23	1110.5	4.4806	2.1513	3.1066	590.68	0.088518	1.9042e-05	0.068559	supercritical
421.69	231.00	105.01	0.0095228	893.66	1113.6	4.4880	2.1545	3.1069	591.14	0.088070	1.9051e-05	0.068671	supercritical
422.69	231.00	104.69	0.0095519	896.10	1116.7	4.4954	2.1578	3.1072	591.60	0.087622	1.9060e-05	0.068783	supercritical
423.69	231.00	104.37	0.0095809	898.54	1119.9	4.5027	2.1610	3.1076	592.05	0.087175	1.9068e-05	0.068897	supercritical
424.69	231.00	104.06	0.0096099	900.97	1123.0	4.5100	2.1642	3.1081	592.51	0.086729	1.9078e-05	0.069011	supercritical
425.69	231.00	103.75	0.0096389	903.41	1126.1	4.5173	2.1675	3.1085	592.97	0.086284	1.9087e-05	0.069126	supercritical
426.69	231.00	103.44	0.0096678	905.85	1129.2	4.5246	2.1707	3.1090	593.43	0.085840	1.9096e-05	0.069242	supercritical
427.69	231.00	103.13	0.0096967	908.30	1132.3	4.5319	2.1740	3.1096	593.89	0.085397	1.9105e-05	0.069358	supercritical
428.69	231.00	102.82	0.0097255	910.74	1135.4	4.5392	2.1773	3.1101	594.35	0.084955	1.9115e-05	0.069476	supercritical
429.69	231.00	102.52	0.0097544	913.18	1138.5	4.5464	2.1805	3.1107	594.81	0.084514	1.9125e-05	0.069594	supercritical
430.69	231.00	102.22	0.0097832	915.63	1141.6	4.5537	2.1838	3.1114	595.27	0.084074	1.9135e-05	0.069713	supercritical
431.69	231.00	101.92	0.0098120	918.08	1144.7	4.5609	2.1871	3.1120	595.73	0.083635	1.9145e-05	0.069833	supercritical
432.69	231.00	101.62	0.0098407	920.52	1147.8	4.5681	2.1904	3.1127	596.20	0.083197	1.9155e-05	0.069954	supercritical
433.69	231.00	101.32	0.0098694	922.97	1151.0	4.5753	2.1937	3.1135	596.66	0.082760	1.9165e-05	0.070075	supercritical
434.69	231.00	101.03	0.0098981	925.43	1154.1	4.5824	2.1970	3.1142	597.12	0.082324	1.9176e-05	0.070198	supercritical
435.69	231.00	100.74	0.0099268	927.88	1157.2	4.5896	2.2003	3.1150	597.59	0.081890	1.9186e-05	0.070321	supercritical
436.69	231.00	100.45	0.0099554	930.33	1160.3	4.5967	2.2036	3.1159	598.05	0.081456	1.9197e-05	0.070445	supercritical
437.69	231.00	100.16	0.0099840	932.79	1163.4	4.6039	2.2070	3.1167	598.51	0.081024	1.9208e-05	0.070569	supercritical
438.69	231.00	99.875	0.010013	935.25	1166.5	4.6110	2.2103	3.1176	598.98	0.080593	1.9219e-05	0.070695	supercritical
439.69	231.00	99.591	0.010041	937.70	1169.7	4.6181	2.2136	3.1185	599.44	0.080164	1.9230e-05	0.070821	supercritical
440.69	231.00	99.309	0.010070	940.16	1172.8	4.6252	2.2170	3.1195	599.91	0.079735	1.9241e-05	0.070947	supercritical
441.69	231.00	99.029	0.010098	942.63	1175.9	4.6322	2.2203	3.1204	600.37	0.079308	1.9252e-05	0.071075	supercritical
442.69	231.00	98.751	0.010127	945.09	1179.0	4.6393	2.2237	3.1214	600.84	0.078882	1.9263e-05	0.071203	supercritical
443.69	231.00	98.474	0.010155	947.56	1182.1	4.6463	2.2270	3.1225	601.30	0.078457	1.9275e-05	0.071332	supercritical
444.69	231.00	98.200	0.010183	950.02	1185.3	4.6534	2.2304	3.1235	601.77	0.078034	1.9287e-05	0.071462	supercritical
445.69	231.00	97.927	0.010212	952.49	1188.4	4.6604	2.2338	3.1246	602.24	0.077612	1.9298e-05	0.071592	supercritical
446.69	231.00	97.656	0.010240	954.96	1191.5	4.6674	2.2371	3.1257	602.70	0.077191	1.9310e-05	0.071723	supercritical
447.69	231.00	97.387	0.010268	957.43	1194.6	4.6744	2.2405	3.1269	603.17	0.076772	1.9322e-05	0.071855	supercritical
448.69	231.00	97.119	0.010297	959.91	1197.8	4.6814	2.2439	3.1280	603.64	0.076354	1.9334e-05	0.071987	supercritical
449.69	231.00	96.853	0.010325	962.38	1200.9	4.6883	2.2473	3.1292	604.10	0.075937	1.9346e-05	0.072121	supercritical
450.69	231.00	96.589	0.010353	964.86	1204.0	4.6953	2.2507	3.1305	604.57	0.075522	1.9358e-05	0.072254	supercritical
451.69	231.00	96.327	0.010381	967.34	1207.2	4.7022	2.2541	3.1317	605.04	0.075108	1.9371e-05	0.072389	supercritical
452.69	231.00	96.066	0.010409	969.82	1210.3	4.7091	2.2575	3.1330	605.50	0.074695	1.9383e-05	0.072524	supercritical
453.69	231.00	95.807	0.010438	972.31	1213.4	4.7161	2.2609	3.1343	605.97	0.074284	1.9396e-05	0.072660	supercritical
454.69	231.00	95.550	0.010466	974.79	1216.6	4.7230	2.2643	3.1356	606.44	0.073874	1.9408e-05	0.072796	supercritical
455.69	231.00	95.294	0.010494	977.28	1219.7	4.7298	2.2677	3.1369	606.91	0.073466	1.9421e-05	0.072933	supercritical
456.69	231.00	95.039	0.010522	979.77	1222.8	4.7367	2.2712	3.1383	607.37	0.073059	1.9434e-05	0.073071	supercritical
457.69	231.00	94.787	0.010550	982.26	1226.0	4.7436	2.2746	3.1397	607.84	0.072654	1.9447e-05	0.073209	supercritical
458.69	231.00	94.536	0.010578	984.75	1229.1	4.7504	2.2780	3.1411	608.31	0.072250	1.9460e-05	0.073348	supercritical
459.69	231.00	94.286	0.010606	987.25	1232.2	4.7573	2.2815	3.1425	608.78	0.071848	1.9473e-05	0.073487	supercritical
460.69	231.00	94.038	0.010634	989.74	1235.4	4.7641	2.2849	3.1440	609.25	0.071447	1.9486e-05	0.073628	supercritical
461.69	231.00	93.792	0.010662	992.24	1238.5	4.7709	2.2883	3.1454	609.71	0.071047	1.9500e-05	0.073768	supercritical
462.69	231.00	93.547	0.010690	994.74	1241.7	4.7777	2.2918	3.1469	610.18	0.070649	1.9513e-05	0.073910	supercritical
463.69	231.00	93.303	0.010718	997.25	1244.8	4.7845	2.2953	3.1485	610.65	0.070252	1.9526e-05	0.074052	supercritical
464.69	231.00	93.061	0.010746	999.75	1248.0	4.7913	2.2987	3.1500	611.12	0.069857	1.9540e-05	0.074194	supercritical
465.69	231.00	92.821	0.010773	1002.3	1251.1	4.7981	2.3022	3.1516	611.59	0.069464	1.9553e-05	0.074337	supercritical
466.69	231.00	92.582	0.010801	1004.8	1254.3	4.8049	2.3056	3.1531	612.06	0.069072	1.9567e-05	0.074481	supercritical
467.69	231.00	92.344	0.010829	1007.3	1257.4	4.8116	2.3091	3.1547	612.52	0.068681	1.9581e-05	0.074625	supercritical
468.69	231.00	92.108	0.010857	1009.8	1260.6	4.8183	2.3126	3.1564	612.99	0.068292	1.9595e-05	0.074770	supercritical
469.69	231.00	91.873	0.010885	1012.3	1263.7	4.8251	2.3160	3.1580	613.46	0.067904	1.9609e-05	0.074915	supercritical
470.69	231.00	91.639	0.010912	1014.8	1266.9	4.8318	2.3195	3.1597	613.93	0.067518	1.9623e-05	0.075061	supercritical
471.69	231.00	91.407	0.010940	1017.4	1270.1	4.8385	2.3230	3.1613	614.40	0.067134	1.9637e-05	0.075208	supercritical
472.69	231.00	91.177	0.010968	1019.9	1273.2	4.8452	2.3265	3.1630	614.86	0.066751	1.9651e-05	0.075355	supercritical
473.69	231.00	90.947	0.010995	1022.4	1276.4	4.8519	2.3300	3.1648	615.33	0.066369	1.9665e-05	0.075502	supercritical
474.69	231.00	90.719	0.011023	1024.9	1279.6	4.8586	2.3335	3.1665	615.80	0.065989	1.9679e-05	0.075651	supercritical
475.69	231.00	90.493	0.011051	1027.5	1282.7	4.8652	2.3370	3.1683	616.27	0.065611	1.9694e-05	0.075799	supercritical
476.69	231.00	90.267	0.011078	1030.0	1285.9	4.8719	2.3405	3.1700	616.74	0.065234	1.9708e-05	0.075948	supercritical
477.69	231.00	90.043	0.011106	1032.5	1289.1	4.8785	2.3440	3.1718	617.20	0.064858	1.9723e-05	0.076098	supercritical
478.69	231.00	89.820	0.011133	1035.1	1292.2	4.8852	2.3475	3.1736	617.67	0.064484	1.9737e-05	0.076248	supercritical
479.69	231.00	89.599	0.011161	1037.6	1295.4	4.8918	2.3510	3.1754	618.14	0.064112	1.9752e-05	0.076399	supercritical
480.69	231.00	89.379	0.011188	1040.1	1298.6	4.8984	2.3545	3.1773	618.60	0.063741	1.9766e-05	0.076550	supercritical
481.69	231.00	89.160	0.011216	1042.7	1301.8	4.9050	2.3580	3.1791	619.07	0.063371	1.9781e-05	0.076702	supercritical
482.69	231.00	88.942	0.011243	1045.2	1304.9	4.9116	2.3615	3.1810	619.54	0.063004	1.9796e-05	0.076855	supercritical
483.69	231.00	88.726	0.011271	1047.8	1308.1	4.9182	2.3650	3.1829	620.01	0.062637	1.9811e-05	0.077007	supercritical
484.69	231.00	88.510	0.011298	1050.3	1311.3	4.9248	2.3685	3.1848	620.47	0.062273	1.9826e-05	0.077161	supercritical
485.69	231.00	88.296	0.011326	1052.9	1314.5	4.9313	2.3721	3.1867	620.94	0.061909	1.9841e-05	0.077314	supercritical
486.69	231.00	88.083	0.011353	1055.4	1317.7	4.9379	2.3756	3.1887	621.41	0.061548	1.9856e-05	0.077469	supercritical
487.69	231.00	87.872	0.011380	1058.0	1320.9	4.9444	2.3791	3.1906	621.87	0.061187	1.9871e-05	0.077623	supercritical
488.69	231.00	87.661	0.011408	1060.6	1324.1	4.9510	2.3826	3.1926	622.34	0.060829	1.9886e-05	0.077779	supercritical
489.69	231.00	87.452	0.011435	1063.1	1327.3	4.9575	2.3862	3.1946	622.81	0.060472	1.9901e-05	0.077934	supercritical
490.69	231.00	87.244	0.011462	1065.7	1330.5	4.9640	2.3897	3.1966	623.27	0.060116	1.9917e-05	0.078091	supercritical
491.69	231.00	87.037	0.011489	1068.2	1333.7	4.9705	2.3932	3.1986	623.74	0.059762	1.9932e-05	0.078247	supercritical
492.69	231.00	86.831	0.011517	1070.8	1336.9	4.9770	2.3968	3.2006	624.20	0.059409	1.9947e-05	0.078404	supercritical
493.69	231.00	86.626	0.011544	1073.4	1340.1	4.9835	2.4003	3.2027	624.67	0.059058	1.9963e-05	0.078562	supercritical
494.69	231.00	86.422	0.011571	1076.0	1343.3	4.9900	2.4038	3.2048	625.13	0.058709	1.9978e-05	0.078720	supercritical
495.69	231.00	86.220	0.011598	1078.5	1346.5	4.9965	2.4074	3.2068	625.60	0.058361	1.9994e-05	0.078879	supercritical
496.69	231.00	86.018	0.011625	1081.1	1349.7	5.0029	2.4109	3.2089	626.06	0.058014	2.0010e-05	0.079038	supercritical
497.69	231.00	85.818	0.011653	1083.7	1352.9	5.0094	2.4145	3.2110	626.53	0.057669	2.0025e-05	0.079197	supercritical
498.69	231.00	85.619	0.011680	1086.3	1356.1	5.0158	2.4180	3.2131	626.99	0.057326	2.0041e-05	0.079357	supercritical
499.69	231.00	85.420	0.011707	1088.9	1359.3	5.0223	2.4216	3.2153	627.46	0.056984	2.0057e-05	0.079517	supercritical
500.69	231.00	85.223	0.011734	1091.5	1362.5	5.0287	2.4251	3.2174	627.92	0.056643	2.0072e-05	0.079678	supercritical
501.69	231.00	85.027	0.011761	1094.1	1365.7	5.0351	2.4287	3.2195	628.39	0.056304	2.0088e-05	0.079839	supercritical
502.69	231.00	84.832	0.011788	1096.7	1369.0	5.0415	2.4322	3.2217	628.85	0.055967	2.0104e-05	0.080001	supercritical
503.69	231.00	84.638	0.011815	1099.3	1372.2	5.0480	2.4358	3.2239	629.31	0.055631	2.0120e-05	0.080163	supercritical
504.69	231.00	84.445	0.011842	1101.9	1375.4	5.0544	2.4394	3.2261	629.78	0.055296	2.0136e-05	0.080325	supercritical
505.69	231.00	84.253	0.011869	1104.5	1378.6	5.0607	2.4429	3.2283	630.24	0.054963	2.0152e-05	0.080488	supercritical
506.69	231.00	84.062	0.011896	1107.1	1381.9	5.0671	2.4465	3.2305	630.70	0.054632	2.0168e-05	0.080651	supercritical
507.69	231.00	83.872	0.011923	1109.7	1385.1	5.0735	2.4500	3.2327	631.17	0.054302	2.0184e-05	0.080815	supercritical
508.69	231.00	83.683	0.011950	1112.3	1388.3	5.0799	2.4536	3.2350	631.63	0.053973	2.0200e-05	0.080979	supercritical
509.69	231.00	83.495	0.011977	1114.9	1391.6	5.0862	2.4572	3.2372	632.09	0.053646	2.0217e-05	0.081144	supercritical
510.69	231.00	83.308	0.012004	1117.5	1394.8	5.0926	2.4607	3.2395	632.55	0.053320	2.0233e-05	0.081309	supercritical
511.69	231.00	83.122	0.012031	1120.1	1398.1	5.0989	2.4643	3.2418	633.02	0.052996	2.0249e-05	0.081474	supercritical
512.69	231.00	82.936	0.012057	1122.8	1401.3	5.1052	2.4679	3.2440	633.48	0.052674	2.0266e-05	0.081640	supercritical
513.69	231.00	82.752	0.012084	1125.4	1404.5	5.1115	2.4714	3.2463	633.94	0.052352	2.0282e-05	0.081806	supercritical
514.69	231.00	82.569	0.012111	1128.0	1407.8	5.1179	2.4750	3.2486	634.40	0.052032	2.0298e-05	0.081972	supercritical
515.69	231.00	82.387	0.012138	1130.6	1411.0	5.1242	2.4786	3.2510	634.86	0.051714	2.0315e-05	0.082139	supercritical
516.69	231.00	82.205	0.012165	1133.3	1414.3	5.1305	2.4821	3.2533	635.32	0.051397	2.0331e-05	0.082307	supercritical
517.69	231.00	82.025	0.012191	1135.9	1417.5	5.1368	2.4857	3.2556	635.78	0.051082	2.0348e-05	0.082474	supercritical
518.69	231.00	81.845	0.012218	1138.6	1420.8	5.1431	2.4893	3.2580	636.24	0.050768	2.0364e-05	0.082642	supercritical
519.69	231.00	81.666	0.012245	1141.2	1424.1	5.1493	2.4929	3.2603	636.70	0.050455	2.0381e-05	0.082811	supercritical
520.69	231.00	81.488	0.012272	1143.8	1427.3	5.1556	2.4964	3.2627	637.16	0.050144	2.0398e-05	0.082980	supercritical
521.69	231.00	81.312	0.012298	1146.5	1430.6	5.1619	2.5000	3.2651	637.62	0.049834	2.0414e-05	0.083149	supercritical
522.69	231.00	81.136	0.012325	1149.1	1433.8	5.1681	2.5036	3.2675	638.08	0.049526	2.0431e-05	0.083319	supercritical
523.69	231.00	80.960	0.012352	1151.8	1437.1	5.1744	2.5072	3.2699	638.54	0.049219	2.0448e-05	0.083488	supercritical
524.69	231.00	80.786	0.012378	1154.4	1440.4	5.1806	2.5108	3.2723	639.00	0.048914	2.0464e-05	0.083659	supercritical
525.69	231.00	80.613	0.012405	1157.1	1443.7	5.1868	2.5143	3.2747	639.46	0.048609	2.0481e-05	0.083830	supercritical
526.69	231.00	80.440	0.012432	1159.8	1446.9	5.1931	2.5179	3.2771	639.92	0.048307	2.0498e-05	0.084001	supercritical
527.69	231.00	80.268	0.012458	1162.4	1450.2	5.1993	2.5215	3.2795	640.38	0.048006	2.0515e-05	0.084172	supercritical
528.69	231.00	80.097	0.012485	1165.1	1453.5	5.2055	2.5251	3.2820	640.83	0.047706	2.0532e-05	0.084344	supercritical
529.69	231.00	79.927	0.012511	1167.8	1456.8	5.2117	2.5287	3.2844	641.29	0.047407	2.0549e-05	0.084516	supercritical
530.69	231.00	79.758	0.012538	1170.4	1460.1	5.2179	2.5322	3.2869	641.75	0.047110	2.0566e-05	0.084688	supercritical
531.69	231.00	79.590	0.012564	1173.1	1463.4	5.2241	2.5358	3.2894	642.21	0.046814	2.0583e-05	0.084861	supercritical
532.69	231.00	79.422	0.012591	1175.8	1466.6	5.2303	2.5394	3.2919	642.66	0.046520	2.0600e-05	0.085034	supercritical
533.69	231.00	79.255	0.012617	1178.5	1469.9	5.2364	2.5430	3.2943	643.12	0.046227	2.0617e-05	0.085208	supercritical
534.69	231.00	79.089	0.012644	1181.2	1473.2	5.2426	2.5466	3.2968	643.58	0.045935	2.0634e-05	0.085382	supercritical
535.69	231.00	78.924	0.012670	1183.8	1476.5	5.2488	2.5502	3.2993	644.03	0.045645	2.0651e-05	0.085556	supercritical
536.69	231.00	78.759	0.012697	1186.5	1479.8	5.2549	2.5537	3.3019	644.49	0.045356	2.0668e-05	0.085731	supercritical
537.69	231.00	78.596	0.012723	1189.2	1483.1	5.2611	2.5573	3.3044	644.94	0.045068	2.0685e-05	0.085905	supercritical
538.69	231.00	78.433	0.012750	1191.9	1486.4	5.2672	2.5609	3.3069	645.40	0.044782	2.0703e-05	0.086081	supercritical
539.69	231.00	78.271	0.012776	1194.6	1489.7	5.2734	2.5645	3.3094	645.85	0.044497	2.0720e-05	0.086256	supercritical
540.69	231.00	78.109	0.012803	1197.3	1493.1	5.2795	2.5681	3.3120	646.31	0.044214	2.0737e-05	0.086432	supercritical
541.69	231.00	77.949	0.012829	1200.0	1496.4	5.2856	2.5717	3.3145	646.76	0.043931	2.0754e-05	0.086608	supercritical
542.69	231.00	77.789	0.012855	1202.7	1499.7	5.2917	2.5753	3.3171	647.22	0.043650	2.0772e-05	0.086785	supercritical
543.69	231.00	77.630	0.012882	1205.4	1503.0	5.2978	2.5788	3.3197	647.67	0.043371	2.0789e-05	0.086962	supercritical
544.69	231.00	77.471	0.012908	1208.2	1506.3	5.3039	2.5824	3.3222	648.12	0.043093	2.0806e-05	0.087139	supercritical
545.69	231.00	77.314	0.012934	1210.9	1509.7	5.3100	2.5860	3.3248	648.58	0.042816	2.0824e-05	0.087316	supercritical
546.69	231.00	77.157	0.012961	1213.6	1513.0	5.3161	2.5896	3.3274	649.03	0.042540	2.0841e-05	0.087494	supercritical
547.69	231.00	77.001	0.012987	1216.3	1516.3	5.3222	2.5932	3.3300	649.48	0.042265	2.0859e-05	0.087672	supercritical
548.69	231.00	76.845	0.013013	1219.0	1519.6	5.3283	2.5968	3.3326	649.94	0.041992	2.0876e-05	0.087851	supercritical
549.69	231.00	76.690	0.013039	1221.8	1523.0	5.3343	2.6004	3.3352	650.39	0.041720	2.0894e-05	0.088029	supercritical
550.69	231.00	76.536	0.013066	1224.5	1526.3	5.3404	2.6039	3.3378	650.84	0.041450	2.0911e-05	0.088208	supercritical
551.69	231.00	76.383	0.013092	1227.2	1529.6	5.3465	2.6075	3.3404	651.29	0.041181	2.0929e-05	0.088388	supercritical
552.69	231.00	76.230	0.013118	1230.0	1533.0	5.3525	2.6111	3.3431	651.74	0.040913	2.0946e-05	0.088567	supercritical
553.69	231.00	76.078	0.013144	1232.7	1536.3	5.3586	2.6147	3.3457	652.19	0.040646	2.0964e-05	0.088747	supercritical
554.69	231.00	75.927	0.013171	1235.4	1539.7	5.3646	2.6183	3.3484	652.64	0.040380	2.0981e-05	0.088928	supercritical
555.69	231.00	75.777	0.013197	1238.2	1543.0	5.3706	2.6219	3.3510	653.09	0.040116	2.0999e-05	0.089108	supercritical
556.69	231.00	75.627	0.013223	1240.9	1546.4	5.3767	2.6254	3.3537	653.54	0.039853	2.1017e-05	0.089289	supercritical
557.69	231.00	75.477	0.013249	1243.7	1549.7	5.3827	2.6290	3.3563	653.99	0.039591	2.1034e-05	0.089470	supercritical
558.69	231.00	75.329	0.013275	1246.4	1553.1	5.3887	2.6326	3.3590	654.44	0.039331	2.1052e-05	0.089652	supercritical
559.69	231.00	75.181	0.013301	1249.2	1556.5	5.3947	2.6362	3.3616	654.89	0.039071	2.1070e-05	0.089833	supercritical
560.69	231.00	75.034	0.013327	1252.0	1559.8	5.4007	2.6398	3.3643	655.34	0.038813	2.1087e-05	0.090015	supercritical
561.69	231.00	74.887	0.013353	1254.7	1563.2	5.4067	2.6434	3.3670	655.79	0.038556	2.1105e-05	0.090198	supercritical
562.69	231.00	74.741	0.013380	1257.5	1566.6	5.4127	2.6469	3.3697	656.24	0.038301	2.1123e-05	0.090380	supercritical
563.69	231.00	74.596	0.013406	1260.3	1569.9	5.4187	2.6505	3.3724	656.69	0.038046	2.1141e-05	0.090563	supercritical
564.69	231.00	74.451	0.013432	1263.0	1573.3	5.4247	2.6541	3.3751	657.14	0.037793	2.1158e-05	0.090746	supercritical
565.69	231.00	74.307	0.013458	1265.8	1576.7	5.4306	2.6577	3.3778	657.58	0.037541	2.1176e-05	0.090930	supercritical
566.69	231.00	74.164	0.013484	1268.6	1580.1	5.4366	2.6613	3.3805	658.03	0.037290	2.1194e-05	0.091113	supercritical
567.69	231.00	74.021	0.013510	1271.4	1583.4	5.4426	2.6648	3.3832	658.48	0.037040	2.1212e-05	0.091297	supercritical
568.69	231.00	73.879	0.013536	1274.1	1586.8	5.4485	2.6684	3.3859	658.92	0.036792	2.1230e-05	0.091482	supercritical
569.69	231.00	73.737	0.013562	1276.9	1590.2	5.4545	2.6720	3.3887	659.37	0.036545	2.1248e-05	0.091666	supercritical
570.69	231.00	73.596	0.013588	1279.7	1593.6	5.4604	2.6756	3.3914	659.82	0.036298	2.1266e-05	0.091851	supercritical
571.69	231.00	73.456	0.013614	1282.5	1597.0	5.4664	2.6791	3.3941	660.26	0.036053	2.1284e-05	0.092036	supercritical
572.69	231.00	73.316	0.013640	1285.3	1600.4	5.4723	2.6827	3.3969	660.71	0.035810	2.1301e-05	0.092221	supercritical
573.69	231.00	73.177	0.013666	1288.1	1603.8	5.4782	2.6863	3.3996	661.15	0.035567	2.1319e-05	0.092407	supercritical
574.69	231.00	73.038	0.013691	1290.9	1607.2	5.4842	2.6899	3.4024	661.60	0.035325	2.1337e-05	0.092593	supercritical
575.69	231.00	72.900	0.013717	1293.7	1610.6	5.4901	2.6934	3.4051	662.04	0.035085	2.1355e-05	0.092779	supercritical
576.69	231.00	72.763	0.013743	1296.5	1614.0	5.4960	2.6970	3.4079	662.49	0.034846	2.1373e-05	0.092965	supercritical
577.69	231.00	72.626	0.013769	1299.3	1617.4	5.5019	2.7006	3.4106	662.93	0.034608	2.1391e-05	0.093152	supercritical
578.69	231.00	72.490	0.013795	1302.2	1620.8	5.5078	2.7042	3.4134	663.37	0.034371	2.1409e-05	0.093339	supercritical
579.69	231.00	72.354	0.013821	1305.0	1624.2	5.5137	2.7077	3.4162	663.82	0.034135	2.1428e-05	0.093526	supercritical
580.69	231.00	72.219	0.013847	1307.8	1627.6	5.5196	2.7113	3.4190	664.26	0.033900	2.1446e-05	0.093713	supercritical
581.69	231.00	72.085	0.013873	1310.6	1631.1	5.5255	2.7149	3.4217	664.70	0.033666	2.1464e-05	0.093901	supercritical
582.69	231.00	71.951	0.013898	1313.4	1634.5	5.5313	2.7184	3.4245	665.15	0.033434	2.1482e-05	0.094089	supercritical
583.69	231.00	71.818	0.013924	1316.3	1637.9	5.5372	2.7220	3.4273	665.59	0.033202	2.1500e-05	0.094277	supercritical
584.69	231.00	71.685	0.013950	1319.1	1641.3	5.5431	2.7256	3.4301	666.03	0.032972	2.1518e-05	0.094465	supercritical
585.69	231.00	71.552	0.013976	1321.9	1644.8	5.5490	2.7291	3.4329	666.47	0.032743	2.1536e-05	0.094654	supercritical
586.69	231.00	71.421	0.014002	1324.8	1648.2	5.5548	2.7327	3.4357	666.91	0.032514	2.1554e-05	0.094843	supercritical
587.69	231.00	71.290	0.014027	1327.6	1651.7	5.5607	2.7362	3.4385	667.35	0.032287	2.1572e-05	0.095032	supercritical
588.69	231.00	71.159	0.014053	1330.5	1655.1	5.5665	2.7398	3.4413	667.79	0.032061	2.1591e-05	0.095222	supercritical
589.69	231.00	71.029	0.014079	1333.3	1658.5	5.5724	2.7434	3.4441	668.23	0.031836	2.1609e-05	0.095411	supercritical
590.69	231.00	70.899	0.014105	1336.2	1662.0	5.5782	2.7469	3.4470	668.67	0.031612	2.1627e-05	0.095601	supercritical
591.69	231.00	70.770	0.014130	1339.0	1665.4	5.5840	2.7505	3.4498	669.11	0.031390	2.1645e-05	0.095791	supercritical
592.69	231.00	70.642	0.014156	1341.9	1668.9	5.5899	2.7540	3.4526	669.55	0.031168	2.1663e-05	0.095981	supercritical
593.69	231.00	70.514	0.014182	1344.7	1672.3	5.5957	2.7576	3.4554	669.99	0.030947	2.1682e-05	0.096172	supercritical
594.69	231.00	70.386	0.014207	1347.6	1675.8	5.6015	2.7612	3.4583	670.43	0.030727	2.1700e-05	0.096363	supercritical
595.69	231.00	70.259	0.014233	1350.5	1679.2	5.6073	2.7647	3.4611	670.87	0.030509	2.1718e-05	0.096554	supercritical
596.69	231.00	70.133	0.014259	1353.3	1682.7	5.6131	2.7683	3.4639	671.31	0.030291	2.1737e-05	0.096745	supercritical
597.69	231.00	70.007	0.014284	1356.2	1686.2	5.6189	2.7718	3.4668	671.75	0.030074	2.1755e-05	0.096937	supercritical
598.69	231.00	69.881	0.014310	1359.1	1689.6	5.6247	2.7754	3.4696	672.18	0.029859	2.1773e-05	0.097128	supercritical
599.69	231.00	69.757	0.014336	1362.0	1693.1	5.6305	2.7789	3.4725	672.62	0.029644	2.1791e-05	0.097320	supercritical
600.69	231.00	69.632	0.014361	1364.8	1696.6	5.6363	2.7825	3.4753	673.06	0.029431	2.1810e-05	0.097513	supercritical
601.69	231.00	69.508	0.014387	1367.7	1700.1	5.6421	2.7860	3.4782	673.49	0.029218	2.1828e-05	0.097705	supercritical
602.69	231.00	69.385	0.014412	1370.6	1703.5	5.6479	2.7896	3.4810	673.93	0.029006	2.1846e-05	0.097898	supercritical
603.69	231.00	69.262	0.014438	1373.5	1707.0	5.6536	2.7931	3.4839	674.37	0.028796	2.1865e-05	0.098090	supercritical
604.69	231.00	69.139	0.014464	1376.4	1710.5	5.6594	2.7966	3.4868	674.80	0.028586	2.1883e-05	0.098283	supercritical
605.69	231.00	69.017	0.014489	1379.3	1714.0	5.6652	2.8002	3.4896	675.24	0.028378	2.1901e-05	0.098477	supercritical
606.69	231.00	68.896	0.014515	1382.2	1717.5	5.6709	2.8037	3.4925	675.67	0.028170	2.1920e-05	0.098670	supercritical
607.69	231.00	68.775	0.014540	1385.1	1721.0	5.6767	2.8073	3.4954	676.11	0.027963	2.1938e-05	0.098864	supercritical
608.69	231.00	68.654	0.014566	1388.0	1724.5	5.6824	2.8108	3.4982	676.54	0.027758	2.1957e-05	0.099058	supercritical
609.69	231.00	68.534	0.014591	1390.9	1728.0	5.6882	2.8143	3.5011	676.98	0.027553	2.1975e-05	0.099252	supercritical
610.69	231.00	68.415	0.014617	1393.8	1731.5	5.6939	2.8179	3.5040	677.41	0.027349	2.1993e-05	0.099446	supercritical
611.69	231.00	68.296	0.014642	1396.8	1735.0	5.6996	2.8214	3.5069	677.85	0.027147	2.2012e-05	0.099641	supercritical
612.69	231.00	68.177	0.014668	1399.7	1738.5	5.7054	2.8249	3.5098	678.28	0.026945	2.2030e-05	0.099836	supercritical
613.69	231.00	68.059	0.014693	1402.6	1742.0	5.7111	2.8285	3.5127	678.71	0.026744	2.2049e-05	0.10003	supercritical
614.69	231.00	67.941	0.014719	1405.5	1745.5	5.7168	2.8320	3.5155	679.14	0.026544	2.2067e-05	0.10023	supercritical
615.69	231.00	67.824	0.014744	1408.5	1749.0	5.7225	2.8355	3.5184	679.58	0.026345	2.2086e-05	0.10042	supercritical
616.69	231.00	67.707	0.014770	1411.4	1752.6	5.7283	2.8391	3.5213	680.01	0.026147	2.2104e-05	0.10062	supercritical
617.69	231.00	67.590	0.014795	1414.3	1756.1	5.7340	2.8426	3.5242	680.44	0.025950	2.2123e-05	0.10081	supercritical
618.69	231.00	67.474	0.014820	1417.3	1759.6	5.7397	2.8461	3.5271	680.87	0.025753	2.2141e-05	0.10101	supercritical
619.69	231.00	67.359	0.014846	1420.2	1763.1	5.7454	2.8496	3.5300	681.30	0.025558	2.2160e-05	0.10121	supercritical
620.69	231.00	67.244	0.014871	1423.1	1766.7	5.7511	2.8532	3.5329	681.74	0.025364	2.2178e-05	0.10140	supercritical
621.69	231.00	67.129	0.014897	1426.1	1770.2	5.7567	2.8567	3.5358	682.17	0.025170	2.2197e-05	0.10160	supercritical
622.69	231.00	67.015	0.014922	1429.0	1773.7	5.7624	2.8602	3.5387	682.60	0.024978	2.2215e-05	0.10179	supercritical
623.69	231.00	66.901	0.014947	1432.0	1777.3	5.7681	2.8637	3.5417	683.03	0.024786	2.2234e-05	0.10199	supercritical
624.69	231.00	66.788	0.014973	1435.0	1780.8	5.7738	2.8672	3.5446	683.46	0.024595	2.2252e-05	0.10219	supercritical