Temperature (K)	Pressure (bar)	Density (kg/m3)	Volume (m3/kg)	Internal Energy (kJ/kg)	Enthalpy (kJ/kg)	Entropy (J/g*K)	Cv (J/g*K)	Cp (J/g*K)	Sound Spd. (m/s)	Joule-Thomson (K/bar)	Viscosity (Pa*s)	Therm. Cond. (W/m*K)	Phase
90.694	788.00	489.28	0.0020438	-100.94	60.112	-1.0962	2.3090	3.1968	1930.2	-0.052875	0.00049022	0.26946	liquid
109.69	788.00	471.86	0.0021193	-46.452	120.55	-0.49111	2.2234	3.1695	1832.1	-0.052828	0.00023789	0.25327	liquid
110.69	788.00	470.96	0.0021233	-43.603	123.72	-0.46235	2.2195	3.1685	1826.8	-0.052809	0.00023134	0.25231	liquid
111.69	788.00	470.06	0.0021274	-40.756	126.88	-0.43386	2.2156	3.1675	1821.6	-0.052789	0.00022514	0.25134	liquid
112.69	788.00	469.16	0.0021315	-37.910	130.05	-0.40564	2.2118	3.1665	1816.4	-0.052769	0.00021928	0.25037	liquid
113.69	788.00	468.26	0.0021356	-35.067	133.22	-0.37767	2.2080	3.1655	1811.1	-0.052748	0.00021372	0.24939	liquid
114.69	788.00	467.36	0.0021397	-32.225	136.38	-0.34995	2.2042	3.1645	1805.9	-0.052726	0.00020845	0.24841	liquid
115.69	788.00	466.46	0.0021438	-29.385	139.55	-0.32248	2.2004	3.1635	1800.7	-0.052704	0.00020344	0.24743	liquid
116.69	788.00	465.57	0.0021479	-26.547	142.71	-0.29526	2.1966	3.1625	1795.5	-0.052681	0.00019868	0.24644	liquid
117.69	788.00	464.67	0.0021520	-23.711	145.87	-0.26828	2.1928	3.1614	1790.3	-0.052657	0.00019416	0.24544	liquid
118.69	788.00	463.78	0.0021562	-20.877	149.03	-0.24154	2.1891	3.1604	1785.1	-0.052633	0.00018984	0.24445	liquid
119.69	788.00	462.89	0.0021603	-18.044	152.19	-0.21503	2.1854	3.1594	1780.0	-0.052608	0.00018573	0.24345	liquid
120.69	788.00	462.00	0.0021645	-15.214	155.35	-0.18875	2.1817	3.1583	1774.8	-0.052583	0.00018181	0.24245	liquid
121.69	788.00	461.11	0.0021687	-12.386	158.51	-0.16269	2.1780	3.1573	1769.6	-0.052556	0.00017807	0.24144	liquid
122.69	788.00	460.22	0.0021729	-9.5592	161.66	-0.13686	2.1744	3.1562	1764.5	-0.052530	0.00017449	0.24044	liquid
123.69	788.00	459.33	0.0021771	-6.7347	164.82	-0.11124	2.1707	3.1551	1759.4	-0.052502	0.00017106	0.23943	liquid
124.69	788.00	458.44	0.0021813	-3.9123	167.97	-0.085840	2.1671	3.1540	1754.3	-0.052474	0.00016779	0.23842	liquid
125.69	788.00	457.55	0.0021855	-1.0918	171.13	-0.060651	2.1635	3.1529	1749.1	-0.052446	0.00016464	0.23741	liquid
126.69	788.00	456.67	0.0021898	1.7267	174.28	-0.035670	2.1599	3.1518	1744.1	-0.052417	0.00016163	0.23641	liquid
127.69	788.00	455.78	0.0021940	4.5430	177.43	-0.010894	2.1563	3.1507	1739.0	-0.052387	0.00015874	0.23540	liquid
128.69	788.00	454.90	0.0021983	7.3574	180.58	0.013679	2.1528	3.1496	1733.9	-0.052356	0.00015596	0.23439	liquid
129.69	788.00	454.02	0.0022026	10.170	183.73	0.038054	2.1493	3.1485	1728.8	-0.052325	0.00015330	0.23338	liquid
130.69	788.00	453.14	0.0022068	12.980	186.88	0.062233	2.1457	3.1474	1723.8	-0.052294	0.00015073	0.23237	liquid
131.69	788.00	452.26	0.0022111	15.788	190.03	0.086219	2.1422	3.1462	1718.8	-0.052261	0.00014826	0.23136	liquid
132.69	788.00	451.38	0.0022155	18.594	193.17	0.11001	2.1388	3.1451	1713.8	-0.052228	0.00014587	0.23035	liquid
133.69	788.00	450.50	0.0022198	21.398	196.32	0.13362	2.1353	3.1439	1708.8	-0.052194	0.00014358	0.22935	liquid
134.69	788.00	449.62	0.0022241	24.199	199.46	0.15705	2.1319	3.1428	1703.8	-0.052160	0.00014136	0.22834	liquid
135.69	788.00	448.74	0.0022285	26.999	202.60	0.18029	2.1285	3.1416	1698.8	-0.052125	0.00013922	0.22734	liquid
136.69	788.00	447.86	0.0022328	29.796	205.74	0.20335	2.1251	3.1404	1693.9	-0.052089	0.00013716	0.22634	liquid
137.69	788.00	446.99	0.0022372	32.592	208.88	0.22624	2.1217	3.1393	1688.9	-0.052053	0.00013516	0.22534	liquid
138.69	788.00	446.11	0.0022416	35.385	212.02	0.24895	2.1184	3.1381	1684.0	-0.052016	0.00013323	0.22434	liquid
139.69	788.00	445.24	0.0022460	38.175	215.16	0.27149	2.1151	3.1369	1679.1	-0.051978	0.00013136	0.22334	liquid
140.69	788.00	444.37	0.0022504	40.964	218.29	0.29386	2.1118	3.1358	1674.2	-0.051939	0.00012955	0.22235	liquid
141.69	788.00	443.50	0.0022548	43.751	221.43	0.31607	2.1085	3.1346	1669.4	-0.051900	0.00012779	0.22136	liquid
142.69	788.00	442.62	0.0022593	46.535	224.56	0.33811	2.1052	3.1334	1664.5	-0.051860	0.00012609	0.22037	liquid
143.69	788.00	441.75	0.0022637	49.317	227.70	0.35999	2.1020	3.1322	1659.7	-0.051819	0.00012444	0.21938	liquid
144.69	788.00	440.88	0.0022682	52.097	230.83	0.38170	2.0988	3.1311	1654.9	-0.051778	0.00012284	0.21840	liquid
145.69	788.00	440.02	0.0022726	54.874	233.96	0.40327	2.0956	3.1299	1650.1	-0.051735	0.00012128	0.21742	liquid
146.69	788.00	439.15	0.0022771	57.650	237.09	0.42467	2.0925	3.1287	1645.3	-0.051692	0.00011977	0.21644	liquid
147.69	788.00	438.28	0.0022816	60.423	240.22	0.44592	2.0893	3.1275	1640.5	-0.051648	0.00011830	0.21547	liquid
148.69	788.00	437.41	0.0022862	63.194	243.34	0.46702	2.0862	3.1263	1635.8	-0.051604	0.00011687	0.21450	liquid
149.69	788.00	436.55	0.0022907	65.962	246.47	0.48797	2.0831	3.1252	1631.0	-0.051558	0.00011548	0.21353	liquid
150.69	788.00	435.68	0.0022952	68.729	249.59	0.50878	2.0801	3.1240	1626.3	-0.051512	0.00011412	0.21257	liquid
151.69	788.00	434.82	0.0022998	71.493	252.72	0.52944	2.0770	3.1228	1621.6	-0.051465	0.00011280	0.21161	liquid
152.69	788.00	433.96	0.0023044	74.255	255.84	0.54995	2.0740	3.1217	1616.9	-0.051417	0.00011152	0.21065	liquid
153.69	788.00	433.10	0.0023090	77.014	258.96	0.57032	2.0711	3.1205	1612.3	-0.051368	0.00011027	0.20970	liquid
154.69	788.00	432.23	0.0023136	79.772	262.08	0.59056	2.0681	3.1194	1607.6	-0.051319	0.00010904	0.20875	liquid
155.69	788.00	431.37	0.0023182	82.527	265.20	0.61065	2.0652	3.1182	1603.0	-0.051268	0.00010785	0.20780	liquid
156.69	788.00	430.51	0.0023228	85.280	268.32	0.63061	2.0623	3.1171	1598.4	-0.051217	0.00010669	0.20686	liquid
157.69	788.00	429.66	0.0023274	88.031	271.43	0.65044	2.0594	3.1159	1593.8	-0.051165	0.00010555	0.20593	liquid
158.69	788.00	428.80	0.0023321	90.779	274.55	0.67013	2.0566	3.1148	1589.2	-0.051112	0.00010444	0.20499	liquid
159.69	788.00	427.94	0.0023368	93.525	277.66	0.68970	2.0537	3.1136	1584.7	-0.051058	0.00010335	0.20407	liquid
160.69	788.00	427.08	0.0023415	96.269	280.78	0.70913	2.0509	3.1125	1580.1	-0.051004	0.00010229	0.20314	liquid
161.69	788.00	426.23	0.0023462	99.011	283.89	0.72843	2.0482	3.1114	1575.6	-0.050948	0.00010126	0.20222	liquid
162.69	788.00	425.37	0.0023509	101.75	287.00	0.74761	2.0454	3.1103	1571.1	-0.050892	0.00010024	0.20131	liquid
163.69	788.00	424.52	0.0023556	104.49	290.11	0.76667	2.0427	3.1092	1566.6	-0.050834	9.9250e-05	0.20040	liquid
164.69	788.00	423.67	0.0023603	107.22	293.22	0.78560	2.0400	3.1081	1562.2	-0.050776	9.8279e-05	0.19949	liquid
165.69	788.00	422.82	0.0023651	109.95	296.32	0.80441	2.0374	3.1070	1557.7	-0.050717	9.7328e-05	0.19859	liquid
166.69	788.00	421.96	0.0023699	112.69	299.43	0.82311	2.0348	3.1059	1553.3	-0.050657	9.6397e-05	0.19769	liquid
167.69	788.00	421.11	0.0023747	115.41	302.54	0.84168	2.0322	3.1048	1548.9	-0.050597	9.5484e-05	0.19680	liquid
168.69	788.00	420.26	0.0023795	118.14	305.64	0.86014	2.0296	3.1037	1544.5	-0.050535	9.4590e-05	0.19591	liquid
169.69	788.00	419.42	0.0023843	120.86	308.74	0.87848	2.0271	3.1027	1540.1	-0.050472	9.3714e-05	0.19503	liquid
170.69	788.00	418.57	0.0023891	123.59	311.85	0.89670	2.0245	3.1016	1535.8	-0.050409	9.2855e-05	0.19415	liquid
171.69	788.00	417.72	0.0023939	126.30	314.95	0.91482	2.0221	3.1006	1531.4	-0.050345	9.2013e-05	0.19328	liquid
172.69	788.00	416.88	0.0023988	129.02	318.05	0.93282	2.0196	3.0995	1527.1	-0.050279	9.1186e-05	0.19241	liquid
173.69	788.00	416.03	0.0024037	131.74	321.15	0.95071	2.0172	3.0985	1522.8	-0.050213	9.0376e-05	0.19155	liquid
174.69	788.00	415.19	0.0024086	134.45	324.24	0.96850	2.0148	3.0975	1518.5	-0.050146	8.9580e-05	0.19069	liquid
175.69	788.00	414.34	0.0024135	137.16	327.34	0.98618	2.0124	3.0965	1514.3	-0.050078	8.8799e-05	0.18983	liquid
176.69	788.00	413.50	0.0024184	139.87	330.44	1.0037	2.0101	3.0955	1510.0	-0.050009	8.8033e-05	0.18899	liquid
177.69	788.00	412.66	0.0024233	142.57	333.53	1.0212	2.0078	3.0945	1505.8	-0.049940	8.7280e-05	0.18814	liquid
178.69	788.00	411.82	0.0024283	145.28	336.63	1.0386	2.0055	3.0935	1501.6	-0.049869	8.6541e-05	0.18730	liquid
179.69	788.00	410.98	0.0024332	147.98	339.72	1.0558	2.0032	3.0925	1497.4	-0.049797	8.5814e-05	0.18647	liquid
180.69	788.00	410.14	0.0024382	150.68	342.81	1.0730	2.0010	3.0916	1493.3	-0.049725	8.5101e-05	0.18564	liquid
181.69	788.00	409.30	0.0024432	153.38	345.90	1.0901	1.9988	3.0906	1489.1	-0.049652	8.4399e-05	0.18482	liquid
182.69	788.00	408.46	0.0024482	156.07	348.99	1.1070	1.9967	3.0897	1485.0	-0.049577	8.3710e-05	0.18400	liquid
183.69	788.00	407.63	0.0024532	158.77	352.08	1.1239	1.9945	3.0887	1480.9	-0.049502	8.3032e-05	0.18319	liquid
184.69	788.00	406.79	0.0024583	161.46	355.17	1.1406	1.9924	3.0878	1476.8	-0.049426	8.2366e-05	0.18238	liquid
185.69	788.00	405.96	0.0024633	164.15	358.26	1.1573	1.9904	3.0869	1472.7	-0.049349	8.1710e-05	0.18158	liquid
186.69	788.00	405.12	0.0024684	166.83	361.34	1.1739	1.9883	3.0860	1468.7	-0.049271	8.1066e-05	0.18078	liquid
187.69	788.00	404.29	0.0024735	169.52	364.43	1.1904	1.9863	3.0851	1464.6	-0.049193	8.0432e-05	0.17999	liquid
188.69	788.00	403.46	0.0024786	172.20	367.51	1.2068	1.9843	3.0842	1460.6	-0.049113	7.9808e-05	0.17920	liquid
189.69	788.00	402.63	0.0024837	174.88	370.60	1.2231	1.9824	3.0834	1456.6	-0.049033	7.9194e-05	0.17842	liquid
190.69	788.00	401.80	0.0024888	177.56	373.68	1.2393	1.9805	3.0825	1452.6	-0.048951	7.8590e-05	0.17764	supercritical
191.69	788.00	400.97	0.0024940	180.24	376.76	1.2554	1.9786	3.0817	1448.7	-0.048869	7.7995e-05	0.17687	supercritical
192.69	788.00	400.14	0.0024991	182.91	379.84	1.2714	1.9767	3.0808	1444.7	-0.048786	7.7409e-05	0.17610	supercritical
193.69	788.00	399.31	0.0025043	185.58	382.92	1.2874	1.9749	3.0800	1440.8	-0.048702	7.6833e-05	0.17534	supercritical
194.69	788.00	398.49	0.0025095	188.25	386.00	1.3032	1.9731	3.0792	1436.9	-0.048617	7.6265e-05	0.17458	supercritical
195.69	788.00	397.66	0.0025147	190.92	389.08	1.3190	1.9713	3.0784	1433.0	-0.048531	7.5706e-05	0.17383	supercritical
196.69	788.00	396.84	0.0025199	193.59	392.16	1.3347	1.9696	3.0776	1429.2	-0.048445	7.5155e-05	0.17308	supercritical
197.69	788.00	396.01	0.0025252	196.25	395.24	1.3503	1.9679	3.0769	1425.3	-0.048357	7.4613e-05	0.17234	supercritical
198.69	788.00	395.19	0.0025304	198.92	398.31	1.3658	1.9662	3.0761	1421.5	-0.048269	7.4078e-05	0.17161	supercritical
199.69	788.00	394.37	0.0025357	201.58	401.39	1.3813	1.9645	3.0754	1417.7	-0.048180	7.3552e-05	0.17088	supercritical
200.69	788.00	393.55	0.0025410	204.24	404.47	1.3966	1.9629	3.0746	1413.9	-0.048090	7.3033e-05	0.17015	supercritical
201.69	788.00	392.73	0.0025463	206.89	407.54	1.4119	1.9613	3.0739	1410.1	-0.047999	7.2521e-05	0.16943	supercritical
202.69	788.00	391.91	0.0025516	209.55	410.61	1.4271	1.9598	3.0732	1406.4	-0.047907	7.2017e-05	0.16872	supercritical
203.69	788.00	391.09	0.0025569	212.20	413.69	1.4422	1.9583	3.0725	1402.6	-0.047815	7.1520e-05	0.16801	supercritical
204.69	788.00	390.28	0.0025623	214.85	416.76	1.4573	1.9568	3.0718	1398.9	-0.047722	7.1031e-05	0.16730	supercritical
205.69	788.00	389.46	0.0025676	217.50	419.83	1.4722	1.9553	3.0711	1395.2	-0.047628	7.0548e-05	0.16660	supercritical
206.69	788.00	388.65	0.0025730	220.15	422.90	1.4871	1.9539	3.0705	1391.5	-0.047533	7.0071e-05	0.16591	supercritical
207.69	788.00	387.83	0.0025784	222.79	425.97	1.5020	1.9525	3.0698	1387.9	-0.047437	6.9602e-05	0.16522	supercritical
208.69	788.00	387.02	0.0025838	225.43	429.04	1.5167	1.9511	3.0692	1384.2	-0.047340	6.9139e-05	0.16453	supercritical
209.69	788.00	386.21	0.0025893	228.07	432.11	1.5314	1.9498	3.0686	1380.6	-0.047243	6.8682e-05	0.16385	supercritical
210.69	788.00	385.40	0.0025947	230.71	435.18	1.5460	1.9485	3.0680	1377.0	-0.047145	6.8232e-05	0.16318	supercritical
211.69	788.00	384.59	0.0026002	233.35	438.24	1.5605	1.9472	3.0674	1373.4	-0.047046	6.7787e-05	0.16251	supercritical
212.69	788.00	383.78	0.0026056	235.99	441.31	1.5749	1.9460	3.0668	1369.9	-0.046947	6.7349e-05	0.16185	supercritical
213.69	788.00	382.98	0.0026111	238.62	444.38	1.5893	1.9448	3.0662	1366.3	-0.046846	6.6916e-05	0.16119	supercritical
214.69	788.00	382.17	0.0026166	241.25	447.44	1.6036	1.9436	3.0657	1362.8	-0.046745	6.6489e-05	0.16054	supercritical
215.69	788.00	381.37	0.0026221	243.88	450.51	1.6179	1.9424	3.0651	1359.3	-0.046643	6.6068e-05	0.15989	supercritical
216.69	788.00	380.56	0.0026277	246.51	453.57	1.6321	1.9413	3.0646	1355.8	-0.046541	6.5653e-05	0.15925	supercritical
217.69	788.00	379.76	0.0026332	249.14	456.64	1.6462	1.9402	3.0641	1352.3	-0.046437	6.5242e-05	0.15861	supercritical
218.69	788.00	378.96	0.0026388	251.76	459.70	1.6602	1.9392	3.0636	1348.8	-0.046333	6.4838e-05	0.15798	supercritical
219.69	788.00	378.16	0.0026444	254.39	462.77	1.6742	1.9382	3.0631	1345.4	-0.046229	6.4438e-05	0.15735	supercritical
220.69	788.00	377.36	0.0026500	257.01	465.83	1.6881	1.9372	3.0626	1342.0	-0.046123	6.4044e-05	0.15672	supercritical
221.69	788.00	376.56	0.0026556	259.63	468.89	1.7019	1.9362	3.0621	1338.6	-0.046017	6.3654e-05	0.15611	supercritical
222.69	788.00	375.77	0.0026612	262.25	471.95	1.7157	1.9353	3.0617	1335.2	-0.045910	6.3270e-05	0.15549	supercritical
223.69	788.00	374.97	0.0026669	264.86	475.01	1.7294	1.9344	3.0613	1331.8	-0.045803	6.2890e-05	0.15489	supercritical
224.69	788.00	374.18	0.0026725	267.48	478.08	1.7431	1.9335	3.0608	1328.5	-0.045695	6.2515e-05	0.15428	supercritical
225.69	788.00	373.38	0.0026782	270.09	481.14	1.7567	1.9327	3.0604	1325.2	-0.045586	6.2145e-05	0.15369	supercritical
226.69	788.00	372.59	0.0026839	272.70	484.20	1.7702	1.9319	3.0600	1321.8	-0.045477	6.1780e-05	0.15309	supercritical
227.69	788.00	371.80	0.0026896	275.31	487.26	1.7837	1.9311	3.0597	1318.5	-0.045366	6.1419e-05	0.15250	supercritical
228.69	788.00	371.01	0.0026953	277.92	490.32	1.7971	1.9304	3.0593	1315.3	-0.045256	6.1063e-05	0.15192	supercritical
229.69	788.00	370.22	0.0027011	280.53	493.37	1.8104	1.9297	3.0589	1312.0	-0.045145	6.0711e-05	0.15134	supercritical
230.69	788.00	369.43	0.0027068	283.13	496.43	1.8237	1.9290	3.0586	1308.8	-0.045033	6.0363e-05	0.15077	supercritical
231.69	788.00	368.65	0.0027126	285.74	499.49	1.8370	1.9283	3.0583	1305.6	-0.044920	6.0020e-05	0.15020	supercritical
232.69	788.00	367.86	0.0027184	288.34	502.55	1.8501	1.9277	3.0580	1302.4	-0.044807	5.9681e-05	0.14964	supercritical
233.69	788.00	367.08	0.0027242	290.94	505.61	1.8632	1.9271	3.0577	1299.2	-0.044694	5.9345e-05	0.14908	supercritical
234.69	788.00	366.30	0.0027300	293.54	508.67	1.8763	1.9266	3.0574	1296.0	-0.044579	5.9014e-05	0.14853	supercritical
235.69	788.00	365.52	0.0027358	296.14	511.72	1.8893	1.9261	3.0571	1292.9	-0.044465	5.8687e-05	0.14798	supercritical
236.69	788.00	364.74	0.0027417	298.73	514.78	1.9022	1.9256	3.0569	1289.7	-0.044349	5.8364e-05	0.14743	supercritical
237.69	788.00	363.96	0.0027476	301.33	517.84	1.9151	1.9251	3.0566	1286.6	-0.044234	5.8045e-05	0.14689	supercritical
238.69	788.00	363.18	0.0027534	303.92	520.89	1.9280	1.9247	3.0564	1283.5	-0.044117	5.7729e-05	0.14636	supercritical
239.69	788.00	362.41	0.0027593	306.51	523.95	1.9407	1.9243	3.0562	1280.4	-0.044001	5.7418e-05	0.14583	supercritical
240.69	788.00	361.63	0.0027652	309.10	527.01	1.9535	1.9239	3.0560	1277.4	-0.043883	5.7110e-05	0.14530	supercritical
241.69	788.00	360.86	0.0027712	311.69	530.06	1.9661	1.9235	3.0558	1274.3	-0.043766	5.6805e-05	0.14478	supercritical
242.69	788.00	360.09	0.0027771	314.28	533.12	1.9787	1.9232	3.0556	1271.3	-0.043648	5.6504e-05	0.14427	supercritical
243.69	788.00	359.32	0.0027831	316.87	536.17	1.9913	1.9230	3.0554	1268.3	-0.043529	5.6207e-05	0.14375	supercritical
244.69	788.00	358.55	0.0027890	319.45	539.23	2.0038	1.9227	3.0553	1265.3	-0.043410	5.5913e-05	0.14325	supercritical
245.69	788.00	357.78	0.0027950	322.04	542.28	2.0163	1.9225	3.0552	1262.4	-0.043290	5.5623e-05	0.14275	supercritical
246.69	788.00	357.01	0.0028010	324.62	545.34	2.0287	1.9223	3.0550	1259.4	-0.043171	5.5335e-05	0.14225	supercritical
247.69	788.00	356.25	0.0028070	327.20	548.39	2.0410	1.9221	3.0549	1256.5	-0.043050	5.5052e-05	0.14176	supercritical
248.69	788.00	355.48	0.0028131	329.78	551.45	2.0534	1.9220	3.0548	1253.6	-0.042930	5.4771e-05	0.14127	supercritical
249.69	788.00	354.72	0.0028191	332.36	554.50	2.0656	1.9219	3.0548	1250.7	-0.042809	5.4494e-05	0.14078	supercritical
250.69	788.00	353.96	0.0028252	334.93	557.56	2.0778	1.9219	3.0547	1247.8	-0.042687	5.4220e-05	0.14030	supercritical
251.69	788.00	353.20	0.0028312	337.51	560.61	2.0900	1.9218	3.0546	1244.9	-0.042565	5.3949e-05	0.13983	supercritical
252.69	788.00	352.44	0.0028373	340.08	563.67	2.1021	1.9218	3.0546	1242.1	-0.042443	5.3681e-05	0.13936	supercritical
253.69	788.00	351.69	0.0028434	342.66	566.72	2.1142	1.9218	3.0546	1239.2	-0.042321	5.3416e-05	0.13889	supercritical
254.69	788.00	350.93	0.0028496	345.23	569.78	2.1262	1.9219	3.0546	1236.4	-0.042198	5.3154e-05	0.13843	supercritical
255.69	788.00	350.18	0.0028557	347.80	572.83	2.1381	1.9220	3.0546	1233.6	-0.042075	5.2895e-05	0.13798	supercritical
256.69	788.00	349.43	0.0028618	350.37	575.88	2.1501	1.9221	3.0546	1230.8	-0.041952	5.2639e-05	0.13752	supercritical
257.69	788.00	348.67	0.0028680	352.94	578.94	2.1619	1.9222	3.0546	1228.1	-0.041828	5.2385e-05	0.13707	supercritical
258.69	788.00	347.92	0.0028742	355.51	581.99	2.1738	1.9224	3.0546	1225.3	-0.041705	5.2135e-05	0.13663	supercritical
259.69	788.00	347.18	0.0028804	358.07	585.05	2.1856	1.9226	3.0547	1222.6	-0.041580	5.1887e-05	0.13619	supercritical
260.69	788.00	346.43	0.0028866	360.64	588.10	2.1973	1.9228	3.0548	1219.9	-0.041456	5.1643e-05	0.13576	supercritical
261.69	788.00	345.68	0.0028928	363.21	591.16	2.2090	1.9230	3.0548	1217.2	-0.041332	5.1400e-05	0.13533	supercritical
262.69	788.00	344.94	0.0028990	365.77	594.21	2.2206	1.9233	3.0549	1214.5	-0.041207	5.1161e-05	0.13490	supercritical
263.69	788.00	344.20	0.0029053	368.33	597.27	2.2323	1.9236	3.0551	1211.9	-0.041082	5.0924e-05	0.13448	supercritical
264.69	788.00	343.46	0.0029116	370.89	600.32	2.2438	1.9240	3.0552	1209.2	-0.040957	5.0690e-05	0.13406	supercritical
265.69	788.00	342.72	0.0029178	373.45	603.38	2.2553	1.9244	3.0553	1206.6	-0.040832	5.0458e-05	0.13364	supercritical
266.69	788.00	341.98	0.0029241	376.01	606.43	2.2668	1.9247	3.0555	1204.0	-0.040706	5.0229e-05	0.13323	supercritical
267.69	788.00	341.25	0.0029304	378.57	609.49	2.2783	1.9252	3.0556	1201.4	-0.040581	5.0002e-05	0.13283	supercritical
268.69	788.00	340.51	0.0029368	381.13	612.55	2.2896	1.9256	3.0558	1198.8	-0.040455	4.9778e-05	0.13243	supercritical
269.69	788.00	339.78	0.0029431	383.68	615.60	2.3010	1.9261	3.0560	1196.3	-0.040329	4.9556e-05	0.13203	supercritical
270.69	788.00	339.05	0.0029494	386.24	618.66	2.3123	1.9266	3.0562	1193.7	-0.040204	4.9337e-05	0.13164	supercritical
271.69	788.00	338.32	0.0029558	388.80	621.71	2.3236	1.9272	3.0564	1191.2	-0.040078	4.9120e-05	0.13125	supercritical
272.69	788.00	337.59	0.0029622	391.35	624.77	2.3348	1.9277	3.0566	1188.7	-0.039952	4.8905e-05	0.13086	supercritical
273.69	788.00	336.86	0.0029686	393.90	627.83	2.3460	1.9283	3.0569	1186.2	-0.039826	4.8693e-05	0.13048	supercritical
274.69	788.00	336.14	0.0029750	396.45	630.88	2.3571	1.9289	3.0571	1183.7	-0.039699	4.8483e-05	0.13010	supercritical
275.69	788.00	335.41	0.0029814	399.01	633.94	2.3683	1.9296	3.0574	1181.3	-0.039573	4.8275e-05	0.12973	supercritical
276.69	788.00	334.69	0.0029878	401.56	637.00	2.3793	1.9303	3.0577	1178.8	-0.039447	4.8070e-05	0.12936	supercritical
277.69	788.00	333.97	0.0029943	404.11	640.06	2.3904	1.9310	3.0579	1176.4	-0.039321	4.7866e-05	0.12900	supercritical
278.69	788.00	333.25	0.0030007	406.66	643.11	2.4013	1.9317	3.0583	1174.0	-0.039195	4.7665e-05	0.12864	supercritical
279.69	788.00	332.53	0.0030072	409.20	646.17	2.4123	1.9324	3.0586	1171.6	-0.039069	4.7466e-05	0.12828	supercritical
280.69	788.00	331.82	0.0030137	411.75	649.23	2.4232	1.9332	3.0589	1169.2	-0.038942	4.7269e-05	0.12793	supercritical
281.69	788.00	331.10	0.0030202	414.30	652.29	2.4341	1.9340	3.0592	1166.9	-0.038816	4.7074e-05	0.12758	supercritical
282.69	788.00	330.39	0.0030267	416.84	655.35	2.4449	1.9349	3.0596	1164.5	-0.038690	4.6882e-05	0.12723	supercritical
283.69	788.00	329.68	0.0030332	419.39	658.41	2.4557	1.9357	3.0600	1162.2	-0.038564	4.6691e-05	0.12689	supercritical
284.69	788.00	328.97	0.0030398	421.94	661.47	2.4665	1.9366	3.0603	1159.9	-0.038439	4.6502e-05	0.12655	supercritical
285.69	788.00	328.26	0.0030463	424.48	664.53	2.4772	1.9375	3.0607	1157.6	-0.038313	4.6315e-05	0.12622	supercritical
286.69	788.00	327.56	0.0030529	427.02	667.59	2.4879	1.9384	3.0611	1155.3	-0.038187	4.6130e-05	0.12588	supercritical
287.69	788.00	326.85	0.0030595	429.57	670.65	2.4986	1.9394	3.0616	1153.1	-0.038062	4.5948e-05	0.12556	supercritical
288.69	788.00	326.15	0.0030661	432.11	673.71	2.5092	1.9404	3.0620	1150.8	-0.037936	4.5767e-05	0.12523	supercritical
289.69	788.00	325.45	0.0030727	434.65	676.78	2.5198	1.9414	3.0624	1148.6	-0.037811	4.5588e-05	0.12492	supercritical
290.69	788.00	324.75	0.0030793	437.19	679.84	2.5304	1.9424	3.0629	1146.4	-0.037686	4.5410e-05	0.12460	supercritical
291.69	788.00	324.05	0.0030859	439.73	682.90	2.5409	1.9435	3.0634	1144.2	-0.037561	4.5235e-05	0.12429	supercritical
292.69	788.00	323.36	0.0030926	442.27	685.97	2.5514	1.9446	3.0638	1142.0	-0.037436	4.5062e-05	0.12398	supercritical
293.69	788.00	322.66	0.0030992	444.81	689.03	2.5618	1.9457	3.0643	1139.8	-0.037311	4.4890e-05	0.12367	supercritical
294.69	788.00	321.97	0.0031059	447.35	692.09	2.5722	1.9469	3.0648	1137.6	-0.037187	4.4720e-05	0.12337	supercritical
295.69	788.00	321.28	0.0031126	449.89	695.16	2.5826	1.9480	3.0654	1135.5	-0.037063	4.4552e-05	0.12307	supercritical
296.69	788.00	320.59	0.0031192	452.43	698.23	2.5930	1.9492	3.0659	1133.4	-0.036939	4.4385e-05	0.12278	supercritical
297.69	788.00	319.90	0.0031259	454.97	701.29	2.6033	1.9504	3.0664	1131.3	-0.036815	4.4221e-05	0.12249	supercritical
298.69	788.00	319.22	0.0031327	457.50	704.36	2.6136	1.9516	3.0670	1129.2	-0.036692	4.4058e-05	0.12220	supercritical
299.69	788.00	318.53	0.0031394	460.04	707.43	2.6238	1.9529	3.0675	1127.1	-0.036568	4.3896e-05	0.12192	supercritical
300.69	788.00	317.85	0.0031461	462.58	710.49	2.6340	1.9542	3.0681	1125.0	-0.036445	4.3737e-05	0.12164	supercritical
301.69	788.00	317.17	0.0031529	465.12	713.56	2.6442	1.9555	3.0687	1123.0	-0.036323	4.3579e-05	0.12136	supercritical
302.69	788.00	316.49	0.0031596	467.65	716.63	2.6544	1.9568	3.0693	1121.0	-0.036200	4.3422e-05	0.12109	supercritical
303.69	788.00	315.82	0.0031664	470.19	719.70	2.6645	1.9582	3.0699	1118.9	-0.036078	4.3268e-05	0.12082	supercritical
304.69	788.00	315.14	0.0031732	472.72	722.77	2.6746	1.9595	3.0705	1116.9	-0.035956	4.3114e-05	0.12055	supercritical
305.69	788.00	314.47	0.0031800	475.26	725.84	2.6847	1.9609	3.0712	1115.0	-0.035835	4.2963e-05	0.12028	supercritical
306.69	788.00	313.79	0.0031868	477.79	728.91	2.6947	1.9624	3.0718	1113.0	-0.035714	4.2813e-05	0.12002	supercritical
307.69	788.00	313.12	0.0031936	480.33	731.99	2.7047	1.9638	3.0725	1111.0	-0.035593	4.2664e-05	0.11977	supercritical
308.69	788.00	312.46	0.0032004	482.86	735.06	2.7147	1.9653	3.0732	1109.1	-0.035472	4.2517e-05	0.11951	supercritical
309.69	788.00	311.79	0.0032073	485.40	738.13	2.7246	1.9667	3.0739	1107.1	-0.035352	4.2372e-05	0.11926	supercritical
310.69	788.00	311.13	0.0032141	487.93	741.21	2.7345	1.9683	3.0745	1105.2	-0.035233	4.2228e-05	0.11901	supercritical
311.69	788.00	310.46	0.0032210	490.47	744.28	2.7444	1.9698	3.0753	1103.3	-0.035113	4.2085e-05	0.11877	supercritical
312.69	788.00	309.80	0.0032279	493.00	747.36	2.7543	1.9713	3.0760	1101.5	-0.034994	4.1944e-05	0.11853	supercritical
313.69	788.00	309.14	0.0032348	495.53	750.43	2.7641	1.9729	3.0767	1099.6	-0.034876	4.1804e-05	0.11829	supercritical
314.69	788.00	308.48	0.0032417	498.07	753.51	2.7739	1.9745	3.0774	1097.7	-0.034758	4.1666e-05	0.11806	supercritical
315.69	788.00	307.83	0.0032486	500.60	756.59	2.7836	1.9761	3.0782	1095.9	-0.034640	4.1529e-05	0.11783	supercritical
316.69	788.00	307.17	0.0032555	503.13	759.67	2.7934	1.9778	3.0790	1094.1	-0.034522	4.1394e-05	0.11760	supercritical
317.69	788.00	306.52	0.0032624	505.67	762.75	2.8031	1.9794	3.0797	1092.2	-0.034406	4.1260e-05	0.11737	supercritical
318.69	788.00	305.87	0.0032694	508.20	765.83	2.8128	1.9811	3.0805	1090.4	-0.034289	4.1127e-05	0.11715	supercritical
319.69	788.00	305.22	0.0032763	510.73	768.91	2.8224	1.9828	3.0813	1088.7	-0.034173	4.0995e-05	0.11693	supercritical
320.69	788.00	304.57	0.0032833	513.27	771.99	2.8320	1.9845	3.0821	1086.9	-0.034057	4.0865e-05	0.11671	supercritical
321.69	788.00	303.93	0.0032902	515.80	775.07	2.8416	1.9862	3.0830	1085.1	-0.033942	4.0737e-05	0.11650	supercritical
322.69	788.00	303.29	0.0032972	518.33	778.15	2.8512	1.9880	3.0838	1083.4	-0.033828	4.0609e-05	0.11629	supercritical
323.69	788.00	302.64	0.0033042	520.87	781.24	2.8607	1.9898	3.0846	1081.6	-0.033714	4.0483e-05	0.11608	supercritical
324.69	788.00	302.00	0.0033112	523.40	784.32	2.8703	1.9916	3.0855	1079.9	-0.033600	4.0358e-05	0.11588	supercritical
325.69	788.00	301.37	0.0033182	525.93	787.41	2.8797	1.9934	3.0864	1078.2	-0.033487	4.0234e-05	0.11567	supercritical
326.69	788.00	300.73	0.0033252	528.47	790.50	2.8892	1.9952	3.0873	1076.5	-0.033374	4.0112e-05	0.11548	supercritical
327.69	788.00	300.10	0.0033323	531.00	793.58	2.8986	1.9971	3.0881	1074.9	-0.033262	3.9991e-05	0.11528	supercritical
328.69	788.00	299.46	0.0033393	533.54	796.67	2.9081	1.9990	3.0890	1073.2	-0.033150	3.9871e-05	0.11509	supercritical
329.69	788.00	298.83	0.0033464	536.07	799.76	2.9174	2.0009	3.0900	1071.6	-0.033039	3.9752e-05	0.11490	supercritical
330.69	788.00	298.20	0.0033534	538.60	802.85	2.9268	2.0028	3.0909	1069.9	-0.032928	3.9635e-05	0.11471	supercritical
331.69	788.00	297.58	0.0033605	541.14	805.94	2.9361	2.0047	3.0918	1068.3	-0.032818	3.9518e-05	0.11452	supercritical
332.69	788.00	296.95	0.0033676	543.67	809.04	2.9454	2.0067	3.0928	1066.7	-0.032709	3.9403e-05	0.11434	supercritical
333.69	788.00	296.33	0.0033746	546.21	812.13	2.9547	2.0086	3.0937	1065.1	-0.032600	3.9289e-05	0.11416	supercritical
334.69	788.00	295.71	0.0033817	548.74	815.22	2.9640	2.0106	3.0947	1063.5	-0.032491	3.9176e-05	0.11399	supercritical
335.69	788.00	295.09	0.0033888	551.28	818.32	2.9732	2.0126	3.0957	1061.9	-0.032383	3.9064e-05	0.11381	supercritical
336.69	788.00	294.47	0.0033960	553.81	821.41	2.9824	2.0147	3.0966	1060.4	-0.032276	3.8954e-05	0.11364	supercritical
337.69	788.00	293.85	0.0034031	556.35	824.51	2.9916	2.0167	3.0976	1058.8	-0.032169	3.8844e-05	0.11347	supercritical
338.69	788.00	293.24	0.0034102	558.89	827.61	3.0008	2.0188	3.0987	1057.3	-0.032063	3.8736e-05	0.11331	supercritical
339.69	788.00	292.62	0.0034173	561.42	830.71	3.0099	2.0208	3.0997	1055.8	-0.031957	3.8628e-05	0.11314	supercritical
340.69	788.00	292.01	0.0034245	563.96	833.81	3.0190	2.0229	3.1007	1054.3	-0.031852	3.8522e-05	0.11298	supercritical
341.69	788.00	291.40	0.0034317	566.50	836.91	3.0281	2.0250	3.1018	1052.8	-0.031748	3.8417e-05	0.11283	supercritical
342.69	788.00	290.80	0.0034388	569.03	840.01	3.0372	2.0272	3.1028	1051.3	-0.031644	3.8313e-05	0.11267	supercritical
343.69	788.00	290.19	0.0034460	571.57	843.12	3.0462	2.0293	3.1039	1049.8	-0.031541	3.8209e-05	0.11252	supercritical
344.69	788.00	289.59	0.0034532	574.11	846.22	3.0552	2.0315	3.1049	1048.4	-0.031438	3.8107e-05	0.11237	supercritical
345.69	788.00	288.99	0.0034604	576.65	849.33	3.0642	2.0337	3.1060	1046.9	-0.031336	3.8006e-05	0.11222	supercritical
346.69	788.00	288.39	0.0034676	579.19	852.43	3.0732	2.0359	3.1071	1045.5	-0.031234	3.7906e-05	0.11207	supercritical
347.69	788.00	287.79	0.0034748	581.73	855.54	3.0822	2.0381	3.1082	1044.1	-0.031133	3.7807e-05	0.11193	supercritical
348.69	788.00	287.19	0.0034820	584.27	858.65	3.0911	2.0403	3.1094	1042.7	-0.031033	3.7709e-05	0.11179	supercritical
349.69	788.00	286.60	0.0034892	586.81	861.76	3.1000	2.0425	3.1105	1041.3	-0.030934	3.7612e-05	0.11165	supercritical
350.69	788.00	286.01	0.0034964	589.35	864.87	3.1089	2.0448	3.1116	1039.9	-0.030835	3.7516e-05	0.11152	supercritical
351.69	788.00	285.41	0.0035037	591.89	867.98	3.1177	2.0471	3.1128	1038.5	-0.030736	3.7421e-05	0.11139	supercritical
352.69	788.00	284.83	0.0035109	594.44	871.10	3.1266	2.0494	3.1139	1037.2	-0.030639	3.7326e-05	0.11125	supercritical
353.69	788.00	284.24	0.0035182	596.98	874.21	3.1354	2.0517	3.1151	1035.8	-0.030541	3.7233e-05	0.11113	supercritical
354.69	788.00	283.65	0.0035254	599.52	877.33	3.1442	2.0540	3.1163	1034.5	-0.030445	3.7141e-05	0.11100	supercritical
355.69	788.00	283.07	0.0035327	602.07	880.44	3.1530	2.0563	3.1175	1033.1	-0.030349	3.7049e-05	0.11088	supercritical
356.69	788.00	282.49	0.0035400	604.61	883.56	3.1617	2.0587	3.1187	1031.8	-0.030254	3.6959e-05	0.11076	supercritical
357.69	788.00	281.91	0.0035473	607.16	886.68	3.1705	2.0610	3.1199	1030.5	-0.030159	3.6869e-05	0.11064	supercritical
358.69	788.00	281.33	0.0035545	609.70	889.80	3.1792	2.0634	3.1211	1029.2	-0.030066	3.6780e-05	0.11052	supercritical
359.69	788.00	280.75	0.0035618	612.25	892.92	3.1879	2.0658	3.1223	1028.0	-0.029972	3.6693e-05	0.11041	supercritical
360.69	788.00	280.18	0.0035692	614.80	896.05	3.1965	2.0682	3.1236	1026.7	-0.029880	3.6606e-05	0.11029	supercritical
361.69	788.00	279.61	0.0035765	617.34	899.17	3.2052	2.0706	3.1248	1025.4	-0.029788	3.6520e-05	0.11018	supercritical
362.69	788.00	279.04	0.0035838	619.89	902.29	3.2138	2.0731	3.1261	1024.2	-0.029697	3.6434e-05	0.11008	supercritical
363.69	788.00	278.47	0.0035911	622.44	905.42	3.2224	2.0755	3.1273	1023.0	-0.029606	3.6350e-05	0.10997	supercritical
364.69	788.00	277.90	0.0035984	624.99	908.55	3.2310	2.0780	3.1286	1021.7	-0.029516	3.6266e-05	0.10987	supercritical
365.69	788.00	277.33	0.0036058	627.54	911.68	3.2396	2.0805	3.1299	1020.5	-0.029427	3.6184e-05	0.10977	supercritical
366.69	788.00	276.77	0.0036131	630.10	914.81	3.2481	2.0830	3.1312	1019.3	-0.029338	3.6102e-05	0.10967	supercritical
367.69	788.00	276.21	0.0036205	632.65	917.94	3.2567	2.0855	3.1325	1018.1	-0.029250	3.6021e-05	0.10957	supercritical
368.69	788.00	275.65	0.0036278	635.20	921.07	3.2652	2.0880	3.1338	1016.9	-0.029163	3.5941e-05	0.10947	supercritical
369.69	788.00	275.09	0.0036352	637.76	924.21	3.2737	2.0905	3.1352	1015.8	-0.029076	3.5861e-05	0.10938	supercritical
370.69	788.00	274.53	0.0036426	640.31	927.34	3.2821	2.0931	3.1365	1014.6	-0.028990	3.5782e-05	0.10929	supercritical
371.69	788.00	273.98	0.0036499	642.87	930.48	3.2906	2.0956	3.1379	1013.5	-0.028905	3.5705e-05	0.10920	supercritical
372.69	788.00	273.42	0.0036573	645.42	933.62	3.2990	2.0982	3.1392	1012.3	-0.028820	3.5627e-05	0.10912	supercritical
373.69	788.00	272.87	0.0036647	647.98	936.76	3.3074	2.1008	3.1406	1011.2	-0.028736	3.5551e-05	0.10903	supercritical
374.69	788.00	272.32	0.0036721	650.54	939.90	3.3158	2.1034	3.1420	1010.1	-0.028653	3.5476e-05	0.10895	supercritical
375.69	788.00	271.78	0.0036795	653.10	943.04	3.3242	2.1060	3.1433	1009.0	-0.028570	3.5401e-05	0.10887	supercritical
376.69	788.00	271.23	0.0036869	655.66	946.19	3.3326	2.1086	3.1447	1007.9	-0.028488	3.5327e-05	0.10879	supercritical
377.69	788.00	270.69	0.0036943	658.22	949.33	3.3409	2.1112	3.1462	1006.8	-0.028407	3.5254e-05	0.10871	supercritical
378.69	788.00	270.14	0.0037017	660.78	952.48	3.3492	2.1138	3.1476	1005.7	-0.028326	3.5181e-05	0.10864	supercritical
379.69	788.00	269.60	0.0037092	663.35	955.63	3.3575	2.1165	3.1490	1004.6	-0.028246	3.5109e-05	0.10857	supercritical
380.69	788.00	269.06	0.0037166	665.91	958.78	3.3658	2.1192	3.1504	1003.6	-0.028167	3.5038e-05	0.10850	supercritical
381.69	788.00	268.53	0.0037240	668.48	961.93	3.3741	2.1218	3.1519	1002.5	-0.028089	3.4968e-05	0.10843	supercritical
382.69	788.00	267.99	0.0037315	671.04	965.08	3.3823	2.1245	3.1533	1001.5	-0.028011	3.4898e-05	0.10836	supercritical
383.69	788.00	267.46	0.0037389	673.61	968.24	3.3905	2.1272	3.1548	1000.5	-0.027933	3.4829e-05	0.10830	supercritical
384.69	788.00	266.93	0.0037464	676.18	971.39	3.3988	2.1299	3.1563	999.46	-0.027857	3.4761e-05	0.10823	supercritical
385.69	788.00	266.40	0.0037538	678.75	974.55	3.4070	2.1327	3.1577	998.45	-0.027781	3.4693e-05	0.10817	supercritical
386.69	788.00	265.87	0.0037613	681.32	977.71	3.4151	2.1354	3.1592	997.45	-0.027706	3.4626e-05	0.10811	supercritical
387.69	788.00	265.34	0.0037687	683.89	980.87	3.4233	2.1381	3.1607	996.46	-0.027631	3.4560e-05	0.10805	supercritical
388.69	788.00	264.82	0.0037762	686.46	984.03	3.4314	2.1409	3.1622	995.48	-0.027557	3.4494e-05	0.10800	supercritical
389.69	788.00	264.29	0.0037837	689.04	987.19	3.4396	2.1437	3.1638	994.51	-0.027484	3.4429e-05	0.10794	supercritical
390.69	788.00	263.77	0.0037912	691.61	990.36	3.4477	2.1464	3.1653	993.55	-0.027411	3.4365e-05	0.10789	supercritical
391.69	788.00	263.25	0.0037987	694.19	993.52	3.4558	2.1492	3.1668	992.60	-0.027339	3.4301e-05	0.10784	supercritical
392.69	788.00	262.73	0.0038061	696.77	996.69	3.4638	2.1520	3.1684	991.66	-0.027268	3.4238e-05	0.10779	supercritical
393.69	788.00	262.22	0.0038136	699.34	999.86	3.4719	2.1548	3.1699	990.72	-0.027197	3.4176e-05	0.10775	supercritical
394.69	788.00	261.70	0.0038211	701.92	1003.0	3.4800	2.1576	3.1715	989.80	-0.027127	3.4114e-05	0.10770	supercritical
395.69	788.00	261.19	0.0038286	704.51	1006.2	3.4880	2.1605	3.1731	988.88	-0.027058	3.4053e-05	0.10766	supercritical
396.69	788.00	260.68	0.0038362	707.09	1009.4	3.4960	2.1633	3.1746	987.98	-0.026989	3.3993e-05	0.10762	supercritical
397.69	788.00	260.17	0.0038437	709.67	1012.6	3.5040	2.1661	3.1762	987.08	-0.026921	3.3933e-05	0.10758	supercritical
398.69	788.00	259.66	0.0038512	712.26	1015.7	3.5120	2.1690	3.1778	986.19	-0.026854	3.3874e-05	0.10754	supercritical
399.69	788.00	259.15	0.0038587	714.84	1018.9	3.5199	2.1718	3.1794	985.31	-0.026787	3.3815e-05	0.10750	supercritical
400.69	788.00	258.65	0.0038662	717.43	1022.1	3.5279	2.1747	3.1811	984.44	-0.026721	3.3757e-05	0.10747	supercritical
401.69	788.00	258.15	0.0038738	720.02	1025.3	3.5358	2.1776	3.1827	983.57	-0.026656	3.3700e-05	0.10743	supercritical
402.69	788.00	257.65	0.0038813	722.61	1028.5	3.5437	2.1805	3.1843	982.72	-0.026591	3.3643e-05	0.10740	supercritical
403.69	788.00	257.15	0.0038888	725.20	1031.6	3.5516	2.1834	3.1860	981.87	-0.026527	3.3587e-05	0.10737	supercritical
404.69	788.00	256.65	0.0038964	727.79	1034.8	3.5595	2.1863	3.1876	981.04	-0.026464	3.3531e-05	0.10734	supercritical
405.69	788.00	256.15	0.0039039	730.38	1038.0	3.5674	2.1892	3.1893	980.21	-0.026401	3.3476e-05	0.10731	supercritical
406.69	788.00	255.66	0.0039115	732.98	1041.2	3.5752	2.1921	3.1909	979.39	-0.026339	3.3421e-05	0.10729	supercritical
407.69	788.00	255.17	0.0039190	735.58	1044.4	3.5831	2.1951	3.1926	978.57	-0.026277	3.3367e-05	0.10727	supercritical
408.69	788.00	254.67	0.0039266	738.17	1047.6	3.5909	2.1980	3.1943	977.77	-0.026216	3.3314e-05	0.10724	supercritical
409.69	788.00	254.19	0.0039341	740.77	1050.8	3.5987	2.2010	3.1960	976.97	-0.026156	3.3261e-05	0.10722	supercritical
410.69	788.00	253.70	0.0039417	743.37	1054.0	3.6065	2.2039	3.1977	976.19	-0.026096	3.3208e-05	0.10720	supercritical
411.69	788.00	253.21	0.0039493	745.98	1057.2	3.6143	2.2069	3.1994	975.41	-0.026037	3.3157e-05	0.10719	supercritical
412.69	788.00	252.73	0.0039568	748.58	1060.4	3.6220	2.2099	3.2011	974.63	-0.025979	3.3105e-05	0.10717	supercritical
413.69	788.00	252.24	0.0039644	751.19	1063.6	3.6298	2.2129	3.2028	973.87	-0.025921	3.3055e-05	0.10716	supercritical
414.69	788.00	251.76	0.0039720	753.79	1066.8	3.6375	2.2158	3.2046	973.11	-0.025864	3.3004e-05	0.10714	supercritical
415.69	788.00	251.28	0.0039796	756.40	1070.0	3.6452	2.2188	3.2063	972.36	-0.025807	3.2955e-05	0.10713	supercritical
416.69	788.00	250.81	0.0039872	759.01	1073.2	3.6529	2.2218	3.2081	971.62	-0.025751	3.2905e-05	0.10712	supercritical
417.69	788.00	250.33	0.0039947	761.62	1076.4	3.6606	2.2249	3.2098	970.89	-0.025696	3.2857e-05	0.10711	supercritical
418.69	788.00	249.85	0.0040023	764.23	1079.6	3.6683	2.2279	3.2116	970.16	-0.025641	3.2808e-05	0.10710	supercritical
419.69	788.00	249.38	0.0040099	766.85	1082.8	3.6760	2.2309	3.2134	969.45	-0.025587	3.2761e-05	0.10710	supercritical
420.69	788.00	248.91	0.0040175	769.46	1086.0	3.6836	2.2339	3.2152	968.74	-0.025533	3.2714e-05	0.10709	supercritical
421.69	788.00	248.44	0.0040251	772.08	1089.3	3.6913	2.2370	3.2170	968.03	-0.025480	3.2667e-05	0.10709	supercritical
422.69	788.00	247.97	0.0040327	774.70	1092.5	3.6989	2.2400	3.2188	967.34	-0.025428	3.2621e-05	0.10709	supercritical
423.69	788.00	247.50	0.0040403	777.32	1095.7	3.7065	2.2431	3.2206	966.65	-0.025376	3.2575e-05	0.10709	supercritical
424.69	788.00	247.04	0.0040479	779.94	1098.9	3.7141	2.2462	3.2224	965.97	-0.025325	3.2530e-05	0.10709	supercritical
425.69	788.00	246.58	0.0040556	782.56	1102.1	3.7217	2.2492	3.2242	965.29	-0.025274	3.2485e-05	0.10709	supercritical
426.69	788.00	246.11	0.0040632	785.19	1105.4	3.7292	2.2523	3.2260	964.63	-0.025224	3.2441e-05	0.10710	supercritical
427.69	788.00	245.65	0.0040708	787.82	1108.6	3.7368	2.2554	3.2279	963.97	-0.025175	3.2397e-05	0.10710	supercritical
428.69	788.00	245.19	0.0040784	790.45	1111.8	3.7443	2.2585	3.2297	963.32	-0.025126	3.2353e-05	0.10711	supercritical
429.69	788.00	244.74	0.0040860	793.08	1115.1	3.7519	2.2616	3.2316	962.67	-0.025078	3.2310e-05	0.10712	supercritical
430.69	788.00	244.28	0.0040937	795.71	1118.3	3.7594	2.2647	3.2334	962.03	-0.025030	3.2268e-05	0.10712	supercritical
431.69	788.00	243.83	0.0041013	798.34	1121.5	3.7669	2.2678	3.2353	961.40	-0.024983	3.2226e-05	0.10713	supercritical
432.69	788.00	243.37	0.0041089	800.98	1124.8	3.7744	2.2709	3.2372	960.78	-0.024936	3.2184e-05	0.10715	supercritical
433.69	788.00	242.92	0.0041165	803.61	1128.0	3.7818	2.2740	3.2391	960.16	-0.024890	3.2143e-05	0.10716	supercritical
434.69	788.00	242.47	0.0041242	806.25	1131.2	3.7893	2.2771	3.2410	959.55	-0.024845	3.2102e-05	0.10717	supercritical
435.69	788.00	242.02	0.0041318	808.89	1134.5	3.7967	2.2803	3.2429	958.94	-0.024800	3.2062e-05	0.10719	supercritical
436.69	788.00	241.58	0.0041394	811.53	1137.7	3.8042	2.2834	3.2448	958.35	-0.024756	3.2022e-05	0.10721	supercritical
437.69	788.00	241.13	0.0041471	814.18	1141.0	3.8116	2.2866	3.2467	957.76	-0.024712	3.1983e-05	0.10722	supercritical
438.69	788.00	240.69	0.0041547	816.82	1144.2	3.8190	2.2897	3.2486	957.17	-0.024668	3.1944e-05	0.10724	supercritical
439.69	788.00	240.25	0.0041624	819.47	1147.5	3.8264	2.2929	3.2505	956.59	-0.024626	3.1905e-05	0.10726	supercritical
440.69	788.00	239.81	0.0041700	822.12	1150.7	3.8338	2.2960	3.2525	956.02	-0.024584	3.1867e-05	0.10729	supercritical
441.69	788.00	239.37	0.0041777	824.77	1154.0	3.8412	2.2992	3.2544	955.46	-0.024542	3.1830e-05	0.10731	supercritical
442.69	788.00	238.93	0.0041853	827.42	1157.2	3.8485	2.3024	3.2564	954.90	-0.024501	3.1792e-05	0.10733	supercritical
443.69	788.00	238.49	0.0041930	830.08	1160.5	3.8559	2.3056	3.2583	954.35	-0.024460	3.1755e-05	0.10736	supercritical
444.69	788.00	238.06	0.0042006	832.73	1163.7	3.8632	2.3087	3.2603	953.80	-0.024420	3.1719e-05	0.10738	supercritical
445.69	788.00	237.63	0.0042083	835.39	1167.0	3.8706	2.3119	3.2623	953.26	-0.024380	3.1683e-05	0.10741	supercritical
446.69	788.00	237.19	0.0042159	838.05	1170.3	3.8779	2.3151	3.2643	952.73	-0.024341	3.1647e-05	0.10744	supercritical
447.69	788.00	236.76	0.0042236	840.71	1173.5	3.8852	2.3183	3.2662	952.20	-0.024303	3.1611e-05	0.10747	supercritical
448.69	788.00	236.34	0.0042313	843.37	1176.8	3.8925	2.3215	3.2682	951.68	-0.024265	3.1576e-05	0.10750	supercritical
449.69	788.00	235.91	0.0042389	846.04	1180.1	3.8997	2.3247	3.2702	951.16	-0.024227	3.1542e-05	0.10753	supercritical
450.69	788.00	235.48	0.0042466	848.71	1183.3	3.9070	2.3279	3.2722	950.66	-0.024190	3.1508e-05	0.10757	supercritical
451.69	788.00	235.06	0.0042543	851.38	1186.6	3.9143	2.3312	3.2743	950.15	-0.024153	3.1474e-05	0.10760	supercritical
452.69	788.00	234.64	0.0042619	854.05	1189.9	3.9215	2.3344	3.2763	949.65	-0.024117	3.1440e-05	0.10764	supercritical
453.69	788.00	234.21	0.0042696	856.72	1193.2	3.9287	2.3376	3.2783	949.16	-0.024082	3.1407e-05	0.10768	supercritical
454.69	788.00	233.79	0.0042773	859.39	1196.4	3.9359	2.3408	3.2803	948.68	-0.024047	3.1375e-05	0.10771	supercritical
455.69	788.00	233.38	0.0042849	862.07	1199.7	3.9432	2.3441	3.2824	948.20	-0.024012	3.1342e-05	0.10775	supercritical
456.69	788.00	232.96	0.0042926	864.75	1203.0	3.9504	2.3473	3.2844	947.72	-0.023978	3.1310e-05	0.10779	supercritical
457.69	788.00	232.54	0.0043003	867.43	1206.3	3.9575	2.3506	3.2865	947.25	-0.023944	3.1279e-05	0.10783	supercritical
458.69	788.00	232.13	0.0043080	870.11	1209.6	3.9647	2.3538	3.2886	946.79	-0.023911	3.1247e-05	0.10788	supercritical
459.69	788.00	231.71	0.0043157	872.80	1212.9	3.9719	2.3571	3.2906	946.33	-0.023878	3.1216e-05	0.10792	supercritical
460.69	788.00	231.30	0.0043233	875.48	1216.2	3.9790	2.3603	3.2927	945.88	-0.023846	3.1186e-05	0.10796	supercritical
461.69	788.00	230.89	0.0043310	878.17	1219.5	3.9862	2.3636	3.2948	945.44	-0.023814	3.1155e-05	0.10801	supercritical
462.69	788.00	230.48	0.0043387	880.86	1222.8	3.9933	2.3668	3.2969	944.99	-0.023783	3.1126e-05	0.10806	supercritical
463.69	788.00	230.08	0.0043464	883.56	1226.1	4.0004	2.3701	3.2990	944.56	-0.023752	3.1096e-05	0.10810	supercritical
464.69	788.00	229.67	0.0043541	886.25	1229.4	4.0075	2.3734	3.3011	944.13	-0.023721	3.1067e-05	0.10815	supercritical
465.69	788.00	229.27	0.0043617	888.95	1232.7	4.0146	2.3767	3.3032	943.70	-0.023691	3.1038e-05	0.10820	supercritical
466.69	788.00	228.86	0.0043694	891.65	1236.0	4.0217	2.3799	3.3053	943.28	-0.023662	3.1009e-05	0.10825	supercritical
467.69	788.00	228.46	0.0043771	894.35	1239.3	4.0288	2.3832	3.3074	942.87	-0.023633	3.0981e-05	0.10830	supercritical
468.69	788.00	228.06	0.0043848	897.05	1242.6	4.0359	2.3865	3.3095	942.46	-0.023604	3.0953e-05	0.10835	supercritical
469.69	788.00	227.66	0.0043925	899.75	1245.9	4.0429	2.3898	3.3117	942.06	-0.023576	3.0925e-05	0.10841	supercritical
470.69	788.00	227.26	0.0044002	902.46	1249.2	4.0500	2.3931	3.3138	941.66	-0.023548	3.0898e-05	0.10846	supercritical
471.69	788.00	226.87	0.0044079	905.17	1252.5	4.0570	2.3964	3.3159	941.26	-0.023520	3.0871e-05	0.10852	supercritical
472.69	788.00	226.47	0.0044156	907.88	1255.8	4.0640	2.3997	3.3181	940.88	-0.023493	3.0845e-05	0.10857	supercritical
473.69	788.00	226.08	0.0044233	910.59	1259.1	4.0710	2.4030	3.3202	940.49	-0.023467	3.0818e-05	0.10863	supercritical
474.69	788.00	225.68	0.0044310	913.31	1262.5	4.0780	2.4063	3.3224	940.11	-0.023441	3.0792e-05	0.10869	supercritical
475.69	788.00	225.29	0.0044386	916.03	1265.8	4.0850	2.4096	3.3246	939.74	-0.023415	3.0766e-05	0.10875	supercritical
476.69	788.00	224.90	0.0044463	918.74	1269.1	4.0920	2.4129	3.3268	939.37	-0.023389	3.0741e-05	0.10881	supercritical
477.69	788.00	224.52	0.0044540	921.47	1272.4	4.0990	2.4162	3.3289	939.01	-0.023364	3.0716e-05	0.10887	supercritical
478.69	788.00	224.13	0.0044617	924.19	1275.8	4.1060	2.4196	3.3311	938.65	-0.023340	3.0691e-05	0.10893	supercritical
479.69	788.00	223.74	0.0044694	926.92	1279.1	4.1129	2.4229	3.3333	938.29	-0.023316	3.0667e-05	0.10900	supercritical
480.69	788.00	223.36	0.0044771	929.64	1282.4	4.1199	2.4262	3.3355	937.94	-0.023292	3.0642e-05	0.10906	supercritical
481.69	788.00	222.97	0.0044848	932.37	1285.8	4.1268	2.4295	3.3377	937.60	-0.023269	3.0618e-05	0.10912	supercritical
482.69	788.00	222.59	0.0044925	935.11	1289.1	4.1337	2.4329	3.3399	937.26	-0.023245	3.0595e-05	0.10919	supercritical
483.69	788.00	222.21	0.0045002	937.84	1292.5	4.1406	2.4362	3.3421	936.92	-0.023223	3.0571e-05	0.10926	supercritical
484.69	788.00	221.83	0.0045079	940.58	1295.8	4.1475	2.4395	3.3444	936.59	-0.023201	3.0548e-05	0.10932	supercritical
485.69	788.00	221.45	0.0045156	943.31	1299.1	4.1544	2.4429	3.3466	936.27	-0.023179	3.0525e-05	0.10939	supercritical
486.69	788.00	221.08	0.0045233	946.06	1302.5	4.1613	2.4462	3.3488	935.94	-0.023157	3.0503e-05	0.10946	supercritical
487.69	788.00	220.70	0.0045310	948.80	1305.8	4.1682	2.4496	3.3511	935.63	-0.023136	3.0481e-05	0.10953	supercritical
488.69	788.00	220.33	0.0045387	951.54	1309.2	4.1751	2.4529	3.3533	935.31	-0.023115	3.0459e-05	0.10960	supercritical
489.69	788.00	219.95	0.0045464	954.29	1312.6	4.1819	2.4563	3.3555	935.00	-0.023095	3.0437e-05	0.10967	supercritical
490.69	788.00	219.58	0.0045541	957.04	1315.9	4.1888	2.4596	3.3578	934.70	-0.023075	3.0415e-05	0.10975	supercritical
491.69	788.00	219.21	0.0045618	959.79	1319.3	4.1956	2.4630	3.3601	934.40	-0.023055	3.0394e-05	0.10982	supercritical
492.69	788.00	218.84	0.0045695	962.55	1322.6	4.2024	2.4663	3.3623	934.10	-0.023036	3.0373e-05	0.10989	supercritical
493.69	788.00	218.47	0.0045772	965.30	1326.0	4.2092	2.4697	3.3646	933.81	-0.023017	3.0353e-05	0.10997	supercritical
494.69	788.00	218.11	0.0045849	968.06	1329.4	4.2161	2.4730	3.3669	933.53	-0.022998	3.0332e-05	0.11005	supercritical
495.69	788.00	217.74	0.0045926	970.82	1332.7	4.2229	2.4764	3.3691	933.24	-0.022980	3.0312e-05	0.11012	supercritical
496.69	788.00	217.37	0.0046003	973.59	1336.1	4.2297	2.4798	3.3714	932.96	-0.022962	3.0292e-05	0.11020	supercritical
497.69	788.00	217.01	0.0046081	976.35	1339.5	4.2364	2.4831	3.3737	932.69	-0.022944	3.0273e-05	0.11028	supercritical
498.69	788.00	216.65	0.0046158	979.12	1342.8	4.2432	2.4865	3.3760	932.42	-0.022926	3.0253e-05	0.11036	supercritical
499.69	788.00	216.29	0.0046235	981.89	1346.2	4.2500	2.4899	3.3783	932.15	-0.022909	3.0234e-05	0.11044	supercritical
500.69	788.00	215.93	0.0046312	984.66	1349.6	4.2567	2.4933	3.3806	931.89	-0.022893	3.0215e-05	0.11052	supercritical
501.69	788.00	215.57	0.0046389	987.44	1353.0	4.2635	2.4966	3.3829	931.63	-0.022876	3.0197e-05	0.11060	supercritical
502.69	788.00	215.21	0.0046466	990.21	1356.4	4.2702	2.5000	3.3852	931.38	-0.022860	3.0178e-05	0.11068	supercritical
503.69	788.00	214.86	0.0046543	992.99	1359.8	4.2769	2.5034	3.3876	931.13	-0.022845	3.0160e-05	0.11077	supercritical
504.69	788.00	214.50	0.0046620	995.78	1363.1	4.2837	2.5068	3.3899	930.88	-0.022829	3.0142e-05	0.11085	supercritical
505.69	788.00	214.15	0.0046697	998.56	1366.5	4.2904	2.5102	3.3922	930.64	-0.022814	3.0124e-05	0.11093	supercritical
506.69	788.00	213.79	0.0046774	1001.3	1369.9	4.2971	2.5135	3.3946	930.40	-0.022799	3.0107e-05	0.11102	supercritical
507.69	788.00	213.44	0.0046851	1004.1	1373.3	4.3038	2.5169	3.3969	930.16	-0.022785	3.0090e-05	0.11111	supercritical
508.69	788.00	213.09	0.0046928	1006.9	1376.7	4.3105	2.5203	3.3992	929.93	-0.022770	3.0073e-05	0.11119	supercritical
509.69	788.00	212.74	0.0047005	1009.7	1380.1	4.3171	2.5237	3.4016	929.70	-0.022756	3.0056e-05	0.11128	supercritical
510.69	788.00	212.40	0.0047082	1012.5	1383.5	4.3238	2.5271	3.4039	929.48	-0.022743	3.0039e-05	0.11137	supercritical
511.69	788.00	212.05	0.0047159	1015.3	1386.9	4.3305	2.5305	3.4063	929.26	-0.022729	3.0023e-05	0.11146	supercritical
512.69	788.00	211.70	0.0047236	1018.1	1390.3	4.3371	2.5339	3.4087	929.04	-0.022716	3.0007e-05	0.11155	supercritical
513.69	788.00	211.36	0.0047313	1020.9	1393.7	4.3438	2.5373	3.4110	928.83	-0.022703	2.9991e-05	0.11164	supercritical
514.69	788.00	211.01	0.0047390	1023.7	1397.2	4.3504	2.5407	3.4134	928.62	-0.022691	2.9976e-05	0.11173	supercritical
515.69	788.00	210.67	0.0047467	1026.5	1400.6	4.3570	2.5441	3.4158	928.42	-0.022679	2.9960e-05	0.11182	supercritical
516.69	788.00	210.33	0.0047544	1029.3	1404.0	4.3637	2.5475	3.4182	928.21	-0.022667	2.9945e-05	0.11192	supercritical
517.69	788.00	209.99	0.0047621	1032.2	1407.4	4.3703	2.5509	3.4206	928.01	-0.022655	2.9930e-05	0.11201	supercritical
518.69	788.00	209.65	0.0047698	1035.0	1410.8	4.3769	2.5543	3.4229	927.82	-0.022644	2.9915e-05	0.11210	supercritical
519.69	788.00	209.31	0.0047775	1037.8	1414.3	4.3835	2.5577	3.4253	927.63	-0.022632	2.9901e-05	0.11220	supercritical
520.69	788.00	208.98	0.0047852	1040.6	1417.7	4.3901	2.5611	3.4277	927.44	-0.022622	2.9886e-05	0.11229	supercritical
521.69	788.00	208.64	0.0047929	1043.4	1421.1	4.3966	2.5645	3.4301	927.25	-0.022611	2.9872e-05	0.11239	supercritical
522.69	788.00	208.31	0.0048006	1046.3	1424.5	4.4032	2.5679	3.4325	927.07	-0.022600	2.9858e-05	0.11249	supercritical
523.69	788.00	207.97	0.0048083	1049.1	1428.0	4.4098	2.5713	3.4350	926.90	-0.022590	2.9845e-05	0.11259	supercritical
524.69	788.00	207.64	0.0048160	1051.9	1431.4	4.4163	2.5747	3.4374	926.72	-0.022580	2.9831e-05	0.11268	supercritical
525.69	788.00	207.31	0.0048237	1054.7	1434.8	4.4229	2.5781	3.4398	926.55	-0.022571	2.9818e-05	0.11278	supercritical
526.69	788.00	206.98	0.0048314	1057.6	1438.3	4.4294	2.5815	3.4422	926.38	-0.022561	2.9805e-05	0.11288	supercritical
527.69	788.00	206.65	0.0048391	1060.4	1441.7	4.4359	2.5849	3.4446	926.22	-0.022552	2.9792e-05	0.11298	supercritical
528.69	788.00	206.32	0.0048468	1063.2	1445.2	4.4425	2.5883	3.4471	926.05	-0.022543	2.9779e-05	0.11308	supercritical
529.69	788.00	205.99	0.0048545	1066.1	1448.6	4.4490	2.5918	3.4495	925.90	-0.022535	2.9766e-05	0.11319	supercritical
530.69	788.00	205.67	0.0048622	1068.9	1452.1	4.4555	2.5952	3.4520	925.74	-0.022526	2.9754e-05	0.11329	supercritical
531.69	788.00	205.34	0.0048699	1071.8	1455.5	4.4620	2.5986	3.4544	925.59	-0.022518	2.9742e-05	0.11339	supercritical
532.69	788.00	205.02	0.0048776	1074.6	1459.0	4.4685	2.6020	3.4568	925.44	-0.022510	2.9730e-05	0.11349	supercritical
533.69	788.00	204.70	0.0048853	1077.5	1462.4	4.4750	2.6054	3.4593	925.29	-0.022502	2.9718e-05	0.11360	supercritical
534.69	788.00	204.37	0.0048930	1080.3	1465.9	4.4814	2.6088	3.4618	925.15	-0.022495	2.9706e-05	0.11370	supercritical
535.69	788.00	204.05	0.0049007	1083.2	1469.4	4.4879	2.6123	3.4642	925.01	-0.022487	2.9695e-05	0.11381	supercritical
536.69	788.00	203.73	0.0049084	1086.1	1472.8	4.4944	2.6157	3.4667	924.88	-0.022480	2.9684e-05	0.11392	supercritical
537.69	788.00	203.41	0.0049161	1088.9	1476.3	4.5008	2.6191	3.4691	924.74	-0.022473	2.9673e-05	0.11402	supercritical
538.69	788.00	203.10	0.0049238	1091.8	1479.8	4.5073	2.6225	3.4716	924.61	-0.022467	2.9662e-05	0.11413	supercritical
539.69	788.00	202.78	0.0049315	1094.6	1483.2	4.5137	2.6259	3.4741	924.48	-0.022460	2.9651e-05	0.11424	supercritical
540.69	788.00	202.46	0.0049392	1097.5	1486.7	4.5202	2.6293	3.4766	924.36	-0.022454	2.9641e-05	0.11435	supercritical
541.69	788.00	202.15	0.0049468	1100.4	1490.2	4.5266	2.6328	3.4791	924.24	-0.022448	2.9630e-05	0.11446	supercritical
542.69	788.00	201.84	0.0049545	1103.3	1493.7	4.5330	2.6362	3.4815	924.12	-0.022442	2.9620e-05	0.11457	supercritical
543.69	788.00	201.52	0.0049622	1106.1	1497.2	4.5394	2.6396	3.4840	924.00	-0.022436	2.9610e-05	0.11468	supercritical
544.69	788.00	201.21	0.0049699	1109.0	1500.6	4.5458	2.6430	3.4865	923.89	-0.022431	2.9600e-05	0.11479	supercritical
545.69	788.00	200.90	0.0049776	1111.9	1504.1	4.5522	2.6465	3.4890	923.78	-0.022426	2.9591e-05	0.11490	supercritical
546.69	788.00	200.59	0.0049853	1114.8	1507.6	4.5586	2.6499	3.4915	923.67	-0.022421	2.9581e-05	0.11501	supercritical
547.69	788.00	200.28	0.0049930	1117.7	1511.1	4.5650	2.6533	3.4940	923.56	-0.022416	2.9572e-05	0.11513	supercritical
548.69	788.00	199.97	0.0050007	1120.6	1514.6	4.5714	2.6567	3.4965	923.46	-0.022411	2.9563e-05	0.11524	supercritical
549.69	788.00	199.67	0.0050083	1123.5	1518.1	4.5777	2.6601	3.4990	923.36	-0.022407	2.9554e-05	0.11535	supercritical
550.69	788.00	199.36	0.0050160	1126.3	1521.6	4.5841	2.6636	3.5016	923.27	-0.022402	2.9545e-05	0.11547	supercritical
551.69	788.00	199.06	0.0050237	1129.2	1525.1	4.5905	2.6670	3.5041	923.17	-0.022398	2.9537e-05	0.11558	supercritical
552.69	788.00	198.75	0.0050314	1132.1	1528.6	4.5968	2.6704	3.5066	923.08	-0.022394	2.9528e-05	0.11570	supercritical
553.69	788.00	198.45	0.0050391	1135.0	1532.1	4.6031	2.6738	3.5091	922.99	-0.022391	2.9520e-05	0.11581	supercritical
554.69	788.00	198.15	0.0050468	1138.0	1535.6	4.6095	2.6773	3.5116	922.91	-0.022387	2.9512e-05	0.11593	supercritical
555.69	788.00	197.85	0.0050544	1140.9	1539.1	4.6158	2.6807	3.5142	922.82	-0.022384	2.9504e-05	0.11605	supercritical
556.69	788.00	197.55	0.0050621	1143.8	1542.7	4.6221	2.6841	3.5167	922.74	-0.022380	2.9496e-05	0.11617	supercritical
557.69	788.00	197.25	0.0050698	1146.7	1546.2	4.6284	2.6875	3.5192	922.66	-0.022377	2.9488e-05	0.11629	supercritical
558.69	788.00	196.95	0.0050775	1149.6	1549.7	4.6347	2.6910	3.5218	922.59	-0.022374	2.9481e-05	0.11640	supercritical
559.69	788.00	196.65	0.0050852	1152.5	1553.2	4.6410	2.6944	3.5243	922.51	-0.022372	2.9473e-05	0.11652	supercritical
560.69	788.00	196.35	0.0050928	1155.4	1556.8	4.6473	2.6978	3.5269	922.44	-0.022369	2.9466e-05	0.11664	supercritical
561.69	788.00	196.06	0.0051005	1158.4	1560.3	4.6536	2.7012	3.5294	922.37	-0.022367	2.9459e-05	0.11677	supercritical
562.69	788.00	195.76	0.0051082	1161.3	1563.8	4.6599	2.7047	3.5320	922.31	-0.022364	2.9452e-05	0.11689	supercritical
563.69	788.00	195.47	0.0051159	1164.2	1567.3	4.6662	2.7081	3.5345	922.24	-0.022362	2.9445e-05	0.11701	supercritical
564.69	788.00	195.18	0.0051235	1167.1	1570.9	4.6724	2.7115	3.5371	922.18	-0.022360	2.9439e-05	0.11713	supercritical
565.69	788.00	194.89	0.0051312	1170.1	1574.4	4.6787	2.7149	3.5396	922.12	-0.022358	2.9432e-05	0.11725	supercritical
566.69	788.00	194.60	0.0051389	1173.0	1578.0	4.6850	2.7184	3.5422	922.07	-0.022357	2.9426e-05	0.11738	supercritical
567.69	788.00	194.31	0.0051465	1176.0	1581.5	4.6912	2.7218	3.5448	922.01	-0.022355	2.9420e-05	0.11750	supercritical
568.69	788.00	194.02	0.0051542	1178.9	1585.0	4.6974	2.7252	3.5473	921.96	-0.022354	2.9413e-05	0.11763	supercritical
569.69	788.00	193.73	0.0051619	1181.8	1588.6	4.7037	2.7286	3.5499	921.91	-0.022353	2.9408e-05	0.11775	supercritical
570.69	788.00	193.44	0.0051695	1184.8	1592.1	4.7099	2.7320	3.5525	921.87	-0.022352	2.9402e-05	0.11788	supercritical
571.69	788.00	193.15	0.0051772	1187.7	1595.7	4.7161	2.7355	3.5551	921.82	-0.022351	2.9396e-05	0.11800	supercritical
572.69	788.00	192.87	0.0051849	1190.7	1599.3	4.7223	2.7389	3.5576	921.78	-0.022350	2.9391e-05	0.11813	supercritical
573.69	788.00	192.58	0.0051925	1193.6	1602.8	4.7286	2.7423	3.5602	921.74	-0.022349	2.9385e-05	0.11826	supercritical
574.69	788.00	192.30	0.0052002	1196.6	1606.4	4.7348	2.7457	3.5628	921.70	-0.022349	2.9380e-05	0.11838	supercritical
575.69	788.00	192.02	0.0052079	1199.6	1609.9	4.7410	2.7492	3.5654	921.67	-0.022349	2.9375e-05	0.11851	supercritical
576.69	788.00	191.74	0.0052155	1202.5	1613.5	4.7471	2.7526	3.5680	921.63	-0.022348	2.9370e-05	0.11864	supercritical
577.69	788.00	191.45	0.0052232	1205.5	1617.1	4.7533	2.7560	3.5706	921.60	-0.022348	2.9365e-05	0.11877	supercritical
578.69	788.00	191.17	0.0052309	1208.5	1620.7	4.7595	2.7594	3.5732	921.57	-0.022348	2.9361e-05	0.11890	supercritical
579.69	788.00	190.89	0.0052385	1211.4	1624.2	4.7657	2.7628	3.5758	921.54	-0.022348	2.9356e-05	0.11903	supercritical
580.69	788.00	190.62	0.0052462	1214.4	1627.8	4.7718	2.7663	3.5784	921.52	-0.022349	2.9352e-05	0.11916	supercritical
581.69	788.00	190.34	0.0052538	1217.4	1631.4	4.7780	2.7697	3.5810	921.50	-0.022349	2.9347e-05	0.11929	supercritical
582.69	788.00	190.06	0.0052615	1220.4	1635.0	4.7842	2.7731	3.5836	921.48	-0.022350	2.9343e-05	0.11942	supercritical
583.69	788.00	189.78	0.0052691	1223.3	1638.5	4.7903	2.7765	3.5862	921.46	-0.022350	2.9339e-05	0.11955	supercritical
584.69	788.00	189.51	0.0052768	1226.3	1642.1	4.7964	2.7799	3.5888	921.44	-0.022351	2.9335e-05	0.11968	supercritical
585.69	788.00	189.23	0.0052844	1229.3	1645.7	4.8026	2.7833	3.5914	921.43	-0.022352	2.9331e-05	0.11982	supercritical
586.69	788.00	188.96	0.0052921	1232.3	1649.3	4.8087	2.7868	3.5940	921.41	-0.022353	2.9328e-05	0.11995	supercritical
587.69	788.00	188.69	0.0052997	1235.3	1652.9	4.8148	2.7902	3.5966	921.40	-0.022354	2.9324e-05	0.12008	supercritical
588.69	788.00	188.42	0.0053074	1238.3	1656.5	4.8209	2.7936	3.5993	921.40	-0.022355	2.9321e-05	0.12022	supercritical
589.69	788.00	188.15	0.0053150	1241.3	1660.1	4.8271	2.7970	3.6019	921.39	-0.022357	2.9317e-05	0.12035	supercritical
590.69	788.00	187.88	0.0053227	1244.3	1663.7	4.8332	2.8004	3.6045	921.39	-0.022358	2.9314e-05	0.12049	supercritical
591.69	788.00	187.61	0.0053303	1247.3	1667.3	4.8393	2.8038	3.6071	921.38	-0.022360	2.9311e-05	0.12062	supercritical
592.69	788.00	187.34	0.0053380	1250.3	1670.9	4.8454	2.8072	3.6098	921.38	-0.022361	2.9308e-05	0.12076	supercritical
593.69	788.00	187.07	0.0053456	1253.3	1674.5	4.8514	2.8107	3.6124	921.38	-0.022363	2.9305e-05	0.12090	supercritical
594.69	788.00	186.80	0.0053533	1256.3	1678.2	4.8575	2.8141	3.6150	921.39	-0.022365	2.9303e-05	0.12103	supercritical
595.69	788.00	186.54	0.0053609	1259.3	1681.8	4.8636	2.8175	3.6176	921.39	-0.022367	2.9300e-05	0.12117	supercritical
596.69	788.00	186.27	0.0053685	1262.3	1685.4	4.8697	2.8209	3.6203	921.40	-0.022369	2.9298e-05	0.12131	supercritical
597.69	788.00	186.01	0.0053762	1265.4	1689.0	4.8757	2.8243	3.6229	921.41	-0.022371	2.9295e-05	0.12145	supercritical
598.69	788.00	185.74	0.0053838	1268.4	1692.6	4.8818	2.8277	3.6256	921.42	-0.022373	2.9293e-05	0.12159	supercritical
599.69	788.00	185.48	0.0053915	1271.4	1696.3	4.8878	2.8311	3.6282	921.43	-0.022376	2.9291e-05	0.12172	supercritical
600.69	788.00	185.22	0.0053991	1274.4	1699.9	4.8939	2.8345	3.6308	921.45	-0.022378	2.9289e-05	0.12186	supercritical
601.69	788.00	184.95	0.0054067	1277.5	1703.5	4.8999	2.8379	3.6335	921.46	-0.022381	2.9287e-05	0.12200	supercritical
602.69	788.00	184.69	0.0054144	1280.5	1707.2	4.9060	2.8413	3.6361	921.48	-0.022383	2.9285e-05	0.12214	supercritical
603.69	788.00	184.43	0.0054220	1283.5	1710.8	4.9120	2.8447	3.6388	921.50	-0.022386	2.9284e-05	0.12229	supercritical
604.69	788.00	184.17	0.0054296	1286.6	1714.4	4.9180	2.8481	3.6414	921.52	-0.022389	2.9282e-05	0.12243	supercritical
605.69	788.00	183.92	0.0054373	1289.6	1718.1	4.9240	2.8515	3.6441	921.55	-0.022392	2.9280e-05	0.12257	supercritical
606.69	788.00	183.66	0.0054449	1292.7	1721.7	4.9301	2.8549	3.6468	921.57	-0.022395	2.9279e-05	0.12271	supercritical
607.69	788.00	183.40	0.0054525	1295.7	1725.4	4.9361	2.8583	3.6494	921.60	-0.022398	2.9278e-05	0.12285	supercritical
608.69	788.00	183.15	0.0054601	1298.8	1729.0	4.9421	2.8617	3.6521	921.63	-0.022401	2.9277e-05	0.12300	supercritical
609.69	788.00	182.89	0.0054678	1301.8	1732.7	4.9481	2.8651	3.6547	921.66	-0.022404	2.9276e-05	0.12314	supercritical
610.69	788.00	182.64	0.0054754	1304.9	1736.3	4.9541	2.8685	3.6574	921.69	-0.022408	2.9275e-05	0.12328	supercritical
611.69	788.00	182.38	0.0054830	1307.9	1740.0	4.9600	2.8719	3.6601	921.72	-0.022411	2.9274e-05	0.12343	supercritical
612.69	788.00	182.13	0.0054906	1311.0	1743.7	4.9660	2.8753	3.6627	921.76	-0.022415	2.9273e-05	0.12357	supercritical
613.69	788.00	181.88	0.0054983	1314.1	1747.3	4.9720	2.8787	3.6654	921.79	-0.022418	2.9272e-05	0.12372	supercritical
614.69	788.00	181.62	0.0055059	1317.1	1751.0	4.9780	2.8821	3.6681	921.83	-0.022422	2.9272e-05	0.12386	supercritical
615.69	788.00	181.37	0.0055135	1320.2	1754.7	4.9839	2.8855	3.6707	921.87	-0.022426	2.9271e-05	0.12401	supercritical
616.69	788.00	181.12	0.0055211	1323.3	1758.3	4.9899	2.8889	3.6734	921.92	-0.022429	2.9271e-05	0.12415	supercritical
617.69	788.00	180.87	0.0055287	1326.3	1762.0	4.9958	2.8923	3.6761	921.96	-0.022433	2.9271e-05	0.12430	supercritical
618.69	788.00	180.62	0.0055363	1329.4	1765.7	5.0018	2.8957	3.6788	922.00	-0.022437	2.9271e-05	0.12445	supercritical
619.69	788.00	180.38	0.0055440	1332.5	1769.4	5.0077	2.8991	3.6814	922.05	-0.022441	2.9271e-05	0.12459	supercritical
620.69	788.00	180.13	0.0055516	1335.6	1773.0	5.0137	2.9024	3.6841	922.10	-0.022445	2.9271e-05	0.12474	supercritical
621.69	788.00	179.88	0.0055592	1338.7	1776.7	5.0196	2.9058	3.6868	922.15	-0.022449	2.9271e-05	0.12489	supercritical
622.69	788.00	179.64	0.0055668	1341.8	1780.4	5.0255	2.9092	3.6895	922.20	-0.022454	2.9271e-05	0.12504	supercritical
623.69	788.00	179.39	0.0055744	1344.8	1784.1	5.0315	2.9126	3.6921	922.25	-0.022458	2.9271e-05	0.12519	supercritical
624.69	788.00	179.15	0.0055820	1347.9	1787.8	5.0374	2.9160	3.6948	922.31	-0.022462	2.9272e-05	0.12534	supercritical