Temperature (K)	Pressure (bar)	Density (kg/m3)	Volume (m3/kg)	Internal Energy (kJ/kg)	Enthalpy (kJ/kg)	Entropy (J/g*K)	Cv (J/g*K)	Cp (J/g*K)	Sound Spd. (m/s)	Joule-Thomson (K/bar)	Viscosity (Pa*s)	Therm. Cond. (W/m*K)	Phase
90.694	381.00	472.38	0.0021169	-89.254	-8.5985	-0.92102	2.2467	3.2417	1755.0	-0.051878	0.00033716	0.24150	liquid
100.69	381.00	461.68	0.0021660	-58.719	23.806	-0.58208	2.1941	3.2413	1690.0	-0.051219	0.00023282	0.23176	liquid
101.69	381.00	460.61	0.0021711	-55.669	27.048	-0.55004	2.1894	3.2417	1683.4	-0.051135	0.00022572	0.23072	liquid
102.69	381.00	459.53	0.0021761	-52.620	30.290	-0.51832	2.1848	3.2422	1676.7	-0.051049	0.00021903	0.22966	liquid
103.69	381.00	458.46	0.0021812	-49.571	33.532	-0.48690	2.1802	3.2427	1670.1	-0.050961	0.00021272	0.22860	liquid
104.69	381.00	457.39	0.0021863	-46.523	36.775	-0.45577	2.1758	3.2433	1663.4	-0.050870	0.00020676	0.22753	liquid
105.69	381.00	456.32	0.0021915	-43.475	40.019	-0.42494	2.1713	3.2438	1656.8	-0.050777	0.00020111	0.22645	liquid
106.69	381.00	455.25	0.0021966	-40.428	43.263	-0.39439	2.1669	3.2444	1650.1	-0.050682	0.00019577	0.22536	liquid
107.69	381.00	454.17	0.0022018	-37.381	46.508	-0.36412	2.1626	3.2450	1643.5	-0.050585	0.00019070	0.22427	liquid
108.69	381.00	453.10	0.0022070	-34.334	49.753	-0.33413	2.1582	3.2456	1636.8	-0.050486	0.00018588	0.22317	liquid
109.69	381.00	452.03	0.0022123	-31.288	52.999	-0.30440	2.1540	3.2462	1630.1	-0.050384	0.00018131	0.22206	liquid
110.69	381.00	450.95	0.0022175	-28.243	56.245	-0.27494	2.1497	3.2468	1623.5	-0.050281	0.00017695	0.22095	liquid
111.69	381.00	449.88	0.0022228	-25.197	59.493	-0.24574	2.1455	3.2475	1616.8	-0.050175	0.00017279	0.21984	liquid
112.69	381.00	448.80	0.0022282	-22.153	62.740	-0.21679	2.1413	3.2481	1610.1	-0.050068	0.00016882	0.21872	liquid
113.69	381.00	447.72	0.0022335	-19.108	65.989	-0.18809	2.1372	3.2487	1603.5	-0.049958	0.00016503	0.21759	liquid
114.69	381.00	446.65	0.0022389	-16.064	69.238	-0.15964	2.1330	3.2493	1596.8	-0.049846	0.00016141	0.21647	liquid
115.69	381.00	445.57	0.0022443	-13.021	72.487	-0.13143	2.1289	3.2500	1590.2	-0.049733	0.00015794	0.21534	liquid
116.69	381.00	444.49	0.0022498	-9.9780	75.738	-0.10345	2.1248	3.2506	1583.5	-0.049617	0.00015462	0.21421	liquid
117.69	381.00	443.41	0.0022552	-6.9356	78.989	-0.075715	2.1208	3.2512	1576.9	-0.049499	0.00015143	0.21308	liquid
118.69	381.00	442.33	0.0022607	-3.8937	82.240	-0.048204	2.1168	3.2519	1570.2	-0.049378	0.00014837	0.21194	liquid
119.69	381.00	441.25	0.0022663	-0.85240	85.492	-0.020919	2.1128	3.2525	1563.6	-0.049256	0.00014543	0.21081	liquid
120.69	381.00	440.17	0.0022718	2.1884	88.745	0.0061439	2.1088	3.2531	1557.0	-0.049131	0.00014260	0.20967	liquid
121.69	381.00	439.09	0.0022774	5.2287	91.999	0.032989	2.1048	3.2538	1550.4	-0.049004	0.00013988	0.20854	liquid
122.69	381.00	438.01	0.0022831	8.2683	95.253	0.059620	2.1009	3.2544	1543.8	-0.048875	0.00013726	0.20740	liquid
123.69	381.00	436.93	0.0022887	11.307	98.508	0.086040	2.0970	3.2551	1537.2	-0.048744	0.00013473	0.20626	liquid
124.69	381.00	435.84	0.0022944	14.346	101.76	0.11225	2.0931	3.2557	1530.6	-0.048610	0.00013229	0.20513	liquid
125.69	381.00	434.76	0.0023001	17.384	105.02	0.13826	2.0893	3.2563	1524.0	-0.048474	0.00012993	0.20399	liquid
126.69	381.00	433.67	0.0023059	20.421	108.28	0.16407	2.0855	3.2570	1517.4	-0.048335	0.00012766	0.20285	liquid
127.69	381.00	432.59	0.0023117	23.458	111.53	0.18968	2.0817	3.2576	1510.9	-0.048194	0.00012546	0.20172	liquid
128.69	381.00	431.50	0.0023175	26.494	114.79	0.21509	2.0779	3.2583	1504.3	-0.048050	0.00012333	0.20059	liquid
129.69	381.00	430.41	0.0023234	29.529	118.05	0.24031	2.0742	3.2590	1497.8	-0.047904	0.00012127	0.19946	liquid
130.69	381.00	429.32	0.0023293	32.564	121.31	0.26535	2.0704	3.2596	1491.3	-0.047755	0.00011928	0.19833	liquid
131.69	381.00	428.23	0.0023352	35.598	124.57	0.29020	2.0667	3.2603	1484.8	-0.047603	0.00011734	0.19720	liquid
132.69	381.00	427.14	0.0023412	38.631	127.83	0.31486	2.0631	3.2610	1478.3	-0.047449	0.00011547	0.19608	liquid
133.69	381.00	426.05	0.0023472	41.664	131.09	0.33935	2.0594	3.2617	1471.8	-0.047292	0.00011365	0.19495	liquid
134.69	381.00	424.95	0.0023532	44.696	134.35	0.36366	2.0558	3.2624	1465.3	-0.047132	0.00011188	0.19383	liquid
135.69	381.00	423.86	0.0023593	47.728	137.62	0.38779	2.0522	3.2631	1458.9	-0.046969	0.00011016	0.19272	liquid
136.69	381.00	422.77	0.0023654	50.758	140.88	0.41175	2.0487	3.2638	1452.4	-0.046804	0.00010850	0.19160	liquid
137.69	381.00	421.67	0.0023715	53.788	144.14	0.43555	2.0451	3.2646	1446.0	-0.046635	0.00010688	0.19049	liquid
138.69	381.00	420.57	0.0023777	56.818	147.41	0.45917	2.0416	3.2653	1439.6	-0.046464	0.00010530	0.18938	liquid
139.69	381.00	419.47	0.0023839	59.846	150.67	0.48263	2.0382	3.2661	1433.2	-0.046290	0.00010376	0.18828	liquid
140.69	381.00	418.38	0.0023902	62.874	153.94	0.50593	2.0347	3.2668	1426.8	-0.046112	0.00010227	0.18718	liquid
141.69	381.00	417.28	0.0023965	65.901	157.21	0.52907	2.0313	3.2676	1420.4	-0.045932	0.00010082	0.18608	liquid
142.69	381.00	416.17	0.0024028	68.928	160.48	0.55206	2.0279	3.2684	1414.1	-0.045748	9.9399e-05	0.18498	liquid
143.69	381.00	415.07	0.0024092	71.953	163.74	0.57488	2.0246	3.2692	1407.7	-0.045561	9.8018e-05	0.18390	liquid
144.69	381.00	413.97	0.0024156	74.978	167.01	0.59756	2.0212	3.2701	1401.4	-0.045371	9.6671e-05	0.18281	liquid
145.69	381.00	412.86	0.0024221	78.003	170.28	0.62008	2.0179	3.2709	1395.1	-0.045178	9.5358e-05	0.18173	liquid
146.69	381.00	411.76	0.0024286	81.026	173.56	0.64246	2.0147	3.2717	1388.8	-0.044981	9.4076e-05	0.18065	liquid
147.69	381.00	410.65	0.0024351	84.049	176.83	0.66469	2.0114	3.2726	1382.6	-0.044781	9.2825e-05	0.17958	liquid
148.69	381.00	409.55	0.0024417	87.071	180.10	0.68678	2.0082	3.2735	1376.3	-0.044578	9.1604e-05	0.17851	liquid
149.69	381.00	408.44	0.0024484	90.092	183.38	0.70872	2.0050	3.2744	1370.1	-0.044371	9.0412e-05	0.17745	liquid
150.69	381.00	407.33	0.0024550	93.113	186.65	0.73053	2.0019	3.2753	1363.8	-0.044161	8.9247e-05	0.17639	liquid
151.69	381.00	406.22	0.0024617	96.133	189.93	0.75219	1.9988	3.2763	1357.6	-0.043947	8.8108e-05	0.17533	liquid
152.69	381.00	405.10	0.0024685	99.152	193.20	0.77372	1.9957	3.2772	1351.5	-0.043729	8.6995e-05	0.17428	liquid
153.69	381.00	403.99	0.0024753	102.17	196.48	0.79512	1.9926	3.2782	1345.3	-0.043509	8.5907e-05	0.17324	liquid
154.69	381.00	402.88	0.0024822	105.19	199.76	0.81638	1.9896	3.2792	1339.2	-0.043284	8.4843e-05	0.17220	liquid
155.69	381.00	401.76	0.0024891	108.21	203.04	0.83751	1.9866	3.2802	1333.0	-0.043056	8.3802e-05	0.17117	liquid
156.69	381.00	400.64	0.0024960	111.22	206.32	0.85852	1.9837	3.2812	1326.9	-0.042824	8.2784e-05	0.17014	liquid
157.69	381.00	399.52	0.0025030	114.24	209.60	0.87939	1.9807	3.2822	1320.8	-0.042588	8.1787e-05	0.16911	liquid
158.69	381.00	398.41	0.0025100	117.25	212.88	0.90015	1.9778	3.2833	1314.8	-0.042349	8.0811e-05	0.16809	liquid
159.69	381.00	397.28	0.0025171	120.27	216.17	0.92077	1.9750	3.2844	1308.7	-0.042106	7.9856e-05	0.16708	liquid
160.69	381.00	396.16	0.0025242	123.28	219.45	0.94128	1.9721	3.2855	1302.7	-0.041858	7.8920e-05	0.16607	liquid
161.69	381.00	395.04	0.0025314	126.29	222.74	0.96166	1.9693	3.2866	1296.7	-0.041608	7.8003e-05	0.16507	liquid
162.69	381.00	393.92	0.0025386	129.30	226.03	0.98193	1.9666	3.2877	1290.7	-0.041353	7.7105e-05	0.16408	liquid
163.69	381.00	392.79	0.0025459	132.32	229.31	1.0021	1.9638	3.2889	1284.7	-0.041094	7.6225e-05	0.16308	liquid
164.69	381.00	391.67	0.0025532	135.33	232.60	1.0221	1.9611	3.2900	1278.8	-0.040831	7.5363e-05	0.16210	liquid
165.69	381.00	390.54	0.0025606	138.34	235.89	1.0420	1.9584	3.2912	1272.8	-0.040564	7.4517e-05	0.16112	liquid
166.69	381.00	389.41	0.0025680	141.35	239.19	1.0618	1.9558	3.2924	1266.9	-0.040293	7.3688e-05	0.16015	liquid
167.69	381.00	388.28	0.0025755	144.35	242.48	1.0815	1.9532	3.2936	1261.0	-0.040018	7.2875e-05	0.15918	liquid
168.69	381.00	387.15	0.0025830	147.36	245.77	1.1011	1.9506	3.2949	1255.2	-0.039739	7.2077e-05	0.15822	liquid
169.69	381.00	386.02	0.0025906	150.37	249.07	1.1206	1.9481	3.2961	1249.3	-0.039456	7.1295e-05	0.15726	liquid
170.69	381.00	384.88	0.0025982	153.37	252.37	1.1400	1.9456	3.2974	1243.5	-0.039168	7.0527e-05	0.15631	liquid
171.69	381.00	383.75	0.0026059	156.38	255.66	1.1592	1.9431	3.2987	1237.7	-0.038877	6.9774e-05	0.15536	liquid
172.69	381.00	382.61	0.0026136	159.38	258.96	1.1784	1.9406	3.3000	1231.9	-0.038581	6.9035e-05	0.15443	liquid
173.69	381.00	381.48	0.0026214	162.39	262.26	1.1975	1.9382	3.3013	1226.2	-0.038281	6.8309e-05	0.15349	liquid
174.69	381.00	380.34	0.0026292	165.39	265.57	1.2164	1.9358	3.3027	1220.5	-0.037977	6.7596e-05	0.15257	liquid
175.69	381.00	379.20	0.0026371	168.39	268.87	1.2353	1.9335	3.3040	1214.8	-0.037668	6.6896e-05	0.15165	liquid
176.69	381.00	378.06	0.0026451	171.40	272.17	1.2540	1.9312	3.3054	1209.1	-0.037355	6.6209e-05	0.15074	liquid
177.69	381.00	376.92	0.0026531	174.40	275.48	1.2727	1.9289	3.3068	1203.4	-0.037038	6.5534e-05	0.14983	liquid
178.69	381.00	375.77	0.0026612	177.40	278.79	1.2912	1.9267	3.3082	1197.8	-0.036716	6.4871e-05	0.14893	liquid
179.69	381.00	374.63	0.0026693	180.40	282.10	1.3097	1.9244	3.3096	1192.2	-0.036390	6.4220e-05	0.14803	liquid
180.69	381.00	373.49	0.0026775	183.39	285.41	1.3281	1.9223	3.3111	1186.6	-0.036059	6.3580e-05	0.14714	liquid
181.69	381.00	372.34	0.0026857	186.39	288.72	1.3464	1.9201	3.3125	1181.0	-0.035725	6.2951e-05	0.14626	liquid
182.69	381.00	371.19	0.0026940	189.39	292.03	1.3645	1.9180	3.3140	1175.5	-0.035385	6.2333e-05	0.14539	liquid
183.69	381.00	370.05	0.0027024	192.39	295.35	1.3826	1.9159	3.3155	1170.0	-0.035041	6.1725e-05	0.14452	liquid
184.69	381.00	368.90	0.0027108	195.38	298.66	1.4006	1.9139	3.3170	1164.5	-0.034693	6.1128e-05	0.14366	liquid
185.69	381.00	367.75	0.0027193	198.38	301.98	1.4186	1.9119	3.3185	1159.0	-0.034341	6.0541e-05	0.14280	liquid
186.69	381.00	366.60	0.0027278	201.37	305.30	1.4364	1.9099	3.3200	1153.6	-0.033983	5.9964e-05	0.14195	liquid
187.69	381.00	365.44	0.0027364	204.36	308.62	1.4541	1.9079	3.3215	1148.2	-0.033622	5.9396e-05	0.14111	liquid
188.69	381.00	364.29	0.0027451	207.36	311.94	1.4718	1.9060	3.3230	1142.8	-0.033256	5.8837e-05	0.14028	liquid
189.69	381.00	363.14	0.0027538	210.35	315.27	1.4893	1.9041	3.3246	1137.5	-0.032885	5.8288e-05	0.13945	liquid
190.69	381.00	361.98	0.0027626	213.34	318.59	1.5068	1.9023	3.3261	1132.2	-0.032510	5.7748e-05	0.13864	supercritical
191.69	381.00	360.83	0.0027714	216.33	321.92	1.5242	1.9005	3.3277	1126.9	-0.032130	5.7216e-05	0.13781	supercritical
192.69	381.00	359.67	0.0027803	219.32	325.25	1.5415	1.8987	3.3292	1121.6	-0.031746	5.6693e-05	0.13699	supercritical
193.69	381.00	358.51	0.0027893	222.30	328.58	1.5588	1.8970	3.3308	1116.3	-0.031357	5.6179e-05	0.13618	supercritical
194.69	381.00	357.35	0.0027983	225.29	331.91	1.5759	1.8952	3.3324	1111.1	-0.030964	5.5672e-05	0.13538	supercritical
195.69	381.00	356.20	0.0028075	228.28	335.24	1.5930	1.8936	3.3340	1105.9	-0.030567	5.5174e-05	0.13459	supercritical
196.69	381.00	355.04	0.0028166	231.26	338.58	1.6100	1.8919	3.3356	1100.8	-0.030165	5.4684e-05	0.13380	supercritical
197.69	381.00	353.87	0.0028259	234.25	341.91	1.6269	1.8903	3.3372	1095.7	-0.029758	5.4201e-05	0.13301	supercritical
198.69	381.00	352.71	0.0028352	237.23	345.25	1.6438	1.8887	3.3388	1090.6	-0.029347	5.3725e-05	0.13224	supercritical
199.69	381.00	351.55	0.0028445	240.21	348.59	1.6605	1.8872	3.3404	1085.5	-0.028932	5.3258e-05	0.13147	supercritical
200.69	381.00	350.39	0.0028540	243.19	351.93	1.6772	1.8857	3.3420	1080.4	-0.028512	5.2797e-05	0.13071	supercritical
201.69	381.00	349.23	0.0028635	246.18	355.27	1.6938	1.8842	3.3436	1075.4	-0.028088	5.2343e-05	0.12995	supercritical
202.69	381.00	348.06	0.0028731	249.16	358.62	1.7104	1.8827	3.3452	1070.5	-0.027659	5.1897e-05	0.12920	supercritical
203.69	381.00	346.90	0.0028827	252.13	361.96	1.7269	1.8813	3.3468	1065.5	-0.027226	5.1457e-05	0.12846	supercritical
204.69	381.00	345.73	0.0028924	255.11	365.31	1.7432	1.8800	3.3484	1060.6	-0.026789	5.1024e-05	0.12772	supercritical
205.69	381.00	344.57	0.0029022	258.09	368.66	1.7596	1.8786	3.3500	1055.7	-0.026347	5.0597e-05	0.12700	supercritical
206.69	381.00	343.40	0.0029121	261.06	372.01	1.7758	1.8773	3.3516	1050.8	-0.025901	5.0177e-05	0.12627	supercritical
207.69	381.00	342.23	0.0029220	264.04	375.36	1.7920	1.8760	3.3531	1046.0	-0.025451	4.9763e-05	0.12556	supercritical
208.69	381.00	341.07	0.0029320	267.01	378.72	1.8081	1.8748	3.3547	1041.2	-0.024997	4.9355e-05	0.12485	supercritical
209.69	381.00	339.90	0.0029420	269.98	382.07	1.8241	1.8736	3.3563	1036.5	-0.024539	4.8953e-05	0.12414	supercritical
210.69	381.00	338.73	0.0029522	272.95	385.43	1.8401	1.8724	3.3578	1031.7	-0.024076	4.8557e-05	0.12344	supercritical
211.69	381.00	337.57	0.0029624	275.92	388.79	1.8560	1.8712	3.3594	1027.0	-0.023610	4.8167e-05	0.12275	supercritical
212.69	381.00	336.40	0.0029727	278.89	392.15	1.8719	1.8701	3.3609	1022.4	-0.023139	4.7783e-05	0.12207	supercritical
213.69	381.00	335.23	0.0029830	281.86	395.51	1.8876	1.8690	3.3625	1017.7	-0.022665	4.7404e-05	0.12139	supercritical
214.69	381.00	334.06	0.0029935	284.82	398.87	1.9033	1.8680	3.3640	1013.1	-0.022186	4.7031e-05	0.12072	supercritical
215.69	381.00	332.89	0.0030040	287.79	402.24	1.9190	1.8670	3.3655	1008.6	-0.021704	4.6663e-05	0.12006	supercritical
216.69	381.00	331.73	0.0030145	290.75	405.61	1.9345	1.8660	3.3670	1004.0	-0.021218	4.6301e-05	0.11940	supercritical
217.69	381.00	330.56	0.0030252	293.71	408.97	1.9500	1.8650	3.3685	999.53	-0.020728	4.5944e-05	0.11875	supercritical
218.69	381.00	329.39	0.0030359	296.67	412.34	1.9655	1.8641	3.3699	995.06	-0.020235	4.5592e-05	0.11810	supercritical
219.69	381.00	328.22	0.0030467	299.63	415.71	1.9809	1.8632	3.3714	990.63	-0.019738	4.5244e-05	0.11746	supercritical
220.69	381.00	327.05	0.0030576	302.59	419.09	1.9962	1.8624	3.3728	986.23	-0.019237	4.4902e-05	0.11683	supercritical
221.69	381.00	325.89	0.0030685	305.55	422.46	2.0114	1.8616	3.3742	981.87	-0.018733	4.4565e-05	0.11620	supercritical
222.69	381.00	324.72	0.0030796	308.50	425.83	2.0266	1.8608	3.3756	977.54	-0.018226	4.4233e-05	0.11558	supercritical
223.69	381.00	323.55	0.0030907	311.45	429.21	2.0417	1.8600	3.3769	973.25	-0.017715	4.3905e-05	0.11497	supercritical
224.69	381.00	322.39	0.0031019	314.41	432.59	2.0568	1.8593	3.3782	968.99	-0.017201	4.3582e-05	0.11436	supercritical
225.69	381.00	321.22	0.0031131	317.36	435.97	2.0718	1.8586	3.3795	964.77	-0.016684	4.3263e-05	0.11376	supercritical
226.69	381.00	320.06	0.0031244	320.30	439.35	2.0868	1.8580	3.3808	960.59	-0.016164	4.2949e-05	0.11317	supercritical
227.69	381.00	318.89	0.0031359	323.25	442.73	2.1016	1.8573	3.3821	956.44	-0.015641	4.2639e-05	0.11258	supercritical
228.69	381.00	317.73	0.0031473	326.20	446.11	2.1165	1.8567	3.3833	952.32	-0.015115	4.2334e-05	0.11200	supercritical
229.69	381.00	316.56	0.0031589	329.14	449.49	2.1312	1.8562	3.3845	948.24	-0.014586	4.2032e-05	0.11143	supercritical
230.69	381.00	315.40	0.0031706	332.08	452.88	2.1459	1.8557	3.3857	944.20	-0.014054	4.1735e-05	0.11086	supercritical
231.69	381.00	314.24	0.0031823	335.02	456.27	2.1606	1.8552	3.3868	940.19	-0.013520	4.1442e-05	0.11029	supercritical
232.69	381.00	313.08	0.0031941	337.96	459.65	2.1752	1.8547	3.3879	936.22	-0.012984	4.1154e-05	0.10974	supercritical
233.69	381.00	311.92	0.0032059	340.90	463.04	2.1897	1.8542	3.3890	932.29	-0.012445	4.0869e-05	0.10919	supercritical
234.69	381.00	310.76	0.0032179	343.83	466.43	2.2042	1.8538	3.3900	928.39	-0.011904	4.0588e-05	0.10864	supercritical
235.69	381.00	309.60	0.0032299	346.76	469.82	2.2186	1.8535	3.3910	924.54	-0.011361	4.0311e-05	0.10811	supercritical
236.69	381.00	308.45	0.0032420	349.69	473.21	2.2329	1.8531	3.3920	920.71	-0.010816	4.0038e-05	0.10758	supercritical
237.69	381.00	307.29	0.0032542	352.62	476.61	2.2472	1.8528	3.3929	916.93	-0.010268	3.9768e-05	0.10705	supercritical
238.69	381.00	306.14	0.0032665	355.55	480.00	2.2615	1.8525	3.3938	913.18	-0.0097194	3.9503e-05	0.10653	supercritical
239.69	381.00	304.99	0.0032788	358.47	483.39	2.2757	1.8523	3.3947	909.47	-0.0091688	3.9241e-05	0.10602	supercritical
240.69	381.00	303.84	0.0032912	361.39	486.79	2.2898	1.8521	3.3955	905.79	-0.0086165	3.8982e-05	0.10551	supercritical
241.69	381.00	302.69	0.0033037	364.31	490.18	2.3039	1.8519	3.3962	902.16	-0.0080628	3.8727e-05	0.10501	supercritical
242.69	381.00	301.54	0.0033163	367.23	493.58	2.3179	1.8517	3.3970	898.56	-0.0075078	3.8476e-05	0.10452	supercritical
243.69	381.00	300.39	0.0033290	370.14	496.98	2.3319	1.8516	3.3977	895.00	-0.0069516	3.8228e-05	0.10403	supercritical
244.69	381.00	299.25	0.0033417	373.06	500.38	2.3458	1.8515	3.3983	891.47	-0.0063943	3.7984e-05	0.10355	supercritical
245.69	381.00	298.11	0.0033545	375.97	503.77	2.3597	1.8514	3.3989	887.98	-0.0058361	3.7742e-05	0.10307	supercritical
246.69	381.00	296.97	0.0033674	378.88	507.17	2.3735	1.8514	3.3995	884.54	-0.0052771	3.7505e-05	0.10260	supercritical
247.69	381.00	295.83	0.0033804	381.78	510.57	2.3872	1.8513	3.4000	881.12	-0.0047174	3.7270e-05	0.10214	supercritical
248.69	381.00	294.69	0.0033934	384.69	513.97	2.4009	1.8514	3.4004	877.75	-0.0041572	3.7039e-05	0.10168	supercritical
249.69	381.00	293.56	0.0034065	387.59	517.37	2.4146	1.8514	3.4009	874.41	-0.0035965	3.6810e-05	0.10123	supercritical
250.69	381.00	292.42	0.0034197	390.48	520.78	2.4282	1.8515	3.4012	871.11	-0.0030356	3.6585e-05	0.10078	supercritical
251.69	381.00	291.29	0.0034330	393.38	524.18	2.4417	1.8516	3.4016	867.85	-0.0024746	3.6363e-05	0.10034	supercritical
252.69	381.00	290.17	0.0034463	396.27	527.58	2.4552	1.8517	3.4018	864.63	-0.0019136	3.6144e-05	0.099908	supercritical
253.69	381.00	289.04	0.0034597	399.16	530.98	2.4686	1.8519	3.4021	861.44	-0.0013527	3.5928e-05	0.099479	supercritical
254.69	381.00	287.92	0.0034732	402.05	534.38	2.4820	1.8521	3.4023	858.30	-0.00079209	3.5715e-05	0.099056	supercritical
255.69	381.00	286.80	0.0034868	404.94	537.79	2.4953	1.8523	3.4024	855.18	-0.00023192	3.5505e-05	0.098639	supercritical
256.69	381.00	285.68	0.0035004	407.82	541.19	2.5086	1.8526	3.4025	852.11	0.00032768	3.5298e-05	0.098227	supercritical
257.69	381.00	284.56	0.0035142	410.70	544.59	2.5219	1.8528	3.4025	849.07	0.00088657	3.5094e-05	0.097822	supercritical
258.69	381.00	283.45	0.0035279	413.58	547.99	2.5350	1.8531	3.4025	846.07	0.0014446	3.4892e-05	0.097421	supercritical
259.69	381.00	282.34	0.0035418	416.45	551.39	2.5482	1.8535	3.4024	843.11	0.0020017	3.4694e-05	0.097027	supercritical
260.69	381.00	281.24	0.0035557	419.32	554.80	2.5612	1.8538	3.4023	840.19	0.0025576	3.4498e-05	0.096638	supercritical
261.69	381.00	280.13	0.0035698	422.19	558.20	2.5743	1.8542	3.4022	837.30	0.0031122	3.4304e-05	0.096254	supercritical
262.69	381.00	279.03	0.0035838	425.06	561.60	2.5872	1.8546	3.4020	834.45	0.0036654	3.4114e-05	0.095876	supercritical
263.69	381.00	277.93	0.0035980	427.92	565.00	2.6002	1.8551	3.4017	831.63	0.0042171	3.3926e-05	0.095504	supercritical
264.69	381.00	276.84	0.0036122	430.78	568.41	2.6130	1.8555	3.4014	828.85	0.0047671	3.3741e-05	0.095137	supercritical
265.69	381.00	275.75	0.0036265	433.64	571.81	2.6259	1.8560	3.4010	826.11	0.0053152	3.3558e-05	0.094775	supercritical
266.69	381.00	274.66	0.0036409	436.49	575.21	2.6386	1.8566	3.4006	823.41	0.0058614	3.3378e-05	0.094419	supercritical
267.69	381.00	273.58	0.0036553	439.34	578.61	2.6514	1.8571	3.4002	820.74	0.0064054	3.3200e-05	0.094068	supercritical
268.69	381.00	272.49	0.0036698	442.19	582.01	2.6640	1.8577	3.3997	818.11	0.0069472	3.3025e-05	0.093722	supercritical
269.69	381.00	271.42	0.0036844	445.03	585.41	2.6767	1.8583	3.3991	815.51	0.0074865	3.2852e-05	0.093382	supercritical
270.69	381.00	270.34	0.0036990	447.87	588.81	2.6893	1.8589	3.3985	812.95	0.0080234	3.2682e-05	0.093047	supercritical
271.69	381.00	269.27	0.0037137	450.71	592.20	2.7018	1.8596	3.3979	810.42	0.0085576	3.2514e-05	0.092717	supercritical
272.69	381.00	268.20	0.0037285	453.55	595.60	2.7143	1.8603	3.3972	807.93	0.0090890	3.2348e-05	0.092392	supercritical
273.69	381.00	267.14	0.0037433	456.38	599.00	2.7267	1.8610	3.3964	805.47	0.0096174	3.2185e-05	0.092072	supercritical
274.69	381.00	266.08	0.0037582	459.21	602.39	2.7391	1.8617	3.3956	803.05	0.010143	3.2024e-05	0.091757	supercritical
275.69	381.00	265.03	0.0037732	462.03	605.79	2.7514	1.8625	3.3948	800.67	0.010665	3.1865e-05	0.091447	supercritical
276.69	381.00	263.98	0.0037882	464.85	609.18	2.7637	1.8633	3.3939	798.32	0.011184	3.1709e-05	0.091142	supercritical
277.69	381.00	262.93	0.0038033	467.67	612.58	2.7760	1.8641	3.3930	796.00	0.011699	3.1554e-05	0.090842	supercritical
278.69	381.00	261.88	0.0038185	470.49	615.97	2.7882	1.8649	3.3920	793.72	0.012211	3.1402e-05	0.090547	supercritical
279.69	381.00	260.84	0.0038337	473.30	619.36	2.8003	1.8658	3.3910	791.47	0.012720	3.1252e-05	0.090257	supercritical
280.69	381.00	259.81	0.0038490	476.11	622.75	2.8124	1.8667	3.3899	789.25	0.013224	3.1105e-05	0.089971	supercritical
281.69	381.00	258.78	0.0038643	478.91	626.14	2.8245	1.8676	3.3888	787.07	0.013724	3.0959e-05	0.089691	supercritical
282.69	381.00	257.75	0.0038797	481.71	629.53	2.8365	1.8685	3.3877	784.92	0.014221	3.0815e-05	0.089415	supercritical
283.69	381.00	256.73	0.0038952	484.51	632.92	2.8484	1.8695	3.3865	782.81	0.014713	3.0674e-05	0.089143	supercritical
284.69	381.00	255.71	0.0039107	487.31	636.30	2.8603	1.8705	3.3853	780.73	0.015201	3.0534e-05	0.088877	supercritical
285.69	381.00	254.69	0.0039263	490.10	639.69	2.8722	1.8715	3.3840	778.68	0.015685	3.0397e-05	0.088615	supercritical
286.69	381.00	253.69	0.0039419	492.88	643.07	2.8840	1.8725	3.3827	776.66	0.016164	3.0262e-05	0.088357	supercritical
287.69	381.00	252.68	0.0039576	495.67	646.45	2.8958	1.8736	3.3814	774.67	0.016639	3.0128e-05	0.088104	supercritical
288.69	381.00	251.68	0.0039733	498.45	649.83	2.9075	1.8747	3.3800	772.72	0.017109	2.9997e-05	0.087855	supercritical
289.69	381.00	250.68	0.0039891	501.23	653.21	2.9192	1.8758	3.3786	770.79	0.017575	2.9867e-05	0.087611	supercritical
290.69	381.00	249.69	0.0040050	504.00	656.59	2.9309	1.8769	3.3772	768.90	0.018035	2.9739e-05	0.087371	supercritical
291.69	381.00	248.70	0.0040209	506.77	659.97	2.9425	1.8781	3.3757	767.04	0.018491	2.9613e-05	0.087135	supercritical
292.69	381.00	247.72	0.0040368	509.54	663.34	2.9540	1.8793	3.3742	765.21	0.018941	2.9489e-05	0.086904	supercritical
293.69	381.00	246.74	0.0040528	512.30	666.72	2.9655	1.8805	3.3727	763.41	0.019387	2.9367e-05	0.086677	supercritical
294.69	381.00	245.77	0.0040689	515.06	670.09	2.9770	1.8817	3.3711	761.64	0.019827	2.9247e-05	0.086454	supercritical
295.69	381.00	244.80	0.0040850	517.82	673.46	2.9884	1.8829	3.3695	759.90	0.020262	2.9128e-05	0.086235	supercritical
296.69	381.00	243.84	0.0041011	520.57	676.83	2.9998	1.8842	3.3679	758.19	0.020692	2.9011e-05	0.086020	supercritical
297.69	381.00	242.88	0.0041173	523.32	680.19	3.0111	1.8855	3.3662	756.51	0.021116	2.8896e-05	0.085809	supercritical
298.69	381.00	241.92	0.0041335	526.07	683.56	3.0224	1.8868	3.3645	754.85	0.021535	2.8783e-05	0.085603	supercritical
299.69	381.00	240.97	0.0041498	528.81	686.92	3.0336	1.8882	3.3628	753.23	0.021949	2.8671e-05	0.085400	supercritical
300.69	381.00	240.03	0.0041662	531.55	690.28	3.0448	1.8895	3.3611	751.63	0.022356	2.8561e-05	0.085201	supercritical
301.69	381.00	239.09	0.0041825	534.29	693.64	3.0560	1.8909	3.3594	750.06	0.022759	2.8452e-05	0.085006	supercritical
302.69	381.00	238.15	0.0041990	537.02	697.00	3.0671	1.8923	3.3576	748.52	0.023155	2.8345e-05	0.084815	supercritical
303.69	381.00	237.22	0.0042154	539.75	700.36	3.0782	1.8937	3.3558	747.01	0.023546	2.8240e-05	0.084628	supercritical
304.69	381.00	236.30	0.0042319	542.48	703.71	3.0892	1.8952	3.3540	745.52	0.023931	2.8137e-05	0.084444	supercritical
305.69	381.00	235.38	0.0042485	545.20	707.07	3.1002	1.8967	3.3522	744.06	0.024310	2.8035e-05	0.084265	supercritical
306.69	381.00	234.46	0.0042650	547.92	710.42	3.1111	1.8982	3.3503	742.63	0.024684	2.7934e-05	0.084088	supercritical
307.69	381.00	233.55	0.0042817	550.64	713.77	3.1220	1.8997	3.3485	741.22	0.025051	2.7835e-05	0.083916	supercritical
308.69	381.00	232.65	0.0042983	553.35	717.12	3.1329	1.9012	3.3466	739.84	0.025413	2.7738e-05	0.083747	supercritical
309.69	381.00	231.75	0.0043150	556.06	720.46	3.1437	1.9028	3.3447	738.49	0.025769	2.7642e-05	0.083582	supercritical
310.69	381.00	230.85	0.0043318	558.77	723.81	3.1545	1.9043	3.3428	737.16	0.026118	2.7547e-05	0.083420	supercritical
311.69	381.00	229.96	0.0043485	561.47	727.15	3.1652	1.9059	3.3409	735.85	0.026462	2.7454e-05	0.083261	supercritical
312.69	381.00	229.08	0.0043653	564.17	730.49	3.1759	1.9076	3.3390	734.57	0.026799	2.7362e-05	0.083107	supercritical
313.69	381.00	228.20	0.0043822	566.86	733.83	3.1866	1.9092	3.3371	733.31	0.027131	2.7272e-05	0.082955	supercritical
314.69	381.00	227.32	0.0043990	569.56	737.16	3.1972	1.9109	3.3351	732.08	0.027457	2.7183e-05	0.082807	supercritical
315.69	381.00	226.45	0.0044160	572.25	740.50	3.2078	1.9125	3.3332	730.87	0.027776	2.7096e-05	0.082662	supercritical
316.69	381.00	225.59	0.0044329	574.93	743.83	3.2183	1.9142	3.3313	729.69	0.028089	2.7010e-05	0.082520	supercritical
317.69	381.00	224.73	0.0044499	577.62	747.16	3.2288	1.9160	3.3293	728.52	0.028397	2.6925e-05	0.082382	supercritical
318.69	381.00	223.87	0.0044669	580.30	750.49	3.2393	1.9177	3.3274	727.38	0.028698	2.6841e-05	0.082247	supercritical
319.69	381.00	223.02	0.0044839	582.98	753.81	3.2497	1.9195	3.3254	726.27	0.028993	2.6759e-05	0.082115	supercritical
320.69	381.00	222.18	0.0045009	585.65	757.14	3.2601	1.9213	3.3234	725.17	0.029282	2.6678e-05	0.081986	supercritical
321.69	381.00	221.34	0.0045180	588.32	760.46	3.2704	1.9231	3.3215	724.10	0.029565	2.6599e-05	0.081861	supercritical
322.69	381.00	220.50	0.0045351	590.99	763.78	3.2807	1.9249	3.3195	723.05	0.029842	2.6520e-05	0.081738	supercritical
323.69	381.00	219.67	0.0045523	593.66	767.10	3.2910	1.9267	3.3176	722.02	0.030112	2.6443e-05	0.081618	supercritical
324.69	381.00	218.85	0.0045694	596.32	770.42	3.3012	1.9286	3.3156	721.01	0.030377	2.6367e-05	0.081502	supercritical
325.69	381.00	218.03	0.0045866	598.98	773.73	3.3114	1.9305	3.3137	720.02	0.030636	2.6293e-05	0.081388	supercritical
326.69	381.00	217.21	0.0046038	601.64	777.04	3.3216	1.9324	3.3117	719.05	0.030888	2.6219e-05	0.081277	supercritical
327.69	381.00	216.40	0.0046211	604.29	780.35	3.3317	1.9343	3.3098	718.10	0.031135	2.6147e-05	0.081170	supercritical
328.69	381.00	215.60	0.0046383	606.94	783.66	3.3418	1.9362	3.3079	717.17	0.031375	2.6076e-05	0.081065	supercritical
329.69	381.00	214.80	0.0046556	609.59	786.97	3.3518	1.9382	3.3060	716.27	0.031610	2.6006e-05	0.080963	supercritical
330.69	381.00	214.00	0.0046729	612.24	790.27	3.3618	1.9401	3.3040	715.38	0.031838	2.5937e-05	0.080863	supercritical
331.69	381.00	213.21	0.0046902	614.88	793.58	3.3718	1.9421	3.3021	714.51	0.032061	2.5869e-05	0.080767	supercritical
332.69	381.00	212.42	0.0047076	617.52	796.88	3.3817	1.9441	3.3003	713.66	0.032278	2.5802e-05	0.080673	supercritical
333.69	381.00	211.64	0.0047249	620.16	800.18	3.3916	1.9462	3.2984	712.82	0.032489	2.5737e-05	0.080582	supercritical
334.69	381.00	210.87	0.0047423	622.79	803.48	3.4015	1.9482	3.2965	712.01	0.032694	2.5672e-05	0.080494	supercritical
335.69	381.00	210.10	0.0047597	625.43	806.77	3.4113	1.9503	3.2946	711.21	0.032893	2.5609e-05	0.080408	supercritical
336.69	381.00	209.33	0.0047771	628.06	810.06	3.4211	1.9524	3.2928	710.43	0.033086	2.5546e-05	0.080325	supercritical
337.69	381.00	208.57	0.0047946	630.68	813.36	3.4309	1.9545	3.2910	709.67	0.033274	2.5485e-05	0.080244	supercritical
338.69	381.00	207.81	0.0048120	633.31	816.65	3.4406	1.9566	3.2892	708.93	0.033456	2.5424e-05	0.080166	supercritical
339.69	381.00	207.06	0.0048295	635.93	819.93	3.4503	1.9587	3.2873	708.20	0.033632	2.5365e-05	0.080091	supercritical
340.69	381.00	206.32	0.0048469	638.55	823.22	3.4600	1.9609	3.2856	707.49	0.033803	2.5306e-05	0.080018	supercritical
341.69	381.00	205.57	0.0048644	641.17	826.51	3.4696	1.9630	3.2838	706.80	0.033968	2.5249e-05	0.079948	supercritical
342.69	381.00	204.84	0.0048819	643.79	829.79	3.4792	1.9652	3.2820	706.12	0.034127	2.5192e-05	0.079880	supercritical
343.69	381.00	204.10	0.0048995	646.40	833.07	3.4888	1.9674	3.2803	705.46	0.034281	2.5137e-05	0.079814	supercritical
344.69	381.00	203.38	0.0049170	649.01	836.35	3.4983	1.9697	3.2786	704.81	0.034430	2.5082e-05	0.079751	supercritical
345.69	381.00	202.65	0.0049345	651.62	839.63	3.5078	1.9719	3.2769	704.18	0.034573	2.5028e-05	0.079690	supercritical
346.69	381.00	201.93	0.0049521	654.23	842.90	3.5173	1.9741	3.2752	703.57	0.034711	2.4976e-05	0.079632	supercritical
347.69	381.00	201.22	0.0049697	656.83	846.18	3.5267	1.9764	3.2736	702.96	0.034843	2.4924e-05	0.079576	supercritical
348.69	381.00	200.51	0.0049872	659.44	849.45	3.5361	1.9787	3.2719	702.38	0.034970	2.4872e-05	0.079522	supercritical
349.69	381.00	199.81	0.0050048	662.04	852.72	3.5454	1.9810	3.2703	701.81	0.035092	2.4822e-05	0.079471	supercritical
350.69	381.00	199.11	0.0050224	664.64	855.99	3.5548	1.9833	3.2687	701.25	0.035209	2.4773e-05	0.079421	supercritical
351.69	381.00	198.41	0.0050400	667.23	859.26	3.5641	1.9857	3.2672	700.71	0.035321	2.4724e-05	0.079374	supercritical
352.69	381.00	197.72	0.0050577	669.83	862.53	3.5734	1.9880	3.2656	700.18	0.035427	2.4677e-05	0.079330	supercritical
353.69	381.00	197.03	0.0050753	672.42	865.79	3.5826	1.9904	3.2641	699.67	0.035529	2.4630e-05	0.079287	supercritical
354.69	381.00	196.35	0.0050929	675.01	869.05	3.5918	1.9928	3.2626	699.17	0.035626	2.4584e-05	0.079246	supercritical
355.69	381.00	195.67	0.0051106	677.60	872.32	3.6010	1.9952	3.2611	698.68	0.035717	2.4539e-05	0.079208	supercritical
356.69	381.00	195.00	0.0051282	680.19	875.58	3.6102	1.9976	3.2597	698.20	0.035804	2.4494e-05	0.079172	supercritical
357.69	381.00	194.33	0.0051459	682.78	878.83	3.6193	2.0000	3.2583	697.74	0.035886	2.4450e-05	0.079138	supercritical
358.69	381.00	193.67	0.0051635	685.36	882.09	3.6284	2.0024	3.2569	697.29	0.035964	2.4408e-05	0.079106	supercritical
359.69	381.00	193.01	0.0051812	687.95	885.35	3.6374	2.0049	3.2555	696.86	0.036036	2.4365e-05	0.079076	supercritical
360.69	381.00	192.35	0.0051988	690.53	888.60	3.6465	2.0074	3.2541	696.43	0.036104	2.4324e-05	0.079048	supercritical
361.69	381.00	191.70	0.0052165	693.11	891.86	3.6555	2.0099	3.2528	696.02	0.036168	2.4283e-05	0.079022	supercritical
362.69	381.00	191.05	0.0052342	695.69	895.11	3.6645	2.0124	3.2515	695.62	0.036227	2.4243e-05	0.078998	supercritical
363.69	381.00	190.41	0.0052519	698.26	898.36	3.6734	2.0149	3.2502	695.23	0.036281	2.4204e-05	0.078976	supercritical
364.69	381.00	189.77	0.0052696	700.84	901.61	3.6823	2.0174	3.2490	694.86	0.036331	2.4166e-05	0.078956	supercritical
365.69	381.00	189.13	0.0052872	703.41	904.86	3.6912	2.0199	3.2478	694.49	0.036377	2.4128e-05	0.078938	supercritical
366.69	381.00	188.50	0.0053049	705.99	908.11	3.7001	2.0225	3.2466	694.14	0.036419	2.4091e-05	0.078922	supercritical
367.69	381.00	187.88	0.0053226	708.56	911.35	3.7089	2.0251	3.2454	693.79	0.036456	2.4054e-05	0.078908	supercritical
368.69	381.00	187.25	0.0053403	711.13	914.60	3.7178	2.0277	3.2443	693.46	0.036489	2.4018e-05	0.078895	supercritical
369.69	381.00	186.64	0.0053580	713.70	917.84	3.7265	2.0303	3.2432	693.14	0.036518	2.3983e-05	0.078885	supercritical
370.69	381.00	186.02	0.0053757	716.27	921.08	3.7353	2.0329	3.2421	692.83	0.036543	2.3949e-05	0.078876	supercritical
371.69	381.00	185.41	0.0053934	718.83	924.32	3.7440	2.0355	3.2411	692.53	0.036564	2.3915e-05	0.078869	supercritical
372.69	381.00	184.80	0.0054111	721.40	927.56	3.7527	2.0381	3.2401	692.24	0.036581	2.3881e-05	0.078864	supercritical
373.69	381.00	184.20	0.0054288	723.97	930.80	3.7614	2.0408	3.2391	691.96	0.036595	2.3849e-05	0.078861	supercritical
374.69	381.00	183.60	0.0054465	726.53	934.04	3.7701	2.0435	3.2381	691.69	0.036604	2.3817e-05	0.078859	supercritical
375.69	381.00	183.01	0.0054642	729.09	937.28	3.7787	2.0461	3.2372	691.43	0.036610	2.3785e-05	0.078859	supercritical
376.69	381.00	182.42	0.0054819	731.66	940.52	3.7873	2.0488	3.2363	691.18	0.036612	2.3755e-05	0.078861	supercritical
377.69	381.00	181.83	0.0054996	734.22	943.75	3.7959	2.0515	3.2354	690.93	0.036610	2.3724e-05	0.078865	supercritical
378.69	381.00	181.25	0.0055173	736.78	946.99	3.8044	2.0543	3.2346	690.70	0.036605	2.3695e-05	0.078870	supercritical
379.69	381.00	180.67	0.0055350	739.34	950.22	3.8130	2.0570	3.2338	690.48	0.036596	2.3666e-05	0.078877	supercritical
380.69	381.00	180.09	0.0055527	741.90	953.46	3.8215	2.0597	3.2330	690.26	0.036584	2.3637e-05	0.078886	supercritical
381.69	381.00	179.52	0.0055704	744.46	956.69	3.8300	2.0625	3.2322	690.06	0.036568	2.3609e-05	0.078897	supercritical
382.69	381.00	178.95	0.0055881	747.01	959.92	3.8384	2.0652	3.2315	689.86	0.036549	2.3582e-05	0.078909	supercritical
383.69	381.00	178.39	0.0056058	749.57	963.15	3.8468	2.0680	3.2308	689.67	0.036527	2.3555e-05	0.078922	supercritical
384.69	381.00	177.83	0.0056234	752.13	966.38	3.8553	2.0708	3.2301	689.49	0.036502	2.3529e-05	0.078937	supercritical
385.69	381.00	177.27	0.0056411	754.68	969.61	3.8636	2.0736	3.2295	689.32	0.036473	2.3503e-05	0.078954	supercritical
386.69	381.00	176.72	0.0056588	757.24	972.84	3.8720	2.0764	3.2289	689.16	0.036441	2.3478e-05	0.078973	supercritical
387.69	381.00	176.17	0.0056765	759.80	976.07	3.8803	2.0793	3.2283	689.00	0.036407	2.3453e-05	0.078993	supercritical
388.69	381.00	175.62	0.0056942	762.35	979.30	3.8887	2.0821	3.2277	688.86	0.036369	2.3429e-05	0.079014	supercritical
389.69	381.00	175.08	0.0057118	764.90	982.52	3.8969	2.0849	3.2272	688.72	0.036328	2.3405e-05	0.079037	supercritical
390.69	381.00	174.54	0.0057295	767.46	985.75	3.9052	2.0878	3.2267	688.58	0.036284	2.3382e-05	0.079062	supercritical
391.69	381.00	174.00	0.0057471	770.01	988.98	3.9135	2.0907	3.2263	688.46	0.036238	2.3359e-05	0.079088	supercritical
392.69	381.00	173.47	0.0057648	772.57	992.20	3.9217	2.0935	3.2258	688.34	0.036188	2.3337e-05	0.079115	supercritical
393.69	381.00	172.94	0.0057824	775.12	995.43	3.9299	2.0964	3.2254	688.23	0.036136	2.3315e-05	0.079144	supercritical
394.69	381.00	172.41	0.0058001	777.67	998.66	3.9381	2.0993	3.2251	688.13	0.036082	2.3294e-05	0.079175	supercritical
395.69	381.00	171.89	0.0058177	780.22	1001.9	3.9462	2.1022	3.2247	688.04	0.036024	2.3273e-05	0.079207	supercritical
396.69	381.00	171.37	0.0058354	782.78	1005.1	3.9544	2.1052	3.2244	687.95	0.035964	2.3253e-05	0.079240	supercritical
397.69	381.00	170.85	0.0058530	785.33	1008.3	3.9625	2.1081	3.2241	687.87	0.035902	2.3233e-05	0.079275	supercritical
398.69	381.00	170.34	0.0058706	787.88	1011.6	3.9706	2.1110	3.2239	687.79	0.035837	2.3213e-05	0.079311	supercritical
399.69	381.00	169.83	0.0058882	790.43	1014.8	3.9787	2.1140	3.2236	687.72	0.035769	2.3194e-05	0.079349	supercritical
400.69	381.00	169.32	0.0059059	792.99	1018.0	3.9867	2.1169	3.2234	687.66	0.035699	2.3175e-05	0.079388	supercritical
401.69	381.00	168.82	0.0059235	795.54	1021.2	3.9948	2.1199	3.2233	687.61	0.035627	2.3157e-05	0.079428	supercritical
402.69	381.00	168.32	0.0059411	798.09	1024.4	4.0028	2.1229	3.2231	687.56	0.035552	2.3139e-05	0.079470	supercritical
403.69	381.00	167.82	0.0059587	800.64	1027.7	4.0108	2.1259	3.2230	687.51	0.035476	2.3122e-05	0.079513	supercritical
404.69	381.00	167.33	0.0059763	803.20	1030.9	4.0187	2.1289	3.2229	687.48	0.035397	2.3105e-05	0.079557	supercritical
405.69	381.00	166.84	0.0059938	805.75	1034.1	4.0267	2.1319	3.2229	687.45	0.035316	2.3088e-05	0.079603	supercritical
406.69	381.00	166.35	0.0060114	808.30	1037.3	4.0346	2.1349	3.2228	687.42	0.035232	2.3072e-05	0.079650	supercritical
407.69	381.00	165.87	0.0060290	810.86	1040.6	4.0425	2.1379	3.2228	687.40	0.035147	2.3056e-05	0.079698	supercritical
408.69	381.00	165.38	0.0060465	813.41	1043.8	4.0504	2.1410	3.2229	687.39	0.035060	2.3041e-05	0.079748	supercritical
409.69	381.00	164.90	0.0060641	815.96	1047.0	4.0583	2.1440	3.2229	687.38	0.034970	2.3026e-05	0.079799	supercritical
410.69	381.00	164.43	0.0060817	818.52	1050.2	4.0662	2.1471	3.2230	687.38	0.034879	2.3011e-05	0.079851	supercritical
411.69	381.00	163.96	0.0060992	821.07	1053.5	4.0740	2.1501	3.2231	687.39	0.034786	2.2997e-05	0.079904	supercritical
412.69	381.00	163.49	0.0061167	823.63	1056.7	4.0818	2.1532	3.2232	687.39	0.034691	2.2983e-05	0.079959	supercritical
413.69	381.00	163.02	0.0061343	826.18	1059.9	4.0896	2.1563	3.2234	687.41	0.034594	2.2970e-05	0.080015	supercritical
414.69	381.00	162.55	0.0061518	828.74	1063.1	4.0974	2.1594	3.2236	687.43	0.034496	2.2956e-05	0.080072	supercritical
415.69	381.00	162.09	0.0061693	831.30	1066.3	4.1052	2.1625	3.2238	687.45	0.034396	2.2944e-05	0.080130	supercritical
416.69	381.00	161.63	0.0061868	833.85	1069.6	4.1129	2.1656	3.2241	687.48	0.034294	2.2931e-05	0.080189	supercritical
417.69	381.00	161.18	0.0062043	836.41	1072.8	4.1206	2.1687	3.2243	687.52	0.034190	2.2919e-05	0.080250	supercritical
418.69	381.00	160.73	0.0062218	838.97	1076.0	4.1284	2.1718	3.2246	687.56	0.034085	2.2907e-05	0.080312	supercritical
419.69	381.00	160.28	0.0062393	841.53	1079.2	4.1360	2.1749	3.2249	687.60	0.033978	2.2896e-05	0.080375	supercritical
420.69	381.00	159.83	0.0062567	844.09	1082.5	4.1437	2.1780	3.2253	687.65	0.033870	2.2885e-05	0.080439	supercritical
421.69	381.00	159.38	0.0062742	846.65	1085.7	4.1514	2.1812	3.2257	687.71	0.033760	2.2874e-05	0.080504	supercritical
422.69	381.00	158.94	0.0062917	849.21	1088.9	4.1590	2.1843	3.2261	687.77	0.033649	2.2863e-05	0.080571	supercritical
423.69	381.00	158.50	0.0063091	851.77	1092.1	4.1666	2.1875	3.2265	687.83	0.033536	2.2853e-05	0.080639	supercritical
424.69	381.00	158.06	0.0063265	854.33	1095.4	4.1743	2.1907	3.2269	687.90	0.033422	2.2843e-05	0.080707	supercritical
425.69	381.00	157.63	0.0063440	856.90	1098.6	4.1818	2.1938	3.2274	687.97	0.033306	2.2834e-05	0.080777	supercritical
426.69	381.00	157.20	0.0063614	859.46	1101.8	4.1894	2.1970	3.2279	688.05	0.033190	2.2824e-05	0.080848	supercritical
427.69	381.00	156.77	0.0063788	862.02	1105.1	4.1970	2.2002	3.2284	688.13	0.033071	2.2816e-05	0.080920	supercritical
428.69	381.00	156.34	0.0063962	864.59	1108.3	4.2045	2.2034	3.2290	688.21	0.032952	2.2807e-05	0.080993	supercritical
429.69	381.00	155.92	0.0064136	867.16	1111.5	4.2120	2.2066	3.2296	688.30	0.032832	2.2799e-05	0.081067	supercritical
430.69	381.00	155.50	0.0064310	869.72	1114.7	4.2195	2.2098	3.2302	688.40	0.032710	2.2790e-05	0.081143	supercritical
431.69	381.00	155.08	0.0064484	872.29	1118.0	4.2270	2.2130	3.2308	688.49	0.032587	2.2783e-05	0.081219	supercritical
432.69	381.00	154.66	0.0064658	874.86	1121.2	4.2345	2.2162	3.2314	688.59	0.032463	2.2775e-05	0.081296	supercritical
433.69	381.00	154.25	0.0064831	877.43	1124.4	4.2420	2.2194	3.2321	688.70	0.032338	2.2768e-05	0.081374	supercritical
434.69	381.00	153.83	0.0065005	880.00	1127.7	4.2494	2.2227	3.2328	688.81	0.032212	2.2761e-05	0.081454	supercritical
435.69	381.00	153.43	0.0065178	882.57	1130.9	4.2568	2.2259	3.2335	688.92	0.032085	2.2754e-05	0.081534	supercritical
436.69	381.00	153.02	0.0065352	885.15	1134.1	4.2643	2.2291	3.2342	689.04	0.031957	2.2748e-05	0.081616	supercritical
437.69	381.00	152.61	0.0065525	887.72	1137.4	4.2717	2.2324	3.2350	689.16	0.031828	2.2742e-05	0.081698	supercritical
438.69	381.00	152.21	0.0065698	890.30	1140.6	4.2790	2.2356	3.2358	689.28	0.031698	2.2736e-05	0.081782	supercritical
439.69	381.00	151.81	0.0065871	892.87	1143.8	4.2864	2.2389	3.2366	689.41	0.031567	2.2730e-05	0.081866	supercritical
440.69	381.00	151.41	0.0066044	895.45	1147.1	4.2938	2.2422	3.2374	689.54	0.031435	2.2725e-05	0.081951	supercritical
441.69	381.00	151.02	0.0066217	898.03	1150.3	4.3011	2.2454	3.2383	689.68	0.031302	2.2720e-05	0.082038	supercritical
442.69	381.00	150.63	0.0066390	900.61	1153.6	4.3084	2.2487	3.2392	689.81	0.031169	2.2715e-05	0.082125	supercritical
443.69	381.00	150.23	0.0066563	903.19	1156.8	4.3157	2.2520	3.2400	689.95	0.031034	2.2710e-05	0.082213	supercritical
444.69	381.00	149.85	0.0066735	905.78	1160.0	4.3230	2.2553	3.2410	690.10	0.030899	2.2706e-05	0.082302	supercritical
445.69	381.00	149.46	0.0066908	908.36	1163.3	4.3303	2.2586	3.2419	690.25	0.030763	2.2702e-05	0.082392	supercritical
446.69	381.00	149.08	0.0067080	910.95	1166.5	4.3376	2.2619	3.2429	690.40	0.030627	2.2698e-05	0.082484	supercritical
447.69	381.00	148.69	0.0067253	913.53	1169.8	4.3448	2.2652	3.2438	690.55	0.030489	2.2694e-05	0.082575	supercritical
448.69	381.00	148.31	0.0067425	916.12	1173.0	4.3521	2.2685	3.2449	690.71	0.030351	2.2691e-05	0.082668	supercritical
449.69	381.00	147.94	0.0067597	918.71	1176.3	4.3593	2.2718	3.2459	690.87	0.030213	2.2688e-05	0.082762	supercritical
450.69	381.00	147.56	0.0067769	921.30	1179.5	4.3665	2.2751	3.2469	691.03	0.030073	2.2685e-05	0.082857	supercritical
451.69	381.00	147.19	0.0067941	923.89	1182.7	4.3737	2.2785	3.2480	691.20	0.029933	2.2682e-05	0.082952	supercritical
452.69	381.00	146.81	0.0068113	926.49	1186.0	4.3809	2.2818	3.2491	691.37	0.029793	2.2679e-05	0.083049	supercritical
453.69	381.00	146.45	0.0068285	929.08	1189.2	4.3881	2.2851	3.2502	691.54	0.029652	2.2677e-05	0.083146	supercritical
454.69	381.00	146.08	0.0068456	931.68	1192.5	4.3952	2.2885	3.2513	691.71	0.029510	2.2675e-05	0.083244	supercritical
455.69	381.00	145.71	0.0068628	934.28	1195.7	4.4024	2.2918	3.2524	691.89	0.029368	2.2673e-05	0.083344	supercritical
456.69	381.00	145.35	0.0068800	936.87	1199.0	4.4095	2.2952	3.2536	692.07	0.029225	2.2671e-05	0.083443	supercritical
457.69	381.00	144.99	0.0068971	939.48	1202.3	4.4166	2.2985	3.2548	692.25	0.029082	2.2670e-05	0.083544	supercritical
458.69	381.00	144.63	0.0069142	942.08	1205.5	4.4237	2.3019	3.2560	692.44	0.028939	2.2669e-05	0.083646	supercritical
459.69	381.00	144.27	0.0069314	944.68	1208.8	4.4308	2.3052	3.2572	692.63	0.028795	2.2668e-05	0.083748	supercritical
460.69	381.00	143.92	0.0069485	947.29	1212.0	4.4379	2.3086	3.2585	692.82	0.028650	2.2667e-05	0.083852	supercritical
461.69	381.00	143.56	0.0069656	949.90	1215.3	4.4450	2.3120	3.2597	693.01	0.028505	2.2666e-05	0.083956	supercritical
462.69	381.00	143.21	0.0069827	952.51	1218.5	4.4520	2.3153	3.2610	693.21	0.028360	2.2665e-05	0.084061	supercritical
463.69	381.00	142.86	0.0069998	955.12	1221.8	4.4590	2.3187	3.2623	693.40	0.028214	2.2665e-05	0.084166	supercritical
464.69	381.00	142.51	0.0070168	957.73	1225.1	4.4661	2.3221	3.2636	693.61	0.028068	2.2665e-05	0.084273	supercritical
465.69	381.00	142.17	0.0070339	960.34	1228.3	4.4731	2.3255	3.2649	693.81	0.027922	2.2665e-05	0.084380	supercritical
466.69	381.00	141.82	0.0070510	962.96	1231.6	4.4801	2.3289	3.2663	694.01	0.027776	2.2665e-05	0.084488	supercritical
467.69	381.00	141.48	0.0070680	965.58	1234.9	4.4871	2.3323	3.2676	694.22	0.027629	2.2666e-05	0.084597	supercritical
468.69	381.00	141.14	0.0070850	968.19	1238.1	4.4941	2.3357	3.2690	694.43	0.027481	2.2666e-05	0.084707	supercritical
469.69	381.00	140.80	0.0071021	970.82	1241.4	4.5010	2.3391	3.2704	694.64	0.027334	2.2667e-05	0.084817	supercritical
470.69	381.00	140.47	0.0071191	973.44	1244.7	4.5080	2.3425	3.2718	694.86	0.027186	2.2668e-05	0.084929	supercritical
471.69	381.00	140.13	0.0071361	976.06	1247.9	4.5149	2.3459	3.2733	695.08	0.027038	2.2669e-05	0.085040	supercritical
472.69	381.00	139.80	0.0071531	978.69	1251.2	4.5219	2.3493	3.2747	695.29	0.026890	2.2671e-05	0.085153	supercritical
473.69	381.00	139.47	0.0071701	981.32	1254.5	4.5288	2.3527	3.2762	695.51	0.026742	2.2672e-05	0.085267	supercritical
474.69	381.00	139.14	0.0071871	983.95	1257.8	4.5357	2.3561	3.2777	695.74	0.026593	2.2674e-05	0.085381	supercritical
475.69	381.00	138.81	0.0072040	986.58	1261.1	4.5426	2.3595	3.2792	695.96	0.026444	2.2676e-05	0.085496	supercritical
476.69	381.00	138.48	0.0072210	989.21	1264.3	4.5495	2.3630	3.2807	696.19	0.026295	2.2678e-05	0.085611	supercritical
477.69	381.00	138.16	0.0072380	991.85	1267.6	4.5564	2.3664	3.2822	696.42	0.026146	2.2680e-05	0.085728	supercritical
478.69	381.00	137.84	0.0072549	994.49	1270.9	4.5632	2.3698	3.2838	696.65	0.025997	2.2682e-05	0.085845	supercritical
479.69	381.00	137.52	0.0072718	997.12	1274.2	4.5701	2.3732	3.2854	696.88	0.025848	2.2685e-05	0.085963	supercritical
480.69	381.00	137.20	0.0072888	999.77	1277.5	4.5769	2.3767	3.2869	697.12	0.025698	2.2687e-05	0.086081	supercritical
481.69	381.00	136.88	0.0073057	1002.4	1280.8	4.5838	2.3801	3.2885	697.36	0.025549	2.2690e-05	0.086201	supercritical
482.69	381.00	136.56	0.0073226	1005.1	1284.0	4.5906	2.3836	3.2901	697.59	0.025399	2.2693e-05	0.086320	supercritical
483.69	381.00	136.25	0.0073395	1007.7	1287.3	4.5974	2.3870	3.2918	697.83	0.025249	2.2696e-05	0.086441	supercritical
484.69	381.00	135.94	0.0073564	1010.4	1290.6	4.6042	2.3905	3.2934	698.08	0.025100	2.2699e-05	0.086562	supercritical
485.69	381.00	135.63	0.0073732	1013.0	1293.9	4.6110	2.3939	3.2951	698.32	0.024950	2.2703e-05	0.086684	supercritical
486.69	381.00	135.32	0.0073901	1015.7	1297.2	4.6178	2.3974	3.2967	698.57	0.024800	2.2706e-05	0.086807	supercritical
487.69	381.00	135.01	0.0074070	1018.3	1300.5	4.6245	2.4008	3.2984	698.81	0.024650	2.2710e-05	0.086930	supercritical
488.69	381.00	134.70	0.0074238	1021.0	1303.8	4.6313	2.4043	3.3001	699.06	0.024500	2.2714e-05	0.087054	supercritical
489.69	381.00	134.40	0.0074407	1023.6	1307.1	4.6380	2.4077	3.3018	699.31	0.024350	2.2717e-05	0.087179	supercritical
490.69	381.00	134.09	0.0074575	1026.3	1310.4	4.6448	2.4112	3.3036	699.57	0.024201	2.2722e-05	0.087304	supercritical
491.69	381.00	133.79	0.0074743	1029.0	1313.7	4.6515	2.4147	3.3053	699.82	0.024051	2.2726e-05	0.087430	supercritical
492.69	381.00	133.49	0.0074911	1031.6	1317.0	4.6582	2.4181	3.3071	700.08	0.023901	2.2730e-05	0.087557	supercritical
493.69	381.00	133.19	0.0075079	1034.3	1320.3	4.6649	2.4216	3.3088	700.33	0.023751	2.2735e-05	0.087684	supercritical
494.69	381.00	132.90	0.0075247	1037.0	1323.6	4.6716	2.4251	3.3106	700.59	0.023602	2.2739e-05	0.087812	supercritical
495.69	381.00	132.60	0.0075415	1039.6	1327.0	4.6783	2.4285	3.3124	700.85	0.023452	2.2744e-05	0.087941	supercritical
496.69	381.00	132.30	0.0075583	1042.3	1330.3	4.6850	2.4320	3.3142	701.12	0.023302	2.2749e-05	0.088070	supercritical
497.69	381.00	132.01	0.0075751	1045.0	1333.6	4.6917	2.4355	3.3160	701.38	0.023153	2.2754e-05	0.088199	supercritical
498.69	381.00	131.72	0.0075918	1047.7	1336.9	4.6983	2.4390	3.3179	701.64	0.023003	2.2759e-05	0.088330	supercritical
499.69	381.00	131.43	0.0076086	1050.3	1340.2	4.7050	2.4424	3.3197	701.91	0.022854	2.2764e-05	0.088461	supercritical
500.69	381.00	131.14	0.0076253	1053.0	1343.5	4.7116	2.4459	3.3216	702.18	0.022705	2.2770e-05	0.088592	supercritical
501.69	381.00	130.86	0.0076420	1055.7	1346.9	4.7182	2.4494	3.3235	702.45	0.022556	2.2775e-05	0.088725	supercritical
502.69	381.00	130.57	0.0076588	1058.4	1350.2	4.7249	2.4529	3.3253	702.72	0.022407	2.2781e-05	0.088857	supercritical
503.69	381.00	130.29	0.0076755	1061.1	1353.5	4.7315	2.4564	3.3272	702.99	0.022258	2.2786e-05	0.088991	supercritical
504.69	381.00	130.00	0.0076922	1063.8	1356.8	4.7381	2.4599	3.3292	703.26	0.022109	2.2792e-05	0.089125	supercritical
505.69	381.00	129.72	0.0077089	1066.5	1360.2	4.7447	2.4634	3.3311	703.54	0.021960	2.2798e-05	0.089259	supercritical
506.69	381.00	129.44	0.0077256	1069.2	1363.5	4.7512	2.4669	3.3330	703.81	0.021812	2.2804e-05	0.089394	supercritical
507.69	381.00	129.16	0.0077422	1071.9	1366.8	4.7578	2.4704	3.3350	704.09	0.021664	2.2811e-05	0.089530	supercritical
508.69	381.00	128.88	0.0077589	1074.6	1370.2	4.7644	2.4739	3.3369	704.37	0.021516	2.2817e-05	0.089666	supercritical
509.69	381.00	128.61	0.0077756	1077.3	1373.5	4.7709	2.4773	3.3389	704.65	0.021368	2.2823e-05	0.089803	supercritical
510.69	381.00	128.33	0.0077922	1080.0	1376.9	4.7775	2.4808	3.3409	704.93	0.021220	2.2830e-05	0.089941	supercritical
511.69	381.00	128.06	0.0078089	1082.7	1380.2	4.7840	2.4843	3.3429	705.21	0.021072	2.2837e-05	0.090079	supercritical
512.69	381.00	127.79	0.0078255	1085.4	1383.5	4.7905	2.4879	3.3449	705.49	0.020925	2.2843e-05	0.090217	supercritical
513.69	381.00	127.52	0.0078421	1088.1	1386.9	4.7971	2.4914	3.3469	705.78	0.020778	2.2850e-05	0.090356	supercritical
514.69	381.00	127.25	0.0078587	1090.8	1390.2	4.8036	2.4949	3.3489	706.06	0.020631	2.2857e-05	0.090496	supercritical
515.69	381.00	126.98	0.0078753	1093.5	1393.6	4.8101	2.4984	3.3509	706.35	0.020484	2.2864e-05	0.090636	supercritical
516.69	381.00	126.71	0.0078919	1096.3	1396.9	4.8166	2.5019	3.3530	706.64	0.020338	2.2871e-05	0.090777	supercritical
517.69	381.00	126.45	0.0079085	1099.0	1400.3	4.8231	2.5054	3.3550	706.93	0.020191	2.2879e-05	0.090918	supercritical
518.69	381.00	126.18	0.0079251	1101.7	1403.6	4.8295	2.5089	3.3571	707.22	0.020045	2.2886e-05	0.091060	supercritical
519.69	381.00	125.92	0.0079417	1104.4	1407.0	4.8360	2.5124	3.3592	707.51	0.019899	2.2893e-05	0.091202	supercritical
520.69	381.00	125.66	0.0079582	1107.2	1410.4	4.8425	2.5159	3.3613	707.80	0.019754	2.2901e-05	0.091345	supercritical
521.69	381.00	125.40	0.0079748	1109.9	1413.7	4.8489	2.5194	3.3634	708.10	0.019608	2.2909e-05	0.091489	supercritical
522.69	381.00	125.14	0.0079913	1112.6	1417.1	4.8554	2.5229	3.3655	708.39	0.019463	2.2916e-05	0.091632	supercritical
523.69	381.00	124.88	0.0080079	1115.4	1420.5	4.8618	2.5265	3.3676	708.68	0.019318	2.2924e-05	0.091777	supercritical
524.69	381.00	124.62	0.0080244	1118.1	1423.8	4.8682	2.5300	3.3697	708.98	0.019174	2.2932e-05	0.091922	supercritical
525.69	381.00	124.36	0.0080409	1120.8	1427.2	4.8746	2.5335	3.3718	709.28	0.019029	2.2940e-05	0.092067	supercritical
526.69	381.00	124.11	0.0080574	1123.6	1430.6	4.8810	2.5370	3.3740	709.58	0.018885	2.2948e-05	0.092213	supercritical
527.69	381.00	123.86	0.0080739	1126.3	1433.9	4.8874	2.5405	3.3761	709.88	0.018741	2.2957e-05	0.092360	supercritical
528.69	381.00	123.60	0.0080904	1129.1	1437.3	4.8938	2.5440	3.3783	710.18	0.018598	2.2965e-05	0.092506	supercritical
529.69	381.00	123.35	0.0081069	1131.8	1440.7	4.9002	2.5476	3.3805	710.48	0.018455	2.2973e-05	0.092654	supercritical
530.69	381.00	123.10	0.0081234	1134.6	1444.1	4.9066	2.5511	3.3827	710.78	0.018312	2.2982e-05	0.092802	supercritical
531.69	381.00	122.85	0.0081399	1137.3	1447.5	4.9130	2.5546	3.3849	711.08	0.018169	2.2990e-05	0.092950	supercritical
532.69	381.00	122.60	0.0081563	1140.1	1450.9	4.9193	2.5581	3.3871	711.39	0.018027	2.2999e-05	0.093099	supercritical
533.69	381.00	122.36	0.0081728	1142.9	1454.2	4.9257	2.5616	3.3893	711.69	0.017885	2.3008e-05	0.093248	supercritical
534.69	381.00	122.11	0.0081892	1145.6	1457.6	4.9320	2.5652	3.3915	712.00	0.017743	2.3017e-05	0.093398	supercritical
535.69	381.00	121.87	0.0082057	1148.4	1461.0	4.9384	2.5687	3.3937	712.30	0.017601	2.3026e-05	0.093549	supercritical
536.69	381.00	121.62	0.0082221	1151.2	1464.4	4.9447	2.5722	3.3960	712.61	0.017460	2.3035e-05	0.093699	supercritical
537.69	381.00	121.38	0.0082385	1153.9	1467.8	4.9510	2.5757	3.3982	712.92	0.017319	2.3044e-05	0.093851	supercritical
538.69	381.00	121.14	0.0082549	1156.7	1471.2	4.9574	2.5792	3.4005	713.23	0.017179	2.3053e-05	0.094002	supercritical
539.69	381.00	120.90	0.0082713	1159.5	1474.6	4.9637	2.5828	3.4027	713.54	0.017038	2.3062e-05	0.094154	supercritical
540.69	381.00	120.66	0.0082877	1162.3	1478.0	4.9700	2.5863	3.4050	713.85	0.016899	2.3071e-05	0.094307	supercritical
541.69	381.00	120.42	0.0083041	1165.0	1481.4	4.9763	2.5898	3.4073	714.16	0.016759	2.3081e-05	0.094460	supercritical
542.69	381.00	120.18	0.0083205	1167.8	1484.8	4.9825	2.5933	3.4096	714.47	0.016620	2.3090e-05	0.094614	supercritical
543.69	381.00	119.95	0.0083369	1170.6	1488.2	4.9888	2.5969	3.4118	714.78	0.016481	2.3100e-05	0.094768	supercritical
544.69	381.00	119.71	0.0083532	1173.4	1491.7	4.9951	2.6004	3.4142	715.10	0.016342	2.3109e-05	0.094922	supercritical
545.69	381.00	119.48	0.0083696	1176.2	1495.1	5.0014	2.6039	3.4165	715.41	0.016204	2.3119e-05	0.095077	supercritical
546.69	381.00	119.25	0.0083859	1179.0	1498.5	5.0076	2.6074	3.4188	715.72	0.016066	2.3129e-05	0.095232	supercritical
547.69	381.00	119.02	0.0084023	1181.8	1501.9	5.0139	2.6110	3.4211	716.04	0.015929	2.3139e-05	0.095388	supercritical
548.69	381.00	118.78	0.0084186	1184.6	1505.3	5.0201	2.6145	3.4234	716.36	0.015791	2.3149e-05	0.095544	supercritical
549.69	381.00	118.55	0.0084349	1187.4	1508.8	5.0263	2.6180	3.4258	716.67	0.015654	2.3159e-05	0.095701	supercritical
550.69	381.00	118.33	0.0084513	1190.2	1512.2	5.0326	2.6216	3.4281	716.99	0.015518	2.3169e-05	0.095858	supercritical
551.69	381.00	118.10	0.0084676	1193.0	1515.6	5.0388	2.6251	3.4305	717.31	0.015382	2.3179e-05	0.096015	supercritical
552.69	381.00	117.87	0.0084839	1195.8	1519.0	5.0450	2.6286	3.4328	717.63	0.015246	2.3189e-05	0.096173	supercritical
553.69	381.00	117.64	0.0085002	1198.6	1522.5	5.0512	2.6321	3.4352	717.95	0.015110	2.3199e-05	0.096331	supercritical
554.69	381.00	117.42	0.0085164	1201.4	1525.9	5.0574	2.6357	3.4376	718.27	0.014975	2.3210e-05	0.096490	supercritical
555.69	381.00	117.20	0.0085327	1204.3	1529.4	5.0636	2.6392	3.4400	718.59	0.014841	2.3220e-05	0.096649	supercritical
556.69	381.00	116.97	0.0085490	1207.1	1532.8	5.0698	2.6427	3.4424	718.91	0.014706	2.3231e-05	0.096808	supercritical
557.69	381.00	116.75	0.0085653	1209.9	1536.2	5.0760	2.6462	3.4447	719.23	0.014572	2.3241e-05	0.096968	supercritical
558.69	381.00	116.53	0.0085815	1212.7	1539.7	5.0821	2.6498	3.4471	719.55	0.014438	2.3252e-05	0.097129	supercritical
559.69	381.00	116.31	0.0085978	1215.6	1543.1	5.0883	2.6533	3.4496	719.88	0.014305	2.3262e-05	0.097289	supercritical
560.69	381.00	116.09	0.0086140	1218.4	1546.6	5.0945	2.6568	3.4520	720.20	0.014172	2.3273e-05	0.097451	supercritical
561.69	381.00	115.87	0.0086302	1221.2	1550.0	5.1006	2.6603	3.4544	720.53	0.014040	2.3284e-05	0.097612	supercritical
562.69	381.00	115.65	0.0086465	1224.1	1553.5	5.1068	2.6639	3.4568	720.85	0.013907	2.3295e-05	0.097774	supercritical
563.69	381.00	115.44	0.0086627	1226.9	1557.0	5.1129	2.6674	3.4593	721.18	0.013776	2.3306e-05	0.097936	supercritical
564.69	381.00	115.22	0.0086789	1229.7	1560.4	5.1190	2.6709	3.4617	721.50	0.013644	2.3317e-05	0.098099	supercritical
565.69	381.00	115.01	0.0086951	1232.6	1563.9	5.1252	2.6744	3.4641	721.83	0.013513	2.3328e-05	0.098262	supercritical
566.69	381.00	114.79	0.0087113	1235.4	1567.3	5.1313	2.6780	3.4666	722.16	0.013382	2.3339e-05	0.098426	supercritical
567.69	381.00	114.58	0.0087275	1238.3	1570.8	5.1374	2.6815	3.4691	722.48	0.013252	2.3350e-05	0.098589	supercritical
568.69	381.00	114.37	0.0087436	1241.1	1574.3	5.1435	2.6850	3.4715	722.81	0.013122	2.3361e-05	0.098754	supercritical
569.69	381.00	114.16	0.0087598	1244.0	1577.8	5.1496	2.6885	3.4740	723.14	0.012992	2.3372e-05	0.098918	supercritical
570.69	381.00	113.95	0.0087760	1246.9	1581.2	5.1557	2.6920	3.4765	723.47	0.012863	2.3384e-05	0.099083	supercritical
571.69	381.00	113.74	0.0087921	1249.7	1584.7	5.1618	2.6956	3.4790	723.80	0.012734	2.3395e-05	0.099248	supercritical
572.69	381.00	113.53	0.0088083	1252.6	1588.2	5.1679	2.6991	3.4814	724.13	0.012606	2.3407e-05	0.099414	supercritical
573.69	381.00	113.32	0.0088244	1255.5	1591.7	5.1740	2.7026	3.4839	724.46	0.012478	2.3418e-05	0.099580	supercritical
574.69	381.00	113.11	0.0088406	1258.3	1595.2	5.1800	2.7061	3.4864	724.79	0.012350	2.3430e-05	0.099747	supercritical
575.69	381.00	112.91	0.0088567	1261.2	1598.6	5.1861	2.7096	3.4889	725.12	0.012223	2.3441e-05	0.099914	supercritical
576.69	381.00	112.70	0.0088728	1264.1	1602.1	5.1922	2.7132	3.4914	725.45	0.012096	2.3453e-05	0.10008	supercritical
577.69	381.00	112.50	0.0088889	1267.0	1605.6	5.1982	2.7167	3.4940	725.79	0.011969	2.3465e-05	0.10025	supercritical
578.69	381.00	112.30	0.0089050	1269.8	1609.1	5.2042	2.7202	3.4965	726.12	0.011843	2.3476e-05	0.10042	supercritical
579.69	381.00	112.09	0.0089211	1272.7	1612.6	5.2103	2.7237	3.4990	726.45	0.011718	2.3488e-05	0.10058	supercritical
580.69	381.00	111.89	0.0089372	1275.6	1616.1	5.2163	2.7272	3.5015	726.79	0.011592	2.3500e-05	0.10075	supercritical
581.69	381.00	111.69	0.0089533	1278.5	1619.6	5.2223	2.7308	3.5041	727.12	0.011467	2.3512e-05	0.10092	supercritical
582.69	381.00	111.49	0.0089694	1281.4	1623.1	5.2284	2.7343	3.5066	727.46	0.011343	2.3524e-05	0.10109	supercritical
583.69	381.00	111.29	0.0089855	1284.3	1626.6	5.2344	2.7378	3.5092	727.79	0.011219	2.3536e-05	0.10126	supercritical
584.69	381.00	111.09	0.0090015	1287.2	1630.1	5.2404	2.7413	3.5117	728.13	0.011095	2.3548e-05	0.10143	supercritical
585.69	381.00	110.89	0.0090176	1290.1	1633.7	5.2464	2.7448	3.5143	728.46	0.010971	2.3560e-05	0.10160	supercritical
586.69	381.00	110.70	0.0090336	1293.0	1637.2	5.2524	2.7483	3.5168	728.80	0.010848	2.3572e-05	0.10177	supercritical
587.69	381.00	110.50	0.0090497	1295.9	1640.7	5.2584	2.7518	3.5194	729.13	0.010726	2.3585e-05	0.10194	supercritical
588.69	381.00	110.31	0.0090657	1298.8	1644.2	5.2644	2.7553	3.5220	729.47	0.010603	2.3597e-05	0.10211	supercritical
589.69	381.00	110.11	0.0090818	1301.7	1647.7	5.2703	2.7588	3.5245	729.81	0.010482	2.3609e-05	0.10229	supercritical
590.69	381.00	109.92	0.0090978	1304.6	1651.3	5.2763	2.7624	3.5271	730.15	0.010360	2.3621e-05	0.10246	supercritical
591.69	381.00	109.72	0.0091138	1307.6	1654.8	5.2823	2.7659	3.5297	730.48	0.010239	2.3634e-05	0.10263	supercritical
592.69	381.00	109.53	0.0091298	1310.5	1658.3	5.2883	2.7694	3.5323	730.82	0.010118	2.3646e-05	0.10280	supercritical
593.69	381.00	109.34	0.0091458	1313.4	1661.9	5.2942	2.7729	3.5349	731.16	0.0099980	2.3659e-05	0.10298	supercritical
594.69	381.00	109.15	0.0091618	1316.3	1665.4	5.3002	2.7764	3.5375	731.50	0.0098781	2.3671e-05	0.10315	supercritical
595.69	381.00	108.96	0.0091778	1319.3	1668.9	5.3061	2.7799	3.5401	731.84	0.0097586	2.3684e-05	0.10332	supercritical
596.69	381.00	108.77	0.0091938	1322.2	1672.5	5.3120	2.7834	3.5427	732.18	0.0096395	2.3697e-05	0.10350	supercritical
597.69	381.00	108.58	0.0092098	1325.1	1676.0	5.3180	2.7869	3.5453	732.52	0.0095207	2.3709e-05	0.10367	supercritical
598.69	381.00	108.39	0.0092257	1328.1	1679.6	5.3239	2.7904	3.5479	732.86	0.0094024	2.3722e-05	0.10385	supercritical
599.69	381.00	108.21	0.0092417	1331.0	1683.1	5.3298	2.7939	3.5505	733.20	0.0092844	2.3735e-05	0.10402	supercritical
600.69	381.00	108.02	0.0092577	1333.9	1686.7	5.3358	2.7974	3.5531	733.54	0.0091669	2.3747e-05	0.10420	supercritical
601.69	381.00	107.83	0.0092736	1336.9	1690.2	5.3417	2.8009	3.5558	733.88	0.0090497	2.3760e-05	0.10437	supercritical
602.69	381.00	107.65	0.0092895	1339.8	1693.8	5.3476	2.8044	3.5584	734.22	0.0089329	2.3773e-05	0.10455	supercritical
603.69	381.00	107.46	0.0093055	1342.8	1697.3	5.3535	2.8079	3.5610	734.56	0.0088165	2.3786e-05	0.10472	supercritical
604.69	381.00	107.28	0.0093214	1345.7	1700.9	5.3594	2.8114	3.5636	734.91	0.0087005	2.3799e-05	0.10490	supercritical
605.69	381.00	107.10	0.0093373	1348.7	1704.5	5.3653	2.8149	3.5663	735.25	0.0085849	2.3812e-05	0.10508	supercritical
606.69	381.00	106.91	0.0093533	1351.7	1708.0	5.3711	2.8184	3.5689	735.59	0.0084697	2.3825e-05	0.10525	supercritical
607.69	381.00	106.73	0.0093692	1354.6	1711.6	5.3770	2.8219	3.5716	735.93	0.0083549	2.3838e-05	0.10543	supercritical
608.69	381.00	106.55	0.0093851	1357.6	1715.2	5.3829	2.8253	3.5742	736.28	0.0082404	2.3851e-05	0.10561	supercritical
609.69	381.00	106.37	0.0094010	1360.6	1718.7	5.3888	2.8288	3.5769	736.62	0.0081264	2.3864e-05	0.10579	supercritical
610.69	381.00	106.19	0.0094169	1363.5	1722.3	5.3946	2.8323	3.5795	736.96	0.0080127	2.3878e-05	0.10596	supercritical
611.69	381.00	106.01	0.0094328	1366.5	1725.9	5.4005	2.8358	3.5822	737.31	0.0078995	2.3891e-05	0.10614	supercritical
612.69	381.00	105.84	0.0094486	1369.5	1729.5	5.4063	2.8393	3.5849	737.65	0.0077866	2.3904e-05	0.10632	supercritical
613.69	381.00	105.66	0.0094645	1372.5	1733.1	5.4122	2.8428	3.5875	738.00	0.0076741	2.3917e-05	0.10650	supercritical
614.69	381.00	105.48	0.0094804	1375.5	1736.7	5.4180	2.8463	3.5902	738.34	0.0075619	2.3931e-05	0.10668	supercritical
615.69	381.00	105.30	0.0094962	1378.4	1740.3	5.4239	2.8497	3.5929	738.68	0.0074502	2.3944e-05	0.10686	supercritical
616.69	381.00	105.13	0.0095121	1381.4	1743.8	5.4297	2.8532	3.5955	739.03	0.0073389	2.3957e-05	0.10704	supercritical
617.69	381.00	104.95	0.0095279	1384.4	1747.4	5.4355	2.8567	3.5982	739.37	0.0072279	2.3971e-05	0.10722	supercritical
618.69	381.00	104.78	0.0095438	1387.4	1751.0	5.4414	2.8602	3.6009	739.72	0.0071173	2.3984e-05	0.10740	supercritical
619.69	381.00	104.61	0.0095596	1390.4	1754.6	5.4472	2.8637	3.6036	740.07	0.0070071	2.3998e-05	0.10758	supercritical
620.69	381.00	104.43	0.0095755	1393.4	1758.3	5.4530	2.8671	3.6063	740.41	0.0068973	2.4011e-05	0.10776	supercritical
621.69	381.00	104.26	0.0095913	1396.4	1761.9	5.4588	2.8706	3.6090	740.76	0.0067879	2.4025e-05	0.10794	supercritical
622.69	381.00	104.09	0.0096071	1399.4	1765.5	5.4646	2.8741	3.6117	741.10	0.0066788	2.4039e-05	0.10812	supercritical
623.69	381.00	103.92	0.0096229	1402.5	1769.1	5.4704	2.8776	3.6144	741.45	0.0065702	2.4052e-05	0.10830	supercritical
624.69	381.00	103.75	0.0096387	1405.5	1772.7	5.4762	2.8810	3.6171	741.80	0.0064619	2.4066e-05	0.10849	supercritical