Temperature (K)	Pressure (bar)	Density (kg/m3)	Volume (m3/kg)	Internal Energy (kJ/kg)	Enthalpy (kJ/kg)	Entropy (J/g*K)	Cv (J/g*K)	Cp (J/g*K)	Sound Spd. (m/s)	Joule-Thomson (K/bar)	Viscosity (Pa*s)	Therm. Cond. (W/m*K)	Phase
90.694	210.00	463.85	0.0021559	-82.512	-37.238	-0.83409	2.2150	3.2820	1666.7	-0.050764	0.00027320	0.22859	liquid
96.694	210.00	456.85	0.0021889	-63.498	-17.531	-0.62368	2.1806	3.2881	1622.2	-0.050081	0.00022103	0.22228	liquid
97.694	210.00	455.68	0.0021945	-60.327	-14.242	-0.58985	2.1754	3.2896	1614.7	-0.049949	0.00021420	0.22118	liquid
98.694	210.00	454.51	0.0022002	-57.156	-10.952	-0.55634	2.1702	3.2912	1607.2	-0.049814	0.00020778	0.22007	liquid
99.694	210.00	453.33	0.0022059	-53.984	-7.6598	-0.52315	2.1652	3.2928	1599.6	-0.049674	0.00020172	0.21894	liquid
100.69	210.00	452.15	0.0022116	-50.810	-4.3661	-0.49028	2.1602	3.2946	1592.0	-0.049530	0.00019601	0.21781	liquid
101.69	210.00	450.98	0.0022174	-47.636	-1.0706	-0.45771	2.1553	3.2964	1584.4	-0.049383	0.00019060	0.21666	liquid
102.69	210.00	449.80	0.0022232	-44.461	2.2267	-0.42544	2.1505	3.2982	1576.8	-0.049231	0.00018548	0.21550	liquid
103.69	210.00	448.61	0.0022291	-41.285	5.5259	-0.39347	2.1458	3.3002	1569.2	-0.049075	0.00018062	0.21434	liquid
104.69	210.00	447.43	0.0022350	-38.108	8.8270	-0.36179	2.1411	3.3021	1561.5	-0.048916	0.00017600	0.21317	liquid
105.69	210.00	446.24	0.0022409	-34.929	12.130	-0.33039	2.1364	3.3041	1553.8	-0.048752	0.00017160	0.21199	liquid
106.69	210.00	445.06	0.0022469	-31.750	15.435	-0.29927	2.1318	3.3062	1546.2	-0.048585	0.00016741	0.21080	liquid
107.69	210.00	443.87	0.0022529	-28.569	18.742	-0.26841	2.1273	3.3082	1538.5	-0.048414	0.00016341	0.20961	liquid
108.69	210.00	442.67	0.0022590	-25.387	22.052	-0.23783	2.1227	3.3104	1530.8	-0.048239	0.00015959	0.20842	liquid
109.69	210.00	441.48	0.0022651	-22.204	25.363	-0.20750	2.1183	3.3125	1523.1	-0.048060	0.00015593	0.20721	liquid
110.69	210.00	440.28	0.0022713	-19.020	28.677	-0.17743	2.1138	3.3147	1515.4	-0.047877	0.00015242	0.20601	liquid
111.69	210.00	439.08	0.0022775	-15.834	31.993	-0.14761	2.1094	3.3169	1507.6	-0.047690	0.00014906	0.20479	liquid
112.69	210.00	437.88	0.0022837	-12.648	35.311	-0.11804	2.1051	3.3191	1499.9	-0.047499	0.00014584	0.20358	liquid
113.69	210.00	436.68	0.0022900	-9.4598	38.631	-0.088703	2.1007	3.3214	1492.2	-0.047303	0.00014273	0.20236	liquid
114.69	210.00	435.47	0.0022964	-6.2705	41.953	-0.059608	2.0964	3.3237	1484.4	-0.047104	0.00013975	0.20114	liquid
115.69	210.00	434.26	0.0023028	-3.0800	45.278	-0.030744	2.0922	3.3260	1476.7	-0.046900	0.00013688	0.19992	liquid
116.69	210.00	433.05	0.0023092	0.11190	48.606	-0.0021090	2.0879	3.3284	1469.0	-0.046691	0.00013411	0.19869	liquid
117.69	210.00	431.83	0.0023157	3.3051	51.935	0.026302	2.0837	3.3308	1461.2	-0.046478	0.00013144	0.19747	liquid
118.69	210.00	430.61	0.0023223	6.4996	55.267	0.054493	2.0795	3.3332	1453.5	-0.046260	0.00012886	0.19624	liquid
119.69	210.00	429.39	0.0023289	9.6954	58.602	0.082469	2.0754	3.3357	1445.7	-0.046037	0.00012637	0.19501	liquid
120.69	210.00	428.17	0.0023355	12.893	61.939	0.11023	2.0712	3.3382	1438.0	-0.045810	0.00012396	0.19378	liquid
121.69	210.00	426.94	0.0023422	16.091	65.278	0.13779	2.0671	3.3407	1430.2	-0.045577	0.00012163	0.19255	liquid
122.69	210.00	425.72	0.0023490	19.291	68.620	0.16514	2.0631	3.3433	1422.5	-0.045340	0.00011937	0.19132	liquid
123.69	210.00	424.48	0.0023558	22.493	71.965	0.19229	2.0590	3.3459	1414.7	-0.045097	0.00011718	0.19009	liquid
124.69	210.00	423.25	0.0023627	25.696	75.312	0.21924	2.0550	3.3486	1407.0	-0.044848	0.00011506	0.18886	liquid
125.69	210.00	422.01	0.0023696	28.900	78.662	0.24600	2.0511	3.3513	1399.3	-0.044595	0.00011301	0.18763	liquid
126.69	210.00	420.77	0.0023766	32.106	82.015	0.27256	2.0471	3.3540	1391.5	-0.044335	0.00011101	0.18640	liquid
127.69	210.00	419.52	0.0023837	35.313	85.370	0.29894	2.0432	3.3568	1383.8	-0.044070	0.00010908	0.18517	liquid
128.69	210.00	418.28	0.0023908	38.522	88.728	0.32514	2.0393	3.3597	1376.0	-0.043799	0.00010719	0.18395	liquid
129.69	210.00	417.02	0.0023979	41.732	92.089	0.35116	2.0355	3.3626	1368.3	-0.043522	0.00010536	0.18272	liquid
130.69	210.00	415.77	0.0024052	44.945	95.453	0.37700	2.0316	3.3655	1360.6	-0.043239	0.00010359	0.18150	liquid
131.69	210.00	414.51	0.0024125	48.158	98.820	0.40266	2.0278	3.3685	1352.8	-0.042949	0.00010186	0.18028	liquid
132.69	210.00	413.25	0.0024198	51.373	102.19	0.42815	2.0241	3.3715	1345.1	-0.042653	0.00010017	0.17906	liquid
133.69	210.00	411.98	0.0024273	54.590	105.56	0.45348	2.0203	3.3746	1337.4	-0.042350	9.8531e-05	0.17785	liquid
134.69	210.00	410.71	0.0024348	57.809	108.94	0.47864	2.0166	3.3778	1329.7	-0.042041	9.6934e-05	0.17664	liquid
135.69	210.00	409.44	0.0024423	61.030	112.32	0.50363	2.0130	3.3810	1321.9	-0.041725	9.5377e-05	0.17543	liquid
136.69	210.00	408.17	0.0024500	64.252	115.70	0.52847	2.0093	3.3843	1314.2	-0.041401	9.3860e-05	0.17422	liquid
137.69	210.00	406.89	0.0024577	67.476	119.09	0.55315	2.0057	3.3876	1306.5	-0.041070	9.2380e-05	0.17302	liquid
138.69	210.00	405.60	0.0024655	70.702	122.48	0.57768	2.0022	3.3910	1298.8	-0.040732	9.0937e-05	0.17182	liquid
139.69	210.00	404.31	0.0024733	73.930	125.87	0.60205	1.9986	3.3945	1291.1	-0.040386	8.9529e-05	0.17062	liquid
140.69	210.00	403.02	0.0024813	77.159	129.27	0.62628	1.9951	3.3980	1283.4	-0.040033	8.8155e-05	0.16942	liquid
141.69	210.00	401.72	0.0024893	80.391	132.67	0.65036	1.9917	3.4016	1275.7	-0.039671	8.6813e-05	0.16823	liquid
142.69	210.00	400.42	0.0024973	83.625	136.07	0.67429	1.9882	3.4053	1268.1	-0.039301	8.5502e-05	0.16705	liquid
143.69	210.00	399.12	0.0025055	86.861	139.48	0.69808	1.9848	3.4091	1260.4	-0.038923	8.4222e-05	0.16587	liquid
144.69	210.00	397.81	0.0025138	90.098	142.89	0.72174	1.9814	3.4129	1252.7	-0.038537	8.2971e-05	0.16469	liquid
145.69	210.00	396.50	0.0025221	93.338	146.30	0.74526	1.9781	3.4168	1245.1	-0.038142	8.1749e-05	0.16351	liquid
146.69	210.00	395.18	0.0025305	96.581	149.72	0.76864	1.9748	3.4208	1237.4	-0.037738	8.0553e-05	0.16234	liquid
147.69	210.00	393.86	0.0025390	99.825	153.14	0.79190	1.9716	3.4248	1229.7	-0.037324	7.9385e-05	0.16118	liquid
148.69	210.00	392.53	0.0025476	103.07	156.57	0.81502	1.9683	3.4289	1222.1	-0.036902	7.8241e-05	0.16001	liquid
149.69	210.00	391.20	0.0025562	106.32	160.00	0.83802	1.9651	3.4332	1214.5	-0.036470	7.7123e-05	0.15886	liquid
150.69	210.00	389.87	0.0025650	109.57	163.44	0.86089	1.9620	3.4375	1206.9	-0.036028	7.6029e-05	0.15770	liquid
151.69	210.00	388.53	0.0025738	112.83	166.88	0.88364	1.9589	3.4418	1199.2	-0.035577	7.4958e-05	0.15656	liquid
152.69	210.00	387.18	0.0025828	116.08	170.32	0.90627	1.9558	3.4463	1191.6	-0.035115	7.3909e-05	0.15541	liquid
153.69	210.00	385.83	0.0025918	119.34	173.77	0.92878	1.9527	3.4509	1184.0	-0.034643	7.2882e-05	0.15428	liquid
154.69	210.00	384.48	0.0026009	122.60	177.22	0.95118	1.9497	3.4555	1176.4	-0.034160	7.1877e-05	0.15314	liquid
155.69	210.00	383.12	0.0026102	125.87	180.68	0.97346	1.9467	3.4603	1168.9	-0.033667	7.0892e-05	0.15201	liquid
156.69	210.00	381.75	0.0026195	129.13	184.14	0.99563	1.9438	3.4651	1161.3	-0.033162	6.9927e-05	0.15089	liquid
157.69	210.00	380.38	0.0026289	132.40	187.61	1.0177	1.9409	3.4700	1153.7	-0.032646	6.8982e-05	0.14977	liquid
158.69	210.00	379.01	0.0026385	135.67	191.08	1.0396	1.9381	3.4750	1146.2	-0.032119	6.8055e-05	0.14866	liquid
159.69	210.00	377.62	0.0026481	138.95	194.56	1.0615	1.9352	3.4801	1138.6	-0.031579	6.7147e-05	0.14755	liquid
160.69	210.00	376.24	0.0026579	142.23	198.04	1.0832	1.9324	3.4854	1131.1	-0.031028	6.6256e-05	0.14645	liquid
161.69	210.00	374.85	0.0026678	145.51	201.53	1.1049	1.9297	3.4907	1123.6	-0.030464	6.5383e-05	0.14535	liquid
162.69	210.00	373.45	0.0026777	148.79	205.02	1.1264	1.9270	3.4961	1116.1	-0.029888	6.4527e-05	0.14426	liquid
163.69	210.00	372.05	0.0026878	152.08	208.52	1.1478	1.9243	3.5016	1108.6	-0.029299	6.3687e-05	0.14317	liquid
164.69	210.00	370.64	0.0026980	155.37	212.03	1.1692	1.9217	3.5072	1101.1	-0.028697	6.2863e-05	0.14209	liquid
165.69	210.00	369.23	0.0027084	158.66	215.54	1.1904	1.9191	3.5129	1093.6	-0.028082	6.2054e-05	0.14102	liquid
166.69	210.00	367.81	0.0027188	161.96	219.05	1.2116	1.9165	3.5188	1086.2	-0.027453	6.1261e-05	0.13995	liquid
167.69	210.00	366.38	0.0027294	165.26	222.58	1.2327	1.9140	3.5247	1078.7	-0.026810	6.0482e-05	0.13888	liquid
168.69	210.00	364.95	0.0027401	168.56	226.10	1.2536	1.9115	3.5307	1071.3	-0.026153	5.9718e-05	0.13782	liquid
169.69	210.00	363.51	0.0027509	171.87	229.64	1.2745	1.9091	3.5369	1063.9	-0.025481	5.8967e-05	0.13677	liquid
170.69	210.00	362.07	0.0027619	175.18	233.18	1.2953	1.9067	3.5431	1056.5	-0.024794	5.8230e-05	0.13573	liquid
171.69	210.00	360.62	0.0027730	178.49	236.72	1.3160	1.9044	3.5495	1049.1	-0.024093	5.7507e-05	0.13469	liquid
172.69	210.00	359.16	0.0027842	181.81	240.28	1.3367	1.9020	3.5559	1041.8	-0.023376	5.6796e-05	0.13365	liquid
173.69	210.00	357.70	0.0027956	185.13	243.84	1.3572	1.8998	3.5625	1034.4	-0.022643	5.6098e-05	0.13262	liquid
174.69	210.00	356.23	0.0028072	188.45	247.40	1.3777	1.8975	3.5692	1027.1	-0.021894	5.5412e-05	0.13160	liquid
175.69	210.00	354.76	0.0028188	191.78	250.97	1.3981	1.8953	3.5760	1019.8	-0.021129	5.4737e-05	0.13059	liquid
176.69	210.00	353.28	0.0028306	195.11	254.55	1.4184	1.8932	3.5829	1012.5	-0.020348	5.4075e-05	0.12958	liquid
177.69	210.00	351.79	0.0028426	198.44	258.14	1.4386	1.8910	3.5899	1005.2	-0.019549	5.3424e-05	0.12858	liquid
178.69	210.00	350.30	0.0028547	201.78	261.73	1.4588	1.8890	3.5971	997.95	-0.018733	5.2784e-05	0.12758	liquid
179.69	210.00	348.79	0.0028670	205.13	265.33	1.4789	1.8869	3.6043	990.72	-0.017900	5.2155e-05	0.12659	liquid
180.69	210.00	347.29	0.0028795	208.47	268.94	1.4989	1.8849	3.6117	983.51	-0.017048	5.1536e-05	0.12561	liquid
181.69	210.00	345.77	0.0028921	211.82	272.56	1.5189	1.8830	3.6191	976.32	-0.016179	5.0928e-05	0.12463	liquid
182.69	210.00	344.25	0.0029049	215.18	276.18	1.5387	1.8810	3.6267	969.16	-0.015290	5.0329e-05	0.12367	liquid
183.69	210.00	342.72	0.0029178	218.54	279.81	1.5586	1.8792	3.6344	962.02	-0.014383	4.9741e-05	0.12271	liquid
184.69	210.00	341.19	0.0029309	221.90	283.45	1.5783	1.8773	3.6422	954.90	-0.013457	4.9162e-05	0.12175	liquid
185.69	210.00	339.65	0.0029442	225.27	287.09	1.5980	1.8755	3.6500	947.82	-0.012511	4.8593e-05	0.12081	liquid
186.69	210.00	338.10	0.0029577	228.64	290.75	1.6176	1.8738	3.6580	940.75	-0.011546	4.8032e-05	0.11988	liquid
187.69	210.00	336.54	0.0029714	232.01	294.41	1.6372	1.8721	3.6661	933.72	-0.010560	4.7481e-05	0.11895	liquid
188.69	210.00	334.98	0.0029853	235.39	298.08	1.6567	1.8704	3.6743	926.72	-0.0095539	4.6938e-05	0.11804	liquid
189.69	210.00	333.41	0.0029993	238.77	301.76	1.6761	1.8688	3.6826	919.74	-0.0085269	4.6404e-05	0.11714	liquid
190.69	210.00	331.83	0.0030136	242.16	305.45	1.6955	1.8672	3.6910	912.80	-0.0074789	4.5879e-05	0.11626	supercritical
191.69	210.00	330.25	0.0030280	245.55	309.14	1.7149	1.8656	3.6995	905.88	-0.0064095	4.5361e-05	0.11532	supercritical
192.69	210.00	328.66	0.0030427	248.95	312.85	1.7341	1.8641	3.7081	899.00	-0.0053184	4.4852e-05	0.11440	supercritical
193.69	210.00	327.06	0.0030576	252.35	316.56	1.7533	1.8626	3.7168	892.16	-0.0042054	4.4350e-05	0.11349	supercritical
194.69	210.00	325.45	0.0030727	255.75	320.28	1.7725	1.8612	3.7255	885.35	-0.0030701	4.3856e-05	0.11260	supercritical
195.69	210.00	323.84	0.0030880	259.16	324.01	1.7916	1.8598	3.7343	878.57	-0.0019124	4.3370e-05	0.11171	supercritical
196.69	210.00	322.22	0.0031035	262.57	327.75	1.8107	1.8584	3.7432	871.83	-0.00073194	4.2891e-05	0.11082	supercritical
197.69	210.00	320.59	0.0031192	265.99	331.50	1.8297	1.8571	3.7522	865.13	0.00047150	4.2419e-05	0.10995	supercritical
198.69	210.00	318.96	0.0031352	269.41	335.25	1.8486	1.8558	3.7613	858.47	0.0016981	4.1954e-05	0.10908	supercritical
199.69	210.00	317.31	0.0031514	272.84	339.02	1.8675	1.8546	3.7704	851.85	0.0029482	4.1496e-05	0.10822	supercritical
200.69	210.00	315.67	0.0031679	276.27	342.79	1.8864	1.8534	3.7795	845.28	0.0042218	4.1045e-05	0.10737	supercritical
201.69	210.00	314.01	0.0031846	279.70	346.58	1.9052	1.8522	3.7887	838.74	0.0055193	4.0601e-05	0.10653	supercritical
202.69	210.00	312.35	0.0032016	283.14	350.37	1.9240	1.8511	3.7979	832.25	0.0068406	4.0163e-05	0.10569	supercritical
203.69	210.00	310.68	0.0032188	286.58	354.17	1.9427	1.8500	3.8072	825.81	0.0081861	3.9731e-05	0.10487	supercritical
204.69	210.00	309.00	0.0032362	290.02	357.98	1.9613	1.8490	3.8165	819.41	0.0095557	3.9306e-05	0.10404	supercritical
205.69	210.00	307.32	0.0032539	293.47	361.81	1.9800	1.8480	3.8258	813.07	0.010950	3.8888e-05	0.10323	supercritical
206.69	210.00	305.63	0.0032719	296.93	365.64	1.9985	1.8470	3.8351	806.77	0.012368	3.8475e-05	0.10243	supercritical
207.69	210.00	303.93	0.0032902	300.38	369.48	2.0171	1.8461	3.8445	800.52	0.013810	3.8068e-05	0.10163	supercritical
208.69	210.00	302.23	0.0033087	303.84	373.33	2.0356	1.8452	3.8538	794.33	0.015277	3.7667e-05	0.10084	supercritical
209.69	210.00	300.52	0.0033275	307.31	377.18	2.0540	1.8443	3.8630	788.19	0.016769	3.7272e-05	0.10006	supercritical
210.69	210.00	298.81	0.0033466	310.77	381.05	2.0724	1.8435	3.8723	782.11	0.018284	3.6883e-05	0.099284	supercritical
211.69	210.00	297.09	0.0033660	314.24	384.93	2.0908	1.8427	3.8815	776.09	0.019824	3.6499e-05	0.098519	supercritical
212.69	210.00	295.36	0.0033857	317.71	388.81	2.1091	1.8419	3.8907	770.12	0.021388	3.6121e-05	0.097762	supercritical
213.69	210.00	293.63	0.0034057	321.19	392.71	2.1273	1.8412	3.8998	764.21	0.022975	3.5749e-05	0.097013	supercritical
214.69	210.00	291.89	0.0034260	324.67	396.61	2.1456	1.8405	3.9088	758.36	0.024587	3.5382e-05	0.096273	supercritical
215.69	210.00	290.14	0.0034466	328.15	400.53	2.1638	1.8399	3.9177	752.58	0.026221	3.5020e-05	0.095540	supercritical
216.69	210.00	288.39	0.0034675	331.63	404.45	2.1819	1.8392	3.9265	746.86	0.027879	3.4663e-05	0.094817	supercritical
217.69	210.00	286.64	0.0034887	335.12	408.38	2.2000	1.8386	3.9352	741.21	0.029559	3.4312e-05	0.094101	supercritical
218.69	210.00	284.88	0.0035102	338.61	412.32	2.2181	1.8381	3.9437	735.62	0.031262	3.3966e-05	0.093395	supercritical
219.69	210.00	283.12	0.0035321	342.09	416.27	2.2361	1.8376	3.9522	730.10	0.032987	3.3625e-05	0.092697	supercritical
220.69	210.00	281.35	0.0035542	345.59	420.22	2.2540	1.8371	3.9604	724.65	0.034733	3.3289e-05	0.092007	supercritical
221.69	210.00	279.58	0.0035767	349.08	424.19	2.2720	1.8366	3.9685	719.28	0.036500	3.2958e-05	0.091327	supercritical
222.69	210.00	277.81	0.0035996	352.57	428.16	2.2898	1.8361	3.9763	713.97	0.038287	3.2631e-05	0.090655	supercritical
223.69	210.00	276.03	0.0036227	356.06	432.14	2.3077	1.8357	3.9840	708.74	0.040093	3.2310e-05	0.089992	supercritical
224.69	210.00	274.26	0.0036462	359.56	436.13	2.3254	1.8353	3.9914	703.58	0.041918	3.1994e-05	0.089338	supercritical
225.69	210.00	272.47	0.0036701	363.05	440.12	2.3432	1.8350	3.9985	698.50	0.043761	3.1682e-05	0.088692	supercritical
226.69	210.00	270.69	0.0036943	366.55	444.13	2.3609	1.8347	4.0054	693.49	0.045620	3.1376e-05	0.088056	supercritical
227.69	210.00	268.90	0.0037188	370.04	448.13	2.3785	1.8343	4.0121	688.57	0.047496	3.1074e-05	0.087429	supercritical
228.69	210.00	267.12	0.0037437	373.53	452.15	2.3961	1.8341	4.0184	683.72	0.049387	3.0776e-05	0.086811	supercritical
229.69	210.00	265.33	0.0037689	377.02	456.17	2.4137	1.8338	4.0244	678.96	0.051291	3.0484e-05	0.086202	supercritical
230.69	210.00	263.54	0.0037945	380.51	460.20	2.4312	1.8336	4.0300	674.27	0.053208	3.0196e-05	0.085602	supercritical
231.69	210.00	261.75	0.0038204	384.00	464.23	2.4486	1.8334	4.0353	669.67	0.055137	2.9913e-05	0.085011	supercritical
232.69	210.00	259.97	0.0038466	387.49	468.27	2.4660	1.8332	4.0403	665.16	0.057075	2.9634e-05	0.084429	supercritical
233.69	210.00	258.18	0.0038733	390.97	472.31	2.4833	1.8330	4.0448	660.73	0.059022	2.9360e-05	0.083856	supercritical
234.69	210.00	256.40	0.0039002	394.45	476.36	2.5006	1.8329	4.0489	656.38	0.060977	2.9090e-05	0.083293	supercritical
235.69	210.00	254.61	0.0039275	397.93	480.41	2.5178	1.8328	4.0527	652.12	0.062937	2.8825e-05	0.082739	supercritical
236.69	210.00	252.83	0.0039552	401.40	484.46	2.5350	1.8327	4.0560	647.95	0.064902	2.8564e-05	0.082193	supercritical
237.69	210.00	251.05	0.0039832	404.87	488.52	2.5521	1.8326	4.0588	643.87	0.066869	2.8308e-05	0.081657	supercritical
238.69	210.00	249.28	0.0040115	408.34	492.58	2.5692	1.8325	4.0612	639.87	0.068838	2.8057e-05	0.081130	supercritical
239.69	210.00	247.51	0.0040402	411.80	496.64	2.5861	1.8325	4.0631	635.97	0.070806	2.7810e-05	0.080612	supercritical
240.69	210.00	245.74	0.0040693	415.25	500.71	2.6031	1.8325	4.0646	632.15	0.072771	2.7567e-05	0.080103	supercritical
241.69	210.00	243.98	0.0040986	418.70	504.77	2.6199	1.8325	4.0655	628.42	0.074733	2.7329e-05	0.079603	supercritical
242.69	210.00	242.23	0.0041283	422.14	508.84	2.6367	1.8325	4.0660	624.79	0.076690	2.7095e-05	0.079112	supercritical
243.69	210.00	240.48	0.0041583	425.58	512.90	2.6534	1.8325	4.0659	621.24	0.078639	2.6865e-05	0.078630	supercritical
244.69	210.00	238.74	0.0041887	429.01	516.97	2.6701	1.8326	4.0654	617.79	0.080579	2.6640e-05	0.078156	supercritical
245.69	210.00	237.00	0.0042193	432.43	521.03	2.6866	1.8326	4.0644	614.42	0.082509	2.6419e-05	0.077691	supercritical
246.69	210.00	235.28	0.0042503	435.84	525.10	2.7031	1.8327	4.0628	611.15	0.084427	2.6202e-05	0.077235	supercritical
247.69	210.00	233.56	0.0042816	439.25	529.16	2.7196	1.8328	4.0608	607.96	0.086332	2.5990e-05	0.076788	supercritical
248.69	210.00	231.85	0.0043132	442.64	533.22	2.7359	1.8329	4.0582	604.87	0.088221	2.5782e-05	0.076349	supercritical
249.69	210.00	230.14	0.0043451	446.03	537.28	2.7522	1.8330	4.0552	601.86	0.090093	2.5578e-05	0.075918	supercritical
250.69	210.00	228.45	0.0043773	449.41	541.33	2.7684	1.8332	4.0516	598.94	0.091948	2.5378e-05	0.075496	supercritical
251.69	210.00	226.77	0.0044097	452.77	545.38	2.7845	1.8333	4.0476	596.11	0.093782	2.5182e-05	0.075083	supercritical
252.69	210.00	225.10	0.0044425	456.13	549.42	2.8006	1.8335	4.0431	593.36	0.095597	2.4991e-05	0.074677	supercritical
253.69	210.00	223.44	0.0044755	459.48	553.47	2.8165	1.8337	4.0382	590.70	0.097389	2.4803e-05	0.074279	supercritical
254.69	210.00	221.79	0.0045088	462.82	557.50	2.8324	1.8339	4.0327	588.13	0.099157	2.4620e-05	0.073890	supercritical
255.69	210.00	220.15	0.0045423	466.14	561.53	2.8482	1.8341	4.0269	585.64	0.10090	2.4440e-05	0.073508	supercritical
256.69	210.00	218.53	0.0045761	469.46	565.55	2.8639	1.8343	4.0206	583.23	0.10262	2.4265e-05	0.073134	supercritical
257.69	210.00	216.92	0.0046101	472.76	569.57	2.8795	1.8346	4.0139	580.90	0.10431	2.4093e-05	0.072768	supercritical
258.69	210.00	215.32	0.0046443	476.05	573.58	2.8951	1.8348	4.0069	578.65	0.10598	2.3925e-05	0.072410	supercritical
259.69	210.00	213.73	0.0046788	479.33	577.59	2.9105	1.8351	3.9994	576.48	0.10761	2.3761e-05	0.072058	supercritical
260.69	210.00	212.16	0.0047135	482.60	581.58	2.9259	1.8354	3.9915	574.39	0.10922	2.3601e-05	0.071715	supercritical
261.69	210.00	210.60	0.0047484	485.85	585.57	2.9411	1.8357	3.9834	572.37	0.11079	2.3444e-05	0.071378	supercritical
262.69	210.00	209.05	0.0047835	489.09	589.55	2.9563	1.8360	3.9748	570.42	0.11234	2.3291e-05	0.071049	supercritical
263.69	210.00	207.52	0.0048188	492.32	593.52	2.9714	1.8363	3.9660	568.55	0.11385	2.3142e-05	0.070727	supercritical
264.69	210.00	206.00	0.0048543	495.54	597.48	2.9864	1.8367	3.9568	566.75	0.11533	2.2996e-05	0.070411	supercritical
265.69	210.00	204.50	0.0048900	498.74	601.43	3.0013	1.8370	3.9474	565.02	0.11678	2.2854e-05	0.070103	supercritical
266.69	210.00	203.01	0.0049258	501.93	605.37	3.0161	1.8374	3.9377	563.36	0.11820	2.2715e-05	0.069801	supercritical
267.69	210.00	201.54	0.0049618	505.11	609.31	3.0308	1.8378	3.9277	561.76	0.11958	2.2579e-05	0.069507	supercritical
268.69	210.00	200.08	0.0049980	508.27	613.23	3.0454	1.8381	3.9175	560.22	0.12092	2.2447e-05	0.069218	supercritical
269.69	210.00	198.64	0.0050343	511.42	617.14	3.0600	1.8386	3.9071	558.75	0.12223	2.2318e-05	0.068936	supercritical
270.69	210.00	197.21	0.0050707	514.56	621.04	3.0744	1.8390	3.8965	557.34	0.12351	2.2192e-05	0.068661	supercritical
271.69	210.00	195.80	0.0051073	517.68	624.93	3.0888	1.8394	3.8856	556.00	0.12475	2.2069e-05	0.068392	supercritical
272.69	210.00	194.40	0.0051440	520.79	628.81	3.1030	1.8399	3.8746	554.71	0.12595	2.1949e-05	0.068129	supercritical
273.69	210.00	193.02	0.0051808	523.89	632.68	3.1172	1.8404	3.8635	553.47	0.12712	2.1832e-05	0.067872	supercritical
274.69	210.00	191.65	0.0052178	526.97	636.54	3.1313	1.8408	3.8522	552.29	0.12826	2.1719e-05	0.067621	supercritical
275.69	210.00	190.30	0.0052548	530.04	640.39	3.1452	1.8414	3.8408	551.17	0.12935	2.1608e-05	0.067376	supercritical
276.69	210.00	188.97	0.0052919	533.09	644.22	3.1591	1.8419	3.8292	550.10	0.13041	2.1500e-05	0.067137	supercritical
277.69	210.00	187.65	0.0053291	536.13	648.05	3.1729	1.8424	3.8176	549.08	0.13144	2.1394e-05	0.066903	supercritical
278.69	210.00	186.34	0.0053664	539.16	651.86	3.1866	1.8430	3.8059	548.11	0.13243	2.1292e-05	0.066676	supercritical
279.69	210.00	185.05	0.0054038	542.18	655.66	3.2002	1.8436	3.7941	547.18	0.13338	2.1192e-05	0.066454	supercritical
280.69	210.00	183.78	0.0054413	545.18	659.45	3.2137	1.8442	3.7823	546.31	0.13429	2.1094e-05	0.066237	supercritical
281.69	210.00	182.52	0.0054788	548.17	663.22	3.2272	1.8448	3.7704	545.48	0.13517	2.1000e-05	0.066027	supercritical
282.69	210.00	181.28	0.0055163	551.14	666.99	3.2405	1.8454	3.7584	544.69	0.13602	2.0907e-05	0.065821	supercritical
283.69	210.00	180.05	0.0055540	554.11	670.74	3.2538	1.8461	3.7465	543.95	0.13683	2.0818e-05	0.065621	supercritical
284.69	210.00	178.84	0.0055916	557.06	674.48	3.2669	1.8468	3.7345	543.24	0.13760	2.0730e-05	0.065426	supercritical
285.69	210.00	177.64	0.0056293	559.99	678.21	3.2800	1.8475	3.7226	542.58	0.13834	2.0645e-05	0.065236	supercritical
286.69	210.00	176.46	0.0056671	562.92	681.93	3.2930	1.8482	3.7106	541.96	0.13904	2.0562e-05	0.065051	supercritical
287.69	210.00	175.29	0.0057049	565.83	685.63	3.3059	1.8490	3.6987	541.37	0.13971	2.0482e-05	0.064872	supercritical
288.69	210.00	174.14	0.0057427	568.73	689.32	3.3187	1.8498	3.6868	540.83	0.14035	2.0403e-05	0.064697	supercritical
289.69	210.00	173.00	0.0057805	571.61	693.00	3.3314	1.8506	3.6750	540.31	0.14095	2.0327e-05	0.064527	supercritical
290.69	210.00	171.87	0.0058183	574.49	696.67	3.3441	1.8514	3.6632	539.84	0.14152	2.0253e-05	0.064362	supercritical
291.69	210.00	170.76	0.0058562	577.35	700.33	3.3566	1.8522	3.6514	539.39	0.14205	2.0181e-05	0.064202	supercritical
292.69	210.00	169.66	0.0058940	580.20	703.98	3.3691	1.8531	3.6398	538.98	0.14256	2.0111e-05	0.064047	supercritical
293.69	210.00	168.58	0.0059319	583.04	707.61	3.3815	1.8540	3.6282	538.60	0.14303	2.0042e-05	0.063896	supercritical
294.69	210.00	167.51	0.0059698	585.87	711.23	3.3938	1.8549	3.6167	538.25	0.14347	1.9976e-05	0.063750	supercritical
295.69	210.00	166.45	0.0060076	588.68	714.84	3.4060	1.8559	3.6052	537.93	0.14389	1.9912e-05	0.063608	supercritical
296.69	210.00	165.41	0.0060455	591.49	718.44	3.4182	1.8569	3.5939	537.64	0.14427	1.9849e-05	0.063471	supercritical
297.69	210.00	164.38	0.0060833	594.28	722.03	3.4303	1.8579	3.5827	537.37	0.14462	1.9788e-05	0.063338	supercritical
298.69	210.00	163.37	0.0061212	597.06	725.61	3.4423	1.8589	3.5715	537.13	0.14494	1.9729e-05	0.063210	supercritical
299.69	210.00	162.36	0.0061590	599.83	729.17	3.4542	1.8600	3.5605	536.92	0.14524	1.9672e-05	0.063086	supercritical
300.69	210.00	161.37	0.0061968	602.60	732.73	3.4660	1.8610	3.5496	536.73	0.14550	1.9616e-05	0.062966	supercritical
301.69	210.00	160.40	0.0062346	605.35	736.27	3.4778	1.8622	3.5388	536.57	0.14574	1.9562e-05	0.062850	supercritical
302.69	210.00	159.43	0.0062723	608.09	739.81	3.4895	1.8633	3.5281	536.43	0.14596	1.9509e-05	0.062738	supercritical
303.69	210.00	158.48	0.0063100	610.82	743.33	3.5011	1.8645	3.5176	536.31	0.14614	1.9458e-05	0.062631	supercritical
304.69	210.00	157.54	0.0063477	613.54	746.84	3.5127	1.8656	3.5072	536.22	0.14631	1.9408e-05	0.062527	supercritical
305.69	210.00	156.61	0.0063854	616.25	750.34	3.5241	1.8669	3.4969	536.14	0.14644	1.9360e-05	0.062428	supercritical
306.69	210.00	155.69	0.0064230	618.95	753.84	3.5355	1.8681	3.4868	536.09	0.14656	1.9314e-05	0.062332	supercritical
307.69	210.00	154.78	0.0064606	621.65	757.32	3.5469	1.8694	3.4768	536.05	0.14665	1.9268e-05	0.062240	supercritical
308.69	210.00	153.89	0.0064981	624.33	760.79	3.5581	1.8707	3.4669	536.04	0.14671	1.9224e-05	0.062152	supercritical
309.69	210.00	153.01	0.0065356	627.00	764.25	3.5693	1.8720	3.4572	536.04	0.14676	1.9182e-05	0.062067	supercritical
310.69	210.00	152.14	0.0065731	629.67	767.70	3.5805	1.8733	3.4476	536.06	0.14678	1.9140e-05	0.061987	supercritical
311.69	210.00	151.27	0.0066105	632.33	771.15	3.5915	1.8747	3.4382	536.10	0.14678	1.9100e-05	0.061910	supercritical
312.69	210.00	150.42	0.0066479	634.97	774.58	3.6025	1.8761	3.4289	536.15	0.14676	1.9062e-05	0.061836	supercritical
313.69	210.00	149.58	0.0066852	637.61	778.00	3.6135	1.8776	3.4197	536.22	0.14672	1.9024e-05	0.061766	supercritical
314.69	210.00	148.75	0.0067225	640.25	781.42	3.6243	1.8790	3.4107	536.31	0.14666	1.8988e-05	0.061699	supercritical
315.69	210.00	147.93	0.0067597	642.87	784.83	3.6351	1.8805	3.4019	536.41	0.14659	1.8952e-05	0.061636	supercritical
316.69	210.00	147.13	0.0067969	645.49	788.22	3.6459	1.8820	3.3932	536.52	0.14649	1.8918e-05	0.061576	supercritical
317.69	210.00	146.33	0.0068341	648.10	791.61	3.6566	1.8836	3.3846	536.65	0.14637	1.8885e-05	0.061519	supercritical
318.69	210.00	145.54	0.0068711	650.70	794.99	3.6672	1.8851	3.3762	536.79	0.14624	1.8853e-05	0.061466	supercritical
319.69	210.00	144.76	0.0069082	653.29	798.36	3.6777	1.8867	3.3679	536.95	0.14609	1.8822e-05	0.061416	supercritical
320.69	210.00	143.99	0.0069451	655.88	801.73	3.6883	1.8883	3.3598	537.12	0.14593	1.8792e-05	0.061369	supercritical
321.69	210.00	143.22	0.0069821	658.46	805.08	3.6987	1.8900	3.3518	537.30	0.14575	1.8763e-05	0.061325	supercritical
322.69	210.00	142.47	0.0070189	661.03	808.43	3.7091	1.8916	3.3440	537.49	0.14555	1.8736e-05	0.061284	supercritical
323.69	210.00	141.73	0.0070557	663.60	811.77	3.7194	1.8933	3.3363	537.69	0.14534	1.8709e-05	0.061247	supercritical
324.69	210.00	140.99	0.0070925	666.16	815.10	3.7297	1.8951	3.3287	537.91	0.14511	1.8683e-05	0.061212	supercritical
325.69	210.00	140.27	0.0071292	668.72	818.43	3.7399	1.8968	3.3213	538.13	0.14488	1.8657e-05	0.061180	supercritical
326.69	210.00	139.55	0.0071658	671.27	821.75	3.7501	1.8986	3.3141	538.37	0.14462	1.8633e-05	0.061151	supercritical
327.69	210.00	138.84	0.0072024	673.81	825.06	3.7602	1.9004	3.3070	538.61	0.14436	1.8610e-05	0.061125	supercritical
328.69	210.00	138.14	0.0072389	676.34	828.36	3.7703	1.9022	3.3000	538.87	0.14408	1.8587e-05	0.061101	supercritical
329.69	210.00	137.45	0.0072754	678.88	831.66	3.7803	1.9040	3.2932	539.13	0.14379	1.8566e-05	0.061081	supercritical
330.69	210.00	136.77	0.0073117	681.40	834.95	3.7903	1.9059	3.2865	539.40	0.14348	1.8545e-05	0.061063	supercritical
331.69	210.00	136.09	0.0073481	683.92	838.23	3.8002	1.9078	3.2799	539.68	0.14317	1.8525e-05	0.061047	supercritical
332.69	210.00	135.42	0.0073844	686.44	841.51	3.8100	1.9097	3.2735	539.97	0.14284	1.8505e-05	0.061035	supercritical
333.69	210.00	134.76	0.0074206	688.95	844.78	3.8199	1.9116	3.2672	540.27	0.14251	1.8487e-05	0.061025	supercritical
334.69	210.00	134.11	0.0074568	691.45	848.04	3.8296	1.9136	3.2610	540.57	0.14216	1.8469e-05	0.061017	supercritical
335.69	210.00	133.46	0.0074929	693.95	851.30	3.8393	1.9156	3.2550	540.89	0.14180	1.8452e-05	0.061012	supercritical
336.69	210.00	132.82	0.0075289	696.45	854.55	3.8490	1.9176	3.2491	541.21	0.14144	1.8435e-05	0.061010	supercritical
337.69	210.00	132.19	0.0075649	698.94	857.80	3.8586	1.9196	3.2433	541.53	0.14106	1.8419e-05	0.061010	supercritical
338.69	210.00	131.57	0.0076008	701.42	861.04	3.8682	1.9217	3.2377	541.87	0.14068	1.8404e-05	0.061012	supercritical
339.69	210.00	130.95	0.0076366	703.90	864.27	3.8778	1.9238	3.2321	542.20	0.14029	1.8390e-05	0.061017	supercritical
340.69	210.00	130.34	0.0076724	706.38	867.50	3.8873	1.9258	3.2267	542.55	0.13988	1.8376e-05	0.061024	supercritical
341.69	210.00	129.73	0.0077082	708.86	870.73	3.8967	1.9280	3.2215	542.90	0.13948	1.8363e-05	0.061033	supercritical
342.69	210.00	129.13	0.0077439	711.32	873.95	3.9061	1.9301	3.2163	543.26	0.13906	1.8351e-05	0.061045	supercritical
343.69	210.00	128.54	0.0077795	713.79	877.16	3.9155	1.9323	3.2113	543.62	0.13864	1.8339e-05	0.061058	supercritical
344.69	210.00	127.96	0.0078150	716.25	880.37	3.9248	1.9345	3.2063	543.99	0.13820	1.8327e-05	0.061074	supercritical
345.69	210.00	127.38	0.0078505	718.71	883.57	3.9341	1.9367	3.2015	544.37	0.13777	1.8316e-05	0.061092	supercritical
346.69	210.00	126.81	0.0078860	721.17	886.77	3.9433	1.9389	3.1969	544.74	0.13732	1.8306e-05	0.061113	supercritical
347.69	210.00	126.24	0.0079214	723.62	889.97	3.9525	1.9411	3.1923	545.13	0.13687	1.8297e-05	0.061135	supercritical
348.69	210.00	125.68	0.0079567	726.07	893.16	3.9617	1.9434	3.1878	545.52	0.13642	1.8288e-05	0.061160	supercritical
349.69	210.00	125.13	0.0079919	728.51	896.34	3.9708	1.9457	3.1835	545.91	0.13595	1.8279e-05	0.061186	supercritical
350.69	210.00	124.58	0.0080271	730.95	899.52	3.9799	1.9480	3.1792	546.31	0.13549	1.8271e-05	0.061214	supercritical
351.69	210.00	124.03	0.0080623	733.39	902.70	3.9889	1.9503	3.1751	546.71	0.13501	1.8263e-05	0.061245	supercritical
352.69	210.00	123.50	0.0080974	735.83	905.87	3.9979	1.9527	3.1710	547.11	0.13453	1.8256e-05	0.061277	supercritical
353.69	210.00	122.97	0.0081324	738.26	909.04	4.0069	1.9550	3.1671	547.52	0.13405	1.8250e-05	0.061312	supercritical
354.69	210.00	122.44	0.0081674	740.69	912.21	4.0159	1.9574	3.1633	547.94	0.13356	1.8244e-05	0.061348	supercritical
355.69	210.00	121.92	0.0082023	743.12	915.37	4.0248	1.9598	3.1595	548.35	0.13307	1.8238e-05	0.061386	supercritical
356.69	210.00	121.40	0.0082371	745.55	918.53	4.0336	1.9622	3.1559	548.78	0.13258	1.8233e-05	0.061426	supercritical
357.69	210.00	120.89	0.0082719	747.97	921.68	4.0425	1.9647	3.1524	549.20	0.13208	1.8228e-05	0.061467	supercritical
358.69	210.00	120.39	0.0083066	750.39	924.83	4.0512	1.9671	3.1489	549.63	0.13157	1.8224e-05	0.061511	supercritical
359.69	210.00	119.88	0.0083413	752.81	927.98	4.0600	1.9696	3.1456	550.06	0.13106	1.8220e-05	0.061556	supercritical
360.69	210.00	119.39	0.0083760	755.23	931.12	4.0687	1.9721	3.1424	550.49	0.13055	1.8216e-05	0.061603	supercritical
361.69	210.00	118.90	0.0084105	757.64	934.26	4.0774	1.9746	3.1392	550.93	0.13004	1.8213e-05	0.061652	supercritical
362.69	210.00	118.41	0.0084450	760.06	937.40	4.0861	1.9771	3.1361	551.37	0.12952	1.8211e-05	0.061702	supercritical
363.69	210.00	117.93	0.0084795	762.47	940.54	4.0947	1.9797	3.1332	551.81	0.12900	1.8208e-05	0.061754	supercritical
364.69	210.00	117.46	0.0085139	764.88	943.67	4.1033	1.9822	3.1303	552.25	0.12848	1.8206e-05	0.061808	supercritical
365.69	210.00	116.98	0.0085482	767.28	946.80	4.1119	1.9848	3.1275	552.70	0.12795	1.8205e-05	0.061863	supercritical
366.69	210.00	116.52	0.0085825	769.69	949.92	4.1204	1.9874	3.1248	553.15	0.12743	1.8204e-05	0.061920	supercritical
367.69	210.00	116.05	0.0086168	772.09	953.05	4.1289	1.9900	3.1221	553.60	0.12690	1.8203e-05	0.061978	supercritical
368.69	210.00	115.59	0.0086509	774.50	956.17	4.1374	1.9926	3.1196	554.06	0.12636	1.8203e-05	0.062038	supercritical
369.69	210.00	115.14	0.0086851	776.90	959.29	4.1459	1.9953	3.1171	554.51	0.12583	1.8202e-05	0.062100	supercritical
370.69	210.00	114.69	0.0087191	779.30	962.40	4.1543	1.9979	3.1148	554.97	0.12529	1.8203e-05	0.062163	supercritical
371.69	210.00	114.24	0.0087532	781.70	965.51	4.1627	2.0006	3.1125	555.43	0.12476	1.8203e-05	0.062227	supercritical
372.69	210.00	113.80	0.0087871	784.10	968.63	4.1710	2.0033	3.1102	555.90	0.12422	1.8204e-05	0.062293	supercritical
373.69	210.00	113.37	0.0088211	786.49	971.74	4.1794	2.0060	3.1081	556.36	0.12368	1.8205e-05	0.062361	supercritical
374.69	210.00	112.93	0.0088549	788.89	974.84	4.1877	2.0087	3.1060	556.83	0.12313	1.8207e-05	0.062430	supercritical
375.69	210.00	112.50	0.0088887	791.28	977.95	4.1959	2.0115	3.1040	557.30	0.12259	1.8209e-05	0.062500	supercritical
376.69	210.00	112.08	0.0089225	793.68	981.05	4.2042	2.0142	3.1021	557.77	0.12205	1.8211e-05	0.062572	supercritical
377.69	210.00	111.65	0.0089562	796.07	984.15	4.2124	2.0170	3.1002	558.24	0.12150	1.8213e-05	0.062645	supercritical
378.69	210.00	111.24	0.0089899	798.46	987.25	4.2206	2.0197	3.0984	558.71	0.12095	1.8216e-05	0.062719	supercritical
379.69	210.00	110.82	0.0090235	800.86	990.35	4.2288	2.0225	3.0967	559.19	0.12041	1.8219e-05	0.062795	supercritical
380.69	210.00	110.41	0.0090570	803.25	993.44	4.2369	2.0253	3.0951	559.66	0.11986	1.8223e-05	0.062872	supercritical
381.69	210.00	110.00	0.0090906	805.64	996.54	4.2450	2.0282	3.0935	560.14	0.11931	1.8226e-05	0.062950	supercritical
382.69	210.00	109.60	0.0091240	808.03	999.63	4.2531	2.0310	3.0920	560.62	0.11876	1.8230e-05	0.063030	supercritical
383.69	210.00	109.20	0.0091574	810.42	1002.7	4.2612	2.0338	3.0906	561.10	0.11821	1.8234e-05	0.063111	supercritical
384.69	210.00	108.80	0.0091908	812.81	1005.8	4.2692	2.0367	3.0892	561.58	0.11766	1.8239e-05	0.063193	supercritical
385.69	210.00	108.41	0.0092241	815.19	1008.9	4.2772	2.0396	3.0879	562.06	0.11711	1.8243e-05	0.063277	supercritical
386.69	210.00	108.02	0.0092574	817.58	1012.0	4.2852	2.0424	3.0866	562.55	0.11656	1.8248e-05	0.063361	supercritical
387.69	210.00	107.64	0.0092906	819.97	1015.1	4.2932	2.0453	3.0855	563.03	0.11601	1.8253e-05	0.063447	supercritical
388.69	210.00	107.25	0.0093238	822.36	1018.2	4.3012	2.0482	3.0843	563.52	0.11546	1.8259e-05	0.063534	supercritical
389.69	210.00	106.87	0.0093569	824.75	1021.2	4.3091	2.0512	3.0833	564.00	0.11491	1.8264e-05	0.063622	supercritical
390.69	210.00	106.50	0.0093900	827.14	1024.3	4.3170	2.0541	3.0823	564.49	0.11436	1.8270e-05	0.063712	supercritical
391.69	210.00	106.12	0.0094230	829.52	1027.4	4.3249	2.0570	3.0813	564.98	0.11381	1.8276e-05	0.063802	supercritical
392.69	210.00	105.75	0.0094560	831.91	1030.5	4.3327	2.0600	3.0804	565.47	0.11326	1.8282e-05	0.063894	supercritical
393.69	210.00	105.39	0.0094889	834.30	1033.6	4.3406	2.0630	3.0796	565.96	0.11271	1.8289e-05	0.063987	supercritical
394.69	210.00	105.02	0.0095218	836.69	1036.6	4.3484	2.0659	3.0788	566.45	0.11216	1.8296e-05	0.064081	supercritical
395.69	210.00	104.66	0.0095547	839.08	1039.7	4.3562	2.0689	3.0781	566.94	0.11161	1.8303e-05	0.064176	supercritical
396.69	210.00	104.30	0.0095875	841.47	1042.8	4.3639	2.0719	3.0774	567.43	0.11106	1.8310e-05	0.064272	supercritical
397.69	210.00	103.95	0.0096202	843.86	1045.9	4.3717	2.0749	3.0768	567.93	0.11051	1.8317e-05	0.064369	supercritical
398.69	210.00	103.60	0.0096530	846.25	1049.0	4.3794	2.0780	3.0763	568.42	0.10996	1.8325e-05	0.064467	supercritical
399.69	210.00	103.25	0.0096856	848.64	1052.0	4.3871	2.0810	3.0758	568.92	0.10942	1.8332e-05	0.064567	supercritical
400.69	210.00	102.90	0.0097183	851.03	1055.1	4.3948	2.0840	3.0753	569.41	0.10887	1.8340e-05	0.064667	supercritical
401.69	210.00	102.56	0.0097509	853.42	1058.2	4.4024	2.0871	3.0749	569.91	0.10833	1.8348e-05	0.064768	supercritical
402.69	210.00	102.21	0.0097834	855.81	1061.3	4.4101	2.0902	3.0745	570.40	0.10778	1.8357e-05	0.064871	supercritical
403.69	210.00	101.88	0.0098159	858.20	1064.3	4.4177	2.0932	3.0742	570.90	0.10724	1.8365e-05	0.064974	supercritical
404.69	210.00	101.54	0.0098484	860.59	1067.4	4.4253	2.0963	3.0740	571.40	0.10670	1.8374e-05	0.065078	supercritical
405.69	210.00	101.21	0.0098808	862.98	1070.5	4.4329	2.0994	3.0738	571.89	0.10616	1.8383e-05	0.065184	supercritical
406.69	210.00	100.88	0.0099132	865.38	1073.6	4.4405	2.1025	3.0736	572.39	0.10562	1.8392e-05	0.065290	supercritical
407.69	210.00	100.55	0.0099455	867.77	1076.6	4.4480	2.1056	3.0735	572.89	0.10508	1.8401e-05	0.065397	supercritical
408.69	210.00	100.22	0.0099778	870.17	1079.7	4.4556	2.1087	3.0734	573.39	0.10454	1.8410e-05	0.065505	supercritical
409.69	210.00	99.900	0.010010	872.56	1082.8	4.4631	2.1119	3.0734	573.89	0.10400	1.8420e-05	0.065615	supercritical
410.69	210.00	99.579	0.010042	874.96	1085.8	4.4706	2.1150	3.0734	574.39	0.10347	1.8429e-05	0.065725	supercritical
411.69	210.00	99.261	0.010074	877.36	1088.9	4.4780	2.1182	3.0734	574.89	0.10293	1.8439e-05	0.065836	supercritical
412.69	210.00	98.945	0.010107	879.76	1092.0	4.4855	2.1213	3.0735	575.39	0.10240	1.8449e-05	0.065947	supercritical
413.69	210.00	98.632	0.010139	882.16	1095.1	4.4929	2.1245	3.0737	575.89	0.10187	1.8459e-05	0.066060	supercritical
414.69	210.00	98.321	0.010171	884.56	1098.1	4.5003	2.1277	3.0739	576.39	0.10134	1.8470e-05	0.066174	supercritical
415.69	210.00	98.013	0.010203	886.96	1101.2	4.5078	2.1309	3.0741	576.89	0.10081	1.8480e-05	0.066288	supercritical
416.69	210.00	97.707	0.010235	889.36	1104.3	4.5151	2.1340	3.0744	577.39	0.10028	1.8491e-05	0.066404	supercritical
417.69	210.00	97.403	0.010267	891.77	1107.4	4.5225	2.1372	3.0747	577.89	0.099754	1.8501e-05	0.066520	supercritical
418.69	210.00	97.101	0.010299	894.17	1110.4	4.5299	2.1405	3.0750	578.39	0.099229	1.8512e-05	0.066637	supercritical
419.69	210.00	96.801	0.010330	896.58	1113.5	4.5372	2.1437	3.0754	578.89	0.098705	1.8523e-05	0.066755	supercritical
420.69	210.00	96.504	0.010362	898.98	1116.6	4.5445	2.1469	3.0758	579.39	0.098183	1.8534e-05	0.066874	supercritical
421.69	210.00	96.209	0.010394	901.39	1119.7	4.5518	2.1501	3.0763	579.90	0.097663	1.8546e-05	0.066993	supercritical
422.69	210.00	95.916	0.010426	903.80	1122.7	4.5591	2.1534	3.0768	580.40	0.097144	1.8557e-05	0.067113	supercritical
423.69	210.00	95.625	0.010458	906.21	1125.8	4.5664	2.1566	3.0773	580.90	0.096626	1.8569e-05	0.067235	supercritical
424.69	210.00	95.336	0.010489	908.63	1128.9	4.5736	2.1599	3.0779	581.40	0.096111	1.8580e-05	0.067357	supercritical
425.69	210.00	95.049	0.010521	911.04	1132.0	4.5809	2.1631	3.0785	581.90	0.095596	1.8592e-05	0.067479	supercritical
426.69	210.00	94.765	0.010552	913.45	1135.1	4.5881	2.1664	3.0791	582.41	0.095084	1.8604e-05	0.067603	supercritical
427.69	210.00	94.482	0.010584	915.87	1138.1	4.5953	2.1697	3.0798	582.91	0.094573	1.8616e-05	0.067727	supercritical
428.69	210.00	94.201	0.010616	918.29	1141.2	4.6025	2.1730	3.0805	583.41	0.094063	1.8628e-05	0.067852	supercritical
429.69	210.00	93.922	0.010647	920.71	1144.3	4.6097	2.1763	3.0812	583.91	0.093556	1.8640e-05	0.067978	supercritical
430.69	210.00	93.646	0.010679	923.13	1147.4	4.6168	2.1796	3.0820	584.41	0.093050	1.8653e-05	0.068105	supercritical
431.69	210.00	93.371	0.010710	925.55	1150.5	4.6240	2.1829	3.0828	584.92	0.092546	1.8665e-05	0.068232	supercritical
432.69	210.00	93.098	0.010741	927.97	1153.5	4.6311	2.1862	3.0837	585.42	0.092043	1.8678e-05	0.068360	supercritical
433.69	210.00	92.827	0.010773	930.40	1156.6	4.6382	2.1895	3.0845	585.92	0.091542	1.8691e-05	0.068489	supercritical
434.69	210.00	92.558	0.010804	932.83	1159.7	4.6453	2.1928	3.0854	586.42	0.091043	1.8703e-05	0.068618	supercritical
435.69	210.00	92.290	0.010835	935.26	1162.8	4.6524	2.1961	3.0864	586.92	0.090546	1.8716e-05	0.068748	supercritical
436.69	210.00	92.025	0.010867	937.69	1165.9	4.6595	2.1995	3.0873	587.42	0.090051	1.8729e-05	0.068879	supercritical
437.69	210.00	91.761	0.010898	940.12	1169.0	4.6666	2.2028	3.0883	587.93	0.089557	1.8742e-05	0.069011	supercritical
438.69	210.00	91.499	0.010929	942.55	1172.1	4.6736	2.2062	3.0893	588.43	0.089065	1.8756e-05	0.069143	supercritical
439.69	210.00	91.239	0.010960	944.99	1175.2	4.6807	2.2095	3.0904	588.93	0.088575	1.8769e-05	0.069276	supercritical
440.69	210.00	90.980	0.010991	947.42	1178.2	4.6877	2.2129	3.0915	589.43	0.088087	1.8782e-05	0.069410	supercritical
441.69	210.00	90.724	0.011023	949.86	1181.3	4.6947	2.2162	3.0926	589.93	0.087600	1.8796e-05	0.069544	supercritical
442.69	210.00	90.468	0.011054	952.30	1184.4	4.7017	2.2196	3.0937	590.43	0.087116	1.8810e-05	0.069679	supercritical
443.69	210.00	90.215	0.011085	954.75	1187.5	4.7087	2.2230	3.0949	590.93	0.086633	1.8823e-05	0.069815	supercritical
444.69	210.00	89.963	0.011116	957.19	1190.6	4.7156	2.2264	3.0960	591.43	0.086152	1.8837e-05	0.069951	supercritical
445.69	210.00	89.713	0.011147	959.64	1193.7	4.7226	2.2298	3.0973	591.93	0.085673	1.8851e-05	0.070088	supercritical
446.69	210.00	89.465	0.011178	962.08	1196.8	4.7295	2.2332	3.0985	592.43	0.085196	1.8865e-05	0.070225	supercritical
447.69	210.00	89.218	0.011208	964.53	1199.9	4.7365	2.2365	3.0998	592.93	0.084721	1.8879e-05	0.070363	supercritical
448.69	210.00	88.973	0.011239	966.99	1203.0	4.7434	2.2400	3.1011	593.43	0.084248	1.8893e-05	0.070502	supercritical
449.69	210.00	88.729	0.011270	969.44	1206.1	4.7503	2.2434	3.1024	593.93	0.083776	1.8907e-05	0.070642	supercritical
450.69	210.00	88.487	0.011301	971.89	1209.2	4.7572	2.2468	3.1037	594.43	0.083307	1.8922e-05	0.070782	supercritical
451.69	210.00	88.247	0.011332	974.35	1212.3	4.7641	2.2502	3.1051	594.93	0.082839	1.8936e-05	0.070922	supercritical
452.69	210.00	88.008	0.011363	976.81	1215.4	4.7709	2.2536	3.1065	595.43	0.082373	1.8951e-05	0.071064	supercritical
453.69	210.00	87.771	0.011393	979.27	1218.5	4.7778	2.2570	3.1079	595.93	0.081909	1.8965e-05	0.071206	supercritical
454.69	210.00	87.535	0.011424	981.74	1221.6	4.7846	2.2605	3.1093	596.43	0.081447	1.8980e-05	0.071348	supercritical
455.69	210.00	87.300	0.011455	984.20	1224.8	4.7915	2.2639	3.1108	596.93	0.080987	1.8995e-05	0.071491	supercritical
456.69	210.00	87.067	0.011485	986.67	1227.9	4.7983	2.2673	3.1123	597.42	0.080529	1.9009e-05	0.071635	supercritical
457.69	210.00	86.836	0.011516	989.14	1231.0	4.8051	2.2708	3.1138	597.92	0.080073	1.9024e-05	0.071779	supercritical
458.69	210.00	86.606	0.011547	991.61	1234.1	4.8119	2.2742	3.1153	598.42	0.079619	1.9039e-05	0.071924	supercritical
459.69	210.00	86.377	0.011577	994.09	1237.2	4.8187	2.2777	3.1169	598.92	0.079166	1.9054e-05	0.072069	supercritical
460.69	210.00	86.150	0.011608	996.56	1240.3	4.8255	2.2811	3.1184	599.41	0.078716	1.9069e-05	0.072215	supercritical
461.69	210.00	85.924	0.011638	999.04	1243.4	4.8322	2.2846	3.1200	599.91	0.078268	1.9084e-05	0.072362	supercritical
462.69	210.00	85.699	0.011669	1001.5	1246.6	4.8390	2.2881	3.1216	600.41	0.077821	1.9100e-05	0.072509	supercritical
463.69	210.00	85.476	0.011699	1004.0	1249.7	4.8457	2.2915	3.1233	600.90	0.077376	1.9115e-05	0.072656	supercritical
464.69	210.00	85.255	0.011730	1006.5	1252.8	4.8524	2.2950	3.1249	601.40	0.076934	1.9130e-05	0.072804	supercritical
465.69	210.00	85.034	0.011760	1009.0	1255.9	4.8592	2.2985	3.1266	601.89	0.076493	1.9146e-05	0.072953	supercritical
466.69	210.00	84.815	0.011790	1011.5	1259.1	4.8659	2.3020	3.1283	602.39	0.076054	1.9161e-05	0.073102	supercritical
467.69	210.00	84.597	0.011821	1014.0	1262.2	4.8726	2.3054	3.1300	602.88	0.075617	1.9177e-05	0.073252	supercritical
468.69	210.00	84.381	0.011851	1016.5	1265.3	4.8792	2.3089	3.1318	603.38	0.075182	1.9192e-05	0.073402	supercritical
469.69	210.00	84.166	0.011881	1018.9	1268.5	4.8859	2.3124	3.1335	603.87	0.074749	1.9208e-05	0.073553	supercritical
470.69	210.00	83.952	0.011912	1021.4	1271.6	4.8926	2.3159	3.1353	604.37	0.074318	1.9224e-05	0.073705	supercritical
471.69	210.00	83.739	0.011942	1023.9	1274.7	4.8992	2.3194	3.1371	604.86	0.073889	1.9239e-05	0.073856	supercritical
472.69	210.00	83.528	0.011972	1026.5	1277.9	4.9059	2.3229	3.1389	605.36	0.073461	1.9255e-05	0.074009	supercritical
473.69	210.00	83.318	0.012002	1029.0	1281.0	4.9125	2.3264	3.1407	605.85	0.073036	1.9271e-05	0.074162	supercritical
474.69	210.00	83.109	0.012032	1031.5	1284.1	4.9192	2.3299	3.1426	606.34	0.072613	1.9287e-05	0.074315	supercritical
475.69	210.00	82.901	0.012063	1034.0	1287.3	4.9258	2.3334	3.1444	606.83	0.072191	1.9303e-05	0.074469	supercritical
476.69	210.00	82.695	0.012093	1036.5	1290.4	4.9324	2.3369	3.1463	607.33	0.071771	1.9319e-05	0.074623	supercritical
477.69	210.00	82.489	0.012123	1039.0	1293.6	4.9390	2.3404	3.1482	607.82	0.071354	1.9335e-05	0.074778	supercritical
478.69	210.00	82.285	0.012153	1041.5	1296.7	4.9456	2.3440	3.1501	608.31	0.070938	1.9352e-05	0.074933	supercritical
479.69	210.00	82.082	0.012183	1044.0	1299.9	4.9521	2.3475	3.1521	608.80	0.070524	1.9368e-05	0.075089	supercritical
480.69	210.00	81.881	0.012213	1046.6	1303.0	4.9587	2.3510	3.1540	609.29	0.070112	1.9384e-05	0.075245	supercritical
481.69	210.00	81.680	0.012243	1049.1	1306.2	4.9653	2.3545	3.1560	609.78	0.069702	1.9400e-05	0.075402	supercritical
482.69	210.00	81.481	0.012273	1051.6	1309.3	4.9718	2.3580	3.1580	610.27	0.069293	1.9417e-05	0.075559	supercritical
483.69	210.00	81.282	0.012303	1054.1	1312.5	4.9783	2.3616	3.1599	610.76	0.068887	1.9433e-05	0.075717	supercritical
484.69	210.00	81.085	0.012333	1056.7	1315.7	4.9849	2.3651	3.1620	611.25	0.068482	1.9450e-05	0.075875	supercritical
485.69	210.00	80.889	0.012363	1059.2	1318.8	4.9914	2.3686	3.1640	611.74	0.068080	1.9466e-05	0.076033	supercritical
486.69	210.00	80.694	0.012393	1061.8	1322.0	4.9979	2.3722	3.1660	612.23	0.067679	1.9483e-05	0.076193	supercritical
487.69	210.00	80.500	0.012422	1064.3	1325.2	5.0044	2.3757	3.1681	612.72	0.067280	1.9499e-05	0.076352	supercritical
488.69	210.00	80.307	0.012452	1066.8	1328.3	5.0109	2.3793	3.1702	613.21	0.066883	1.9516e-05	0.076512	supercritical
489.69	210.00	80.115	0.012482	1069.4	1331.5	5.0174	2.3828	3.1722	613.70	0.066488	1.9533e-05	0.076672	supercritical
490.69	210.00	79.925	0.012512	1071.9	1334.7	5.0238	2.3864	3.1743	614.18	0.066095	1.9550e-05	0.076833	supercritical
491.69	210.00	79.735	0.012542	1074.5	1337.9	5.0303	2.3899	3.1765	614.67	0.065703	1.9566e-05	0.076994	supercritical
492.69	210.00	79.546	0.012571	1077.0	1341.0	5.0368	2.3935	3.1786	615.16	0.065314	1.9583e-05	0.077156	supercritical
493.69	210.00	79.359	0.012601	1079.6	1344.2	5.0432	2.3970	3.1807	615.64	0.064926	1.9600e-05	0.077318	supercritical
494.69	210.00	79.172	0.012631	1082.1	1347.4	5.0497	2.4006	3.1829	616.13	0.064540	1.9617e-05	0.077481	supercritical
495.69	210.00	78.987	0.012660	1084.7	1350.6	5.0561	2.4041	3.1851	616.62	0.064156	1.9634e-05	0.077644	supercritical
496.69	210.00	78.802	0.012690	1087.3	1353.8	5.0625	2.4077	3.1872	617.10	0.063774	1.9651e-05	0.077807	supercritical
497.69	210.00	78.618	0.012720	1089.8	1357.0	5.0689	2.4112	3.1894	617.59	0.063393	1.9668e-05	0.077971	supercritical
498.69	210.00	78.436	0.012749	1092.4	1360.1	5.0753	2.4148	3.1916	618.07	0.063014	1.9685e-05	0.078135	supercritical
499.69	210.00	78.254	0.012779	1095.0	1363.3	5.0817	2.4184	3.1939	618.56	0.062638	1.9702e-05	0.078300	supercritical
500.69	210.00	78.074	0.012808	1097.6	1366.5	5.0881	2.4219	3.1961	619.04	0.062263	1.9719e-05	0.078465	supercritical
501.69	210.00	77.894	0.012838	1100.1	1369.7	5.0945	2.4255	3.1983	619.52	0.061889	1.9737e-05	0.078630	supercritical
502.69	210.00	77.715	0.012867	1102.7	1372.9	5.1009	2.4291	3.2006	620.01	0.061518	1.9754e-05	0.078796	supercritical
503.69	210.00	77.537	0.012897	1105.3	1376.1	5.1072	2.4326	3.2029	620.49	0.061148	1.9771e-05	0.078962	supercritical
504.69	210.00	77.361	0.012926	1107.9	1379.3	5.1136	2.4362	3.2052	620.97	0.060780	1.9788e-05	0.079129	supercritical
505.69	210.00	77.185	0.012956	1110.5	1382.5	5.1199	2.4398	3.2075	621.45	0.060414	1.9806e-05	0.079296	supercritical
506.69	210.00	77.010	0.012985	1113.1	1385.7	5.1263	2.4433	3.2098	621.94	0.060050	1.9823e-05	0.079464	supercritical
507.69	210.00	76.836	0.013015	1115.6	1389.0	5.1326	2.4469	3.2121	622.42	0.059687	1.9841e-05	0.079631	supercritical
508.69	210.00	76.662	0.013044	1118.2	1392.2	5.1389	2.4505	3.2144	622.90	0.059326	1.9858e-05	0.079800	supercritical
509.69	210.00	76.490	0.013074	1120.8	1395.4	5.1452	2.4541	3.2167	623.38	0.058967	1.9875e-05	0.079968	supercritical
510.69	210.00	76.319	0.013103	1123.4	1398.6	5.1515	2.4576	3.2191	623.86	0.058610	1.9893e-05	0.080137	supercritical
511.69	210.00	76.148	0.013132	1126.0	1401.8	5.1578	2.4612	3.2215	624.34	0.058254	1.9911e-05	0.080306	supercritical
512.69	210.00	75.979	0.013162	1128.7	1405.0	5.1641	2.4648	3.2238	624.82	0.057900	1.9928e-05	0.080476	supercritical
513.69	210.00	75.810	0.013191	1131.3	1408.3	5.1704	2.4684	3.2262	625.30	0.057548	1.9946e-05	0.080646	supercritical
514.69	210.00	75.642	0.013220	1133.9	1411.5	5.1767	2.4720	3.2286	625.78	0.057197	1.9963e-05	0.080817	supercritical
515.69	210.00	75.475	0.013249	1136.5	1414.7	5.1830	2.4756	3.2310	626.25	0.056848	1.9981e-05	0.080987	supercritical
516.69	210.00	75.309	0.013279	1139.1	1418.0	5.1892	2.4791	3.2334	626.73	0.056501	1.9999e-05	0.081159	supercritical
517.69	210.00	75.143	0.013308	1141.7	1421.2	5.1955	2.4827	3.2358	627.21	0.056156	2.0016e-05	0.081330	supercritical
518.69	210.00	74.979	0.013337	1144.4	1424.4	5.2017	2.4863	3.2383	627.69	0.055812	2.0034e-05	0.081502	supercritical
519.69	210.00	74.815	0.013366	1147.0	1427.7	5.2080	2.4899	3.2407	628.16	0.055470	2.0052e-05	0.081674	supercritical
520.69	210.00	74.652	0.013395	1149.6	1430.9	5.2142	2.4935	3.2432	628.64	0.055130	2.0070e-05	0.081847	supercritical
521.69	210.00	74.490	0.013425	1152.2	1434.2	5.2204	2.4971	3.2456	629.12	0.054791	2.0088e-05	0.082020	supercritical
522.69	210.00	74.329	0.013454	1154.9	1437.4	5.2266	2.5007	3.2481	629.59	0.054454	2.0105e-05	0.082193	supercritical
523.69	210.00	74.168	0.013483	1157.5	1440.7	5.2328	2.5043	3.2506	630.07	0.054118	2.0123e-05	0.082367	supercritical
524.69	210.00	74.008	0.013512	1160.2	1443.9	5.2390	2.5078	3.2531	630.54	0.053785	2.0141e-05	0.082541	supercritical
525.69	210.00	73.849	0.013541	1162.8	1447.2	5.2452	2.5114	3.2556	631.02	0.053453	2.0159e-05	0.082715	supercritical
526.69	210.00	73.691	0.013570	1165.4	1450.4	5.2514	2.5150	3.2581	631.49	0.053122	2.0177e-05	0.082890	supercritical
527.69	210.00	73.534	0.013599	1168.1	1453.7	5.2576	2.5186	3.2606	631.96	0.052793	2.0195e-05	0.083065	supercritical
528.69	210.00	73.377	0.013628	1170.7	1456.9	5.2638	2.5222	3.2631	632.44	0.052466	2.0213e-05	0.083240	supercritical
529.69	210.00	73.221	0.013657	1173.4	1460.2	5.2700	2.5258	3.2656	632.91	0.052140	2.0231e-05	0.083416	supercritical
530.69	210.00	73.066	0.013686	1176.1	1463.5	5.2761	2.5294	3.2682	633.38	0.051816	2.0249e-05	0.083592	supercritical
531.69	210.00	72.912	0.013715	1178.7	1466.7	5.2823	2.5330	3.2707	633.85	0.051494	2.0267e-05	0.083768	supercritical
532.69	210.00	72.758	0.013744	1181.4	1470.0	5.2884	2.5366	3.2733	634.33	0.051173	2.0285e-05	0.083945	supercritical
533.69	210.00	72.606	0.013773	1184.1	1473.3	5.2946	2.5402	3.2759	634.80	0.050853	2.0304e-05	0.084122	supercritical
534.69	210.00	72.453	0.013802	1186.7	1476.6	5.3007	2.5438	3.2784	635.27	0.050535	2.0322e-05	0.084299	supercritical
535.69	210.00	72.302	0.013831	1189.4	1479.8	5.3068	2.5474	3.2810	635.74	0.050219	2.0340e-05	0.084477	supercritical
536.69	210.00	72.151	0.013860	1192.1	1483.1	5.3129	2.5510	3.2836	636.21	0.049905	2.0358e-05	0.084655	supercritical
537.69	210.00	72.001	0.013889	1194.7	1486.4	5.3191	2.5546	3.2862	636.68	0.049592	2.0376e-05	0.084833	supercritical
538.69	210.00	71.852	0.013917	1197.4	1489.7	5.3252	2.5582	3.2888	637.15	0.049280	2.0395e-05	0.085011	supercritical
539.69	210.00	71.704	0.013946	1200.1	1493.0	5.3313	2.5617	3.2914	637.62	0.048970	2.0413e-05	0.085190	supercritical
540.69	210.00	71.556	0.013975	1202.8	1496.3	5.3374	2.5653	3.2940	638.09	0.048661	2.0431e-05	0.085369	supercritical
541.69	210.00	71.408	0.014004	1205.5	1499.6	5.3435	2.5689	3.2967	638.55	0.048354	2.0449e-05	0.085549	supercritical
542.69	210.00	71.262	0.014033	1208.2	1502.9	5.3495	2.5725	3.2993	639.02	0.048049	2.0468e-05	0.085729	supercritical
543.69	210.00	71.116	0.014061	1210.9	1506.2	5.3556	2.5761	3.3019	639.49	0.047745	2.0486e-05	0.085909	supercritical
544.69	210.00	70.971	0.014090	1213.6	1509.5	5.3617	2.5797	3.3046	639.96	0.047443	2.0504e-05	0.086089	supercritical
545.69	210.00	70.827	0.014119	1216.3	1512.8	5.3677	2.5833	3.3072	640.42	0.047142	2.0523e-05	0.086270	supercritical
546.69	210.00	70.683	0.014148	1219.0	1516.1	5.3738	2.5869	3.3099	640.89	0.046842	2.0541e-05	0.086451	supercritical
547.69	210.00	70.540	0.014176	1221.7	1519.4	5.3799	2.5905	3.3125	641.35	0.046544	2.0560e-05	0.086632	supercritical
548.69	210.00	70.397	0.014205	1224.4	1522.7	5.3859	2.5941	3.3152	641.82	0.046248	2.0578e-05	0.086814	supercritical
549.69	210.00	70.255	0.014234	1227.1	1526.0	5.3919	2.5977	3.3179	642.29	0.045952	2.0597e-05	0.086996	supercritical
550.69	210.00	70.114	0.014262	1229.8	1529.4	5.3980	2.6013	3.3206	642.75	0.045659	2.0615e-05	0.087178	supercritical
551.69	210.00	69.974	0.014291	1232.6	1532.7	5.4040	2.6049	3.3233	643.21	0.045367	2.0633e-05	0.087360	supercritical
552.69	210.00	69.834	0.014320	1235.3	1536.0	5.4100	2.6085	3.3260	643.68	0.045076	2.0652e-05	0.087543	supercritical
553.69	210.00	69.694	0.014348	1238.0	1539.3	5.4160	2.6121	3.3287	644.14	0.044787	2.0671e-05	0.087726	supercritical
554.69	210.00	69.556	0.014377	1240.7	1542.7	5.4220	2.6157	3.3314	644.61	0.044499	2.0689e-05	0.087909	supercritical
555.69	210.00	69.418	0.014406	1243.5	1546.0	5.4280	2.6193	3.3341	645.07	0.044212	2.0708e-05	0.088093	supercritical
556.69	210.00	69.280	0.014434	1246.2	1549.3	5.4340	2.6229	3.3368	645.53	0.043927	2.0726e-05	0.088277	supercritical
557.69	210.00	69.144	0.014463	1248.9	1552.7	5.4400	2.6265	3.3395	645.99	0.043644	2.0745e-05	0.088461	supercritical
558.69	210.00	69.007	0.014491	1251.7	1556.0	5.4460	2.6301	3.3423	646.45	0.043361	2.0763e-05	0.088645	supercritical
559.69	210.00	68.872	0.014520	1254.4	1559.3	5.4520	2.6336	3.3450	646.92	0.043081	2.0782e-05	0.088830	supercritical
560.69	210.00	68.737	0.014548	1257.2	1562.7	5.4580	2.6372	3.3478	647.38	0.042801	2.0801e-05	0.089015	supercritical
561.69	210.00	68.603	0.014577	1259.9	1566.0	5.4639	2.6408	3.3505	647.84	0.042523	2.0819e-05	0.089200	supercritical
562.69	210.00	68.469	0.014605	1262.7	1569.4	5.4699	2.6444	3.3533	648.30	0.042246	2.0838e-05	0.089385	supercritical
563.69	210.00	68.336	0.014634	1265.4	1572.8	5.4759	2.6480	3.3560	648.76	0.041971	2.0856e-05	0.089571	supercritical
564.69	210.00	68.203	0.014662	1268.2	1576.1	5.4818	2.6516	3.3588	649.22	0.041697	2.0875e-05	0.089757	supercritical
565.69	210.00	68.071	0.014691	1271.0	1579.5	5.4878	2.6552	3.3615	649.68	0.041424	2.0894e-05	0.089943	supercritical
566.69	210.00	67.940	0.014719	1273.7	1582.8	5.4937	2.6588	3.3643	650.13	0.041153	2.0913e-05	0.090130	supercritical
567.69	210.00	67.809	0.014747	1276.5	1586.2	5.4996	2.6624	3.3671	650.59	0.040883	2.0931e-05	0.090317	supercritical
568.69	210.00	67.678	0.014776	1279.3	1589.6	5.5056	2.6659	3.3699	651.05	0.040614	2.0950e-05	0.090504	supercritical
569.69	210.00	67.549	0.014804	1282.0	1592.9	5.5115	2.6695	3.3727	651.51	0.040347	2.0969e-05	0.090691	supercritical
570.69	210.00	67.419	0.014833	1284.8	1596.3	5.5174	2.6731	3.3755	651.96	0.040081	2.0987e-05	0.090878	supercritical
571.69	210.00	67.291	0.014861	1287.6	1599.7	5.5233	2.6767	3.3783	652.42	0.039816	2.1006e-05	0.091066	supercritical
572.69	210.00	67.163	0.014889	1290.4	1603.1	5.5292	2.6803	3.3811	652.88	0.039553	2.1025e-05	0.091254	supercritical
573.69	210.00	67.035	0.014918	1293.2	1606.4	5.5351	2.6839	3.3839	653.33	0.039291	2.1044e-05	0.091443	supercritical
574.69	210.00	66.908	0.014946	1296.0	1609.8	5.5410	2.6875	3.3867	653.79	0.039030	2.1063e-05	0.091631	supercritical
575.69	210.00	66.782	0.014974	1298.8	1613.2	5.5469	2.6910	3.3895	654.25	0.038771	2.1081e-05	0.091820	supercritical
576.69	210.00	66.656	0.015002	1301.6	1616.6	5.5528	2.6946	3.3923	654.70	0.038512	2.1100e-05	0.092009	supercritical
577.69	210.00	66.530	0.015031	1304.4	1620.0	5.5587	2.6982	3.3951	655.15	0.038255	2.1119e-05	0.092198	supercritical
578.69	210.00	66.406	0.015059	1307.2	1623.4	5.5645	2.7018	3.3980	655.61	0.038000	2.1138e-05	0.092388	supercritical
579.69	210.00	66.281	0.015087	1310.0	1626.8	5.5704	2.7054	3.4008	656.06	0.037745	2.1157e-05	0.092578	supercritical
580.69	210.00	66.157	0.015115	1312.8	1630.2	5.5763	2.7089	3.4036	656.52	0.037492	2.1176e-05	0.092768	supercritical
581.69	210.00	66.034	0.015144	1315.6	1633.6	5.5821	2.7125	3.4065	656.97	0.037240	2.1194e-05	0.092958	supercritical
582.69	210.00	65.911	0.015172	1318.4	1637.0	5.5880	2.7161	3.4093	657.42	0.036989	2.1213e-05	0.093148	supercritical
583.69	210.00	65.789	0.015200	1321.2	1640.4	5.5938	2.7197	3.4122	657.87	0.036740	2.1232e-05	0.093339	supercritical
584.69	210.00	65.667	0.015228	1324.0	1643.8	5.5997	2.7232	3.4150	658.33	0.036491	2.1251e-05	0.093530	supercritical
585.69	210.00	65.546	0.015256	1326.9	1647.3	5.6055	2.7268	3.4179	658.78	0.036244	2.1270e-05	0.093721	supercritical
586.69	210.00	65.425	0.015285	1329.7	1650.7	5.6114	2.7304	3.4207	659.23	0.035998	2.1289e-05	0.093913	supercritical
587.69	210.00	65.305	0.015313	1332.5	1654.1	5.6172	2.7340	3.4236	659.68	0.035754	2.1308e-05	0.094104	supercritical
588.69	210.00	65.185	0.015341	1335.4	1657.5	5.6230	2.7375	3.4265	660.13	0.035510	2.1327e-05	0.094296	supercritical
589.69	210.00	65.066	0.015369	1338.2	1661.0	5.6288	2.7411	3.4293	660.58	0.035268	2.1346e-05	0.094488	supercritical
590.69	210.00	64.947	0.015397	1341.0	1664.4	5.6346	2.7447	3.4322	661.03	0.035027	2.1365e-05	0.094681	supercritical
591.69	210.00	64.829	0.015425	1343.9	1667.8	5.6404	2.7482	3.4351	661.48	0.034787	2.1384e-05	0.094873	supercritical
592.69	210.00	64.711	0.015453	1346.7	1671.3	5.6462	2.7518	3.4380	661.93	0.034548	2.1403e-05	0.095066	supercritical
593.69	210.00	64.594	0.015481	1349.6	1674.7	5.6520	2.7554	3.4408	662.38	0.034311	2.1422e-05	0.095259	supercritical
594.69	210.00	64.477	0.015509	1352.4	1678.1	5.6578	2.7589	3.4437	662.82	0.034074	2.1441e-05	0.095452	supercritical
595.69	210.00	64.361	0.015537	1355.3	1681.6	5.6636	2.7625	3.4466	663.27	0.033839	2.1460e-05	0.095645	supercritical
596.69	210.00	64.245	0.015565	1358.2	1685.0	5.6694	2.7660	3.4495	663.72	0.033605	2.1479e-05	0.095839	supercritical
597.69	210.00	64.129	0.015594	1361.0	1688.5	5.6752	2.7696	3.4524	664.17	0.033372	2.1498e-05	0.096033	supercritical
598.69	210.00	64.014	0.015622	1363.9	1691.9	5.6810	2.7732	3.4553	664.61	0.033140	2.1517e-05	0.096227	supercritical
599.69	210.00	63.900	0.015650	1366.8	1695.4	5.6867	2.7767	3.4582	665.06	0.032909	2.1536e-05	0.096421	supercritical
600.69	210.00	63.786	0.015678	1369.6	1698.9	5.6925	2.7803	3.4611	665.51	0.032680	2.1555e-05	0.096616	supercritical
601.69	210.00	63.672	0.015705	1372.5	1702.3	5.6983	2.7838	3.4640	665.95	0.032451	2.1574e-05	0.096811	supercritical
602.69	210.00	63.559	0.015733	1375.4	1705.8	5.7040	2.7874	3.4669	666.40	0.032224	2.1593e-05	0.097006	supercritical
603.69	210.00	63.446	0.015761	1378.3	1709.2	5.7098	2.7909	3.4698	666.84	0.031998	2.1612e-05	0.097201	supercritical
604.69	210.00	63.334	0.015789	1381.1	1712.7	5.7155	2.7945	3.4727	667.29	0.031773	2.1631e-05	0.097396	supercritical
605.69	210.00	63.222	0.015817	1384.0	1716.2	5.7212	2.7980	3.4757	667.73	0.031548	2.1650e-05	0.097592	supercritical
606.69	210.00	63.111	0.015845	1386.9	1719.7	5.7270	2.8016	3.4786	668.18	0.031325	2.1669e-05	0.097787	supercritical
607.69	210.00	63.000	0.015873	1389.8	1723.1	5.7327	2.8051	3.4815	668.62	0.031104	2.1688e-05	0.097983	supercritical
608.69	210.00	62.889	0.015901	1392.7	1726.6	5.7384	2.8087	3.4844	669.06	0.030883	2.1707e-05	0.098180	supercritical
609.69	210.00	62.779	0.015929	1395.6	1730.1	5.7442	2.8122	3.4874	669.51	0.030663	2.1726e-05	0.098376	supercritical
610.69	210.00	62.669	0.015957	1398.5	1733.6	5.7499	2.8158	3.4903	669.95	0.030444	2.1745e-05	0.098572	supercritical
611.69	210.00	62.560	0.015985	1401.4	1737.1	5.7556	2.8193	3.4932	670.39	0.030227	2.1764e-05	0.098769	supercritical
612.69	210.00	62.451	0.016012	1404.3	1740.6	5.7613	2.8229	3.4962	670.83	0.030010	2.1783e-05	0.098966	supercritical
613.69	210.00	62.343	0.016040	1407.2	1744.1	5.7670	2.8264	3.4991	671.27	0.029794	2.1802e-05	0.099163	supercritical
614.69	210.00	62.235	0.016068	1410.2	1747.6	5.7727	2.8299	3.5020	671.71	0.029580	2.1822e-05	0.099361	supercritical
615.69	210.00	62.127	0.016096	1413.1	1751.1	5.7784	2.8335	3.5050	672.15	0.029366	2.1841e-05	0.099558	supercritical
616.69	210.00	62.020	0.016124	1416.0	1754.6	5.7841	2.8370	3.5079	672.60	0.029154	2.1860e-05	0.099756	supercritical
617.69	210.00	61.913	0.016152	1418.9	1758.1	5.7898	2.8405	3.5109	673.04	0.028943	2.1879e-05	0.099954	supercritical
618.69	210.00	61.807	0.016179	1421.9	1761.6	5.7955	2.8441	3.5138	673.48	0.028732	2.1898e-05	0.10015	supercritical
619.69	210.00	61.701	0.016207	1424.8	1765.1	5.8011	2.8476	3.5168	673.91	0.028523	2.1917e-05	0.10035	supercritical
620.69	210.00	61.596	0.016235	1427.7	1768.7	5.8068	2.8511	3.5197	674.35	0.028314	2.1936e-05	0.10055	supercritical
621.69	210.00	61.491	0.016263	1430.7	1772.2	5.8125	2.8547	3.5227	674.79	0.028107	2.1955e-05	0.10075	supercritical
622.69	210.00	61.386	0.016290	1433.6	1775.7	5.8181	2.8582	3.5256	675.23	0.027901	2.1975e-05	0.10095	supercritical
623.69	210.00	61.281	0.016318	1436.5	1779.2	5.8238	2.8617	3.5286	675.67	0.027695	2.1994e-05	0.10115	supercritical
624.69	210.00	61.178	0.016346	1439.5	1782.8	5.8295	2.8652	3.5315	676.11	0.027491	2.2013e-05	0.10134	supercritical