Temperature (K)	Pressure (bar)	Density (kg/m3)	Volume (m3/kg)	Internal Energy (kJ/kg)	Enthalpy (kJ/kg)	Entropy (J/g*K)	Cv (J/g*K)	Cp (J/g*K)	Sound Spd. (m/s)	Joule-Thomson (K/bar)	Viscosity (Pa*s)	Therm. Cond. (W/m*K)	Phase
90.694	392.00	472.89	0.0021146	-89.642	-6.7482	-0.92628	2.2486	3.2397	1760.4	-0.051930	0.00034126	0.24230	liquid
100.69	392.00	462.24	0.0021634	-59.171	25.633	-0.58758	2.1961	3.2386	1695.8	-0.051300	0.00023515	0.23263	liquid
101.69	392.00	461.18	0.0021684	-56.128	28.872	-0.55558	2.1914	3.2390	1689.2	-0.051220	0.00022794	0.23159	liquid
102.69	392.00	460.11	0.0021734	-53.085	32.111	-0.52388	2.1868	3.2394	1682.7	-0.051137	0.00022115	0.23054	liquid
103.69	392.00	459.05	0.0021784	-50.043	35.351	-0.49249	2.1823	3.2399	1676.1	-0.051052	0.00021474	0.22948	liquid
104.69	392.00	457.98	0.0021835	-47.002	38.591	-0.46139	2.1778	3.2403	1669.5	-0.050964	0.00020869	0.22841	liquid
105.69	392.00	456.91	0.0021886	-43.961	41.832	-0.43058	2.1734	3.2408	1662.9	-0.050875	0.00020297	0.22734	liquid
106.69	392.00	455.85	0.0021937	-40.921	45.073	-0.40006	2.1690	3.2413	1656.3	-0.050783	0.00019755	0.22625	liquid
107.69	392.00	454.78	0.0021989	-37.881	48.314	-0.36982	2.1647	3.2419	1649.7	-0.050689	0.00019241	0.22517	liquid
108.69	392.00	453.71	0.0022040	-34.842	51.556	-0.33985	2.1604	3.2424	1643.0	-0.050593	0.00018753	0.22407	liquid
109.69	392.00	452.65	0.0022092	-31.803	54.799	-0.31016	2.1561	3.2429	1636.4	-0.050496	0.00018289	0.22297	liquid
110.69	392.00	451.58	0.0022145	-28.764	58.042	-0.28073	2.1519	3.2435	1629.8	-0.050396	0.00017847	0.22187	liquid
111.69	392.00	450.51	0.0022197	-25.726	61.286	-0.25155	2.1476	3.2440	1623.2	-0.050294	0.00017426	0.22076	liquid
112.69	392.00	449.44	0.0022250	-22.689	64.530	-0.22264	2.1435	3.2446	1616.6	-0.050190	0.00017025	0.21964	liquid
113.69	392.00	448.37	0.0022303	-19.652	67.775	-0.19397	2.1393	3.2452	1610.0	-0.050085	0.00016641	0.21852	liquid
114.69	392.00	447.30	0.0022356	-16.616	71.021	-0.16555	2.1352	3.2457	1603.4	-0.049977	0.00016275	0.21740	liquid
115.69	392.00	446.23	0.0022410	-13.580	74.267	-0.13737	2.1311	3.2463	1596.8	-0.049867	0.00015924	0.21628	liquid
116.69	392.00	445.16	0.0022464	-10.545	77.513	-0.10943	2.1270	3.2468	1590.2	-0.049756	0.00015588	0.21516	liquid
117.69	392.00	444.09	0.0022518	-7.5103	80.760	-0.081723	2.1230	3.2474	1583.6	-0.049642	0.00015266	0.21403	liquid
118.69	392.00	443.02	0.0022573	-4.4763	84.008	-0.054245	2.1190	3.2479	1577.0	-0.049526	0.00014957	0.21290	liquid
119.69	392.00	441.94	0.0022627	-1.4429	87.256	-0.026994	2.1150	3.2485	1570.5	-0.049408	0.00014659	0.21177	liquid
120.69	392.00	440.87	0.0022682	1.5899	90.505	3.5990e-05	2.1110	3.2491	1563.9	-0.049288	0.00014374	0.21064	liquid
121.69	392.00	439.80	0.0022738	4.6220	93.754	0.026847	2.1071	3.2496	1557.3	-0.049166	0.00014099	0.20951	liquid
122.69	392.00	438.72	0.0022794	7.6535	97.004	0.053443	2.1032	3.2502	1550.8	-0.049041	0.00013834	0.20837	liquid
123.69	392.00	437.64	0.0022850	10.684	100.25	0.079828	2.0993	3.2507	1544.2	-0.048915	0.00013579	0.20724	liquid
124.69	392.00	436.57	0.0022906	13.714	103.51	0.10601	2.0954	3.2513	1537.7	-0.048786	0.00013333	0.20611	liquid
125.69	392.00	435.49	0.0022963	16.744	106.76	0.13198	2.0916	3.2518	1531.2	-0.048655	0.00013096	0.20498	liquid
126.69	392.00	434.41	0.0023020	19.773	110.01	0.15775	2.0878	3.2524	1524.7	-0.048521	0.00012866	0.20385	liquid
127.69	392.00	433.33	0.0023077	22.801	113.26	0.18332	2.0840	3.2530	1518.2	-0.048385	0.00012645	0.20272	liquid
128.69	392.00	432.26	0.0023134	25.828	116.52	0.20870	2.0802	3.2535	1511.7	-0.048247	0.00012430	0.20159	liquid
129.69	392.00	431.18	0.0023192	28.855	119.77	0.23388	2.0765	3.2541	1505.2	-0.048106	0.00012223	0.20047	liquid
130.69	392.00	430.09	0.0023251	31.881	123.02	0.25888	2.0728	3.2547	1498.8	-0.047963	0.00012021	0.19934	liquid
131.69	392.00	429.01	0.0023309	34.906	126.28	0.28369	2.0691	3.2553	1492.3	-0.047817	0.00011827	0.19822	liquid
132.69	392.00	427.93	0.0023368	37.930	129.53	0.30832	2.0654	3.2559	1485.9	-0.047669	0.00011638	0.19710	liquid
133.69	392.00	426.85	0.0023428	40.954	132.79	0.33277	2.0618	3.2565	1479.5	-0.047518	0.00011455	0.19598	liquid
134.69	392.00	425.76	0.0023487	43.977	136.05	0.35704	2.0582	3.2571	1473.1	-0.047364	0.00011277	0.19486	liquid
135.69	392.00	424.68	0.0023547	46.999	139.30	0.38113	2.0546	3.2577	1466.7	-0.047208	0.00011104	0.19375	liquid
136.69	392.00	423.59	0.0023608	50.020	142.56	0.40505	2.0510	3.2583	1460.3	-0.047049	0.00010936	0.19264	liquid
137.69	392.00	422.50	0.0023668	53.041	145.82	0.42880	2.0475	3.2590	1453.9	-0.046887	0.00010773	0.19153	liquid
138.69	392.00	421.42	0.0023730	56.061	149.08	0.45239	2.0440	3.2596	1447.6	-0.046722	0.00010615	0.19043	liquid
139.69	392.00	420.33	0.0023791	59.080	152.34	0.47581	2.0405	3.2602	1441.2	-0.046555	0.00010461	0.18933	liquid
140.69	392.00	419.24	0.0023853	62.098	155.60	0.49907	2.0371	3.2609	1434.9	-0.046384	0.00010310	0.18823	liquid
141.69	392.00	418.15	0.0023915	65.115	158.86	0.52216	2.0337	3.2616	1428.6	-0.046211	0.00010164	0.18714	liquid
142.69	392.00	417.05	0.0023978	68.132	162.12	0.54510	2.0303	3.2623	1422.3	-0.046035	0.00010022	0.18605	liquid
143.69	392.00	415.96	0.0024041	71.147	165.39	0.56789	2.0269	3.2630	1416.0	-0.045855	9.8829e-05	0.18497	liquid
144.69	392.00	414.87	0.0024104	74.162	168.65	0.59052	2.0236	3.2637	1409.8	-0.045673	9.7476e-05	0.18389	liquid
145.69	392.00	413.77	0.0024168	77.176	171.91	0.61300	2.0203	3.2644	1403.5	-0.045488	9.6156e-05	0.18281	liquid
146.69	392.00	412.68	0.0024232	80.190	175.18	0.63533	2.0171	3.2652	1397.3	-0.045299	9.4869e-05	0.18174	liquid
147.69	392.00	411.58	0.0024297	83.202	178.44	0.65752	2.0138	3.2659	1391.1	-0.045107	9.3612e-05	0.18067	liquid
148.69	392.00	410.48	0.0024361	86.214	181.71	0.67956	2.0106	3.2667	1384.9	-0.044912	9.2386e-05	0.17960	liquid
149.69	392.00	409.39	0.0024427	89.225	184.98	0.70146	2.0074	3.2675	1378.7	-0.044714	9.1188e-05	0.17854	liquid
150.69	392.00	408.29	0.0024493	92.235	188.25	0.72321	2.0043	3.2683	1372.6	-0.044512	9.0018e-05	0.17749	liquid
151.69	392.00	407.19	0.0024559	95.244	191.51	0.74483	2.0012	3.2691	1366.4	-0.044307	8.8875e-05	0.17644	liquid
152.69	392.00	406.08	0.0024625	98.252	194.78	0.76632	1.9981	3.2699	1360.3	-0.044099	8.7758e-05	0.17539	liquid
153.69	392.00	404.98	0.0024693	101.26	198.05	0.78766	1.9950	3.2708	1354.2	-0.043888	8.6665e-05	0.17435	liquid
154.69	392.00	403.88	0.0024760	104.27	201.33	0.80888	1.9920	3.2716	1348.1	-0.043673	8.5597e-05	0.17332	liquid
155.69	392.00	402.77	0.0024828	107.27	204.60	0.82996	1.9890	3.2725	1342.1	-0.043454	8.4552e-05	0.17229	liquid
156.69	392.00	401.67	0.0024896	110.28	207.87	0.85092	1.9861	3.2734	1336.0	-0.043232	8.3530e-05	0.17126	liquid
157.69	392.00	400.56	0.0024965	113.28	211.14	0.87174	1.9831	3.2743	1330.0	-0.043007	8.2529e-05	0.17024	liquid
158.69	392.00	399.45	0.0025034	116.28	214.42	0.89245	1.9802	3.2752	1324.0	-0.042777	8.1550e-05	0.16923	liquid
159.69	392.00	398.34	0.0025104	119.29	217.69	0.91302	1.9774	3.2762	1318.0	-0.042545	8.0591e-05	0.16822	liquid
160.69	392.00	397.23	0.0025174	122.29	220.97	0.93348	1.9745	3.2771	1312.1	-0.042308	7.9652e-05	0.16722	liquid
161.69	392.00	396.12	0.0025245	125.29	224.25	0.95381	1.9717	3.2781	1306.1	-0.042068	7.8732e-05	0.16622	liquid
162.69	392.00	395.01	0.0025316	128.29	227.53	0.97402	1.9690	3.2791	1300.2	-0.041825	7.7831e-05	0.16522	liquid
163.69	392.00	393.90	0.0025387	131.29	230.81	0.99412	1.9662	3.2801	1294.3	-0.041577	7.6948e-05	0.16424	liquid
164.69	392.00	392.78	0.0025459	134.29	234.09	1.0141	1.9635	3.2812	1288.4	-0.041326	7.6083e-05	0.16326	liquid
165.69	392.00	391.67	0.0025532	137.28	237.37	1.0340	1.9608	3.2822	1282.5	-0.041071	7.5235e-05	0.16228	liquid
166.69	392.00	390.55	0.0025605	140.28	240.65	1.0537	1.9582	3.2833	1276.7	-0.040812	7.4403e-05	0.16131	liquid
167.69	392.00	389.43	0.0025678	143.28	243.94	1.0734	1.9556	3.2844	1270.9	-0.040550	7.3587e-05	0.16035	liquid
168.69	392.00	388.32	0.0025752	146.27	247.22	1.0929	1.9530	3.2855	1265.1	-0.040283	7.2787e-05	0.15939	liquid
169.69	392.00	387.20	0.0025827	149.27	250.51	1.1123	1.9505	3.2866	1259.3	-0.040013	7.2002e-05	0.15843	liquid
170.69	392.00	386.08	0.0025902	152.26	253.79	1.1316	1.9480	3.2877	1253.5	-0.039738	7.1232e-05	0.15749	liquid
171.69	392.00	384.95	0.0025977	155.25	257.08	1.1508	1.9455	3.2888	1247.8	-0.039460	7.0476e-05	0.15655	liquid
172.69	392.00	383.83	0.0026053	158.24	260.37	1.1699	1.9430	3.2900	1242.1	-0.039178	6.9734e-05	0.15561	liquid
173.69	392.00	382.71	0.0026130	161.23	263.66	1.1889	1.9406	3.2912	1236.4	-0.038892	6.9006e-05	0.15468	liquid
174.69	392.00	381.58	0.0026207	164.22	266.95	1.2078	1.9382	3.2924	1230.8	-0.038602	6.8292e-05	0.15376	liquid
175.69	392.00	380.46	0.0026284	167.21	270.25	1.2266	1.9359	3.2936	1225.1	-0.038307	6.7590e-05	0.15285	liquid
176.69	392.00	379.33	0.0026362	170.20	273.54	1.2453	1.9336	3.2948	1219.5	-0.038009	6.6900e-05	0.15194	liquid
177.69	392.00	378.20	0.0026441	173.19	276.84	1.2639	1.9313	3.2960	1213.9	-0.037707	6.6223e-05	0.15103	liquid
178.69	392.00	377.08	0.0026520	176.18	280.13	1.2824	1.9290	3.2973	1208.3	-0.037400	6.5558e-05	0.15013	liquid
179.69	392.00	375.95	0.0026600	179.16	283.43	1.3008	1.9268	3.2985	1202.8	-0.037090	6.4905e-05	0.14924	liquid
180.69	392.00	374.82	0.0026680	182.15	286.73	1.3191	1.9246	3.2998	1197.3	-0.036775	6.4263e-05	0.14836	liquid
181.69	392.00	373.69	0.0026761	185.13	290.03	1.3374	1.9225	3.3011	1191.8	-0.036456	6.3632e-05	0.14748	liquid
182.69	392.00	372.55	0.0026842	188.11	293.33	1.3555	1.9204	3.3024	1186.3	-0.036133	6.3012e-05	0.14661	liquid
183.69	392.00	371.42	0.0026924	191.09	296.64	1.3735	1.9183	3.3037	1180.9	-0.035806	6.2403e-05	0.14574	liquid
184.69	392.00	370.29	0.0027006	194.08	299.94	1.3914	1.9162	3.3050	1175.5	-0.035475	6.1804e-05	0.14488	liquid
185.69	392.00	369.15	0.0027089	197.06	303.25	1.4093	1.9142	3.3064	1170.1	-0.035139	6.1215e-05	0.14403	liquid
186.69	392.00	368.02	0.0027173	200.04	306.55	1.4271	1.9122	3.3077	1164.7	-0.034800	6.0636e-05	0.14318	liquid
187.69	392.00	366.88	0.0027257	203.01	309.86	1.4447	1.9103	3.3091	1159.3	-0.034456	6.0066e-05	0.14235	liquid
188.69	392.00	365.74	0.0027342	205.99	313.17	1.4623	1.9084	3.3105	1154.0	-0.034108	5.9506e-05	0.14152	liquid
189.69	392.00	364.60	0.0027427	208.97	316.48	1.4798	1.9065	3.3118	1148.7	-0.033756	5.8955e-05	0.14069	liquid
190.69	392.00	363.46	0.0027513	211.94	319.79	1.4972	1.9046	3.3132	1143.5	-0.033399	5.8413e-05	0.13988	supercritical
191.69	392.00	362.32	0.0027600	214.92	323.11	1.5146	1.9028	3.3146	1138.2	-0.033039	5.7880e-05	0.13906	supercritical
192.69	392.00	361.18	0.0027687	217.89	326.42	1.5318	1.9010	3.3160	1133.0	-0.032674	5.7355e-05	0.13824	supercritical
193.69	392.00	360.04	0.0027775	220.86	329.74	1.5490	1.8993	3.3174	1127.9	-0.032305	5.6839e-05	0.13744	supercritical
194.69	392.00	358.90	0.0027863	223.84	333.06	1.5661	1.8976	3.3188	1122.7	-0.031932	5.6331e-05	0.13664	supercritical
195.69	392.00	357.76	0.0027952	226.81	336.38	1.5831	1.8959	3.3202	1117.6	-0.031555	5.5831e-05	0.13584	supercritical
196.69	392.00	356.61	0.0028041	229.78	339.70	1.6000	1.8942	3.3217	1112.5	-0.031173	5.5339e-05	0.13506	supercritical
197.69	392.00	355.47	0.0028132	232.75	343.02	1.6169	1.8926	3.3231	1107.4	-0.030788	5.4855e-05	0.13428	supercritical
198.69	392.00	354.33	0.0028223	235.71	346.35	1.6336	1.8910	3.3245	1102.4	-0.030398	5.4378e-05	0.13351	supercritical
199.69	392.00	353.18	0.0028314	238.68	349.67	1.6503	1.8895	3.3260	1097.4	-0.030004	5.3909e-05	0.13274	supercritical
200.69	392.00	352.04	0.0028406	241.65	353.00	1.6669	1.8879	3.3274	1092.4	-0.029606	5.3447e-05	0.13198	supercritical
201.69	392.00	350.89	0.0028499	244.61	356.33	1.6835	1.8865	3.3288	1087.4	-0.029204	5.2992e-05	0.13123	supercritical
202.69	392.00	349.74	0.0028592	247.57	359.66	1.6999	1.8850	3.3302	1082.5	-0.028798	5.2544e-05	0.13048	supercritical
203.69	392.00	348.60	0.0028686	250.54	362.99	1.7163	1.8836	3.3317	1077.6	-0.028388	5.2102e-05	0.12974	supercritical
204.69	392.00	347.45	0.0028781	253.50	366.32	1.7327	1.8822	3.3331	1072.7	-0.027974	5.1668e-05	0.12901	supercritical
205.69	392.00	346.30	0.0028877	256.46	369.65	1.7489	1.8808	3.3345	1067.9	-0.027556	5.1240e-05	0.12828	supercritical
206.69	392.00	345.15	0.0028973	259.41	372.99	1.7651	1.8795	3.3360	1063.1	-0.027134	5.0818e-05	0.12756	supercritical
207.69	392.00	344.00	0.0029069	262.37	376.32	1.7812	1.8782	3.3374	1058.3	-0.026708	5.0403e-05	0.12685	supercritical
208.69	392.00	342.86	0.0029167	265.33	379.66	1.7972	1.8770	3.3388	1053.6	-0.026279	4.9994e-05	0.12614	supercritical
209.69	392.00	341.71	0.0029265	268.28	383.00	1.8132	1.8758	3.3402	1048.9	-0.025845	4.9590e-05	0.12544	supercritical
210.69	392.00	340.56	0.0029364	271.24	386.34	1.8291	1.8746	3.3416	1044.2	-0.025408	4.9193e-05	0.12474	supercritical
211.69	392.00	339.41	0.0029463	274.19	389.68	1.8449	1.8734	3.3430	1039.6	-0.024967	4.8802e-05	0.12405	supercritical
212.69	392.00	338.26	0.0029563	277.14	393.03	1.8607	1.8723	3.3444	1035.0	-0.024522	4.8416e-05	0.12337	supercritical
213.69	392.00	337.11	0.0029664	280.09	396.37	1.8763	1.8712	3.3458	1030.4	-0.024073	4.8036e-05	0.12270	supercritical
214.69	392.00	335.96	0.0029765	283.04	399.72	1.8920	1.8702	3.3471	1025.8	-0.023621	4.7662e-05	0.12203	supercritical
215.69	392.00	334.81	0.0029867	285.99	403.07	1.9075	1.8691	3.3485	1021.3	-0.023165	4.7293e-05	0.12136	supercritical
216.69	392.00	333.66	0.0029970	288.93	406.42	1.9230	1.8681	3.3498	1016.8	-0.022706	4.6929e-05	0.12071	supercritical
217.69	392.00	332.51	0.0030074	291.88	409.77	1.9384	1.8672	3.3511	1012.4	-0.022244	4.6570e-05	0.12006	supercritical
218.69	392.00	331.37	0.0030178	294.82	413.12	1.9538	1.8663	3.3524	1007.9	-0.021778	4.6217e-05	0.11941	supercritical
219.69	392.00	330.22	0.0030283	297.76	416.47	1.9691	1.8654	3.3537	1003.6	-0.021308	4.5869e-05	0.11878	supercritical
220.69	392.00	329.07	0.0030389	300.70	419.83	1.9843	1.8645	3.3550	999.20	-0.020836	4.5525e-05	0.11814	supercritical
221.69	392.00	327.92	0.0030495	303.64	423.18	1.9995	1.8637	3.3563	994.88	-0.020360	4.5187e-05	0.11752	supercritical
222.69	392.00	326.77	0.0030602	306.58	426.54	2.0146	1.8629	3.3575	990.60	-0.019881	4.4853e-05	0.11690	supercritical
223.69	392.00	325.63	0.0030710	309.51	429.90	2.0297	1.8621	3.3587	986.35	-0.019399	4.4524e-05	0.11629	supercritical
224.69	392.00	324.48	0.0030819	312.45	433.26	2.0446	1.8614	3.3599	982.13	-0.018914	4.4199e-05	0.11568	supercritical
225.69	392.00	323.33	0.0030928	315.38	436.62	2.0596	1.8607	3.3611	977.95	-0.018426	4.3879e-05	0.11508	supercritical
226.69	392.00	322.19	0.0031038	318.31	439.98	2.0744	1.8600	3.3623	973.80	-0.017936	4.3564e-05	0.11449	supercritical
227.69	392.00	321.04	0.0031148	321.24	443.34	2.0892	1.8594	3.3634	969.69	-0.017442	4.3253e-05	0.11390	supercritical
228.69	392.00	319.90	0.0031260	324.17	446.71	2.1040	1.8588	3.3645	965.61	-0.016946	4.2946e-05	0.11332	supercritical
229.69	392.00	318.76	0.0031372	327.09	450.07	2.1187	1.8582	3.3656	961.56	-0.016448	4.2644e-05	0.11275	supercritical
230.69	392.00	317.61	0.0031485	330.02	453.44	2.1333	1.8577	3.3666	957.55	-0.015947	4.2345e-05	0.11218	supercritical
231.69	392.00	316.47	0.0031598	332.94	456.80	2.1478	1.8572	3.3677	953.58	-0.015443	4.2051e-05	0.11162	supercritical
232.69	392.00	315.33	0.0031713	335.86	460.17	2.1624	1.8567	3.3687	949.64	-0.014937	4.1761e-05	0.11106	supercritical
233.69	392.00	314.19	0.0031828	338.78	463.54	2.1768	1.8563	3.3696	945.74	-0.014430	4.1475e-05	0.11052	supercritical
234.69	392.00	313.05	0.0031943	341.69	466.91	2.1912	1.8558	3.3706	941.87	-0.013919	4.1193e-05	0.10997	supercritical
235.69	392.00	311.92	0.0032060	344.61	470.28	2.2055	1.8555	3.3715	938.04	-0.013407	4.0915e-05	0.10944	supercritical
236.69	392.00	310.78	0.0032177	347.52	473.65	2.2198	1.8551	3.3724	934.24	-0.012893	4.0640e-05	0.10890	supercritical
237.69	392.00	309.65	0.0032295	350.43	477.03	2.2340	1.8548	3.3732	930.48	-0.012378	4.0370e-05	0.10838	supercritical
238.69	392.00	308.51	0.0032414	353.34	480.40	2.2482	1.8545	3.3740	926.76	-0.011860	4.0103e-05	0.10786	supercritical
239.69	392.00	307.38	0.0032533	356.25	483.78	2.2623	1.8542	3.3748	923.07	-0.011341	3.9839e-05	0.10735	supercritical
240.69	392.00	306.25	0.0032653	359.15	487.15	2.2763	1.8540	3.3756	919.42	-0.010821	3.9580e-05	0.10684	supercritical
241.69	392.00	305.12	0.0032774	362.05	490.53	2.2903	1.8538	3.3763	915.80	-0.010299	3.9324e-05	0.10634	supercritical
242.69	392.00	303.99	0.0032896	364.95	493.90	2.3043	1.8536	3.3769	912.22	-0.0097759	3.9071e-05	0.10585	supercritical
243.69	392.00	302.87	0.0033018	367.85	497.28	2.3182	1.8535	3.3776	908.68	-0.0092516	3.8822e-05	0.10536	supercritical
244.69	392.00	301.74	0.0033141	370.75	500.66	2.3320	1.8534	3.3782	905.17	-0.0087264	3.8576e-05	0.10488	supercritical
245.69	392.00	300.62	0.0033265	373.64	504.04	2.3458	1.8533	3.3787	901.70	-0.0082002	3.8333e-05	0.10440	supercritical
246.69	392.00	299.50	0.0033389	376.53	507.42	2.3595	1.8533	3.3792	898.27	-0.0076733	3.8094e-05	0.10393	supercritical
247.69	392.00	298.38	0.0033514	379.42	510.80	2.3732	1.8532	3.3797	894.87	-0.0071457	3.7858e-05	0.10346	supercritical
248.69	392.00	297.26	0.0033640	382.31	514.18	2.3868	1.8533	3.3802	891.51	-0.0066175	3.7625e-05	0.10301	supercritical
249.69	392.00	296.15	0.0033767	385.19	517.56	2.4004	1.8533	3.3806	888.18	-0.0060890	3.7396e-05	0.10255	supercritical
250.69	392.00	295.04	0.0033894	388.07	520.94	2.4139	1.8534	3.3809	884.89	-0.0055601	3.7169e-05	0.10211	supercritical
251.69	392.00	293.92	0.0034022	390.95	524.32	2.4273	1.8535	3.3813	881.64	-0.0050310	3.6946e-05	0.10166	supercritical
252.69	392.00	292.82	0.0034151	393.83	527.70	2.4407	1.8536	3.3815	878.42	-0.0045019	3.6726e-05	0.10123	supercritical
253.69	392.00	291.71	0.0034281	396.70	531.08	2.4541	1.8538	3.3818	875.24	-0.0039729	3.6508e-05	0.10080	supercritical
254.69	392.00	290.61	0.0034411	399.57	534.46	2.4674	1.8539	3.3820	872.10	-0.0034440	3.6294e-05	0.10037	supercritical
255.69	392.00	289.51	0.0034542	402.44	537.84	2.4807	1.8542	3.3821	868.99	-0.0029155	3.6082e-05	0.099956	supercritical
256.69	392.00	288.41	0.0034673	405.31	541.23	2.4939	1.8544	3.3822	865.92	-0.0023875	3.5874e-05	0.099543	supercritical
257.69	392.00	287.31	0.0034805	408.17	544.61	2.5070	1.8547	3.3823	862.88	-0.0018600	3.5668e-05	0.099136	supercritical
258.69	392.00	286.22	0.0034938	411.03	547.99	2.5201	1.8550	3.3823	859.88	-0.0013332	3.5465e-05	0.098734	supercritical
259.69	392.00	285.13	0.0035072	413.89	551.37	2.5332	1.8553	3.3823	856.92	-0.00080725	3.5265e-05	0.098338	supercritical
260.69	392.00	284.04	0.0035206	416.75	554.76	2.5462	1.8557	3.3822	853.99	-0.00028226	3.5067e-05	0.097947	supercritical
261.69	392.00	282.95	0.0035341	419.60	558.14	2.5591	1.8560	3.3821	851.10	0.00024164	3.4873e-05	0.097562	supercritical
262.69	392.00	281.87	0.0035477	422.45	561.52	2.5720	1.8564	3.3819	848.24	0.00076432	3.4681e-05	0.097182	supercritical
263.69	392.00	280.79	0.0035614	425.30	564.90	2.5848	1.8569	3.3817	845.42	0.0012857	3.4491e-05	0.096808	supercritical
264.69	392.00	279.72	0.0035751	428.14	568.28	2.5976	1.8574	3.3815	842.63	0.0018055	3.4304e-05	0.096439	supercritical
265.69	392.00	278.64	0.0035888	430.98	571.66	2.6104	1.8578	3.3812	839.88	0.0023238	3.4120e-05	0.096075	supercritical
266.69	392.00	277.57	0.0036027	433.82	575.05	2.6231	1.8584	3.3809	837.16	0.0028404	3.3938e-05	0.095717	supercritical
267.69	392.00	276.51	0.0036166	436.66	578.43	2.6358	1.8589	3.3805	834.48	0.0033551	3.3759e-05	0.095363	supercritical
268.69	392.00	275.44	0.0036305	439.49	581.81	2.6484	1.8595	3.3801	831.84	0.0038678	3.3582e-05	0.095015	supercritical
269.69	392.00	274.38	0.0036446	442.32	585.19	2.6609	1.8601	3.3796	829.23	0.0043785	3.3408e-05	0.094673	supercritical
270.69	392.00	273.32	0.0036587	445.15	588.57	2.6734	1.8607	3.3791	826.65	0.0048869	3.3236e-05	0.094335	supercritical
271.69	392.00	272.27	0.0036728	447.97	591.94	2.6859	1.8614	3.3786	824.11	0.0053930	3.3066e-05	0.094003	supercritical
272.69	392.00	271.22	0.0036870	450.79	595.32	2.6983	1.8621	3.3780	821.60	0.0058966	3.2899e-05	0.093675	supercritical
273.69	392.00	270.17	0.0037013	453.61	598.70	2.7107	1.8628	3.3774	819.13	0.0063976	3.2734e-05	0.093353	supercritical
274.69	392.00	269.13	0.0037157	456.42	602.08	2.7230	1.8635	3.3767	816.69	0.0068960	3.2571e-05	0.093036	supercritical
275.69	392.00	268.09	0.0037301	459.24	605.45	2.7352	1.8643	3.3760	814.28	0.0073915	3.2411e-05	0.092723	supercritical
276.69	392.00	267.06	0.0037445	462.04	608.83	2.7475	1.8650	3.3752	811.91	0.0078841	3.2253e-05	0.092416	supercritical
277.69	392.00	266.02	0.0037591	464.85	612.20	2.7596	1.8659	3.3744	809.57	0.0083737	3.2097e-05	0.092113	supercritical
278.69	392.00	265.00	0.0037736	467.65	615.58	2.7718	1.8667	3.3736	807.26	0.0088601	3.1943e-05	0.091815	supercritical
279.69	392.00	263.97	0.0037883	470.45	618.95	2.7838	1.8676	3.3727	804.99	0.0093432	3.1791e-05	0.091522	supercritical
280.69	392.00	262.95	0.0038030	473.25	622.32	2.7959	1.8684	3.3718	802.75	0.0098230	3.1642e-05	0.091234	supercritical
281.69	392.00	261.94	0.0038177	476.04	625.70	2.8079	1.8694	3.3709	800.54	0.010299	3.1495e-05	0.090950	supercritical
282.69	392.00	260.92	0.0038325	478.83	629.07	2.8198	1.8703	3.3699	798.36	0.010772	3.1349e-05	0.090671	supercritical
283.69	392.00	259.91	0.0038474	481.62	632.44	2.8317	1.8713	3.3689	796.22	0.011241	3.1206e-05	0.090397	supercritical
284.69	392.00	258.91	0.0038623	484.40	635.80	2.8436	1.8722	3.3678	794.11	0.011706	3.1065e-05	0.090127	supercritical
285.69	392.00	257.91	0.0038773	487.18	639.17	2.8554	1.8733	3.3668	792.03	0.012168	3.0925e-05	0.089862	supercritical
286.69	392.00	256.91	0.0038924	489.96	642.54	2.8671	1.8743	3.3656	789.98	0.012625	3.0788e-05	0.089601	supercritical
287.69	392.00	255.92	0.0039074	492.73	645.90	2.8789	1.8754	3.3645	787.96	0.013078	3.0653e-05	0.089345	supercritical
288.69	392.00	254.93	0.0039226	495.50	649.27	2.8905	1.8764	3.3633	785.97	0.013527	3.0519e-05	0.089093	supercritical
289.69	392.00	253.95	0.0039378	498.27	652.63	2.9022	1.8775	3.3621	784.02	0.013972	3.0388e-05	0.088845	supercritical
290.69	392.00	252.97	0.0039530	501.03	655.99	2.9137	1.8787	3.3608	782.09	0.014413	3.0258e-05	0.088602	supercritical
291.69	392.00	252.00	0.0039683	503.79	659.35	2.9253	1.8798	3.3595	780.20	0.014849	3.0131e-05	0.088363	supercritical
292.69	392.00	251.03	0.0039836	506.55	662.71	2.9368	1.8810	3.3582	778.33	0.015281	3.0005e-05	0.088129	supercritical
293.69	392.00	250.06	0.0039990	509.31	666.07	2.9482	1.8822	3.3569	776.49	0.015708	2.9881e-05	0.087898	supercritical
294.69	392.00	249.10	0.0040145	512.06	669.42	2.9596	1.8834	3.3555	774.69	0.016130	2.9758e-05	0.087672	supercritical
295.69	392.00	248.14	0.0040299	514.80	672.78	2.9710	1.8847	3.3541	772.91	0.016548	2.9638e-05	0.087450	supercritical
296.69	392.00	247.19	0.0040455	517.55	676.13	2.9823	1.8860	3.3527	771.16	0.016961	2.9519e-05	0.087232	supercritical
297.69	392.00	246.24	0.0040610	520.29	679.48	2.9936	1.8873	3.3513	769.44	0.017369	2.9402e-05	0.087018	supercritical
298.69	392.00	245.30	0.0040767	523.03	682.83	3.0048	1.8886	3.3498	767.74	0.017772	2.9286e-05	0.086808	supercritical
299.69	392.00	244.36	0.0040923	525.76	686.18	3.0160	1.8899	3.3483	766.08	0.018170	2.9173e-05	0.086602	supercritical
300.69	392.00	243.43	0.0041080	528.50	689.53	3.0272	1.8913	3.3468	764.44	0.018563	2.9061e-05	0.086399	supercritical
301.69	392.00	242.50	0.0041238	531.22	692.88	3.0383	1.8927	3.3453	762.83	0.018951	2.8950e-05	0.086201	supercritical
302.69	392.00	241.57	0.0041396	533.95	696.22	3.0494	1.8941	3.3437	761.25	0.019334	2.8841e-05	0.086007	supercritical
303.69	392.00	240.65	0.0041554	536.67	699.56	3.0604	1.8955	3.3422	759.70	0.019712	2.8734e-05	0.085816	supercritical
304.69	392.00	239.73	0.0041713	539.39	702.91	3.0714	1.8970	3.3406	758.17	0.020084	2.8629e-05	0.085629	supercritical
305.69	392.00	238.82	0.0041872	542.11	706.24	3.0823	1.8984	3.3390	756.66	0.020452	2.8525e-05	0.085446	supercritical
306.69	392.00	237.92	0.0042031	544.82	709.58	3.0932	1.8999	3.3373	755.19	0.020814	2.8422e-05	0.085266	supercritical
307.69	392.00	237.02	0.0042191	547.53	712.92	3.1041	1.9014	3.3357	753.74	0.021170	2.8321e-05	0.085090	supercritical
308.69	392.00	236.12	0.0042351	550.24	716.25	3.1149	1.9030	3.3341	752.31	0.021521	2.8222e-05	0.084918	supercritical
309.69	392.00	235.23	0.0042512	552.94	719.59	3.1257	1.9045	3.3324	750.91	0.021867	2.8124e-05	0.084749	supercritical
310.69	392.00	234.34	0.0042673	555.64	722.92	3.1364	1.9061	3.3307	749.53	0.022207	2.8027e-05	0.084584	supercritical
311.69	392.00	233.46	0.0042834	558.34	726.25	3.1471	1.9077	3.3291	748.18	0.022542	2.7932e-05	0.084422	supercritical
312.69	392.00	232.58	0.0042996	561.03	729.58	3.1578	1.9093	3.3274	746.86	0.022871	2.7838e-05	0.084263	supercritical
313.69	392.00	231.71	0.0043158	563.72	732.90	3.1684	1.9110	3.3257	745.55	0.023195	2.7746e-05	0.084108	supercritical
314.69	392.00	230.84	0.0043320	566.41	736.23	3.1790	1.9126	3.3240	744.27	0.023513	2.7655e-05	0.083957	supercritical
315.69	392.00	229.97	0.0043483	569.10	739.55	3.1895	1.9143	3.3223	743.02	0.023826	2.7566e-05	0.083808	supercritical
316.69	392.00	229.12	0.0043646	571.78	742.87	3.2000	1.9160	3.3205	741.79	0.024133	2.7477e-05	0.083663	supercritical
317.69	392.00	228.26	0.0043809	574.46	746.19	3.2105	1.9178	3.3188	740.58	0.024435	2.7391e-05	0.083521	supercritical
318.69	392.00	227.41	0.0043973	577.14	749.51	3.2209	1.9195	3.3171	739.39	0.024731	2.7305e-05	0.083383	supercritical
319.69	392.00	226.57	0.0044137	579.81	752.83	3.2313	1.9213	3.3154	738.22	0.025021	2.7221e-05	0.083247	supercritical
320.69	392.00	225.73	0.0044301	582.48	756.14	3.2417	1.9231	3.3136	737.08	0.025306	2.7138e-05	0.083115	supercritical
321.69	392.00	224.89	0.0044465	585.15	759.45	3.2520	1.9249	3.3119	735.96	0.025585	2.7056e-05	0.082986	supercritical
322.69	392.00	224.06	0.0044630	587.82	762.77	3.2622	1.9267	3.3102	734.86	0.025858	2.6976e-05	0.082860	supercritical
323.69	392.00	223.24	0.0044795	590.48	766.07	3.2725	1.9285	3.3084	733.78	0.026126	2.6897e-05	0.082737	supercritical
324.69	392.00	222.42	0.0044960	593.14	769.38	3.2827	1.9304	3.3067	732.73	0.026388	2.6819e-05	0.082617	supercritical
325.69	392.00	221.60	0.0045126	595.80	772.69	3.2929	1.9323	3.3050	731.69	0.026645	2.6742e-05	0.082500	supercritical
326.69	392.00	220.79	0.0045291	598.45	775.99	3.3030	1.9342	3.3033	730.67	0.026896	2.6667e-05	0.082386	supercritical
327.69	392.00	219.99	0.0045457	601.10	779.29	3.3131	1.9361	3.3016	729.68	0.027142	2.6592e-05	0.082274	supercritical
328.69	392.00	219.19	0.0045624	603.75	782.60	3.3231	1.9380	3.2998	728.70	0.027382	2.6519e-05	0.082166	supercritical
329.69	392.00	218.39	0.0045790	606.40	785.89	3.3332	1.9400	3.2981	727.74	0.027616	2.6447e-05	0.082061	supercritical
330.69	392.00	217.60	0.0045957	609.04	789.19	3.3431	1.9420	3.2964	726.80	0.027845	2.6376e-05	0.081958	supercritical
331.69	392.00	216.81	0.0046123	611.68	792.49	3.3531	1.9440	3.2947	725.89	0.028068	2.6306e-05	0.081858	supercritical
332.69	392.00	216.03	0.0046290	614.32	795.78	3.3630	1.9460	3.2931	724.99	0.028286	2.6237e-05	0.081761	supercritical
333.69	392.00	215.25	0.0046458	616.96	799.07	3.3729	1.9480	3.2914	724.11	0.028499	2.6170e-05	0.081666	supercritical
334.69	392.00	214.48	0.0046625	619.59	802.36	3.3827	1.9500	3.2897	723.24	0.028706	2.6103e-05	0.081575	supercritical
335.69	392.00	213.71	0.0046793	622.23	805.65	3.3925	1.9521	3.2881	722.40	0.028907	2.6038e-05	0.081486	supercritical
336.69	392.00	212.95	0.0046960	624.85	808.94	3.4023	1.9542	3.2864	721.57	0.029104	2.5973e-05	0.081399	supercritical
337.69	392.00	212.19	0.0047128	627.48	812.23	3.4121	1.9563	3.2848	720.76	0.029294	2.5910e-05	0.081315	supercritical
338.69	392.00	211.43	0.0047297	630.11	815.51	3.4218	1.9584	3.2832	719.97	0.029480	2.5847e-05	0.081234	supercritical
339.69	392.00	210.68	0.0047465	632.73	818.79	3.4315	1.9606	3.2816	719.19	0.029660	2.5786e-05	0.081155	supercritical
340.69	392.00	209.94	0.0047633	635.35	822.07	3.4411	1.9627	3.2800	718.43	0.029835	2.5725e-05	0.081079	supercritical
341.69	392.00	209.20	0.0047802	637.97	825.35	3.4507	1.9649	3.2784	717.69	0.030005	2.5666e-05	0.081005	supercritical
342.69	392.00	208.46	0.0047971	640.58	828.63	3.4603	1.9671	3.2769	716.97	0.030169	2.5607e-05	0.080934	supercritical
343.69	392.00	207.73	0.0048140	643.20	831.91	3.4698	1.9693	3.2753	716.26	0.030329	2.5550e-05	0.080865	supercritical
344.69	392.00	207.00	0.0048309	645.81	835.18	3.4793	1.9715	3.2738	715.56	0.030483	2.5493e-05	0.080799	supercritical
345.69	392.00	206.28	0.0048478	648.42	838.45	3.4888	1.9737	3.2723	714.89	0.030632	2.5437e-05	0.080735	supercritical
346.69	392.00	205.56	0.0048647	651.03	841.73	3.4983	1.9760	3.2708	714.22	0.030776	2.5383e-05	0.080673	supercritical
347.69	392.00	204.85	0.0048817	653.63	845.00	3.5077	1.9783	3.2693	713.58	0.030915	2.5329e-05	0.080614	supercritical
348.69	392.00	204.14	0.0048986	656.24	848.26	3.5171	1.9805	3.2679	712.94	0.031049	2.5276e-05	0.080557	supercritical
349.69	392.00	203.44	0.0049156	658.84	851.53	3.5264	1.9829	3.2665	712.33	0.031178	2.5223e-05	0.080502	supercritical
350.69	392.00	202.74	0.0049325	661.44	854.80	3.5358	1.9852	3.2650	711.72	0.031303	2.5172e-05	0.080450	supercritical
351.69	392.00	202.04	0.0049495	664.04	858.06	3.5451	1.9875	3.2636	711.13	0.031422	2.5122e-05	0.080400	supercritical
352.69	392.00	201.35	0.0049665	666.64	861.32	3.5543	1.9899	3.2623	710.56	0.031537	2.5072e-05	0.080352	supercritical
353.69	392.00	200.66	0.0049835	669.23	864.59	3.5636	1.9922	3.2609	710.00	0.031647	2.5023e-05	0.080306	supercritical
354.69	392.00	199.98	0.0050005	671.82	867.85	3.5728	1.9946	3.2596	709.45	0.031752	2.4975e-05	0.080262	supercritical
355.69	392.00	199.30	0.0050176	674.42	871.10	3.5819	1.9970	3.2583	708.92	0.031853	2.4928e-05	0.080221	supercritical
356.69	392.00	198.63	0.0050346	677.01	874.36	3.5911	1.9994	3.2570	708.40	0.031949	2.4882e-05	0.080182	supercritical
357.69	392.00	197.96	0.0050516	679.60	877.62	3.6002	2.0018	3.2557	707.89	0.032040	2.4836e-05	0.080144	supercritical
358.69	392.00	197.29	0.0050687	682.18	880.87	3.6093	2.0043	3.2545	707.40	0.032127	2.4792e-05	0.080109	supercritical
359.69	392.00	196.63	0.0050857	684.77	884.13	3.6184	2.0068	3.2533	706.91	0.032209	2.4747e-05	0.080076	supercritical
360.69	392.00	195.97	0.0051028	687.35	887.38	3.6274	2.0092	3.2521	706.44	0.032288	2.4704e-05	0.080045	supercritical
361.69	392.00	195.32	0.0051198	689.93	890.63	3.6364	2.0117	3.2509	705.99	0.032361	2.4662e-05	0.080016	supercritical
362.69	392.00	194.67	0.0051369	692.52	893.88	3.6454	2.0142	3.2498	705.54	0.032431	2.4620e-05	0.079989	supercritical
363.69	392.00	194.03	0.0051540	695.10	897.13	3.6543	2.0167	3.2486	705.11	0.032496	2.4579e-05	0.079964	supercritical
364.69	392.00	193.38	0.0051710	697.67	900.38	3.6632	2.0193	3.2475	704.69	0.032557	2.4538e-05	0.079941	supercritical
365.69	392.00	192.75	0.0051881	700.25	903.63	3.6721	2.0218	3.2465	704.28	0.032614	2.4499e-05	0.079920	supercritical
366.69	392.00	192.12	0.0052052	702.83	906.87	3.6810	2.0244	3.2454	703.88	0.032666	2.4460e-05	0.079901	supercritical
367.69	392.00	191.49	0.0052223	705.40	910.12	3.6898	2.0269	3.2444	703.50	0.032715	2.4422e-05	0.079883	supercritical
368.69	392.00	190.86	0.0052394	707.98	913.36	3.6986	2.0295	3.2434	703.12	0.032760	2.4384e-05	0.079868	supercritical
369.69	392.00	190.24	0.0052565	710.55	916.60	3.7074	2.0321	3.2424	702.76	0.032801	2.4347e-05	0.079854	supercritical
370.69	392.00	189.62	0.0052736	713.12	919.85	3.7162	2.0347	3.2415	702.40	0.032838	2.4311e-05	0.079842	supercritical
371.69	392.00	189.01	0.0052907	715.69	923.09	3.7249	2.0374	3.2406	702.06	0.032871	2.4275e-05	0.079833	supercritical
372.69	392.00	188.40	0.0053078	718.26	926.33	3.7336	2.0400	3.2397	701.73	0.032900	2.4240e-05	0.079825	supercritical
373.69	392.00	187.80	0.0053249	720.83	929.57	3.7423	2.0427	3.2388	701.41	0.032926	2.4206e-05	0.079818	supercritical
374.69	392.00	187.20	0.0053420	723.40	932.80	3.7509	2.0453	3.2380	701.09	0.032947	2.4172e-05	0.079814	supercritical
375.69	392.00	186.60	0.0053591	725.97	936.04	3.7596	2.0480	3.2372	700.79	0.032966	2.4139e-05	0.079811	supercritical
376.69	392.00	186.01	0.0053762	728.53	939.28	3.7682	2.0507	3.2364	700.50	0.032980	2.4106e-05	0.079810	supercritical
377.69	392.00	185.42	0.0053933	731.10	942.51	3.7767	2.0534	3.2356	700.22	0.032992	2.4074e-05	0.079811	supercritical
378.69	392.00	184.83	0.0054104	733.66	945.75	3.7853	2.0561	3.2349	699.94	0.032999	2.4043e-05	0.079813	supercritical
379.69	392.00	184.25	0.0054275	736.23	948.98	3.7938	2.0588	3.2342	699.68	0.033004	2.4012e-05	0.079817	supercritical
380.69	392.00	183.67	0.0054446	738.79	952.22	3.8023	2.0616	3.2335	699.42	0.033005	2.3982e-05	0.079823	supercritical
381.69	392.00	183.09	0.0054617	741.35	955.45	3.8108	2.0643	3.2329	699.18	0.033002	2.3953e-05	0.079830	supercritical
382.69	392.00	182.52	0.0054788	743.91	958.68	3.8193	2.0671	3.2322	698.94	0.032997	2.3924e-05	0.079840	supercritical
383.69	392.00	181.95	0.0054959	746.48	961.92	3.8277	2.0699	3.2316	698.72	0.032988	2.3895e-05	0.079850	supercritical
384.69	392.00	181.39	0.0055130	749.04	965.15	3.8361	2.0727	3.2311	698.50	0.032976	2.3867e-05	0.079863	supercritical
385.69	392.00	180.83	0.0055301	751.60	968.38	3.8445	2.0754	3.2305	698.29	0.032961	2.3840e-05	0.079877	supercritical
386.69	392.00	180.27	0.0055472	754.16	971.61	3.8529	2.0783	3.2300	698.08	0.032943	2.3813e-05	0.079892	supercritical
387.69	392.00	179.72	0.0055643	756.72	974.84	3.8612	2.0811	3.2295	697.89	0.032922	2.3786e-05	0.079909	supercritical
388.69	392.00	179.17	0.0055814	759.28	978.07	3.8695	2.0839	3.2291	697.70	0.032898	2.3761e-05	0.079928	supercritical
389.69	392.00	178.62	0.0055985	761.84	981.30	3.8778	2.0868	3.2287	697.53	0.032871	2.3735e-05	0.079948	supercritical
390.69	392.00	178.08	0.0056156	764.39	984.53	3.8861	2.0896	3.2283	697.36	0.032841	2.3711e-05	0.079970	supercritical
391.69	392.00	177.54	0.0056327	766.95	987.75	3.8944	2.0925	3.2279	697.20	0.032808	2.3686e-05	0.079993	supercritical
392.69	392.00	177.00	0.0056498	769.51	990.98	3.9026	2.0954	3.2275	697.04	0.032773	2.3662e-05	0.080018	supercritical
393.69	392.00	176.47	0.0056668	772.07	994.21	3.9108	2.0982	3.2272	696.90	0.032735	2.3639e-05	0.080044	supercritical
394.69	392.00	175.94	0.0056839	774.63	997.44	3.9190	2.1011	3.2269	696.76	0.032694	2.3616e-05	0.080072	supercritical
395.69	392.00	175.41	0.0057010	777.18	1000.7	3.9271	2.1040	3.2267	696.63	0.032651	2.3594e-05	0.080101	supercritical
396.69	392.00	174.88	0.0057181	779.74	1003.9	3.9353	2.1070	3.2264	696.50	0.032605	2.3572e-05	0.080131	supercritical
397.69	392.00	174.36	0.0057351	782.30	1007.1	3.9434	2.1099	3.2262	696.38	0.032557	2.3550e-05	0.080163	supercritical
398.69	392.00	173.85	0.0057522	784.86	1010.3	3.9515	2.1128	3.2260	696.27	0.032506	2.3529e-05	0.080197	supercritical
399.69	392.00	173.33	0.0057692	787.41	1013.6	3.9596	2.1158	3.2259	696.17	0.032453	2.3509e-05	0.080231	supercritical
400.69	392.00	172.82	0.0057863	789.97	1016.8	3.9677	2.1187	3.2258	696.07	0.032397	2.3489e-05	0.080268	supercritical
401.69	392.00	172.31	0.0058033	792.53	1020.0	3.9757	2.1217	3.2257	695.98	0.032339	2.3469e-05	0.080305	supercritical
402.69	392.00	171.81	0.0058204	795.09	1023.2	3.9837	2.1247	3.2256	695.90	0.032279	2.3450e-05	0.080344	supercritical
403.69	392.00	171.31	0.0058374	797.64	1026.5	3.9917	2.1277	3.2255	695.82	0.032217	2.3431e-05	0.080385	supercritical
404.69	392.00	170.81	0.0058544	800.20	1029.7	3.9997	2.1307	3.2255	695.75	0.032152	2.3412e-05	0.080426	supercritical
405.69	392.00	170.32	0.0058715	802.76	1032.9	4.0077	2.1337	3.2255	695.69	0.032085	2.3394e-05	0.080469	supercritical
406.69	392.00	169.82	0.0058885	805.32	1036.1	4.0156	2.1367	3.2256	695.63	0.032016	2.3377e-05	0.080514	supercritical
407.69	392.00	169.33	0.0059055	807.88	1039.4	4.0235	2.1397	3.2256	695.58	0.031945	2.3359e-05	0.080559	supercritical
408.69	392.00	168.85	0.0059225	810.43	1042.6	4.0314	2.1427	3.2257	695.53	0.031872	2.3343e-05	0.080606	supercritical
409.69	392.00	168.36	0.0059395	812.99	1045.8	4.0393	2.1458	3.2258	695.49	0.031797	2.3326e-05	0.080654	supercritical
410.69	392.00	167.88	0.0059565	815.55	1049.0	4.0472	2.1488	3.2260	695.46	0.031721	2.3310e-05	0.080704	supercritical
411.69	392.00	167.41	0.0059735	818.11	1052.3	4.0550	2.1519	3.2261	695.43	0.031642	2.3294e-05	0.080754	supercritical
412.69	392.00	166.93	0.0059905	820.67	1055.5	4.0628	2.1550	3.2263	695.41	0.031561	2.3279e-05	0.080806	supercritical
413.69	392.00	166.46	0.0060075	823.23	1058.7	4.0707	2.1580	3.2265	695.39	0.031479	2.3264e-05	0.080860	supercritical
414.69	392.00	165.99	0.0060244	825.80	1062.0	4.0784	2.1611	3.2268	695.38	0.031394	2.3250e-05	0.080914	supercritical
415.69	392.00	165.52	0.0060414	828.36	1065.2	4.0862	2.1642	3.2270	695.37	0.031308	2.3235e-05	0.080970	supercritical
416.69	392.00	165.06	0.0060584	830.92	1068.4	4.0940	2.1673	3.2273	695.37	0.031221	2.3222e-05	0.081027	supercritical
417.69	392.00	164.60	0.0060753	833.48	1071.6	4.1017	2.1704	3.2277	695.38	0.031131	2.3208e-05	0.081085	supercritical
418.69	392.00	164.14	0.0060923	836.05	1074.9	4.1094	2.1735	3.2280	695.38	0.031040	2.3195e-05	0.081144	supercritical
419.69	392.00	163.69	0.0061092	838.61	1078.1	4.1171	2.1766	3.2284	695.40	0.030948	2.3182e-05	0.081204	supercritical
420.69	392.00	163.23	0.0061262	841.18	1081.3	4.1248	2.1798	3.2288	695.42	0.030854	2.3170e-05	0.081266	supercritical
421.69	392.00	162.78	0.0061431	843.74	1084.5	4.1325	2.1829	3.2292	695.44	0.030758	2.3158e-05	0.081329	supercritical
422.69	392.00	162.34	0.0061600	846.31	1087.8	4.1401	2.1861	3.2296	695.47	0.030661	2.3146e-05	0.081393	supercritical
423.69	392.00	161.89	0.0061769	848.87	1091.0	4.1478	2.1892	3.2301	695.51	0.030562	2.3134e-05	0.081458	supercritical
424.69	392.00	161.45	0.0061938	851.44	1094.2	4.1554	2.1924	3.2306	695.54	0.030462	2.3123e-05	0.081524	supercritical
425.69	392.00	161.01	0.0062107	854.01	1097.5	4.1630	2.1955	3.2311	695.59	0.030361	2.3113e-05	0.081591	supercritical
426.69	392.00	160.58	0.0062276	856.58	1100.7	4.1706	2.1987	3.2316	695.64	0.030258	2.3102e-05	0.081660	supercritical
427.69	392.00	160.14	0.0062445	859.15	1103.9	4.1781	2.2019	3.2322	695.69	0.030154	2.3092e-05	0.081729	supercritical
428.69	392.00	159.71	0.0062614	861.72	1107.2	4.1857	2.2051	3.2328	695.75	0.030048	2.3082e-05	0.081800	supercritical
429.69	392.00	159.28	0.0062782	864.29	1110.4	4.1932	2.2083	3.2334	695.81	0.029942	2.3072e-05	0.081871	supercritical
430.69	392.00	158.85	0.0062951	866.87	1113.6	4.2007	2.2115	3.2340	695.87	0.029834	2.3063e-05	0.081944	supercritical
431.69	392.00	158.43	0.0063119	869.44	1116.9	4.2082	2.2147	3.2347	695.94	0.029725	2.3054e-05	0.082018	supercritical
432.69	392.00	158.01	0.0063288	872.01	1120.1	4.2157	2.2179	3.2354	696.02	0.029615	2.3045e-05	0.082093	supercritical
433.69	392.00	157.59	0.0063456	874.59	1123.3	4.2232	2.2211	3.2361	696.09	0.029504	2.3037e-05	0.082169	supercritical
434.69	392.00	157.17	0.0063625	877.17	1126.6	4.2306	2.2243	3.2368	696.18	0.029391	2.3029e-05	0.082246	supercritical
435.69	392.00	156.76	0.0063793	879.74	1129.8	4.2381	2.2276	3.2375	696.26	0.029278	2.3021e-05	0.082323	supercritical
436.69	392.00	156.35	0.0063961	882.32	1133.0	4.2455	2.2308	3.2383	696.35	0.029163	2.3013e-05	0.082402	supercritical
437.69	392.00	155.94	0.0064129	884.90	1136.3	4.2529	2.2341	3.2391	696.45	0.029048	2.3006e-05	0.082482	supercritical
438.69	392.00	155.53	0.0064297	887.48	1139.5	4.2603	2.2373	3.2399	696.54	0.028931	2.2999e-05	0.082563	supercritical
439.69	392.00	155.12	0.0064465	890.07	1142.8	4.2677	2.2406	3.2408	696.64	0.028813	2.2992e-05	0.082645	supercritical
440.69	392.00	154.72	0.0064633	892.65	1146.0	4.2750	2.2438	3.2416	696.75	0.028695	2.2986e-05	0.082728	supercritical
441.69	392.00	154.32	0.0064800	895.23	1149.3	4.2824	2.2471	3.2425	696.86	0.028576	2.2980e-05	0.082812	supercritical
442.69	392.00	153.92	0.0064968	897.82	1152.5	4.2897	2.2504	3.2434	696.97	0.028455	2.2974e-05	0.082897	supercritical
443.69	392.00	153.53	0.0065136	900.41	1155.7	4.2970	2.2537	3.2443	697.09	0.028334	2.2968e-05	0.082983	supercritical
444.69	392.00	153.13	0.0065303	903.00	1159.0	4.3043	2.2569	3.2453	697.21	0.028212	2.2962e-05	0.083070	supercritical
445.69	392.00	152.74	0.0065470	905.58	1162.2	4.3116	2.2602	3.2462	697.33	0.028090	2.2957e-05	0.083158	supercritical
446.69	392.00	152.35	0.0065638	908.18	1165.5	4.3189	2.2635	3.2472	697.46	0.027966	2.2952e-05	0.083246	supercritical
447.69	392.00	151.96	0.0065805	910.77	1168.7	4.3262	2.2668	3.2482	697.58	0.027842	2.2947e-05	0.083336	supercritical
448.69	392.00	151.58	0.0065972	913.36	1172.0	4.3334	2.2701	3.2492	697.72	0.027717	2.2943e-05	0.083427	supercritical
449.69	392.00	151.20	0.0066139	915.96	1175.2	4.3406	2.2734	3.2503	697.85	0.027591	2.2939e-05	0.083518	supercritical
450.69	392.00	150.82	0.0066306	918.55	1178.5	4.3479	2.2768	3.2513	697.99	0.027465	2.2934e-05	0.083610	supercritical
451.69	392.00	150.44	0.0066473	921.15	1181.7	4.3551	2.2801	3.2524	698.13	0.027338	2.2931e-05	0.083704	supercritical
452.69	392.00	150.06	0.0066640	923.75	1185.0	4.3623	2.2834	3.2535	698.28	0.027210	2.2927e-05	0.083798	supercritical
453.69	392.00	149.69	0.0066807	926.35	1188.2	4.3694	2.2867	3.2547	698.43	0.027082	2.2924e-05	0.083893	supercritical
454.69	392.00	149.31	0.0066973	928.95	1191.5	4.3766	2.2901	3.2558	698.58	0.026953	2.2921e-05	0.083989	supercritical
455.69	392.00	148.94	0.0067140	931.56	1194.7	4.3838	2.2934	3.2570	698.73	0.026823	2.2918e-05	0.084086	supercritical
456.69	392.00	148.57	0.0067306	934.16	1198.0	4.3909	2.2968	3.2581	698.89	0.026693	2.2915e-05	0.084183	supercritical
457.69	392.00	148.21	0.0067473	936.77	1201.3	4.3980	2.3001	3.2593	699.05	0.026563	2.2912e-05	0.084282	supercritical
458.69	392.00	147.84	0.0067639	939.37	1204.5	4.4052	2.3035	3.2605	699.22	0.026432	2.2910e-05	0.084381	supercritical
459.69	392.00	147.48	0.0067805	941.98	1207.8	4.4123	2.3068	3.2618	699.38	0.026300	2.2908e-05	0.084481	supercritical
460.69	392.00	147.12	0.0067971	944.60	1211.0	4.4193	2.3102	3.2630	699.55	0.026168	2.2906e-05	0.084583	supercritical
461.69	392.00	146.76	0.0068137	947.21	1214.3	4.4264	2.3135	3.2643	699.72	0.026035	2.2904e-05	0.084684	supercritical
462.69	392.00	146.41	0.0068303	949.82	1217.6	4.4335	2.3169	3.2656	699.90	0.025902	2.2903e-05	0.084787	supercritical
463.69	392.00	146.05	0.0068469	952.44	1220.8	4.4405	2.3203	3.2669	700.07	0.025769	2.2902e-05	0.084891	supercritical
464.69	392.00	145.70	0.0068635	955.06	1224.1	4.4476	2.3237	3.2682	700.25	0.025635	2.2901e-05	0.084995	supercritical
465.69	392.00	145.35	0.0068800	957.68	1227.4	4.4546	2.3270	3.2696	700.43	0.025501	2.2900e-05	0.085100	supercritical
466.69	392.00	145.00	0.0068966	960.30	1230.6	4.4616	2.3304	3.2709	700.62	0.025366	2.2899e-05	0.085206	supercritical
467.69	392.00	144.65	0.0069132	962.92	1233.9	4.4686	2.3338	3.2723	700.80	0.025231	2.2898e-05	0.085313	supercritical
468.69	392.00	144.31	0.0069297	965.54	1237.2	4.4756	2.3372	3.2737	700.99	0.025096	2.2898e-05	0.085420	supercritical
469.69	392.00	143.96	0.0069462	968.17	1240.5	4.4826	2.3406	3.2751	701.18	0.024960	2.2898e-05	0.085529	supercritical
470.69	392.00	143.62	0.0069628	970.80	1243.7	4.4896	2.3440	3.2766	701.38	0.024824	2.2898e-05	0.085638	supercritical
471.69	392.00	143.28	0.0069793	973.43	1247.0	4.4965	2.3474	3.2780	701.57	0.024688	2.2898e-05	0.085748	supercritical
472.69	392.00	142.94	0.0069958	976.06	1250.3	4.5035	2.3508	3.2795	701.77	0.024551	2.2899e-05	0.085858	supercritical
473.69	392.00	142.61	0.0070123	978.69	1253.6	4.5104	2.3542	3.2809	701.97	0.024414	2.2899e-05	0.085970	supercritical
474.69	392.00	142.27	0.0070288	981.33	1256.9	4.5173	2.3576	3.2824	702.18	0.024277	2.2900e-05	0.086082	supercritical
475.69	392.00	141.94	0.0070453	983.97	1260.1	4.5242	2.3611	3.2839	702.38	0.024140	2.2901e-05	0.086195	supercritical
476.69	392.00	141.61	0.0070617	986.61	1263.4	4.5311	2.3645	3.2855	702.59	0.024003	2.2902e-05	0.086308	supercritical
477.69	392.00	141.28	0.0070782	989.25	1266.7	4.5380	2.3679	3.2870	702.80	0.023865	2.2903e-05	0.086422	supercritical
478.69	392.00	140.95	0.0070946	991.89	1270.0	4.5449	2.3713	3.2886	703.01	0.023727	2.2905e-05	0.086537	supercritical
479.69	392.00	140.63	0.0071111	994.53	1273.3	4.5517	2.3747	3.2901	703.23	0.023589	2.2906e-05	0.086653	supercritical
480.69	392.00	140.30	0.0071275	997.18	1276.6	4.5586	2.3782	3.2917	703.44	0.023451	2.2908e-05	0.086770	supercritical
481.69	392.00	139.98	0.0071440	999.83	1279.9	4.5654	2.3816	3.2933	703.66	0.023312	2.2910e-05	0.086887	supercritical
482.69	392.00	139.66	0.0071604	1002.5	1283.2	4.5723	2.3851	3.2949	703.88	0.023174	2.2912e-05	0.087005	supercritical
483.69	392.00	139.34	0.0071768	1005.1	1286.5	4.5791	2.3885	3.2966	704.10	0.023035	2.2914e-05	0.087123	supercritical
484.69	392.00	139.02	0.0071932	1007.8	1289.8	4.5859	2.3919	3.2982	704.33	0.022896	2.2917e-05	0.087243	supercritical
485.69	392.00	138.70	0.0072096	1010.4	1293.1	4.5927	2.3954	3.2999	704.55	0.022757	2.2919e-05	0.087363	supercritical
486.69	392.00	138.39	0.0072260	1013.1	1296.4	4.5995	2.3988	3.3015	704.78	0.022618	2.2922e-05	0.087483	supercritical
487.69	392.00	138.08	0.0072423	1015.8	1299.7	4.6063	2.4023	3.3032	705.01	0.022479	2.2925e-05	0.087605	supercritical
488.69	392.00	137.77	0.0072587	1018.4	1303.0	4.6130	2.4057	3.3049	705.24	0.022340	2.2928e-05	0.087727	supercritical
489.69	392.00	137.46	0.0072751	1021.1	1306.3	4.6198	2.4092	3.3067	705.47	0.022201	2.2931e-05	0.087849	supercritical
490.69	392.00	137.15	0.0072914	1023.8	1309.6	4.6265	2.4126	3.3084	705.71	0.022062	2.2934e-05	0.087973	supercritical
491.69	392.00	136.84	0.0073078	1026.4	1312.9	4.6333	2.4161	3.3101	705.94	0.021922	2.2937e-05	0.088097	supercritical
492.69	392.00	136.54	0.0073241	1029.1	1316.2	4.6400	2.4196	3.3119	706.18	0.021783	2.2941e-05	0.088221	supercritical
493.69	392.00	136.23	0.0073404	1031.8	1319.5	4.6467	2.4230	3.3137	706.42	0.021644	2.2945e-05	0.088347	supercritical
494.69	392.00	135.93	0.0073567	1034.4	1322.8	4.6534	2.4265	3.3154	706.66	0.021504	2.2948e-05	0.088473	supercritical
495.69	392.00	135.63	0.0073731	1037.1	1326.1	4.6601	2.4300	3.3172	706.91	0.021365	2.2952e-05	0.088599	supercritical
496.69	392.00	135.33	0.0073894	1039.8	1329.5	4.6668	2.4334	3.3190	707.15	0.021226	2.2956e-05	0.088727	supercritical
497.69	392.00	135.03	0.0074056	1042.5	1332.8	4.6735	2.4369	3.3209	707.40	0.021086	2.2961e-05	0.088854	supercritical
498.69	392.00	134.74	0.0074219	1045.2	1336.1	4.6802	2.4404	3.3227	707.65	0.020947	2.2965e-05	0.088983	supercritical
499.69	392.00	134.44	0.0074382	1047.8	1339.4	4.6868	2.4439	3.3246	707.90	0.020808	2.2970e-05	0.089112	supercritical
500.69	392.00	134.15	0.0074545	1050.5	1342.8	4.6935	2.4473	3.3264	708.15	0.020669	2.2974e-05	0.089242	supercritical
501.69	392.00	133.86	0.0074707	1053.2	1346.1	4.7001	2.4508	3.3283	708.40	0.020530	2.2979e-05	0.089372	supercritical
502.69	392.00	133.57	0.0074870	1055.9	1349.4	4.7067	2.4543	3.3302	708.66	0.020391	2.2984e-05	0.089503	supercritical
503.69	392.00	133.28	0.0075032	1058.6	1352.7	4.7134	2.4578	3.3321	708.91	0.020252	2.2989e-05	0.089634	supercritical
504.69	392.00	132.99	0.0075194	1061.3	1356.1	4.7200	2.4613	3.3340	709.17	0.020113	2.2994e-05	0.089767	supercritical
505.69	392.00	132.70	0.0075357	1064.0	1359.4	4.7266	2.4648	3.3359	709.43	0.019974	2.2999e-05	0.089899	supercritical
506.69	392.00	132.42	0.0075519	1066.7	1362.7	4.7332	2.4683	3.3378	709.69	0.019835	2.3004e-05	0.090033	supercritical
507.69	392.00	132.13	0.0075681	1069.4	1366.1	4.7397	2.4717	3.3398	709.95	0.019696	2.3010e-05	0.090167	supercritical
508.69	392.00	131.85	0.0075843	1072.1	1369.4	4.7463	2.4752	3.3417	710.21	0.019558	2.3015e-05	0.090301	supercritical
509.69	392.00	131.57	0.0076005	1074.8	1372.8	4.7529	2.4787	3.3437	710.48	0.019420	2.3021e-05	0.090436	supercritical
510.69	392.00	131.29	0.0076167	1077.5	1376.1	4.7594	2.4822	3.3457	710.74	0.019281	2.3027e-05	0.090572	supercritical
511.69	392.00	131.01	0.0076328	1080.3	1379.5	4.7660	2.4857	3.3477	711.01	0.019143	2.3033e-05	0.090708	supercritical
512.69	392.00	130.74	0.0076490	1083.0	1382.8	4.7725	2.4892	3.3497	711.28	0.019005	2.3039e-05	0.090845	supercritical
513.69	392.00	130.46	0.0076652	1085.7	1386.2	4.7790	2.4927	3.3517	711.55	0.018867	2.3045e-05	0.090982	supercritical
514.69	392.00	130.19	0.0076813	1088.4	1389.5	4.7856	2.4962	3.3537	711.82	0.018730	2.3051e-05	0.091120	supercritical
515.69	392.00	129.91	0.0076974	1091.1	1392.9	4.7921	2.4997	3.3557	712.09	0.018592	2.3058e-05	0.091258	supercritical
516.69	392.00	129.64	0.0077136	1093.8	1396.2	4.7986	2.5032	3.3578	712.36	0.018455	2.3064e-05	0.091397	supercritical
517.69	392.00	129.37	0.0077297	1096.6	1399.6	4.8051	2.5067	3.3598	712.64	0.018317	2.3071e-05	0.091537	supercritical
518.69	392.00	129.10	0.0077458	1099.3	1402.9	4.8116	2.5102	3.3619	712.91	0.018180	2.3078e-05	0.091677	supercritical
519.69	392.00	128.83	0.0077619	1102.0	1406.3	4.8180	2.5137	3.3640	713.19	0.018044	2.3084e-05	0.091818	supercritical
520.69	392.00	128.57	0.0077780	1104.8	1409.7	4.8245	2.5172	3.3660	713.47	0.017907	2.3091e-05	0.091959	supercritical
521.69	392.00	128.30	0.0077941	1107.5	1413.0	4.8310	2.5208	3.3681	713.75	0.017771	2.3098e-05	0.092100	supercritical
522.69	392.00	128.04	0.0078102	1110.2	1416.4	4.8374	2.5243	3.3702	714.03	0.017634	2.3105e-05	0.092242	supercritical
523.69	392.00	127.77	0.0078263	1113.0	1419.8	4.8439	2.5278	3.3724	714.31	0.017498	2.3112e-05	0.092385	supercritical
524.69	392.00	127.51	0.0078423	1115.7	1423.1	4.8503	2.5313	3.3745	714.59	0.017362	2.3120e-05	0.092528	supercritical
525.69	392.00	127.25	0.0078584	1118.5	1426.5	4.8567	2.5348	3.3766	714.88	0.017227	2.3127e-05	0.092672	supercritical
526.69	392.00	126.99	0.0078745	1121.2	1429.9	4.8631	2.5383	3.3788	715.16	0.017091	2.3135e-05	0.092816	supercritical
527.69	392.00	126.73	0.0078905	1124.0	1433.3	4.8696	2.5418	3.3809	715.45	0.016956	2.3142e-05	0.092961	supercritical
528.69	392.00	126.48	0.0079065	1126.7	1436.7	4.8760	2.5453	3.3831	715.73	0.016821	2.3150e-05	0.093106	supercritical
529.69	392.00	126.22	0.0079226	1129.5	1440.0	4.8824	2.5489	3.3852	716.02	0.016686	2.3158e-05	0.093252	supercritical
530.69	392.00	125.97	0.0079386	1132.2	1443.4	4.8887	2.5524	3.3874	716.31	0.016552	2.3166e-05	0.093398	supercritical
531.69	392.00	125.71	0.0079546	1135.0	1446.8	4.8951	2.5559	3.3896	716.60	0.016418	2.3173e-05	0.093545	supercritical
532.69	392.00	125.46	0.0079706	1137.8	1450.2	4.9015	2.5594	3.3918	716.89	0.016284	2.3182e-05	0.093692	supercritical
533.69	392.00	125.21	0.0079866	1140.5	1453.6	4.9079	2.5629	3.3940	717.18	0.016150	2.3190e-05	0.093840	supercritical
534.69	392.00	124.96	0.0080026	1143.3	1457.0	4.9142	2.5664	3.3962	717.47	0.016016	2.3198e-05	0.093988	supercritical
535.69	392.00	124.71	0.0080186	1146.1	1460.4	4.9206	2.5700	3.3984	717.77	0.015883	2.3206e-05	0.094137	supercritical
536.69	392.00	124.46	0.0080345	1148.8	1463.8	4.9269	2.5735	3.4007	718.06	0.015750	2.3215e-05	0.094286	supercritical
537.69	392.00	124.22	0.0080505	1151.6	1467.2	4.9332	2.5770	3.4029	718.36	0.015617	2.3223e-05	0.094436	supercritical
538.69	392.00	123.97	0.0080664	1154.4	1470.6	4.9396	2.5805	3.4052	718.65	0.015485	2.3232e-05	0.094586	supercritical
539.69	392.00	123.73	0.0080824	1157.2	1474.0	4.9459	2.5840	3.4074	718.95	0.015353	2.3240e-05	0.094737	supercritical
540.69	392.00	123.48	0.0080983	1160.0	1477.4	4.9522	2.5876	3.4097	719.25	0.015221	2.3249e-05	0.094888	supercritical
541.69	392.00	123.24	0.0081143	1162.8	1480.8	4.9585	2.5911	3.4119	719.55	0.015089	2.3258e-05	0.095039	supercritical
542.69	392.00	123.00	0.0081302	1165.5	1484.2	4.9648	2.5946	3.4142	719.85	0.014958	2.3267e-05	0.095191	supercritical
543.69	392.00	122.76	0.0081461	1168.3	1487.7	4.9711	2.5981	3.4165	720.15	0.014827	2.3276e-05	0.095344	supercritical
544.69	392.00	122.52	0.0081620	1171.1	1491.1	4.9773	2.6016	3.4188	720.45	0.014696	2.3285e-05	0.095496	supercritical
545.69	392.00	122.28	0.0081779	1173.9	1494.5	4.9836	2.6052	3.4211	720.75	0.014565	2.3294e-05	0.095650	supercritical
546.69	392.00	122.04	0.0081938	1176.7	1497.9	4.9899	2.6087	3.4234	721.05	0.014435	2.3303e-05	0.095804	supercritical
547.69	392.00	121.81	0.0082097	1179.5	1501.3	4.9961	2.6122	3.4257	721.36	0.014305	2.3312e-05	0.095958	supercritical
548.69	392.00	121.57	0.0082256	1182.3	1504.8	5.0024	2.6157	3.4281	721.66	0.014176	2.3322e-05	0.096112	supercritical
549.69	392.00	121.34	0.0082415	1185.1	1508.2	5.0086	2.6193	3.4304	721.97	0.014046	2.3331e-05	0.096267	supercritical
550.69	392.00	121.10	0.0082573	1187.9	1511.6	5.0149	2.6228	3.4327	722.27	0.013917	2.3341e-05	0.096423	supercritical
551.69	392.00	120.87	0.0082732	1190.8	1515.1	5.0211	2.6263	3.4351	722.58	0.013789	2.3350e-05	0.096579	supercritical
552.69	392.00	120.64	0.0082890	1193.6	1518.5	5.0273	2.6298	3.4374	722.89	0.013660	2.3360e-05	0.096735	supercritical
553.69	392.00	120.41	0.0083049	1196.4	1521.9	5.0335	2.6333	3.4398	723.19	0.013532	2.3370e-05	0.096892	supercritical
554.69	392.00	120.18	0.0083207	1199.2	1525.4	5.0398	2.6369	3.4422	723.50	0.013405	2.3379e-05	0.097049	supercritical
555.69	392.00	119.95	0.0083366	1202.0	1528.8	5.0460	2.6404	3.4446	723.81	0.013277	2.3389e-05	0.097207	supercritical
556.69	392.00	119.73	0.0083524	1204.9	1532.3	5.0522	2.6439	3.4469	724.12	0.013150	2.3399e-05	0.097365	supercritical
557.69	392.00	119.50	0.0083682	1207.7	1535.7	5.0583	2.6474	3.4493	724.43	0.013023	2.3409e-05	0.097523	supercritical
558.69	392.00	119.27	0.0083840	1210.5	1539.2	5.0645	2.6510	3.4517	724.75	0.012897	2.3419e-05	0.097682	supercritical
559.69	392.00	119.05	0.0083998	1213.3	1542.6	5.0707	2.6545	3.4541	725.06	0.012771	2.3429e-05	0.097842	supercritical
560.69	392.00	118.83	0.0084156	1216.2	1546.1	5.0769	2.6580	3.4565	725.37	0.012645	2.3439e-05	0.098001	supercritical
561.69	392.00	118.60	0.0084314	1219.0	1549.5	5.0830	2.6615	3.4589	725.68	0.012519	2.3450e-05	0.098161	supercritical
562.69	392.00	118.38	0.0084471	1221.9	1553.0	5.0892	2.6650	3.4614	726.00	0.012394	2.3460e-05	0.098322	supercritical
563.69	392.00	118.16	0.0084629	1224.7	1556.5	5.0953	2.6686	3.4638	726.31	0.012269	2.3470e-05	0.098483	supercritical
564.69	392.00	117.94	0.0084787	1227.6	1559.9	5.1015	2.6721	3.4662	726.63	0.012145	2.3481e-05	0.098644	supercritical
565.69	392.00	117.72	0.0084944	1230.4	1563.4	5.1076	2.6756	3.4687	726.94	0.012020	2.3491e-05	0.098806	supercritical
566.69	392.00	117.51	0.0085102	1233.3	1566.9	5.1137	2.6791	3.4711	727.26	0.011897	2.3502e-05	0.098968	supercritical
567.69	392.00	117.29	0.0085259	1236.1	1570.3	5.1199	2.6826	3.4736	727.58	0.011773	2.3513e-05	0.099130	supercritical
568.69	392.00	117.07	0.0085417	1239.0	1573.8	5.1260	2.6862	3.4760	727.90	0.011650	2.3523e-05	0.099293	supercritical
569.69	392.00	116.86	0.0085574	1241.8	1577.3	5.1321	2.6897	3.4785	728.21	0.011527	2.3534e-05	0.099456	supercritical
570.69	392.00	116.64	0.0085731	1244.7	1580.8	5.1382	2.6932	3.4809	728.53	0.011405	2.3545e-05	0.099620	supercritical
571.69	392.00	116.43	0.0085888	1247.6	1584.2	5.1443	2.6967	3.4834	728.85	0.011282	2.3556e-05	0.099784	supercritical
572.69	392.00	116.22	0.0086045	1250.4	1587.7	5.1504	2.7002	3.4859	729.17	0.011161	2.3567e-05	0.099948	supercritical
573.69	392.00	116.01	0.0086202	1253.3	1591.2	5.1565	2.7038	3.4884	729.49	0.011039	2.3578e-05	0.10011	supercritical
574.69	392.00	115.80	0.0086359	1256.2	1594.7	5.1625	2.7073	3.4909	729.81	0.010918	2.3589e-05	0.10028	supercritical
575.69	392.00	115.59	0.0086516	1259.1	1598.2	5.1686	2.7108	3.4934	730.14	0.010797	2.3600e-05	0.10044	supercritical
576.69	392.00	115.38	0.0086673	1261.9	1601.7	5.1747	2.7143	3.4959	730.46	0.010677	2.3611e-05	0.10061	supercritical
577.69	392.00	115.17	0.0086830	1264.8	1605.2	5.1807	2.7178	3.4984	730.78	0.010557	2.3622e-05	0.10078	supercritical
578.69	392.00	114.96	0.0086986	1267.7	1608.7	5.1868	2.7213	3.5009	731.10	0.010437	2.3634e-05	0.10094	supercritical
579.69	392.00	114.75	0.0087143	1270.6	1612.2	5.1928	2.7248	3.5034	731.43	0.010318	2.3645e-05	0.10111	supercritical
580.69	392.00	114.55	0.0087300	1273.5	1615.7	5.1989	2.7284	3.5059	731.75	0.010199	2.3656e-05	0.10128	supercritical
581.69	392.00	114.34	0.0087456	1276.4	1619.2	5.2049	2.7319	3.5085	732.08	0.010080	2.3668e-05	0.10144	supercritical
582.69	392.00	114.14	0.0087612	1279.3	1622.7	5.2109	2.7354	3.5110	732.40	0.0099617	2.3679e-05	0.10161	supercritical
583.69	392.00	113.94	0.0087769	1282.2	1626.2	5.2170	2.7389	3.5135	732.73	0.0098437	2.3691e-05	0.10178	supercritical
584.69	392.00	113.73	0.0087925	1285.1	1629.7	5.2230	2.7424	3.5161	733.05	0.0097261	2.3703e-05	0.10195	supercritical
585.69	392.00	113.53	0.0088081	1288.0	1633.3	5.2290	2.7459	3.5186	733.38	0.0096088	2.3714e-05	0.10212	supercritical
586.69	392.00	113.33	0.0088237	1290.9	1636.8	5.2350	2.7494	3.5212	733.71	0.0094919	2.3726e-05	0.10229	supercritical
587.69	392.00	113.13	0.0088393	1293.8	1640.3	5.2410	2.7529	3.5237	734.03	0.0093753	2.3738e-05	0.10246	supercritical
588.69	392.00	112.93	0.0088549	1296.7	1643.8	5.2470	2.7564	3.5263	734.36	0.0092591	2.3750e-05	0.10263	supercritical
589.69	392.00	112.73	0.0088705	1299.6	1647.4	5.2530	2.7599	3.5289	734.69	0.0091433	2.3761e-05	0.10280	supercritical
590.69	392.00	112.54	0.0088861	1302.5	1650.9	5.2589	2.7634	3.5314	735.02	0.0090278	2.3773e-05	0.10297	supercritical
591.69	392.00	112.34	0.0089017	1305.5	1654.4	5.2649	2.7670	3.5340	735.35	0.0089126	2.3785e-05	0.10314	supercritical
592.69	392.00	112.14	0.0089173	1308.4	1658.0	5.2709	2.7705	3.5366	735.68	0.0087979	2.3797e-05	0.10331	supercritical
593.69	392.00	111.95	0.0089328	1311.3	1661.5	5.2769	2.7740	3.5392	736.01	0.0086834	2.3809e-05	0.10348	supercritical
594.69	392.00	111.75	0.0089484	1314.3	1665.0	5.2828	2.7775	3.5418	736.34	0.0085694	2.3821e-05	0.10365	supercritical
595.69	392.00	111.56	0.0089639	1317.2	1668.6	5.2888	2.7810	3.5443	736.67	0.0084557	2.3834e-05	0.10383	supercritical
596.69	392.00	111.36	0.0089795	1320.1	1672.1	5.2947	2.7845	3.5469	737.00	0.0083423	2.3846e-05	0.10400	supercritical
597.69	392.00	111.17	0.0089950	1323.1	1675.7	5.3007	2.7880	3.5495	737.33	0.0082293	2.3858e-05	0.10417	supercritical
598.69	392.00	110.98	0.0090106	1326.0	1679.2	5.3066	2.7915	3.5521	737.66	0.0081167	2.3870e-05	0.10435	supercritical
599.69	392.00	110.79	0.0090261	1328.9	1682.8	5.3125	2.7950	3.5548	737.99	0.0080044	2.3883e-05	0.10452	supercritical
600.69	392.00	110.60	0.0090416	1331.9	1686.3	5.3184	2.7985	3.5574	738.32	0.0078925	2.3895e-05	0.10469	supercritical
601.69	392.00	110.41	0.0090571	1334.8	1689.9	5.3244	2.8019	3.5600	738.66	0.0077809	2.3907e-05	0.10487	supercritical
602.69	392.00	110.22	0.0090726	1337.8	1693.4	5.3303	2.8054	3.5626	738.99	0.0076697	2.3920e-05	0.10504	supercritical
603.69	392.00	110.03	0.0090882	1340.8	1697.0	5.3362	2.8089	3.5652	739.32	0.0075589	2.3932e-05	0.10522	supercritical
604.69	392.00	109.85	0.0091037	1343.7	1700.6	5.3421	2.8124	3.5678	739.66	0.0074484	2.3945e-05	0.10539	supercritical
605.69	392.00	109.66	0.0091191	1346.7	1704.1	5.3480	2.8159	3.5705	739.99	0.0073383	2.3957e-05	0.10557	supercritical
606.69	392.00	109.47	0.0091346	1349.6	1707.7	5.3539	2.8194	3.5731	740.32	0.0072285	2.3970e-05	0.10574	supercritical
607.69	392.00	109.29	0.0091501	1352.6	1711.3	5.3598	2.8229	3.5758	740.66	0.0071191	2.3983e-05	0.10592	supercritical
608.69	392.00	109.10	0.0091656	1355.6	1714.9	5.3656	2.8264	3.5784	740.99	0.0070101	2.3995e-05	0.10610	supercritical
609.69	392.00	108.92	0.0091810	1358.6	1718.5	5.3715	2.8299	3.5810	741.33	0.0069014	2.4008e-05	0.10627	supercritical
610.69	392.00	108.74	0.0091965	1361.5	1722.0	5.3774	2.8334	3.5837	741.66	0.0067930	2.4021e-05	0.10645	supercritical
611.69	392.00	108.55	0.0092120	1364.5	1725.6	5.3833	2.8368	3.5863	742.00	0.0066850	2.4034e-05	0.10663	supercritical
612.69	392.00	108.37	0.0092274	1367.5	1729.2	5.3891	2.8403	3.5890	742.34	0.0065774	2.4047e-05	0.10680	supercritical
613.69	392.00	108.19	0.0092429	1370.5	1732.8	5.3950	2.8438	3.5917	742.67	0.0064702	2.4060e-05	0.10698	supercritical
614.69	392.00	108.01	0.0092583	1373.5	1736.4	5.4008	2.8473	3.5943	743.01	0.0063633	2.4073e-05	0.10716	supercritical
615.69	392.00	107.83	0.0092737	1376.5	1740.0	5.4067	2.8508	3.5970	743.35	0.0062567	2.4086e-05	0.10734	supercritical
616.69	392.00	107.65	0.0092891	1379.4	1743.6	5.4125	2.8542	3.5996	743.68	0.0061505	2.4099e-05	0.10752	supercritical
617.69	392.00	107.47	0.0093046	1382.4	1747.2	5.4183	2.8577	3.6023	744.02	0.0060447	2.4112e-05	0.10770	supercritical
618.69	392.00	107.30	0.0093200	1385.4	1750.8	5.4242	2.8612	3.6050	744.36	0.0059392	2.4125e-05	0.10788	supercritical
619.69	392.00	107.12	0.0093354	1388.4	1754.4	5.4300	2.8647	3.6077	744.70	0.0058340	2.4138e-05	0.10806	supercritical
620.69	392.00	106.94	0.0093508	1391.5	1758.0	5.4358	2.8681	3.6103	745.03	0.0057293	2.4151e-05	0.10824	supercritical
621.69	392.00	106.77	0.0093662	1394.5	1761.6	5.4416	2.8716	3.6130	745.37	0.0056249	2.4164e-05	0.10842	supercritical
622.69	392.00	106.59	0.0093816	1397.5	1765.2	5.4474	2.8751	3.6157	745.71	0.0055208	2.4177e-05	0.10860	supercritical
623.69	392.00	106.42	0.0093970	1400.5	1768.8	5.4532	2.8785	3.6184	746.05	0.0054171	2.4191e-05	0.10878	supercritical
624.69	392.00	106.24	0.0094123	1403.5	1772.5	5.4590	2.8820	3.6211	746.39	0.0053137	2.4204e-05	0.10896	supercritical