Temperature (K)	Pressure (bar)	Density (kg/m3)	Volume (m3/kg)	Internal Energy (kJ/kg)	Enthalpy (kJ/kg)	Entropy (J/g*K)	Cv (J/g*K)	Cp (J/g*K)	Sound Spd. (m/s)	Joule-Thomson (K/bar)	Viscosity (Pa*s)	Therm. Cond. (W/m*K)	Phase
90.694	948.00	495.01	0.0020202	-104.37	87.144	-1.1566	2.3306	3.1908	1989.7	-0.052914	0.00055170	0.27972	liquid
113.69	948.00	474.94	0.0021055	-39.619	159.98	-0.44061	2.2319	3.1495	1879.0	-0.053201	0.00023230	0.26081	liquid
114.69	948.00	474.09	0.0021093	-36.829	163.13	-0.41303	2.2281	3.1481	1874.1	-0.053198	0.00022633	0.25987	liquid
115.69	948.00	473.24	0.0021131	-34.041	166.28	-0.38571	2.2244	3.1468	1869.3	-0.053193	0.00022068	0.25893	liquid
116.69	948.00	472.39	0.0021169	-31.255	169.43	-0.35863	2.2208	3.1454	1864.5	-0.053189	0.00021532	0.25798	liquid
117.69	948.00	471.54	0.0021207	-28.472	172.57	-0.33180	2.2171	3.1441	1859.6	-0.053184	0.00021022	0.25702	liquid
118.69	948.00	470.69	0.0021245	-25.690	175.71	-0.30520	2.2134	3.1427	1854.8	-0.053178	0.00020538	0.25607	liquid
119.69	948.00	469.85	0.0021283	-22.910	178.86	-0.27884	2.2098	3.1414	1850.0	-0.053172	0.00020078	0.25510	liquid
120.69	948.00	469.00	0.0021322	-20.133	182.00	-0.25271	2.2062	3.1400	1845.2	-0.053165	0.00019640	0.25414	liquid
121.69	948.00	468.16	0.0021360	-17.357	185.14	-0.22681	2.2026	3.1386	1840.4	-0.053158	0.00019222	0.25317	liquid
122.69	948.00	467.32	0.0021399	-14.584	188.27	-0.20113	2.1990	3.1372	1835.6	-0.053151	0.00018823	0.25220	liquid
123.69	948.00	466.48	0.0021437	-11.813	191.41	-0.17567	2.1954	3.1358	1830.8	-0.053143	0.00018443	0.25123	liquid
124.69	948.00	465.64	0.0021476	-9.0439	194.55	-0.15043	2.1919	3.1344	1826.1	-0.053134	0.00018079	0.25026	liquid
125.69	948.00	464.80	0.0021514	-6.2772	197.68	-0.12540	2.1884	3.1330	1821.3	-0.053126	0.00017732	0.24928	liquid
126.69	948.00	463.97	0.0021553	-3.5126	200.81	-0.10057	2.1848	3.1316	1816.6	-0.053116	0.00017399	0.24831	liquid
127.69	948.00	463.13	0.0021592	-0.75022	203.94	-0.075959	2.1813	3.1301	1811.9	-0.053107	0.00017081	0.24733	liquid
128.69	948.00	462.30	0.0021631	2.0099	207.07	-0.051547	2.1779	3.1287	1807.2	-0.053096	0.00016775	0.24635	liquid
129.69	948.00	461.46	0.0021670	4.7678	210.20	-0.027335	2.1744	3.1273	1802.5	-0.053086	0.00016482	0.24538	liquid
130.69	948.00	460.63	0.0021709	7.5235	213.33	-0.0033205	2.1709	3.1258	1797.8	-0.053075	0.00016201	0.24440	liquid
131.69	948.00	459.80	0.0021748	10.277	216.45	0.020500	2.1675	3.1244	1793.1	-0.053063	0.00015931	0.24342	liquid
132.69	948.00	458.97	0.0021788	13.028	219.58	0.044130	2.1641	3.1229	1788.4	-0.053052	0.00015671	0.24244	liquid
133.69	948.00	458.15	0.0021827	15.777	222.70	0.067571	2.1607	3.1215	1783.8	-0.053039	0.00015421	0.24147	liquid
134.69	948.00	457.32	0.0021867	18.523	225.82	0.090826	2.1573	3.1200	1779.2	-0.053026	0.00015181	0.24049	liquid
135.69	948.00	456.49	0.0021906	21.268	228.94	0.11390	2.1540	3.1185	1774.6	-0.053013	0.00014949	0.23952	liquid
136.69	948.00	455.67	0.0021946	24.010	232.06	0.13679	2.1506	3.1171	1770.0	-0.052999	0.00014725	0.23854	liquid
137.69	948.00	454.84	0.0021986	26.749	235.17	0.15951	2.1473	3.1156	1765.4	-0.052985	0.00014509	0.23757	liquid
138.69	948.00	454.02	0.0022025	29.487	238.29	0.18205	2.1440	3.1141	1760.8	-0.052970	0.00014301	0.23660	liquid
139.69	948.00	453.20	0.0022065	32.222	241.40	0.20441	2.1407	3.1126	1756.3	-0.052955	0.00014100	0.23563	liquid
140.69	948.00	452.38	0.0022105	34.954	244.51	0.22661	2.1375	3.1112	1751.7	-0.052939	0.00013905	0.23466	liquid
141.69	948.00	451.56	0.0022145	37.685	247.62	0.24864	2.1342	3.1097	1747.2	-0.052923	0.00013717	0.23369	liquid
142.69	948.00	450.74	0.0022186	40.412	250.73	0.27050	2.1310	3.1082	1742.7	-0.052906	0.00013535	0.23273	liquid
143.69	948.00	449.93	0.0022226	43.138	253.84	0.29221	2.1278	3.1067	1738.2	-0.052889	0.00013358	0.23177	liquid
144.69	948.00	449.11	0.0022266	45.861	256.95	0.31375	2.1247	3.1052	1733.7	-0.052871	0.00013187	0.23081	liquid
145.69	948.00	448.30	0.0022307	48.582	260.05	0.33513	2.1215	3.1038	1729.3	-0.052853	0.00013021	0.22985	liquid
146.69	948.00	447.48	0.0022347	51.301	263.15	0.35635	2.1184	3.1023	1724.8	-0.052834	0.00012860	0.22890	liquid
147.69	948.00	446.67	0.0022388	54.017	266.25	0.37742	2.1153	3.1008	1720.4	-0.052815	0.00012704	0.22794	liquid
148.69	948.00	445.86	0.0022429	56.731	269.35	0.39834	2.1122	3.0993	1716.0	-0.052795	0.00012552	0.22699	liquid
149.69	948.00	445.05	0.0022469	59.442	272.45	0.41911	2.1092	3.0979	1711.6	-0.052774	0.00012405	0.22605	liquid
150.69	948.00	444.24	0.0022510	62.151	275.55	0.43973	2.1061	3.0964	1707.2	-0.052753	0.00012262	0.22511	liquid
151.69	948.00	443.43	0.0022551	64.858	278.65	0.46021	2.1031	3.0949	1702.8	-0.052731	0.00012122	0.22417	liquid
152.69	948.00	442.62	0.0022593	67.562	281.74	0.48054	2.1001	3.0935	1698.5	-0.052709	0.00011986	0.22323	liquid
153.69	948.00	441.82	0.0022634	70.264	284.83	0.50073	2.0972	3.0920	1694.2	-0.052686	0.00011854	0.22230	liquid
154.69	948.00	441.01	0.0022675	72.964	287.92	0.52078	2.0943	3.0906	1689.9	-0.052663	0.00011726	0.22137	liquid
155.69	948.00	440.21	0.0022717	75.661	291.01	0.54069	2.0914	3.0891	1685.6	-0.052639	0.00011600	0.22044	liquid
156.69	948.00	439.40	0.0022758	78.356	294.10	0.56046	2.0885	3.0877	1681.3	-0.052614	0.00011478	0.21952	liquid
157.69	948.00	438.60	0.0022800	81.048	297.19	0.58010	2.0856	3.0862	1677.0	-0.052589	0.00011358	0.21860	liquid
158.69	948.00	437.80	0.0022841	83.738	300.27	0.59960	2.0828	3.0848	1672.8	-0.052563	0.00011242	0.21768	liquid
159.69	948.00	437.00	0.0022883	86.426	303.36	0.61897	2.0800	3.0834	1668.6	-0.052537	0.00011128	0.21677	liquid
160.69	948.00	436.20	0.0022925	89.112	306.44	0.63822	2.0772	3.0820	1664.4	-0.052510	0.00011017	0.21586	liquid
161.69	948.00	435.41	0.0022967	91.795	309.52	0.65733	2.0745	3.0806	1660.2	-0.052482	0.00010909	0.21496	liquid
162.69	948.00	434.61	0.0023009	94.475	312.60	0.67632	2.0717	3.0791	1656.0	-0.052454	0.00010803	0.21406	liquid
163.69	948.00	433.81	0.0023051	97.154	315.68	0.69519	2.0690	3.0777	1651.8	-0.052425	0.00010699	0.21316	liquid
164.69	948.00	433.02	0.0023094	99.830	318.76	0.71393	2.0664	3.0764	1647.7	-0.052396	0.00010597	0.21227	liquid
165.69	948.00	432.23	0.0023136	102.50	321.83	0.73254	2.0637	3.0750	1643.6	-0.052366	0.00010498	0.21139	liquid
166.69	948.00	431.43	0.0023179	105.17	324.91	0.75104	2.0611	3.0736	1639.5	-0.052335	0.00010401	0.21050	liquid
167.69	948.00	430.64	0.0023221	107.84	327.98	0.76942	2.0585	3.0722	1635.4	-0.052304	0.00010306	0.20962	liquid
168.69	948.00	429.85	0.0023264	110.51	331.05	0.78768	2.0559	3.0709	1631.3	-0.052272	0.00010213	0.20875	liquid
169.69	948.00	429.06	0.0023307	113.18	334.12	0.80583	2.0534	3.0695	1627.2	-0.052239	0.00010122	0.20788	liquid
170.69	948.00	428.27	0.0023350	115.84	337.19	0.82386	2.0509	3.0682	1623.2	-0.052206	0.00010032	0.20701	liquid
171.69	948.00	427.49	0.0023393	118.50	340.26	0.84178	2.0484	3.0669	1619.2	-0.052172	9.9446e-05	0.20615	liquid
172.69	948.00	426.70	0.0023436	121.15	343.33	0.85959	2.0460	3.0656	1615.2	-0.052137	9.8587e-05	0.20529	liquid
173.69	948.00	425.91	0.0023479	123.81	346.39	0.87728	2.0436	3.0643	1611.2	-0.052102	9.7745e-05	0.20444	liquid
174.69	948.00	425.13	0.0023522	126.46	349.45	0.89487	2.0412	3.0630	1607.2	-0.052066	9.6918e-05	0.20359	liquid
175.69	948.00	424.35	0.0023566	129.11	352.52	0.91235	2.0388	3.0617	1603.2	-0.052029	9.6107e-05	0.20275	liquid
176.69	948.00	423.56	0.0023609	131.76	355.58	0.92972	2.0364	3.0604	1599.3	-0.051992	9.5310e-05	0.20191	liquid
177.69	948.00	422.78	0.0023653	134.41	358.64	0.94699	2.0341	3.0591	1595.4	-0.051954	9.4529e-05	0.20107	liquid
178.69	948.00	422.00	0.0023696	137.05	361.70	0.96416	2.0319	3.0579	1591.5	-0.051916	9.3761e-05	0.20024	liquid
179.69	948.00	421.22	0.0023740	139.69	364.75	0.98122	2.0296	3.0566	1587.6	-0.051877	9.3007e-05	0.19942	liquid
180.69	948.00	420.45	0.0023784	142.33	367.81	0.99818	2.0274	3.0554	1583.7	-0.051837	9.2266e-05	0.19860	liquid
181.69	948.00	419.67	0.0023828	144.97	370.86	1.0150	2.0252	3.0542	1579.9	-0.051796	9.1538e-05	0.19778	liquid
182.69	948.00	418.89	0.0023872	147.61	373.92	1.0318	2.0230	3.0530	1576.0	-0.051755	9.0823e-05	0.19697	liquid
183.69	948.00	418.12	0.0023917	150.24	376.97	1.0485	2.0209	3.0518	1572.2	-0.051713	9.0119e-05	0.19617	liquid
184.69	948.00	417.35	0.0023961	152.87	380.02	1.0650	2.0188	3.0506	1568.4	-0.051671	8.9428e-05	0.19536	liquid
185.69	948.00	416.57	0.0024005	155.50	383.07	1.0815	2.0167	3.0494	1564.6	-0.051628	8.8748e-05	0.19457	liquid
186.69	948.00	415.80	0.0024050	158.13	386.12	1.0979	2.0146	3.0483	1560.9	-0.051584	8.8079e-05	0.19378	liquid
187.69	948.00	415.03	0.0024095	160.75	389.17	1.1141	2.0126	3.0471	1557.1	-0.051540	8.7421e-05	0.19299	liquid
188.69	948.00	414.26	0.0024139	163.37	392.21	1.1303	2.0106	3.0460	1553.4	-0.051495	8.6773e-05	0.19221	liquid
189.69	948.00	413.49	0.0024184	165.99	395.26	1.1464	2.0087	3.0449	1549.7	-0.051449	8.6136e-05	0.19143	liquid
190.69	948.00	412.73	0.0024229	168.61	398.30	1.1624	2.0067	3.0438	1546.0	-0.051402	8.5509e-05	0.19066	supercritical
191.69	948.00	411.96	0.0024274	171.23	401.35	1.1784	2.0048	3.0427	1542.3	-0.051355	8.4891e-05	0.18989	supercritical
192.69	948.00	411.19	0.0024319	173.84	404.39	1.1942	2.0030	3.0416	1538.6	-0.051308	8.4283e-05	0.18912	supercritical
193.69	948.00	410.43	0.0024365	176.45	407.43	1.2099	2.0011	3.0405	1535.0	-0.051259	8.3684e-05	0.18836	supercritical
194.69	948.00	409.67	0.0024410	179.06	410.47	1.2256	1.9993	3.0395	1531.3	-0.051210	8.3095e-05	0.18761	supercritical
195.69	948.00	408.91	0.0024456	181.67	413.51	1.2411	1.9975	3.0385	1527.7	-0.051160	8.2514e-05	0.18686	supercritical
196.69	948.00	408.15	0.0024501	184.28	416.55	1.2566	1.9958	3.0374	1524.1	-0.051110	8.1942e-05	0.18612	supercritical
197.69	948.00	407.39	0.0024547	186.88	419.58	1.2720	1.9941	3.0364	1520.5	-0.051059	8.1378e-05	0.18538	supercritical
198.69	948.00	406.63	0.0024593	189.48	422.62	1.2874	1.9924	3.0354	1517.0	-0.051007	8.0822e-05	0.18464	supercritical
199.69	948.00	405.87	0.0024638	192.08	425.65	1.3026	1.9907	3.0345	1513.4	-0.050955	8.0275e-05	0.18392	supercritical
200.69	948.00	405.11	0.0024684	194.68	428.69	1.3177	1.9891	3.0335	1509.9	-0.050902	7.9735e-05	0.18319	supercritical
201.69	948.00	404.36	0.0024731	197.28	431.72	1.3328	1.9875	3.0325	1506.4	-0.050849	7.9203e-05	0.18247	supercritical
202.69	948.00	403.60	0.0024777	199.87	434.75	1.3478	1.9859	3.0316	1502.9	-0.050794	7.8678e-05	0.18176	supercritical
203.69	948.00	402.85	0.0024823	202.46	437.78	1.3627	1.9844	3.0307	1499.4	-0.050740	7.8161e-05	0.18105	supercritical
204.69	948.00	402.10	0.0024870	205.05	440.82	1.3776	1.9829	3.0298	1495.9	-0.050684	7.7651e-05	0.18034	supercritical
205.69	948.00	401.35	0.0024916	207.64	443.84	1.3923	1.9814	3.0289	1492.5	-0.050628	7.7148e-05	0.17964	supercritical
206.69	948.00	400.60	0.0024963	210.23	446.87	1.4070	1.9799	3.0280	1489.0	-0.050571	7.6651e-05	0.17895	supercritical
207.69	948.00	399.85	0.0025009	212.81	449.90	1.4216	1.9785	3.0272	1485.6	-0.050514	7.6162e-05	0.17825	supercritical
208.69	948.00	399.10	0.0025056	215.39	452.93	1.4362	1.9771	3.0263	1482.2	-0.050456	7.5679e-05	0.17757	supercritical
209.69	948.00	398.35	0.0025103	217.97	455.95	1.4506	1.9758	3.0255	1478.8	-0.050397	7.5203e-05	0.17689	supercritical
210.69	948.00	397.61	0.0025150	220.55	458.98	1.4650	1.9744	3.0247	1475.4	-0.050338	7.4732e-05	0.17621	supercritical
211.69	948.00	396.87	0.0025197	223.13	462.00	1.4794	1.9732	3.0239	1472.1	-0.050278	7.4268e-05	0.17554	supercritical
212.69	948.00	396.12	0.0025245	225.71	465.03	1.4936	1.9719	3.0231	1468.7	-0.050218	7.3811e-05	0.17487	supercritical
213.69	948.00	395.38	0.0025292	228.28	468.05	1.5078	1.9707	3.0224	1465.4	-0.050157	7.3359e-05	0.17421	supercritical
214.69	948.00	394.64	0.0025340	230.85	471.07	1.5219	1.9695	3.0216	1462.1	-0.050095	7.2913e-05	0.17356	supercritical
215.69	948.00	393.90	0.0025387	233.42	474.09	1.5359	1.9683	3.0209	1458.8	-0.050033	7.2472e-05	0.17290	supercritical
216.69	948.00	393.16	0.0025435	235.99	477.11	1.5499	1.9671	3.0202	1455.6	-0.049970	7.2037e-05	0.17226	supercritical
217.69	948.00	392.42	0.0025483	238.56	480.13	1.5638	1.9660	3.0195	1452.3	-0.049907	7.1608e-05	0.17161	supercritical
218.69	948.00	391.69	0.0025530	241.12	483.15	1.5776	1.9650	3.0188	1449.1	-0.049843	7.1184e-05	0.17098	supercritical
219.69	948.00	390.95	0.0025578	243.69	486.17	1.5914	1.9639	3.0181	1445.8	-0.049778	7.0766e-05	0.17034	supercritical
220.69	948.00	390.22	0.0025627	246.25	489.19	1.6051	1.9629	3.0175	1442.6	-0.049713	7.0353e-05	0.16971	supercritical
221.69	948.00	389.49	0.0025675	248.81	492.21	1.6188	1.9619	3.0169	1439.4	-0.049647	6.9944e-05	0.16909	supercritical
222.69	948.00	388.76	0.0025723	251.37	495.22	1.6323	1.9610	3.0163	1436.2	-0.049581	6.9541e-05	0.16847	supercritical
223.69	948.00	388.03	0.0025771	253.92	498.24	1.6458	1.9600	3.0157	1433.1	-0.049514	6.9143e-05	0.16786	supercritical
224.69	948.00	387.30	0.0025820	256.48	501.25	1.6593	1.9591	3.0151	1429.9	-0.049447	6.8750e-05	0.16725	supercritical
225.69	948.00	386.57	0.0025869	259.03	504.27	1.6727	1.9583	3.0145	1426.8	-0.049379	6.8361e-05	0.16664	supercritical
226.69	948.00	385.84	0.0025917	261.59	507.28	1.6860	1.9574	3.0140	1423.7	-0.049310	6.7977e-05	0.16604	supercritical
227.69	948.00	385.12	0.0025966	264.14	510.30	1.6993	1.9566	3.0135	1420.6	-0.049241	6.7598e-05	0.16545	supercritical
228.69	948.00	384.39	0.0026015	266.69	513.31	1.7125	1.9559	3.0129	1417.5	-0.049172	6.7223e-05	0.16486	supercritical
229.69	948.00	383.67	0.0026064	269.23	516.32	1.7256	1.9551	3.0125	1414.4	-0.049102	6.6853e-05	0.16427	supercritical
230.69	948.00	382.95	0.0026113	271.78	519.33	1.7387	1.9544	3.0120	1411.4	-0.049031	6.6487e-05	0.16369	supercritical
231.69	948.00	382.23	0.0026162	274.33	522.35	1.7517	1.9538	3.0115	1408.3	-0.048960	6.6125e-05	0.16311	supercritical
232.69	948.00	381.51	0.0026212	276.87	525.36	1.7647	1.9531	3.0111	1405.3	-0.048889	6.5767e-05	0.16254	supercritical
233.69	948.00	380.79	0.0026261	279.41	528.37	1.7776	1.9525	3.0107	1402.3	-0.048817	6.5414e-05	0.16197	supercritical
234.69	948.00	380.07	0.0026311	281.95	531.38	1.7905	1.9519	3.0103	1399.3	-0.048744	6.5065e-05	0.16141	supercritical
235.69	948.00	379.36	0.0026360	284.49	534.39	1.8033	1.9514	3.0099	1396.3	-0.048671	6.4720e-05	0.16085	supercritical
236.69	948.00	378.64	0.0026410	287.03	537.40	1.8160	1.9508	3.0095	1393.3	-0.048597	6.4379e-05	0.16030	supercritical
237.69	948.00	377.93	0.0026460	289.57	540.41	1.8287	1.9503	3.0091	1390.4	-0.048523	6.4041e-05	0.15975	supercritical
238.69	948.00	377.22	0.0026510	292.10	543.42	1.8413	1.9499	3.0088	1387.5	-0.048449	6.3708e-05	0.15920	supercritical
239.69	948.00	376.51	0.0026560	294.64	546.42	1.8539	1.9494	3.0085	1384.5	-0.048374	6.3378e-05	0.15866	supercritical
240.69	948.00	375.80	0.0026610	297.17	549.43	1.8664	1.9490	3.0082	1381.6	-0.048299	6.3052e-05	0.15813	supercritical
241.69	948.00	375.09	0.0026660	299.70	552.44	1.8789	1.9487	3.0079	1378.8	-0.048223	6.2730e-05	0.15759	supercritical
242.69	948.00	374.38	0.0026711	302.23	555.45	1.8913	1.9483	3.0076	1375.9	-0.048146	6.2412e-05	0.15707	supercritical
243.69	948.00	373.68	0.0026761	304.76	558.46	1.9037	1.9480	3.0074	1373.0	-0.048070	6.2096e-05	0.15654	supercritical
244.69	948.00	372.97	0.0026812	307.29	561.46	1.9160	1.9477	3.0072	1370.2	-0.047993	6.1785e-05	0.15603	supercritical
245.69	948.00	372.27	0.0026862	309.82	564.47	1.9283	1.9475	3.0069	1367.4	-0.047915	6.1477e-05	0.15551	supercritical
246.69	948.00	371.57	0.0026913	312.34	567.48	1.9405	1.9473	3.0068	1364.5	-0.047837	6.1172e-05	0.15500	supercritical
247.69	948.00	370.87	0.0026964	314.87	570.48	1.9526	1.9471	3.0066	1361.7	-0.047759	6.0871e-05	0.15450	supercritical
248.69	948.00	370.17	0.0027015	317.39	573.49	1.9648	1.9469	3.0064	1359.0	-0.047680	6.0573e-05	0.15400	supercritical
249.69	948.00	369.47	0.0027066	319.91	576.50	1.9768	1.9468	3.0063	1356.2	-0.047601	6.0278e-05	0.15350	supercritical
250.69	948.00	368.77	0.0027117	322.43	579.50	1.9888	1.9467	3.0061	1353.4	-0.047521	5.9986e-05	0.15301	supercritical
251.69	948.00	368.08	0.0027168	324.96	582.51	2.0008	1.9466	3.0060	1350.7	-0.047441	5.9698e-05	0.15252	supercritical
252.69	948.00	367.38	0.0027220	327.47	585.52	2.0127	1.9466	3.0059	1348.0	-0.047361	5.9413e-05	0.15204	supercritical
253.69	948.00	366.69	0.0027271	329.99	588.52	2.0246	1.9466	3.0059	1345.3	-0.047280	5.9131e-05	0.15156	supercritical
254.69	948.00	366.00	0.0027322	332.51	591.53	2.0364	1.9466	3.0058	1342.6	-0.047199	5.8851e-05	0.15108	supercritical
255.69	948.00	365.31	0.0027374	335.03	594.53	2.0482	1.9466	3.0058	1339.9	-0.047118	5.8575e-05	0.15061	supercritical
256.69	948.00	364.62	0.0027426	337.54	597.54	2.0599	1.9467	3.0058	1337.2	-0.047036	5.8302e-05	0.15014	supercritical
257.69	948.00	363.93	0.0027478	340.06	600.54	2.0716	1.9468	3.0058	1334.6	-0.046955	5.8032e-05	0.14968	supercritical
258.69	948.00	363.25	0.0027530	342.57	603.55	2.0833	1.9469	3.0058	1331.9	-0.046872	5.7764e-05	0.14922	supercritical
259.69	948.00	362.56	0.0027582	345.08	606.56	2.0949	1.9471	3.0058	1329.3	-0.046790	5.7500e-05	0.14877	supercritical
260.69	948.00	361.88	0.0027634	347.60	609.56	2.1064	1.9473	3.0059	1326.7	-0.046707	5.7238e-05	0.14832	supercritical
261.69	948.00	361.20	0.0027686	350.11	612.57	2.1179	1.9475	3.0059	1324.1	-0.046623	5.6979e-05	0.14787	supercritical
262.69	948.00	360.51	0.0027738	352.62	615.57	2.1294	1.9478	3.0060	1321.5	-0.046540	5.6722e-05	0.14743	supercritical
263.69	948.00	359.84	0.0027790	355.13	618.58	2.1408	1.9480	3.0061	1319.0	-0.046456	5.6469e-05	0.14699	supercritical
264.69	948.00	359.16	0.0027843	357.63	621.59	2.1522	1.9484	3.0062	1316.4	-0.046372	5.6218e-05	0.14655	supercritical
265.69	948.00	358.48	0.0027896	360.14	624.59	2.1635	1.9487	3.0064	1313.9	-0.046288	5.5969e-05	0.14612	supercritical
266.69	948.00	357.80	0.0027948	362.65	627.60	2.1748	1.9491	3.0065	1311.3	-0.046203	5.5723e-05	0.14570	supercritical
267.69	948.00	357.13	0.0028001	365.16	630.61	2.1861	1.9494	3.0067	1308.8	-0.046118	5.5480e-05	0.14528	supercritical
268.69	948.00	356.46	0.0028054	367.66	633.61	2.1973	1.9499	3.0069	1306.3	-0.046033	5.5239e-05	0.14486	supercritical
269.69	948.00	355.79	0.0028107	370.17	636.62	2.2084	1.9503	3.0071	1303.9	-0.045948	5.5001e-05	0.14444	supercritical
270.69	948.00	355.12	0.0028160	372.67	639.63	2.2196	1.9508	3.0073	1301.4	-0.045863	5.4765e-05	0.14403	supercritical
271.69	948.00	354.45	0.0028213	375.18	642.63	2.2307	1.9513	3.0075	1298.9	-0.045777	5.4532e-05	0.14363	supercritical
272.69	948.00	353.78	0.0028266	377.68	645.64	2.2417	1.9518	3.0078	1296.5	-0.045691	5.4301e-05	0.14322	supercritical
273.69	948.00	353.11	0.0028319	380.18	648.65	2.2527	1.9524	3.0081	1294.1	-0.045605	5.4072e-05	0.14283	supercritical
274.69	948.00	352.45	0.0028373	382.68	651.66	2.2637	1.9530	3.0083	1291.7	-0.045518	5.3846e-05	0.14243	supercritical
275.69	948.00	351.79	0.0028426	385.18	654.67	2.2746	1.9536	3.0087	1289.3	-0.045432	5.3622e-05	0.14204	supercritical
276.69	948.00	351.13	0.0028480	387.69	657.67	2.2855	1.9542	3.0090	1286.9	-0.045345	5.3400e-05	0.14165	supercritical
277.69	948.00	350.46	0.0028534	390.19	660.68	2.2964	1.9549	3.0093	1284.5	-0.045258	5.3181e-05	0.14127	supercritical
278.69	948.00	349.81	0.0028587	392.69	663.69	2.3072	1.9556	3.0097	1282.1	-0.045171	5.2963e-05	0.14089	supercritical
279.69	948.00	349.15	0.0028641	395.19	666.70	2.3180	1.9563	3.0100	1279.8	-0.045084	5.2748e-05	0.14051	supercritical
280.69	948.00	348.49	0.0028695	397.68	669.71	2.3287	1.9570	3.0104	1277.5	-0.044997	5.2535e-05	0.14014	supercritical
281.69	948.00	347.84	0.0028749	400.18	672.72	2.3394	1.9578	3.0108	1275.2	-0.044910	5.2324e-05	0.13977	supercritical
282.69	948.00	347.18	0.0028803	402.68	675.74	2.3501	1.9586	3.0113	1272.9	-0.044822	5.2116e-05	0.13941	supercritical
283.69	948.00	346.53	0.0028857	405.18	678.75	2.3607	1.9594	3.0117	1270.6	-0.044734	5.1909e-05	0.13905	supercritical
284.69	948.00	345.88	0.0028912	407.68	681.76	2.3713	1.9603	3.0122	1268.3	-0.044647	5.1704e-05	0.13869	supercritical
285.69	948.00	345.23	0.0028966	410.17	684.77	2.3819	1.9612	3.0126	1266.0	-0.044559	5.1502e-05	0.13834	supercritical
286.69	948.00	344.59	0.0029020	412.67	687.78	2.3924	1.9621	3.0131	1263.8	-0.044471	5.1301e-05	0.13799	supercritical
287.69	948.00	343.94	0.0029075	415.17	690.80	2.4029	1.9630	3.0136	1261.5	-0.044383	5.1103e-05	0.13764	supercritical
288.69	948.00	343.29	0.0029130	417.66	693.81	2.4134	1.9639	3.0141	1259.3	-0.044295	5.0906e-05	0.13730	supercritical
289.69	948.00	342.65	0.0029184	420.16	696.83	2.4238	1.9649	3.0147	1257.1	-0.044206	5.0712e-05	0.13696	supercritical
290.69	948.00	342.01	0.0029239	422.65	699.84	2.4342	1.9659	3.0152	1254.9	-0.044118	5.0519e-05	0.13662	supercritical
291.69	948.00	341.37	0.0029294	425.15	702.86	2.4445	1.9669	3.0158	1252.7	-0.044030	5.0328e-05	0.13629	supercritical
292.69	948.00	340.73	0.0029349	427.65	705.87	2.4549	1.9680	3.0164	1250.6	-0.043941	5.0139e-05	0.13596	supercritical
293.69	948.00	340.09	0.0029404	430.14	708.89	2.4651	1.9691	3.0170	1248.4	-0.043853	4.9952e-05	0.13563	supercritical
294.69	948.00	339.46	0.0029459	432.63	711.91	2.4754	1.9702	3.0176	1246.3	-0.043764	4.9767e-05	0.13531	supercritical
295.69	948.00	338.82	0.0029514	435.13	714.92	2.4856	1.9713	3.0182	1244.1	-0.043676	4.9583e-05	0.13499	supercritical
296.69	948.00	338.19	0.0029569	437.62	717.94	2.4958	1.9725	3.0189	1242.0	-0.043587	4.9402e-05	0.13468	supercritical
297.69	948.00	337.56	0.0029625	440.12	720.96	2.5060	1.9736	3.0195	1239.9	-0.043499	4.9222e-05	0.13437	supercritical
298.69	948.00	336.92	0.0029680	442.61	723.98	2.5161	1.9748	3.0202	1237.8	-0.043410	4.9043e-05	0.13406	supercritical
299.69	948.00	336.30	0.0029736	445.11	727.00	2.5262	1.9761	3.0209	1235.8	-0.043322	4.8867e-05	0.13375	supercritical
300.69	948.00	335.67	0.0029791	447.60	730.02	2.5363	1.9773	3.0216	1233.7	-0.043233	4.8692e-05	0.13345	supercritical
301.69	948.00	335.04	0.0029847	450.10	733.05	2.5463	1.9786	3.0223	1231.6	-0.043145	4.8519e-05	0.13315	supercritical
302.69	948.00	334.42	0.0029903	452.59	736.07	2.5563	1.9799	3.0231	1229.6	-0.043056	4.8348e-05	0.13286	supercritical
303.69	948.00	333.79	0.0029959	455.08	739.09	2.5663	1.9812	3.0238	1227.6	-0.042968	4.8178e-05	0.13257	supercritical
304.69	948.00	333.17	0.0030014	457.58	742.12	2.5762	1.9825	3.0246	1225.6	-0.042880	4.8010e-05	0.13228	supercritical
305.69	948.00	332.55	0.0030070	460.07	745.14	2.5861	1.9839	3.0254	1223.6	-0.042791	4.7844e-05	0.13199	supercritical
306.69	948.00	331.93	0.0030127	462.57	748.17	2.5960	1.9853	3.0262	1221.6	-0.042703	4.7679e-05	0.13171	supercritical
307.69	948.00	331.32	0.0030183	465.06	751.19	2.6059	1.9867	3.0270	1219.6	-0.042615	4.7515e-05	0.13143	supercritical
308.69	948.00	330.70	0.0030239	467.56	754.22	2.6157	1.9881	3.0278	1217.6	-0.042527	4.7354e-05	0.13115	supercritical
309.69	948.00	330.09	0.0030295	470.05	757.25	2.6255	1.9895	3.0287	1215.7	-0.042439	4.7193e-05	0.13088	supercritical
310.69	948.00	329.47	0.0030351	472.55	760.28	2.6352	1.9910	3.0295	1213.7	-0.042351	4.7035e-05	0.13061	supercritical
311.69	948.00	328.86	0.0030408	475.04	763.31	2.6450	1.9925	3.0304	1211.8	-0.042263	4.6878e-05	0.13035	supercritical
312.69	948.00	328.25	0.0030464	477.54	766.34	2.6547	1.9940	3.0313	1209.9	-0.042175	4.6722e-05	0.13008	supercritical
313.69	948.00	327.64	0.0030521	480.03	769.37	2.6644	1.9956	3.0322	1208.0	-0.042087	4.6568e-05	0.12982	supercritical
314.69	948.00	327.04	0.0030578	482.53	772.40	2.6740	1.9971	3.0331	1206.1	-0.042000	4.6415e-05	0.12956	supercritical
315.69	948.00	326.43	0.0030634	485.02	775.44	2.6836	1.9987	3.0340	1204.2	-0.041912	4.6264e-05	0.12931	supercritical
316.69	948.00	325.83	0.0030691	487.52	778.47	2.6932	2.0003	3.0350	1202.4	-0.041825	4.6114e-05	0.12906	supercritical
317.69	948.00	325.22	0.0030748	490.01	781.51	2.7028	2.0019	3.0359	1200.5	-0.041737	4.5966e-05	0.12881	supercritical
318.69	948.00	324.62	0.0030805	492.51	784.54	2.7124	2.0036	3.0369	1198.7	-0.041650	4.5819e-05	0.12857	supercritical
319.69	948.00	324.02	0.0030862	495.01	787.58	2.7219	2.0052	3.0379	1196.9	-0.041563	4.5673e-05	0.12832	supercritical
320.69	948.00	323.43	0.0030919	497.51	790.62	2.7314	2.0069	3.0389	1195.0	-0.041477	4.5529e-05	0.12808	supercritical
321.69	948.00	322.83	0.0030976	500.00	793.66	2.7408	2.0086	3.0399	1193.2	-0.041390	4.5386e-05	0.12785	supercritical
322.69	948.00	322.23	0.0031033	502.50	796.70	2.7503	2.0104	3.0409	1191.4	-0.041303	4.5244e-05	0.12762	supercritical
323.69	948.00	321.64	0.0031091	505.00	799.74	2.7597	2.0121	3.0419	1189.7	-0.041217	4.5104e-05	0.12738	supercritical
324.69	948.00	321.05	0.0031148	507.50	802.78	2.7691	2.0139	3.0430	1187.9	-0.041131	4.4965e-05	0.12716	supercritical
325.69	948.00	320.46	0.0031205	510.00	805.83	2.7784	2.0157	3.0441	1186.1	-0.041045	4.4827e-05	0.12693	supercritical
326.69	948.00	319.87	0.0031263	512.50	808.87	2.7877	2.0175	3.0452	1184.4	-0.040959	4.4691e-05	0.12671	supercritical
327.69	948.00	319.28	0.0031320	515.00	811.92	2.7971	2.0193	3.0462	1182.7	-0.040873	4.4556e-05	0.12649	supercritical
328.69	948.00	318.69	0.0031378	517.50	814.96	2.8063	2.0211	3.0474	1180.9	-0.040788	4.4422e-05	0.12628	supercritical
329.69	948.00	318.11	0.0031436	520.00	818.01	2.8156	2.0230	3.0485	1179.2	-0.040702	4.4290e-05	0.12606	supercritical
330.69	948.00	317.53	0.0031494	522.50	821.06	2.8248	2.0249	3.0496	1177.5	-0.040617	4.4159e-05	0.12585	supercritical
331.69	948.00	316.94	0.0031551	525.00	824.11	2.8340	2.0268	3.0508	1175.8	-0.040532	4.4028e-05	0.12564	supercritical
332.69	948.00	316.36	0.0031609	527.51	827.16	2.8432	2.0287	3.0519	1174.2	-0.040448	4.3900e-05	0.12544	supercritical
333.69	948.00	315.78	0.0031667	530.01	830.21	2.8524	2.0306	3.0531	1172.5	-0.040363	4.3772e-05	0.12524	supercritical
334.69	948.00	315.21	0.0031725	532.51	833.27	2.8615	2.0326	3.0543	1170.9	-0.040279	4.3646e-05	0.12504	supercritical
335.69	948.00	314.63	0.0031783	535.02	836.32	2.8706	2.0346	3.0555	1169.2	-0.040195	4.3520e-05	0.12484	supercritical
336.69	948.00	314.06	0.0031841	537.52	839.38	2.8797	2.0365	3.0567	1167.6	-0.040111	4.3396e-05	0.12464	supercritical
337.69	948.00	313.48	0.0031900	540.03	842.44	2.8888	2.0386	3.0579	1166.0	-0.040028	4.3273e-05	0.12445	supercritical
338.69	948.00	312.91	0.0031958	542.53	845.49	2.8978	2.0406	3.0591	1164.4	-0.039944	4.3151e-05	0.12426	supercritical
339.69	948.00	312.34	0.0032016	545.04	848.55	2.9069	2.0426	3.0604	1162.8	-0.039861	4.3031e-05	0.12408	supercritical
340.69	948.00	311.77	0.0032074	547.55	851.61	2.9159	2.0447	3.0616	1161.2	-0.039778	4.2911e-05	0.12389	supercritical
341.69	948.00	311.21	0.0032133	550.06	854.68	2.9248	2.0468	3.0629	1159.6	-0.039696	4.2792e-05	0.12371	supercritical
342.69	948.00	310.64	0.0032191	552.57	857.74	2.9338	2.0489	3.0642	1158.0	-0.039613	4.2675e-05	0.12353	supercritical
343.69	948.00	310.08	0.0032250	555.08	860.81	2.9427	2.0510	3.0655	1156.5	-0.039531	4.2559e-05	0.12336	supercritical
344.69	948.00	309.52	0.0032309	557.59	863.87	2.9516	2.0531	3.0668	1154.9	-0.039450	4.2444e-05	0.12318	supercritical
345.69	948.00	308.95	0.0032367	560.10	866.94	2.9605	2.0552	3.0681	1153.4	-0.039368	4.2329e-05	0.12301	supercritical
346.69	948.00	308.40	0.0032426	562.61	870.01	2.9694	2.0574	3.0695	1151.9	-0.039287	4.2216e-05	0.12284	supercritical
347.69	948.00	307.84	0.0032485	565.12	873.08	2.9782	2.0596	3.0708	1150.4	-0.039206	4.2104e-05	0.12268	supercritical
348.69	948.00	307.28	0.0032544	567.64	876.15	2.9870	2.0618	3.0722	1148.9	-0.039125	4.1993e-05	0.12251	supercritical
349.69	948.00	306.73	0.0032602	570.15	879.22	2.9958	2.0640	3.0735	1147.4	-0.039045	4.1883e-05	0.12235	supercritical
350.69	948.00	306.17	0.0032661	572.67	882.30	3.0046	2.0662	3.0749	1145.9	-0.038964	4.1774e-05	0.12219	supercritical
351.69	948.00	305.62	0.0032720	575.18	885.37	3.0134	2.0684	3.0763	1144.5	-0.038884	4.1666e-05	0.12203	supercritical
352.69	948.00	305.07	0.0032779	577.70	888.45	3.0221	2.0707	3.0777	1143.0	-0.038805	4.1559e-05	0.12188	supercritical
353.69	948.00	304.52	0.0032838	580.22	891.53	3.0308	2.0730	3.0791	1141.6	-0.038726	4.1453e-05	0.12173	supercritical
354.69	948.00	303.97	0.0032898	582.74	894.61	3.0395	2.0753	3.0805	1140.1	-0.038647	4.1348e-05	0.12158	supercritical
355.69	948.00	303.43	0.0032957	585.26	897.69	3.0482	2.0776	3.0820	1138.7	-0.038568	4.1244e-05	0.12143	supercritical
356.69	948.00	302.88	0.0033016	587.78	900.77	3.0569	2.0799	3.0834	1137.3	-0.038490	4.1141e-05	0.12129	supercritical
357.69	948.00	302.34	0.0033075	590.30	903.86	3.0655	2.0822	3.0849	1135.9	-0.038411	4.1039e-05	0.12115	supercritical
358.69	948.00	301.80	0.0033135	592.82	906.94	3.0741	2.0846	3.0864	1134.5	-0.038334	4.0937e-05	0.12100	supercritical
359.69	948.00	301.26	0.0033194	595.35	910.03	3.0827	2.0869	3.0878	1133.1	-0.038256	4.0837e-05	0.12087	supercritical
360.69	948.00	300.72	0.0033254	597.87	913.12	3.0913	2.0893	3.0893	1131.7	-0.038179	4.0737e-05	0.12073	supercritical
361.69	948.00	300.18	0.0033313	600.40	916.21	3.0998	2.0917	3.0908	1130.4	-0.038102	4.0639e-05	0.12060	supercritical
362.69	948.00	299.65	0.0033373	602.92	919.30	3.1084	2.0941	3.0924	1129.0	-0.038026	4.0541e-05	0.12047	supercritical
363.69	948.00	299.11	0.0033432	605.45	922.39	3.1169	2.0965	3.0939	1127.7	-0.037950	4.0445e-05	0.12034	supercritical
364.69	948.00	298.58	0.0033492	607.98	925.49	3.1254	2.0989	3.0954	1126.3	-0.037874	4.0349e-05	0.12021	supercritical
365.69	948.00	298.05	0.0033552	610.51	928.58	3.1339	2.1014	3.0970	1125.0	-0.037798	4.0254e-05	0.12009	supercritical
366.69	948.00	297.52	0.0033612	613.04	931.68	3.1423	2.1038	3.0985	1123.7	-0.037723	4.0160e-05	0.11996	supercritical
367.69	948.00	296.99	0.0033671	615.58	934.78	3.1508	2.1063	3.1001	1122.4	-0.037648	4.0067e-05	0.11984	supercritical
368.69	948.00	296.46	0.0033731	618.11	937.88	3.1592	2.1088	3.1017	1121.1	-0.037574	3.9974e-05	0.11973	supercritical
369.69	948.00	295.94	0.0033791	620.64	940.98	3.1676	2.1113	3.1032	1119.8	-0.037499	3.9883e-05	0.11961	supercritical
370.69	948.00	295.41	0.0033851	623.18	944.09	3.1760	2.1138	3.1048	1118.5	-0.037425	3.9792e-05	0.11950	supercritical
371.69	948.00	294.89	0.0033911	625.72	947.19	3.1843	2.1163	3.1064	1117.3	-0.037352	3.9702e-05	0.11938	supercritical
372.69	948.00	294.37	0.0033971	628.25	950.30	3.1927	2.1189	3.1081	1116.0	-0.037279	3.9613e-05	0.11927	supercritical
373.69	948.00	293.85	0.0034031	630.79	953.41	3.2010	2.1214	3.1097	1114.8	-0.037206	3.9525e-05	0.11917	supercritical
374.69	948.00	293.33	0.0034091	633.33	956.52	3.2093	2.1240	3.1113	1113.5	-0.037134	3.9437e-05	0.11906	supercritical
375.69	948.00	292.81	0.0034151	635.88	959.63	3.2176	2.1265	3.1130	1112.3	-0.037061	3.9351e-05	0.11896	supercritical
376.69	948.00	292.30	0.0034212	638.42	962.75	3.2259	2.1291	3.1146	1111.1	-0.036990	3.9265e-05	0.11886	supercritical
377.69	948.00	291.78	0.0034272	640.96	965.86	3.2342	2.1317	3.1163	1109.9	-0.036918	3.9180e-05	0.11876	supercritical
378.69	948.00	291.27	0.0034332	643.51	968.98	3.2424	2.1343	3.1180	1108.7	-0.036847	3.9095e-05	0.11866	supercritical
379.69	948.00	290.76	0.0034393	646.06	972.10	3.2506	2.1370	3.1197	1107.5	-0.036776	3.9012e-05	0.11856	supercritical
380.69	948.00	290.25	0.0034453	648.60	975.22	3.2588	2.1396	3.1214	1106.3	-0.036706	3.8929e-05	0.11847	supercritical
381.69	948.00	289.74	0.0034513	651.15	978.34	3.2670	2.1422	3.1231	1105.1	-0.036636	3.8847e-05	0.11838	supercritical
382.69	948.00	289.24	0.0034574	653.70	981.46	3.2752	2.1449	3.1248	1104.0	-0.036566	3.8766e-05	0.11829	supercritical
383.69	948.00	288.73	0.0034634	656.26	984.59	3.2833	2.1476	3.1265	1102.8	-0.036497	3.8685e-05	0.11820	supercritical
384.69	948.00	288.23	0.0034695	658.81	987.72	3.2915	2.1502	3.1282	1101.7	-0.036428	3.8606e-05	0.11812	supercritical
385.69	948.00	287.72	0.0034755	661.36	990.85	3.2996	2.1529	3.1300	1100.5	-0.036360	3.8526e-05	0.11803	supercritical
386.69	948.00	287.22	0.0034816	663.92	993.98	3.3077	2.1556	3.1317	1099.4	-0.036291	3.8448e-05	0.11795	supercritical
387.69	948.00	286.72	0.0034877	666.48	997.11	3.3158	2.1583	3.1335	1098.3	-0.036223	3.8370e-05	0.11787	supercritical
388.69	948.00	286.23	0.0034937	669.04	1000.2	3.3239	2.1611	3.1353	1097.2	-0.036156	3.8294e-05	0.11779	supercritical
389.69	948.00	285.73	0.0034998	671.60	1003.4	3.3319	2.1638	3.1370	1096.1	-0.036089	3.8217e-05	0.11772	supercritical
390.69	948.00	285.23	0.0035059	674.16	1006.5	3.3400	2.1665	3.1388	1095.0	-0.036022	3.8142e-05	0.11764	supercritical
391.69	948.00	284.74	0.0035120	676.72	1009.7	3.3480	2.1693	3.1406	1093.9	-0.035956	3.8067e-05	0.11757	supercritical
392.69	948.00	284.25	0.0035181	679.29	1012.8	3.3560	2.1720	3.1424	1092.8	-0.035890	3.7993e-05	0.11750	supercritical
393.69	948.00	283.76	0.0035242	681.85	1015.9	3.3640	2.1748	3.1442	1091.8	-0.035824	3.7919e-05	0.11743	supercritical
394.69	948.00	283.27	0.0035302	684.42	1019.1	3.3720	2.1776	3.1461	1090.7	-0.035759	3.7846e-05	0.11736	supercritical
395.69	948.00	282.78	0.0035363	686.99	1022.2	3.3800	2.1804	3.1479	1089.7	-0.035694	3.7774e-05	0.11730	supercritical
396.69	948.00	282.29	0.0035424	689.56	1025.4	3.3879	2.1832	3.1497	1088.6	-0.035629	3.7703e-05	0.11723	supercritical
397.69	948.00	281.81	0.0035485	692.13	1028.5	3.3958	2.1860	3.1516	1087.6	-0.035565	3.7632e-05	0.11717	supercritical
398.69	948.00	281.32	0.0035547	694.71	1031.7	3.4038	2.1888	3.1534	1086.6	-0.035501	3.7562e-05	0.11711	supercritical
399.69	948.00	280.84	0.0035608	697.28	1034.8	3.4117	2.1917	3.1553	1085.6	-0.035438	3.7492e-05	0.11705	supercritical
400.69	948.00	280.36	0.0035669	699.86	1038.0	3.4195	2.1945	3.1572	1084.5	-0.035375	3.7423e-05	0.11699	supercritical
401.69	948.00	279.88	0.0035730	702.44	1041.2	3.4274	2.1973	3.1591	1083.5	-0.035312	3.7355e-05	0.11694	supercritical
402.69	948.00	279.40	0.0035791	705.02	1044.3	3.4353	2.2002	3.1610	1082.6	-0.035250	3.7287e-05	0.11689	supercritical
403.69	948.00	278.92	0.0035852	707.60	1047.5	3.4431	2.2031	3.1629	1081.6	-0.035188	3.7220e-05	0.11683	supercritical
404.69	948.00	278.45	0.0035914	710.18	1050.6	3.4509	2.2059	3.1648	1080.6	-0.035126	3.7154e-05	0.11678	supercritical
405.69	948.00	277.97	0.0035975	712.76	1053.8	3.4588	2.2088	3.1667	1079.6	-0.035065	3.7088e-05	0.11673	supercritical
406.69	948.00	277.50	0.0036036	715.35	1057.0	3.4666	2.2117	3.1686	1078.7	-0.035004	3.7023e-05	0.11669	supercritical
407.69	948.00	277.03	0.0036098	717.94	1060.1	3.4743	2.2146	3.1705	1077.7	-0.034944	3.6958e-05	0.11664	supercritical
408.69	948.00	276.56	0.0036159	720.53	1063.3	3.4821	2.2175	3.1725	1076.8	-0.034884	3.6894e-05	0.11660	supercritical
409.69	948.00	276.09	0.0036220	723.12	1066.5	3.4899	2.2205	3.1744	1075.8	-0.034824	3.6831e-05	0.11656	supercritical
410.69	948.00	275.62	0.0036282	725.71	1069.7	3.4976	2.2234	3.1764	1074.9	-0.034765	3.6768e-05	0.11652	supercritical
411.69	948.00	275.15	0.0036343	728.31	1072.8	3.5053	2.2263	3.1783	1074.0	-0.034706	3.6705e-05	0.11648	supercritical
412.69	948.00	274.69	0.0036405	730.90	1076.0	3.5130	2.2293	3.1803	1073.1	-0.034647	3.6644e-05	0.11644	supercritical
413.69	948.00	274.23	0.0036466	733.50	1079.2	3.5207	2.2322	3.1823	1072.2	-0.034589	3.6583e-05	0.11640	supercritical
414.69	948.00	273.76	0.0036528	736.10	1082.4	3.5284	2.2352	3.1843	1071.3	-0.034531	3.6522e-05	0.11637	supercritical
415.69	948.00	273.30	0.0036589	738.70	1085.6	3.5361	2.2381	3.1862	1070.4	-0.034473	3.6462e-05	0.11634	supercritical
416.69	948.00	272.84	0.0036651	741.31	1088.8	3.5438	2.2411	3.1882	1069.5	-0.034416	3.6402e-05	0.11631	supercritical
417.69	948.00	272.39	0.0036713	743.91	1091.9	3.5514	2.2441	3.1903	1068.6	-0.034359	3.6343e-05	0.11628	supercritical
418.69	948.00	271.93	0.0036774	746.52	1095.1	3.5590	2.2471	3.1923	1067.8	-0.034303	3.6285e-05	0.11625	supercritical
419.69	948.00	271.47	0.0036836	749.13	1098.3	3.5667	2.2501	3.1943	1066.9	-0.034247	3.6227e-05	0.11622	supercritical
420.69	948.00	271.02	0.0036898	751.74	1101.5	3.5743	2.2531	3.1963	1066.0	-0.034191	3.6170e-05	0.11620	supercritical
421.69	948.00	270.57	0.0036959	754.35	1104.7	3.5818	2.2561	3.1984	1065.2	-0.034136	3.6113e-05	0.11617	supercritical
422.69	948.00	270.12	0.0037021	756.96	1107.9	3.5894	2.2591	3.2004	1064.4	-0.034081	3.6057e-05	0.11615	supercritical
423.69	948.00	269.67	0.0037083	759.58	1111.1	3.5970	2.2621	3.2024	1063.5	-0.034026	3.6001e-05	0.11613	supercritical
424.69	948.00	269.22	0.0037145	762.20	1114.3	3.6045	2.2652	3.2045	1062.7	-0.033972	3.5946e-05	0.11611	supercritical
425.69	948.00	268.77	0.0037207	764.81	1117.5	3.6121	2.2682	3.2066	1061.9	-0.033918	3.5891e-05	0.11609	supercritical
426.69	948.00	268.32	0.0037269	767.44	1120.7	3.6196	2.2712	3.2086	1061.1	-0.033865	3.5837e-05	0.11608	supercritical
427.69	948.00	267.88	0.0037330	770.06	1124.0	3.6271	2.2743	3.2107	1060.3	-0.033812	3.5783e-05	0.11606	supercritical
428.69	948.00	267.43	0.0037392	772.68	1127.2	3.6346	2.2774	3.2128	1059.5	-0.033759	3.5730e-05	0.11605	supercritical
429.69	948.00	266.99	0.0037454	775.31	1130.4	3.6421	2.2804	3.2149	1058.7	-0.033706	3.5677e-05	0.11604	supercritical
430.69	948.00	266.55	0.0037516	777.94	1133.6	3.6496	2.2835	3.2170	1057.9	-0.033654	3.5625e-05	0.11603	supercritical
431.69	948.00	266.11	0.0037578	780.57	1136.8	3.6570	2.2866	3.2191	1057.1	-0.033603	3.5573e-05	0.11602	supercritical
432.69	948.00	265.67	0.0037640	783.20	1140.0	3.6645	2.2897	3.2212	1056.3	-0.033551	3.5522e-05	0.11601	supercritical
433.69	948.00	265.24	0.0037702	785.84	1143.3	3.6719	2.2927	3.2233	1055.6	-0.033500	3.5471e-05	0.11600	supercritical
434.69	948.00	264.80	0.0037764	788.47	1146.5	3.6794	2.2958	3.2254	1054.8	-0.033450	3.5420e-05	0.11600	supercritical
435.69	948.00	264.37	0.0037826	791.11	1149.7	3.6868	2.2989	3.2276	1054.1	-0.033399	3.5371e-05	0.11599	supercritical
436.69	948.00	263.93	0.0037888	793.75	1152.9	3.6942	2.3020	3.2297	1053.3	-0.033349	3.5321e-05	0.11599	supercritical
437.69	948.00	263.50	0.0037951	796.39	1156.2	3.7016	2.3052	3.2319	1052.6	-0.033300	3.5272e-05	0.11599	supercritical
438.69	948.00	263.07	0.0038013	799.04	1159.4	3.7089	2.3083	3.2340	1051.9	-0.033251	3.5224e-05	0.11599	supercritical
439.69	948.00	262.64	0.0038075	801.68	1162.6	3.7163	2.3114	3.2362	1051.1	-0.033202	3.5176e-05	0.11599	supercritical
440.69	948.00	262.21	0.0038137	804.33	1165.9	3.7237	2.3145	3.2383	1050.4	-0.033153	3.5128e-05	0.11599	supercritical
441.69	948.00	261.79	0.0038199	806.98	1169.1	3.7310	2.3177	3.2405	1049.7	-0.033105	3.5081e-05	0.11599	supercritical
442.69	948.00	261.36	0.0038261	809.63	1172.3	3.7383	2.3208	3.2427	1049.0	-0.033057	3.5034e-05	0.11600	supercritical
443.69	948.00	260.94	0.0038324	812.29	1175.6	3.7457	2.3240	3.2448	1048.3	-0.033009	3.4988e-05	0.11601	supercritical
444.69	948.00	260.51	0.0038386	814.94	1178.8	3.7530	2.3271	3.2470	1047.6	-0.032962	3.4942e-05	0.11601	supercritical
445.69	948.00	260.09	0.0038448	817.60	1182.1	3.7603	2.3303	3.2492	1046.9	-0.032915	3.4897e-05	0.11602	supercritical
446.69	948.00	259.67	0.0038510	820.26	1185.3	3.7675	2.3334	3.2514	1046.2	-0.032869	3.4852e-05	0.11603	supercritical
447.69	948.00	259.25	0.0038573	822.92	1188.6	3.7748	2.3366	3.2536	1045.6	-0.032823	3.4807e-05	0.11604	supercritical
448.69	948.00	258.83	0.0038635	825.59	1191.8	3.7821	2.3398	3.2558	1044.9	-0.032777	3.4763e-05	0.11606	supercritical
449.69	948.00	258.42	0.0038697	828.25	1195.1	3.7893	2.3429	3.2581	1044.2	-0.032731	3.4719e-05	0.11607	supercritical
450.69	948.00	258.00	0.0038760	830.92	1198.4	3.7966	2.3461	3.2603	1043.6	-0.032686	3.4676e-05	0.11608	supercritical
451.69	948.00	257.59	0.0038822	833.59	1201.6	3.8038	2.3493	3.2625	1042.9	-0.032641	3.4633e-05	0.11610	supercritical
452.69	948.00	257.17	0.0038884	836.26	1204.9	3.8110	2.3525	3.2647	1042.3	-0.032597	3.4591e-05	0.11612	supercritical
453.69	948.00	256.76	0.0038947	838.94	1208.2	3.8182	2.3557	3.2670	1041.7	-0.032553	3.4549e-05	0.11614	supercritical
454.69	948.00	256.35	0.0039009	841.61	1211.4	3.8254	2.3589	3.2692	1041.0	-0.032509	3.4507e-05	0.11616	supercritical
455.69	948.00	255.94	0.0039072	844.29	1214.7	3.8326	2.3621	3.2715	1040.4	-0.032465	3.4466e-05	0.11618	supercritical
456.69	948.00	255.53	0.0039134	846.97	1218.0	3.8398	2.3653	3.2737	1039.8	-0.032422	3.4425e-05	0.11620	supercritical
457.69	948.00	255.12	0.0039197	849.65	1221.2	3.8469	2.3685	3.2760	1039.2	-0.032379	3.4384e-05	0.11622	supercritical
458.69	948.00	254.72	0.0039259	852.34	1224.5	3.8541	2.3717	3.2783	1038.6	-0.032337	3.4344e-05	0.11625	supercritical
459.69	948.00	254.31	0.0039321	855.03	1227.8	3.8612	2.3749	3.2805	1038.0	-0.032295	3.4304e-05	0.11627	supercritical
460.69	948.00	253.91	0.0039384	857.72	1231.1	3.8684	2.3782	3.2828	1037.4	-0.032253	3.4265e-05	0.11630	supercritical
461.69	948.00	253.51	0.0039446	860.41	1234.4	3.8755	2.3814	3.2851	1036.8	-0.032211	3.4226e-05	0.11632	supercritical
462.69	948.00	253.11	0.0039509	863.10	1237.6	3.8826	2.3846	3.2874	1036.2	-0.032170	3.4187e-05	0.11635	supercritical
463.69	948.00	252.71	0.0039572	865.80	1240.9	3.8897	2.3879	3.2897	1035.6	-0.032129	3.4149e-05	0.11638	supercritical
464.69	948.00	252.31	0.0039634	868.49	1244.2	3.8968	2.3911	3.2920	1035.0	-0.032088	3.4111e-05	0.11641	supercritical
465.69	948.00	251.91	0.0039697	871.19	1247.5	3.9039	2.3944	3.2943	1034.5	-0.032048	3.4074e-05	0.11645	supercritical
466.69	948.00	251.51	0.0039759	873.90	1250.8	3.9109	2.3976	3.2966	1033.9	-0.032008	3.4037e-05	0.11648	supercritical
467.69	948.00	251.12	0.0039822	876.60	1254.1	3.9180	2.4009	3.2989	1033.3	-0.031968	3.4000e-05	0.11651	supercritical
468.69	948.00	250.72	0.0039884	879.31	1257.4	3.9250	2.4041	3.3012	1032.8	-0.031929	3.3963e-05	0.11655	supercritical
469.69	948.00	250.33	0.0039947	882.02	1260.7	3.9321	2.4074	3.3035	1032.2	-0.031890	3.3927e-05	0.11658	supercritical
470.69	948.00	249.94	0.0040010	884.73	1264.0	3.9391	2.4106	3.3059	1031.7	-0.031851	3.3892e-05	0.11662	supercritical
471.69	948.00	249.55	0.0040072	887.44	1267.3	3.9461	2.4139	3.3082	1031.1	-0.031812	3.3856e-05	0.11666	supercritical
472.69	948.00	249.16	0.0040135	890.16	1270.6	3.9531	2.4172	3.3105	1030.6	-0.031774	3.3821e-05	0.11670	supercritical
473.69	948.00	248.77	0.0040198	892.87	1273.9	3.9601	2.4204	3.3129	1030.1	-0.031736	3.3786e-05	0.11674	supercritical
474.69	948.00	248.38	0.0040260	895.59	1277.3	3.9671	2.4237	3.3152	1029.6	-0.031699	3.3752e-05	0.11678	supercritical
475.69	948.00	248.00	0.0040323	898.32	1280.6	3.9741	2.4270	3.3176	1029.0	-0.031661	3.3718e-05	0.11682	supercritical
476.69	948.00	247.61	0.0040386	901.04	1283.9	3.9811	2.4303	3.3199	1028.5	-0.031624	3.3684e-05	0.11687	supercritical
477.69	948.00	247.23	0.0040448	903.77	1287.2	3.9880	2.4336	3.3223	1028.0	-0.031588	3.3651e-05	0.11691	supercritical
478.69	948.00	246.85	0.0040511	906.50	1290.5	3.9950	2.4369	3.3247	1027.5	-0.031551	3.3618e-05	0.11695	supercritical
479.69	948.00	246.46	0.0040574	909.23	1293.9	4.0019	2.4401	3.3270	1027.0	-0.031515	3.3585e-05	0.11700	supercritical
480.69	948.00	246.08	0.0040637	911.96	1297.2	4.0088	2.4434	3.3294	1026.5	-0.031479	3.3553e-05	0.11705	supercritical
481.69	948.00	245.70	0.0040699	914.70	1300.5	4.0158	2.4467	3.3318	1026.0	-0.031444	3.3521e-05	0.11710	supercritical
482.69	948.00	245.33	0.0040762	917.43	1303.9	4.0227	2.4500	3.3342	1025.6	-0.031408	3.3489e-05	0.11715	supercritical
483.69	948.00	244.95	0.0040825	920.17	1307.2	4.0296	2.4533	3.3366	1025.1	-0.031373	3.3458e-05	0.11720	supercritical
484.69	948.00	244.57	0.0040888	922.92	1310.5	4.0365	2.4566	3.3390	1024.6	-0.031339	3.3427e-05	0.11725	supercritical
485.69	948.00	244.20	0.0040950	925.66	1313.9	4.0434	2.4600	3.3414	1024.1	-0.031304	3.3396e-05	0.11730	supercritical
486.69	948.00	243.82	0.0041013	928.41	1317.2	4.0502	2.4633	3.3438	1023.7	-0.031270	3.3365e-05	0.11735	supercritical
487.69	948.00	243.45	0.0041076	931.16	1320.6	4.0571	2.4666	3.3462	1023.2	-0.031236	3.3335e-05	0.11741	supercritical
488.69	948.00	243.08	0.0041139	933.91	1323.9	4.0640	2.4699	3.3486	1022.8	-0.031203	3.3305e-05	0.11746	supercritical
489.69	948.00	242.71	0.0041201	936.67	1327.3	4.0708	2.4732	3.3510	1022.3	-0.031169	3.3276e-05	0.11752	supercritical
490.69	948.00	242.34	0.0041264	939.42	1330.6	4.0776	2.4765	3.3534	1021.9	-0.031136	3.3247e-05	0.11757	supercritical
491.69	948.00	241.97	0.0041327	942.18	1334.0	4.0845	2.4799	3.3558	1021.4	-0.031103	3.3218e-05	0.11763	supercritical
492.69	948.00	241.60	0.0041390	944.94	1337.3	4.0913	2.4832	3.3583	1021.0	-0.031071	3.3189e-05	0.11769	supercritical
493.69	948.00	241.24	0.0041453	947.71	1340.7	4.0981	2.4865	3.3607	1020.6	-0.031039	3.3161e-05	0.11775	supercritical
494.69	948.00	240.87	0.0041516	950.47	1344.0	4.1049	2.4898	3.3631	1020.1	-0.031006	3.3132e-05	0.11781	supercritical
495.69	948.00	240.51	0.0041578	953.24	1347.4	4.1117	2.4932	3.3656	1019.7	-0.030975	3.3105e-05	0.11787	supercritical
496.69	948.00	240.15	0.0041641	956.01	1350.8	4.1185	2.4965	3.3680	1019.3	-0.030943	3.3077e-05	0.11793	supercritical
497.69	948.00	239.78	0.0041704	958.79	1354.1	4.1253	2.4998	3.3705	1018.9	-0.030912	3.3050e-05	0.11799	supercritical
498.69	948.00	239.42	0.0041767	961.56	1357.5	4.1320	2.5032	3.3729	1018.5	-0.030881	3.3023e-05	0.11806	supercritical
499.69	948.00	239.06	0.0041830	964.34	1360.9	4.1388	2.5065	3.3754	1018.1	-0.030850	3.2996e-05	0.11812	supercritical
500.69	948.00	238.70	0.0041893	967.12	1364.3	4.1455	2.5099	3.3778	1017.7	-0.030820	3.2970e-05	0.11819	supercritical
501.69	948.00	238.35	0.0041956	969.90	1367.6	4.1523	2.5132	3.3803	1017.3	-0.030790	3.2944e-05	0.11825	supercritical
502.69	948.00	237.99	0.0042019	972.69	1371.0	4.1590	2.5166	3.3828	1016.9	-0.030760	3.2918e-05	0.11832	supercritical
503.69	948.00	237.63	0.0042081	975.48	1374.4	4.1657	2.5199	3.3852	1016.5	-0.030730	3.2892e-05	0.11839	supercritical
504.69	948.00	237.28	0.0042144	978.27	1377.8	4.1725	2.5233	3.3877	1016.1	-0.030700	3.2867e-05	0.11846	supercritical
505.69	948.00	236.93	0.0042207	981.06	1381.2	4.1792	2.5266	3.3902	1015.7	-0.030671	3.2842e-05	0.11853	supercritical
506.69	948.00	236.57	0.0042270	983.86	1384.6	4.1859	2.5300	3.3927	1015.4	-0.030642	3.2817e-05	0.11860	supercritical
507.69	948.00	236.22	0.0042333	986.65	1388.0	4.1926	2.5333	3.3952	1015.0	-0.030613	3.2792e-05	0.11867	supercritical
508.69	948.00	235.87	0.0042396	989.45	1391.4	4.1992	2.5367	3.3977	1014.6	-0.030585	3.2768e-05	0.11874	supercritical
509.69	948.00	235.52	0.0042459	992.26	1394.8	4.2059	2.5400	3.4002	1014.3	-0.030557	3.2744e-05	0.11881	supercritical
510.69	948.00	235.17	0.0042522	995.06	1398.2	4.2126	2.5434	3.4027	1013.9	-0.030529	3.2720e-05	0.11889	supercritical
511.69	948.00	234.83	0.0042585	997.87	1401.6	4.2192	2.5467	3.4052	1013.5	-0.030501	3.2697e-05	0.11896	supercritical
512.69	948.00	234.48	0.0042648	1000.7	1405.0	4.2259	2.5501	3.4077	1013.2	-0.030473	3.2674e-05	0.11904	supercritical
513.69	948.00	234.13	0.0042711	1003.5	1408.4	4.2325	2.5535	3.4102	1012.8	-0.030446	3.2651e-05	0.11911	supercritical
514.69	948.00	233.79	0.0042774	1006.3	1411.8	4.2392	2.5568	3.4127	1012.5	-0.030419	3.2628e-05	0.11919	supercritical
515.69	948.00	233.45	0.0042836	1009.1	1415.2	4.2458	2.5602	3.4152	1012.2	-0.030392	3.2605e-05	0.11927	supercritical
516.69	948.00	233.10	0.0042899	1011.9	1418.6	4.2524	2.5636	3.4177	1011.8	-0.030365	3.2583e-05	0.11935	supercritical
517.69	948.00	232.76	0.0042962	1014.8	1422.0	4.2590	2.5669	3.4202	1011.5	-0.030339	3.2561e-05	0.11943	supercritical
518.69	948.00	232.42	0.0043025	1017.6	1425.5	4.2656	2.5703	3.4228	1011.2	-0.030312	3.2539e-05	0.11951	supercritical
519.69	948.00	232.08	0.0043088	1020.4	1428.9	4.2722	2.5737	3.4253	1010.8	-0.030286	3.2518e-05	0.11959	supercritical
520.69	948.00	231.74	0.0043151	1023.2	1432.3	4.2788	2.5771	3.4278	1010.5	-0.030261	3.2496e-05	0.11967	supercritical
521.69	948.00	231.41	0.0043214	1026.1	1435.7	4.2854	2.5804	3.4304	1010.2	-0.030235	3.2475e-05	0.11975	supercritical
522.69	948.00	231.07	0.0043277	1028.9	1439.2	4.2920	2.5838	3.4329	1009.9	-0.030210	3.2454e-05	0.11983	supercritical
523.69	948.00	230.73	0.0043340	1031.8	1442.6	4.2985	2.5872	3.4354	1009.6	-0.030185	3.2434e-05	0.11992	supercritical
524.69	948.00	230.40	0.0043403	1034.6	1446.1	4.3051	2.5906	3.4380	1009.3	-0.030160	3.2413e-05	0.12000	supercritical
525.69	948.00	230.07	0.0043466	1037.4	1449.5	4.3116	2.5939	3.4405	1009.0	-0.030135	3.2393e-05	0.12009	supercritical
526.69	948.00	229.73	0.0043529	1040.3	1452.9	4.3182	2.5973	3.4431	1008.7	-0.030111	3.2373e-05	0.12017	supercritical
527.69	948.00	229.40	0.0043592	1043.1	1456.4	4.3247	2.6007	3.4456	1008.4	-0.030086	3.2354e-05	0.12026	supercritical
528.69	948.00	229.07	0.0043655	1046.0	1459.8	4.3312	2.6041	3.4482	1008.1	-0.030062	3.2334e-05	0.12035	supercritical
529.69	948.00	228.74	0.0043718	1048.8	1463.3	4.3378	2.6075	3.4507	1007.8	-0.030038	3.2315e-05	0.12043	supercritical
530.69	948.00	228.41	0.0043781	1051.7	1466.7	4.3443	2.6109	3.4533	1007.5	-0.030015	3.2296e-05	0.12052	supercritical
531.69	948.00	228.08	0.0043844	1054.5	1470.2	4.3508	2.6142	3.4559	1007.2	-0.029991	3.2277e-05	0.12061	supercritical
532.69	948.00	227.76	0.0043907	1057.4	1473.6	4.3573	2.6176	3.4584	1007.0	-0.029968	3.2258e-05	0.12070	supercritical
533.69	948.00	227.43	0.0043970	1060.3	1477.1	4.3638	2.6210	3.4610	1006.7	-0.029945	3.2240e-05	0.12079	supercritical
534.69	948.00	227.10	0.0044033	1063.1	1480.6	4.3702	2.6244	3.4636	1006.4	-0.029922	3.2222e-05	0.12088	supercritical
535.69	948.00	226.78	0.0044096	1066.0	1484.0	4.3767	2.6278	3.4662	1006.1	-0.029899	3.2204e-05	0.12098	supercritical
536.69	948.00	226.46	0.0044159	1068.9	1487.5	4.3832	2.6312	3.4687	1005.9	-0.029877	3.2186e-05	0.12107	supercritical
537.69	948.00	226.13	0.0044222	1071.7	1491.0	4.3896	2.6346	3.4713	1005.6	-0.029855	3.2168e-05	0.12116	supercritical
538.69	948.00	225.81	0.0044285	1074.6	1494.4	4.3961	2.6379	3.4739	1005.4	-0.029832	3.2151e-05	0.12126	supercritical
539.69	948.00	225.49	0.0044347	1077.5	1497.9	4.4025	2.6413	3.4765	1005.1	-0.029811	3.2134e-05	0.12135	supercritical
540.69	948.00	225.17	0.0044410	1080.4	1501.4	4.4090	2.6447	3.4791	1004.9	-0.029789	3.2117e-05	0.12145	supercritical
541.69	948.00	224.85	0.0044473	1083.3	1504.9	4.4154	2.6481	3.4817	1004.6	-0.029767	3.2100e-05	0.12154	supercritical
542.69	948.00	224.54	0.0044536	1086.1	1508.3	4.4218	2.6515	3.4843	1004.4	-0.029746	3.2084e-05	0.12164	supercritical
543.69	948.00	224.22	0.0044599	1089.0	1511.8	4.4282	2.6549	3.4869	1004.1	-0.029725	3.2067e-05	0.12174	supercritical
544.69	948.00	223.90	0.0044662	1091.9	1515.3	4.4346	2.6583	3.4895	1003.9	-0.029704	3.2051e-05	0.12183	supercritical
545.69	948.00	223.59	0.0044725	1094.8	1518.8	4.4411	2.6617	3.4921	1003.6	-0.029683	3.2035e-05	0.12193	supercritical
546.69	948.00	223.27	0.0044788	1097.7	1522.3	4.4474	2.6651	3.4947	1003.4	-0.029662	3.2019e-05	0.12203	supercritical
547.69	948.00	222.96	0.0044851	1100.6	1525.8	4.4538	2.6685	3.4973	1003.2	-0.029642	3.2004e-05	0.12213	supercritical
548.69	948.00	222.65	0.0044914	1103.5	1529.3	4.4602	2.6719	3.4999	1003.0	-0.029622	3.1989e-05	0.12223	supercritical
549.69	948.00	222.34	0.0044977	1106.4	1532.8	4.4666	2.6753	3.5025	1002.7	-0.029602	3.1973e-05	0.12233	supercritical
550.69	948.00	222.02	0.0045040	1109.3	1536.3	4.4730	2.6786	3.5051	1002.5	-0.029582	3.1958e-05	0.12244	supercritical
551.69	948.00	221.71	0.0045103	1112.2	1539.8	4.4793	2.6820	3.5077	1002.3	-0.029562	3.1944e-05	0.12254	supercritical
552.69	948.00	221.41	0.0045166	1115.1	1543.3	4.4857	2.6854	3.5104	1002.1	-0.029542	3.1929e-05	0.12264	supercritical
553.69	948.00	221.10	0.0045229	1118.1	1546.8	4.4920	2.6888	3.5130	1001.9	-0.029523	3.1914e-05	0.12275	supercritical
554.69	948.00	220.79	0.0045292	1121.0	1550.3	4.4984	2.6922	3.5156	1001.7	-0.029504	3.1900e-05	0.12285	supercritical
555.69	948.00	220.48	0.0045355	1123.9	1553.9	4.5047	2.6956	3.5182	1001.5	-0.029485	3.1886e-05	0.12296	supercritical
556.69	948.00	220.18	0.0045418	1126.8	1557.4	4.5110	2.6990	3.5209	1001.3	-0.029466	3.1872e-05	0.12306	supercritical
557.69	948.00	219.87	0.0045481	1129.7	1560.9	4.5174	2.7024	3.5235	1001.1	-0.029447	3.1859e-05	0.12317	supercritical
558.69	948.00	219.57	0.0045544	1132.7	1564.4	4.5237	2.7058	3.5261	1000.9	-0.029428	3.1845e-05	0.12327	supercritical
559.69	948.00	219.27	0.0045607	1135.6	1568.0	4.5300	2.7092	3.5288	1000.7	-0.029410	3.1832e-05	0.12338	supercritical
560.69	948.00	218.96	0.0045670	1138.5	1571.5	4.5363	2.7126	3.5314	1000.5	-0.029392	3.1818e-05	0.12349	supercritical
561.69	948.00	218.66	0.0045733	1141.5	1575.0	4.5426	2.7160	3.5340	1000.3	-0.029374	3.1805e-05	0.12360	supercritical
562.69	948.00	218.36	0.0045795	1144.4	1578.6	4.5489	2.7194	3.5367	1000.1	-0.029356	3.1793e-05	0.12371	supercritical
563.69	948.00	218.06	0.0045858	1147.4	1582.1	4.5551	2.7228	3.5393	999.93	-0.029338	3.1780e-05	0.12382	supercritical
564.69	948.00	217.76	0.0045921	1150.3	1585.6	4.5614	2.7262	3.5420	999.75	-0.029320	3.1767e-05	0.12393	supercritical
565.69	948.00	217.47	0.0045984	1153.2	1589.2	4.5677	2.7296	3.5446	999.57	-0.029303	3.1755e-05	0.12404	supercritical
566.69	948.00	217.17	0.0046047	1156.2	1592.7	4.5739	2.7330	3.5473	999.40	-0.029285	3.1743e-05	0.12415	supercritical
567.69	948.00	216.87	0.0046110	1159.1	1596.3	4.5802	2.7364	3.5499	999.23	-0.029268	3.1731e-05	0.12426	supercritical
568.69	948.00	216.58	0.0046173	1162.1	1599.8	4.5865	2.7398	3.5526	999.06	-0.029251	3.1719e-05	0.12437	supercritical
569.69	948.00	216.28	0.0046236	1165.1	1603.4	4.5927	2.7431	3.5552	998.89	-0.029234	3.1707e-05	0.12449	supercritical
570.69	948.00	215.99	0.0046299	1168.0	1606.9	4.5989	2.7465	3.5579	998.73	-0.029218	3.1696e-05	0.12460	supercritical
571.69	948.00	215.69	0.0046362	1171.0	1610.5	4.6052	2.7499	3.5606	998.57	-0.029201	3.1685e-05	0.12471	supercritical
572.69	948.00	215.40	0.0046425	1174.0	1614.1	4.6114	2.7533	3.5632	998.41	-0.029185	3.1673e-05	0.12483	supercritical
573.69	948.00	215.11	0.0046488	1176.9	1617.6	4.6176	2.7567	3.5659	998.26	-0.029168	3.1662e-05	0.12494	supercritical
574.69	948.00	214.82	0.0046550	1179.9	1621.2	4.6238	2.7601	3.5686	998.10	-0.029152	3.1652e-05	0.12506	supercritical
575.69	948.00	214.53	0.0046613	1182.9	1624.8	4.6300	2.7635	3.5712	997.95	-0.029136	3.1641e-05	0.12518	supercritical
576.69	948.00	214.24	0.0046676	1185.8	1628.3	4.6362	2.7669	3.5739	997.80	-0.029120	3.1630e-05	0.12529	supercritical
577.69	948.00	213.95	0.0046739	1188.8	1631.9	4.6424	2.7703	3.5766	997.66	-0.029104	3.1620e-05	0.12541	supercritical
578.69	948.00	213.67	0.0046802	1191.8	1635.5	4.6486	2.7737	3.5792	997.52	-0.029089	3.1610e-05	0.12553	supercritical
579.69	948.00	213.38	0.0046865	1194.8	1639.1	4.6548	2.7771	3.5819	997.38	-0.029073	3.1600e-05	0.12565	supercritical
580.69	948.00	213.09	0.0046928	1197.8	1642.6	4.6610	2.7805	3.5846	997.24	-0.029058	3.1590e-05	0.12576	supercritical
581.69	948.00	212.81	0.0046991	1200.8	1646.2	4.6671	2.7838	3.5873	997.10	-0.029043	3.1580e-05	0.12588	supercritical
582.69	948.00	212.52	0.0047054	1203.8	1649.8	4.6733	2.7872	3.5900	996.97	-0.029028	3.1570e-05	0.12600	supercritical
583.69	948.00	212.24	0.0047116	1206.8	1653.4	4.6795	2.7906	3.5926	996.84	-0.029013	3.1561e-05	0.12612	supercritical
584.69	948.00	211.96	0.0047179	1209.7	1657.0	4.6856	2.7940	3.5953	996.71	-0.028998	3.1551e-05	0.12625	supercritical
585.69	948.00	211.68	0.0047242	1212.7	1660.6	4.6918	2.7974	3.5980	996.58	-0.028983	3.1542e-05	0.12637	supercritical
586.69	948.00	211.39	0.0047305	1215.8	1664.2	4.6979	2.8008	3.6007	996.46	-0.028969	3.1533e-05	0.12649	supercritical
587.69	948.00	211.11	0.0047368	1218.8	1667.8	4.7040	2.8042	3.6034	996.34	-0.028954	3.1524e-05	0.12661	supercritical
588.69	948.00	210.83	0.0047431	1221.8	1671.4	4.7102	2.8076	3.6061	996.22	-0.028940	3.1516e-05	0.12673	supercritical
589.69	948.00	210.55	0.0047494	1224.8	1675.0	4.7163	2.8110	3.6088	996.10	-0.028926	3.1507e-05	0.12686	supercritical
590.69	948.00	210.28	0.0047556	1227.8	1678.6	4.7224	2.8143	3.6115	995.99	-0.028912	3.1498e-05	0.12698	supercritical
591.69	948.00	210.00	0.0047619	1230.8	1682.2	4.7285	2.8177	3.6142	995.88	-0.028898	3.1490e-05	0.12711	supercritical
592.69	948.00	209.72	0.0047682	1233.8	1685.9	4.7346	2.8211	3.6168	995.77	-0.028884	3.1482e-05	0.12723	supercritical
593.69	948.00	209.45	0.0047745	1236.9	1689.5	4.7407	2.8245	3.6195	995.66	-0.028870	3.1474e-05	0.12736	supercritical
594.69	948.00	209.17	0.0047808	1239.9	1693.1	4.7468	2.8279	3.6222	995.56	-0.028857	3.1466e-05	0.12748	supercritical
595.69	948.00	208.90	0.0047870	1242.9	1696.7	4.7529	2.8313	3.6249	995.45	-0.028843	3.1458e-05	0.12761	supercritical
596.69	948.00	208.62	0.0047933	1245.9	1700.3	4.7590	2.8346	3.6276	995.35	-0.028830	3.1451e-05	0.12774	supercritical
597.69	948.00	208.35	0.0047996	1249.0	1704.0	4.7651	2.8380	3.6303	995.25	-0.028817	3.1443e-05	0.12786	supercritical
598.69	948.00	208.08	0.0048059	1252.0	1707.6	4.7711	2.8414	3.6331	995.16	-0.028804	3.1436e-05	0.12799	supercritical
599.69	948.00	207.81	0.0048122	1255.0	1711.2	4.7772	2.8448	3.6358	995.06	-0.028791	3.1428e-05	0.12812	supercritical
600.69	948.00	207.54	0.0048184	1258.1	1714.9	4.7833	2.8482	3.6385	994.97	-0.028778	3.1421e-05	0.12825	supercritical
601.69	948.00	207.27	0.0048247	1261.1	1718.5	4.7893	2.8515	3.6412	994.88	-0.028765	3.1414e-05	0.12838	supercritical
602.69	948.00	207.00	0.0048310	1264.2	1722.2	4.7954	2.8549	3.6439	994.79	-0.028752	3.1407e-05	0.12851	supercritical
603.69	948.00	206.73	0.0048373	1267.2	1725.8	4.8014	2.8583	3.6466	994.71	-0.028740	3.1401e-05	0.12864	supercritical
604.69	948.00	206.46	0.0048436	1270.3	1729.5	4.8074	2.8617	3.6493	994.62	-0.028727	3.1394e-05	0.12877	supercritical
605.69	948.00	206.19	0.0048498	1273.3	1733.1	4.8135	2.8650	3.6520	994.54	-0.028715	3.1388e-05	0.12890	supercritical
606.69	948.00	205.93	0.0048561	1276.4	1736.8	4.8195	2.8684	3.6547	994.46	-0.028703	3.1381e-05	0.12903	supercritical
607.69	948.00	205.66	0.0048624	1279.5	1740.4	4.8255	2.8718	3.6575	994.39	-0.028691	3.1375e-05	0.12916	supercritical
608.69	948.00	205.40	0.0048687	1282.5	1744.1	4.8315	2.8751	3.6602	994.31	-0.028679	3.1369e-05	0.12929	supercritical
609.69	948.00	205.13	0.0048749	1285.6	1747.7	4.8375	2.8785	3.6629	994.24	-0.028667	3.1363e-05	0.12943	supercritical
610.69	948.00	204.87	0.0048812	1288.7	1751.4	4.8436	2.8819	3.6656	994.17	-0.028655	3.1357e-05	0.12956	supercritical
611.69	948.00	204.60	0.0048875	1291.7	1755.1	4.8496	2.8853	3.6683	994.10	-0.028643	3.1351e-05	0.12969	supercritical
612.69	948.00	204.34	0.0048937	1294.8	1758.7	4.8555	2.8886	3.6710	994.03	-0.028632	3.1346e-05	0.12983	supercritical
613.69	948.00	204.08	0.0049000	1297.9	1762.4	4.8615	2.8920	3.6738	993.96	-0.028620	3.1340e-05	0.12996	supercritical
614.69	948.00	203.82	0.0049063	1301.0	1766.1	4.8675	2.8954	3.6765	993.90	-0.028609	3.1335e-05	0.13010	supercritical
615.69	948.00	203.56	0.0049126	1304.0	1769.8	4.8735	2.8987	3.6792	993.84	-0.028597	3.1330e-05	0.13023	supercritical
616.69	948.00	203.30	0.0049188	1307.1	1773.4	4.8795	2.9021	3.6819	993.78	-0.028586	3.1324e-05	0.13037	supercritical
617.69	948.00	203.04	0.0049251	1310.2	1777.1	4.8854	2.9054	3.6847	993.72	-0.028575	3.1319e-05	0.13051	supercritical
618.69	948.00	202.78	0.0049314	1313.3	1780.8	4.8914	2.9088	3.6874	993.67	-0.028564	3.1315e-05	0.13064	supercritical
619.69	948.00	202.53	0.0049376	1316.4	1784.5	4.8974	2.9122	3.6901	993.61	-0.028553	3.1310e-05	0.13078	supercritical
620.69	948.00	202.27	0.0049439	1319.5	1788.2	4.9033	2.9155	3.6929	993.56	-0.028542	3.1305e-05	0.13092	supercritical
621.69	948.00	202.01	0.0049502	1322.6	1791.9	4.9093	2.9189	3.6956	993.51	-0.028531	3.1301e-05	0.13105	supercritical
622.69	948.00	201.76	0.0049564	1325.7	1795.6	4.9152	2.9222	3.6983	993.46	-0.028521	3.1296e-05	0.13119	supercritical
623.69	948.00	201.50	0.0049627	1328.8	1799.3	4.9211	2.9256	3.7010	993.41	-0.028510	3.1292e-05	0.13133	supercritical
624.69	948.00	201.25	0.0049690	1331.9	1803.0	4.9271	2.9290	3.7038	993.37	-0.028500	3.1288e-05	0.13147	supercritical