Temperature (K)	Pressure (bar)	Density (kg/m3)	Volume (m3/kg)	Internal Energy (kJ/kg)	Enthalpy (kJ/kg)	Entropy (J/g*K)	Cv (J/g*K)	Cp (J/g*K)	Sound Spd. (m/s)	Joule-Thomson (K/bar)	Viscosity (Pa*s)	Therm. Cond. (W/m*K)	Phase
90.694	691.00	485.59	0.0020594	-98.587	43.715	-1.0576	2.2953	3.2030	1892.0	-0.052776	0.00045340	0.26307	liquid
107.69	691.00	469.49	0.0021300	-49.218	97.962	-0.50929	2.2163	3.1830	1799.8	-0.052541	0.00023770	0.24817	liquid
108.69	691.00	468.56	0.0021342	-46.330	101.14	-0.47988	2.2123	3.1823	1794.3	-0.052510	0.00023097	0.24720	liquid
109.69	691.00	467.62	0.0021385	-43.443	104.33	-0.45074	2.2083	3.1815	1788.8	-0.052479	0.00022462	0.24621	liquid
110.69	691.00	466.69	0.0021428	-40.557	107.51	-0.42187	2.2043	3.1808	1783.3	-0.052447	0.00021861	0.24522	liquid
111.69	691.00	465.75	0.0021471	-37.674	110.69	-0.39327	2.2004	3.1801	1777.8	-0.052414	0.00021292	0.24423	liquid
112.69	691.00	464.82	0.0021514	-34.791	113.87	-0.36492	2.1965	3.1793	1772.3	-0.052379	0.00020753	0.24323	liquid
113.69	691.00	463.89	0.0021557	-31.911	117.05	-0.33684	2.1926	3.1786	1766.9	-0.052344	0.00020240	0.24222	liquid
114.69	691.00	462.96	0.0021600	-29.032	120.22	-0.30901	2.1887	3.1779	1761.4	-0.052309	0.00019754	0.24121	liquid
115.69	691.00	462.03	0.0021644	-26.155	123.40	-0.28142	2.1849	3.1771	1755.9	-0.052272	0.00019291	0.24020	liquid
116.69	691.00	461.10	0.0021687	-23.279	126.58	-0.25408	2.1810	3.1764	1750.4	-0.052235	0.00018851	0.23918	liquid
117.69	691.00	460.17	0.0021731	-20.406	129.76	-0.22698	2.1772	3.1756	1745.0	-0.052197	0.00018431	0.23816	liquid
118.69	691.00	459.25	0.0021775	-17.534	132.93	-0.20012	2.1734	3.1748	1739.5	-0.052158	0.00018031	0.23714	liquid
119.69	691.00	458.32	0.0021819	-14.663	136.10	-0.17349	2.1696	3.1740	1734.1	-0.052118	0.00017649	0.23612	liquid
120.69	691.00	457.39	0.0021863	-11.795	139.28	-0.14708	2.1659	3.1732	1728.7	-0.052077	0.00017284	0.23509	liquid
121.69	691.00	456.47	0.0021907	-8.9282	142.45	-0.12090	2.1622	3.1724	1723.3	-0.052036	0.00016935	0.23406	liquid
122.69	691.00	455.55	0.0021952	-6.0632	145.62	-0.094943	2.1584	3.1716	1717.9	-0.051994	0.00016601	0.23303	liquid
123.69	691.00	454.62	0.0021996	-3.2001	148.79	-0.069202	2.1547	3.1708	1712.5	-0.051951	0.00016281	0.23200	liquid
124.69	691.00	453.70	0.0022041	-0.33885	151.96	-0.043674	2.1511	3.1699	1707.1	-0.051907	0.00015974	0.23097	liquid
125.69	691.00	452.78	0.0022086	2.5206	155.13	-0.018357	2.1474	3.1691	1701.7	-0.051863	0.00015679	0.22993	liquid
126.69	691.00	451.86	0.0022131	5.3781	158.30	0.0067524	2.1438	3.1683	1696.4	-0.051818	0.00015397	0.22890	liquid
127.69	691.00	450.94	0.0022176	8.2338	161.47	0.031658	2.1402	3.1674	1691.0	-0.051772	0.00015125	0.22787	liquid
128.69	691.00	450.02	0.0022221	11.088	164.64	0.056362	2.1366	3.1665	1685.7	-0.051725	0.00014863	0.22684	liquid
129.69	691.00	449.10	0.0022267	13.939	167.80	0.080869	2.1330	3.1657	1680.4	-0.051677	0.00014611	0.22580	liquid
130.69	691.00	448.18	0.0022313	16.789	170.97	0.10518	2.1294	3.1648	1675.1	-0.051628	0.00014369	0.22477	liquid
131.69	691.00	447.26	0.0022358	19.637	174.13	0.12930	2.1259	3.1639	1669.8	-0.051579	0.00014135	0.22374	liquid
132.69	691.00	446.34	0.0022404	22.483	177.30	0.15323	2.1224	3.1630	1664.5	-0.051529	0.00013909	0.22271	liquid
133.69	691.00	445.43	0.0022450	25.327	180.46	0.17697	2.1189	3.1621	1659.3	-0.051478	0.00013692	0.22169	liquid
134.69	691.00	444.51	0.0022497	28.169	183.62	0.20053	2.1154	3.1612	1654.0	-0.051426	0.00013481	0.22066	liquid
135.69	691.00	443.60	0.0022543	31.010	186.78	0.22391	2.1120	3.1603	1648.8	-0.051373	0.00013278	0.21964	liquid
136.69	691.00	442.68	0.0022590	33.848	189.94	0.24712	2.1086	3.1594	1643.6	-0.051319	0.00013081	0.21862	liquid
137.69	691.00	441.77	0.0022636	36.684	193.10	0.27014	2.1052	3.1585	1638.4	-0.051264	0.00012891	0.21760	liquid
138.69	691.00	440.86	0.0022683	39.518	196.26	0.29299	2.1018	3.1575	1633.2	-0.051208	0.00012707	0.21658	liquid
139.69	691.00	439.94	0.0022730	42.350	199.42	0.31567	2.0984	3.1566	1628.1	-0.051152	0.00012528	0.21556	liquid
140.69	691.00	439.03	0.0022777	45.180	202.57	0.33819	2.0951	3.1557	1622.9	-0.051094	0.00012355	0.21455	liquid
141.69	691.00	438.12	0.0022825	48.007	205.73	0.36053	2.0918	3.1548	1617.8	-0.051036	0.00012187	0.21354	liquid
142.69	691.00	437.21	0.0022872	50.833	208.88	0.38272	2.0885	3.1539	1612.7	-0.050976	0.00012024	0.21254	liquid
143.69	691.00	436.30	0.0022920	53.657	212.03	0.40474	2.0853	3.1529	1607.6	-0.050915	0.00011865	0.21153	liquid
144.69	691.00	435.39	0.0022968	56.479	215.19	0.42660	2.0820	3.1520	1602.5	-0.050854	0.00011711	0.21053	liquid
145.69	691.00	434.48	0.0023016	59.298	218.34	0.44831	2.0788	3.1511	1597.5	-0.050791	0.00011562	0.20953	liquid
146.69	691.00	433.57	0.0023064	62.116	221.49	0.46986	2.0756	3.1502	1592.4	-0.050728	0.00011416	0.20854	liquid
147.69	691.00	432.67	0.0023113	64.931	224.64	0.49126	2.0725	3.1493	1587.4	-0.050663	0.00011275	0.20755	liquid
148.69	691.00	431.76	0.0023161	67.745	227.79	0.51251	2.0694	3.1483	1582.4	-0.050598	0.00011137	0.20656	liquid
149.69	691.00	430.85	0.0023210	70.556	230.94	0.53360	2.0663	3.1474	1577.4	-0.050531	0.00011003	0.20558	liquid
150.69	691.00	429.95	0.0023259	73.365	234.08	0.55456	2.0632	3.1465	1572.5	-0.050463	0.00010872	0.20460	liquid
151.69	691.00	429.04	0.0023308	76.172	237.23	0.57537	2.0601	3.1456	1567.5	-0.050395	0.00010744	0.20363	liquid
152.69	691.00	428.14	0.0023357	78.977	240.37	0.59603	2.0571	3.1447	1562.6	-0.050325	0.00010620	0.20265	liquid
153.69	691.00	427.23	0.0023406	81.780	243.52	0.61656	2.0541	3.1438	1557.7	-0.050254	0.00010499	0.20169	liquid
154.69	691.00	426.33	0.0023456	84.580	246.66	0.63694	2.0511	3.1429	1552.8	-0.050182	0.00010380	0.20072	liquid
155.69	691.00	425.43	0.0023506	87.379	249.80	0.65719	2.0482	3.1420	1547.9	-0.050109	0.00010265	0.19977	liquid
156.69	691.00	424.53	0.0023556	90.176	252.95	0.67730	2.0453	3.1411	1543.0	-0.050035	0.00010152	0.19881	liquid
157.69	691.00	423.62	0.0023606	92.970	256.09	0.69728	2.0424	3.1402	1538.2	-0.049959	0.00010041	0.19786	liquid
158.69	691.00	422.72	0.0023656	95.762	259.23	0.71713	2.0395	3.1393	1533.4	-0.049883	9.9336e-05	0.19692	liquid
159.69	691.00	421.82	0.0023707	98.552	262.36	0.73685	2.0367	3.1385	1528.6	-0.049806	9.8282e-05	0.19597	liquid
160.69	691.00	420.92	0.0023757	101.34	265.50	0.75644	2.0339	3.1376	1523.8	-0.049727	9.7252e-05	0.19504	liquid
161.69	691.00	420.03	0.0023808	104.13	268.64	0.77590	2.0311	3.1367	1519.0	-0.049647	9.6243e-05	0.19411	liquid
162.69	691.00	419.13	0.0023859	106.91	271.78	0.79523	2.0284	3.1359	1514.3	-0.049566	9.5257e-05	0.19318	liquid
163.69	691.00	418.23	0.0023910	109.69	274.91	0.81445	2.0257	3.1350	1509.6	-0.049484	9.4291e-05	0.19226	liquid
164.69	691.00	417.33	0.0023962	112.47	278.05	0.83354	2.0230	3.1342	1504.9	-0.049401	9.3346e-05	0.19134	liquid
165.69	691.00	416.44	0.0024013	115.25	281.18	0.85251	2.0203	3.1333	1500.2	-0.049317	9.2420e-05	0.19043	liquid
166.69	691.00	415.54	0.0024065	118.02	284.31	0.87136	2.0177	3.1325	1495.5	-0.049231	9.1513e-05	0.18952	liquid
167.69	691.00	414.65	0.0024117	120.80	287.44	0.89009	2.0151	3.1317	1490.9	-0.049145	9.0624e-05	0.18862	liquid
168.69	691.00	413.75	0.0024169	123.57	290.58	0.90871	2.0125	3.1309	1486.2	-0.049057	8.9752e-05	0.18772	liquid
169.69	691.00	412.86	0.0024221	126.34	293.71	0.92721	2.0099	3.1301	1481.6	-0.048968	8.8898e-05	0.18682	liquid
170.69	691.00	411.96	0.0024274	129.10	296.84	0.94560	2.0074	3.1293	1477.0	-0.048878	8.8061e-05	0.18594	liquid
171.69	691.00	411.07	0.0024327	131.87	299.97	0.96388	2.0049	3.1285	1472.5	-0.048787	8.7239e-05	0.18505	liquid
172.69	691.00	410.18	0.0024380	134.63	303.09	0.98204	2.0025	3.1277	1467.9	-0.048694	8.6433e-05	0.18418	liquid
173.69	691.00	409.29	0.0024433	137.39	306.22	1.0001	2.0001	3.1269	1463.4	-0.048601	8.5642e-05	0.18330	liquid
174.69	691.00	408.40	0.0024486	140.15	309.35	1.0180	1.9977	3.1261	1458.9	-0.048506	8.4866e-05	0.18244	liquid
175.69	691.00	407.51	0.0024539	142.91	312.47	1.0359	1.9953	3.1254	1454.4	-0.048410	8.4104e-05	0.18157	liquid
176.69	691.00	406.62	0.0024593	145.66	315.60	1.0536	1.9930	3.1246	1449.9	-0.048313	8.3356e-05	0.18072	liquid
177.69	691.00	405.73	0.0024647	148.41	318.72	1.0713	1.9906	3.1239	1445.5	-0.048215	8.2621e-05	0.17987	liquid
178.69	691.00	404.84	0.0024701	151.16	321.85	1.0888	1.9884	3.1231	1441.1	-0.048116	8.1899e-05	0.17902	liquid
179.69	691.00	403.96	0.0024755	153.91	324.97	1.1062	1.9861	3.1224	1436.6	-0.048015	8.1190e-05	0.17818	liquid
180.69	691.00	403.07	0.0024810	156.66	328.09	1.1235	1.9839	3.1217	1432.3	-0.047914	8.0494e-05	0.17734	liquid
181.69	691.00	402.19	0.0024864	159.40	331.21	1.1408	1.9817	3.1210	1427.9	-0.047811	7.9809e-05	0.17651	liquid
182.69	691.00	401.30	0.0024919	162.14	334.33	1.1579	1.9796	3.1203	1423.5	-0.047707	7.9136e-05	0.17569	liquid
183.69	691.00	400.42	0.0024974	164.88	337.45	1.1749	1.9774	3.1196	1419.2	-0.047602	7.8474e-05	0.17487	liquid
184.69	691.00	399.53	0.0025029	167.62	340.57	1.1919	1.9753	3.1189	1414.9	-0.047495	7.7824e-05	0.17405	liquid
185.69	691.00	398.65	0.0025085	170.36	343.69	1.2087	1.9733	3.1183	1410.6	-0.047388	7.7184e-05	0.17324	liquid
186.69	691.00	397.77	0.0025140	173.09	346.81	1.2254	1.9712	3.1176	1406.3	-0.047279	7.6555e-05	0.17244	liquid
187.69	691.00	396.89	0.0025196	175.82	349.93	1.2421	1.9692	3.1170	1402.1	-0.047169	7.5936e-05	0.17164	liquid
188.69	691.00	396.01	0.0025252	178.55	353.04	1.2587	1.9673	3.1163	1397.9	-0.047059	7.5327e-05	0.17085	liquid
189.69	691.00	395.13	0.0025308	181.28	356.16	1.2751	1.9653	3.1157	1393.7	-0.046947	7.4728e-05	0.17006	liquid
190.69	691.00	394.25	0.0025365	184.00	359.27	1.2915	1.9634	3.1151	1389.5	-0.046833	7.4138e-05	0.16928	supercritical
191.69	691.00	393.37	0.0025421	186.73	362.39	1.3078	1.9615	3.1145	1385.3	-0.046719	7.3558e-05	0.16851	supercritical
192.69	691.00	392.49	0.0025478	189.45	365.50	1.3240	1.9597	3.1139	1381.1	-0.046604	7.2987e-05	0.16773	supercritical
193.69	691.00	391.62	0.0025535	192.17	368.62	1.3401	1.9578	3.1133	1377.0	-0.046487	7.2425e-05	0.16697	supercritical
194.69	691.00	390.74	0.0025592	194.89	371.73	1.3562	1.9561	3.1127	1372.9	-0.046370	7.1871e-05	0.16621	supercritical
195.69	691.00	389.87	0.0025650	197.60	374.84	1.3721	1.9543	3.1121	1368.8	-0.046251	7.1326e-05	0.16545	supercritical
196.69	691.00	388.99	0.0025707	200.32	377.95	1.3880	1.9526	3.1116	1364.8	-0.046131	7.0789e-05	0.16470	supercritical
197.69	691.00	388.12	0.0025765	203.03	381.06	1.4037	1.9509	3.1110	1360.7	-0.046010	7.0260e-05	0.16396	supercritical
198.69	691.00	387.25	0.0025823	205.74	384.18	1.4194	1.9492	3.1105	1356.7	-0.045888	6.9739e-05	0.16322	supercritical
199.69	691.00	386.38	0.0025881	208.45	387.29	1.4350	1.9476	3.1100	1352.7	-0.045765	6.9226e-05	0.16249	supercritical
200.69	691.00	385.51	0.0025940	211.15	390.40	1.4506	1.9460	3.1094	1348.7	-0.045641	6.8721e-05	0.16176	supercritical
201.69	691.00	384.64	0.0025998	213.85	393.50	1.4660	1.9444	3.1089	1344.7	-0.045516	6.8223e-05	0.16104	supercritical
202.69	691.00	383.77	0.0026057	216.56	396.61	1.4814	1.9429	3.1084	1340.8	-0.045389	6.7732e-05	0.16032	supercritical
203.69	691.00	382.90	0.0026116	219.26	399.72	1.4967	1.9414	3.1079	1336.9	-0.045262	6.7248e-05	0.15961	supercritical
204.69	691.00	382.03	0.0026176	221.96	402.83	1.5119	1.9399	3.1075	1333.0	-0.045134	6.6771e-05	0.15890	supercritical
205.69	691.00	381.17	0.0026235	224.65	405.94	1.5271	1.9384	3.1070	1329.1	-0.045004	6.6301e-05	0.15820	supercritical
206.69	691.00	380.30	0.0026295	227.35	409.04	1.5421	1.9370	3.1065	1325.2	-0.044874	6.5838e-05	0.15750	supercritical
207.69	691.00	379.44	0.0026355	230.04	412.15	1.5571	1.9356	3.1061	1321.4	-0.044742	6.5381e-05	0.15681	supercritical
208.69	691.00	378.58	0.0026415	232.73	415.26	1.5720	1.9343	3.1057	1317.5	-0.044610	6.4931e-05	0.15613	supercritical
209.69	691.00	377.71	0.0026475	235.42	418.36	1.5869	1.9330	3.1052	1313.7	-0.044477	6.4487e-05	0.15545	supercritical
210.69	691.00	376.85	0.0026535	238.11	421.47	1.6017	1.9317	3.1048	1310.0	-0.044342	6.4049e-05	0.15478	supercritical
211.69	691.00	375.99	0.0026596	240.79	424.57	1.6164	1.9304	3.1044	1306.2	-0.044207	6.3617e-05	0.15411	supercritical
212.69	691.00	375.13	0.0026657	243.47	427.67	1.6310	1.9292	3.1040	1302.5	-0.044071	6.3191e-05	0.15344	supercritical
213.69	691.00	374.28	0.0026718	246.16	430.78	1.6455	1.9280	3.1037	1298.7	-0.043933	6.2771e-05	0.15279	supercritical
214.69	691.00	373.42	0.0026780	248.84	433.88	1.6600	1.9268	3.1033	1295.0	-0.043795	6.2357e-05	0.15213	supercritical
215.69	691.00	372.56	0.0026841	251.51	436.98	1.6745	1.9257	3.1029	1291.4	-0.043656	6.1948e-05	0.15149	supercritical
216.69	691.00	371.71	0.0026903	254.19	440.09	1.6888	1.9246	3.1026	1287.7	-0.043516	6.1545e-05	0.15085	supercritical
217.69	691.00	370.85	0.0026965	256.86	443.19	1.7031	1.9236	3.1022	1284.1	-0.043375	6.1147e-05	0.15021	supercritical
218.69	691.00	370.00	0.0027027	259.54	446.29	1.7173	1.9225	3.1019	1280.5	-0.043234	6.0754e-05	0.14958	supercritical
219.69	691.00	369.15	0.0027089	262.21	449.39	1.7315	1.9215	3.1016	1276.9	-0.043091	6.0367e-05	0.14895	supercritical
220.69	691.00	368.30	0.0027152	264.88	452.50	1.7455	1.9205	3.1013	1273.3	-0.042947	5.9985e-05	0.14833	supercritical
221.69	691.00	367.45	0.0027215	267.54	455.60	1.7596	1.9196	3.1010	1269.7	-0.042803	5.9607e-05	0.14772	supercritical
222.69	691.00	366.60	0.0027278	270.21	458.70	1.7735	1.9187	3.1007	1266.2	-0.042658	5.9235e-05	0.14711	supercritical
223.69	691.00	365.75	0.0027341	272.87	461.80	1.7874	1.9178	3.1004	1262.7	-0.042512	5.8868e-05	0.14650	supercritical
224.69	691.00	364.91	0.0027404	275.53	464.90	1.8012	1.9170	3.1001	1259.2	-0.042365	5.8505e-05	0.14590	supercritical
225.69	691.00	364.06	0.0027468	278.20	468.00	1.8150	1.9162	3.0999	1255.7	-0.042218	5.8147e-05	0.14531	supercritical
226.69	691.00	363.22	0.0027532	280.85	471.10	1.8287	1.9154	3.0996	1252.2	-0.042069	5.7793e-05	0.14472	supercritical
227.69	691.00	362.38	0.0027596	283.51	474.20	1.8424	1.9146	3.0994	1248.8	-0.041920	5.7444e-05	0.14413	supercritical
228.69	691.00	361.53	0.0027660	286.17	477.30	1.8559	1.9139	3.0992	1245.4	-0.041770	5.7100e-05	0.14355	supercritical
229.69	691.00	360.69	0.0027724	288.82	480.40	1.8695	1.9132	3.0990	1242.0	-0.041620	5.6760e-05	0.14298	supercritical
230.69	691.00	359.85	0.0027789	291.47	483.49	1.8829	1.9125	3.0988	1238.6	-0.041469	5.6424e-05	0.14241	supercritical
231.69	691.00	359.02	0.0027854	294.12	486.59	1.8963	1.9119	3.0986	1235.3	-0.041317	5.6092e-05	0.14184	supercritical
232.69	691.00	358.18	0.0027919	296.77	489.69	1.9097	1.9113	3.0984	1231.9	-0.041164	5.5764e-05	0.14129	supercritical
233.69	691.00	357.34	0.0027984	299.42	492.79	1.9230	1.9108	3.0982	1228.6	-0.041011	5.5441e-05	0.14073	supercritical
234.69	691.00	356.51	0.0028050	302.06	495.89	1.9362	1.9102	3.0980	1225.3	-0.040857	5.5122e-05	0.14018	supercritical
235.69	691.00	355.68	0.0028115	304.71	498.99	1.9494	1.9097	3.0979	1222.1	-0.040702	5.4806e-05	0.13964	supercritical
236.69	691.00	354.85	0.0028181	307.35	502.08	1.9625	1.9093	3.0977	1218.8	-0.040547	5.4495e-05	0.13910	supercritical
237.69	691.00	354.01	0.0028247	309.99	505.18	1.9755	1.9088	3.0976	1215.6	-0.040391	5.4187e-05	0.13857	supercritical
238.69	691.00	353.19	0.0028314	312.63	508.28	1.9885	1.9084	3.0975	1212.4	-0.040235	5.3883e-05	0.13804	supercritical
239.69	691.00	352.36	0.0028380	315.27	511.38	2.0015	1.9080	3.0974	1209.2	-0.040078	5.3583e-05	0.13751	supercritical
240.69	691.00	351.53	0.0028447	317.91	514.47	2.0144	1.9077	3.0973	1206.0	-0.039921	5.3286e-05	0.13699	supercritical
241.69	691.00	350.71	0.0028514	320.54	517.57	2.0272	1.9074	3.0972	1202.9	-0.039763	5.2993e-05	0.13648	supercritical
242.69	691.00	349.88	0.0028581	323.17	520.67	2.0400	1.9071	3.0971	1199.7	-0.039605	5.2703e-05	0.13597	supercritical
243.69	691.00	349.06	0.0028648	325.81	523.77	2.0527	1.9068	3.0970	1196.6	-0.039446	5.2417e-05	0.13547	supercritical
244.69	691.00	348.24	0.0028716	328.44	526.86	2.0654	1.9066	3.0969	1193.5	-0.039286	5.2135e-05	0.13497	supercritical
245.69	691.00	347.42	0.0028784	331.06	529.96	2.0781	1.9064	3.0969	1190.5	-0.039127	5.1856e-05	0.13447	supercritical
246.69	691.00	346.60	0.0028852	333.69	533.06	2.0906	1.9062	3.0968	1187.4	-0.038966	5.1580e-05	0.13398	supercritical
247.69	691.00	345.79	0.0028920	336.32	536.15	2.1032	1.9061	3.0968	1184.4	-0.038806	5.1307e-05	0.13350	supercritical
248.69	691.00	344.97	0.0028988	338.94	539.25	2.1156	1.9060	3.0968	1181.4	-0.038645	5.1038e-05	0.13302	supercritical
249.69	691.00	344.16	0.0029057	341.57	542.35	2.1281	1.9059	3.0967	1178.4	-0.038483	5.0772e-05	0.13254	supercritical
250.69	691.00	343.34	0.0029125	344.19	545.44	2.1404	1.9059	3.0967	1175.4	-0.038321	5.0509e-05	0.13207	supercritical
251.69	691.00	342.53	0.0029194	346.81	548.54	2.1528	1.9058	3.0967	1172.4	-0.038159	5.0249e-05	0.13160	supercritical
252.69	691.00	341.72	0.0029263	349.43	551.64	2.1651	1.9059	3.0967	1169.5	-0.037997	4.9992e-05	0.13114	supercritical
253.69	691.00	340.92	0.0029333	352.04	554.73	2.1773	1.9059	3.0968	1166.6	-0.037834	4.9738e-05	0.13068	supercritical
254.69	691.00	340.11	0.0029402	354.66	557.83	2.1895	1.9060	3.0968	1163.7	-0.037671	4.9487e-05	0.13023	supercritical
255.69	691.00	339.31	0.0029472	357.28	560.93	2.2016	1.9061	3.0968	1160.8	-0.037508	4.9239e-05	0.12978	supercritical
256.69	691.00	338.50	0.0029542	359.89	564.02	2.2137	1.9062	3.0969	1158.0	-0.037344	4.8994e-05	0.12934	supercritical
257.69	691.00	337.70	0.0029612	362.50	567.12	2.2257	1.9064	3.0969	1155.1	-0.037181	4.8751e-05	0.12890	supercritical
258.69	691.00	336.90	0.0029682	365.11	570.22	2.2377	1.9066	3.0970	1152.3	-0.037017	4.8512e-05	0.12846	supercritical
259.69	691.00	336.10	0.0029753	367.72	573.31	2.2497	1.9068	3.0971	1149.5	-0.036853	4.8275e-05	0.12803	supercritical
260.69	691.00	335.31	0.0029824	370.33	576.41	2.2616	1.9070	3.0971	1146.8	-0.036688	4.8041e-05	0.12761	supercritical
261.69	691.00	334.51	0.0029895	372.94	579.51	2.2734	1.9073	3.0972	1144.0	-0.036524	4.7810e-05	0.12719	supercritical
262.69	691.00	333.72	0.0029966	375.54	582.61	2.2852	1.9076	3.0973	1141.3	-0.036360	4.7581e-05	0.12677	supercritical
263.69	691.00	332.92	0.0030037	378.15	585.70	2.2970	1.9080	3.0975	1138.5	-0.036195	4.7355e-05	0.12636	supercritical
264.69	691.00	332.13	0.0030108	380.75	588.80	2.3087	1.9083	3.0976	1135.8	-0.036030	4.7131e-05	0.12595	supercritical
265.69	691.00	331.34	0.0030180	383.35	591.90	2.3204	1.9087	3.0977	1133.2	-0.035865	4.6911e-05	0.12555	supercritical
266.69	691.00	330.56	0.0030252	385.96	595.00	2.3321	1.9091	3.0978	1130.5	-0.035701	4.6692e-05	0.12515	supercritical
267.69	691.00	329.77	0.0030324	388.56	598.09	2.3437	1.9096	3.0980	1127.9	-0.035536	4.6476e-05	0.12475	supercritical
268.69	691.00	328.99	0.0030396	391.15	601.19	2.3552	1.9101	3.0981	1125.2	-0.035371	4.6262e-05	0.12436	supercritical
269.69	691.00	328.21	0.0030469	393.75	604.29	2.3667	1.9106	3.0983	1122.6	-0.035206	4.6051e-05	0.12398	supercritical
270.69	691.00	327.43	0.0030541	396.35	607.39	2.3782	1.9111	3.0985	1120.1	-0.035041	4.5842e-05	0.12360	supercritical
271.69	691.00	326.65	0.0030614	398.94	610.49	2.3896	1.9117	3.0987	1117.5	-0.034877	4.5636e-05	0.12322	supercritical
272.69	691.00	325.87	0.0030687	401.54	613.59	2.4010	1.9123	3.0989	1114.9	-0.034712	4.5432e-05	0.12284	supercritical
273.69	691.00	325.09	0.0030760	404.13	616.69	2.4123	1.9129	3.0991	1112.4	-0.034547	4.5230e-05	0.12248	supercritical
274.69	691.00	324.32	0.0030834	406.72	619.78	2.4236	1.9135	3.0993	1109.9	-0.034383	4.5030e-05	0.12211	supercritical
275.69	691.00	323.55	0.0030907	409.32	622.88	2.4349	1.9142	3.0995	1107.4	-0.034218	4.4833e-05	0.12175	supercritical
276.69	691.00	322.78	0.0030981	411.91	625.98	2.4461	1.9149	3.0997	1105.0	-0.034054	4.4638e-05	0.12139	supercritical
277.69	691.00	322.01	0.0031055	414.49	629.08	2.4573	1.9156	3.0999	1102.5	-0.033890	4.4445e-05	0.12104	supercritical
278.69	691.00	321.24	0.0031129	417.08	632.18	2.4684	1.9164	3.1002	1100.1	-0.033726	4.4254e-05	0.12069	supercritical
279.69	691.00	320.48	0.0031203	419.67	635.28	2.4796	1.9171	3.1004	1097.6	-0.033563	4.4065e-05	0.12034	supercritical
280.69	691.00	319.72	0.0031278	422.26	638.38	2.4906	1.9180	3.1007	1095.3	-0.033399	4.3879e-05	0.12000	supercritical
281.69	691.00	318.96	0.0031352	424.84	641.49	2.5016	1.9188	3.1010	1092.9	-0.033236	4.3694e-05	0.11967	supercritical
282.69	691.00	318.20	0.0031427	427.43	644.59	2.5126	1.9196	3.1013	1090.5	-0.033073	4.3511e-05	0.11933	supercritical
283.69	691.00	317.44	0.0031502	430.01	647.69	2.5236	1.9205	3.1015	1088.2	-0.032910	4.3331e-05	0.11900	supercritical
284.69	691.00	316.68	0.0031577	432.59	650.79	2.5345	1.9214	3.1018	1085.8	-0.032748	4.3152e-05	0.11868	supercritical
285.69	691.00	315.93	0.0031653	435.17	653.89	2.5454	1.9224	3.1021	1083.5	-0.032586	4.2976e-05	0.11836	supercritical
286.69	691.00	315.18	0.0031728	437.75	656.99	2.5562	1.9233	3.1025	1081.3	-0.032424	4.2801e-05	0.11804	supercritical
287.69	691.00	314.43	0.0031804	440.33	660.10	2.5670	1.9243	3.1028	1079.0	-0.032262	4.2628e-05	0.11773	supercritical
288.69	691.00	313.68	0.0031880	442.91	663.20	2.5778	1.9253	3.1031	1076.7	-0.032101	4.2457e-05	0.11742	supercritical
289.69	691.00	312.94	0.0031956	445.49	666.30	2.5885	1.9264	3.1035	1074.5	-0.031941	4.2288e-05	0.11711	supercritical
290.69	691.00	312.19	0.0032032	448.07	669.41	2.5992	1.9274	3.1038	1072.3	-0.031780	4.2121e-05	0.11681	supercritical
291.69	691.00	311.45	0.0032108	450.64	672.51	2.6099	1.9285	3.1042	1070.1	-0.031621	4.1956e-05	0.11651	supercritical
292.69	691.00	310.71	0.0032185	453.22	675.61	2.6205	1.9296	3.1045	1067.9	-0.031461	4.1792e-05	0.11622	supercritical
293.69	691.00	309.97	0.0032261	455.79	678.72	2.6311	1.9308	3.1049	1065.7	-0.031302	4.1631e-05	0.11592	supercritical
294.69	691.00	309.23	0.0032338	458.37	681.82	2.6416	1.9319	3.1053	1063.6	-0.031143	4.1471e-05	0.11564	supercritical
295.69	691.00	308.50	0.0032415	460.94	684.93	2.6522	1.9331	3.1057	1061.5	-0.030985	4.1312e-05	0.11535	supercritical
296.69	691.00	307.77	0.0032492	463.51	688.04	2.6626	1.9343	3.1061	1059.4	-0.030828	4.1156e-05	0.11507	supercritical
297.69	691.00	307.04	0.0032570	466.09	691.14	2.6731	1.9356	3.1065	1057.3	-0.030671	4.1001e-05	0.11480	supercritical
298.69	691.00	306.31	0.0032647	468.66	694.25	2.6835	1.9368	3.1069	1055.2	-0.030514	4.0848e-05	0.11452	supercritical
299.69	691.00	305.58	0.0032725	471.23	697.36	2.6939	1.9381	3.1073	1053.1	-0.030358	4.0696e-05	0.11425	supercritical
300.69	691.00	304.86	0.0032802	473.80	700.46	2.7043	1.9394	3.1078	1051.1	-0.030203	4.0546e-05	0.11399	supercritical
301.69	691.00	304.13	0.0032880	476.37	703.57	2.7146	1.9407	3.1082	1049.1	-0.030048	4.0398e-05	0.11373	supercritical
302.69	691.00	303.41	0.0032958	478.94	706.68	2.7249	1.9421	3.1087	1047.0	-0.029893	4.0251e-05	0.11347	supercritical
303.69	691.00	302.69	0.0033037	481.50	709.79	2.7351	1.9434	3.1091	1045.1	-0.029740	4.0106e-05	0.11321	supercritical
304.69	691.00	301.98	0.0033115	484.07	712.90	2.7453	1.9448	3.1096	1043.1	-0.029587	3.9963e-05	0.11296	supercritical
305.69	691.00	301.26	0.0033194	486.64	716.01	2.7555	1.9463	3.1101	1041.1	-0.029434	3.9821e-05	0.11271	supercritical
306.69	691.00	300.55	0.0033272	489.21	719.12	2.7657	1.9477	3.1106	1039.2	-0.029282	3.9680e-05	0.11246	supercritical
307.69	691.00	299.84	0.0033351	491.77	722.23	2.7758	1.9492	3.1111	1037.3	-0.029131	3.9541e-05	0.11222	supercritical
308.69	691.00	299.13	0.0033430	494.34	725.34	2.7859	1.9507	3.1116	1035.3	-0.028980	3.9404e-05	0.11198	supercritical
309.69	691.00	298.42	0.0033509	496.90	728.45	2.7960	1.9522	3.1121	1033.5	-0.028830	3.9268e-05	0.11175	supercritical
310.69	691.00	297.72	0.0033589	499.47	731.56	2.8060	1.9537	3.1126	1031.6	-0.028681	3.9134e-05	0.11152	supercritical
311.69	691.00	297.02	0.0033668	502.03	734.68	2.8160	1.9552	3.1131	1029.7	-0.028533	3.9000e-05	0.11129	supercritical
312.69	691.00	296.32	0.0033748	504.59	737.79	2.8260	1.9568	3.1137	1027.9	-0.028385	3.8869e-05	0.11106	supercritical
313.69	691.00	295.62	0.0033828	507.16	740.90	2.8359	1.9584	3.1142	1026.0	-0.028238	3.8739e-05	0.11084	supercritical
314.69	691.00	294.92	0.0033907	509.72	744.02	2.8458	1.9600	3.1148	1024.2	-0.028092	3.8610e-05	0.11062	supercritical
315.69	691.00	294.23	0.0033987	512.28	747.13	2.8557	1.9617	3.1154	1022.4	-0.027946	3.8482e-05	0.11040	supercritical
316.69	691.00	293.53	0.0034068	514.84	750.25	2.8656	1.9633	3.1159	1020.7	-0.027801	3.8356e-05	0.11019	supercritical
317.69	691.00	292.84	0.0034148	517.40	753.37	2.8754	1.9650	3.1165	1018.9	-0.027657	3.8231e-05	0.10998	supercritical
318.69	691.00	292.16	0.0034228	519.97	756.48	2.8852	1.9667	3.1171	1017.2	-0.027514	3.8108e-05	0.10977	supercritical
319.69	691.00	291.47	0.0034309	522.53	759.60	2.8950	1.9684	3.1177	1015.4	-0.027371	3.7986e-05	0.10957	supercritical
320.69	691.00	290.79	0.0034390	525.09	762.72	2.9047	1.9702	3.1183	1013.7	-0.027230	3.7865e-05	0.10937	supercritical
321.69	691.00	290.10	0.0034470	527.65	765.84	2.9144	1.9719	3.1190	1012.0	-0.027089	3.7746e-05	0.10917	supercritical
322.69	691.00	289.42	0.0034551	530.21	768.96	2.9241	1.9737	3.1196	1010.3	-0.026949	3.7627e-05	0.10898	supercritical
323.69	691.00	288.75	0.0034632	532.77	772.08	2.9337	1.9755	3.1202	1008.6	-0.026810	3.7510e-05	0.10879	supercritical
324.69	691.00	288.07	0.0034714	535.33	775.20	2.9434	1.9773	3.1209	1007.0	-0.026671	3.7395e-05	0.10860	supercritical
325.69	691.00	287.40	0.0034795	537.88	778.32	2.9530	1.9792	3.1215	1005.3	-0.026534	3.7280e-05	0.10841	supercritical
326.69	691.00	286.73	0.0034876	540.44	781.44	2.9625	1.9810	3.1222	1003.7	-0.026397	3.7167e-05	0.10823	supercritical
327.69	691.00	286.06	0.0034958	543.00	784.56	2.9721	1.9829	3.1229	1002.1	-0.026261	3.7055e-05	0.10805	supercritical
328.69	691.00	285.39	0.0035040	545.56	787.69	2.9816	1.9848	3.1236	1000.5	-0.026126	3.6944e-05	0.10787	supercritical
329.69	691.00	284.73	0.0035122	548.12	790.81	2.9911	1.9867	3.1243	998.93	-0.025992	3.6834e-05	0.10770	supercritical
330.69	691.00	284.06	0.0035204	550.68	793.93	3.0005	1.9887	3.1250	997.36	-0.025859	3.6726e-05	0.10753	supercritical
331.69	691.00	283.40	0.0035286	553.24	797.06	3.0100	1.9906	3.1257	995.81	-0.025727	3.6618e-05	0.10736	supercritical
332.69	691.00	282.74	0.0035368	555.79	800.19	3.0194	1.9926	3.1264	994.27	-0.025596	3.6512e-05	0.10719	supercritical
333.69	691.00	282.09	0.0035450	558.35	803.31	3.0288	1.9946	3.1271	992.74	-0.025465	3.6407e-05	0.10703	supercritical
334.69	691.00	281.43	0.0035533	560.91	806.44	3.0381	1.9966	3.1279	991.23	-0.025336	3.6303e-05	0.10687	supercritical
335.69	691.00	280.78	0.0035615	563.47	809.57	3.0475	1.9986	3.1286	989.74	-0.025207	3.6200e-05	0.10671	supercritical
336.69	691.00	280.13	0.0035698	566.03	812.70	3.0568	2.0007	3.1294	988.26	-0.025079	3.6099e-05	0.10656	supercritical
337.69	691.00	279.48	0.0035781	568.58	815.83	3.0661	2.0028	3.1302	986.79	-0.024953	3.5998e-05	0.10640	supercritical
338.69	691.00	278.84	0.0035863	571.14	818.96	3.0753	2.0048	3.1309	985.34	-0.024827	3.5898e-05	0.10625	supercritical
339.69	691.00	278.19	0.0035946	573.70	822.09	3.0845	2.0069	3.1317	983.90	-0.024702	3.5800e-05	0.10611	supercritical
340.69	691.00	277.55	0.0036029	576.26	825.22	3.0938	2.0090	3.1325	982.47	-0.024578	3.5702e-05	0.10596	supercritical
341.69	691.00	276.91	0.0036113	578.82	828.35	3.1029	2.0112	3.1333	981.06	-0.024455	3.5606e-05	0.10582	supercritical
342.69	691.00	276.27	0.0036196	581.37	831.49	3.1121	2.0133	3.1341	979.66	-0.024333	3.5510e-05	0.10568	supercritical
343.69	691.00	275.64	0.0036279	583.93	834.62	3.1212	2.0155	3.1350	978.27	-0.024212	3.5416e-05	0.10555	supercritical
344.69	691.00	275.01	0.0036363	586.49	837.76	3.1303	2.0177	3.1358	976.90	-0.024092	3.5323e-05	0.10541	supercritical
345.69	691.00	274.37	0.0036447	589.05	840.89	3.1394	2.0199	3.1366	975.54	-0.023973	3.5230e-05	0.10528	supercritical
346.69	691.00	273.75	0.0036530	591.61	844.03	3.1485	2.0221	3.1375	974.20	-0.023855	3.5139e-05	0.10515	supercritical
347.69	691.00	273.12	0.0036614	594.16	847.17	3.1575	2.0243	3.1383	972.87	-0.023738	3.5048e-05	0.10502	supercritical
348.69	691.00	272.49	0.0036698	596.72	850.31	3.1665	2.0266	3.1392	971.55	-0.023622	3.4959e-05	0.10490	supercritical
349.69	691.00	271.87	0.0036782	599.28	853.45	3.1755	2.0288	3.1401	970.24	-0.023507	3.4870e-05	0.10478	supercritical
350.69	691.00	271.25	0.0036866	601.84	856.59	3.1845	2.0311	3.1410	968.95	-0.023393	3.4783e-05	0.10466	supercritical
351.69	691.00	270.63	0.0036950	604.40	859.73	3.1934	2.0334	3.1419	967.67	-0.023280	3.4696e-05	0.10454	supercritical
352.69	691.00	270.02	0.0037035	606.96	862.87	3.2024	2.0357	3.1428	966.40	-0.023168	3.4610e-05	0.10443	supercritical
353.69	691.00	269.40	0.0037119	609.52	866.01	3.2113	2.0380	3.1437	965.15	-0.023057	3.4526e-05	0.10432	supercritical
354.69	691.00	268.79	0.0037204	612.08	869.16	3.2201	2.0404	3.1447	963.90	-0.022947	3.4442e-05	0.10421	supercritical
355.69	691.00	268.18	0.0037288	614.64	872.30	3.2290	2.0427	3.1456	962.68	-0.022837	3.4359e-05	0.10410	supercritical
356.69	691.00	267.57	0.0037373	617.20	875.45	3.2378	2.0451	3.1465	961.46	-0.022729	3.4277e-05	0.10399	supercritical
357.69	691.00	266.97	0.0037458	619.76	878.60	3.2466	2.0475	3.1475	960.25	-0.022622	3.4195e-05	0.10389	supercritical
358.69	691.00	266.36	0.0037543	622.33	881.74	3.2554	2.0499	3.1485	959.06	-0.022516	3.4115e-05	0.10379	supercritical
359.69	691.00	265.76	0.0037627	624.89	884.89	3.2642	2.0523	3.1494	957.88	-0.022411	3.4036e-05	0.10369	supercritical
360.69	691.00	265.16	0.0037713	627.45	888.04	3.2729	2.0547	3.1504	956.71	-0.022307	3.3957e-05	0.10360	supercritical
361.69	691.00	264.57	0.0037798	630.01	891.19	3.2817	2.0572	3.1514	955.55	-0.022204	3.3879e-05	0.10350	supercritical
362.69	691.00	263.97	0.0037883	632.58	894.35	3.2904	2.0596	3.1524	954.41	-0.022102	3.3802e-05	0.10341	supercritical
363.69	691.00	263.38	0.0037968	635.14	897.50	3.2990	2.0621	3.1534	953.27	-0.022001	3.3726e-05	0.10332	supercritical
364.69	691.00	262.79	0.0038053	637.70	900.65	3.3077	2.0646	3.1545	952.15	-0.021901	3.3651e-05	0.10323	supercritical
365.69	691.00	262.20	0.0038139	640.27	903.81	3.3163	2.0671	3.1555	951.04	-0.021802	3.3576e-05	0.10315	supercritical
366.69	691.00	261.61	0.0038224	642.83	906.96	3.3250	2.0696	3.1566	949.94	-0.021705	3.3503e-05	0.10307	supercritical
367.69	691.00	261.03	0.0038310	645.40	910.12	3.3336	2.0721	3.1576	948.86	-0.021608	3.3430e-05	0.10298	supercritical
368.69	691.00	260.45	0.0038396	647.97	913.28	3.3421	2.0747	3.1587	947.78	-0.021512	3.3358e-05	0.10291	supercritical
369.69	691.00	259.87	0.0038481	650.53	916.44	3.3507	2.0772	3.1597	946.72	-0.021417	3.3286e-05	0.10283	supercritical
370.69	691.00	259.29	0.0038567	653.10	919.60	3.3592	2.0798	3.1608	945.66	-0.021323	3.3216e-05	0.10275	supercritical
371.69	691.00	258.71	0.0038653	655.67	922.76	3.3677	2.0824	3.1619	944.62	-0.021230	3.3146e-05	0.10268	supercritical
372.69	691.00	258.14	0.0038739	658.24	925.92	3.3762	2.0850	3.1630	943.59	-0.021138	3.3077e-05	0.10261	supercritical
373.69	691.00	257.56	0.0038825	660.80	929.09	3.3847	2.0876	3.1641	942.57	-0.021047	3.3009e-05	0.10254	supercritical
374.69	691.00	256.99	0.0038911	663.37	932.25	3.3932	2.0902	3.1653	941.56	-0.020958	3.2941e-05	0.10248	supercritical
375.69	691.00	256.43	0.0038997	665.94	935.42	3.4016	2.0928	3.1664	940.56	-0.020869	3.2874e-05	0.10241	supercritical
376.69	691.00	255.86	0.0039084	668.52	938.58	3.4100	2.0954	3.1675	939.58	-0.020781	3.2808e-05	0.10235	supercritical
377.69	691.00	255.30	0.0039170	671.09	941.75	3.4184	2.0981	3.1687	938.60	-0.020694	3.2743e-05	0.10229	supercritical
378.69	691.00	254.74	0.0039256	673.66	944.92	3.4268	2.1007	3.1698	937.63	-0.020608	3.2678e-05	0.10223	supercritical
379.69	691.00	254.18	0.0039343	676.23	948.09	3.4352	2.1034	3.1710	936.68	-0.020524	3.2614e-05	0.10217	supercritical
380.69	691.00	253.62	0.0039429	678.81	951.26	3.4435	2.1061	3.1722	935.73	-0.020440	3.2551e-05	0.10212	supercritical
381.69	691.00	253.06	0.0039516	681.38	954.44	3.4518	2.1088	3.1734	934.80	-0.020357	3.2488e-05	0.10206	supercritical
382.69	691.00	252.51	0.0039603	683.96	957.61	3.4601	2.1115	3.1746	933.87	-0.020275	3.2426e-05	0.10201	supercritical
383.69	691.00	251.96	0.0039689	686.53	960.79	3.4684	2.1142	3.1758	932.96	-0.020194	3.2365e-05	0.10196	supercritical
384.69	691.00	251.41	0.0039776	689.11	963.96	3.4767	2.1170	3.1770	932.05	-0.020115	3.2305e-05	0.10191	supercritical
385.69	691.00	250.86	0.0039863	691.69	967.14	3.4849	2.1197	3.1783	931.16	-0.020036	3.2245e-05	0.10187	supercritical
386.69	691.00	250.31	0.0039950	694.27	970.32	3.4932	2.1225	3.1795	930.27	-0.019958	3.2185e-05	0.10182	supercritical
387.69	691.00	249.77	0.0040037	696.85	973.50	3.5014	2.1252	3.1807	929.40	-0.019881	3.2127e-05	0.10178	supercritical
388.69	691.00	249.23	0.0040124	699.43	976.68	3.5096	2.1280	3.1820	928.53	-0.019805	3.2069e-05	0.10174	supercritical
389.69	691.00	248.69	0.0040211	702.01	979.86	3.5178	2.1308	3.1833	927.67	-0.019730	3.2012e-05	0.10170	supercritical
390.69	691.00	248.15	0.0040298	704.59	983.05	3.5259	2.1336	3.1846	926.83	-0.019656	3.1955e-05	0.10167	supercritical
391.69	691.00	247.62	0.0040385	707.17	986.23	3.5341	2.1364	3.1858	925.99	-0.019583	3.1899e-05	0.10163	supercritical
392.69	691.00	247.08	0.0040472	709.76	989.42	3.5422	2.1392	3.1871	925.16	-0.019511	3.1843e-05	0.10160	supercritical
393.69	691.00	246.55	0.0040559	712.34	992.61	3.5503	2.1420	3.1884	924.35	-0.019440	3.1789e-05	0.10156	supercritical
394.69	691.00	246.02	0.0040647	714.93	995.80	3.5584	2.1449	3.1898	923.54	-0.019370	3.1734e-05	0.10153	supercritical
395.69	691.00	245.50	0.0040734	717.51	998.99	3.5665	2.1477	3.1911	922.74	-0.019300	3.1681e-05	0.10151	supercritical
396.69	691.00	244.97	0.0040821	720.10	1002.2	3.5745	2.1506	3.1924	921.95	-0.019232	3.1628e-05	0.10148	supercritical
397.69	691.00	244.45	0.0040909	722.69	1005.4	3.5826	2.1534	3.1938	921.17	-0.019165	3.1575e-05	0.10145	supercritical
398.69	691.00	243.92	0.0040996	725.28	1008.6	3.5906	2.1563	3.1951	920.40	-0.019098	3.1523e-05	0.10143	supercritical
399.69	691.00	243.40	0.0041084	727.87	1011.8	3.5986	2.1592	3.1965	919.63	-0.019033	3.1472e-05	0.10141	supercritical
400.69	691.00	242.89	0.0041171	730.46	1015.0	3.6066	2.1621	3.1979	918.88	-0.018968	3.1422e-05	0.10139	supercritical
401.69	691.00	242.37	0.0041259	733.06	1018.2	3.6145	2.1650	3.1993	918.13	-0.018905	3.1371e-05	0.10137	supercritical
402.69	691.00	241.86	0.0041347	735.65	1021.4	3.6225	2.1679	3.2006	917.40	-0.018842	3.1322e-05	0.10135	supercritical
403.69	691.00	241.34	0.0041435	738.25	1024.6	3.6304	2.1708	3.2021	916.67	-0.018780	3.1273e-05	0.10134	supercritical
404.69	691.00	240.83	0.0041522	740.84	1027.8	3.6384	2.1737	3.2035	915.95	-0.018719	3.1224e-05	0.10132	supercritical
405.69	691.00	240.33	0.0041610	743.44	1031.0	3.6463	2.1767	3.2049	915.24	-0.018659	3.1176e-05	0.10131	supercritical
406.69	691.00	239.82	0.0041698	746.04	1034.2	3.6542	2.1796	3.2063	914.54	-0.018600	3.1129e-05	0.10130	supercritical
407.69	691.00	239.32	0.0041786	748.64	1037.4	3.6620	2.1826	3.2078	913.84	-0.018542	3.1082e-05	0.10129	supercritical
408.69	691.00	238.81	0.0041874	751.24	1040.6	3.6699	2.1855	3.2092	913.16	-0.018484	3.1036e-05	0.10128	supercritical
409.69	691.00	238.31	0.0041962	753.84	1043.8	3.6777	2.1885	3.2107	912.48	-0.018428	3.0990e-05	0.10128	supercritical
410.69	691.00	237.81	0.0042050	756.44	1047.0	3.6856	2.1915	3.2121	911.81	-0.018372	3.0945e-05	0.10127	supercritical
411.69	691.00	237.32	0.0042138	759.05	1050.2	3.6934	2.1945	3.2136	911.15	-0.018318	3.0900e-05	0.10127	supercritical
412.69	691.00	236.82	0.0042226	761.65	1053.4	3.7012	2.1975	3.2151	910.50	-0.018264	3.0856e-05	0.10126	supercritical
413.69	691.00	236.33	0.0042314	764.26	1056.7	3.7090	2.2005	3.2166	909.85	-0.018211	3.0812e-05	0.10126	supercritical
414.69	691.00	235.84	0.0042402	766.87	1059.9	3.7167	2.2035	3.2181	909.21	-0.018159	3.0769e-05	0.10126	supercritical
415.69	691.00	235.35	0.0042490	769.48	1063.1	3.7245	2.2065	3.2196	908.59	-0.018107	3.0726e-05	0.10127	supercritical
416.69	691.00	234.86	0.0042578	772.09	1066.3	3.7322	2.2095	3.2212	907.96	-0.018057	3.0684e-05	0.10127	supercritical
417.69	691.00	234.37	0.0042667	774.70	1069.5	3.7399	2.2126	3.2227	907.35	-0.018007	3.0642e-05	0.10128	supercritical
418.69	691.00	233.89	0.0042755	777.32	1072.8	3.7477	2.2156	3.2242	906.74	-0.017958	3.0601e-05	0.10128	supercritical
419.69	691.00	233.41	0.0042843	779.93	1076.0	3.7554	2.2187	3.2258	906.14	-0.017910	3.0560e-05	0.10129	supercritical
420.69	691.00	232.93	0.0042932	782.55	1079.2	3.7630	2.2217	3.2274	905.55	-0.017863	3.0520e-05	0.10130	supercritical
421.69	691.00	232.45	0.0043020	785.16	1082.4	3.7707	2.2248	3.2289	904.97	-0.017817	3.0480e-05	0.10131	supercritical
422.69	691.00	231.97	0.0043108	787.78	1085.7	3.7783	2.2278	3.2305	904.39	-0.017771	3.0440e-05	0.10132	supercritical
423.69	691.00	231.50	0.0043197	790.40	1088.9	3.7860	2.2309	3.2321	903.82	-0.017726	3.0401e-05	0.10133	supercritical
424.69	691.00	231.03	0.0043285	793.03	1092.1	3.7936	2.2340	3.2337	903.26	-0.017682	3.0363e-05	0.10135	supercritical
425.69	691.00	230.55	0.0043374	795.65	1095.4	3.8012	2.2371	3.2353	902.71	-0.017639	3.0325e-05	0.10137	supercritical
426.69	691.00	230.09	0.0043462	798.27	1098.6	3.8088	2.2402	3.2369	902.16	-0.017597	3.0287e-05	0.10138	supercritical
427.69	691.00	229.62	0.0043551	800.90	1101.8	3.8164	2.2433	3.2386	901.62	-0.017555	3.0250e-05	0.10140	supercritical
428.69	691.00	229.15	0.0043639	803.53	1105.1	3.8239	2.2464	3.2402	901.09	-0.017514	3.0213e-05	0.10142	supercritical
429.69	691.00	228.69	0.0043728	806.16	1108.3	3.8315	2.2495	3.2419	900.56	-0.017474	3.0177e-05	0.10144	supercritical
430.69	691.00	228.23	0.0043816	808.79	1111.6	3.8390	2.2527	3.2435	900.04	-0.017435	3.0141e-05	0.10146	supercritical
431.69	691.00	227.76	0.0043905	811.42	1114.8	3.8466	2.2558	3.2452	899.53	-0.017396	3.0106e-05	0.10149	supercritical
432.69	691.00	227.31	0.0043994	814.05	1118.0	3.8541	2.2589	3.2468	899.02	-0.017358	3.0071e-05	0.10151	supercritical
433.69	691.00	226.85	0.0044082	816.69	1121.3	3.8616	2.2621	3.2485	898.53	-0.017321	3.0036e-05	0.10154	supercritical
434.69	691.00	226.39	0.0044171	819.32	1124.5	3.8691	2.2652	3.2502	898.03	-0.017285	3.0002e-05	0.10157	supercritical
435.69	691.00	225.94	0.0044260	821.96	1127.8	3.8765	2.2684	3.2519	897.55	-0.017249	2.9968e-05	0.10159	supercritical
436.69	691.00	225.49	0.0044348	824.60	1131.0	3.8840	2.2715	3.2536	897.07	-0.017214	2.9935e-05	0.10162	supercritical
437.69	691.00	225.04	0.0044437	827.24	1134.3	3.8914	2.2747	3.2553	896.60	-0.017180	2.9902e-05	0.10165	supercritical
438.69	691.00	224.59	0.0044526	829.89	1137.6	3.8989	2.2779	3.2571	896.13	-0.017147	2.9869e-05	0.10169	supercritical
439.69	691.00	224.14	0.0044615	832.53	1140.8	3.9063	2.2810	3.2588	895.67	-0.017114	2.9837e-05	0.10172	supercritical
440.69	691.00	223.70	0.0044703	835.18	1144.1	3.9137	2.2842	3.2605	895.22	-0.017082	2.9805e-05	0.10175	supercritical
441.69	691.00	223.25	0.0044792	837.82	1147.3	3.9211	2.2874	3.2623	894.77	-0.017050	2.9774e-05	0.10179	supercritical
442.69	691.00	222.81	0.0044881	840.47	1150.6	3.9284	2.2906	3.2640	894.33	-0.017020	2.9743e-05	0.10183	supercritical
443.69	691.00	222.37	0.0044970	843.12	1153.9	3.9358	2.2938	3.2658	893.89	-0.016989	2.9712e-05	0.10186	supercritical
444.69	691.00	221.93	0.0045059	845.78	1157.1	3.9432	2.2970	3.2676	893.46	-0.016960	2.9682e-05	0.10190	supercritical
445.69	691.00	221.50	0.0045148	848.43	1160.4	3.9505	2.3002	3.2694	893.04	-0.016931	2.9652e-05	0.10194	supercritical
446.69	691.00	221.06	0.0045237	851.09	1163.7	3.9578	2.3034	3.2712	892.63	-0.016903	2.9623e-05	0.10198	supercritical
447.69	691.00	220.63	0.0045325	853.75	1166.9	3.9652	2.3066	3.2730	892.21	-0.016876	2.9593e-05	0.10203	supercritical
448.69	691.00	220.19	0.0045414	856.40	1170.2	3.9725	2.3099	3.2748	891.81	-0.016849	2.9565e-05	0.10207	supercritical
449.69	691.00	219.76	0.0045503	859.07	1173.5	3.9798	2.3131	3.2766	891.41	-0.016823	2.9536e-05	0.10212	supercritical
450.69	691.00	219.34	0.0045592	861.73	1176.8	3.9870	2.3163	3.2784	891.02	-0.016797	2.9508e-05	0.10216	supercritical
451.69	691.00	218.91	0.0045681	864.39	1180.1	3.9943	2.3196	3.2803	890.63	-0.016773	2.9480e-05	0.10221	supercritical
452.69	691.00	218.48	0.0045770	867.06	1183.3	4.0016	2.3228	3.2821	890.25	-0.016748	2.9453e-05	0.10226	supercritical
453.69	691.00	218.06	0.0045859	869.73	1186.6	4.0088	2.3261	3.2840	889.87	-0.016725	2.9426e-05	0.10230	supercritical
454.69	691.00	217.64	0.0045948	872.40	1189.9	4.0160	2.3293	3.2858	889.50	-0.016702	2.9399e-05	0.10235	supercritical
455.69	691.00	217.22	0.0046037	875.07	1193.2	4.0233	2.3326	3.2877	889.14	-0.016679	2.9373e-05	0.10240	supercritical
456.69	691.00	216.80	0.0046126	877.74	1196.5	4.0305	2.3358	3.2896	888.78	-0.016657	2.9347e-05	0.10246	supercritical
457.69	691.00	216.38	0.0046215	880.42	1199.8	4.0377	2.3391	3.2914	888.43	-0.016636	2.9321e-05	0.10251	supercritical
458.69	691.00	215.96	0.0046304	883.10	1203.1	4.0448	2.3424	3.2933	888.08	-0.016615	2.9296e-05	0.10256	supercritical
459.69	691.00	215.55	0.0046393	885.78	1206.4	4.0520	2.3456	3.2952	887.73	-0.016595	2.9271e-05	0.10262	supercritical
460.69	691.00	215.14	0.0046482	888.46	1209.6	4.0592	2.3489	3.2971	887.40	-0.016576	2.9246e-05	0.10267	supercritical
461.69	691.00	214.73	0.0046571	891.14	1212.9	4.0663	2.3522	3.2991	887.06	-0.016557	2.9222e-05	0.10273	supercritical
462.69	691.00	214.32	0.0046660	893.82	1216.2	4.0735	2.3555	3.3010	886.74	-0.016538	2.9198e-05	0.10279	supercritical
463.69	691.00	213.91	0.0046749	896.51	1219.5	4.0806	2.3588	3.3029	886.41	-0.016521	2.9174e-05	0.10285	supercritical
464.69	691.00	213.50	0.0046838	899.20	1222.9	4.0877	2.3621	3.3048	886.10	-0.016503	2.9151e-05	0.10291	supercritical
465.69	691.00	213.10	0.0046927	901.89	1226.2	4.0948	2.3654	3.3068	885.79	-0.016487	2.9127e-05	0.10297	supercritical
466.69	691.00	212.69	0.0047016	904.58	1229.5	4.1019	2.3687	3.3087	885.48	-0.016470	2.9105e-05	0.10303	supercritical
467.69	691.00	212.29	0.0047105	907.28	1232.8	4.1090	2.3720	3.3107	885.18	-0.016455	2.9082e-05	0.10309	supercritical
468.69	691.00	211.89	0.0047195	909.97	1236.1	4.1161	2.3753	3.3127	884.88	-0.016440	2.9060e-05	0.10316	supercritical
469.69	691.00	211.49	0.0047284	912.67	1239.4	4.1231	2.3786	3.3146	884.59	-0.016425	2.9038e-05	0.10322	supercritical
470.69	691.00	211.09	0.0047373	915.37	1242.7	4.1302	2.3819	3.3166	884.30	-0.016411	2.9016e-05	0.10329	supercritical
471.69	691.00	210.70	0.0047462	918.07	1246.0	4.1372	2.3852	3.3186	884.02	-0.016397	2.8995e-05	0.10336	supercritical
472.69	691.00	210.30	0.0047551	920.78	1249.4	4.1443	2.3886	3.3206	883.74	-0.016384	2.8974e-05	0.10342	supercritical
473.69	691.00	209.91	0.0047640	923.48	1252.7	4.1513	2.3919	3.3226	883.47	-0.016372	2.8953e-05	0.10349	supercritical
474.69	691.00	209.52	0.0047729	926.19	1256.0	4.1583	2.3952	3.3246	883.20	-0.016359	2.8933e-05	0.10356	supercritical
475.69	691.00	209.13	0.0047818	928.90	1259.3	4.1653	2.3985	3.3267	882.94	-0.016348	2.8913e-05	0.10363	supercritical
476.69	691.00	208.74	0.0047907	931.61	1262.7	4.1723	2.4019	3.3287	882.68	-0.016337	2.8893e-05	0.10370	supercritical
477.69	691.00	208.35	0.0047996	934.33	1266.0	4.1793	2.4052	3.3307	882.43	-0.016326	2.8873e-05	0.10377	supercritical
478.69	691.00	207.96	0.0048085	937.04	1269.3	4.1862	2.4086	3.3328	882.18	-0.016316	2.8854e-05	0.10385	supercritical
479.69	691.00	207.58	0.0048175	939.76	1272.6	4.1932	2.4119	3.3348	881.93	-0.016306	2.8835e-05	0.10392	supercritical
480.69	691.00	207.20	0.0048264	942.48	1276.0	4.2001	2.4152	3.3369	881.69	-0.016297	2.8816e-05	0.10400	supercritical
481.69	691.00	206.81	0.0048353	945.20	1279.3	4.2071	2.4186	3.3389	881.45	-0.016288	2.8797e-05	0.10407	supercritical
482.69	691.00	206.43	0.0048442	947.93	1282.7	4.2140	2.4219	3.3410	881.22	-0.016280	2.8779e-05	0.10415	supercritical
483.69	691.00	206.05	0.0048531	950.65	1286.0	4.2209	2.4253	3.3431	881.00	-0.016272	2.8761e-05	0.10422	supercritical
484.69	691.00	205.68	0.0048620	953.38	1289.3	4.2278	2.4287	3.3452	880.77	-0.016264	2.8743e-05	0.10430	supercritical
485.69	691.00	205.30	0.0048709	956.11	1292.7	4.2347	2.4320	3.3472	880.55	-0.016257	2.8726e-05	0.10438	supercritical
486.69	691.00	204.93	0.0048798	958.85	1296.0	4.2416	2.4354	3.3493	880.34	-0.016251	2.8709e-05	0.10446	supercritical
487.69	691.00	204.55	0.0048887	961.58	1299.4	4.2485	2.4388	3.3515	880.13	-0.016244	2.8692e-05	0.10454	supercritical
488.69	691.00	204.18	0.0048976	964.32	1302.7	4.2553	2.4421	3.3536	879.92	-0.016239	2.8675e-05	0.10462	supercritical
489.69	691.00	203.81	0.0049065	967.06	1306.1	4.2622	2.4455	3.3557	879.72	-0.016233	2.8658e-05	0.10471	supercritical
490.69	691.00	203.44	0.0049154	969.80	1309.5	4.2690	2.4489	3.3578	879.52	-0.016228	2.8642e-05	0.10479	supercritical
491.69	691.00	203.07	0.0049243	972.54	1312.8	4.2759	2.4522	3.3599	879.33	-0.016224	2.8626e-05	0.10487	supercritical
492.69	691.00	202.71	0.0049333	975.29	1316.2	4.2827	2.4556	3.3621	879.14	-0.016219	2.8611e-05	0.10496	supercritical
493.69	691.00	202.34	0.0049422	978.04	1319.5	4.2895	2.4590	3.3642	878.95	-0.016216	2.8595e-05	0.10504	supercritical
494.69	691.00	201.98	0.0049511	980.79	1322.9	4.2963	2.4624	3.3664	878.77	-0.016212	2.8580e-05	0.10513	supercritical
495.69	691.00	201.61	0.0049600	983.54	1326.3	4.3031	2.4658	3.3685	878.59	-0.016209	2.8565e-05	0.10522	supercritical
496.69	691.00	201.25	0.0049689	986.29	1329.6	4.3099	2.4692	3.3707	878.42	-0.016207	2.8550e-05	0.10530	supercritical
497.69	691.00	200.89	0.0049778	989.05	1333.0	4.3167	2.4725	3.3729	878.25	-0.016204	2.8535e-05	0.10539	supercritical
498.69	691.00	200.53	0.0049867	991.81	1336.4	4.3235	2.4759	3.3750	878.08	-0.016202	2.8521e-05	0.10548	supercritical
499.69	691.00	200.18	0.0049956	994.57	1339.8	4.3303	2.4793	3.3772	877.92	-0.016201	2.8507e-05	0.10557	supercritical
500.69	691.00	199.82	0.0050045	997.33	1343.1	4.3370	2.4827	3.3794	877.76	-0.016200	2.8493e-05	0.10566	supercritical
501.69	691.00	199.47	0.0050134	1000.1	1346.5	4.3438	2.4861	3.3816	877.60	-0.016199	2.8479e-05	0.10575	supercritical
502.69	691.00	199.11	0.0050223	1002.9	1349.9	4.3505	2.4895	3.3838	877.45	-0.016198	2.8466e-05	0.10585	supercritical
503.69	691.00	198.76	0.0050312	1005.6	1353.3	4.3572	2.4929	3.3860	877.30	-0.016198	2.8453e-05	0.10594	supercritical
504.69	691.00	198.41	0.0050401	1008.4	1356.7	4.3639	2.4963	3.3882	877.16	-0.016198	2.8440e-05	0.10603	supercritical
505.69	691.00	198.06	0.0050490	1011.2	1360.1	4.3706	2.4997	3.3904	877.01	-0.016199	2.8427e-05	0.10613	supercritical
506.69	691.00	197.71	0.0050579	1014.0	1363.5	4.3773	2.5031	3.3927	876.88	-0.016200	2.8415e-05	0.10622	supercritical
507.69	691.00	197.36	0.0050668	1016.7	1366.9	4.3840	2.5065	3.3949	876.74	-0.016201	2.8402e-05	0.10632	supercritical
508.69	691.00	197.02	0.0050757	1019.5	1370.2	4.3907	2.5099	3.3971	876.61	-0.016203	2.8390e-05	0.10641	supercritical
509.69	691.00	196.67	0.0050846	1022.3	1373.6	4.3974	2.5134	3.3994	876.48	-0.016204	2.8378e-05	0.10651	supercritical
510.69	691.00	196.33	0.0050935	1025.1	1377.0	4.4041	2.5168	3.4016	876.36	-0.016206	2.8366e-05	0.10661	supercritical
511.69	691.00	195.99	0.0051024	1027.9	1380.4	4.4107	2.5202	3.4039	876.24	-0.016209	2.8355e-05	0.10671	supercritical
512.69	691.00	195.65	0.0051113	1030.7	1383.9	4.4174	2.5236	3.4061	876.12	-0.016212	2.8344e-05	0.10681	supercritical
513.69	691.00	195.31	0.0051201	1033.5	1387.3	4.4240	2.5270	3.4084	876.01	-0.016215	2.8332e-05	0.10691	supercritical
514.69	691.00	194.97	0.0051290	1036.3	1390.7	4.4306	2.5304	3.4107	875.90	-0.016218	2.8322e-05	0.10701	supercritical
515.69	691.00	194.63	0.0051379	1039.1	1394.1	4.4372	2.5338	3.4129	875.79	-0.016222	2.8311e-05	0.10711	supercritical
516.69	691.00	194.29	0.0051468	1041.9	1397.5	4.4439	2.5373	3.4152	875.69	-0.016226	2.8300e-05	0.10721	supercritical
517.69	691.00	193.96	0.0051557	1044.7	1400.9	4.4505	2.5407	3.4175	875.59	-0.016230	2.8290e-05	0.10732	supercritical
518.69	691.00	193.63	0.0051646	1047.5	1404.3	4.4571	2.5441	3.4198	875.49	-0.016234	2.8280e-05	0.10742	supercritical
519.69	691.00	193.29	0.0051735	1050.3	1407.8	4.4637	2.5475	3.4221	875.40	-0.016239	2.8270e-05	0.10752	supercritical
520.69	691.00	192.96	0.0051824	1053.1	1411.2	4.4702	2.5510	3.4244	875.30	-0.016244	2.8260e-05	0.10763	supercritical
521.69	691.00	192.63	0.0051912	1055.9	1414.6	4.4768	2.5544	3.4267	875.22	-0.016250	2.8251e-05	0.10773	supercritical
522.69	691.00	192.30	0.0052001	1058.7	1418.0	4.4834	2.5578	3.4290	875.13	-0.016255	2.8241e-05	0.10784	supercritical
523.69	691.00	191.97	0.0052090	1061.5	1421.5	4.4899	2.5612	3.4313	875.05	-0.016261	2.8232e-05	0.10795	supercritical
524.69	691.00	191.65	0.0052179	1064.3	1424.9	4.4965	2.5647	3.4337	874.97	-0.016267	2.8223e-05	0.10806	supercritical
525.69	691.00	191.32	0.0052268	1067.2	1428.3	4.5030	2.5681	3.4360	874.89	-0.016273	2.8214e-05	0.10816	supercritical
526.69	691.00	191.00	0.0052357	1070.0	1431.8	4.5095	2.5715	3.4383	874.82	-0.016280	2.8206e-05	0.10827	supercritical
527.69	691.00	190.67	0.0052445	1072.8	1435.2	4.5161	2.5750	3.4407	874.75	-0.016287	2.8197e-05	0.10838	supercritical
528.69	691.00	190.35	0.0052534	1075.6	1438.6	4.5226	2.5784	3.4430	874.68	-0.016294	2.8189e-05	0.10849	supercritical
529.69	691.00	190.03	0.0052623	1078.5	1442.1	4.5291	2.5818	3.4453	874.62	-0.016301	2.8181e-05	0.10860	supercritical
530.69	691.00	189.71	0.0052712	1081.3	1445.5	4.5356	2.5853	3.4477	874.56	-0.016309	2.8173e-05	0.10871	supercritical
531.69	691.00	189.39	0.0052800	1084.1	1449.0	4.5421	2.5887	3.4501	874.50	-0.016317	2.8165e-05	0.10883	supercritical
532.69	691.00	189.08	0.0052889	1087.0	1452.4	4.5486	2.5921	3.4524	874.44	-0.016325	2.8158e-05	0.10894	supercritical
533.69	691.00	188.76	0.0052978	1089.8	1455.9	4.5551	2.5956	3.4548	874.39	-0.016333	2.8150e-05	0.10905	supercritical
534.69	691.00	188.44	0.0053066	1092.7	1459.3	4.5615	2.5990	3.4572	874.34	-0.016341	2.8143e-05	0.10917	supercritical
535.69	691.00	188.13	0.0053155	1095.5	1462.8	4.5680	2.6024	3.4595	874.29	-0.016350	2.8136e-05	0.10928	supercritical
536.69	691.00	187.82	0.0053244	1098.4	1466.3	4.5744	2.6059	3.4619	874.25	-0.016359	2.8129e-05	0.10939	supercritical
537.69	691.00	187.50	0.0053332	1101.2	1469.7	4.5809	2.6093	3.4643	874.20	-0.016368	2.8122e-05	0.10951	supercritical
538.69	691.00	187.19	0.0053421	1104.1	1473.2	4.5873	2.6128	3.4667	874.16	-0.016377	2.8116e-05	0.10963	supercritical
539.69	691.00	186.88	0.0053510	1106.9	1476.7	4.5938	2.6162	3.4691	874.13	-0.016387	2.8109e-05	0.10974	supercritical
540.69	691.00	186.57	0.0053598	1109.8	1480.1	4.6002	2.6196	3.4715	874.09	-0.016397	2.8103e-05	0.10986	supercritical
541.69	691.00	186.27	0.0053687	1112.6	1483.6	4.6066	2.6231	3.4739	874.06	-0.016406	2.8097e-05	0.10998	supercritical
542.69	691.00	185.96	0.0053775	1115.5	1487.1	4.6130	2.6265	3.4763	874.03	-0.016417	2.8091e-05	0.11010	supercritical
543.69	691.00	185.65	0.0053864	1118.4	1490.6	4.6194	2.6300	3.4787	874.01	-0.016427	2.8085e-05	0.11022	supercritical
544.69	691.00	185.35	0.0053952	1121.2	1494.0	4.6258	2.6334	3.4812	873.98	-0.016437	2.8079e-05	0.11034	supercritical
545.69	691.00	185.04	0.0054041	1124.1	1497.5	4.6322	2.6369	3.4836	873.96	-0.016448	2.8074e-05	0.11046	supercritical
546.69	691.00	184.74	0.0054130	1127.0	1501.0	4.6386	2.6403	3.4860	873.94	-0.016459	2.8069e-05	0.11058	supercritical
547.69	691.00	184.44	0.0054218	1129.8	1504.5	4.6449	2.6437	3.4884	873.92	-0.016470	2.8063e-05	0.11070	supercritical
548.69	691.00	184.14	0.0054307	1132.7	1508.0	4.6513	2.6472	3.4909	873.91	-0.016481	2.8058e-05	0.11082	supercritical
549.69	691.00	183.84	0.0054395	1135.6	1511.5	4.6577	2.6506	3.4933	873.90	-0.016493	2.8054e-05	0.11094	supercritical
550.69	691.00	183.54	0.0054484	1138.5	1515.0	4.6640	2.6541	3.4958	873.89	-0.016504	2.8049e-05	0.11107	supercritical
551.69	691.00	183.24	0.0054572	1141.4	1518.5	4.6704	2.6575	3.4982	873.88	-0.016516	2.8044e-05	0.11119	supercritical
552.69	691.00	182.95	0.0054660	1144.3	1522.0	4.6767	2.6610	3.5007	873.88	-0.016528	2.8040e-05	0.11131	supercritical
553.69	691.00	182.65	0.0054749	1147.2	1525.5	4.6830	2.6644	3.5031	873.87	-0.016540	2.8035e-05	0.11144	supercritical
554.69	691.00	182.36	0.0054837	1150.0	1529.0	4.6894	2.6678	3.5056	873.87	-0.016552	2.8031e-05	0.11156	supercritical
555.69	691.00	182.06	0.0054926	1152.9	1532.5	4.6957	2.6713	3.5080	873.88	-0.016564	2.8027e-05	0.11169	supercritical
556.69	691.00	181.77	0.0055014	1155.8	1536.0	4.7020	2.6747	3.5105	873.88	-0.016577	2.8023e-05	0.11181	supercritical
557.69	691.00	181.48	0.0055102	1158.7	1539.5	4.7083	2.6782	3.5130	873.89	-0.016590	2.8020e-05	0.11194	supercritical
558.69	691.00	181.19	0.0055191	1161.6	1543.0	4.7146	2.6816	3.5155	873.90	-0.016602	2.8016e-05	0.11207	supercritical
559.69	691.00	180.90	0.0055279	1164.6	1546.5	4.7209	2.6851	3.5179	873.91	-0.016615	2.8013e-05	0.11220	supercritical
560.69	691.00	180.61	0.0055367	1167.5	1550.0	4.7271	2.6885	3.5204	873.92	-0.016628	2.8009e-05	0.11232	supercritical
561.69	691.00	180.32	0.0055456	1170.4	1553.6	4.7334	2.6920	3.5229	873.94	-0.016642	2.8006e-05	0.11245	supercritical
562.69	691.00	180.04	0.0055544	1173.3	1557.1	4.7397	2.6954	3.5254	873.96	-0.016655	2.8003e-05	0.11258	supercritical
563.69	691.00	179.75	0.0055632	1176.2	1560.6	4.7460	2.6988	3.5279	873.98	-0.016669	2.8000e-05	0.11271	supercritical
564.69	691.00	179.47	0.0055720	1179.1	1564.1	4.7522	2.7023	3.5304	874.00	-0.016682	2.7997e-05	0.11284	supercritical
565.69	691.00	179.18	0.0055809	1182.0	1567.7	4.7585	2.7057	3.5329	874.02	-0.016696	2.7995e-05	0.11297	supercritical
566.69	691.00	178.90	0.0055897	1185.0	1571.2	4.7647	2.7092	3.5354	874.05	-0.016710	2.7992e-05	0.11310	supercritical
567.69	691.00	178.62	0.0055985	1187.9	1574.8	4.7709	2.7126	3.5379	874.08	-0.016724	2.7990e-05	0.11324	supercritical
568.69	691.00	178.34	0.0056073	1190.8	1578.3	4.7772	2.7161	3.5404	874.11	-0.016738	2.7987e-05	0.11337	supercritical
569.69	691.00	178.06	0.0056161	1193.8	1581.8	4.7834	2.7195	3.5429	874.14	-0.016752	2.7985e-05	0.11350	supercritical
570.69	691.00	177.78	0.0056250	1196.7	1585.4	4.7896	2.7230	3.5455	874.17	-0.016767	2.7983e-05	0.11363	supercritical
571.69	691.00	177.50	0.0056338	1199.6	1588.9	4.7958	2.7264	3.5480	874.21	-0.016781	2.7981e-05	0.11377	supercritical
572.69	691.00	177.22	0.0056426	1202.6	1592.5	4.8020	2.7298	3.5505	874.25	-0.016796	2.7979e-05	0.11390	supercritical
573.69	691.00	176.95	0.0056514	1205.5	1596.0	4.8082	2.7333	3.5530	874.29	-0.016811	2.7978e-05	0.11404	supercritical
574.69	691.00	176.67	0.0056602	1208.5	1599.6	4.8144	2.7367	3.5556	874.33	-0.016826	2.7976e-05	0.11417	supercritical
575.69	691.00	176.40	0.0056690	1211.4	1603.1	4.8206	2.7402	3.5581	874.37	-0.016841	2.7975e-05	0.11431	supercritical
576.69	691.00	176.12	0.0056778	1214.4	1606.7	4.8268	2.7436	3.5606	874.42	-0.016856	2.7974e-05	0.11444	supercritical
577.69	691.00	175.85	0.0056866	1217.3	1610.3	4.8329	2.7470	3.5632	874.47	-0.016871	2.7972e-05	0.11458	supercritical
578.69	691.00	175.58	0.0056954	1220.3	1613.8	4.8391	2.7505	3.5657	874.52	-0.016886	2.7971e-05	0.11472	supercritical
579.69	691.00	175.31	0.0057042	1223.2	1617.4	4.8453	2.7539	3.5683	874.57	-0.016902	2.7970e-05	0.11486	supercritical
580.69	691.00	175.04	0.0057130	1226.2	1621.0	4.8514	2.7574	3.5708	874.62	-0.016917	2.7969e-05	0.11499	supercritical
581.69	691.00	174.77	0.0057218	1229.2	1624.5	4.8576	2.7608	3.5734	874.68	-0.016933	2.7969e-05	0.11513	supercritical
582.69	691.00	174.50	0.0057306	1232.1	1628.1	4.8637	2.7642	3.5760	874.74	-0.016948	2.7968e-05	0.11527	supercritical
583.69	691.00	174.23	0.0057394	1235.1	1631.7	4.8698	2.7677	3.5785	874.80	-0.016964	2.7968e-05	0.11541	supercritical
584.69	691.00	173.97	0.0057482	1238.1	1635.3	4.8760	2.7711	3.5811	874.86	-0.016980	2.7967e-05	0.11555	supercritical
585.69	691.00	173.70	0.0057570	1241.0	1638.8	4.8821	2.7745	3.5836	874.92	-0.016996	2.7967e-05	0.11569	supercritical
586.69	691.00	173.44	0.0057658	1244.0	1642.4	4.8882	2.7780	3.5862	874.98	-0.017012	2.7967e-05	0.11583	supercritical
587.69	691.00	173.17	0.0057746	1247.0	1646.0	4.8943	2.7814	3.5888	875.05	-0.017028	2.7967e-05	0.11597	supercritical
588.69	691.00	172.91	0.0057834	1250.0	1649.6	4.9004	2.7848	3.5914	875.12	-0.017044	2.7967e-05	0.11611	supercritical
589.69	691.00	172.65	0.0057921	1253.0	1653.2	4.9065	2.7883	3.5939	875.19	-0.017060	2.7967e-05	0.11626	supercritical
590.69	691.00	172.39	0.0058009	1256.0	1656.8	4.9126	2.7917	3.5965	875.26	-0.017077	2.7967e-05	0.11640	supercritical
591.69	691.00	172.13	0.0058097	1258.9	1660.4	4.9187	2.7951	3.5991	875.33	-0.017093	2.7968e-05	0.11654	supercritical
592.69	691.00	171.87	0.0058185	1261.9	1664.0	4.9248	2.7986	3.6017	875.40	-0.017110	2.7968e-05	0.11668	supercritical
593.69	691.00	171.61	0.0058273	1264.9	1667.6	4.9308	2.8020	3.6043	875.48	-0.017126	2.7969e-05	0.11683	supercritical
594.69	691.00	171.35	0.0058360	1267.9	1671.2	4.9369	2.8054	3.6069	875.56	-0.017143	2.7969e-05	0.11697	supercritical
595.69	691.00	171.09	0.0058448	1270.9	1674.8	4.9430	2.8089	3.6095	875.64	-0.017160	2.7970e-05	0.11712	supercritical
596.69	691.00	170.84	0.0058536	1273.9	1678.4	4.9490	2.8123	3.6121	875.72	-0.017176	2.7971e-05	0.11726	supercritical
597.69	691.00	170.58	0.0058623	1276.9	1682.0	4.9551	2.8157	3.6147	875.80	-0.017193	2.7972e-05	0.11741	supercritical
598.69	691.00	170.33	0.0058711	1280.0	1685.6	4.9611	2.8191	3.6173	875.89	-0.017210	2.7973e-05	0.11755	supercritical
599.69	691.00	170.07	0.0058799	1283.0	1689.3	4.9672	2.8226	3.6199	875.97	-0.017227	2.7974e-05	0.11770	supercritical
600.69	691.00	169.82	0.0058886	1286.0	1692.9	4.9732	2.8260	3.6225	876.06	-0.017244	2.7975e-05	0.11785	supercritical
601.69	691.00	169.57	0.0058974	1289.0	1696.5	4.9792	2.8294	3.6251	876.15	-0.017261	2.7977e-05	0.11799	supercritical
602.69	691.00	169.31	0.0059062	1292.0	1700.1	4.9852	2.8328	3.6277	876.24	-0.017279	2.7978e-05	0.11814	supercritical
603.69	691.00	169.06	0.0059149	1295.0	1703.8	4.9913	2.8363	3.6303	876.33	-0.017296	2.7980e-05	0.11829	supercritical
604.69	691.00	168.81	0.0059237	1298.1	1707.4	4.9973	2.8397	3.6329	876.42	-0.017313	2.7982e-05	0.11844	supercritical
605.69	691.00	168.56	0.0059324	1301.1	1711.0	5.0033	2.8431	3.6356	876.52	-0.017330	2.7983e-05	0.11858	supercritical
606.69	691.00	168.32	0.0059412	1304.1	1714.7	5.0093	2.8465	3.6382	876.62	-0.017348	2.7985e-05	0.11873	supercritical
607.69	691.00	168.07	0.0059499	1307.2	1718.3	5.0153	2.8499	3.6408	876.71	-0.017365	2.7987e-05	0.11888	supercritical
608.69	691.00	167.82	0.0059587	1310.2	1722.0	5.0213	2.8534	3.6434	876.81	-0.017383	2.7989e-05	0.11903	supercritical
609.69	691.00	167.58	0.0059674	1313.2	1725.6	5.0272	2.8568	3.6461	876.91	-0.017400	2.7991e-05	0.11918	supercritical
610.69	691.00	167.33	0.0059762	1316.3	1729.2	5.0332	2.8602	3.6487	877.02	-0.017418	2.7993e-05	0.11933	supercritical
611.69	691.00	167.09	0.0059849	1319.3	1732.9	5.0392	2.8636	3.6513	877.12	-0.017435	2.7996e-05	0.11948	supercritical
612.69	691.00	166.84	0.0059937	1322.4	1736.5	5.0452	2.8670	3.6540	877.22	-0.017453	2.7998e-05	0.11964	supercritical
613.69	691.00	166.60	0.0060024	1325.4	1740.2	5.0511	2.8704	3.6566	877.33	-0.017471	2.8001e-05	0.11979	supercritical
614.69	691.00	166.36	0.0060112	1328.5	1743.9	5.0571	2.8739	3.6592	877.44	-0.017489	2.8003e-05	0.11994	supercritical
615.69	691.00	166.12	0.0060199	1331.5	1747.5	5.0630	2.8773	3.6619	877.55	-0.017506	2.8006e-05	0.12009	supercritical
616.69	691.00	165.88	0.0060286	1334.6	1751.2	5.0690	2.8807	3.6645	877.66	-0.017524	2.8009e-05	0.12025	supercritical
617.69	691.00	165.64	0.0060374	1337.7	1754.9	5.0749	2.8841	3.6672	877.77	-0.017542	2.8011e-05	0.12040	supercritical
618.69	691.00	165.40	0.0060461	1340.7	1758.5	5.0808	2.8875	3.6698	877.88	-0.017560	2.8014e-05	0.12055	supercritical
619.69	691.00	165.16	0.0060548	1343.8	1762.2	5.0868	2.8909	3.6724	878.00	-0.017578	2.8017e-05	0.12071	supercritical
620.69	691.00	164.92	0.0060635	1346.9	1765.9	5.0927	2.8943	3.6751	878.11	-0.017596	2.8020e-05	0.12086	supercritical
621.69	691.00	164.68	0.0060723	1349.9	1769.5	5.0986	2.8977	3.6778	878.23	-0.017614	2.8024e-05	0.12102	supercritical
622.69	691.00	164.45	0.0060810	1353.0	1773.2	5.1045	2.9011	3.6804	878.35	-0.017632	2.8027e-05	0.12117	supercritical
623.69	691.00	164.21	0.0060897	1356.1	1776.9	5.1104	2.9045	3.6831	878.47	-0.017650	2.8030e-05	0.12133	supercritical
624.69	691.00	163.98	0.0060984	1359.2	1780.6	5.1163	2.9079	3.6857	878.59	-0.017668	2.8034e-05	0.12148	supercritical