Temperature (K)	Pressure (bar)	Density (kg/m3)	Volume (m3/kg)	Internal Energy (kJ/kg)	Enthalpy (kJ/kg)	Entropy (J/g*K)	Cv (J/g*K)	Cp (J/g*K)	Sound Spd. (m/s)	Joule-Thomson (K/bar)	Viscosity (Pa*s)	Therm. Cond. (W/m*K)	Phase
90.694	118.00	458.73	0.0021799	-78.227	-52.504	-0.78253	2.1957	3.3130	1613.8	-0.049855	0.00023854	0.22121	liquid
93.694	118.00	455.05	0.0021976	-68.489	-42.558	-0.67463	2.1774	3.3184	1589.7	-0.049410	0.00021530	0.21793	liquid
94.694	118.00	453.81	0.0022036	-65.240	-39.238	-0.63939	2.1716	3.3205	1581.6	-0.049249	0.00020856	0.21680	liquid
95.694	118.00	452.57	0.0022096	-61.990	-35.917	-0.60449	2.1660	3.3228	1573.5	-0.049081	0.00020223	0.21565	liquid
96.694	118.00	451.33	0.0022157	-58.737	-32.593	-0.56994	2.1605	3.3253	1565.3	-0.048908	0.00019628	0.21450	liquid
97.694	118.00	450.09	0.0022218	-55.483	-29.266	-0.53571	2.1552	3.3279	1557.1	-0.048728	0.00019068	0.21332	liquid
98.694	118.00	448.85	0.0022279	-52.227	-25.937	-0.50181	2.1499	3.3306	1548.8	-0.048544	0.00018538	0.21214	liquid
99.694	118.00	447.60	0.0022342	-48.968	-22.605	-0.46822	2.1447	3.3334	1540.5	-0.048353	0.00018036	0.21095	liquid
100.69	118.00	446.34	0.0022404	-45.707	-19.270	-0.43493	2.1396	3.3362	1532.2	-0.048157	0.00017560	0.20974	liquid
101.69	118.00	445.09	0.0022467	-42.444	-15.932	-0.40195	2.1346	3.3392	1523.9	-0.047955	0.00017108	0.20853	liquid
102.69	118.00	443.83	0.0022531	-39.178	-12.592	-0.36926	2.1297	3.3423	1515.5	-0.047748	0.00016677	0.20731	liquid
103.69	118.00	442.57	0.0022595	-35.910	-9.2478	-0.33686	2.1248	3.3455	1507.2	-0.047535	0.00016266	0.20607	liquid
104.69	118.00	441.30	0.0022660	-32.640	-5.9007	-0.30473	2.1200	3.3487	1498.8	-0.047317	0.00015874	0.20483	liquid
105.69	118.00	440.03	0.0022726	-29.367	-2.5504	-0.27288	2.1152	3.3520	1490.3	-0.047093	0.00015499	0.20359	liquid
106.69	118.00	438.76	0.0022792	-26.091	0.80325	-0.24130	2.1105	3.3554	1481.9	-0.046863	0.00015139	0.20233	liquid
107.69	118.00	437.48	0.0022858	-22.812	4.1603	-0.20998	2.1058	3.3588	1473.4	-0.046627	0.00014794	0.20107	liquid
108.69	118.00	436.20	0.0022925	-19.531	7.5209	-0.17892	2.1012	3.3623	1465.0	-0.046385	0.00014463	0.19980	liquid
109.69	118.00	434.91	0.0022993	-16.247	10.885	-0.14812	2.0966	3.3659	1456.5	-0.046137	0.00014144	0.19853	liquid
110.69	118.00	433.63	0.0023061	-12.960	14.253	-0.11755	2.0920	3.3695	1447.9	-0.045883	0.00013838	0.19726	liquid
111.69	118.00	432.33	0.0023130	-9.6698	17.624	-0.087234	2.0875	3.3732	1439.4	-0.045622	0.00013542	0.19598	liquid
112.69	118.00	431.03	0.0023200	-6.3768	20.999	-0.057151	2.0831	3.3770	1430.9	-0.045355	0.00013258	0.19469	liquid
113.69	118.00	429.73	0.0023270	-3.0808	24.378	-0.027299	2.0786	3.3809	1422.3	-0.045081	0.00012982	0.19340	liquid
114.69	118.00	428.43	0.0023341	0.21832	27.761	0.0023245	2.0742	3.3848	1413.7	-0.044800	0.00012717	0.19211	liquid
115.69	118.00	427.12	0.0023413	3.5206	31.148	0.031726	2.0698	3.3888	1405.1	-0.044511	0.00012460	0.19082	liquid
116.69	118.00	425.80	0.0023485	6.8261	34.539	0.060909	2.0655	3.3929	1396.5	-0.044216	0.00012211	0.18952	liquid
117.69	118.00	424.48	0.0023558	10.135	37.934	0.089878	2.0612	3.3971	1387.9	-0.043913	0.00011970	0.18822	liquid
118.69	118.00	423.15	0.0023632	13.447	41.333	0.11864	2.0569	3.4014	1379.3	-0.043602	0.00011736	0.18693	liquid
119.69	118.00	421.82	0.0023707	16.763	44.736	0.14719	2.0527	3.4057	1370.6	-0.043283	0.00011510	0.18562	liquid
120.69	118.00	420.49	0.0023782	20.082	48.144	0.17555	2.0485	3.4101	1362.0	-0.042956	0.00011290	0.18432	liquid
121.69	118.00	419.15	0.0023858	23.404	51.557	0.20370	2.0443	3.4147	1353.3	-0.042620	0.00011076	0.18302	liquid
122.69	118.00	417.80	0.0023935	26.731	54.974	0.23167	2.0402	3.4193	1344.6	-0.042276	0.00010869	0.18172	liquid
123.69	118.00	416.45	0.0024012	30.061	58.395	0.25944	2.0361	3.4240	1335.9	-0.041922	0.00010667	0.18041	liquid
124.69	118.00	415.09	0.0024091	33.395	61.822	0.28703	2.0320	3.4289	1327.2	-0.041560	0.00010471	0.17911	liquid
125.69	118.00	413.73	0.0024170	36.732	65.253	0.31444	2.0279	3.4338	1318.5	-0.041187	0.00010281	0.17781	liquid
126.69	118.00	412.36	0.0024251	40.074	68.689	0.34167	2.0239	3.4388	1309.8	-0.040805	0.00010095	0.17650	liquid
127.69	118.00	410.99	0.0024332	43.420	72.131	0.36873	2.0200	3.4440	1301.0	-0.040413	9.9141e-05	0.17520	liquid
128.69	118.00	409.61	0.0024414	46.770	75.578	0.39561	2.0160	3.4493	1292.3	-0.040010	9.7379e-05	0.17390	liquid
129.69	118.00	408.22	0.0024497	50.124	79.030	0.42233	2.0121	3.4547	1283.5	-0.039596	9.5663e-05	0.17260	liquid
130.69	118.00	406.83	0.0024580	53.482	82.487	0.44889	2.0083	3.4603	1274.7	-0.039171	9.3989e-05	0.17130	liquid
131.69	118.00	405.43	0.0024665	56.845	85.950	0.47529	2.0044	3.4659	1265.9	-0.038734	9.2356e-05	0.17000	liquid
132.69	118.00	404.02	0.0024751	60.213	89.419	0.50153	2.0006	3.4718	1257.1	-0.038285	9.0764e-05	0.16871	liquid
133.69	118.00	402.61	0.0024838	63.585	92.894	0.52761	1.9969	3.4777	1248.3	-0.037825	8.9210e-05	0.16741	liquid
134.69	118.00	401.19	0.0024926	66.962	96.374	0.55355	1.9931	3.4838	1239.5	-0.037351	8.7692e-05	0.16612	liquid
135.69	118.00	399.76	0.0025015	70.344	99.861	0.57934	1.9894	3.4901	1230.6	-0.036864	8.6211e-05	0.16483	liquid
136.69	118.00	398.33	0.0025105	73.731	103.35	0.60499	1.9858	3.4965	1221.8	-0.036364	8.4763e-05	0.16354	liquid
137.69	118.00	396.89	0.0025196	77.123	106.85	0.63050	1.9822	3.5031	1212.9	-0.035849	8.3349e-05	0.16225	liquid
138.69	118.00	395.44	0.0025289	80.520	110.36	0.65588	1.9786	3.5099	1204.0	-0.035321	8.1967e-05	0.16097	liquid
139.69	118.00	393.98	0.0025382	83.923	113.87	0.68112	1.9751	3.5168	1195.1	-0.034777	8.0617e-05	0.15969	liquid
140.69	118.00	392.51	0.0025477	87.332	117.39	0.70623	1.9716	3.5239	1186.2	-0.034218	7.9296e-05	0.15841	liquid
141.69	118.00	391.04	0.0025573	90.746	120.92	0.73121	1.9681	3.5312	1177.3	-0.033642	7.8004e-05	0.15713	liquid
142.69	118.00	389.56	0.0025670	94.166	124.46	0.75607	1.9647	3.5387	1168.4	-0.033051	7.6740e-05	0.15586	liquid
143.69	118.00	388.07	0.0025769	97.593	128.00	0.78081	1.9614	3.5465	1159.4	-0.032442	7.5503e-05	0.15459	liquid
144.69	118.00	386.57	0.0025869	101.03	131.55	0.80543	1.9580	3.5544	1150.4	-0.031815	7.4293e-05	0.15332	liquid
145.69	118.00	385.06	0.0025970	104.46	135.11	0.82994	1.9547	3.5625	1141.5	-0.031171	7.3108e-05	0.15206	liquid
146.69	118.00	383.54	0.0026073	107.91	138.68	0.85434	1.9515	3.5709	1132.5	-0.030507	7.1948e-05	0.15080	liquid
147.69	118.00	382.01	0.0026177	111.36	142.25	0.87863	1.9483	3.5795	1123.5	-0.029824	7.0812e-05	0.14954	liquid
148.69	118.00	380.48	0.0026283	114.82	145.83	0.90281	1.9451	3.5883	1114.4	-0.029120	6.9699e-05	0.14828	liquid
149.69	118.00	378.93	0.0026390	118.29	149.43	0.92689	1.9420	3.5974	1105.4	-0.028396	6.8609e-05	0.14703	liquid
150.69	118.00	377.38	0.0026499	121.76	153.03	0.95088	1.9390	3.6068	1096.3	-0.027650	6.7540e-05	0.14578	liquid
151.69	118.00	375.81	0.0026609	125.24	156.64	0.97476	1.9360	3.6164	1087.3	-0.026882	6.6493e-05	0.14453	liquid
152.69	118.00	374.23	0.0026722	128.73	160.26	0.99856	1.9330	3.6263	1078.2	-0.026090	6.5466e-05	0.14329	liquid
153.69	118.00	372.64	0.0026835	132.23	163.89	1.0223	1.9301	3.6365	1069.1	-0.025274	6.4460e-05	0.14205	liquid
154.69	118.00	371.04	0.0026951	135.73	167.54	1.0459	1.9272	3.6469	1060.0	-0.024433	6.3473e-05	0.14082	liquid
155.69	118.00	369.43	0.0027069	139.25	171.19	1.0694	1.9243	3.6577	1050.8	-0.023566	6.2504e-05	0.13959	liquid
156.69	118.00	367.81	0.0027188	142.77	174.85	1.0929	1.9216	3.6688	1041.7	-0.022672	6.1554e-05	0.13836	liquid
157.69	118.00	366.17	0.0027310	146.30	178.53	1.1162	1.9188	3.6802	1032.5	-0.021750	6.0622e-05	0.13713	liquid
158.69	118.00	364.52	0.0027433	149.84	182.21	1.1395	1.9161	3.6920	1023.4	-0.020800	5.9707e-05	0.13591	liquid
159.69	118.00	362.86	0.0027559	153.39	185.91	1.1628	1.9135	3.7041	1014.2	-0.019819	5.8809e-05	0.13469	liquid
160.69	118.00	361.19	0.0027686	156.95	189.62	1.1859	1.9109	3.7166	1004.9	-0.018807	5.7927e-05	0.13348	liquid
161.69	118.00	359.50	0.0027816	160.52	193.34	1.2090	1.9084	3.7295	995.72	-0.017762	5.7061e-05	0.13227	liquid
162.69	118.00	357.80	0.0027948	164.10	197.08	1.2321	1.9059	3.7428	986.47	-0.016684	5.6210e-05	0.13106	liquid
163.69	118.00	356.09	0.0028083	167.69	200.83	1.2550	1.9035	3.7565	977.21	-0.015571	5.5375e-05	0.12986	liquid
164.69	118.00	354.36	0.0028220	171.29	204.59	1.2780	1.9012	3.7706	967.93	-0.014421	5.4553e-05	0.12866	liquid
165.69	118.00	352.61	0.0028360	174.91	208.37	1.3008	1.8989	3.7851	958.63	-0.013234	5.3746e-05	0.12746	liquid
166.69	118.00	350.85	0.0028502	178.53	212.16	1.3237	1.8966	3.8001	949.32	-0.012007	5.2953e-05	0.12627	liquid
167.69	118.00	349.08	0.0028647	182.17	215.97	1.3464	1.8944	3.8156	939.99	-0.010738	5.2173e-05	0.12508	liquid
168.69	118.00	347.29	0.0028795	185.82	219.79	1.3692	1.8923	3.8316	930.64	-0.0094276	5.1405e-05	0.12390	liquid
169.69	118.00	345.48	0.0028946	189.48	223.63	1.3919	1.8902	3.8481	921.28	-0.0080723	5.0651e-05	0.12272	liquid
170.69	118.00	343.65	0.0029099	193.15	227.49	1.4145	1.8882	3.8651	911.90	-0.0066706	4.9908e-05	0.12154	liquid
171.69	118.00	341.81	0.0029256	196.84	231.36	1.4371	1.8862	3.8826	902.50	-0.0052205	4.9177e-05	0.12037	liquid
172.69	118.00	339.94	0.0029417	200.54	235.26	1.4597	1.8844	3.9008	893.09	-0.0037201	4.8458e-05	0.11920	liquid
173.69	118.00	338.06	0.0029580	204.26	239.17	1.4823	1.8825	3.9195	883.67	-0.0021671	4.7750e-05	0.11803	liquid
174.69	118.00	336.16	0.0029747	207.99	243.09	1.5049	1.8808	3.9389	874.23	-0.00055936	4.7052e-05	0.11687	liquid
175.69	118.00	334.24	0.0029918	211.74	247.04	1.5274	1.8791	3.9589	864.77	0.0011056	4.6365e-05	0.11572	liquid
176.69	118.00	332.30	0.0030093	215.50	251.01	1.5499	1.8774	3.9796	855.30	0.0028302	4.5689e-05	0.11457	liquid
177.69	118.00	330.34	0.0030272	219.28	255.00	1.5725	1.8759	4.0010	845.82	0.0046172	4.5022e-05	0.11342	liquid
178.69	118.00	328.36	0.0030455	223.08	259.01	1.5950	1.8744	4.0231	836.33	0.0064693	4.4364e-05	0.11228	liquid
179.69	118.00	326.35	0.0030642	226.89	263.05	1.6175	1.8730	4.0460	826.82	0.0083893	4.3716e-05	0.11115	liquid
180.69	118.00	324.32	0.0030833	230.72	267.11	1.6400	1.8716	4.0696	817.31	0.010380	4.3077e-05	0.11002	liquid
181.69	118.00	322.27	0.0031030	234.57	271.19	1.6625	1.8704	4.0941	807.78	0.012446	4.2446e-05	0.10889	liquid
182.69	118.00	320.19	0.0031231	238.44	275.30	1.6851	1.8692	4.1194	798.25	0.014589	4.1824e-05	0.10778	liquid
183.69	118.00	318.09	0.0031438	242.33	279.43	1.7076	1.8680	4.1456	788.71	0.016813	4.1210e-05	0.10667	liquid
184.69	118.00	315.96	0.0031649	246.24	283.59	1.7302	1.8670	4.1727	779.16	0.019122	4.0604e-05	0.10557	liquid
185.69	118.00	313.81	0.0031867	250.17	287.77	1.7528	1.8660	4.2008	769.61	0.021520	4.0005e-05	0.10448	liquid
186.69	118.00	311.62	0.0032090	254.12	291.99	1.7755	1.8651	4.2298	760.05	0.024010	3.9414e-05	0.10340	liquid
187.69	118.00	309.41	0.0032320	258.10	296.23	1.7981	1.8643	4.2599	750.50	0.026598	3.8830e-05	0.10234	liquid
188.69	118.00	307.17	0.0032555	262.09	300.51	1.8209	1.8636	4.2911	740.94	0.029287	3.8252e-05	0.10130	liquid
189.69	118.00	304.90	0.0032798	266.11	304.82	1.8436	1.8630	4.3233	731.39	0.032083	3.7682e-05	0.10029	liquid
190.69	118.00	302.59	0.0033047	270.16	309.16	1.8664	1.8624	4.3567	721.85	0.034989	3.7117e-05	0.099334	supercritical
191.69	118.00	300.26	0.0033304	274.23	313.53	1.8893	1.8620	4.3912	712.32	0.038012	3.6559e-05	0.098152	supercritical
192.69	118.00	297.89	0.0033569	278.33	317.94	1.9123	1.8616	4.4269	702.79	0.041156	3.6007e-05	0.097030	supercritical
193.69	118.00	295.49	0.0033842	282.45	322.38	1.9353	1.8613	4.4639	693.29	0.044426	3.5461e-05	0.095927	supercritical
194.69	118.00	293.05	0.0034124	286.60	326.87	1.9583	1.8611	4.5022	683.80	0.047829	3.4921e-05	0.094835	supercritical
195.69	118.00	290.58	0.0034414	290.78	331.39	1.9815	1.8610	4.5418	674.35	0.051371	3.4385e-05	0.093752	supercritical
196.69	118.00	288.07	0.0034714	294.99	335.95	2.0048	1.8609	4.5827	664.92	0.055056	3.3856e-05	0.092677	supercritical
197.69	118.00	285.52	0.0035024	299.23	340.55	2.0281	1.8610	4.6249	655.52	0.058891	3.3331e-05	0.091610	supercritical
198.69	118.00	282.93	0.0035344	303.50	345.20	2.0516	1.8611	4.6685	646.17	0.062883	3.2811e-05	0.090550	supercritical
199.69	118.00	280.31	0.0035675	307.80	349.89	2.0751	1.8614	4.7135	636.86	0.067037	3.2296e-05	0.089498	supercritical
200.69	118.00	277.64	0.0036018	312.13	354.63	2.0988	1.8617	4.7598	627.61	0.071360	3.1786e-05	0.088453	supercritical
201.69	118.00	274.93	0.0036373	316.49	359.41	2.1225	1.8621	4.8075	618.42	0.075856	3.1281e-05	0.087416	supercritical
202.69	118.00	272.18	0.0036740	320.89	364.24	2.1464	1.8625	4.8565	609.30	0.080533	3.0780e-05	0.086387	supercritical
203.69	118.00	269.39	0.0037121	325.32	369.13	2.1705	1.8631	4.9067	600.25	0.085396	3.0284e-05	0.085366	supercritical
204.69	118.00	266.55	0.0037517	329.79	374.06	2.1946	1.8637	4.9581	591.30	0.090448	2.9793e-05	0.084354	supercritical
205.69	118.00	263.67	0.0037926	334.29	379.04	2.2189	1.8643	5.0105	582.45	0.095694	2.9306e-05	0.083352	supercritical
206.69	118.00	260.74	0.0038352	338.82	384.08	2.2433	1.8651	5.0638	573.71	0.10114	2.8823e-05	0.082359	supercritical
207.69	118.00	257.78	0.0038793	343.39	389.17	2.2679	1.8658	5.1178	565.09	0.10678	2.8346e-05	0.081376	supercritical
208.69	118.00	254.77	0.0039252	348.00	394.31	2.2926	1.8666	5.1723	556.61	0.11262	2.7873e-05	0.080404	supercritical
209.69	118.00	251.71	0.0039728	352.64	399.51	2.3175	1.8674	5.2269	548.28	0.11866	2.7405e-05	0.079443	supercritical
210.69	118.00	248.62	0.0040222	357.31	404.77	2.3425	1.8682	5.2812	540.11	0.12489	2.6942e-05	0.078494	supercritical
211.69	118.00	245.48	0.0040736	362.01	410.08	2.3676	1.8690	5.3350	532.13	0.13131	2.6484e-05	0.077557	supercritical
212.69	118.00	242.31	0.0041269	366.74	415.44	2.3929	1.8698	5.3876	524.34	0.13790	2.6033e-05	0.076632	supercritical
213.69	118.00	239.10	0.0041823	371.50	420.85	2.4183	1.8705	5.4386	516.77	0.14467	2.5587e-05	0.075721	supercritical
214.69	118.00	235.86	0.0042397	376.29	426.31	2.4438	1.8712	5.4873	509.43	0.15158	2.5148e-05	0.074824	supercritical
215.69	118.00	232.60	0.0042993	381.09	431.83	2.4694	1.8719	5.5333	502.32	0.15863	2.4715e-05	0.073940	supercritical
216.69	118.00	229.31	0.0043610	385.92	437.38	2.4951	1.8724	5.5758	495.48	0.16580	2.4290e-05	0.073072	supercritical
217.69	118.00	226.00	0.0044249	390.76	442.98	2.5208	1.8729	5.6143	488.91	0.17307	2.3873e-05	0.072217	supercritical
218.69	118.00	222.67	0.0044909	395.61	448.61	2.5466	1.8733	5.6482	482.62	0.18041	2.3465e-05	0.071378	supercritical
219.69	118.00	219.34	0.0045591	400.47	454.27	2.5725	1.8736	5.6770	476.62	0.18780	2.3065e-05	0.070553	supercritical
220.69	118.00	216.01	0.0046295	405.33	459.96	2.5983	1.8738	5.7002	470.92	0.19521	2.2675e-05	0.069744	supercritical
221.69	118.00	212.68	0.0047019	410.19	465.67	2.6241	1.8738	5.7175	465.53	0.20261	2.2295e-05	0.068950	supercritical
222.69	118.00	209.36	0.0047764	415.03	471.39	2.6499	1.8737	5.7287	460.44	0.20999	2.1926e-05	0.068170	supercritical
223.69	118.00	206.07	0.0048528	419.86	477.12	2.6756	1.8735	5.7336	455.65	0.21732	2.1567e-05	0.067406	supercritical
224.69	118.00	202.79	0.0049311	424.67	482.86	2.7011	1.8732	5.7320	451.18	0.22456	2.1220e-05	0.066656	supercritical
225.69	118.00	199.55	0.0050112	429.45	488.59	2.7266	1.8727	5.7242	447.00	0.23169	2.0884e-05	0.065921	supercritical
226.69	118.00	196.35	0.0050930	434.21	494.30	2.7519	1.8721	5.7101	443.13	0.23870	2.0560e-05	0.065200	supercritical
227.69	118.00	193.19	0.0051764	438.92	500.00	2.7769	1.8714	5.6900	439.54	0.24555	2.0248e-05	0.064494	supercritical
228.69	118.00	190.07	0.0052612	443.60	505.68	2.8018	1.8706	5.6643	436.24	0.25223	1.9948e-05	0.063803	supercritical
229.69	118.00	187.01	0.0053473	448.23	511.33	2.8265	1.8696	5.6331	433.21	0.25871	1.9661e-05	0.063127	supercritical
230.69	118.00	184.01	0.0054346	452.82	516.95	2.8509	1.8686	5.5970	430.44	0.26498	1.9385e-05	0.062465	supercritical
231.69	118.00	181.06	0.0055229	457.35	522.52	2.8750	1.8674	5.5564	427.93	0.27102	1.9121e-05	0.061818	supercritical
232.69	118.00	178.18	0.0056122	461.83	528.06	2.8988	1.8661	5.5117	425.66	0.27682	1.8870e-05	0.061186	supercritical
233.69	118.00	175.37	0.0057023	466.26	533.55	2.9224	1.8648	5.4633	423.62	0.28237	1.8629e-05	0.060569	supercritical
234.69	118.00	172.62	0.0057930	470.63	538.98	2.9456	1.8633	5.4119	421.80	0.28765	1.8400e-05	0.059969	supercritical
235.69	118.00	169.95	0.0058842	474.93	544.37	2.9685	1.8618	5.3577	420.18	0.29265	1.8183e-05	0.059384	supercritical
236.69	118.00	167.34	0.0059759	479.18	549.70	2.9910	1.8602	5.3014	418.77	0.29739	1.7975e-05	0.058815	supercritical
237.69	118.00	164.80	0.0060679	483.37	554.97	3.0133	1.8586	5.2433	417.53	0.30184	1.7779e-05	0.058262	supercritical
238.69	118.00	162.33	0.0061601	487.49	560.18	3.0352	1.8569	5.1839	416.47	0.30602	1.7592e-05	0.057726	supercritical
239.69	118.00	159.94	0.0062524	491.56	565.34	3.0567	1.8551	5.1236	415.57	0.30992	1.7415e-05	0.057207	supercritical
240.69	118.00	157.61	0.0063448	495.56	570.43	3.0779	1.8533	5.0627	414.82	0.31355	1.7247e-05	0.056704	supercritical
241.69	118.00	155.35	0.0064370	499.51	575.46	3.0988	1.8515	5.0016	414.20	0.31691	1.7087e-05	0.056219	supercritical
242.69	118.00	153.16	0.0065292	503.39	580.43	3.1193	1.8496	4.9406	413.72	0.32001	1.6936e-05	0.055750	supercritical
243.69	118.00	151.03	0.0066211	507.22	585.34	3.1395	1.8478	4.8798	413.35	0.32285	1.6794e-05	0.055298	supercritical
244.69	118.00	148.97	0.0067128	510.98	590.19	3.1593	1.8459	4.8196	413.10	0.32545	1.6658e-05	0.054862	supercritical
245.69	118.00	146.97	0.0068042	514.69	594.98	3.1789	1.8441	4.7602	412.94	0.32780	1.6531e-05	0.054443	supercritical
246.69	118.00	145.03	0.0068952	518.35	599.71	3.1981	1.8422	4.7016	412.88	0.32993	1.6409e-05	0.054041	supercritical
247.69	118.00	143.15	0.0069858	521.96	604.39	3.2170	1.8404	4.6441	412.91	0.33184	1.6295e-05	0.053654	supercritical
248.69	118.00	141.32	0.0070760	525.51	609.00	3.2356	1.8386	4.5878	413.01	0.33354	1.6187e-05	0.053283	supercritical
249.69	118.00	139.55	0.0071658	529.01	613.56	3.2539	1.8368	4.5326	413.19	0.33504	1.6084e-05	0.052928	supercritical
250.69	118.00	137.84	0.0072550	532.46	618.07	3.2719	1.8350	4.4788	413.43	0.33635	1.5987e-05	0.052588	supercritical
251.69	118.00	136.17	0.0073438	535.86	622.52	3.2896	1.8333	4.4264	413.73	0.33748	1.5896e-05	0.052262	supercritical
252.69	118.00	134.55	0.0074321	539.22	626.92	3.3071	1.8317	4.3753	414.09	0.33843	1.5809e-05	0.051951	supercritical
253.69	118.00	132.98	0.0075198	542.54	631.27	3.3243	1.8300	4.3257	414.50	0.33922	1.5727e-05	0.051654	supercritical
254.69	118.00	131.46	0.0076070	545.81	635.57	3.3412	1.8285	4.2775	414.96	0.33986	1.5650e-05	0.051370	supercritical
255.69	118.00	129.98	0.0076937	549.04	639.83	3.3579	1.8270	4.2307	415.46	0.34035	1.5577e-05	0.051100	supercritical
256.69	118.00	128.54	0.0077799	552.23	644.04	3.3743	1.8255	4.1853	416.00	0.34071	1.5508e-05	0.050842	supercritical
257.69	118.00	127.14	0.0078654	555.39	648.20	3.3905	1.8241	4.1414	416.57	0.34093	1.5442e-05	0.050597	supercritical
258.69	118.00	125.78	0.0079505	558.50	652.32	3.4064	1.8228	4.0988	417.18	0.34104	1.5381e-05	0.050363	supercritical
259.69	118.00	124.46	0.0080350	561.58	656.40	3.4222	1.8215	4.0576	417.82	0.34103	1.5323e-05	0.050141	supercritical
260.69	118.00	123.17	0.0081189	564.63	660.43	3.4377	1.8203	4.0177	418.48	0.34091	1.5268e-05	0.049930	supercritical
261.69	118.00	121.92	0.0082023	567.65	664.43	3.4530	1.8191	3.9790	419.17	0.34069	1.5216e-05	0.049729	supercritical
262.69	118.00	120.70	0.0082852	570.63	668.39	3.4681	1.8180	3.9417	419.88	0.34037	1.5167e-05	0.049539	supercritical
263.69	118.00	119.51	0.0083676	573.58	672.32	3.4830	1.8170	3.9056	420.61	0.33996	1.5120e-05	0.049359	supercritical
264.69	118.00	118.35	0.0084494	576.50	676.20	3.4977	1.8161	3.8707	421.36	0.33947	1.5077e-05	0.049188	supercritical
265.69	118.00	117.22	0.0085307	579.40	680.06	3.5122	1.8152	3.8369	422.13	0.33890	1.5036e-05	0.049027	supercritical
266.69	118.00	116.12	0.0086115	582.26	683.88	3.5266	1.8143	3.8043	422.91	0.33826	1.4997e-05	0.048875	supercritical
267.69	118.00	115.05	0.0086918	585.10	687.67	3.5408	1.8136	3.7727	423.71	0.33755	1.4961e-05	0.048731	supercritical
268.69	118.00	114.00	0.0087716	587.92	691.42	3.5548	1.8129	3.7422	424.52	0.33677	1.4926e-05	0.048595	supercritical
269.69	118.00	112.98	0.0088509	590.71	695.15	3.5686	1.8123	3.7127	425.34	0.33593	1.4894e-05	0.048468	supercritical
270.69	118.00	111.99	0.0089297	593.48	698.85	3.5823	1.8117	3.6842	426.17	0.33504	1.4864e-05	0.048348	supercritical
271.69	118.00	111.01	0.0090081	596.23	702.52	3.5959	1.8112	3.6566	427.01	0.33409	1.4836e-05	0.048235	supercritical
272.69	118.00	110.06	0.0090859	598.95	706.16	3.6092	1.8108	3.6299	427.85	0.33309	1.4809e-05	0.048129	supercritical
273.69	118.00	109.13	0.0091634	601.65	709.78	3.6225	1.8104	3.6042	428.71	0.33204	1.4784e-05	0.048031	supercritical
274.69	118.00	108.22	0.0092404	604.34	713.37	3.6356	1.8101	3.5792	429.57	0.33096	1.4761e-05	0.047939	supercritical
275.69	118.00	107.33	0.0093169	607.00	716.94	3.6485	1.8099	3.5551	430.44	0.32983	1.4740e-05	0.047853	supercritical
276.69	118.00	106.46	0.0093930	609.65	720.48	3.6614	1.8097	3.5318	431.31	0.32866	1.4720e-05	0.047773	supercritical
277.69	118.00	105.61	0.0094687	612.27	724.00	3.6741	1.8096	3.5092	432.19	0.32746	1.4701e-05	0.047700	supercritical
278.69	118.00	104.78	0.0095440	614.88	727.50	3.6866	1.8095	3.4873	433.07	0.32623	1.4684e-05	0.047632	supercritical
279.69	118.00	103.96	0.0096188	617.48	730.98	3.6991	1.8095	3.4662	433.95	0.32496	1.4668e-05	0.047570	supercritical
280.69	118.00	103.16	0.0096933	620.05	734.43	3.7114	1.8096	3.4457	434.84	0.32367	1.4653e-05	0.047513	supercritical
281.69	118.00	102.38	0.0097674	622.62	737.87	3.7236	1.8097	3.4259	435.73	0.32235	1.4639e-05	0.047461	supercritical
282.69	118.00	101.62	0.0098411	625.16	741.29	3.7358	1.8099	3.4068	436.62	0.32101	1.4627e-05	0.047414	supercritical
283.69	118.00	100.86	0.0099144	627.69	744.68	3.7478	1.8101	3.3882	437.52	0.31964	1.4616e-05	0.047372	supercritical
284.69	118.00	100.13	0.0099873	630.21	748.06	3.7596	1.8104	3.3702	438.41	0.31825	1.4605e-05	0.047334	supercritical
285.69	118.00	99.405	0.010060	632.72	751.42	3.7714	1.8107	3.3528	439.31	0.31685	1.4596e-05	0.047301	supercritical
286.69	118.00	98.696	0.010132	635.21	754.77	3.7831	1.8111	3.3360	440.20	0.31542	1.4588e-05	0.047273	supercritical
287.69	118.00	98.001	0.010204	637.69	758.10	3.7947	1.8115	3.3196	441.10	0.31398	1.4581e-05	0.047249	supercritical
288.69	118.00	97.319	0.010275	640.16	761.41	3.8062	1.8120	3.3038	441.99	0.31253	1.4574e-05	0.047228	supercritical
289.69	118.00	96.649	0.010347	642.61	764.70	3.8176	1.8126	3.2885	442.89	0.31106	1.4569e-05	0.047212	supercritical
290.69	118.00	95.992	0.010418	645.06	767.99	3.8289	1.8132	3.2736	443.79	0.30958	1.4564e-05	0.047200	supercritical
291.69	118.00	95.346	0.010488	647.49	771.25	3.8401	1.8138	3.2592	444.68	0.30809	1.4560e-05	0.047191	supercritical
292.69	118.00	94.712	0.010558	649.92	774.50	3.8512	1.8145	3.2453	445.58	0.30659	1.4557e-05	0.047186	supercritical
293.69	118.00	94.089	0.010628	652.33	777.74	3.8623	1.8152	3.2318	446.47	0.30507	1.4555e-05	0.047184	supercritical
294.69	118.00	93.477	0.010698	654.73	780.97	3.8733	1.8160	3.2187	447.36	0.30355	1.4553e-05	0.047186	supercritical
295.69	118.00	92.875	0.010767	657.13	784.18	3.8841	1.8168	3.2060	448.25	0.30203	1.4552e-05	0.047191	supercritical
296.69	118.00	92.284	0.010836	659.51	787.38	3.8949	1.8177	3.1936	449.14	0.30049	1.4552e-05	0.047199	supercritical
297.69	118.00	91.702	0.010905	661.89	790.57	3.9057	1.8186	3.1817	450.03	0.29896	1.4553e-05	0.047210	supercritical
298.69	118.00	91.130	0.010973	664.26	793.74	3.9163	1.8196	3.1701	450.91	0.29741	1.4554e-05	0.047224	supercritical
299.69	118.00	90.568	0.011041	666.62	796.91	3.9269	1.8206	3.1589	451.80	0.29586	1.4555e-05	0.047242	supercritical
300.69	118.00	90.014	0.011109	668.97	800.06	3.9374	1.8216	3.1480	452.68	0.29431	1.4558e-05	0.047262	supercritical
301.69	118.00	89.469	0.011177	671.32	803.20	3.9478	1.8227	3.1374	453.56	0.29276	1.4561e-05	0.047285	supercritical
302.69	118.00	88.933	0.011244	673.65	806.34	3.9582	1.8238	3.1272	454.44	0.29120	1.4564e-05	0.047310	supercritical
303.69	118.00	88.406	0.011311	675.98	809.46	3.9685	1.8250	3.1173	455.31	0.28964	1.4568e-05	0.047338	supercritical
304.69	118.00	87.886	0.011378	678.31	812.57	3.9787	1.8262	3.1076	456.19	0.28808	1.4572e-05	0.047369	supercritical
305.69	118.00	87.375	0.011445	680.62	815.67	3.9889	1.8274	3.0983	457.06	0.28652	1.4577e-05	0.047402	supercritical
306.69	118.00	86.871	0.011511	682.93	818.77	3.9990	1.8287	3.0892	457.93	0.28496	1.4583e-05	0.047438	supercritical
307.69	118.00	86.375	0.011577	685.24	821.85	4.0090	1.8300	3.0805	458.79	0.28340	1.4588e-05	0.047476	supercritical
308.69	118.00	85.886	0.011643	687.54	824.93	4.0190	1.8314	3.0719	459.66	0.28184	1.4595e-05	0.047516	supercritical
309.69	118.00	85.405	0.011709	689.83	828.00	4.0289	1.8328	3.0637	460.52	0.28028	1.4601e-05	0.047559	supercritical
310.69	118.00	84.930	0.011774	692.12	831.06	4.0388	1.8342	3.0557	461.38	0.27873	1.4609e-05	0.047604	supercritical
311.69	118.00	84.463	0.011840	694.40	834.11	4.0486	1.8357	3.0479	462.23	0.27717	1.4616e-05	0.047651	supercritical
312.69	118.00	84.002	0.011905	696.68	837.15	4.0584	1.8372	3.0404	463.09	0.27562	1.4624e-05	0.047700	supercritical
313.69	118.00	83.547	0.011969	698.95	840.19	4.0681	1.8387	3.0331	463.94	0.27407	1.4632e-05	0.047751	supercritical
314.69	118.00	83.099	0.012034	701.22	843.22	4.0777	1.8403	3.0260	464.79	0.27252	1.4641e-05	0.047804	supercritical
315.69	118.00	82.657	0.012098	703.48	846.24	4.0873	1.8419	3.0191	465.63	0.27098	1.4650e-05	0.047859	supercritical
316.69	118.00	82.221	0.012162	705.74	849.26	4.0968	1.8435	3.0125	466.48	0.26944	1.4660e-05	0.047916	supercritical
317.69	118.00	81.791	0.012226	708.00	852.27	4.1063	1.8452	3.0060	467.32	0.26790	1.4669e-05	0.047975	supercritical
318.69	118.00	81.367	0.012290	710.25	855.27	4.1158	1.8469	2.9998	468.15	0.26637	1.4679e-05	0.048035	supercritical
319.69	118.00	80.949	0.012354	712.49	858.27	4.1251	1.8486	2.9937	468.99	0.26484	1.4690e-05	0.048098	supercritical
320.69	118.00	80.536	0.012417	714.74	861.26	4.1345	1.8503	2.9878	469.82	0.26331	1.4701e-05	0.048162	supercritical
321.69	118.00	80.128	0.012480	716.98	864.24	4.1438	1.8521	2.9822	470.65	0.26179	1.4712e-05	0.048228	supercritical
322.69	118.00	79.726	0.012543	719.21	867.22	4.1530	1.8539	2.9767	471.48	0.26028	1.4723e-05	0.048296	supercritical
323.69	118.00	79.329	0.012606	721.45	870.19	4.1622	1.8558	2.9713	472.30	0.25877	1.4735e-05	0.048365	supercritical
324.69	118.00	78.937	0.012668	723.68	873.16	4.1714	1.8576	2.9662	473.12	0.25726	1.4746e-05	0.048436	supercritical
325.69	118.00	78.550	0.012731	725.90	876.13	4.1805	1.8595	2.9612	473.94	0.25576	1.4759e-05	0.048508	supercritical
326.69	118.00	78.167	0.012793	728.13	879.09	4.1896	1.8615	2.9563	474.75	0.25427	1.4771e-05	0.048582	supercritical
327.69	118.00	77.790	0.012855	730.35	882.04	4.1986	1.8634	2.9517	475.57	0.25278	1.4784e-05	0.048657	supercritical
328.69	118.00	77.417	0.012917	732.57	884.99	4.2076	1.8654	2.9472	476.38	0.25130	1.4797e-05	0.048734	supercritical
329.69	118.00	77.049	0.012979	734.78	887.93	4.2165	1.8674	2.9428	477.18	0.24982	1.4810e-05	0.048813	supercritical
330.69	118.00	76.685	0.013040	737.00	890.87	4.2254	1.8694	2.9386	477.99	0.24835	1.4823e-05	0.048893	supercritical
331.69	118.00	76.325	0.013102	739.21	893.81	4.2343	1.8715	2.9345	478.79	0.24688	1.4837e-05	0.048974	supercritical
332.69	118.00	75.970	0.013163	741.42	896.74	4.2431	1.8736	2.9305	479.59	0.24543	1.4851e-05	0.049057	supercritical
333.69	118.00	75.619	0.013224	743.63	899.67	4.2519	1.8757	2.9267	480.38	0.24397	1.4865e-05	0.049141	supercritical
334.69	118.00	75.272	0.013285	745.83	902.60	4.2607	1.8778	2.9230	481.18	0.24253	1.4879e-05	0.049226	supercritical
335.69	118.00	74.929	0.013346	748.04	905.52	4.2694	1.8800	2.9195	481.97	0.24109	1.4893e-05	0.049313	supercritical
336.69	118.00	74.590	0.013407	750.24	908.44	4.2781	1.8822	2.9161	482.76	0.23965	1.4908e-05	0.049401	supercritical
337.69	118.00	74.255	0.013467	752.44	911.35	4.2867	1.8844	2.9128	483.54	0.23823	1.4923e-05	0.049490	supercritical
338.69	118.00	73.924	0.013527	754.64	914.26	4.2953	1.8866	2.9096	484.32	0.23681	1.4938e-05	0.049580	supercritical
339.69	118.00	73.596	0.013588	756.84	917.17	4.3039	1.8888	2.9065	485.10	0.23539	1.4953e-05	0.049672	supercritical
340.69	118.00	73.272	0.013648	759.03	920.07	4.3124	1.8911	2.9036	485.88	0.23398	1.4969e-05	0.049765	supercritical
341.69	118.00	72.952	0.013708	761.23	922.98	4.3209	1.8934	2.9008	486.66	0.23258	1.4984e-05	0.049859	supercritical
342.69	118.00	72.635	0.013767	763.42	925.88	4.3294	1.8957	2.8980	487.43	0.23119	1.5000e-05	0.049954	supercritical
343.69	118.00	72.322	0.013827	765.61	928.77	4.3378	1.8981	2.8954	488.20	0.22980	1.5016e-05	0.050051	supercritical
344.69	118.00	72.012	0.013887	767.81	931.67	4.3463	1.9004	2.8929	488.96	0.22843	1.5032e-05	0.050148	supercritical
345.69	118.00	71.705	0.013946	770.00	934.56	4.3546	1.9028	2.8905	489.73	0.22705	1.5048e-05	0.050247	supercritical
346.69	118.00	71.402	0.014005	772.19	937.45	4.3630	1.9052	2.8882	490.49	0.22569	1.5065e-05	0.050347	supercritical
347.69	118.00	71.101	0.014064	774.38	940.34	4.3713	1.9076	2.8860	491.25	0.22433	1.5081e-05	0.050447	supercritical
348.69	118.00	70.804	0.014123	776.56	943.22	4.3796	1.9101	2.8839	492.00	0.22298	1.5098e-05	0.050549	supercritical
349.69	118.00	70.510	0.014182	778.75	946.10	4.3878	1.9125	2.8819	492.76	0.22163	1.5115e-05	0.050652	supercritical
350.69	118.00	70.219	0.014241	780.94	948.98	4.3961	1.9150	2.8799	493.51	0.22030	1.5132e-05	0.050756	supercritical
351.69	118.00	69.931	0.014300	783.13	951.86	4.4043	1.9175	2.8781	494.26	0.21897	1.5149e-05	0.050861	supercritical
352.69	118.00	69.646	0.014358	785.31	954.74	4.4124	1.9200	2.8763	495.01	0.21764	1.5166e-05	0.050967	supercritical
353.69	118.00	69.364	0.014417	787.50	957.62	4.4206	1.9226	2.8747	495.75	0.21633	1.5184e-05	0.051074	supercritical
354.69	118.00	69.085	0.014475	789.69	960.49	4.4287	1.9251	2.8731	496.49	0.21502	1.5201e-05	0.051182	supercritical
355.69	118.00	68.809	0.014533	791.87	963.36	4.4368	1.9277	2.8716	497.23	0.21372	1.5219e-05	0.051291	supercritical
356.69	118.00	68.535	0.014591	794.06	966.23	4.4448	1.9303	2.8702	497.97	0.21242	1.5236e-05	0.051401	supercritical
357.69	118.00	68.264	0.014649	796.24	969.10	4.4529	1.9329	2.8689	498.70	0.21113	1.5254e-05	0.051511	supercritical
358.69	118.00	67.995	0.014707	798.43	971.97	4.4609	1.9355	2.8676	499.43	0.20985	1.5272e-05	0.051623	supercritical
359.69	118.00	67.729	0.014765	800.61	974.84	4.4689	1.9382	2.8664	500.16	0.20858	1.5290e-05	0.051736	supercritical
360.69	118.00	67.466	0.014822	802.80	977.70	4.4768	1.9409	2.8653	500.89	0.20732	1.5309e-05	0.051849	supercritical
361.69	118.00	67.205	0.014880	804.99	980.57	4.4847	1.9435	2.8643	501.62	0.20606	1.5327e-05	0.051963	supercritical
362.69	118.00	66.947	0.014937	807.17	983.43	4.4926	1.9462	2.8633	502.34	0.20481	1.5345e-05	0.052079	supercritical
363.69	118.00	66.691	0.014994	809.36	986.30	4.5005	1.9489	2.8625	503.06	0.20356	1.5364e-05	0.052195	supercritical
364.69	118.00	66.438	0.015052	811.55	989.16	4.5084	1.9517	2.8616	503.78	0.20232	1.5382e-05	0.052312	supercritical
365.69	118.00	66.187	0.015109	813.73	992.02	4.5162	1.9544	2.8609	504.49	0.20109	1.5401e-05	0.052430	supercritical
366.69	118.00	65.938	0.015166	815.92	994.88	4.5240	1.9572	2.8602	505.21	0.19987	1.5420e-05	0.052548	supercritical
367.69	118.00	65.692	0.015223	818.11	997.74	4.5318	1.9600	2.8596	505.92	0.19865	1.5439e-05	0.052668	supercritical
368.69	118.00	65.447	0.015279	820.30	1000.6	4.5396	1.9627	2.8590	506.63	0.19745	1.5458e-05	0.052788	supercritical
369.69	118.00	65.205	0.015336	822.49	1003.5	4.5473	1.9656	2.8585	507.33	0.19624	1.5477e-05	0.052909	supercritical
370.69	118.00	64.966	0.015393	824.68	1006.3	4.5551	1.9684	2.8581	508.04	0.19505	1.5496e-05	0.053031	supercritical
371.69	118.00	64.728	0.015449	826.87	1009.2	4.5628	1.9712	2.8577	508.74	0.19386	1.5515e-05	0.053154	supercritical
372.69	118.00	64.492	0.015506	829.06	1012.0	4.5704	1.9741	2.8574	509.44	0.19268	1.5534e-05	0.053277	supercritical
373.69	118.00	64.259	0.015562	831.26	1014.9	4.5781	1.9769	2.8572	510.14	0.19151	1.5554e-05	0.053401	supercritical
374.69	118.00	64.027	0.015618	833.45	1017.7	4.5857	1.9798	2.8570	510.84	0.19034	1.5573e-05	0.053526	supercritical
375.69	118.00	63.798	0.015674	835.64	1020.6	4.5933	1.9827	2.8569	511.53	0.18918	1.5593e-05	0.053652	supercritical
376.69	118.00	63.571	0.015731	837.84	1023.5	4.6009	1.9856	2.8568	512.23	0.18803	1.5613e-05	0.053778	supercritical
377.69	118.00	63.345	0.015786	840.04	1026.3	4.6085	1.9885	2.8567	512.92	0.18688	1.5632e-05	0.053906	supercritical
378.69	118.00	63.122	0.015842	842.23	1029.2	4.6161	1.9914	2.8568	513.60	0.18574	1.5652e-05	0.054033	supercritical
379.69	118.00	62.900	0.015898	844.43	1032.0	4.6236	1.9944	2.8569	514.29	0.18461	1.5672e-05	0.054162	supercritical
380.69	118.00	62.681	0.015954	846.63	1034.9	4.6311	1.9973	2.8570	514.97	0.18348	1.5692e-05	0.054291	supercritical
381.69	118.00	62.463	0.016010	848.83	1037.7	4.6386	2.0003	2.8572	515.66	0.18236	1.5712e-05	0.054421	supercritical
382.69	118.00	62.247	0.016065	851.03	1040.6	4.6461	2.0033	2.8574	516.34	0.18125	1.5732e-05	0.054552	supercritical
383.69	118.00	62.033	0.016121	853.24	1043.5	4.6535	2.0063	2.8577	517.02	0.18014	1.5752e-05	0.054684	supercritical
384.69	118.00	61.820	0.016176	855.44	1046.3	4.6610	2.0093	2.8580	517.69	0.17905	1.5772e-05	0.054816	supercritical
385.69	118.00	61.610	0.016231	857.65	1049.2	4.6684	2.0123	2.8584	518.37	0.17795	1.5792e-05	0.054948	supercritical
386.69	118.00	61.401	0.016286	859.85	1052.0	4.6758	2.0154	2.8588	519.04	0.17687	1.5812e-05	0.055082	supercritical
387.69	118.00	61.193	0.016342	862.06	1054.9	4.6832	2.0184	2.8592	519.71	0.17579	1.5833e-05	0.055216	supercritical
388.69	118.00	60.988	0.016397	864.27	1057.8	4.6905	2.0214	2.8598	520.38	0.17472	1.5853e-05	0.055351	supercritical
389.69	118.00	60.784	0.016452	866.48	1060.6	4.6979	2.0245	2.8603	521.05	0.17365	1.5874e-05	0.055486	supercritical
390.69	118.00	60.582	0.016507	868.69	1063.5	4.7052	2.0276	2.8609	521.71	0.17259	1.5894e-05	0.055622	supercritical
391.69	118.00	60.381	0.016561	870.91	1066.3	4.7125	2.0307	2.8615	522.38	0.17154	1.5915e-05	0.055759	supercritical
392.69	118.00	60.182	0.016616	873.12	1069.2	4.7198	2.0338	2.8622	523.04	0.17049	1.5935e-05	0.055896	supercritical
393.69	118.00	59.985	0.016671	875.34	1072.1	4.7271	2.0369	2.8629	523.70	0.16945	1.5956e-05	0.056034	supercritical
394.69	118.00	59.789	0.016726	877.56	1074.9	4.7344	2.0400	2.8637	524.36	0.16842	1.5977e-05	0.056172	supercritical
395.69	118.00	59.594	0.016780	879.78	1077.8	4.7416	2.0431	2.8645	525.01	0.16739	1.5997e-05	0.056312	supercritical
396.69	118.00	59.401	0.016835	882.00	1080.6	4.7489	2.0463	2.8653	525.67	0.16637	1.6018e-05	0.056451	supercritical
397.69	118.00	59.210	0.016889	884.22	1083.5	4.7561	2.0494	2.8662	526.32	0.16536	1.6039e-05	0.056592	supercritical
398.69	118.00	59.020	0.016943	886.45	1086.4	4.7633	2.0526	2.8671	526.97	0.16435	1.6060e-05	0.056733	supercritical
399.69	118.00	58.831	0.016998	888.68	1089.2	4.7705	2.0557	2.8681	527.62	0.16335	1.6081e-05	0.056874	supercritical
400.69	118.00	58.644	0.017052	890.91	1092.1	4.7776	2.0589	2.8691	528.27	0.16235	1.6102e-05	0.057016	supercritical
401.69	118.00	58.459	0.017106	893.14	1095.0	4.7848	2.0621	2.8701	528.91	0.16136	1.6123e-05	0.057159	supercritical
402.69	118.00	58.275	0.017160	895.37	1097.9	4.7919	2.0653	2.8712	529.56	0.16038	1.6144e-05	0.057302	supercritical
403.69	118.00	58.092	0.017214	897.60	1100.7	4.7990	2.0685	2.8722	530.20	0.15940	1.6165e-05	0.057446	supercritical
404.69	118.00	57.910	0.017268	899.84	1103.6	4.8061	2.0717	2.8734	530.84	0.15843	1.6186e-05	0.057590	supercritical
405.69	118.00	57.730	0.017322	902.08	1106.5	4.8132	2.0750	2.8745	531.48	0.15746	1.6207e-05	0.057735	supercritical
406.69	118.00	57.551	0.017376	904.32	1109.4	4.8203	2.0782	2.8757	532.12	0.15650	1.6228e-05	0.057881	supercritical
407.69	118.00	57.374	0.017430	906.56	1112.2	4.8274	2.0814	2.8770	532.76	0.15555	1.6250e-05	0.058027	supercritical
408.69	118.00	57.198	0.017483	908.80	1115.1	4.8344	2.0847	2.8782	533.39	0.15460	1.6271e-05	0.058173	supercritical
409.69	118.00	57.023	0.017537	911.05	1118.0	4.8415	2.0879	2.8795	534.02	0.15366	1.6292e-05	0.058320	supercritical
410.69	118.00	56.849	0.017590	913.30	1120.9	4.8485	2.0912	2.8808	534.66	0.15273	1.6314e-05	0.058468	supercritical
411.69	118.00	56.676	0.017644	915.55	1123.7	4.8555	2.0945	2.8822	535.29	0.15180	1.6335e-05	0.058616	supercritical
412.69	118.00	56.505	0.017697	917.80	1126.6	4.8625	2.0978	2.8836	535.91	0.15087	1.6356e-05	0.058765	supercritical
413.69	118.00	56.335	0.017751	920.05	1129.5	4.8695	2.1011	2.8850	536.54	0.14995	1.6378e-05	0.058914	supercritical
414.69	118.00	56.167	0.017804	922.31	1132.4	4.8764	2.1044	2.8864	537.17	0.14904	1.6399e-05	0.059064	supercritical
415.69	118.00	55.999	0.017857	924.57	1135.3	4.8834	2.1077	2.8879	537.79	0.14813	1.6421e-05	0.059214	supercritical
416.69	118.00	55.833	0.017911	926.83	1138.2	4.8903	2.1110	2.8894	538.41	0.14723	1.6442e-05	0.059365	supercritical
417.69	118.00	55.667	0.017964	929.09	1141.1	4.8973	2.1143	2.8909	539.03	0.14634	1.6464e-05	0.059516	supercritical
418.69	118.00	55.503	0.018017	931.36	1144.0	4.9042	2.1176	2.8924	539.65	0.14545	1.6485e-05	0.059667	supercritical
419.69	118.00	55.340	0.018070	933.62	1146.9	4.9111	2.1210	2.8940	540.27	0.14456	1.6507e-05	0.059820	supercritical
420.69	118.00	55.178	0.018123	935.89	1149.7	4.9180	2.1243	2.8956	540.89	0.14368	1.6529e-05	0.059972	supercritical
421.69	118.00	55.018	0.018176	938.17	1152.6	4.9248	2.1277	2.8973	541.50	0.14281	1.6550e-05	0.060126	supercritical
422.69	118.00	54.858	0.018229	940.44	1155.5	4.9317	2.1310	2.8989	542.12	0.14194	1.6572e-05	0.060279	supercritical
423.69	118.00	54.700	0.018282	942.72	1158.4	4.9386	2.1344	2.9006	542.73	0.14108	1.6594e-05	0.060433	supercritical
424.69	118.00	54.542	0.018334	944.99	1161.3	4.9454	2.1377	2.9023	543.34	0.14022	1.6615e-05	0.060588	supercritical
425.69	118.00	54.386	0.018387	947.28	1164.2	4.9522	2.1411	2.9040	543.95	0.13937	1.6637e-05	0.060743	supercritical
426.69	118.00	54.230	0.018440	949.56	1167.1	4.9590	2.1445	2.9058	544.56	0.13853	1.6659e-05	0.060899	supercritical
427.69	118.00	54.076	0.018492	951.84	1170.1	4.9658	2.1479	2.9076	545.17	0.13768	1.6681e-05	0.061055	supercritical
428.69	118.00	53.923	0.018545	954.13	1173.0	4.9726	2.1513	2.9094	545.77	0.13685	1.6702e-05	0.061211	supercritical
429.69	118.00	53.770	0.018598	956.42	1175.9	4.9794	2.1547	2.9112	546.38	0.13602	1.6724e-05	0.061368	supercritical
430.69	118.00	53.619	0.018650	958.72	1178.8	4.9862	2.1581	2.9130	546.98	0.13519	1.6746e-05	0.061525	supercritical
431.69	118.00	53.469	0.018702	961.01	1181.7	4.9929	2.1615	2.9149	547.58	0.13437	1.6768e-05	0.061683	supercritical
432.69	118.00	53.320	0.018755	963.31	1184.6	4.9997	2.1649	2.9168	548.18	0.13356	1.6790e-05	0.061842	supercritical
433.69	118.00	53.171	0.018807	965.61	1187.5	5.0064	2.1684	2.9187	548.78	0.13275	1.6812e-05	0.062000	supercritical
434.69	118.00	53.024	0.018859	967.91	1190.5	5.0131	2.1718	2.9206	549.38	0.13194	1.6834e-05	0.062159	supercritical
435.69	118.00	52.877	0.018912	970.22	1193.4	5.0199	2.1752	2.9226	549.97	0.13114	1.6856e-05	0.062319	supercritical
436.69	118.00	52.732	0.018964	972.53	1196.3	5.0266	2.1787	2.9246	550.57	0.13035	1.6878e-05	0.062479	supercritical
437.69	118.00	52.587	0.019016	974.84	1199.2	5.0333	2.1821	2.9266	551.16	0.12956	1.6900e-05	0.062640	supercritical
438.69	118.00	52.444	0.019068	977.15	1202.2	5.0399	2.1856	2.9286	551.76	0.12877	1.6922e-05	0.062800	supercritical
439.69	118.00	52.301	0.019120	979.46	1205.1	5.0466	2.1890	2.9306	552.35	0.12799	1.6944e-05	0.062962	supercritical
440.69	118.00	52.159	0.019172	981.78	1208.0	5.0533	2.1925	2.9327	552.94	0.12721	1.6966e-05	0.063123	supercritical
441.69	118.00	52.018	0.019224	984.10	1210.9	5.0599	2.1960	2.9347	553.53	0.12644	1.6988e-05	0.063286	supercritical
442.69	118.00	51.878	0.019276	986.43	1213.9	5.0666	2.1994	2.9368	554.12	0.12568	1.7010e-05	0.063448	supercritical
443.69	118.00	51.739	0.019328	988.75	1216.8	5.0732	2.2029	2.9389	554.70	0.12492	1.7032e-05	0.063611	supercritical
444.69	118.00	51.601	0.019380	991.08	1219.8	5.0798	2.2064	2.9411	555.29	0.12416	1.7054e-05	0.063774	supercritical
445.69	118.00	51.463	0.019431	993.41	1222.7	5.0864	2.2099	2.9432	555.87	0.12341	1.7076e-05	0.063938	supercritical
446.69	118.00	51.327	0.019483	995.75	1225.6	5.0930	2.2134	2.9454	556.45	0.12266	1.7098e-05	0.064102	supercritical
447.69	118.00	51.191	0.019535	998.08	1228.6	5.0996	2.2169	2.9476	557.04	0.12192	1.7120e-05	0.064267	supercritical
448.69	118.00	51.056	0.019586	1000.4	1231.5	5.1062	2.2204	2.9498	557.62	0.12118	1.7142e-05	0.064432	supercritical
449.69	118.00	50.922	0.019638	1002.8	1234.5	5.1127	2.2239	2.9520	558.20	0.12045	1.7164e-05	0.064597	supercritical
450.69	118.00	50.788	0.019690	1005.1	1237.4	5.1193	2.2274	2.9542	558.78	0.11972	1.7187e-05	0.064763	supercritical
451.69	118.00	50.656	0.019741	1007.5	1240.4	5.1259	2.2309	2.9564	559.35	0.11900	1.7209e-05	0.064929	supercritical
452.69	118.00	50.524	0.019793	1009.8	1243.4	5.1324	2.2344	2.9587	559.93	0.11828	1.7231e-05	0.065096	supercritical
453.69	118.00	50.393	0.019844	1012.2	1246.3	5.1389	2.2379	2.9610	560.50	0.11756	1.7253e-05	0.065263	supercritical
454.69	118.00	50.263	0.019895	1014.5	1249.3	5.1455	2.2414	2.9633	561.08	0.11685	1.7275e-05	0.065430	supercritical
455.69	118.00	50.134	0.019947	1016.9	1252.2	5.1520	2.2450	2.9656	561.65	0.11614	1.7297e-05	0.065598	supercritical
456.69	118.00	50.005	0.019998	1019.2	1255.2	5.1585	2.2485	2.9679	562.22	0.11544	1.7320e-05	0.065766	supercritical
457.69	118.00	49.877	0.020049	1021.6	1258.2	5.1650	2.2520	2.9703	562.79	0.11474	1.7342e-05	0.065934	supercritical
458.69	118.00	49.750	0.020101	1024.0	1261.2	5.1714	2.2556	2.9726	563.36	0.11405	1.7364e-05	0.066103	supercritical
459.69	118.00	49.624	0.020152	1026.3	1264.1	5.1779	2.2591	2.9750	563.93	0.11336	1.7386e-05	0.066272	supercritical
460.69	118.00	49.498	0.020203	1028.7	1267.1	5.1844	2.2627	2.9774	564.50	0.11268	1.7409e-05	0.066441	supercritical
461.69	118.00	49.373	0.020254	1031.1	1270.1	5.1908	2.2662	2.9798	565.07	0.11200	1.7431e-05	0.066611	supercritical
462.69	118.00	49.249	0.020305	1033.5	1273.1	5.1973	2.2698	2.9822	565.63	0.11132	1.7453e-05	0.066782	supercritical
463.69	118.00	49.125	0.020356	1035.8	1276.0	5.2037	2.2733	2.9846	566.19	0.11065	1.7475e-05	0.066952	supercritical
464.69	118.00	49.002	0.020407	1038.2	1279.0	5.2102	2.2769	2.9871	566.76	0.10998	1.7498e-05	0.067123	supercritical
465.69	118.00	48.880	0.020458	1040.6	1282.0	5.2166	2.2804	2.9895	567.32	0.10932	1.7520e-05	0.067294	supercritical
466.69	118.00	48.759	0.020509	1043.0	1285.0	5.2230	2.2840	2.9920	567.88	0.10866	1.7542e-05	0.067466	supercritical
467.69	118.00	48.638	0.020560	1045.4	1288.0	5.2294	2.2876	2.9945	568.44	0.10800	1.7564e-05	0.067638	supercritical
468.69	118.00	48.518	0.020611	1047.8	1291.0	5.2358	2.2911	2.9970	569.00	0.10735	1.7587e-05	0.067810	supercritical
469.69	118.00	48.399	0.020662	1050.2	1294.0	5.2422	2.2947	2.9995	569.56	0.10670	1.7609e-05	0.067983	supercritical
470.69	118.00	48.280	0.020712	1052.6	1297.0	5.2486	2.2983	3.0020	570.12	0.10606	1.7631e-05	0.068156	supercritical
471.69	118.00	48.162	0.020763	1055.0	1300.0	5.2550	2.3019	3.0045	570.67	0.10542	1.7654e-05	0.068329	supercritical
472.69	118.00	48.045	0.020814	1057.4	1303.0	5.2613	2.3055	3.0071	571.23	0.10478	1.7676e-05	0.068503	supercritical
473.69	118.00	47.928	0.020865	1059.8	1306.0	5.2677	2.3090	3.0096	571.78	0.10415	1.7698e-05	0.068677	supercritical
474.69	118.00	47.812	0.020915	1062.2	1309.0	5.2740	2.3126	3.0122	572.34	0.10352	1.7720e-05	0.068851	supercritical
475.69	118.00	47.697	0.020966	1064.6	1312.0	5.2804	2.3162	3.0148	572.89	0.10290	1.7743e-05	0.069026	supercritical
476.69	118.00	47.582	0.021016	1067.1	1315.1	5.2867	2.3198	3.0174	573.44	0.10228	1.7765e-05	0.069201	supercritical
477.69	118.00	47.468	0.021067	1069.5	1318.1	5.2930	2.3234	3.0200	573.99	0.10166	1.7787e-05	0.069376	supercritical
478.69	118.00	47.354	0.021117	1071.9	1321.1	5.2994	2.3270	3.0226	574.54	0.10105	1.7810e-05	0.069552	supercritical
479.69	118.00	47.241	0.021168	1074.3	1324.1	5.3057	2.3306	3.0252	575.09	0.10044	1.7832e-05	0.069728	supercritical
480.69	118.00	47.129	0.021218	1076.8	1327.1	5.3120	2.3342	3.0278	575.64	0.099833	1.7854e-05	0.069904	supercritical
481.69	118.00	47.017	0.021269	1079.2	1330.2	5.3183	2.3378	3.0305	576.18	0.099231	1.7877e-05	0.070081	supercritical
482.69	118.00	46.906	0.021319	1081.6	1333.2	5.3245	2.3414	3.0331	576.73	0.098632	1.7899e-05	0.070258	supercritical
483.69	118.00	46.796	0.021369	1084.1	1336.2	5.3308	2.3450	3.0358	577.27	0.098038	1.7921e-05	0.070435	supercritical
484.69	118.00	46.686	0.021420	1086.5	1339.3	5.3371	2.3486	3.0385	577.82	0.097447	1.7944e-05	0.070613	supercritical
485.69	118.00	46.576	0.021470	1089.0	1342.3	5.3434	2.3522	3.0411	578.36	0.096860	1.7966e-05	0.070791	supercritical
486.69	118.00	46.468	0.021520	1091.4	1345.4	5.3496	2.3559	3.0438	578.90	0.096276	1.7988e-05	0.070969	supercritical
487.69	118.00	46.359	0.021571	1093.9	1348.4	5.3559	2.3595	3.0465	579.44	0.095695	1.8011e-05	0.071147	supercritical
488.69	118.00	46.252	0.021621	1096.3	1351.5	5.3621	2.3631	3.0493	579.98	0.095119	1.8033e-05	0.071326	supercritical
489.69	118.00	46.145	0.021671	1098.8	1354.5	5.3684	2.3667	3.0520	580.52	0.094545	1.8055e-05	0.071505	supercritical
490.69	118.00	46.038	0.021721	1101.2	1357.6	5.3746	2.3703	3.0547	581.06	0.093976	1.8078e-05	0.071684	supercritical
491.69	118.00	45.932	0.021771	1103.7	1360.6	5.3808	2.3740	3.0574	581.60	0.093409	1.8100e-05	0.071864	supercritical
492.69	118.00	45.827	0.021821	1106.2	1363.7	5.3870	2.3776	3.0602	582.14	0.092846	1.8122e-05	0.072044	supercritical
493.69	118.00	45.722	0.021871	1108.7	1366.7	5.3932	2.3812	3.0630	582.67	0.092287	1.8145e-05	0.072224	supercritical
494.69	118.00	45.618	0.021921	1111.1	1369.8	5.3994	2.3848	3.0657	583.21	0.091730	1.8167e-05	0.072405	supercritical
495.69	118.00	45.514	0.021971	1113.6	1372.9	5.4056	2.3885	3.0685	583.74	0.091177	1.8189e-05	0.072586	supercritical
496.69	118.00	45.411	0.022021	1116.1	1375.9	5.4118	2.3921	3.0713	584.28	0.090628	1.8212e-05	0.072767	supercritical
497.69	118.00	45.308	0.022071	1118.6	1379.0	5.4180	2.3957	3.0741	584.81	0.090082	1.8234e-05	0.072948	supercritical
498.69	118.00	45.206	0.022121	1121.1	1382.1	5.4242	2.3994	3.0769	585.34	0.089539	1.8256e-05	0.073130	supercritical
499.69	118.00	45.104	0.022171	1123.5	1385.2	5.4303	2.4030	3.0797	585.87	0.088999	1.8279e-05	0.073312	supercritical
500.69	118.00	45.003	0.022221	1126.0	1388.2	5.4365	2.4066	3.0825	586.40	0.088462	1.8301e-05	0.073494	supercritical
501.69	118.00	44.902	0.022271	1128.5	1391.3	5.4426	2.4103	3.0853	586.93	0.087929	1.8323e-05	0.073677	supercritical
502.69	118.00	44.802	0.022320	1131.0	1394.4	5.4488	2.4139	3.0881	587.46	0.087399	1.8346e-05	0.073860	supercritical
503.69	118.00	44.703	0.022370	1133.5	1397.5	5.4549	2.4175	3.0910	587.99	0.086872	1.8368e-05	0.074043	supercritical
504.69	118.00	44.603	0.022420	1136.0	1400.6	5.4611	2.4212	3.0938	588.52	0.086348	1.8390e-05	0.074226	supercritical
505.69	118.00	44.505	0.022470	1138.6	1403.7	5.4672	2.4248	3.0967	589.04	0.085827	1.8413e-05	0.074410	supercritical
506.69	118.00	44.407	0.022519	1141.1	1406.8	5.4733	2.4285	3.0995	589.57	0.085310	1.8435e-05	0.074594	supercritical
507.69	118.00	44.309	0.022569	1143.6	1409.9	5.4794	2.4321	3.1024	590.09	0.084795	1.8457e-05	0.074778	supercritical
508.69	118.00	44.212	0.022618	1146.1	1413.0	5.4855	2.4357	3.1053	590.62	0.084283	1.8480e-05	0.074963	supercritical
509.69	118.00	44.115	0.022668	1148.6	1416.1	5.4916	2.4394	3.1082	591.14	0.083775	1.8502e-05	0.075147	supercritical
510.69	118.00	44.019	0.022718	1151.1	1419.2	5.4977	2.4430	3.1111	591.66	0.083270	1.8524e-05	0.075332	supercritical
511.69	118.00	43.923	0.022767	1153.7	1422.3	5.5038	2.4467	3.1140	592.18	0.082767	1.8547e-05	0.075518	supercritical
512.69	118.00	43.828	0.022817	1156.2	1425.4	5.5099	2.4503	3.1169	592.70	0.082268	1.8569e-05	0.075703	supercritical
513.69	118.00	43.733	0.022866	1158.7	1428.6	5.5160	2.4540	3.1198	593.22	0.081771	1.8591e-05	0.075889	supercritical
514.69	118.00	43.638	0.022916	1161.3	1431.7	5.5220	2.4576	3.1227	593.74	0.081277	1.8614e-05	0.076075	supercritical
515.69	118.00	43.544	0.022965	1163.8	1434.8	5.5281	2.4613	3.1256	594.26	0.080787	1.8636e-05	0.076261	supercritical
516.69	118.00	43.451	0.023015	1166.4	1437.9	5.5342	2.4649	3.1285	594.78	0.080299	1.8658e-05	0.076448	supercritical
517.69	118.00	43.358	0.023064	1168.9	1441.1	5.5402	2.4686	3.1315	595.30	0.079814	1.8680e-05	0.076635	supercritical
518.69	118.00	43.265	0.023113	1171.5	1444.2	5.5463	2.4722	3.1344	595.81	0.079332	1.8703e-05	0.076822	supercritical
519.69	118.00	43.173	0.023163	1174.0	1447.3	5.5523	2.4759	3.1373	596.33	0.078852	1.8725e-05	0.077009	supercritical
520.69	118.00	43.081	0.023212	1176.6	1450.5	5.5583	2.4795	3.1403	596.84	0.078376	1.8747e-05	0.077197	supercritical
521.69	118.00	42.990	0.023261	1179.1	1453.6	5.5644	2.4832	3.1433	597.36	0.077902	1.8770e-05	0.077385	supercritical
522.69	118.00	42.899	0.023311	1181.7	1456.8	5.5704	2.4868	3.1462	597.87	0.077431	1.8792e-05	0.077573	supercritical
523.69	118.00	42.809	0.023360	1184.3	1459.9	5.5764	2.4905	3.1492	598.38	0.076963	1.8814e-05	0.077761	supercritical
524.69	118.00	42.719	0.023409	1186.8	1463.1	5.5824	2.4941	3.1522	598.90	0.076498	1.8836e-05	0.077950	supercritical
525.69	118.00	42.629	0.023458	1189.4	1466.2	5.5884	2.4978	3.1551	599.41	0.076035	1.8859e-05	0.078138	supercritical
526.69	118.00	42.540	0.023507	1192.0	1469.4	5.5944	2.5014	3.1581	599.92	0.075575	1.8881e-05	0.078327	supercritical
527.69	118.00	42.451	0.023557	1194.6	1472.5	5.6004	2.5051	3.1611	600.43	0.075118	1.8903e-05	0.078517	supercritical
528.69	118.00	42.363	0.023606	1197.1	1475.7	5.6064	2.5087	3.1641	600.94	0.074663	1.8925e-05	0.078706	supercritical
529.69	118.00	42.275	0.023655	1199.7	1478.9	5.6124	2.5124	3.1671	601.45	0.074211	1.8948e-05	0.078896	supercritical
530.69	118.00	42.187	0.023704	1202.3	1482.0	5.6184	2.5160	3.1701	601.95	0.073761	1.8970e-05	0.079086	supercritical
531.69	118.00	42.100	0.023753	1204.9	1485.2	5.6243	2.5197	3.1731	602.46	0.073315	1.8992e-05	0.079276	supercritical
532.69	118.00	42.013	0.023802	1207.5	1488.4	5.6303	2.5233	3.1761	602.97	0.072870	1.9014e-05	0.079467	supercritical
533.69	118.00	41.927	0.023851	1210.1	1491.5	5.6363	2.5270	3.1791	603.47	0.072429	1.9036e-05	0.079658	supercritical
534.69	118.00	41.841	0.023900	1212.7	1494.7	5.6422	2.5306	3.1822	603.98	0.071990	1.9059e-05	0.079849	supercritical
535.69	118.00	41.756	0.023949	1215.3	1497.9	5.6482	2.5343	3.1852	604.48	0.071553	1.9081e-05	0.080040	supercritical
536.69	118.00	41.670	0.023998	1217.9	1501.1	5.6541	2.5379	3.1882	604.99	0.071119	1.9103e-05	0.080231	supercritical
537.69	118.00	41.586	0.024047	1220.5	1504.3	5.6600	2.5416	3.1913	605.49	0.070687	1.9125e-05	0.080423	supercritical
538.69	118.00	41.501	0.024096	1223.1	1507.5	5.6660	2.5452	3.1943	605.99	0.070258	1.9148e-05	0.080615	supercritical
539.69	118.00	41.417	0.024145	1225.8	1510.7	5.6719	2.5489	3.1973	606.49	0.069832	1.9170e-05	0.080807	supercritical
540.69	118.00	41.334	0.024193	1228.4	1513.9	5.6778	2.5525	3.2004	606.99	0.069407	1.9192e-05	0.080999	supercritical
541.69	118.00	41.250	0.024242	1231.0	1517.1	5.6837	2.5562	3.2035	607.50	0.068986	1.9214e-05	0.081192	supercritical
542.69	118.00	41.167	0.024291	1233.6	1520.3	5.6896	2.5598	3.2065	607.99	0.068566	1.9236e-05	0.081384	supercritical
543.69	118.00	41.085	0.024340	1236.3	1523.5	5.6955	2.5635	3.2096	608.49	0.068149	1.9258e-05	0.081577	supercritical
544.69	118.00	41.003	0.024389	1238.9	1526.7	5.7014	2.5671	3.2126	608.99	0.067735	1.9281e-05	0.081771	supercritical
545.69	118.00	40.921	0.024437	1241.5	1529.9	5.7073	2.5708	3.2157	609.49	0.067323	1.9303e-05	0.081964	supercritical
546.69	118.00	40.839	0.024486	1244.2	1533.1	5.7132	2.5744	3.2188	609.99	0.066913	1.9325e-05	0.082158	supercritical
547.69	118.00	40.758	0.024535	1246.8	1536.3	5.7191	2.5781	3.2219	610.48	0.066505	1.9347e-05	0.082351	supercritical
548.69	118.00	40.678	0.024584	1249.5	1539.6	5.7250	2.5817	3.2249	610.98	0.066100	1.9369e-05	0.082546	supercritical
549.69	118.00	40.597	0.024632	1252.1	1542.8	5.7309	2.5854	3.2280	611.48	0.065697	1.9391e-05	0.082740	supercritical
550.69	118.00	40.517	0.024681	1254.8	1546.0	5.7367	2.5890	3.2311	611.97	0.065297	1.9413e-05	0.082934	supercritical
551.69	118.00	40.437	0.024730	1257.5	1549.3	5.7426	2.5927	3.2342	612.46	0.064898	1.9435e-05	0.083129	supercritical
552.69	118.00	40.358	0.024778	1260.1	1552.5	5.7485	2.5963	3.2373	612.96	0.064502	1.9458e-05	0.083324	supercritical
553.69	118.00	40.279	0.024827	1262.8	1555.7	5.7543	2.6000	3.2404	613.45	0.064108	1.9480e-05	0.083519	supercritical
554.69	118.00	40.200	0.024875	1265.4	1559.0	5.7602	2.6036	3.2435	613.94	0.063717	1.9502e-05	0.083714	supercritical
555.69	118.00	40.122	0.024924	1268.1	1562.2	5.7660	2.6073	3.2466	614.43	0.063327	1.9524e-05	0.083910	supercritical
556.69	118.00	40.044	0.024972	1270.8	1565.5	5.7719	2.6109	3.2497	614.93	0.062940	1.9546e-05	0.084106	supercritical
557.69	118.00	39.966	0.025021	1273.5	1568.7	5.7777	2.6145	3.2528	615.42	0.062555	1.9568e-05	0.084302	supercritical
558.69	118.00	39.889	0.025070	1276.2	1572.0	5.7835	2.6182	3.2559	615.91	0.062172	1.9590e-05	0.084498	supercritical
559.69	118.00	39.812	0.025118	1278.8	1575.2	5.7894	2.6218	3.2590	616.40	0.061791	1.9612e-05	0.084694	supercritical
560.69	118.00	39.735	0.025166	1281.5	1578.5	5.7952	2.6255	3.2621	616.88	0.061413	1.9634e-05	0.084891	supercritical
561.69	118.00	39.659	0.025215	1284.2	1581.8	5.8010	2.6291	3.2653	617.37	0.061036	1.9656e-05	0.085087	supercritical
562.69	118.00	39.583	0.025263	1286.9	1585.0	5.8068	2.6328	3.2684	617.86	0.060662	1.9678e-05	0.085284	supercritical
563.69	118.00	39.507	0.025312	1289.6	1588.3	5.8126	2.6364	3.2715	618.35	0.060290	1.9700e-05	0.085482	supercritical
564.69	118.00	39.432	0.025360	1292.3	1591.6	5.8184	2.6400	3.2746	618.83	0.059920	1.9722e-05	0.085679	supercritical
565.69	118.00	39.357	0.025409	1295.0	1594.8	5.8242	2.6437	3.2778	619.32	0.059551	1.9744e-05	0.085876	supercritical
566.69	118.00	39.282	0.025457	1297.7	1598.1	5.8300	2.6473	3.2809	619.80	0.059185	1.9766e-05	0.086074	supercritical
567.69	118.00	39.208	0.025505	1300.4	1601.4	5.8358	2.6509	3.2840	620.29	0.058821	1.9788e-05	0.086272	supercritical
568.69	118.00	39.134	0.025554	1303.2	1604.7	5.8416	2.6546	3.2872	620.77	0.058459	1.9810e-05	0.086470	supercritical
569.69	118.00	39.060	0.025602	1305.9	1608.0	5.8473	2.6582	3.2903	621.26	0.058099	1.9832e-05	0.086669	supercritical
570.69	118.00	38.986	0.025650	1308.6	1611.3	5.8531	2.6618	3.2935	621.74	0.057741	1.9854e-05	0.086867	supercritical
571.69	118.00	38.913	0.025698	1311.3	1614.6	5.8589	2.6655	3.2966	622.22	0.057385	1.9876e-05	0.087066	supercritical
572.69	118.00	38.840	0.025747	1314.1	1617.9	5.8646	2.6691	3.2998	622.70	0.057031	1.9898e-05	0.087265	supercritical
573.69	118.00	38.767	0.025795	1316.8	1621.2	5.8704	2.6727	3.3029	623.18	0.056679	1.9920e-05	0.087464	supercritical
574.69	118.00	38.695	0.025843	1319.5	1624.5	5.8762	2.6764	3.3061	623.67	0.056329	1.9942e-05	0.087663	supercritical
575.69	118.00	38.623	0.025891	1322.3	1627.8	5.8819	2.6800	3.3092	624.15	0.055981	1.9964e-05	0.087863	supercritical
576.69	118.00	38.551	0.025939	1325.0	1631.1	5.8877	2.6836	3.3124	624.63	0.055634	1.9986e-05	0.088062	supercritical
577.69	118.00	38.480	0.025988	1327.7	1634.4	5.8934	2.6872	3.3155	625.10	0.055290	2.0008e-05	0.088262	supercritical
578.69	118.00	38.409	0.026036	1330.5	1637.7	5.8991	2.6909	3.3187	625.58	0.054948	2.0030e-05	0.088462	supercritical
579.69	118.00	38.338	0.026084	1333.3	1641.0	5.9049	2.6945	3.3219	626.06	0.054607	2.0052e-05	0.088662	supercritical
580.69	118.00	38.267	0.026132	1336.0	1644.4	5.9106	2.6981	3.3250	626.54	0.054268	2.0074e-05	0.088863	supercritical
581.69	118.00	38.197	0.026180	1338.8	1647.7	5.9163	2.7017	3.3282	627.02	0.053931	2.0095e-05	0.089063	supercritical
582.69	118.00	38.127	0.026228	1341.5	1651.0	5.9220	2.7054	3.3314	627.49	0.053596	2.0117e-05	0.089264	supercritical
583.69	118.00	38.057	0.026276	1344.3	1654.4	5.9278	2.7090	3.3345	627.97	0.053263	2.0139e-05	0.089465	supercritical
584.69	118.00	37.988	0.026324	1347.1	1657.7	5.9335	2.7126	3.3377	628.44	0.052932	2.0161e-05	0.089666	supercritical
585.69	118.00	37.918	0.026372	1349.8	1661.0	5.9392	2.7162	3.3409	628.92	0.052602	2.0183e-05	0.089867	supercritical
586.69	118.00	37.850	0.026420	1352.6	1664.4	5.9449	2.7198	3.3441	629.39	0.052274	2.0205e-05	0.090069	supercritical
587.69	118.00	37.781	0.026468	1355.4	1667.7	5.9506	2.7234	3.3472	629.87	0.051948	2.0227e-05	0.090270	supercritical
588.69	118.00	37.713	0.026516	1358.2	1671.1	5.9563	2.7271	3.3504	630.34	0.051624	2.0248e-05	0.090472	supercritical
589.69	118.00	37.644	0.026564	1361.0	1674.4	5.9620	2.7307	3.3536	630.81	0.051301	2.0270e-05	0.090674	supercritical
590.69	118.00	37.577	0.026612	1363.7	1677.8	5.9676	2.7343	3.3568	631.28	0.050981	2.0292e-05	0.090876	supercritical
591.69	118.00	37.509	0.026660	1366.5	1681.1	5.9733	2.7379	3.3600	631.75	0.050661	2.0314e-05	0.091078	supercritical
592.69	118.00	37.442	0.026708	1369.3	1684.5	5.9790	2.7415	3.3631	632.23	0.050344	2.0336e-05	0.091281	supercritical
593.69	118.00	37.375	0.026756	1372.1	1687.9	5.9847	2.7451	3.3663	632.70	0.050029	2.0358e-05	0.091483	supercritical
594.69	118.00	37.308	0.026804	1374.9	1691.2	5.9903	2.7487	3.3695	633.17	0.049715	2.0379e-05	0.091686	supercritical
595.69	118.00	37.241	0.026852	1377.7	1694.6	5.9960	2.7523	3.3727	633.64	0.049403	2.0401e-05	0.091889	supercritical
596.69	118.00	37.175	0.026900	1380.6	1698.0	6.0017	2.7559	3.3759	634.11	0.049092	2.0423e-05	0.092092	supercritical
597.69	118.00	37.109	0.026948	1383.4	1701.3	6.0073	2.7595	3.3791	634.57	0.048783	2.0445e-05	0.092296	supercritical
598.69	118.00	37.043	0.026995	1386.2	1704.7	6.0130	2.7631	3.3823	635.04	0.048476	2.0466e-05	0.092499	supercritical
599.69	118.00	36.978	0.027043	1389.0	1708.1	6.0186	2.7667	3.3855	635.51	0.048170	2.0488e-05	0.092703	supercritical
600.69	118.00	36.913	0.027091	1391.8	1711.5	6.0243	2.7703	3.3887	635.98	0.047866	2.0510e-05	0.092907	supercritical
601.69	118.00	36.848	0.027139	1394.7	1714.9	6.0299	2.7739	3.3919	636.44	0.047564	2.0532e-05	0.093111	supercritical
602.69	118.00	36.783	0.027187	1397.5	1718.3	6.0355	2.7775	3.3951	636.91	0.047264	2.0553e-05	0.093315	supercritical
603.69	118.00	36.718	0.027234	1400.3	1721.7	6.0412	2.7811	3.3983	637.38	0.046964	2.0575e-05	0.093519	supercritical
604.69	118.00	36.654	0.027282	1403.2	1725.1	6.0468	2.7847	3.4015	637.84	0.046667	2.0597e-05	0.093723	supercritical
605.69	118.00	36.590	0.027330	1406.0	1728.5	6.0524	2.7883	3.4047	638.30	0.046371	2.0618e-05	0.093928	supercritical
606.69	118.00	36.526	0.027378	1408.8	1731.9	6.0580	2.7919	3.4079	638.77	0.046077	2.0640e-05	0.094133	supercritical
607.69	118.00	36.463	0.027425	1411.7	1735.3	6.0636	2.7955	3.4111	639.23	0.045784	2.0662e-05	0.094338	supercritical
608.69	118.00	36.399	0.027473	1414.5	1738.7	6.0693	2.7990	3.4143	639.70	0.045493	2.0683e-05	0.094543	supercritical
609.69	118.00	36.336	0.027521	1417.4	1742.1	6.0749	2.8026	3.4175	640.16	0.045203	2.0705e-05	0.094748	supercritical
610.69	118.00	36.273	0.027568	1420.2	1745.5	6.0805	2.8062	3.4207	640.62	0.044915	2.0727e-05	0.094953	supercritical
611.69	118.00	36.211	0.027616	1423.1	1749.0	6.0861	2.8098	3.4239	641.08	0.044628	2.0748e-05	0.095159	supercritical
612.69	118.00	36.149	0.027664	1426.0	1752.4	6.0917	2.8134	3.4271	641.54	0.044343	2.0770e-05	0.095365	supercritical
613.69	118.00	36.086	0.027711	1428.8	1755.8	6.0973	2.8169	3.4303	642.00	0.044060	2.0792e-05	0.095571	supercritical
614.69	118.00	36.025	0.027759	1431.7	1759.3	6.1028	2.8205	3.4335	642.47	0.043778	2.0813e-05	0.095777	supercritical
615.69	118.00	35.963	0.027806	1434.6	1762.7	6.1084	2.8241	3.4367	642.93	0.043497	2.0835e-05	0.095983	supercritical
616.69	118.00	35.901	0.027854	1437.5	1766.1	6.1140	2.8277	3.4399	643.38	0.043218	2.0856e-05	0.096189	supercritical
617.69	118.00	35.840	0.027902	1440.3	1769.6	6.1196	2.8312	3.4431	643.84	0.042940	2.0878e-05	0.096395	supercritical
618.69	118.00	35.779	0.027949	1443.2	1773.0	6.1252	2.8348	3.4463	644.30	0.042664	2.0900e-05	0.096602	supercritical
619.69	118.00	35.718	0.027997	1446.1	1776.5	6.1307	2.8384	3.4495	644.76	0.042389	2.0921e-05	0.096809	supercritical
620.69	118.00	35.658	0.028044	1449.0	1779.9	6.1363	2.8419	3.4527	645.22	0.042116	2.0943e-05	0.097016	supercritical
621.69	118.00	35.598	0.028092	1451.9	1783.4	6.1418	2.8455	3.4559	645.67	0.041844	2.0964e-05	0.097223	supercritical
622.69	118.00	35.537	0.028139	1454.8	1786.8	6.1474	2.8491	3.4591	646.13	0.041574	2.0986e-05	0.097430	supercritical
623.69	118.00	35.478	0.028187	1457.7	1790.3	6.1530	2.8526	3.4624	646.59	0.041304	2.1007e-05	0.097637	supercritical
624.69	118.00	35.418	0.028234	1460.6	1793.8	6.1585	2.8562	3.4656	647.04	0.041037	2.1029e-05	0.097845	supercritical