Temperature (K)	Pressure (bar)	Density (kg/m3)	Volume (m3/kg)	Internal Energy (kJ/kg)	Enthalpy (kJ/kg)	Entropy (J/g*K)	Cv (J/g*K)	Cp (J/g*K)	Sound Spd. (m/s)	Joule-Thomson (K/bar)	Viscosity (Pa*s)	Therm. Cond. (W/m*K)	Phase
90.694	608.00	482.28	0.0020735	-96.381	29.687	-1.0231	2.2831	3.2103	1857.6	-0.052634	0.00042211	0.25748	liquid
105.69	608.00	467.65	0.0021384	-52.302	77.710	-0.53309	2.2112	3.1962	1772.7	-0.052262	0.00023878	0.24402	liquid
106.69	608.00	466.68	0.0021428	-49.376	80.906	-0.50299	2.2071	3.1957	1767.0	-0.052221	0.00023184	0.24303	liquid
107.69	608.00	465.71	0.0021472	-46.451	84.101	-0.47318	2.2029	3.1953	1761.2	-0.052178	0.00022528	0.24203	liquid
108.69	608.00	464.75	0.0021517	-43.527	87.296	-0.44365	2.1988	3.1948	1755.5	-0.052134	0.00021908	0.24102	liquid
109.69	608.00	463.78	0.0021562	-40.605	90.491	-0.41439	2.1948	3.1943	1749.7	-0.052089	0.00021321	0.24001	liquid
110.69	608.00	462.82	0.0021607	-37.684	93.685	-0.38541	2.1907	3.1939	1743.9	-0.052042	0.00020766	0.23899	liquid
111.69	608.00	461.85	0.0021652	-34.765	96.879	-0.35669	2.1867	3.1934	1738.2	-0.051995	0.00020239	0.23797	liquid
112.69	608.00	460.89	0.0021697	-31.847	100.07	-0.32822	2.1827	3.1930	1732.5	-0.051947	0.00019738	0.23694	liquid
113.69	608.00	459.93	0.0021743	-28.930	103.26	-0.30002	2.1788	3.1925	1726.7	-0.051897	0.00019263	0.23591	liquid
114.69	608.00	458.96	0.0021788	-26.015	106.46	-0.27206	2.1748	3.1920	1721.0	-0.051847	0.00018811	0.23488	liquid
115.69	608.00	458.00	0.0021834	-23.102	109.65	-0.24436	2.1709	3.1915	1715.3	-0.051795	0.00018380	0.23384	liquid
116.69	608.00	457.04	0.0021880	-20.190	112.84	-0.21689	2.1670	3.1910	1709.5	-0.051743	0.00017969	0.23279	liquid
117.69	608.00	456.08	0.0021926	-17.279	116.03	-0.18966	2.1632	3.1905	1703.8	-0.051689	0.00017577	0.23175	liquid
118.69	608.00	455.12	0.0021972	-14.370	119.22	-0.16267	2.1593	3.1900	1698.1	-0.051635	0.00017203	0.23070	liquid
119.69	608.00	454.16	0.0022019	-11.463	122.41	-0.13591	2.1555	3.1895	1692.4	-0.051579	0.00016846	0.22965	liquid
120.69	608.00	453.20	0.0022065	-8.5569	125.60	-0.10938	2.1517	3.1890	1686.8	-0.051523	0.00016503	0.22860	liquid
121.69	608.00	452.24	0.0022112	-5.6526	128.79	-0.083067	2.1479	3.1884	1681.1	-0.051465	0.00016175	0.22755	liquid
122.69	608.00	451.28	0.0022159	-2.7500	131.98	-0.056976	2.1441	3.1879	1675.4	-0.051407	0.00015861	0.22649	liquid
123.69	608.00	450.33	0.0022206	0.15112	135.16	-0.031101	2.1404	3.1873	1669.8	-0.051348	0.00015560	0.22544	liquid
124.69	608.00	449.37	0.0022253	3.0506	138.35	-0.0054396	2.1367	3.1867	1664.1	-0.051287	0.00015270	0.22438	liquid
125.69	608.00	448.41	0.0022301	5.9483	141.54	0.020013	2.1330	3.1862	1658.5	-0.051226	0.00014992	0.22333	liquid
126.69	608.00	447.46	0.0022349	8.8444	144.72	0.045259	2.1293	3.1856	1652.9	-0.051163	0.00014724	0.22227	liquid
127.69	608.00	446.50	0.0022396	11.739	147.91	0.070302	2.1256	3.1850	1647.3	-0.051100	0.00014467	0.22122	liquid
128.69	608.00	445.54	0.0022444	14.632	151.09	0.095145	2.1220	3.1844	1641.7	-0.051035	0.00014219	0.22016	liquid
129.69	608.00	444.59	0.0022493	17.523	154.28	0.11979	2.1184	3.1838	1636.1	-0.050969	0.00013980	0.21911	liquid
130.69	608.00	443.64	0.0022541	20.412	157.46	0.14424	2.1148	3.1832	1630.6	-0.050903	0.00013749	0.21806	liquid
131.69	608.00	442.68	0.0022590	23.299	160.64	0.16850	2.1112	3.1826	1625.0	-0.050835	0.00013526	0.21701	liquid
132.69	608.00	441.73	0.0022638	26.185	163.83	0.19258	2.1076	3.1820	1619.5	-0.050766	0.00013311	0.21596	liquid
133.69	608.00	440.77	0.0022687	29.069	167.01	0.21646	2.1041	3.1814	1614.0	-0.050696	0.00013104	0.21491	liquid
134.69	608.00	439.82	0.0022737	31.951	170.19	0.24017	2.1006	3.1807	1608.5	-0.050624	0.00012903	0.21386	liquid
135.69	608.00	438.87	0.0022786	34.831	173.37	0.26369	2.0971	3.1801	1603.0	-0.050552	0.00012708	0.21282	liquid
136.69	608.00	437.92	0.0022835	37.710	176.55	0.28704	2.0937	3.1795	1597.6	-0.050478	0.00012520	0.21178	liquid
137.69	608.00	436.96	0.0022885	40.587	179.73	0.31021	2.0903	3.1788	1592.1	-0.050403	0.00012337	0.21074	liquid
138.69	608.00	436.01	0.0022935	43.462	182.91	0.33322	2.0868	3.1782	1586.7	-0.050327	0.00012160	0.20970	liquid
139.69	608.00	435.06	0.0022985	46.335	186.08	0.35605	2.0835	3.1776	1581.3	-0.050250	0.00011988	0.20867	liquid
140.69	608.00	434.11	0.0023036	49.206	189.26	0.37871	2.0801	3.1769	1575.9	-0.050171	0.00011822	0.20764	liquid
141.69	608.00	433.16	0.0023086	52.075	192.44	0.40121	2.0768	3.1763	1570.5	-0.050091	0.00011660	0.20661	liquid
142.69	608.00	432.21	0.0023137	54.943	195.61	0.42354	2.0735	3.1757	1565.1	-0.050010	0.00011503	0.20558	liquid
143.69	608.00	431.26	0.0023188	57.808	198.79	0.44572	2.0702	3.1750	1559.8	-0.049928	0.00011350	0.20456	liquid
144.69	608.00	430.31	0.0023239	60.672	201.96	0.46774	2.0669	3.1744	1554.4	-0.049844	0.00011201	0.20355	liquid
145.69	608.00	429.36	0.0023290	63.534	205.14	0.48960	2.0637	3.1738	1549.1	-0.049759	0.00011057	0.20253	liquid
146.69	608.00	428.41	0.0023342	66.394	208.31	0.51130	2.0605	3.1731	1543.8	-0.049673	0.00010916	0.20152	liquid
147.69	608.00	427.47	0.0023394	69.252	211.49	0.53286	2.0573	3.1725	1538.6	-0.049585	0.00010779	0.20051	liquid
148.69	608.00	426.52	0.0023446	72.108	214.66	0.55426	2.0542	3.1719	1533.3	-0.049496	0.00010645	0.19951	liquid
149.69	608.00	425.57	0.0023498	74.962	217.83	0.57552	2.0510	3.1712	1528.1	-0.049406	0.00010515	0.19851	liquid
150.69	608.00	424.62	0.0023550	77.814	221.00	0.59663	2.0479	3.1706	1522.8	-0.049314	0.00010388	0.19752	liquid
151.69	608.00	423.68	0.0023603	80.664	224.17	0.61760	2.0449	3.1700	1517.6	-0.049221	0.00010264	0.19653	liquid
152.69	608.00	422.73	0.0023656	83.513	227.34	0.63843	2.0418	3.1694	1512.5	-0.049127	0.00010144	0.19554	liquid
153.69	608.00	421.78	0.0023709	86.359	230.51	0.65912	2.0388	3.1688	1507.3	-0.049031	0.00010026	0.19456	liquid
154.69	608.00	420.84	0.0023762	89.204	233.68	0.67967	2.0358	3.1682	1502.1	-0.048933	9.9106e-05	0.19358	liquid
155.69	608.00	419.89	0.0023816	92.046	236.85	0.70008	2.0329	3.1676	1497.0	-0.048835	9.7982e-05	0.19261	liquid
156.69	608.00	418.95	0.0023869	94.887	240.01	0.72036	2.0300	3.1670	1491.9	-0.048735	9.6883e-05	0.19164	liquid
157.69	608.00	418.00	0.0023923	97.726	243.18	0.74050	2.0271	3.1664	1486.8	-0.048633	9.5808e-05	0.19067	liquid
158.69	608.00	417.06	0.0023977	100.56	246.35	0.76052	2.0242	3.1658	1481.7	-0.048530	9.4758e-05	0.18971	liquid
159.69	608.00	416.11	0.0024032	103.40	249.51	0.78040	2.0213	3.1652	1476.7	-0.048425	9.3731e-05	0.18876	liquid
160.69	608.00	415.17	0.0024086	106.23	252.68	0.80016	2.0185	3.1647	1471.7	-0.048319	9.2726e-05	0.18781	liquid
161.69	608.00	414.23	0.0024141	109.06	255.84	0.81979	2.0157	3.1641	1466.7	-0.048212	9.1742e-05	0.18686	liquid
162.69	608.00	413.29	0.0024196	111.89	259.00	0.83929	2.0130	3.1636	1461.7	-0.048103	9.0780e-05	0.18592	liquid
163.69	608.00	412.34	0.0024252	114.72	262.17	0.85868	2.0103	3.1630	1456.7	-0.047993	8.9837e-05	0.18499	liquid
164.69	608.00	411.40	0.0024307	117.54	265.33	0.87794	2.0076	3.1625	1451.7	-0.047881	8.8914e-05	0.18406	liquid
165.69	608.00	410.46	0.0024363	120.37	268.49	0.89708	2.0049	3.1619	1446.8	-0.047768	8.8009e-05	0.18313	liquid
166.69	608.00	409.52	0.0024419	123.19	271.65	0.91611	2.0023	3.1614	1441.9	-0.047653	8.7123e-05	0.18221	liquid
167.69	608.00	408.58	0.0024475	126.01	274.82	0.93501	1.9997	3.1609	1437.0	-0.047536	8.6254e-05	0.18130	liquid
168.69	608.00	407.64	0.0024532	128.82	277.98	0.95381	1.9971	3.1604	1432.1	-0.047419	8.5402e-05	0.18039	liquid
169.69	608.00	406.70	0.0024588	131.64	281.14	0.97248	1.9945	3.1599	1427.3	-0.047299	8.4567e-05	0.17949	liquid
170.69	608.00	405.76	0.0024645	134.45	284.30	0.99105	1.9920	3.1594	1422.5	-0.047178	8.3748e-05	0.17859	liquid
171.69	608.00	404.82	0.0024702	137.26	287.45	1.0095	1.9895	3.1589	1417.7	-0.047056	8.2945e-05	0.17769	liquid
172.69	608.00	403.88	0.0024760	140.07	290.61	1.0278	1.9871	3.1584	1412.9	-0.046932	8.2156e-05	0.17681	liquid
173.69	608.00	402.94	0.0024818	142.88	293.77	1.0461	1.9846	3.1579	1408.1	-0.046807	8.1383e-05	0.17592	liquid
174.69	608.00	402.00	0.0024875	145.69	296.93	1.0642	1.9822	3.1575	1403.4	-0.046680	8.0623e-05	0.17505	liquid
175.69	608.00	401.06	0.0024934	148.49	300.09	1.0822	1.9799	3.1570	1398.6	-0.046551	7.9878e-05	0.17417	liquid
176.69	608.00	400.13	0.0024992	151.29	303.24	1.1001	1.9775	3.1565	1393.9	-0.046421	7.9146e-05	0.17331	liquid
177.69	608.00	399.19	0.0025051	154.09	306.40	1.1180	1.9752	3.1561	1389.2	-0.046290	7.8427e-05	0.17245	liquid
178.69	608.00	398.26	0.0025110	156.89	309.56	1.1357	1.9729	3.1557	1384.6	-0.046157	7.7721e-05	0.17159	liquid
179.69	608.00	397.32	0.0025169	159.69	312.71	1.1533	1.9707	3.1552	1379.9	-0.046022	7.7027e-05	0.17074	liquid
180.69	608.00	396.38	0.0025228	162.48	315.87	1.1708	1.9685	3.1548	1375.3	-0.045886	7.6345e-05	0.16990	liquid
181.69	608.00	395.45	0.0025288	165.27	319.02	1.1882	1.9663	3.1544	1370.7	-0.045749	7.5675e-05	0.16906	liquid
182.69	608.00	394.52	0.0025348	168.06	322.17	1.2055	1.9642	3.1540	1366.1	-0.045609	7.5017e-05	0.16823	liquid
183.69	608.00	393.58	0.0025408	170.85	325.33	1.2227	1.9620	3.1536	1361.6	-0.045469	7.4369e-05	0.16740	liquid
184.69	608.00	392.65	0.0025468	173.64	328.48	1.2398	1.9599	3.1533	1357.0	-0.045327	7.3733e-05	0.16658	liquid
185.69	608.00	391.72	0.0025529	176.42	331.63	1.2569	1.9579	3.1529	1352.5	-0.045183	7.3107e-05	0.16576	liquid
186.69	608.00	390.78	0.0025590	179.20	334.79	1.2738	1.9559	3.1525	1348.0	-0.045038	7.2491e-05	0.16495	liquid
187.69	608.00	389.85	0.0025651	181.98	337.94	1.2906	1.9539	3.1522	1343.6	-0.044891	7.1886e-05	0.16415	liquid
188.69	608.00	388.92	0.0025712	184.76	341.09	1.3074	1.9519	3.1518	1339.1	-0.044743	7.1290e-05	0.16335	liquid
189.69	608.00	387.99	0.0025774	187.54	344.24	1.3241	1.9500	3.1515	1334.7	-0.044594	7.0704e-05	0.16256	liquid
190.69	608.00	387.06	0.0025836	190.31	347.39	1.3406	1.9480	3.1511	1330.3	-0.044443	7.0128e-05	0.16177	supercritical
191.69	608.00	386.13	0.0025898	193.09	350.55	1.3571	1.9462	3.1508	1325.9	-0.044290	6.9560e-05	0.16099	supercritical
192.69	608.00	385.20	0.0025960	195.86	353.70	1.3735	1.9443	3.1505	1321.5	-0.044136	6.9002e-05	0.16021	supercritical
193.69	608.00	384.28	0.0026023	198.63	356.85	1.3898	1.9425	3.1502	1317.2	-0.043981	6.8452e-05	0.15944	supercritical
194.69	608.00	383.35	0.0026086	201.39	360.00	1.4060	1.9407	3.1499	1312.9	-0.043824	6.7911e-05	0.15867	supercritical
195.69	608.00	382.42	0.0026149	204.16	363.15	1.4222	1.9390	3.1496	1308.6	-0.043665	6.7378e-05	0.15791	supercritical
196.69	608.00	381.50	0.0026213	206.92	366.30	1.4382	1.9373	3.1493	1304.3	-0.043506	6.6854e-05	0.15715	supercritical
197.69	608.00	380.57	0.0026276	209.69	369.45	1.4542	1.9356	3.1491	1300.1	-0.043344	6.6337e-05	0.15641	supercritical
198.69	608.00	379.65	0.0026340	212.45	372.59	1.4701	1.9340	3.1488	1295.8	-0.043182	6.5828e-05	0.15566	supercritical
199.69	608.00	378.72	0.0026405	215.20	375.74	1.4859	1.9323	3.1486	1291.6	-0.043018	6.5327e-05	0.15492	supercritical
200.69	608.00	377.80	0.0026469	217.96	378.89	1.5016	1.9307	3.1483	1287.4	-0.042852	6.4834e-05	0.15419	supercritical
201.69	608.00	376.88	0.0026534	220.71	382.04	1.5173	1.9292	3.1481	1283.3	-0.042685	6.4347e-05	0.15347	supercritical
202.69	608.00	375.95	0.0026599	223.47	385.19	1.5328	1.9277	3.1479	1279.1	-0.042517	6.3868e-05	0.15275	supercritical
203.69	608.00	375.03	0.0026664	226.22	388.34	1.5483	1.9262	3.1476	1275.0	-0.042348	6.3396e-05	0.15203	supercritical
204.69	608.00	374.11	0.0026730	228.96	391.48	1.5637	1.9247	3.1474	1270.9	-0.042177	6.2931e-05	0.15132	supercritical
205.69	608.00	373.19	0.0026796	231.71	394.63	1.5791	1.9233	3.1472	1266.8	-0.042004	6.2473e-05	0.15062	supercritical
206.69	608.00	372.27	0.0026862	234.46	397.78	1.5943	1.9219	3.1470	1262.8	-0.041831	6.2021e-05	0.14992	supercritical
207.69	608.00	371.36	0.0026928	237.20	400.92	1.6095	1.9205	3.1468	1258.8	-0.041656	6.1576e-05	0.14923	supercritical
208.69	608.00	370.44	0.0026995	239.94	404.07	1.6246	1.9192	3.1466	1254.8	-0.041480	6.1137e-05	0.14854	supercritical
209.69	608.00	369.52	0.0027062	242.68	407.22	1.6397	1.9179	3.1465	1250.8	-0.041302	6.0704e-05	0.14786	supercritical
210.69	608.00	368.61	0.0027129	245.42	410.36	1.6546	1.9166	3.1463	1246.8	-0.041124	6.0277e-05	0.14718	supercritical
211.69	608.00	367.69	0.0027197	248.15	413.51	1.6695	1.9154	3.1461	1242.9	-0.040944	5.9857e-05	0.14651	supercritical
212.69	608.00	366.78	0.0027264	250.89	416.66	1.6844	1.9142	3.1460	1238.9	-0.040762	5.9442e-05	0.14585	supercritical
213.69	608.00	365.87	0.0027332	253.62	419.80	1.6991	1.9130	3.1458	1235.1	-0.040580	5.9033e-05	0.14519	supercritical
214.69	608.00	364.95	0.0027401	256.35	422.95	1.7138	1.9118	3.1457	1231.2	-0.040396	5.8630e-05	0.14454	supercritical
215.69	608.00	364.04	0.0027469	259.08	426.09	1.7284	1.9107	3.1456	1227.3	-0.040211	5.8232e-05	0.14389	supercritical
216.69	608.00	363.13	0.0027538	261.81	429.24	1.7430	1.9096	3.1455	1223.5	-0.040025	5.7840e-05	0.14325	supercritical
217.69	608.00	362.22	0.0027607	264.53	432.38	1.7575	1.9086	3.1453	1219.7	-0.039838	5.7453e-05	0.14261	supercritical
218.69	608.00	361.31	0.0027677	267.26	435.53	1.7719	1.9076	3.1452	1215.9	-0.039650	5.7071e-05	0.14198	supercritical
219.69	608.00	360.41	0.0027746	269.98	438.68	1.7862	1.9066	3.1451	1212.2	-0.039461	5.6694e-05	0.14135	supercritical
220.69	608.00	359.50	0.0027816	272.70	441.82	1.8005	1.9056	3.1450	1208.4	-0.039270	5.6323e-05	0.14073	supercritical
221.69	608.00	358.60	0.0027887	275.41	444.97	1.8147	1.9047	3.1449	1204.7	-0.039079	5.5956e-05	0.14012	supercritical
222.69	608.00	357.69	0.0027957	278.13	448.11	1.8289	1.9038	3.1449	1201.0	-0.038886	5.5595e-05	0.13951	supercritical
223.69	608.00	356.79	0.0028028	280.85	451.25	1.8430	1.9030	3.1448	1197.3	-0.038692	5.5238e-05	0.13891	supercritical
224.69	608.00	355.89	0.0028099	283.56	454.40	1.8570	1.9022	3.1447	1193.7	-0.038498	5.4886e-05	0.13831	supercritical
225.69	608.00	354.99	0.0028170	286.27	457.54	1.8710	1.9014	3.1446	1190.1	-0.038302	5.4538e-05	0.13771	supercritical
226.69	608.00	354.09	0.0028242	288.98	460.69	1.8849	1.9006	3.1446	1186.5	-0.038106	5.4195e-05	0.13713	supercritical
227.69	608.00	353.19	0.0028314	291.69	463.83	1.8987	1.8999	3.1445	1182.9	-0.037908	5.3857e-05	0.13654	supercritical
228.69	608.00	352.29	0.0028386	294.39	466.98	1.9125	1.8992	3.1445	1179.3	-0.037709	5.3523e-05	0.13597	supercritical
229.69	608.00	351.39	0.0028458	297.10	470.12	1.9262	1.8985	3.1444	1175.8	-0.037510	5.3193e-05	0.13540	supercritical
230.69	608.00	350.50	0.0028531	299.80	473.27	1.9399	1.8979	3.1444	1172.3	-0.037310	5.2868e-05	0.13483	supercritical
231.69	608.00	349.60	0.0028604	302.50	476.41	1.9535	1.8973	3.1444	1168.8	-0.037109	5.2546e-05	0.13427	supercritical
232.69	608.00	348.71	0.0028677	305.20	479.56	1.9670	1.8967	3.1444	1165.4	-0.036907	5.2229e-05	0.13371	supercritical
233.69	608.00	347.82	0.0028750	307.90	482.70	1.9805	1.8961	3.1443	1161.9	-0.036704	5.1916e-05	0.13316	supercritical
234.69	608.00	346.93	0.0028824	310.59	485.84	1.9939	1.8956	3.1443	1158.5	-0.036501	5.1607e-05	0.13262	supercritical
235.69	608.00	346.04	0.0028898	313.29	488.99	2.0073	1.8951	3.1443	1155.1	-0.036296	5.1302e-05	0.13208	supercritical
236.69	608.00	345.15	0.0028973	315.98	492.13	2.0206	1.8947	3.1443	1151.7	-0.036091	5.1001e-05	0.13154	supercritical
237.69	608.00	344.27	0.0029047	318.67	495.28	2.0338	1.8943	3.1443	1148.4	-0.035886	5.0703e-05	0.13101	supercritical
238.69	608.00	343.38	0.0029122	321.36	498.42	2.0471	1.8939	3.1443	1145.0	-0.035679	5.0409e-05	0.13049	supercritical
239.69	608.00	342.50	0.0029197	324.05	501.57	2.0602	1.8935	3.1443	1141.7	-0.035472	5.0119e-05	0.12997	supercritical
240.69	608.00	341.62	0.0029273	326.73	504.71	2.0733	1.8932	3.1443	1138.5	-0.035264	4.9833e-05	0.12945	supercritical
241.69	608.00	340.73	0.0029348	329.42	507.85	2.0863	1.8929	3.1444	1135.2	-0.035056	4.9550e-05	0.12894	supercritical
242.69	608.00	339.86	0.0029424	332.10	511.00	2.0993	1.8926	3.1444	1132.0	-0.034847	4.9270e-05	0.12844	supercritical
243.69	608.00	338.98	0.0029501	334.78	514.14	2.1122	1.8924	3.1444	1128.7	-0.034638	4.8994e-05	0.12794	supercritical
244.69	608.00	338.10	0.0029577	337.46	517.29	2.1251	1.8922	3.1445	1125.6	-0.034428	4.8722e-05	0.12745	supercritical
245.69	608.00	337.22	0.0029654	340.14	520.43	2.1379	1.8920	3.1445	1122.4	-0.034218	4.8453e-05	0.12696	supercritical
246.69	608.00	336.35	0.0029731	342.81	523.58	2.1507	1.8919	3.1445	1119.2	-0.034007	4.8187e-05	0.12647	supercritical
247.69	608.00	335.48	0.0029808	345.49	526.72	2.1634	1.8918	3.1446	1116.1	-0.033795	4.7924e-05	0.12599	supercritical
248.69	608.00	334.61	0.0029886	348.16	529.87	2.1761	1.8917	3.1446	1113.0	-0.033584	4.7665e-05	0.12552	supercritical
249.69	608.00	333.74	0.0029964	350.83	533.01	2.1887	1.8917	3.1447	1109.9	-0.033371	4.7408e-05	0.12505	supercritical
250.69	608.00	332.87	0.0030042	353.50	536.16	2.2013	1.8916	3.1447	1106.9	-0.033159	4.7155e-05	0.12459	supercritical
251.69	608.00	332.00	0.0030120	356.17	539.30	2.2138	1.8916	3.1448	1103.8	-0.032946	4.6905e-05	0.12413	supercritical
252.69	608.00	331.14	0.0030199	358.84	542.44	2.2263	1.8917	3.1449	1100.8	-0.032733	4.6658e-05	0.12367	supercritical
253.69	608.00	330.28	0.0030278	361.50	545.59	2.2387	1.8917	3.1449	1097.8	-0.032520	4.6414e-05	0.12322	supercritical
254.69	608.00	329.42	0.0030357	364.17	548.73	2.2511	1.8918	3.1450	1094.9	-0.032306	4.6173e-05	0.12278	supercritical
255.69	608.00	328.56	0.0030436	366.83	551.88	2.2634	1.8920	3.1451	1091.9	-0.032092	4.5934e-05	0.12234	supercritical
256.69	608.00	327.70	0.0030516	369.49	555.02	2.2757	1.8921	3.1452	1089.0	-0.031878	4.5699e-05	0.12190	supercritical
257.69	608.00	326.84	0.0030596	372.15	558.17	2.2879	1.8923	3.1453	1086.1	-0.031664	4.5466e-05	0.12147	supercritical
258.69	608.00	325.99	0.0030676	374.81	561.32	2.3001	1.8925	3.1454	1083.2	-0.031450	4.5237e-05	0.12104	supercritical
259.69	608.00	325.13	0.0030756	377.46	564.46	2.3122	1.8928	3.1454	1080.4	-0.031235	4.5009e-05	0.12062	supercritical
260.69	608.00	324.28	0.0030837	380.12	567.61	2.3243	1.8931	3.1455	1077.5	-0.031021	4.4785e-05	0.12021	supercritical
261.69	608.00	323.43	0.0030918	382.77	570.75	2.3364	1.8934	3.1456	1074.7	-0.030806	4.4563e-05	0.11979	supercritical
262.69	608.00	322.59	0.0030999	385.42	573.90	2.3483	1.8937	3.1457	1071.9	-0.030592	4.4344e-05	0.11939	supercritical
263.69	608.00	321.74	0.0031081	388.07	577.04	2.3603	1.8940	3.1459	1069.2	-0.030377	4.4128e-05	0.11898	supercritical
264.69	608.00	320.90	0.0031163	390.72	580.19	2.3722	1.8944	3.1460	1066.4	-0.030163	4.3914e-05	0.11858	supercritical
265.69	608.00	320.05	0.0031245	393.37	583.34	2.3841	1.8948	3.1461	1063.7	-0.029948	4.3702e-05	0.11819	supercritical
266.69	608.00	319.21	0.0031327	396.01	586.48	2.3959	1.8953	3.1462	1061.0	-0.029734	4.3493e-05	0.11780	supercritical
267.69	608.00	318.38	0.0031409	398.66	589.63	2.4077	1.8958	3.1463	1058.3	-0.029520	4.3287e-05	0.11742	supercritical
268.69	608.00	317.54	0.0031492	401.30	592.77	2.4194	1.8963	3.1464	1055.7	-0.029306	4.3083e-05	0.11704	supercritical
269.69	608.00	316.70	0.0031575	403.94	595.92	2.4311	1.8968	3.1466	1053.0	-0.029092	4.2881e-05	0.11666	supercritical
270.69	608.00	315.87	0.0031659	406.58	599.07	2.4427	1.8974	3.1467	1050.4	-0.028878	4.2682e-05	0.11629	supercritical
271.69	608.00	315.04	0.0031742	409.22	602.21	2.4543	1.8979	3.1468	1047.8	-0.028665	4.2485e-05	0.11592	supercritical
272.69	608.00	314.21	0.0031826	411.86	605.36	2.4659	1.8986	3.1470	1045.2	-0.028452	4.2290e-05	0.11556	supercritical
273.69	608.00	313.38	0.0031910	414.50	608.51	2.4774	1.8992	3.1471	1042.7	-0.028239	4.2097e-05	0.11520	supercritical
274.69	608.00	312.56	0.0031994	417.13	611.66	2.4889	1.8999	3.1472	1040.2	-0.028026	4.1907e-05	0.11484	supercritical
275.69	608.00	311.74	0.0032079	419.77	614.80	2.5003	1.9006	3.1474	1037.7	-0.027814	4.1719e-05	0.11449	supercritical
276.69	608.00	310.91	0.0032163	422.40	617.95	2.5117	1.9013	3.1475	1035.2	-0.027602	4.1533e-05	0.11415	supercritical
277.69	608.00	310.09	0.0032248	425.03	621.10	2.5231	1.9020	3.1477	1032.7	-0.027391	4.1349e-05	0.11381	supercritical
278.69	608.00	309.28	0.0032333	427.66	624.25	2.5344	1.9028	3.1478	1030.3	-0.027180	4.1168e-05	0.11347	supercritical
279.69	608.00	308.46	0.0032419	430.29	627.39	2.5457	1.9036	3.1480	1027.8	-0.026970	4.0988e-05	0.11314	supercritical
280.69	608.00	307.65	0.0032504	432.91	630.54	2.5569	1.9044	3.1481	1025.4	-0.026760	4.0811e-05	0.11281	supercritical
281.69	608.00	306.84	0.0032590	435.54	633.69	2.5681	1.9053	3.1483	1023.1	-0.026550	4.0636e-05	0.11248	supercritical
282.69	608.00	306.03	0.0032677	438.16	636.84	2.5793	1.9062	3.1485	1020.7	-0.026341	4.0462e-05	0.11216	supercritical
283.69	608.00	305.22	0.0032763	440.79	639.99	2.5904	1.9071	3.1487	1018.3	-0.026133	4.0291e-05	0.11184	supercritical
284.69	608.00	304.42	0.0032849	443.41	643.14	2.6015	1.9080	3.1488	1016.0	-0.025925	4.0122e-05	0.11153	supercritical
285.69	608.00	303.62	0.0032936	446.03	646.28	2.6125	1.9090	3.1490	1013.7	-0.025718	3.9954e-05	0.11122	supercritical
286.69	608.00	302.82	0.0033023	448.65	649.43	2.6235	1.9099	3.1492	1011.5	-0.025512	3.9789e-05	0.11092	supercritical
287.69	608.00	302.02	0.0033111	451.27	652.58	2.6345	1.9109	3.1494	1009.2	-0.025306	3.9625e-05	0.11062	supercritical
288.69	608.00	301.22	0.0033198	453.89	655.73	2.6454	1.9120	3.1496	1007.0	-0.025101	3.9463e-05	0.11032	supercritical
289.69	608.00	300.43	0.0033286	456.50	658.88	2.6563	1.9130	3.1498	1004.7	-0.024896	3.9303e-05	0.11003	supercritical
290.69	608.00	299.64	0.0033374	459.12	662.03	2.6671	1.9141	3.1499	1002.5	-0.024693	3.9145e-05	0.10974	supercritical
291.69	608.00	298.85	0.0033462	461.73	665.18	2.6780	1.9152	3.1501	1000.4	-0.024490	3.8989e-05	0.10945	supercritical
292.69	608.00	298.06	0.0033550	464.35	668.33	2.6887	1.9164	3.1504	998.20	-0.024288	3.8834e-05	0.10917	supercritical
293.69	608.00	297.27	0.0033639	466.96	671.48	2.6995	1.9175	3.1506	996.06	-0.024086	3.8682e-05	0.10889	supercritical
294.69	608.00	296.49	0.0033728	469.57	674.63	2.7102	1.9187	3.1508	993.94	-0.023886	3.8531e-05	0.10862	supercritical
295.69	608.00	295.71	0.0033817	472.18	677.78	2.7209	1.9199	3.1510	991.84	-0.023686	3.8381e-05	0.10835	supercritical
296.69	608.00	294.93	0.0033906	474.79	680.93	2.7315	1.9211	3.1512	989.76	-0.023488	3.8234e-05	0.10808	supercritical
297.69	608.00	294.16	0.0033995	477.39	684.09	2.7421	1.9224	3.1514	987.70	-0.023290	3.8088e-05	0.10782	supercritical
298.69	608.00	293.38	0.0034085	480.00	687.24	2.7527	1.9237	3.1517	985.66	-0.023093	3.7944e-05	0.10756	supercritical
299.69	608.00	292.61	0.0034175	482.61	690.39	2.7632	1.9250	3.1519	983.64	-0.022897	3.7801e-05	0.10730	supercritical
300.69	608.00	291.84	0.0034265	485.21	693.54	2.7737	1.9263	3.1521	981.64	-0.022702	3.7660e-05	0.10705	supercritical
301.69	608.00	291.08	0.0034355	487.81	696.69	2.7842	1.9277	3.1524	979.65	-0.022508	3.7521e-05	0.10680	supercritical
302.69	608.00	290.31	0.0034446	490.42	699.85	2.7946	1.9290	3.1526	977.69	-0.022315	3.7383e-05	0.10656	supercritical
303.69	608.00	289.55	0.0034536	493.02	703.00	2.8050	1.9304	3.1529	975.74	-0.022123	3.7247e-05	0.10632	supercritical
304.69	608.00	288.79	0.0034627	495.62	706.15	2.8154	1.9318	3.1531	973.81	-0.021932	3.7112e-05	0.10608	supercritical
305.69	608.00	288.03	0.0034718	498.22	709.31	2.8257	1.9333	3.1534	971.91	-0.021742	3.6979e-05	0.10585	supercritical
306.69	608.00	287.28	0.0034809	500.82	712.46	2.8360	1.9347	3.1536	970.02	-0.021554	3.6847e-05	0.10561	supercritical
307.69	608.00	286.53	0.0034901	503.41	715.61	2.8463	1.9362	3.1539	968.14	-0.021366	3.6717e-05	0.10539	supercritical
308.69	608.00	285.78	0.0034993	506.01	718.77	2.8565	1.9377	3.1542	966.29	-0.021179	3.6589e-05	0.10516	supercritical
309.69	608.00	285.03	0.0035084	508.61	721.92	2.8667	1.9393	3.1545	964.46	-0.020994	3.6461e-05	0.10494	supercritical
310.69	608.00	284.28	0.0035176	511.20	725.08	2.8769	1.9408	3.1547	962.64	-0.020810	3.6336e-05	0.10472	supercritical
311.69	608.00	283.54	0.0035269	513.80	728.23	2.8870	1.9424	3.1550	960.84	-0.020627	3.6211e-05	0.10451	supercritical
312.69	608.00	282.80	0.0035361	516.39	731.39	2.8971	1.9440	3.1553	959.06	-0.020445	3.6088e-05	0.10430	supercritical
313.69	608.00	282.06	0.0035453	518.98	734.54	2.9072	1.9456	3.1556	957.30	-0.020264	3.5967e-05	0.10409	supercritical
314.69	608.00	281.32	0.0035546	521.58	737.70	2.9172	1.9472	3.1559	955.55	-0.020085	3.5847e-05	0.10389	supercritical
315.69	608.00	280.59	0.0035639	524.17	740.85	2.9273	1.9489	3.1562	953.82	-0.019906	3.5728e-05	0.10369	supercritical
316.69	608.00	279.86	0.0035732	526.76	744.01	2.9372	1.9506	3.1566	952.11	-0.019730	3.5611e-05	0.10349	supercritical
317.69	608.00	279.13	0.0035825	529.35	747.17	2.9472	1.9523	3.1569	950.42	-0.019554	3.5495e-05	0.10329	supercritical
318.69	608.00	278.41	0.0035919	531.94	750.32	2.9571	1.9540	3.1572	948.75	-0.019379	3.5380e-05	0.10310	supercritical
319.69	608.00	277.68	0.0036012	534.52	753.48	2.9670	1.9557	3.1575	947.09	-0.019206	3.5266e-05	0.10291	supercritical
320.69	608.00	276.96	0.0036106	537.11	756.64	2.9769	1.9575	3.1579	945.45	-0.019034	3.5154e-05	0.10273	supercritical
321.69	608.00	276.24	0.0036200	539.70	759.80	2.9867	1.9593	3.1582	943.82	-0.018864	3.5043e-05	0.10255	supercritical
322.69	608.00	275.53	0.0036294	542.29	762.95	2.9965	1.9611	3.1586	942.21	-0.018695	3.4933e-05	0.10237	supercritical
323.69	608.00	274.81	0.0036388	544.87	766.11	3.0063	1.9629	3.1589	940.62	-0.018527	3.4825e-05	0.10219	supercritical
324.69	608.00	274.10	0.0036483	547.46	769.27	3.0160	1.9647	3.1593	939.05	-0.018360	3.4718e-05	0.10202	supercritical
325.69	608.00	273.39	0.0036577	550.04	772.43	3.0257	1.9666	3.1597	937.49	-0.018195	3.4612e-05	0.10185	supercritical
326.69	608.00	272.69	0.0036672	552.63	775.59	3.0354	1.9685	3.1601	935.95	-0.018031	3.4507e-05	0.10168	supercritical
327.69	608.00	271.98	0.0036767	555.21	778.75	3.0451	1.9704	3.1604	934.43	-0.017869	3.4404e-05	0.10152	supercritical
328.69	608.00	271.28	0.0036862	557.79	781.91	3.0547	1.9723	3.1608	932.92	-0.017708	3.4301e-05	0.10135	supercritical
329.69	608.00	270.58	0.0036957	560.37	785.07	3.0643	1.9742	3.1612	931.42	-0.017548	3.4200e-05	0.10120	supercritical
330.69	608.00	269.89	0.0037053	562.96	788.24	3.0739	1.9762	3.1616	929.95	-0.017390	3.4100e-05	0.10104	supercritical
331.69	608.00	269.19	0.0037148	565.54	791.40	3.0834	1.9782	3.1621	928.49	-0.017233	3.4001e-05	0.10089	supercritical
332.69	608.00	268.50	0.0037244	568.12	794.56	3.0930	1.9801	3.1625	927.04	-0.017078	3.3903e-05	0.10074	supercritical
333.69	608.00	267.81	0.0037340	570.70	797.72	3.1024	1.9822	3.1629	925.61	-0.016924	3.3807e-05	0.10059	supercritical
334.69	608.00	267.13	0.0037435	573.28	800.88	3.1119	1.9842	3.1633	924.20	-0.016772	3.3711e-05	0.10044	supercritical
335.69	608.00	266.44	0.0037532	575.86	804.05	3.1213	1.9862	3.1638	922.80	-0.016621	3.3616e-05	0.10030	supercritical
336.69	608.00	265.76	0.0037628	578.44	807.21	3.1308	1.9883	3.1642	921.41	-0.016471	3.3523e-05	0.10016	supercritical
337.69	608.00	265.08	0.0037724	581.01	810.38	3.1401	1.9904	3.1647	920.05	-0.016323	3.3431e-05	0.10003	supercritical
338.69	608.00	264.41	0.0037821	583.59	813.54	3.1495	1.9925	3.1652	918.69	-0.016176	3.3339e-05	0.099893	supercritical
339.69	608.00	263.73	0.0037917	586.17	816.71	3.1588	1.9946	3.1656	917.35	-0.016031	3.3249e-05	0.099762	supercritical
340.69	608.00	263.06	0.0038014	588.75	819.87	3.1681	1.9967	3.1661	916.03	-0.015888	3.3160e-05	0.099633	supercritical
341.69	608.00	262.39	0.0038111	591.33	823.04	3.1774	1.9989	3.1666	914.72	-0.015745	3.3072e-05	0.099507	supercritical
342.69	608.00	261.73	0.0038208	593.90	826.21	3.1867	2.0010	3.1671	913.43	-0.015605	3.2984e-05	0.099383	supercritical
343.69	608.00	261.06	0.0038305	596.48	829.37	3.1959	2.0032	3.1676	912.15	-0.015466	3.2898e-05	0.099263	supercritical
344.69	608.00	260.40	0.0038402	599.06	832.54	3.2051	2.0054	3.1681	910.88	-0.015328	3.2813e-05	0.099144	supercritical
345.69	608.00	259.74	0.0038500	601.63	835.71	3.2143	2.0076	3.1687	909.63	-0.015192	3.2729e-05	0.099028	supercritical
346.69	608.00	259.09	0.0038597	604.21	838.88	3.2234	2.0099	3.1692	908.40	-0.015057	3.2646e-05	0.098915	supercritical
347.69	608.00	258.43	0.0038695	606.78	842.05	3.2326	2.0121	3.1697	907.17	-0.014924	3.2563e-05	0.098804	supercritical
348.69	608.00	257.78	0.0038792	609.36	845.22	3.2417	2.0144	3.1703	905.96	-0.014792	3.2482e-05	0.098696	supercritical
349.69	608.00	257.13	0.0038890	611.94	848.39	3.2508	2.0167	3.1708	904.77	-0.014662	3.2402e-05	0.098590	supercritical
350.69	608.00	256.49	0.0038988	614.51	851.56	3.2598	2.0190	3.1714	903.59	-0.014533	3.2322e-05	0.098486	supercritical
351.69	608.00	255.84	0.0039086	617.09	854.73	3.2688	2.0213	3.1720	902.42	-0.014406	3.2243e-05	0.098385	supercritical
352.69	608.00	255.20	0.0039185	619.66	857.90	3.2778	2.0236	3.1726	901.27	-0.014280	3.2166e-05	0.098286	supercritical
353.69	608.00	254.56	0.0039283	622.24	861.08	3.2868	2.0260	3.1732	900.13	-0.014156	3.2089e-05	0.098189	supercritical
354.69	608.00	253.93	0.0039381	624.81	864.25	3.2958	2.0283	3.1738	899.00	-0.014033	3.2013e-05	0.098095	supercritical
355.69	608.00	253.29	0.0039480	627.39	867.42	3.3047	2.0307	3.1744	897.89	-0.013912	3.1938e-05	0.098003	supercritical
356.69	608.00	252.66	0.0039578	629.96	870.60	3.3136	2.0331	3.1750	896.78	-0.013793	3.1864e-05	0.097913	supercritical
357.69	608.00	252.03	0.0039677	632.54	873.77	3.3225	2.0355	3.1756	895.70	-0.013675	3.1791e-05	0.097826	supercritical
358.69	608.00	251.41	0.0039776	635.11	876.95	3.3314	2.0379	3.1763	894.62	-0.013558	3.1718e-05	0.097741	supercritical
359.69	608.00	250.78	0.0039875	637.69	880.13	3.3402	2.0403	3.1769	893.56	-0.013443	3.1647e-05	0.097658	supercritical
360.69	608.00	250.16	0.0039974	640.26	883.30	3.3491	2.0428	3.1776	892.51	-0.013329	3.1576e-05	0.097577	supercritical
361.69	608.00	249.54	0.0040073	642.84	886.48	3.3579	2.0452	3.1783	891.47	-0.013217	3.1506e-05	0.097499	supercritical
362.69	608.00	248.93	0.0040172	645.41	889.66	3.3666	2.0477	3.1789	890.45	-0.013107	3.1437e-05	0.097422	supercritical
363.69	608.00	248.31	0.0040272	647.99	892.84	3.3754	2.0502	3.1796	889.44	-0.012997	3.1369e-05	0.097348	supercritical
364.69	608.00	247.70	0.0040371	650.56	896.02	3.3841	2.0527	3.1803	888.44	-0.012890	3.1301e-05	0.097276	supercritical
365.69	608.00	247.09	0.0040471	653.14	899.20	3.3928	2.0552	3.1810	887.45	-0.012784	3.1234e-05	0.097206	supercritical
366.69	608.00	246.49	0.0040570	655.72	902.38	3.4015	2.0577	3.1818	886.47	-0.012679	3.1169e-05	0.097138	supercritical
367.69	608.00	245.88	0.0040670	658.29	905.56	3.4102	2.0603	3.1825	885.51	-0.012576	3.1103e-05	0.097072	supercritical
368.69	608.00	245.28	0.0040770	660.87	908.75	3.4188	2.0628	3.1832	884.56	-0.012474	3.1039e-05	0.097008	supercritical
369.69	608.00	244.68	0.0040869	663.44	911.93	3.4275	2.0654	3.1840	883.62	-0.012374	3.0975e-05	0.096947	supercritical
370.69	608.00	244.08	0.0040969	666.02	915.12	3.4361	2.0680	3.1848	882.69	-0.012275	3.0912e-05	0.096887	supercritical
371.69	608.00	243.49	0.0041069	668.60	918.30	3.4446	2.0706	3.1855	881.77	-0.012178	3.0850e-05	0.096829	supercritical
372.69	608.00	242.90	0.0041170	671.18	921.49	3.4532	2.0732	3.1863	880.86	-0.012082	3.0789e-05	0.096773	supercritical
373.69	608.00	242.31	0.0041270	673.75	924.67	3.4617	2.0758	3.1871	879.97	-0.011988	3.0728e-05	0.096720	supercritical
374.69	608.00	241.72	0.0041370	676.33	927.86	3.4702	2.0784	3.1879	879.09	-0.011895	3.0668e-05	0.096668	supercritical
375.69	608.00	241.14	0.0041470	678.91	931.05	3.4787	2.0811	3.1887	878.21	-0.011804	3.0609e-05	0.096618	supercritical
376.69	608.00	240.55	0.0041571	681.49	934.24	3.4872	2.0837	3.1895	877.35	-0.011714	3.0550e-05	0.096570	supercritical
377.69	608.00	239.97	0.0041671	684.07	937.43	3.4957	2.0864	3.1904	876.50	-0.011625	3.0493e-05	0.096524	supercritical
378.69	608.00	239.40	0.0041772	686.65	940.62	3.5041	2.0891	3.1912	875.67	-0.011538	3.0435e-05	0.096479	supercritical
379.69	608.00	238.82	0.0041872	689.23	943.81	3.5125	2.0918	3.1921	874.84	-0.011453	3.0379e-05	0.096437	supercritical
380.69	608.00	238.25	0.0041973	691.81	947.00	3.5209	2.0945	3.1929	874.02	-0.011368	3.0323e-05	0.096397	supercritical
381.69	608.00	237.68	0.0042074	694.39	950.20	3.5293	2.0972	3.1938	873.21	-0.011285	3.0268e-05	0.096358	supercritical
382.69	608.00	237.11	0.0042175	696.97	953.39	3.5377	2.0999	3.1947	872.42	-0.011204	3.0213e-05	0.096321	supercritical
383.69	608.00	236.54	0.0042275	699.55	956.59	3.5460	2.1027	3.1956	871.63	-0.011124	3.0160e-05	0.096286	supercritical
384.69	608.00	235.98	0.0042376	702.13	959.78	3.5543	2.1054	3.1965	870.85	-0.011045	3.0106e-05	0.096253	supercritical
385.69	608.00	235.42	0.0042477	704.72	962.98	3.5626	2.1082	3.1974	870.09	-0.010968	3.0054e-05	0.096221	supercritical
386.69	608.00	234.86	0.0042578	707.30	966.18	3.5709	2.1109	3.1984	869.33	-0.010892	3.0002e-05	0.096191	supercritical
387.69	608.00	234.30	0.0042680	709.88	969.38	3.5792	2.1137	3.1993	868.59	-0.010817	2.9951e-05	0.096163	supercritical
388.69	608.00	233.75	0.0042781	712.47	972.58	3.5874	2.1165	3.2003	867.85	-0.010744	2.9900e-05	0.096137	supercritical
389.69	608.00	233.20	0.0042882	715.05	975.78	3.5956	2.1193	3.2012	867.12	-0.010672	2.9850e-05	0.096112	supercritical
390.69	608.00	232.65	0.0042983	717.64	978.98	3.6038	2.1221	3.2022	866.41	-0.010602	2.9800e-05	0.096090	supercritical
391.69	608.00	232.10	0.0043085	720.23	982.18	3.6120	2.1249	3.2032	865.70	-0.010533	2.9752e-05	0.096068	supercritical
392.69	608.00	231.56	0.0043186	722.81	985.38	3.6202	2.1278	3.2042	865.01	-0.010465	2.9703e-05	0.096049	supercritical
393.69	608.00	231.01	0.0043288	725.40	988.59	3.6283	2.1306	3.2052	864.32	-0.010398	2.9656e-05	0.096031	supercritical
394.69	608.00	230.47	0.0043389	727.99	991.79	3.6365	2.1335	3.2062	863.64	-0.010333	2.9609e-05	0.096015	supercritical
395.69	608.00	229.93	0.0043491	730.58	995.00	3.6446	2.1363	3.2073	862.97	-0.010269	2.9562e-05	0.096000	supercritical
396.69	608.00	229.40	0.0043592	733.17	998.21	3.6527	2.1392	3.2083	862.31	-0.010206	2.9516e-05	0.095987	supercritical
397.69	608.00	228.86	0.0043694	735.76	1001.4	3.6608	2.1421	3.2094	861.66	-0.010145	2.9471e-05	0.095976	supercritical
398.69	608.00	228.33	0.0043796	738.35	1004.6	3.6688	2.1450	3.2104	861.02	-0.010085	2.9426e-05	0.095966	supercritical
399.69	608.00	227.80	0.0043897	740.94	1007.8	3.6769	2.1479	3.2115	860.39	-0.010026	2.9382e-05	0.095957	supercritical
400.69	608.00	227.28	0.0043999	743.54	1011.1	3.6849	2.1508	3.2126	859.76	-0.0099687	2.9338e-05	0.095951	supercritical
401.69	608.00	226.75	0.0044101	746.13	1014.3	3.6929	2.1537	3.2137	859.15	-0.0099124	2.9295e-05	0.095946	supercritical
402.69	608.00	226.23	0.0044203	748.73	1017.5	3.7009	2.1566	3.2148	858.54	-0.0098573	2.9252e-05	0.095942	supercritical
403.69	608.00	225.71	0.0044305	751.32	1020.7	3.7089	2.1596	3.2159	857.95	-0.0098034	2.9210e-05	0.095940	supercritical
404.69	608.00	225.19	0.0044407	753.92	1023.9	3.7168	2.1625	3.2171	857.36	-0.0097508	2.9169e-05	0.095939	supercritical
405.69	608.00	224.67	0.0044509	756.51	1027.1	3.7248	2.1655	3.2182	856.78	-0.0096993	2.9128e-05	0.095940	supercritical
406.69	608.00	224.16	0.0044611	759.11	1030.3	3.7327	2.1685	3.2194	856.20	-0.0096491	2.9087e-05	0.095942	supercritical
407.69	608.00	223.65	0.0044713	761.71	1033.6	3.7406	2.1714	3.2205	855.64	-0.0096001	2.9047e-05	0.095946	supercritical
408.69	608.00	223.14	0.0044815	764.31	1036.8	3.7485	2.1744	3.2217	855.08	-0.0095522	2.9008e-05	0.095951	supercritical
409.69	608.00	222.63	0.0044917	766.91	1040.0	3.7564	2.1774	3.2229	854.54	-0.0095055	2.8969e-05	0.095958	supercritical
410.69	608.00	222.13	0.0045019	769.52	1043.2	3.7642	2.1804	3.2241	854.00	-0.0094599	2.8930e-05	0.095966	supercritical
411.69	608.00	221.62	0.0045121	772.12	1046.5	3.7721	2.1834	3.2253	853.47	-0.0094155	2.8892e-05	0.095976	supercritical
412.69	608.00	221.12	0.0045224	774.72	1049.7	3.7799	2.1864	3.2266	852.94	-0.0093723	2.8854e-05	0.095987	supercritical
413.69	608.00	220.62	0.0045326	777.33	1052.9	3.7877	2.1894	3.2278	852.43	-0.0093301	2.8817e-05	0.095999	supercritical
414.69	608.00	220.13	0.0045428	779.94	1056.1	3.7955	2.1925	3.2290	851.92	-0.0092891	2.8781e-05	0.096013	supercritical
415.69	608.00	219.63	0.0045531	782.54	1059.4	3.8033	2.1955	3.2303	851.42	-0.0092492	2.8745e-05	0.096028	supercritical
416.69	608.00	219.14	0.0045633	785.15	1062.6	3.8110	2.1985	3.2316	850.93	-0.0092104	2.8709e-05	0.096044	supercritical
417.69	608.00	218.65	0.0045735	787.76	1065.8	3.8188	2.2016	3.2328	850.44	-0.0091727	2.8674e-05	0.096062	supercritical
418.69	608.00	218.16	0.0045838	790.37	1069.1	3.8265	2.2047	3.2341	849.97	-0.0091360	2.8639e-05	0.096081	supercritical
419.69	608.00	217.67	0.0045940	792.98	1072.3	3.8342	2.2077	3.2354	849.50	-0.0091005	2.8605e-05	0.096102	supercritical
420.69	608.00	217.19	0.0046043	795.60	1075.5	3.8419	2.2108	3.2368	849.03	-0.0090659	2.8571e-05	0.096124	supercritical
421.69	608.00	216.71	0.0046145	798.21	1078.8	3.8496	2.2139	3.2381	848.58	-0.0090325	2.8538e-05	0.096147	supercritical
422.69	608.00	216.23	0.0046248	800.83	1082.0	3.8573	2.2170	3.2394	848.13	-0.0090000	2.8505e-05	0.096171	supercritical
423.69	608.00	215.75	0.0046350	803.44	1085.3	3.8650	2.2201	3.2408	847.69	-0.0089686	2.8472e-05	0.096197	supercritical
424.69	608.00	215.27	0.0046453	806.06	1088.5	3.8726	2.2232	3.2421	847.26	-0.0089382	2.8440e-05	0.096224	supercritical
425.69	608.00	214.80	0.0046555	808.68	1091.7	3.8802	2.2263	3.2435	846.83	-0.0089088	2.8408e-05	0.096252	supercritical
426.69	608.00	214.33	0.0046658	811.30	1095.0	3.8878	2.2294	3.2449	846.41	-0.0088805	2.8377e-05	0.096281	supercritical
427.69	608.00	213.86	0.0046760	813.92	1098.2	3.8954	2.2325	3.2463	846.00	-0.0088530	2.8346e-05	0.096312	supercritical
428.69	608.00	213.39	0.0046863	816.55	1101.5	3.9030	2.2357	3.2477	845.59	-0.0088266	2.8316e-05	0.096344	supercritical
429.69	608.00	212.92	0.0046966	819.17	1104.7	3.9106	2.2388	3.2491	845.19	-0.0088012	2.8286e-05	0.096377	supercritical
430.69	608.00	212.46	0.0047068	821.80	1108.0	3.9181	2.2419	3.2505	844.80	-0.0087766	2.8256e-05	0.096412	supercritical
431.69	608.00	211.99	0.0047171	824.42	1111.2	3.9257	2.2451	3.2519	844.41	-0.0087531	2.8227e-05	0.096447	supercritical
432.69	608.00	211.53	0.0047274	827.05	1114.5	3.9332	2.2482	3.2534	844.03	-0.0087304	2.8198e-05	0.096484	supercritical
433.69	608.00	211.08	0.0047376	829.68	1117.7	3.9407	2.2514	3.2548	843.66	-0.0087087	2.8170e-05	0.096522	supercritical
434.69	608.00	210.62	0.0047479	832.31	1121.0	3.9482	2.2546	3.2563	843.29	-0.0086880	2.8142e-05	0.096561	supercritical
435.69	608.00	210.16	0.0047582	834.95	1124.2	3.9557	2.2577	3.2578	842.93	-0.0086681	2.8114e-05	0.096601	supercritical
436.69	608.00	209.71	0.0047685	837.58	1127.5	3.9632	2.2609	3.2593	842.57	-0.0086491	2.8087e-05	0.096643	supercritical
437.69	608.00	209.26	0.0047787	840.21	1130.8	3.9706	2.2641	3.2608	842.23	-0.0086310	2.8060e-05	0.096685	supercritical
438.69	608.00	208.81	0.0047890	842.85	1134.0	3.9781	2.2673	3.2623	841.88	-0.0086137	2.8034e-05	0.096729	supercritical
439.69	608.00	208.36	0.0047993	845.49	1137.3	3.9855	2.2705	3.2638	841.55	-0.0085974	2.8007e-05	0.096774	supercritical
440.69	608.00	207.92	0.0048096	848.13	1140.6	3.9929	2.2737	3.2653	841.22	-0.0085819	2.7982e-05	0.096820	supercritical
441.69	608.00	207.48	0.0048198	850.77	1143.8	4.0003	2.2769	3.2669	840.89	-0.0085672	2.7956e-05	0.096867	supercritical
442.69	608.00	207.03	0.0048301	853.41	1147.1	4.0077	2.2801	3.2684	840.58	-0.0085534	2.7931e-05	0.096915	supercritical
443.69	608.00	206.59	0.0048404	856.06	1150.4	4.0151	2.2833	3.2700	840.26	-0.0085404	2.7906e-05	0.096965	supercritical
444.69	608.00	206.16	0.0048507	858.70	1153.6	4.0224	2.2866	3.2715	839.96	-0.0085282	2.7882e-05	0.097015	supercritical
445.69	608.00	205.72	0.0048610	861.35	1156.9	4.0298	2.2898	3.2731	839.66	-0.0085168	2.7858e-05	0.097067	supercritical
446.69	608.00	205.29	0.0048712	864.00	1160.2	4.0371	2.2930	3.2747	839.36	-0.0085062	2.7834e-05	0.097119	supercritical
447.69	608.00	204.85	0.0048815	866.65	1163.4	4.0445	2.2963	3.2763	839.07	-0.0084964	2.7811e-05	0.097173	supercritical
448.69	608.00	204.42	0.0048918	869.30	1166.7	4.0518	2.2995	3.2779	838.79	-0.0084874	2.7788e-05	0.097227	supercritical
449.69	608.00	203.99	0.0049021	871.96	1170.0	4.0591	2.3028	3.2796	838.51	-0.0084791	2.7766e-05	0.097283	supercritical
450.69	608.00	203.57	0.0049124	874.61	1173.3	4.0664	2.3060	3.2812	838.24	-0.0084716	2.7743e-05	0.097340	supercritical
451.69	608.00	203.14	0.0049227	877.27	1176.6	4.0736	2.3093	3.2828	837.97	-0.0084649	2.7721e-05	0.097398	supercritical
452.69	608.00	202.72	0.0049329	879.93	1179.8	4.0809	2.3125	3.2845	837.71	-0.0084588	2.7700e-05	0.097456	supercritical
453.69	608.00	202.30	0.0049432	882.59	1183.1	4.0881	2.3158	3.2862	837.45	-0.0084536	2.7678e-05	0.097516	supercritical
454.69	608.00	201.88	0.0049535	885.25	1186.4	4.0954	2.3191	3.2878	837.20	-0.0084490	2.7657e-05	0.097577	supercritical
455.69	608.00	201.46	0.0049638	887.91	1189.7	4.1026	2.3223	3.2895	836.96	-0.0084452	2.7637e-05	0.097639	supercritical
456.69	608.00	201.04	0.0049741	890.58	1193.0	4.1098	2.3256	3.2912	836.71	-0.0084420	2.7616e-05	0.097702	supercritical
457.69	608.00	200.63	0.0049844	893.24	1196.3	4.1170	2.3289	3.2929	836.48	-0.0084396	2.7596e-05	0.097765	supercritical
458.69	608.00	200.21	0.0049946	895.91	1199.6	4.1242	2.3322	3.2946	836.25	-0.0084378	2.7576e-05	0.097830	supercritical
459.69	608.00	199.80	0.0050049	898.58	1202.9	4.1314	2.3355	3.2963	836.02	-0.0084367	2.7557e-05	0.097896	supercritical
460.69	608.00	199.39	0.0050152	901.25	1206.2	4.1385	2.3388	3.2981	835.80	-0.0084363	2.7538e-05	0.097963	supercritical
461.69	608.00	198.99	0.0050255	903.93	1209.5	4.1457	2.3421	3.2998	835.58	-0.0084365	2.7519e-05	0.098030	supercritical
462.69	608.00	198.58	0.0050358	906.60	1212.8	4.1528	2.3454	3.3016	835.37	-0.0084374	2.7500e-05	0.098099	supercritical
463.69	608.00	198.17	0.0050460	909.28	1216.1	4.1600	2.3487	3.3033	835.17	-0.0084389	2.7482e-05	0.098168	supercritical
464.69	608.00	197.77	0.0050563	911.96	1219.4	4.1671	2.3520	3.3051	834.97	-0.0084410	2.7464e-05	0.098239	supercritical
465.69	608.00	197.37	0.0050666	914.64	1222.7	4.1742	2.3553	3.3069	834.77	-0.0084438	2.7446e-05	0.098310	supercritical
466.69	608.00	196.97	0.0050769	917.32	1226.0	4.1813	2.3587	3.3087	834.58	-0.0084472	2.7429e-05	0.098383	supercritical
467.69	608.00	196.57	0.0050872	920.01	1229.3	4.1884	2.3620	3.3105	834.39	-0.0084512	2.7412e-05	0.098456	supercritical
468.69	608.00	196.18	0.0050974	922.69	1232.6	4.1954	2.3653	3.3123	834.21	-0.0084558	2.7395e-05	0.098530	supercritical
469.69	608.00	195.78	0.0051077	925.38	1235.9	4.2025	2.3686	3.3141	834.03	-0.0084610	2.7378e-05	0.098605	supercritical
470.69	608.00	195.39	0.0051180	928.07	1239.2	4.2096	2.3720	3.3159	833.85	-0.0084667	2.7362e-05	0.098681	supercritical
471.69	608.00	195.00	0.0051283	930.76	1242.6	4.2166	2.3753	3.3178	833.68	-0.0084731	2.7346e-05	0.098758	supercritical
472.69	608.00	194.61	0.0051386	933.46	1245.9	4.2236	2.3787	3.3196	833.52	-0.0084799	2.7330e-05	0.098835	supercritical
473.69	608.00	194.22	0.0051488	936.15	1249.2	4.2306	2.3820	3.3215	833.36	-0.0084874	2.7315e-05	0.098914	supercritical
474.69	608.00	193.83	0.0051591	938.85	1252.5	4.2377	2.3854	3.3233	833.20	-0.0084954	2.7299e-05	0.098993	supercritical
475.69	608.00	193.45	0.0051694	941.55	1255.8	4.2446	2.3887	3.3252	833.05	-0.0085039	2.7284e-05	0.099074	supercritical
476.69	608.00	193.06	0.0051796	944.25	1259.2	4.2516	2.3921	3.3271	832.90	-0.0085130	2.7270e-05	0.099155	supercritical
477.69	608.00	192.68	0.0051899	946.96	1262.5	4.2586	2.3954	3.3290	832.76	-0.0085226	2.7255e-05	0.099237	supercritical
478.69	608.00	192.30	0.0052002	949.66	1265.8	4.2656	2.3988	3.3309	832.62	-0.0085327	2.7241e-05	0.099320	supercritical
479.69	608.00	191.92	0.0052105	952.37	1269.2	4.2725	2.4021	3.3328	832.48	-0.0085434	2.7227e-05	0.099403	supercritical
480.69	608.00	191.54	0.0052207	955.08	1272.5	4.2795	2.4055	3.3347	832.35	-0.0085545	2.7213e-05	0.099488	supercritical
481.69	608.00	191.17	0.0052310	957.79	1275.8	4.2864	2.4089	3.3366	832.22	-0.0085661	2.7200e-05	0.099573	supercritical
482.69	608.00	190.79	0.0052413	960.50	1279.2	4.2933	2.4123	3.3385	832.10	-0.0085782	2.7187e-05	0.099660	supercritical
483.69	608.00	190.42	0.0052515	963.22	1282.5	4.3002	2.4156	3.3405	831.98	-0.0085908	2.7174e-05	0.099747	supercritical
484.69	608.00	190.05	0.0052618	965.94	1285.9	4.3071	2.4190	3.3424	831.87	-0.0086038	2.7161e-05	0.099834	supercritical
485.69	608.00	189.68	0.0052720	968.66	1289.2	4.3140	2.4224	3.3444	831.75	-0.0086174	2.7148e-05	0.099923	supercritical
486.69	608.00	189.31	0.0052823	971.38	1292.5	4.3209	2.4258	3.3463	831.65	-0.0086313	2.7136e-05	0.10001	supercritical
487.69	608.00	188.94	0.0052926	974.10	1295.9	4.3278	2.4292	3.3483	831.54	-0.0086458	2.7124e-05	0.10010	supercritical
488.69	608.00	188.58	0.0053028	976.83	1299.2	4.3346	2.4325	3.3503	831.44	-0.0086606	2.7112e-05	0.10019	supercritical
489.69	608.00	188.21	0.0053131	979.55	1302.6	4.3415	2.4359	3.3523	831.34	-0.0086760	2.7101e-05	0.10029	supercritical
490.69	608.00	187.85	0.0053233	982.28	1305.9	4.3483	2.4393	3.3543	831.25	-0.0086917	2.7089e-05	0.10038	supercritical
491.69	608.00	187.49	0.0053336	985.02	1309.3	4.3552	2.4427	3.3563	831.16	-0.0087079	2.7078e-05	0.10047	supercritical
492.69	608.00	187.13	0.0053438	987.75	1312.7	4.3620	2.4461	3.3583	831.08	-0.0087244	2.7067e-05	0.10057	supercritical
493.69	608.00	186.77	0.0053541	990.49	1316.0	4.3688	2.4495	3.3603	830.99	-0.0087414	2.7056e-05	0.10066	supercritical
494.69	608.00	186.42	0.0053643	993.22	1319.4	4.3756	2.4529	3.3624	830.92	-0.0087588	2.7046e-05	0.10076	supercritical
495.69	608.00	186.06	0.0053746	995.96	1322.7	4.3824	2.4563	3.3644	830.84	-0.0087766	2.7036e-05	0.10085	supercritical
496.69	608.00	185.71	0.0053848	998.71	1326.1	4.3892	2.4597	3.3664	830.77	-0.0087948	2.7026e-05	0.10095	supercritical
497.69	608.00	185.35	0.0053951	1001.5	1329.5	4.3959	2.4631	3.3685	830.70	-0.0088133	2.7016e-05	0.10105	supercritical
498.69	608.00	185.00	0.0054053	1004.2	1332.8	4.4027	2.4666	3.3706	830.64	-0.0088322	2.7006e-05	0.10115	supercritical
499.69	608.00	184.65	0.0054156	1006.9	1336.2	4.4095	2.4700	3.3726	830.57	-0.0088515	2.6997e-05	0.10124	supercritical
500.69	608.00	184.30	0.0054258	1009.7	1339.6	4.4162	2.4734	3.3747	830.52	-0.0088712	2.6987e-05	0.10134	supercritical
501.69	608.00	183.96	0.0054360	1012.5	1343.0	4.4229	2.4768	3.3768	830.46	-0.0088912	2.6978e-05	0.10145	supercritical
502.69	608.00	183.61	0.0054463	1015.2	1346.3	4.4297	2.4802	3.3789	830.41	-0.0089116	2.6970e-05	0.10155	supercritical
503.69	608.00	183.27	0.0054565	1018.0	1349.7	4.4364	2.4836	3.3810	830.36	-0.0089323	2.6961e-05	0.10165	supercritical
504.69	608.00	182.92	0.0054667	1020.7	1353.1	4.4431	2.4871	3.3831	830.32	-0.0089534	2.6952e-05	0.10175	supercritical
505.69	608.00	182.58	0.0054770	1023.5	1356.5	4.4498	2.4905	3.3852	830.27	-0.0089748	2.6944e-05	0.10185	supercritical
506.69	608.00	182.24	0.0054872	1026.3	1359.9	4.4565	2.4939	3.3873	830.24	-0.0089965	2.6936e-05	0.10196	supercritical
507.69	608.00	181.90	0.0054974	1029.0	1363.3	4.4632	2.4973	3.3895	830.20	-0.0090186	2.6928e-05	0.10206	supercritical
508.69	608.00	181.57	0.0055077	1031.8	1366.7	4.4698	2.5008	3.3916	830.17	-0.0090409	2.6921e-05	0.10217	supercritical
509.69	608.00	181.23	0.0055179	1034.6	1370.0	4.4765	2.5042	3.3937	830.14	-0.0090636	2.6913e-05	0.10228	supercritical
510.69	608.00	180.89	0.0055281	1037.3	1373.4	4.4831	2.5076	3.3959	830.11	-0.0090866	2.6906e-05	0.10238	supercritical
511.69	608.00	180.56	0.0055383	1040.1	1376.8	4.4898	2.5111	3.3980	830.09	-0.0091098	2.6899e-05	0.10249	supercritical
512.69	608.00	180.23	0.0055485	1042.9	1380.2	4.4964	2.5145	3.4002	830.07	-0.0091334	2.6892e-05	0.10260	supercritical
513.69	608.00	179.90	0.0055588	1045.7	1383.6	4.5031	2.5179	3.4024	830.05	-0.0091573	2.6885e-05	0.10271	supercritical
514.69	608.00	179.57	0.0055690	1048.4	1387.0	4.5097	2.5214	3.4045	830.03	-0.0091814	2.6879e-05	0.10282	supercritical
515.69	608.00	179.24	0.0055792	1051.2	1390.4	4.5163	2.5248	3.4067	830.02	-0.0092058	2.6872e-05	0.10293	supercritical
516.69	608.00	178.91	0.0055894	1054.0	1393.9	4.5229	2.5282	3.4089	830.01	-0.0092305	2.6866e-05	0.10304	supercritical
517.69	608.00	178.58	0.0055996	1056.8	1397.3	4.5295	2.5317	3.4111	830.01	-0.0092555	2.6860e-05	0.10315	supercritical
518.69	608.00	178.26	0.0056098	1059.6	1400.7	4.5361	2.5351	3.4133	830.00	-0.0092807	2.6854e-05	0.10326	supercritical
519.69	608.00	177.94	0.0056200	1062.4	1404.1	4.5426	2.5386	3.4155	830.00	-0.0093062	2.6849e-05	0.10338	supercritical
520.69	608.00	177.61	0.0056302	1065.2	1407.5	4.5492	2.5420	3.4177	830.01	-0.0093319	2.6843e-05	0.10349	supercritical
521.69	608.00	177.29	0.0056404	1068.0	1410.9	4.5558	2.5455	3.4200	830.01	-0.0093579	2.6838e-05	0.10360	supercritical
522.69	608.00	176.97	0.0056506	1070.8	1414.3	4.5623	2.5489	3.4222	830.02	-0.0093841	2.6833e-05	0.10372	supercritical
523.69	608.00	176.65	0.0056608	1073.6	1417.8	4.5689	2.5524	3.4244	830.03	-0.0094106	2.6828e-05	0.10383	supercritical
524.69	608.00	176.34	0.0056710	1076.4	1421.2	4.5754	2.5558	3.4267	830.04	-0.0094373	2.6823e-05	0.10395	supercritical
525.69	608.00	176.02	0.0056812	1079.2	1424.6	4.5819	2.5593	3.4289	830.06	-0.0094642	2.6818e-05	0.10407	supercritical
526.69	608.00	175.70	0.0056914	1082.0	1428.1	4.5884	2.5627	3.4312	830.07	-0.0094914	2.6814e-05	0.10418	supercritical
527.69	608.00	175.39	0.0057016	1084.8	1431.5	4.5950	2.5662	3.4334	830.09	-0.0095187	2.6809e-05	0.10430	supercritical
528.69	608.00	175.08	0.0057117	1087.6	1434.9	4.6015	2.5696	3.4357	830.12	-0.0095463	2.6805e-05	0.10442	supercritical
529.69	608.00	174.77	0.0057219	1090.5	1438.4	4.6079	2.5731	3.4380	830.14	-0.0095741	2.6801e-05	0.10454	supercritical
530.69	608.00	174.46	0.0057321	1093.3	1441.8	4.6144	2.5765	3.4403	830.17	-0.0096021	2.6797e-05	0.10466	supercritical
531.69	608.00	174.15	0.0057423	1096.1	1445.2	4.6209	2.5800	3.4425	830.20	-0.0096303	2.6793e-05	0.10478	supercritical
532.69	608.00	173.84	0.0057525	1098.9	1448.7	4.6274	2.5834	3.4448	830.23	-0.0096587	2.6790e-05	0.10490	supercritical
533.69	608.00	173.53	0.0057626	1101.8	1452.1	4.6338	2.5869	3.4471	830.27	-0.0096873	2.6786e-05	0.10502	supercritical
534.69	608.00	173.23	0.0057728	1104.6	1455.6	4.6403	2.5903	3.4494	830.31	-0.0097161	2.6783e-05	0.10514	supercritical
535.69	608.00	172.92	0.0057830	1107.4	1459.0	4.6467	2.5938	3.4517	830.35	-0.0097450	2.6780e-05	0.10526	supercritical
536.69	608.00	172.62	0.0057931	1110.3	1462.5	4.6532	2.5973	3.4540	830.39	-0.0097742	2.6777e-05	0.10539	supercritical
537.69	608.00	172.32	0.0058033	1113.1	1465.9	4.6596	2.6007	3.4564	830.43	-0.0098035	2.6774e-05	0.10551	supercritical
538.69	608.00	172.01	0.0058135	1115.9	1469.4	4.6660	2.6042	3.4587	830.48	-0.0098330	2.6772e-05	0.10563	supercritical
539.69	608.00	171.71	0.0058236	1118.8	1472.9	4.6725	2.6076	3.4610	830.53	-0.0098627	2.6769e-05	0.10576	supercritical
540.69	608.00	171.42	0.0058338	1121.6	1476.3	4.6789	2.6111	3.4634	830.58	-0.0098925	2.6767e-05	0.10588	supercritical
541.69	608.00	171.12	0.0058439	1124.5	1479.8	4.6853	2.6146	3.4657	830.64	-0.0099225	2.6764e-05	0.10601	supercritical
542.69	608.00	170.82	0.0058541	1127.3	1483.2	4.6917	2.6180	3.4680	830.69	-0.0099527	2.6762e-05	0.10614	supercritical
543.69	608.00	170.53	0.0058642	1130.2	1486.7	4.6981	2.6215	3.4704	830.75	-0.0099830	2.6760e-05	0.10626	supercritical
544.69	608.00	170.23	0.0058744	1133.0	1490.2	4.7044	2.6249	3.4727	830.81	-0.010013	2.6758e-05	0.10639	supercritical
545.69	608.00	169.94	0.0058845	1135.9	1493.7	4.7108	2.6284	3.4751	830.87	-0.010044	2.6757e-05	0.10652	supercritical
546.69	608.00	169.64	0.0058947	1138.7	1497.1	4.7172	2.6319	3.4775	830.94	-0.010075	2.6755e-05	0.10665	supercritical
547.69	608.00	169.35	0.0059048	1141.6	1500.6	4.7235	2.6353	3.4798	831.00	-0.010106	2.6754e-05	0.10678	supercritical
548.69	608.00	169.06	0.0059149	1144.5	1504.1	4.7299	2.6388	3.4822	831.07	-0.010137	2.6752e-05	0.10691	supercritical
549.69	608.00	168.77	0.0059251	1147.3	1507.6	4.7362	2.6423	3.4846	831.14	-0.010168	2.6751e-05	0.10704	supercritical
550.69	608.00	168.49	0.0059352	1150.2	1511.1	4.7426	2.6457	3.4870	831.22	-0.010199	2.6750e-05	0.10717	supercritical
551.69	608.00	168.20	0.0059453	1153.1	1514.6	4.7489	2.6492	3.4894	831.29	-0.010230	2.6749e-05	0.10730	supercritical
552.69	608.00	167.91	0.0059555	1156.0	1518.0	4.7552	2.6526	3.4918	831.37	-0.010262	2.6749e-05	0.10743	supercritical
553.69	608.00	167.63	0.0059656	1158.8	1521.5	4.7615	2.6561	3.4942	831.45	-0.010294	2.6748e-05	0.10756	supercritical
554.69	608.00	167.34	0.0059757	1161.7	1525.0	4.7678	2.6596	3.4966	831.53	-0.010325	2.6747e-05	0.10770	supercritical
555.69	608.00	167.06	0.0059858	1164.6	1528.5	4.7741	2.6630	3.4990	831.61	-0.010357	2.6747e-05	0.10783	supercritical
556.69	608.00	166.78	0.0059960	1167.5	1532.0	4.7804	2.6665	3.5014	831.70	-0.010389	2.6747e-05	0.10796	supercritical
557.69	608.00	166.50	0.0060061	1170.4	1535.5	4.7867	2.6700	3.5038	831.78	-0.010421	2.6747e-05	0.10810	supercritical
558.69	608.00	166.22	0.0060162	1173.3	1539.0	4.7930	2.6734	3.5063	831.87	-0.010454	2.6746e-05	0.10823	supercritical
559.69	608.00	165.94	0.0060263	1176.1	1542.5	4.7993	2.6769	3.5087	831.96	-0.010486	2.6747e-05	0.10837	supercritical
560.69	608.00	165.66	0.0060364	1179.0	1546.1	4.8055	2.6803	3.5111	832.06	-0.010518	2.6747e-05	0.10850	supercritical
561.69	608.00	165.38	0.0060465	1181.9	1549.6	4.8118	2.6838	3.5136	832.15	-0.010551	2.6747e-05	0.10864	supercritical
562.69	608.00	165.11	0.0060566	1184.8	1553.1	4.8180	2.6873	3.5160	832.25	-0.010583	2.6748e-05	0.10878	supercritical
563.69	608.00	164.83	0.0060667	1187.7	1556.6	4.8243	2.6907	3.5185	832.34	-0.010616	2.6748e-05	0.10891	supercritical
564.69	608.00	164.56	0.0060768	1190.6	1560.1	4.8305	2.6942	3.5209	832.44	-0.010649	2.6749e-05	0.10905	supercritical
565.69	608.00	164.29	0.0060869	1193.6	1563.6	4.8367	2.6977	3.5234	832.54	-0.010682	2.6750e-05	0.10919	supercritical
566.69	608.00	164.01	0.0060970	1196.5	1567.2	4.8430	2.7011	3.5258	832.65	-0.010714	2.6750e-05	0.10933	supercritical
567.69	608.00	163.74	0.0061071	1199.4	1570.7	4.8492	2.7046	3.5283	832.75	-0.010747	2.6751e-05	0.10947	supercritical
568.69	608.00	163.47	0.0061172	1202.3	1574.2	4.8554	2.7080	3.5308	832.86	-0.010781	2.6753e-05	0.10961	supercritical
569.69	608.00	163.20	0.0061273	1205.2	1577.8	4.8616	2.7115	3.5332	832.97	-0.010814	2.6754e-05	0.10975	supercritical
570.69	608.00	162.94	0.0061374	1208.1	1581.3	4.8678	2.7150	3.5357	833.08	-0.010847	2.6755e-05	0.10989	supercritical
571.69	608.00	162.67	0.0061474	1211.1	1584.8	4.8740	2.7184	3.5382	833.19	-0.010880	2.6757e-05	0.11003	supercritical
572.69	608.00	162.40	0.0061575	1214.0	1588.4	4.8802	2.7219	3.5407	833.30	-0.010914	2.6758e-05	0.11017	supercritical
573.69	608.00	162.14	0.0061676	1216.9	1591.9	4.8864	2.7254	3.5432	833.42	-0.010947	2.6760e-05	0.11031	supercritical
574.69	608.00	161.87	0.0061777	1219.9	1595.5	4.8925	2.7288	3.5457	833.53	-0.010980	2.6762e-05	0.11045	supercritical
575.69	608.00	161.61	0.0061877	1222.8	1599.0	4.8987	2.7323	3.5482	833.65	-0.011014	2.6763e-05	0.11060	supercritical
576.69	608.00	161.35	0.0061978	1225.7	1602.5	4.9049	2.7357	3.5507	833.77	-0.011048	2.6765e-05	0.11074	supercritical
577.69	608.00	161.09	0.0062079	1228.7	1606.1	4.9110	2.7392	3.5532	833.89	-0.011081	2.6768e-05	0.11088	supercritical
578.69	608.00	160.83	0.0062179	1231.6	1609.7	4.9172	2.7426	3.5557	834.02	-0.011115	2.6770e-05	0.11103	supercritical
579.69	608.00	160.57	0.0062280	1234.6	1613.2	4.9233	2.7461	3.5582	834.14	-0.011149	2.6772e-05	0.11117	supercritical
580.69	608.00	160.31	0.0062381	1237.5	1616.8	4.9294	2.7496	3.5607	834.27	-0.011182	2.6774e-05	0.11132	supercritical
581.69	608.00	160.05	0.0062481	1240.4	1620.3	4.9356	2.7530	3.5632	834.39	-0.011216	2.6777e-05	0.11146	supercritical
582.69	608.00	159.79	0.0062582	1243.4	1623.9	4.9417	2.7565	3.5657	834.52	-0.011250	2.6779e-05	0.11161	supercritical
583.69	608.00	159.54	0.0062682	1246.4	1627.5	4.9478	2.7599	3.5683	834.65	-0.011284	2.6782e-05	0.11175	supercritical
584.69	608.00	159.28	0.0062783	1249.3	1631.0	4.9539	2.7634	3.5708	834.79	-0.011318	2.6785e-05	0.11190	supercritical
585.69	608.00	159.03	0.0062883	1252.3	1634.6	4.9600	2.7668	3.5733	834.92	-0.011352	2.6788e-05	0.11205	supercritical
586.69	608.00	158.77	0.0062983	1255.2	1638.2	4.9661	2.7703	3.5759	835.05	-0.011386	2.6791e-05	0.11220	supercritical
587.69	608.00	158.52	0.0063084	1258.2	1641.8	4.9722	2.7737	3.5784	835.19	-0.011420	2.6794e-05	0.11234	supercritical
588.69	608.00	158.27	0.0063184	1261.2	1645.3	4.9783	2.7772	3.5810	835.33	-0.011454	2.6797e-05	0.11249	supercritical
589.69	608.00	158.02	0.0063285	1264.2	1648.9	4.9844	2.7806	3.5835	835.47	-0.011488	2.6800e-05	0.11264	supercritical
590.69	608.00	157.77	0.0063385	1267.1	1652.5	4.9905	2.7841	3.5861	835.61	-0.011522	2.6804e-05	0.11279	supercritical
591.69	608.00	157.52	0.0063485	1270.1	1656.1	4.9965	2.7875	3.5886	835.75	-0.011556	2.6807e-05	0.11294	supercritical
592.69	608.00	157.27	0.0063585	1273.1	1659.7	5.0026	2.7910	3.5912	835.89	-0.011591	2.6811e-05	0.11309	supercritical
593.69	608.00	157.02	0.0063686	1276.1	1663.3	5.0086	2.7944	3.5937	836.04	-0.011625	2.6814e-05	0.11324	supercritical
594.69	608.00	156.77	0.0063786	1279.1	1666.9	5.0147	2.7979	3.5963	836.18	-0.011659	2.6818e-05	0.11339	supercritical
595.69	608.00	156.53	0.0063886	1282.0	1670.5	5.0207	2.8013	3.5989	836.33	-0.011693	2.6822e-05	0.11354	supercritical
596.69	608.00	156.28	0.0063986	1285.0	1674.1	5.0268	2.8048	3.6014	836.48	-0.011727	2.6826e-05	0.11369	supercritical
597.69	608.00	156.04	0.0064086	1288.0	1677.7	5.0328	2.8082	3.6040	836.63	-0.011762	2.6830e-05	0.11385	supercritical
598.69	608.00	155.80	0.0064187	1291.0	1681.3	5.0388	2.8117	3.6066	836.78	-0.011796	2.6834e-05	0.11400	supercritical
599.69	608.00	155.55	0.0064287	1294.0	1684.9	5.0449	2.8151	3.6092	836.93	-0.011830	2.6838e-05	0.11415	supercritical
600.69	608.00	155.31	0.0064387	1297.0	1688.5	5.0509	2.8186	3.6117	837.09	-0.011865	2.6842e-05	0.11431	supercritical
601.69	608.00	155.07	0.0064487	1300.0	1692.1	5.0569	2.8220	3.6143	837.24	-0.011899	2.6846e-05	0.11446	supercritical
602.69	608.00	154.83	0.0064587	1303.0	1695.7	5.0629	2.8254	3.6169	837.40	-0.011933	2.6851e-05	0.11461	supercritical
603.69	608.00	154.59	0.0064687	1306.0	1699.3	5.0689	2.8289	3.6195	837.56	-0.011967	2.6855e-05	0.11477	supercritical
604.69	608.00	154.35	0.0064787	1309.1	1703.0	5.0749	2.8323	3.6221	837.72	-0.012002	2.6860e-05	0.11492	supercritical
605.69	608.00	154.11	0.0064887	1312.1	1706.6	5.0809	2.8358	3.6247	837.88	-0.012036	2.6864e-05	0.11508	supercritical
606.69	608.00	153.88	0.0064987	1315.1	1710.2	5.0868	2.8392	3.6273	838.04	-0.012070	2.6869e-05	0.11523	supercritical
607.69	608.00	153.64	0.0065086	1318.1	1713.8	5.0928	2.8426	3.6299	838.20	-0.012105	2.6874e-05	0.11539	supercritical
608.69	608.00	153.41	0.0065186	1321.1	1717.5	5.0988	2.8461	3.6325	838.36	-0.012139	2.6879e-05	0.11555	supercritical
609.69	608.00	153.17	0.0065286	1324.2	1721.1	5.1048	2.8495	3.6351	838.53	-0.012173	2.6884e-05	0.11570	supercritical
610.69	608.00	152.94	0.0065386	1327.2	1724.7	5.1107	2.8529	3.6377	838.70	-0.012207	2.6889e-05	0.11586	supercritical
611.69	608.00	152.70	0.0065486	1330.2	1728.4	5.1167	2.8564	3.6403	838.86	-0.012242	2.6894e-05	0.11602	supercritical
612.69	608.00	152.47	0.0065586	1333.3	1732.0	5.1226	2.8598	3.6429	839.03	-0.012276	2.6899e-05	0.11617	supercritical
613.69	608.00	152.24	0.0065685	1336.3	1735.7	5.1286	2.8632	3.6456	839.20	-0.012310	2.6904e-05	0.11633	supercritical
614.69	608.00	152.01	0.0065785	1339.3	1739.3	5.1345	2.8666	3.6482	839.37	-0.012345	2.6910e-05	0.11649	supercritical
615.69	608.00	151.78	0.0065885	1342.4	1743.0	5.1404	2.8701	3.6508	839.54	-0.012379	2.6915e-05	0.11665	supercritical
616.69	608.00	151.55	0.0065984	1345.4	1746.6	5.1464	2.8735	3.6534	839.71	-0.012413	2.6921e-05	0.11681	supercritical
617.69	608.00	151.32	0.0066084	1348.5	1750.3	5.1523	2.8769	3.6561	839.89	-0.012447	2.6926e-05	0.11697	supercritical
618.69	608.00	151.09	0.0066184	1351.5	1753.9	5.1582	2.8804	3.6587	840.06	-0.012481	2.6932e-05	0.11713	supercritical
619.69	608.00	150.87	0.0066283	1354.6	1757.6	5.1641	2.8838	3.6613	840.24	-0.012516	2.6937e-05	0.11729	supercritical
620.69	608.00	150.64	0.0066383	1357.6	1761.2	5.1700	2.8872	3.6640	840.42	-0.012550	2.6943e-05	0.11745	supercritical
621.69	608.00	150.42	0.0066482	1360.7	1764.9	5.1759	2.8906	3.6666	840.59	-0.012584	2.6949e-05	0.11761	supercritical
622.69	608.00	150.19	0.0066582	1363.8	1768.6	5.1818	2.8940	3.6692	840.77	-0.012618	2.6955e-05	0.11777	supercritical
623.69	608.00	149.97	0.0066681	1366.8	1772.3	5.1877	2.8975	3.6719	840.95	-0.012652	2.6961e-05	0.11793	supercritical
624.69	608.00	149.74	0.0066781	1369.9	1775.9	5.1936	2.9009	3.6745	841.14	-0.012686	2.6967e-05	0.11809	supercritical