Temperature (K)	Pressure (bar)	Density (kg/m3)	Volume (m3/kg)	Internal Energy (kJ/kg)	Enthalpy (kJ/kg)	Entropy (J/g*K)	Cv (J/g*K)	Cp (J/g*K)	Sound Spd. (m/s)	Joule-Thomson (K/bar)	Viscosity (Pa*s)	Therm. Cond. (W/m*K)	Phase
90.694	572.00	480.80	0.0020799	-95.364	23.605	-1.0078	2.2777	3.2140	1842.3	-0.052553	0.00040859	0.25502	liquid
104.69	572.00	466.96	0.0021415	-53.997	68.498	-0.54742	2.2095	3.2025	1761.4	-0.052135	0.00023996	0.24232	liquid
105.69	572.00	465.97	0.0021460	-51.053	71.701	-0.51698	2.2053	3.2021	1755.6	-0.052088	0.00023287	0.24133	liquid
106.69	572.00	464.99	0.0021506	-48.110	74.903	-0.48683	2.2011	3.2018	1749.7	-0.052040	0.00022618	0.24032	liquid
107.69	572.00	464.01	0.0021551	-45.169	78.104	-0.45696	2.1969	3.2014	1743.8	-0.051990	0.00021987	0.23931	liquid
108.69	572.00	463.03	0.0021597	-42.229	81.306	-0.42737	2.1928	3.2011	1737.9	-0.051940	0.00021389	0.23829	liquid
109.69	572.00	462.05	0.0021643	-39.290	84.506	-0.39806	2.1887	3.2008	1732.1	-0.051888	0.00020823	0.23727	liquid
110.69	572.00	461.07	0.0021689	-36.352	87.707	-0.36901	2.1846	3.2004	1726.2	-0.051834	0.00020287	0.23624	liquid
111.69	572.00	460.09	0.0021735	-33.416	90.907	-0.34023	2.1806	3.2001	1720.3	-0.051780	0.00019778	0.23520	liquid
112.69	572.00	459.11	0.0021781	-30.481	94.107	-0.31171	2.1766	3.1998	1714.4	-0.051724	0.00019295	0.23416	liquid
113.69	572.00	458.13	0.0021828	-27.548	97.307	-0.28344	2.1726	3.1994	1708.6	-0.051667	0.00018835	0.23312	liquid
114.69	572.00	457.16	0.0021874	-24.615	100.51	-0.25543	2.1686	3.1991	1702.7	-0.051610	0.00018397	0.23207	liquid
115.69	572.00	456.18	0.0021921	-21.684	103.70	-0.22766	2.1647	3.1987	1696.9	-0.051551	0.00017980	0.23102	liquid
116.69	572.00	455.20	0.0021968	-18.755	106.90	-0.20013	2.1607	3.1983	1691.0	-0.051491	0.00017582	0.22996	liquid
117.69	572.00	454.23	0.0022015	-15.827	110.10	-0.17284	2.1569	3.1980	1685.2	-0.051430	0.00017202	0.22890	liquid
118.69	572.00	453.25	0.0022063	-12.900	113.30	-0.14578	2.1530	3.1976	1679.4	-0.051367	0.00016839	0.22785	liquid
119.69	572.00	452.27	0.0022110	-9.9751	116.50	-0.11896	2.1491	3.1972	1673.6	-0.051304	0.00016492	0.22678	liquid
120.69	572.00	451.30	0.0022158	-7.0514	119.69	-0.092359	2.1453	3.1968	1667.8	-0.051240	0.00016159	0.22572	liquid
121.69	572.00	450.32	0.0022206	-4.1292	122.89	-0.065983	2.1415	3.1964	1662.0	-0.051174	0.00015841	0.22466	liquid
122.69	572.00	449.35	0.0022254	-1.2084	126.09	-0.039826	2.1377	3.1960	1656.2	-0.051107	0.00015535	0.22359	liquid
123.69	572.00	448.38	0.0022303	1.7108	129.28	-0.013885	2.1339	3.1956	1650.4	-0.051040	0.00015241	0.22253	liquid
124.69	572.00	447.40	0.0022351	4.6285	132.48	0.011844	2.1302	3.1952	1644.7	-0.050971	0.00014959	0.22146	liquid
125.69	572.00	446.43	0.0022400	7.5447	135.67	0.037364	2.1265	3.1947	1638.9	-0.050901	0.00014688	0.22039	liquid
126.69	572.00	445.46	0.0022449	10.459	138.87	0.062678	2.1228	3.1943	1633.2	-0.050829	0.00014427	0.21933	liquid
127.69	572.00	444.48	0.0022498	13.372	142.06	0.087790	2.1191	3.1938	1627.4	-0.050757	0.00014175	0.21826	liquid
128.69	572.00	443.51	0.0022547	16.284	145.25	0.11270	2.1154	3.1934	1621.7	-0.050683	0.00013933	0.21720	liquid
129.69	572.00	442.54	0.0022597	19.193	148.45	0.13742	2.1118	3.1929	1616.0	-0.050608	0.00013699	0.21613	liquid
130.69	572.00	441.57	0.0022647	22.102	151.64	0.16194	2.1082	3.1924	1610.4	-0.050532	0.00013474	0.21507	liquid
131.69	572.00	440.59	0.0022697	25.008	154.83	0.18627	2.1046	3.1920	1604.7	-0.050455	0.00013256	0.21401	liquid
132.69	572.00	439.62	0.0022747	27.913	158.02	0.21042	2.1010	3.1915	1599.0	-0.050376	0.00013046	0.21295	liquid
133.69	572.00	438.65	0.0022797	30.816	161.22	0.23438	2.0975	3.1910	1593.4	-0.050296	0.00012842	0.21189	liquid
134.69	572.00	437.68	0.0022848	33.718	164.41	0.25815	2.0940	3.1905	1587.8	-0.050215	0.00012645	0.21084	liquid
135.69	572.00	436.71	0.0022899	36.617	167.60	0.28175	2.0905	3.1901	1582.2	-0.050132	0.00012454	0.20978	liquid
136.69	572.00	435.74	0.0022950	39.515	170.79	0.30517	2.0870	3.1896	1576.6	-0.050048	0.00012269	0.20873	liquid
137.69	572.00	434.77	0.0023001	42.412	173.98	0.32842	2.0835	3.1891	1571.0	-0.049963	0.00012090	0.20769	liquid
138.69	572.00	433.80	0.0023052	45.307	177.17	0.35150	2.0801	3.1886	1565.5	-0.049876	0.00011916	0.20664	liquid
139.69	572.00	432.83	0.0023104	48.199	180.35	0.37440	2.0767	3.1881	1559.9	-0.049788	0.00011747	0.20560	liquid
140.69	572.00	431.86	0.0023156	51.091	183.54	0.39714	2.0734	3.1876	1554.4	-0.049699	0.00011584	0.20456	liquid
141.69	572.00	430.89	0.0023208	53.980	186.73	0.41972	2.0700	3.1871	1548.9	-0.049608	0.00011424	0.20352	liquid
142.69	572.00	429.92	0.0023260	56.868	189.92	0.44213	2.0667	3.1867	1543.4	-0.049516	0.00011270	0.20249	liquid
143.69	572.00	428.95	0.0023313	59.754	193.10	0.46438	2.0634	3.1862	1537.9	-0.049422	0.00011119	0.20146	liquid
144.69	572.00	427.98	0.0023365	62.638	196.29	0.48648	2.0601	3.1857	1532.5	-0.049327	0.00010973	0.20043	liquid
145.69	572.00	427.01	0.0023418	65.520	199.47	0.50842	2.0569	3.1852	1527.0	-0.049230	0.00010831	0.19941	liquid
146.69	572.00	426.05	0.0023472	68.401	202.66	0.53020	2.0537	3.1847	1521.6	-0.049132	0.00010692	0.19839	liquid
147.69	572.00	425.08	0.0023525	71.279	205.84	0.55184	2.0505	3.1843	1516.2	-0.049032	0.00010557	0.19737	liquid
148.69	572.00	424.11	0.0023579	74.156	209.03	0.57332	2.0473	3.1838	1510.8	-0.048931	0.00010425	0.19636	liquid
149.69	572.00	423.14	0.0023633	77.031	212.21	0.59466	2.0442	3.1833	1505.5	-0.048828	0.00010297	0.19536	liquid
150.69	572.00	422.17	0.0023687	79.905	215.39	0.61585	2.0411	3.1829	1500.1	-0.048724	0.00010171	0.19435	liquid
151.69	572.00	421.21	0.0023741	82.776	218.58	0.63690	2.0380	3.1824	1494.8	-0.048618	0.00010049	0.19336	liquid
152.69	572.00	420.24	0.0023796	85.646	221.76	0.65781	2.0350	3.1819	1489.5	-0.048510	9.9299e-05	0.19236	liquid
153.69	572.00	419.27	0.0023851	88.514	224.94	0.67858	2.0320	3.1815	1484.2	-0.048401	9.8135e-05	0.19137	liquid
154.69	572.00	418.31	0.0023906	91.380	228.12	0.69921	2.0290	3.1811	1478.9	-0.048290	9.6998e-05	0.19039	liquid
155.69	572.00	417.34	0.0023961	94.244	231.30	0.71971	2.0260	3.1806	1473.7	-0.048178	9.5886e-05	0.18941	liquid
156.69	572.00	416.37	0.0024017	97.106	234.48	0.74007	2.0231	3.1802	1468.4	-0.048064	9.4800e-05	0.18843	liquid
157.69	572.00	415.41	0.0024073	99.967	237.66	0.76030	2.0202	3.1798	1463.2	-0.047948	9.3739e-05	0.18746	liquid
158.69	572.00	414.44	0.0024129	102.83	240.84	0.78040	2.0173	3.1793	1458.0	-0.047831	9.2700e-05	0.18649	liquid
159.69	572.00	413.48	0.0024185	105.68	244.02	0.80037	2.0144	3.1789	1452.9	-0.047712	9.1684e-05	0.18553	liquid
160.69	572.00	412.51	0.0024242	108.54	247.20	0.82021	2.0116	3.1785	1447.7	-0.047592	9.0690e-05	0.18457	liquid
161.69	572.00	411.55	0.0024299	111.39	250.38	0.83993	2.0088	3.1781	1442.6	-0.047470	8.9718e-05	0.18362	liquid
162.69	572.00	410.58	0.0024356	114.24	253.56	0.85952	2.0061	3.1777	1437.5	-0.047346	8.8765e-05	0.18268	liquid
163.69	572.00	409.62	0.0024413	117.09	256.73	0.87899	2.0033	3.1773	1432.4	-0.047220	8.7832e-05	0.18173	liquid
164.69	572.00	408.65	0.0024471	119.94	259.91	0.89834	2.0006	3.1770	1427.3	-0.047093	8.6919e-05	0.18080	liquid
165.69	572.00	407.69	0.0024528	122.78	263.09	0.91758	1.9980	3.1766	1422.3	-0.046964	8.6024e-05	0.17987	liquid
166.69	572.00	406.73	0.0024587	125.63	266.26	0.93669	1.9953	3.1762	1417.2	-0.046834	8.5146e-05	0.17894	liquid
167.69	572.00	405.76	0.0024645	128.47	269.44	0.95568	1.9927	3.1759	1412.2	-0.046701	8.4287e-05	0.17802	liquid
168.69	572.00	404.80	0.0024704	131.31	272.62	0.97457	1.9901	3.1755	1407.2	-0.046567	8.3443e-05	0.17711	liquid
169.69	572.00	403.84	0.0024763	134.15	275.79	0.99333	1.9876	3.1752	1402.3	-0.046431	8.2617e-05	0.17620	liquid
170.69	572.00	402.87	0.0024822	136.99	278.97	1.0120	1.9851	3.1749	1397.3	-0.046294	8.1806e-05	0.17529	liquid
171.69	572.00	401.91	0.0024881	139.82	282.14	1.0305	1.9826	3.1745	1392.4	-0.046155	8.1010e-05	0.17439	liquid
172.69	572.00	400.95	0.0024941	142.65	285.32	1.0490	1.9801	3.1742	1387.5	-0.046014	8.0230e-05	0.17350	liquid
173.69	572.00	399.99	0.0025001	145.48	288.49	1.0673	1.9777	3.1739	1382.6	-0.045871	7.9464e-05	0.17261	liquid
174.69	572.00	399.02	0.0025061	148.31	291.66	1.0855	1.9753	3.1736	1377.7	-0.045727	7.8712e-05	0.17173	liquid
175.69	572.00	398.06	0.0025122	151.14	294.84	1.1036	1.9729	3.1733	1372.9	-0.045581	7.7973e-05	0.17085	liquid
176.69	572.00	397.10	0.0025182	153.97	298.01	1.1216	1.9706	3.1730	1368.1	-0.045433	7.7248e-05	0.16998	liquid
177.69	572.00	396.14	0.0025244	156.79	301.18	1.1395	1.9683	3.1728	1363.3	-0.045283	7.6536e-05	0.16911	liquid
178.69	572.00	395.18	0.0025305	159.61	304.36	1.1573	1.9660	3.1725	1358.5	-0.045132	7.5837e-05	0.16825	liquid
179.69	572.00	394.22	0.0025366	162.43	307.53	1.1751	1.9638	3.1722	1353.7	-0.044979	7.5150e-05	0.16740	liquid
180.69	572.00	393.26	0.0025428	165.25	310.70	1.1927	1.9616	3.1720	1349.0	-0.044824	7.4475e-05	0.16655	liquid
181.69	572.00	392.30	0.0025491	168.07	313.87	1.2102	1.9594	3.1718	1344.3	-0.044667	7.3811e-05	0.16571	liquid
182.69	572.00	391.34	0.0025553	170.88	317.04	1.2276	1.9572	3.1715	1339.6	-0.044509	7.3159e-05	0.16487	liquid
183.69	572.00	390.38	0.0025616	173.69	320.21	1.2449	1.9551	3.1713	1334.9	-0.044349	7.2518e-05	0.16404	liquid
184.69	572.00	389.43	0.0025679	176.50	323.39	1.2621	1.9530	3.1711	1330.3	-0.044187	7.1888e-05	0.16321	liquid
185.69	572.00	388.47	0.0025742	179.31	326.56	1.2792	1.9510	3.1709	1325.7	-0.044024	7.1268e-05	0.16239	liquid
186.69	572.00	387.51	0.0025806	182.12	329.73	1.2963	1.9489	3.1707	1321.0	-0.043859	7.0658e-05	0.16158	liquid
187.69	572.00	386.55	0.0025870	184.92	332.90	1.3132	1.9470	3.1705	1316.5	-0.043692	7.0059e-05	0.16077	liquid
188.69	572.00	385.60	0.0025934	187.73	336.07	1.3300	1.9450	3.1703	1311.9	-0.043523	6.9469e-05	0.15997	liquid
189.69	572.00	384.64	0.0025998	190.53	339.24	1.3468	1.9431	3.1701	1307.4	-0.043353	6.8889e-05	0.15917	liquid
190.69	572.00	383.69	0.0026063	193.33	342.41	1.3635	1.9412	3.1700	1302.9	-0.043181	6.8318e-05	0.15839	supercritical
191.69	572.00	382.73	0.0026128	196.13	345.58	1.3800	1.9393	3.1698	1298.4	-0.043007	6.7757e-05	0.15760	supercritical
192.69	572.00	381.78	0.0026193	198.92	348.75	1.3965	1.9375	3.1697	1293.9	-0.042832	6.7204e-05	0.15682	supercritical
193.69	572.00	380.82	0.0026259	201.72	351.92	1.4129	1.9357	3.1695	1289.5	-0.042655	6.6660e-05	0.15604	supercritical
194.69	572.00	379.87	0.0026325	204.51	355.09	1.4293	1.9339	3.1694	1285.0	-0.042476	6.6124e-05	0.15527	supercritical
195.69	572.00	378.92	0.0026391	207.30	358.26	1.4455	1.9321	3.1693	1280.6	-0.042296	6.5597e-05	0.15451	supercritical
196.69	572.00	377.96	0.0026458	210.09	361.43	1.4616	1.9304	3.1691	1276.3	-0.042114	6.5078e-05	0.15375	supercritical
197.69	572.00	377.01	0.0026524	212.88	364.60	1.4777	1.9288	3.1690	1271.9	-0.041930	6.4567e-05	0.15300	supercritical
198.69	572.00	376.06	0.0026592	215.66	367.76	1.4937	1.9271	3.1689	1267.6	-0.041745	6.4063e-05	0.15225	supercritical
199.69	572.00	375.11	0.0026659	218.44	370.93	1.5096	1.9255	3.1688	1263.3	-0.041558	6.3567e-05	0.15151	supercritical
200.69	572.00	374.16	0.0026727	221.23	374.10	1.5254	1.9239	3.1687	1259.0	-0.041370	6.3079e-05	0.15078	supercritical
201.69	572.00	373.21	0.0026795	224.01	377.27	1.5412	1.9224	3.1687	1254.7	-0.041180	6.2598e-05	0.15005	supercritical
202.69	572.00	372.26	0.0026863	226.78	380.44	1.5569	1.9209	3.1686	1250.5	-0.040988	6.2124e-05	0.14933	supercritical
203.69	572.00	371.31	0.0026932	229.56	383.61	1.5725	1.9194	3.1685	1246.3	-0.040795	6.1657e-05	0.14861	supercritical
204.69	572.00	370.36	0.0027000	232.33	386.78	1.5880	1.9179	3.1684	1242.1	-0.040600	6.1197e-05	0.14790	supercritical
205.69	572.00	369.42	0.0027070	235.11	389.94	1.6034	1.9165	3.1684	1237.9	-0.040404	6.0744e-05	0.14719	supercritical
206.69	572.00	368.47	0.0027139	237.88	393.11	1.6188	1.9151	3.1683	1233.7	-0.040206	6.0297e-05	0.14649	supercritical
207.69	572.00	367.53	0.0027209	240.65	396.28	1.6341	1.9137	3.1683	1229.6	-0.040007	5.9857e-05	0.14580	supercritical
208.69	572.00	366.58	0.0027279	243.41	399.45	1.6493	1.9124	3.1683	1225.5	-0.039806	5.9423e-05	0.14511	supercritical
209.69	572.00	365.64	0.0027350	246.18	402.62	1.6644	1.9111	3.1682	1221.4	-0.039604	5.8996e-05	0.14443	supercritical
210.69	572.00	364.69	0.0027420	248.94	405.79	1.6795	1.9099	3.1682	1217.4	-0.039400	5.8574e-05	0.14375	supercritical
211.69	572.00	363.75	0.0027491	251.70	408.95	1.6945	1.9086	3.1682	1213.4	-0.039195	5.8158e-05	0.14308	supercritical
212.69	572.00	362.81	0.0027563	254.46	412.12	1.7094	1.9074	3.1682	1209.4	-0.038989	5.7748e-05	0.14241	supercritical
213.69	572.00	361.87	0.0027634	257.22	415.29	1.7243	1.9063	3.1682	1205.4	-0.038781	5.7344e-05	0.14175	supercritical
214.69	572.00	360.93	0.0027706	259.98	418.46	1.7391	1.9051	3.1682	1201.4	-0.038571	5.6946e-05	0.14110	supercritical
215.69	572.00	359.99	0.0027779	262.73	421.63	1.7538	1.9040	3.1682	1197.5	-0.038361	5.6553e-05	0.14045	supercritical
216.69	572.00	359.05	0.0027851	265.49	424.80	1.7685	1.9030	3.1682	1193.6	-0.038149	5.6166e-05	0.13981	supercritical
217.69	572.00	358.11	0.0027924	268.24	427.96	1.7831	1.9019	3.1682	1189.7	-0.037935	5.5783e-05	0.13917	supercritical
218.69	572.00	357.18	0.0027997	270.99	431.13	1.7976	1.9009	3.1682	1185.8	-0.037721	5.5406e-05	0.13854	supercritical
219.69	572.00	356.24	0.0028071	273.73	434.30	1.8120	1.8999	3.1682	1182.0	-0.037505	5.5035e-05	0.13791	supercritical
220.69	572.00	355.31	0.0028145	276.48	437.47	1.8264	1.8990	3.1683	1178.2	-0.037288	5.4668e-05	0.13729	supercritical
221.69	572.00	354.37	0.0028219	279.22	440.64	1.8407	1.8981	3.1683	1174.4	-0.037069	5.4306e-05	0.13668	supercritical
222.69	572.00	353.44	0.0028293	281.97	443.80	1.8550	1.8972	3.1683	1170.6	-0.036850	5.3949e-05	0.13607	supercritical
223.69	572.00	352.51	0.0028368	284.71	446.97	1.8692	1.8964	3.1684	1166.9	-0.036629	5.3597e-05	0.13546	supercritical
224.69	572.00	351.58	0.0028443	287.45	450.14	1.8833	1.8955	3.1684	1163.1	-0.036407	5.3250e-05	0.13487	supercritical
225.69	572.00	350.65	0.0028519	290.18	453.31	1.8974	1.8948	3.1685	1159.4	-0.036184	5.2907e-05	0.13427	supercritical
226.69	572.00	349.72	0.0028594	292.92	456.48	1.9114	1.8940	3.1685	1155.8	-0.035960	5.2569e-05	0.13369	supercritical
227.69	572.00	348.79	0.0028670	295.65	459.65	1.9254	1.8933	3.1686	1152.1	-0.035735	5.2235e-05	0.13310	supercritical
228.69	572.00	347.87	0.0028747	298.38	462.82	1.9392	1.8926	3.1686	1148.5	-0.035509	5.1905e-05	0.13253	supercritical
229.69	572.00	346.94	0.0028823	301.11	465.98	1.9531	1.8919	3.1687	1144.9	-0.035282	5.1580e-05	0.13196	supercritical
230.69	572.00	346.02	0.0028900	303.84	469.15	1.9668	1.8913	3.1687	1141.3	-0.035054	5.1260e-05	0.13139	supercritical
231.69	572.00	345.09	0.0028978	306.57	472.32	1.9805	1.8907	3.1688	1137.8	-0.034824	5.0943e-05	0.13083	supercritical
232.69	572.00	344.17	0.0029055	309.29	475.49	1.9942	1.8902	3.1689	1134.2	-0.034594	5.0630e-05	0.13028	supercritical
233.69	572.00	343.25	0.0029133	312.02	478.66	2.0078	1.8896	3.1689	1130.7	-0.034363	5.0322e-05	0.12973	supercritical
234.69	572.00	342.33	0.0029211	314.74	481.83	2.0213	1.8891	3.1690	1127.3	-0.034131	5.0017e-05	0.12918	supercritical
235.69	572.00	341.41	0.0029290	317.46	485.00	2.0348	1.8887	3.1691	1123.8	-0.033899	4.9717e-05	0.12864	supercritical
236.69	572.00	340.50	0.0029369	320.18	488.17	2.0482	1.8882	3.1692	1120.4	-0.033665	4.9420e-05	0.12811	supercritical
237.69	572.00	339.58	0.0029448	322.89	491.34	2.0616	1.8878	3.1693	1117.0	-0.033431	4.9127e-05	0.12758	supercritical
238.69	572.00	338.67	0.0029527	325.61	494.50	2.0749	1.8874	3.1693	1113.6	-0.033196	4.8837e-05	0.12706	supercritical
239.69	572.00	337.76	0.0029607	328.32	497.67	2.0881	1.8871	3.1694	1110.2	-0.032960	4.8552e-05	0.12654	supercritical
240.69	572.00	336.84	0.0029687	331.03	500.84	2.1013	1.8868	3.1695	1106.9	-0.032723	4.8270e-05	0.12603	supercritical
241.69	572.00	335.94	0.0029768	333.74	504.01	2.1145	1.8865	3.1696	1103.6	-0.032486	4.7991e-05	0.12552	supercritical
242.69	572.00	335.03	0.0029848	336.45	507.18	2.1275	1.8862	3.1697	1100.3	-0.032249	4.7716e-05	0.12502	supercritical
243.69	572.00	334.12	0.0029929	339.16	510.35	2.1406	1.8860	3.1698	1097.0	-0.032010	4.7445e-05	0.12452	supercritical
244.69	572.00	333.21	0.0030011	341.86	513.52	2.1536	1.8858	3.1699	1093.8	-0.031771	4.7177e-05	0.12403	supercritical
245.69	572.00	332.31	0.0030092	344.56	516.69	2.1665	1.8857	3.1700	1090.6	-0.031532	4.6912e-05	0.12354	supercritical
246.69	572.00	331.41	0.0030174	347.27	519.86	2.1794	1.8855	3.1701	1087.4	-0.031292	4.6650e-05	0.12306	supercritical
247.69	572.00	330.51	0.0030257	349.96	523.03	2.1922	1.8854	3.1701	1084.2	-0.031051	4.6392e-05	0.12259	supercritical
248.69	572.00	329.61	0.0030339	352.66	526.20	2.2050	1.8854	3.1702	1081.1	-0.030811	4.6137e-05	0.12211	supercritical
249.69	572.00	328.71	0.0030422	355.36	529.37	2.2177	1.8853	3.1703	1077.9	-0.030569	4.5885e-05	0.12165	supercritical
250.69	572.00	327.81	0.0030505	358.05	532.54	2.2303	1.8853	3.1704	1074.8	-0.030328	4.5636e-05	0.12119	supercritical
251.69	572.00	326.92	0.0030589	360.75	535.71	2.2430	1.8853	3.1705	1071.8	-0.030086	4.5391e-05	0.12073	supercritical
252.69	572.00	326.03	0.0030672	363.44	538.88	2.2555	1.8854	3.1706	1068.7	-0.029844	4.5148e-05	0.12028	supercritical
253.69	572.00	325.13	0.0030757	366.13	542.06	2.2681	1.8855	3.1707	1065.7	-0.029601	4.4908e-05	0.11983	supercritical
254.69	572.00	324.24	0.0030841	368.82	545.23	2.2805	1.8856	3.1708	1062.7	-0.029358	4.4671e-05	0.11939	supercritical
255.69	572.00	323.36	0.0030926	371.50	548.40	2.2930	1.8857	3.1709	1059.7	-0.029116	4.4437e-05	0.11895	supercritical
256.69	572.00	322.47	0.0031011	374.19	551.57	2.3053	1.8859	3.1710	1056.8	-0.028873	4.4206e-05	0.11852	supercritical
257.69	572.00	321.59	0.0031096	376.87	554.74	2.3177	1.8861	3.1711	1053.8	-0.028629	4.3978e-05	0.11809	supercritical
258.69	572.00	320.70	0.0031181	379.55	557.91	2.3300	1.8863	3.1712	1050.9	-0.028386	4.3752e-05	0.11767	supercritical
259.69	572.00	319.82	0.0031267	382.23	561.08	2.3422	1.8866	3.1713	1048.1	-0.028143	4.3530e-05	0.11725	supercritical
260.69	572.00	318.94	0.0031354	384.91	564.25	2.3544	1.8869	3.1714	1045.2	-0.027899	4.3309e-05	0.11684	supercritical
261.69	572.00	318.07	0.0031440	387.59	567.42	2.3665	1.8872	3.1715	1042.4	-0.027656	4.3092e-05	0.11643	supercritical
262.69	572.00	317.19	0.0031527	390.26	570.60	2.3786	1.8875	3.1716	1039.6	-0.027413	4.2877e-05	0.11603	supercritical
263.69	572.00	316.32	0.0031614	392.94	573.77	2.3907	1.8879	3.1717	1036.8	-0.027170	4.2665e-05	0.11563	supercritical
264.69	572.00	315.45	0.0031701	395.61	576.94	2.4027	1.8883	3.1718	1034.0	-0.026927	4.2455e-05	0.11524	supercritical
265.69	572.00	314.58	0.0031789	398.28	580.11	2.4146	1.8887	3.1719	1031.3	-0.026684	4.2248e-05	0.11485	supercritical
266.69	572.00	313.71	0.0031877	400.95	583.28	2.4265	1.8892	3.1720	1028.5	-0.026441	4.2043e-05	0.11446	supercritical
267.69	572.00	312.84	0.0031965	403.62	586.45	2.4384	1.8896	3.1721	1025.9	-0.026199	4.1841e-05	0.11408	supercritical
268.69	572.00	311.98	0.0032054	406.28	589.63	2.4502	1.8902	3.1722	1023.2	-0.025957	4.1641e-05	0.11370	supercritical
269.69	572.00	311.12	0.0032142	408.95	592.80	2.4620	1.8907	3.1723	1020.5	-0.025715	4.1444e-05	0.11333	supercritical
270.69	572.00	310.26	0.0032231	411.61	595.97	2.4738	1.8913	3.1724	1017.9	-0.025473	4.1248e-05	0.11297	supercritical
271.69	572.00	309.40	0.0032321	414.27	599.14	2.4855	1.8919	3.1725	1015.3	-0.025232	4.1056e-05	0.11260	supercritical
272.69	572.00	308.54	0.0032410	416.93	602.32	2.4971	1.8925	3.1726	1012.7	-0.024991	4.0865e-05	0.11225	supercritical
273.69	572.00	307.69	0.0032500	419.59	605.49	2.5087	1.8931	3.1727	1010.2	-0.024751	4.0677e-05	0.11189	supercritical
274.69	572.00	306.84	0.0032590	422.24	608.66	2.5203	1.8938	3.1728	1007.6	-0.024511	4.0491e-05	0.11154	supercritical
275.69	572.00	305.99	0.0032681	424.90	611.83	2.5318	1.8945	3.1729	1005.1	-0.024272	4.0307e-05	0.11120	supercritical
276.69	572.00	305.14	0.0032772	427.55	615.01	2.5433	1.8953	3.1730	1002.6	-0.024033	4.0125e-05	0.11086	supercritical
277.69	572.00	304.30	0.0032863	430.21	618.18	2.5548	1.8960	3.1731	1000.2	-0.023795	3.9946e-05	0.11052	supercritical
278.69	572.00	303.45	0.0032954	432.86	621.35	2.5662	1.8968	3.1732	997.72	-0.023557	3.9768e-05	0.11019	supercritical
279.69	572.00	302.61	0.0033046	435.51	624.53	2.5775	1.8976	3.1733	995.30	-0.023320	3.9593e-05	0.10986	supercritical
280.69	572.00	301.77	0.0033137	438.15	627.70	2.5889	1.8984	3.1733	992.90	-0.023084	3.9420e-05	0.10954	supercritical
281.69	572.00	300.94	0.0033229	440.80	630.87	2.6002	1.8993	3.1734	990.53	-0.022848	3.9249e-05	0.10922	supercritical
282.69	572.00	300.10	0.0033322	443.45	634.05	2.6114	1.9002	3.1735	988.17	-0.022613	3.9080e-05	0.10890	supercritical
283.69	572.00	299.27	0.0033414	446.09	637.22	2.6226	1.9011	3.1736	985.84	-0.022379	3.8912e-05	0.10859	supercritical
284.69	572.00	298.44	0.0033507	448.73	640.39	2.6338	1.9021	3.1737	983.53	-0.022145	3.8747e-05	0.10828	supercritical
285.69	572.00	297.61	0.0033600	451.37	643.57	2.6449	1.9030	3.1738	981.24	-0.021913	3.8584e-05	0.10798	supercritical
286.69	572.00	296.79	0.0033694	454.01	646.74	2.6560	1.9040	3.1739	978.97	-0.021681	3.8422e-05	0.10768	supercritical
287.69	572.00	295.97	0.0033788	456.65	649.92	2.6670	1.9050	3.1740	976.72	-0.021450	3.8263e-05	0.10739	supercritical
288.69	572.00	295.15	0.0033881	459.29	653.09	2.6781	1.9061	3.1741	974.50	-0.021220	3.8105e-05	0.10710	supercritical
289.69	572.00	294.33	0.0033976	461.92	656.26	2.6890	1.9072	3.1742	972.29	-0.020991	3.7950e-05	0.10681	supercritical
290.69	572.00	293.51	0.0034070	464.56	659.44	2.7000	1.9083	3.1743	970.11	-0.020763	3.7796e-05	0.10653	supercritical
291.69	572.00	292.70	0.0034165	467.19	662.61	2.7109	1.9094	3.1744	967.95	-0.020536	3.7643e-05	0.10625	supercritical
292.69	572.00	291.89	0.0034260	469.82	665.79	2.7217	1.9105	3.1745	965.81	-0.020310	3.7493e-05	0.10597	supercritical
293.69	572.00	291.08	0.0034355	472.45	668.96	2.7326	1.9117	3.1746	963.69	-0.020085	3.7345e-05	0.10570	supercritical
294.69	572.00	290.28	0.0034450	475.08	672.14	2.7434	1.9129	3.1747	961.59	-0.019861	3.7198e-05	0.10543	supercritical
295.69	572.00	289.47	0.0034546	477.71	675.31	2.7541	1.9141	3.1748	959.51	-0.019639	3.7052e-05	0.10517	supercritical
296.69	572.00	288.67	0.0034642	480.34	678.49	2.7648	1.9153	3.1749	957.46	-0.019417	3.6909e-05	0.10491	supercritical
297.69	572.00	287.87	0.0034738	482.96	681.66	2.7755	1.9166	3.1750	955.42	-0.019197	3.6767e-05	0.10465	supercritical
298.69	572.00	287.08	0.0034834	485.59	684.84	2.7862	1.9179	3.1751	953.40	-0.018977	3.6627e-05	0.10440	supercritical
299.69	572.00	286.28	0.0034931	488.21	688.01	2.7968	1.9192	3.1752	951.41	-0.018759	3.6489e-05	0.10415	supercritical
300.69	572.00	285.49	0.0035027	490.83	691.19	2.8074	1.9205	3.1753	949.43	-0.018542	3.6352e-05	0.10391	supercritical
301.69	572.00	284.70	0.0035124	493.45	694.36	2.8179	1.9219	3.1755	947.48	-0.018327	3.6217e-05	0.10366	supercritical
302.69	572.00	283.92	0.0035222	496.07	697.54	2.8284	1.9233	3.1756	945.54	-0.018113	3.6083e-05	0.10343	supercritical
303.69	572.00	283.13	0.0035319	498.69	700.71	2.8389	1.9247	3.1757	943.63	-0.017900	3.5951e-05	0.10319	supercritical
304.69	572.00	282.35	0.0035417	501.31	703.89	2.8493	1.9261	3.1758	941.73	-0.017688	3.5820e-05	0.10296	supercritical
305.69	572.00	281.57	0.0035515	503.92	707.07	2.8597	1.9275	3.1759	939.85	-0.017478	3.5691e-05	0.10273	supercritical
306.69	572.00	280.80	0.0035613	506.54	710.24	2.8701	1.9290	3.1761	938.00	-0.017269	3.5564e-05	0.10251	supercritical
307.69	572.00	280.02	0.0035711	509.15	713.42	2.8804	1.9305	3.1762	936.16	-0.017061	3.5437e-05	0.10229	supercritical
308.69	572.00	279.25	0.0035810	511.76	716.59	2.8907	1.9320	3.1763	934.34	-0.016855	3.5313e-05	0.10207	supercritical
309.69	572.00	278.49	0.0035908	514.37	719.77	2.9010	1.9336	3.1764	932.54	-0.016650	3.5190e-05	0.10186	supercritical
310.69	572.00	277.72	0.0036007	516.98	722.95	2.9113	1.9351	3.1766	930.77	-0.016447	3.5068e-05	0.10165	supercritical
311.69	572.00	276.96	0.0036107	519.59	726.12	2.9215	1.9367	3.1767	929.00	-0.016245	3.4948e-05	0.10144	supercritical
312.69	572.00	276.20	0.0036206	522.20	729.30	2.9316	1.9383	3.1769	927.26	-0.016045	3.4829e-05	0.10124	supercritical
313.69	572.00	275.44	0.0036306	524.81	732.48	2.9418	1.9399	3.1770	925.54	-0.015846	3.4711e-05	0.10104	supercritical
314.69	572.00	274.68	0.0036405	527.41	735.65	2.9519	1.9416	3.1771	923.83	-0.015649	3.4595e-05	0.10084	supercritical
315.69	572.00	273.93	0.0036505	530.02	738.83	2.9620	1.9432	3.1773	922.15	-0.015453	3.4481e-05	0.10065	supercritical
316.69	572.00	273.18	0.0036606	532.62	742.01	2.9720	1.9449	3.1775	920.48	-0.015259	3.4367e-05	0.10045	supercritical
317.69	572.00	272.44	0.0036706	535.23	745.19	2.9820	1.9466	3.1776	918.83	-0.015067	3.4255e-05	0.10027	supercritical
318.69	572.00	271.69	0.0036806	537.83	748.36	2.9920	1.9484	3.1778	917.20	-0.014876	3.4144e-05	0.10008	supercritical
319.69	572.00	270.95	0.0036907	540.43	751.54	3.0020	1.9501	3.1780	915.59	-0.014686	3.4035e-05	0.099902	supercritical
320.69	572.00	270.21	0.0037008	543.03	754.72	3.0119	1.9519	3.1781	913.99	-0.014499	3.3927e-05	0.099724	supercritical
321.69	572.00	269.47	0.0037109	545.63	757.90	3.0218	1.9537	3.1783	912.41	-0.014313	3.3820e-05	0.099549	supercritical
322.69	572.00	268.74	0.0037211	548.23	761.08	3.0317	1.9555	3.1785	910.85	-0.014128	3.3714e-05	0.099377	supercritical
323.69	572.00	268.01	0.0037312	550.83	764.25	3.0415	1.9573	3.1787	909.31	-0.013945	3.3610e-05	0.099208	supercritical
324.69	572.00	267.28	0.0037414	553.43	767.43	3.0513	1.9592	3.1789	907.78	-0.013764	3.3507e-05	0.099042	supercritical
325.69	572.00	266.56	0.0037516	556.02	770.61	3.0611	1.9610	3.1791	906.28	-0.013585	3.3405e-05	0.098879	supercritical
326.69	572.00	265.83	0.0037618	558.62	773.79	3.0708	1.9629	3.1793	904.78	-0.013407	3.3304e-05	0.098719	supercritical
327.69	572.00	265.11	0.0037720	561.21	776.97	3.0805	1.9648	3.1795	903.31	-0.013231	3.3204e-05	0.098562	supercritical
328.69	572.00	264.40	0.0037822	563.81	780.15	3.0902	1.9667	3.1797	901.85	-0.013057	3.3106e-05	0.098408	supercritical
329.69	572.00	263.68	0.0037925	566.40	783.33	3.0999	1.9687	3.1799	900.41	-0.012884	3.3009e-05	0.098257	supercritical
330.69	572.00	262.97	0.0038027	568.99	786.51	3.1095	1.9706	3.1801	898.99	-0.012713	3.2912e-05	0.098108	supercritical
331.69	572.00	262.26	0.0038130	571.59	789.69	3.1191	1.9726	3.1804	897.58	-0.012544	3.2817e-05	0.097963	supercritical
332.69	572.00	261.55	0.0038233	574.18	792.87	3.1287	1.9746	3.1806	896.19	-0.012377	3.2724e-05	0.097820	supercritical
333.69	572.00	260.85	0.0038336	576.77	796.05	3.1382	1.9766	3.1809	894.81	-0.012211	3.2631e-05	0.097680	supercritical
334.69	572.00	260.15	0.0038440	579.36	799.23	3.1478	1.9787	3.1811	893.45	-0.012048	3.2539e-05	0.097543	supercritical
335.69	572.00	259.45	0.0038543	581.95	802.41	3.1573	1.9807	3.1814	892.11	-0.011886	3.2449e-05	0.097408	supercritical
336.69	572.00	258.75	0.0038647	584.54	805.60	3.1667	1.9828	3.1816	890.78	-0.011725	3.2359e-05	0.097276	supercritical
337.69	572.00	258.06	0.0038751	587.12	808.78	3.1762	1.9849	3.1819	889.47	-0.011567	3.2271e-05	0.097147	supercritical
338.69	572.00	257.37	0.0038854	589.71	811.96	3.1856	1.9870	3.1822	888.17	-0.011410	3.2183e-05	0.097021	supercritical
339.69	572.00	256.68	0.0038959	592.30	815.14	3.1949	1.9891	3.1825	886.89	-0.011255	3.2097e-05	0.096897	supercritical
340.69	572.00	256.00	0.0039063	594.89	818.32	3.2043	1.9913	3.1828	885.63	-0.011102	3.2012e-05	0.096776	supercritical
341.69	572.00	255.32	0.0039167	597.47	821.51	3.2136	1.9934	3.1831	884.38	-0.010951	3.1927e-05	0.096657	supercritical
342.69	572.00	254.64	0.0039272	600.06	824.69	3.2229	1.9956	3.1834	883.14	-0.010802	3.1844e-05	0.096541	supercritical
343.69	572.00	253.96	0.0039376	602.64	827.87	3.2322	1.9978	3.1837	881.92	-0.010654	3.1762e-05	0.096428	supercritical
344.69	572.00	253.29	0.0039481	605.23	831.06	3.2415	2.0000	3.1840	880.72	-0.010508	3.1680e-05	0.096317	supercritical
345.69	572.00	252.62	0.0039586	607.81	834.24	3.2507	2.0022	3.1844	879.53	-0.010364	3.1600e-05	0.096208	supercritical
346.69	572.00	251.95	0.0039691	610.39	837.43	3.2599	2.0045	3.1847	878.35	-0.010222	3.1521e-05	0.096102	supercritical
347.69	572.00	251.28	0.0039796	612.98	840.61	3.2691	2.0067	3.1851	877.19	-0.010082	3.1442e-05	0.095999	supercritical
348.69	572.00	250.62	0.0039901	615.56	843.80	3.2782	2.0090	3.1854	876.04	-0.0099432	3.1365e-05	0.095898	supercritical
349.69	572.00	249.96	0.0040007	618.14	846.98	3.2873	2.0113	3.1858	874.91	-0.0098065	3.1288e-05	0.095799	supercritical
350.69	572.00	249.30	0.0040112	620.73	850.17	3.2964	2.0136	3.1862	873.79	-0.0096716	3.1212e-05	0.095703	supercritical
351.69	572.00	248.64	0.0040218	623.31	853.35	3.3055	2.0159	3.1866	872.68	-0.0095385	3.1138e-05	0.095609	supercritical
352.69	572.00	247.99	0.0040324	625.89	856.54	3.3145	2.0182	3.1870	871.59	-0.0094073	3.1064e-05	0.095517	supercritical
353.69	572.00	247.34	0.0040430	628.47	859.73	3.3236	2.0206	3.1874	870.52	-0.0092778	3.0991e-05	0.095428	supercritical
354.69	572.00	246.70	0.0040536	631.05	862.92	3.3326	2.0229	3.1878	869.45	-0.0091502	3.0919e-05	0.095341	supercritical
355.69	572.00	246.05	0.0040642	633.63	866.10	3.3415	2.0253	3.1882	868.40	-0.0090244	3.0847e-05	0.095256	supercritical
356.69	572.00	245.41	0.0040748	636.21	869.29	3.3505	2.0277	3.1886	867.37	-0.0089004	3.0777e-05	0.095174	supercritical
357.69	572.00	244.77	0.0040854	638.79	872.48	3.3594	2.0301	3.1891	866.34	-0.0087782	3.0708e-05	0.095094	supercritical
358.69	572.00	244.14	0.0040961	641.38	875.67	3.3683	2.0326	3.1895	865.33	-0.0086578	3.0639e-05	0.095016	supercritical
359.69	572.00	243.50	0.0041067	643.96	878.86	3.3772	2.0350	3.1900	864.33	-0.0085392	3.0571e-05	0.094940	supercritical
360.69	572.00	242.87	0.0041174	646.54	882.05	3.3861	2.0374	3.1905	863.35	-0.0084224	3.0504e-05	0.094867	supercritical
361.69	572.00	242.24	0.0041281	649.12	885.24	3.3949	2.0399	3.1910	862.38	-0.0083074	3.0438e-05	0.094795	supercritical
362.69	572.00	241.62	0.0041388	651.70	888.43	3.4037	2.0424	3.1915	861.42	-0.0081942	3.0372e-05	0.094726	supercritical
363.69	572.00	241.00	0.0041495	654.28	891.62	3.4125	2.0449	3.1920	860.47	-0.0080827	3.0308e-05	0.094659	supercritical
364.69	572.00	240.38	0.0041602	656.86	894.82	3.4213	2.0474	3.1925	859.54	-0.0079731	3.0244e-05	0.094594	supercritical
365.69	572.00	239.76	0.0041709	659.44	898.01	3.4300	2.0499	3.1930	858.62	-0.0078652	3.0181e-05	0.094531	supercritical
366.69	572.00	239.14	0.0041816	662.02	901.20	3.4387	2.0525	3.1935	857.71	-0.0077591	3.0119e-05	0.094470	supercritical
367.69	572.00	238.53	0.0041923	664.60	904.40	3.4474	2.0550	3.1941	856.81	-0.0076547	3.0057e-05	0.094411	supercritical
368.69	572.00	237.92	0.0042031	667.18	907.59	3.4561	2.0576	3.1946	855.92	-0.0075521	2.9996e-05	0.094355	supercritical
369.69	572.00	237.31	0.0042138	669.76	910.79	3.4648	2.0601	3.1952	855.05	-0.0074513	2.9936e-05	0.094300	supercritical
370.69	572.00	236.71	0.0042246	672.34	913.98	3.4734	2.0627	3.1958	854.19	-0.0073521	2.9877e-05	0.094247	supercritical
371.69	572.00	236.11	0.0042353	674.92	917.18	3.4820	2.0653	3.1964	853.34	-0.0072547	2.9819e-05	0.094196	supercritical
372.69	572.00	235.51	0.0042461	677.50	920.37	3.4906	2.0679	3.1970	852.50	-0.0071591	2.9761e-05	0.094147	supercritical
373.69	572.00	234.91	0.0042569	680.08	923.57	3.4992	2.0706	3.1976	851.67	-0.0070651	2.9704e-05	0.094101	supercritical
374.69	572.00	234.32	0.0042677	682.66	926.77	3.5077	2.0732	3.1982	850.86	-0.0069729	2.9647e-05	0.094056	supercritical
375.69	572.00	233.73	0.0042785	685.24	929.97	3.5162	2.0759	3.1989	850.05	-0.0068823	2.9592e-05	0.094013	supercritical
376.69	572.00	233.14	0.0042893	687.82	933.17	3.5247	2.0785	3.1995	849.26	-0.0067935	2.9537e-05	0.093971	supercritical
377.69	572.00	232.55	0.0043001	690.40	936.37	3.5332	2.0812	3.2002	848.48	-0.0067063	2.9483e-05	0.093932	supercritical
378.69	572.00	231.97	0.0043109	692.98	939.57	3.5417	2.0839	3.2008	847.71	-0.0066208	2.9429e-05	0.093895	supercritical
379.69	572.00	231.39	0.0043218	695.56	942.77	3.5501	2.0866	3.2015	846.95	-0.0065369	2.9376e-05	0.093859	supercritical
380.69	572.00	230.81	0.0043326	698.15	945.97	3.5585	2.0893	3.2022	846.20	-0.0064548	2.9324e-05	0.093825	supercritical
381.69	572.00	230.23	0.0043434	700.73	949.17	3.5669	2.0920	3.2029	845.46	-0.0063742	2.9272e-05	0.093794	supercritical
382.69	572.00	229.66	0.0043543	703.31	952.38	3.5753	2.0948	3.2036	844.73	-0.0062953	2.9221e-05	0.093763	supercritical
383.69	572.00	229.09	0.0043651	705.89	955.58	3.5837	2.0975	3.2044	844.01	-0.0062180	2.9171e-05	0.093735	supercritical
384.69	572.00	228.52	0.0043760	708.48	958.79	3.5920	2.1003	3.2051	843.30	-0.0061423	2.9121e-05	0.093708	supercritical
385.69	572.00	227.95	0.0043869	711.06	961.99	3.6003	2.1030	3.2058	842.60	-0.0060683	2.9072e-05	0.093684	supercritical
386.69	572.00	227.39	0.0043977	713.65	965.20	3.6086	2.1058	3.2066	841.92	-0.0059958	2.9023e-05	0.093660	supercritical
387.69	572.00	226.83	0.0044086	716.23	968.40	3.6169	2.1086	3.2074	841.24	-0.0059249	2.8976e-05	0.093639	supercritical
388.69	572.00	226.27	0.0044195	718.82	971.61	3.6252	2.1114	3.2082	840.57	-0.0058556	2.8928e-05	0.093619	supercritical
389.69	572.00	225.71	0.0044304	721.40	974.82	3.6334	2.1142	3.2090	839.91	-0.0057878	2.8882e-05	0.093601	supercritical
390.69	572.00	225.16	0.0044413	723.99	978.03	3.6417	2.1170	3.2098	839.26	-0.0057216	2.8836e-05	0.093585	supercritical
391.69	572.00	224.61	0.0044522	726.57	981.24	3.6499	2.1198	3.2106	838.63	-0.0056569	2.8790e-05	0.093570	supercritical
392.69	572.00	224.06	0.0044631	729.16	984.45	3.6581	2.1227	3.2114	838.00	-0.0055937	2.8746e-05	0.093557	supercritical
393.69	572.00	223.51	0.0044740	731.75	987.66	3.6662	2.1255	3.2123	837.38	-0.0055321	2.8701e-05	0.093546	supercritical
394.69	572.00	222.97	0.0044849	734.34	990.88	3.6744	2.1284	3.2132	836.77	-0.0054719	2.8658e-05	0.093536	supercritical
395.69	572.00	222.43	0.0044958	736.93	994.09	3.6825	2.1313	3.2140	836.17	-0.0054133	2.8614e-05	0.093528	supercritical
396.69	572.00	221.89	0.0045068	739.52	997.30	3.6906	2.1341	3.2149	835.57	-0.0053561	2.8572e-05	0.093521	supercritical
397.69	572.00	221.35	0.0045177	742.11	1000.5	3.6987	2.1370	3.2158	834.99	-0.0053004	2.8530e-05	0.093516	supercritical
398.69	572.00	220.82	0.0045286	744.70	1003.7	3.7068	2.1399	3.2167	834.42	-0.0052462	2.8488e-05	0.093512	supercritical
399.69	572.00	220.29	0.0045396	747.29	1007.0	3.7149	2.1428	3.2176	833.85	-0.0051933	2.8447e-05	0.093510	supercritical
400.69	572.00	219.76	0.0045505	749.88	1010.2	3.7229	2.1458	3.2186	833.30	-0.0051420	2.8407e-05	0.093510	supercritical
401.69	572.00	219.23	0.0045614	752.47	1013.4	3.7309	2.1487	3.2195	832.75	-0.0050920	2.8367e-05	0.093511	supercritical
402.69	572.00	218.70	0.0045724	755.07	1016.6	3.7389	2.1516	3.2205	832.21	-0.0050434	2.8328e-05	0.093513	supercritical
403.69	572.00	218.18	0.0045833	757.66	1019.8	3.7469	2.1546	3.2215	831.68	-0.0049963	2.8289e-05	0.093518	supercritical
404.69	572.00	217.66	0.0045943	760.26	1023.1	3.7549	2.1575	3.2224	831.16	-0.0049505	2.8251e-05	0.093523	supercritical
405.69	572.00	217.14	0.0046053	762.85	1026.3	3.7628	2.1605	3.2234	830.64	-0.0049061	2.8213e-05	0.093530	supercritical
406.69	572.00	216.63	0.0046162	765.45	1029.5	3.7708	2.1635	3.2245	830.14	-0.0048630	2.8176e-05	0.093539	supercritical
407.69	572.00	216.11	0.0046272	768.05	1032.7	3.7787	2.1664	3.2255	829.64	-0.0048213	2.8139e-05	0.093548	supercritical
408.69	572.00	215.60	0.0046382	770.65	1036.0	3.7866	2.1694	3.2265	829.15	-0.0047809	2.8102e-05	0.093560	supercritical
409.69	572.00	215.09	0.0046491	773.25	1039.2	3.7945	2.1724	3.2276	828.67	-0.0047418	2.8067e-05	0.093572	supercritical
410.69	572.00	214.59	0.0046601	775.85	1042.4	3.8024	2.1754	3.2286	828.20	-0.0047040	2.8031e-05	0.093587	supercritical
411.69	572.00	214.08	0.0046711	778.45	1045.6	3.8102	2.1785	3.2297	827.73	-0.0046675	2.7996e-05	0.093602	supercritical
412.69	572.00	213.58	0.0046821	781.05	1048.9	3.8180	2.1815	3.2308	827.28	-0.0046323	2.7962e-05	0.093619	supercritical
413.69	572.00	213.08	0.0046931	783.65	1052.1	3.8259	2.1845	3.2319	826.83	-0.0045984	2.7928e-05	0.093637	supercritical
414.69	572.00	212.58	0.0047040	786.26	1055.3	3.8337	2.1875	3.2330	826.38	-0.0045657	2.7895e-05	0.093657	supercritical
415.69	572.00	212.09	0.0047150	788.86	1058.6	3.8415	2.1906	3.2341	825.95	-0.0045343	2.7862e-05	0.093678	supercritical
416.69	572.00	211.59	0.0047260	791.47	1061.8	3.8492	2.1936	3.2352	825.52	-0.0045040	2.7829e-05	0.093700	supercritical
417.69	572.00	211.10	0.0047370	794.08	1065.0	3.8570	2.1967	3.2364	825.10	-0.0044750	2.7797e-05	0.093724	supercritical
418.69	572.00	210.61	0.0047480	796.68	1068.3	3.8647	2.1998	3.2375	824.69	-0.0044472	2.7765e-05	0.093749	supercritical
419.69	572.00	210.13	0.0047590	799.29	1071.5	3.8724	2.2028	3.2387	824.29	-0.0044206	2.7734e-05	0.093775	supercritical
420.69	572.00	209.64	0.0047700	801.90	1074.7	3.8802	2.2059	3.2399	823.89	-0.0043952	2.7703e-05	0.093803	supercritical
421.69	572.00	209.16	0.0047810	804.51	1078.0	3.8879	2.2090	3.2411	823.50	-0.0043709	2.7673e-05	0.093832	supercritical
422.69	572.00	208.68	0.0047920	807.13	1081.2	3.8955	2.2121	3.2423	823.11	-0.0043477	2.7643e-05	0.093862	supercritical
423.69	572.00	208.20	0.0048030	809.74	1084.5	3.9032	2.2152	3.2435	822.74	-0.0043257	2.7614e-05	0.093893	supercritical
424.69	572.00	207.73	0.0048140	812.35	1087.7	3.9108	2.2183	3.2448	822.37	-0.0043049	2.7585e-05	0.093926	supercritical
425.69	572.00	207.25	0.0048250	814.97	1091.0	3.9185	2.2215	3.2460	822.01	-0.0042851	2.7556e-05	0.093960	supercritical
426.69	572.00	206.78	0.0048360	817.59	1094.2	3.9261	2.2246	3.2473	821.65	-0.0042664	2.7528e-05	0.093995	supercritical
427.69	572.00	206.31	0.0048470	820.21	1097.5	3.9337	2.2277	3.2485	821.30	-0.0042489	2.7500e-05	0.094031	supercritical
428.69	572.00	205.84	0.0048581	822.82	1100.7	3.9413	2.2309	3.2498	820.96	-0.0042324	2.7472e-05	0.094069	supercritical
429.69	572.00	205.38	0.0048691	825.45	1104.0	3.9489	2.2340	3.2511	820.62	-0.0042169	2.7445e-05	0.094107	supercritical
430.69	572.00	204.91	0.0048801	828.07	1107.2	3.9564	2.2371	3.2524	820.29	-0.0042025	2.7419e-05	0.094147	supercritical
431.69	572.00	204.45	0.0048911	830.69	1110.5	3.9640	2.2403	3.2537	819.97	-0.0041892	2.7392e-05	0.094188	supercritical
432.69	572.00	203.99	0.0049021	833.31	1113.7	3.9715	2.2435	3.2551	819.65	-0.0041768	2.7367e-05	0.094231	supercritical
433.69	572.00	203.54	0.0049131	835.94	1117.0	3.9790	2.2466	3.2564	819.34	-0.0041655	2.7341e-05	0.094274	supercritical
434.69	572.00	203.08	0.0049241	838.57	1120.2	3.9865	2.2498	3.2578	819.03	-0.0041551	2.7316e-05	0.094319	supercritical
435.69	572.00	202.63	0.0049352	841.20	1123.5	3.9940	2.2530	3.2591	818.73	-0.0041458	2.7291e-05	0.094364	supercritical
436.69	572.00	202.18	0.0049462	843.82	1126.7	4.0015	2.2562	3.2605	818.44	-0.0041374	2.7267e-05	0.094411	supercritical
437.69	572.00	201.73	0.0049572	846.46	1130.0	4.0089	2.2594	3.2619	818.16	-0.0041300	2.7243e-05	0.094459	supercritical
438.69	572.00	201.28	0.0049682	849.09	1133.3	4.0164	2.2626	3.2633	817.87	-0.0041235	2.7219e-05	0.094508	supercritical
439.69	572.00	200.83	0.0049792	851.72	1136.5	4.0238	2.2658	3.2647	817.60	-0.0041180	2.7196e-05	0.094558	supercritical
440.69	572.00	200.39	0.0049902	854.36	1139.8	4.0312	2.2690	3.2661	817.33	-0.0041134	2.7173e-05	0.094610	supercritical
441.69	572.00	199.95	0.0050013	856.99	1143.1	4.0386	2.2722	3.2676	817.07	-0.0041097	2.7150e-05	0.094662	supercritical
442.69	572.00	199.51	0.0050123	859.63	1146.3	4.0460	2.2754	3.2690	816.81	-0.0041069	2.7128e-05	0.094716	supercritical
443.69	572.00	199.07	0.0050233	862.27	1149.6	4.0534	2.2787	3.2705	816.56	-0.0041050	2.7106e-05	0.094770	supercritical
444.69	572.00	198.64	0.0050343	864.91	1152.9	4.0608	2.2819	3.2719	816.31	-0.0041040	2.7084e-05	0.094826	supercritical
445.69	572.00	198.20	0.0050453	867.55	1156.1	4.0681	2.2851	3.2734	816.07	-0.0041038	2.7063e-05	0.094883	supercritical
446.69	572.00	197.77	0.0050564	870.20	1159.4	4.0754	2.2884	3.2749	815.84	-0.0041045	2.7042e-05	0.094940	supercritical
447.69	572.00	197.34	0.0050674	872.84	1162.7	4.0828	2.2916	3.2764	815.61	-0.0041060	2.7022e-05	0.094999	supercritical
448.69	572.00	196.91	0.0050784	875.49	1166.0	4.0901	2.2949	3.2779	815.38	-0.0041084	2.7001e-05	0.095059	supercritical
449.69	572.00	196.49	0.0050894	878.14	1169.3	4.0974	2.2981	3.2795	815.16	-0.0041116	2.6981e-05	0.095120	supercritical
450.69	572.00	196.06	0.0051004	880.79	1172.5	4.1047	2.3014	3.2810	814.95	-0.0041156	2.6962e-05	0.095181	supercritical
451.69	572.00	195.64	0.0051114	883.44	1175.8	4.1119	2.3047	3.2826	814.74	-0.0041204	2.6943e-05	0.095244	supercritical
452.69	572.00	195.22	0.0051225	886.09	1179.1	4.1192	2.3079	3.2841	814.54	-0.0041259	2.6924e-05	0.095308	supercritical
453.69	572.00	194.80	0.0051335	888.75	1182.4	4.1265	2.3112	3.2857	814.34	-0.0041323	2.6905e-05	0.095373	supercritical
454.69	572.00	194.38	0.0051445	891.41	1185.7	4.1337	2.3145	3.2873	814.15	-0.0041394	2.6886e-05	0.095439	supercritical
455.69	572.00	193.97	0.0051555	894.06	1189.0	4.1409	2.3178	3.2889	813.96	-0.0041472	2.6868e-05	0.095506	supercritical
456.69	572.00	193.55	0.0051665	896.72	1192.2	4.1481	2.3211	3.2905	813.77	-0.0041558	2.6851e-05	0.095573	supercritical
457.69	572.00	193.14	0.0051775	899.38	1195.5	4.1553	2.3244	3.2921	813.60	-0.0041652	2.6833e-05	0.095642	supercritical
458.69	572.00	192.73	0.0051885	902.05	1198.8	4.1625	2.3277	3.2937	813.42	-0.0041752	2.6816e-05	0.095712	supercritical
459.69	572.00	192.32	0.0051996	904.71	1202.1	4.1697	2.3310	3.2954	813.25	-0.0041860	2.6799e-05	0.095783	supercritical
460.69	572.00	191.92	0.0052106	907.38	1205.4	4.1768	2.3343	3.2970	813.09	-0.0041974	2.6783e-05	0.095854	supercritical
461.69	572.00	191.51	0.0052216	910.05	1208.7	4.1840	2.3376	3.2987	812.93	-0.0042096	2.6766e-05	0.095927	supercritical
462.69	572.00	191.11	0.0052326	912.72	1212.0	4.1911	2.3409	3.3003	812.77	-0.0042224	2.6750e-05	0.096000	supercritical
463.69	572.00	190.71	0.0052436	915.39	1215.3	4.1983	2.3442	3.3020	812.62	-0.0042359	2.6734e-05	0.096075	supercritical
464.69	572.00	190.31	0.0052546	918.06	1218.6	4.2054	2.3475	3.3037	812.48	-0.0042500	2.6719e-05	0.096150	supercritical
465.69	572.00	189.91	0.0052656	920.74	1221.9	4.2125	2.3509	3.3054	812.34	-0.0042648	2.6704e-05	0.096226	supercritical
466.69	572.00	189.52	0.0052766	923.41	1225.2	4.2196	2.3542	3.3071	812.20	-0.0042803	2.6689e-05	0.096303	supercritical
467.69	572.00	189.12	0.0052876	926.09	1228.5	4.2267	2.3575	3.3089	812.07	-0.0042963	2.6674e-05	0.096381	supercritical
468.69	572.00	188.73	0.0052986	928.77	1231.9	4.2337	2.3609	3.3106	811.94	-0.0043130	2.6660e-05	0.096460	supercritical
469.69	572.00	188.34	0.0053096	931.45	1235.2	4.2408	2.3642	3.3123	811.82	-0.0043303	2.6646e-05	0.096540	supercritical
470.69	572.00	187.95	0.0053206	934.14	1238.5	4.2478	2.3675	3.3141	811.70	-0.0043482	2.6632e-05	0.096621	supercritical
471.69	572.00	187.56	0.0053316	936.82	1241.8	4.2549	2.3709	3.3158	811.58	-0.0043667	2.6618e-05	0.096702	supercritical
472.69	572.00	187.17	0.0053426	939.51	1245.1	4.2619	2.3742	3.3176	811.47	-0.0043857	2.6605e-05	0.096785	supercritical
473.69	572.00	186.79	0.0053536	942.20	1248.4	4.2689	2.3776	3.3194	811.36	-0.0044054	2.6592e-05	0.096868	supercritical
474.69	572.00	186.41	0.0053646	944.89	1251.7	4.2759	2.3810	3.3212	811.26	-0.0044255	2.6579e-05	0.096952	supercritical
475.69	572.00	186.03	0.0053756	947.59	1255.1	4.2829	2.3843	3.3230	811.16	-0.0044463	2.6566e-05	0.097037	supercritical
476.69	572.00	185.65	0.0053866	950.28	1258.4	4.2899	2.3877	3.3248	811.06	-0.0044676	2.6554e-05	0.097123	supercritical
477.69	572.00	185.27	0.0053976	952.98	1261.7	4.2968	2.3911	3.3266	810.97	-0.0044894	2.6542e-05	0.097209	supercritical
478.69	572.00	184.89	0.0054085	955.68	1265.0	4.3038	2.3944	3.3285	810.89	-0.0045117	2.6530e-05	0.097297	supercritical
479.69	572.00	184.52	0.0054195	958.38	1268.4	4.3107	2.3978	3.3303	810.80	-0.0045346	2.6518e-05	0.097385	supercritical
480.69	572.00	184.14	0.0054305	961.08	1271.7	4.3177	2.4012	3.3322	810.72	-0.0045579	2.6507e-05	0.097474	supercritical
481.69	572.00	183.77	0.0054415	963.79	1275.0	4.3246	2.4046	3.3340	810.65	-0.0045818	2.6496e-05	0.097564	supercritical
482.69	572.00	183.40	0.0054525	966.50	1278.4	4.3315	2.4079	3.3359	810.58	-0.0046061	2.6485e-05	0.097655	supercritical
483.69	572.00	183.03	0.0054634	969.20	1281.7	4.3384	2.4113	3.3378	810.51	-0.0046310	2.6474e-05	0.097746	supercritical
484.69	572.00	182.67	0.0054744	971.91	1285.1	4.3453	2.4147	3.3396	810.44	-0.0046563	2.6464e-05	0.097838	supercritical
485.69	572.00	182.30	0.0054854	974.63	1288.4	4.3522	2.4181	3.3415	810.38	-0.0046821	2.6454e-05	0.097931	supercritical
486.69	572.00	181.94	0.0054964	977.34	1291.7	4.3591	2.4215	3.3435	810.33	-0.0047083	2.6444e-05	0.098025	supercritical
487.69	572.00	181.58	0.0055073	980.06	1295.1	4.3660	2.4249	3.3454	810.27	-0.0047350	2.6434e-05	0.098120	supercritical
488.69	572.00	181.22	0.0055183	982.78	1298.4	4.3728	2.4283	3.3473	810.22	-0.0047621	2.6424e-05	0.098215	supercritical
489.69	572.00	180.86	0.0055293	985.50	1301.8	4.3797	2.4317	3.3492	810.18	-0.0047896	2.6415e-05	0.098311	supercritical
490.69	572.00	180.50	0.0055402	988.22	1305.1	4.3865	2.4351	3.3512	810.13	-0.0048176	2.6406e-05	0.098408	supercritical
491.69	572.00	180.14	0.0055512	990.95	1308.5	4.3933	2.4385	3.3531	810.09	-0.0048460	2.6397e-05	0.098506	supercritical
492.69	572.00	179.79	0.0055621	993.68	1311.8	4.4001	2.4419	3.3551	810.06	-0.0048748	2.6388e-05	0.098604	supercritical
493.69	572.00	179.43	0.0055731	996.40	1315.2	4.4069	2.4453	3.3570	810.02	-0.0049040	2.6380e-05	0.098704	supercritical
494.69	572.00	179.08	0.0055841	999.14	1318.5	4.4137	2.4487	3.3590	809.99	-0.0049336	2.6371e-05	0.098803	supercritical
495.69	572.00	178.73	0.0055950	1001.9	1321.9	4.4205	2.4521	3.3610	809.97	-0.0049636	2.6363e-05	0.098904	supercritical
496.69	572.00	178.38	0.0056060	1004.6	1325.3	4.4273	2.4556	3.3630	809.94	-0.0049940	2.6355e-05	0.099005	supercritical
497.69	572.00	178.03	0.0056169	1007.3	1328.6	4.4341	2.4590	3.3650	809.92	-0.0050247	2.6348e-05	0.099107	supercritical
498.69	572.00	177.69	0.0056278	1010.1	1332.0	4.4408	2.4624	3.3670	809.91	-0.0050558	2.6340e-05	0.099210	supercritical
499.69	572.00	177.34	0.0056388	1012.8	1335.4	4.4476	2.4658	3.3690	809.89	-0.0050873	2.6333e-05	0.099314	supercritical
500.69	572.00	177.00	0.0056497	1015.6	1338.7	4.4543	2.4692	3.3711	809.88	-0.0051191	2.6326e-05	0.099418	supercritical
501.69	572.00	176.66	0.0056607	1018.3	1342.1	4.4610	2.4727	3.3731	809.88	-0.0051513	2.6319e-05	0.099523	supercritical
502.69	572.00	176.32	0.0056716	1021.1	1345.5	4.4677	2.4761	3.3751	809.87	-0.0051838	2.6312e-05	0.099629	supercritical
503.69	572.00	175.98	0.0056825	1023.8	1348.9	4.4745	2.4795	3.3772	809.87	-0.0052166	2.6306e-05	0.099735	supercritical
504.69	572.00	175.64	0.0056935	1026.6	1352.2	4.4812	2.4830	3.3793	809.87	-0.0052498	2.6299e-05	0.099842	supercritical
505.69	572.00	175.30	0.0057044	1029.3	1355.6	4.4878	2.4864	3.3813	809.88	-0.0052832	2.6293e-05	0.099950	supercritical
506.69	572.00	174.97	0.0057153	1032.1	1359.0	4.4945	2.4898	3.3834	809.88	-0.0053170	2.6287e-05	0.10006	supercritical
507.69	572.00	174.63	0.0057262	1034.8	1362.4	4.5012	2.4933	3.3855	809.89	-0.0053511	2.6281e-05	0.10017	supercritical
508.69	572.00	174.30	0.0057372	1037.6	1365.8	4.5079	2.4967	3.3876	809.91	-0.0053855	2.6276e-05	0.10028	supercritical
509.69	572.00	173.97	0.0057481	1040.4	1369.2	4.5145	2.5001	3.3897	809.92	-0.0054202	2.6270e-05	0.10039	supercritical
510.69	572.00	173.64	0.0057590	1043.1	1372.5	4.5212	2.5036	3.3918	809.94	-0.0054552	2.6265e-05	0.10050	supercritical
511.69	572.00	173.31	0.0057699	1045.9	1375.9	4.5278	2.5070	3.3939	809.96	-0.0054904	2.6260e-05	0.10061	supercritical
512.69	572.00	172.99	0.0057808	1048.7	1379.3	4.5344	2.5105	3.3960	809.99	-0.0055260	2.6255e-05	0.10072	supercritical
513.69	572.00	172.66	0.0057917	1051.4	1382.7	4.5410	2.5139	3.3981	810.01	-0.0055617	2.6250e-05	0.10084	supercritical
514.69	572.00	172.34	0.0058026	1054.2	1386.1	4.5477	2.5174	3.4003	810.04	-0.0055978	2.6246e-05	0.10095	supercritical
515.69	572.00	172.01	0.0058135	1057.0	1389.5	4.5543	2.5208	3.4024	810.08	-0.0056341	2.6241e-05	0.10106	supercritical
516.69	572.00	171.69	0.0058244	1059.8	1392.9	4.5609	2.5242	3.4046	810.11	-0.0056707	2.6237e-05	0.10118	supercritical
517.69	572.00	171.37	0.0058353	1062.6	1396.3	4.5674	2.5277	3.4067	810.15	-0.0057075	2.6233e-05	0.10129	supercritical
518.69	572.00	171.05	0.0058462	1065.3	1399.8	4.5740	2.5312	3.4089	810.19	-0.0057446	2.6229e-05	0.10141	supercritical
519.69	572.00	170.73	0.0058571	1068.1	1403.2	4.5806	2.5346	3.4111	810.23	-0.0057818	2.6226e-05	0.10153	supercritical
520.69	572.00	170.42	0.0058680	1070.9	1406.6	4.5871	2.5381	3.4133	810.28	-0.0058194	2.6222e-05	0.10164	supercritical
521.69	572.00	170.10	0.0058789	1073.7	1410.0	4.5937	2.5415	3.4154	810.33	-0.0058571	2.6219e-05	0.10176	supercritical
522.69	572.00	169.79	0.0058898	1076.5	1413.4	4.6002	2.5450	3.4176	810.38	-0.0058951	2.6215e-05	0.10188	supercritical
523.69	572.00	169.47	0.0059007	1079.3	1416.8	4.6068	2.5484	3.4198	810.43	-0.0059332	2.6212e-05	0.10200	supercritical
524.69	572.00	169.16	0.0059115	1082.1	1420.2	4.6133	2.5519	3.4220	810.48	-0.0059716	2.6209e-05	0.10212	supercritical
525.69	572.00	168.85	0.0059224	1084.9	1423.7	4.6198	2.5553	3.4243	810.54	-0.0060102	2.6206e-05	0.10224	supercritical
526.69	572.00	168.54	0.0059333	1087.7	1427.1	4.6263	2.5588	3.4265	810.60	-0.0060490	2.6204e-05	0.10236	supercritical
527.69	572.00	168.23	0.0059442	1090.5	1430.5	4.6328	2.5623	3.4287	810.67	-0.0060879	2.6201e-05	0.10248	supercritical
528.69	572.00	167.93	0.0059550	1093.3	1433.9	4.6393	2.5657	3.4309	810.73	-0.0061271	2.6199e-05	0.10261	supercritical
529.69	572.00	167.62	0.0059659	1096.1	1437.4	4.6458	2.5692	3.4332	810.80	-0.0061665	2.6197e-05	0.10273	supercritical
530.69	572.00	167.31	0.0059768	1098.9	1440.8	4.6523	2.5726	3.4354	810.87	-0.0062060	2.6195e-05	0.10285	supercritical
531.69	572.00	167.01	0.0059876	1101.8	1444.3	4.6587	2.5761	3.4377	810.94	-0.0062457	2.6193e-05	0.10298	supercritical
532.69	572.00	166.71	0.0059985	1104.6	1447.7	4.6652	2.5796	3.4399	811.01	-0.0062856	2.6191e-05	0.10310	supercritical
533.69	572.00	166.41	0.0060093	1107.4	1451.1	4.6717	2.5830	3.4422	811.09	-0.0063256	2.6190e-05	0.10323	supercritical
534.69	572.00	166.11	0.0060202	1110.2	1454.6	4.6781	2.5865	3.4445	811.17	-0.0063658	2.6188e-05	0.10335	supercritical
535.69	572.00	165.81	0.0060310	1113.0	1458.0	4.6845	2.5900	3.4468	811.25	-0.0064061	2.6187e-05	0.10348	supercritical
536.69	572.00	165.51	0.0060419	1115.9	1461.5	4.6910	2.5934	3.4491	811.33	-0.0064466	2.6186e-05	0.10360	supercritical
537.69	572.00	165.22	0.0060527	1118.7	1464.9	4.6974	2.5969	3.4513	811.41	-0.0064873	2.6184e-05	0.10373	supercritical
538.69	572.00	164.92	0.0060636	1121.5	1468.4	4.7038	2.6004	3.4536	811.50	-0.0065281	2.6184e-05	0.10386	supercritical
539.69	572.00	164.63	0.0060744	1124.4	1471.8	4.7102	2.6038	3.4559	811.59	-0.0065690	2.6183e-05	0.10399	supercritical
540.69	572.00	164.33	0.0060852	1127.2	1475.3	4.7166	2.6073	3.4583	811.68	-0.0066101	2.6182e-05	0.10412	supercritical
541.69	572.00	164.04	0.0060960	1130.0	1478.7	4.7230	2.6108	3.4606	811.77	-0.0066513	2.6182e-05	0.10425	supercritical
542.69	572.00	163.75	0.0061069	1132.9	1482.2	4.7294	2.6143	3.4629	811.87	-0.0066926	2.6181e-05	0.10438	supercritical
543.69	572.00	163.46	0.0061177	1135.7	1485.7	4.7358	2.6177	3.4652	811.97	-0.0067341	2.6181e-05	0.10451	supercritical
544.69	572.00	163.17	0.0061285	1138.6	1489.1	4.7421	2.6212	3.4675	812.07	-0.0067757	2.6181e-05	0.10464	supercritical
545.69	572.00	162.88	0.0061393	1141.4	1492.6	4.7485	2.6247	3.4699	812.17	-0.0068173	2.6181e-05	0.10477	supercritical
546.69	572.00	162.60	0.0061502	1144.3	1496.1	4.7549	2.6281	3.4722	812.27	-0.0068591	2.6181e-05	0.10490	supercritical
547.69	572.00	162.31	0.0061610	1147.1	1499.5	4.7612	2.6316	3.4746	812.37	-0.0069010	2.6181e-05	0.10504	supercritical
548.69	572.00	162.03	0.0061718	1150.0	1503.0	4.7676	2.6351	3.4769	812.48	-0.0069431	2.6182e-05	0.10517	supercritical
549.69	572.00	161.74	0.0061826	1152.9	1506.5	4.7739	2.6385	3.4793	812.59	-0.0069852	2.6182e-05	0.10530	supercritical
550.69	572.00	161.46	0.0061934	1155.7	1510.0	4.7802	2.6420	3.4817	812.70	-0.0070274	2.6183e-05	0.10544	supercritical
551.69	572.00	161.18	0.0062042	1158.6	1513.5	4.7865	2.6455	3.4840	812.81	-0.0070697	2.6184e-05	0.10557	supercritical
552.69	572.00	160.90	0.0062150	1161.5	1517.0	4.7928	2.6490	3.4864	812.93	-0.0071121	2.6184e-05	0.10571	supercritical
553.69	572.00	160.62	0.0062258	1164.3	1520.4	4.7991	2.6524	3.4888	813.04	-0.0071545	2.6185e-05	0.10584	supercritical
554.69	572.00	160.34	0.0062366	1167.2	1523.9	4.8054	2.6559	3.4912	813.16	-0.0071971	2.6187e-05	0.10598	supercritical
555.69	572.00	160.07	0.0062474	1170.1	1527.4	4.8117	2.6594	3.4936	813.28	-0.0072397	2.6188e-05	0.10612	supercritical
556.69	572.00	159.79	0.0062581	1172.9	1530.9	4.8180	2.6629	3.4960	813.40	-0.0072825	2.6189e-05	0.10625	supercritical
557.69	572.00	159.52	0.0062689	1175.8	1534.4	4.8243	2.6663	3.4984	813.52	-0.0073253	2.6191e-05	0.10639	supercritical
558.69	572.00	159.24	0.0062797	1178.7	1537.9	4.8306	2.6698	3.5008	813.65	-0.0073681	2.6192e-05	0.10653	supercritical
559.69	572.00	158.97	0.0062905	1181.6	1541.4	4.8368	2.6733	3.5032	813.78	-0.0074110	2.6194e-05	0.10667	supercritical
560.69	572.00	158.70	0.0063013	1184.5	1544.9	4.8431	2.6767	3.5056	813.90	-0.0074540	2.6196e-05	0.10681	supercritical
561.69	572.00	158.43	0.0063120	1187.4	1548.4	4.8493	2.6802	3.5080	814.03	-0.0074971	2.6198e-05	0.10695	supercritical
562.69	572.00	158.16	0.0063228	1190.3	1551.9	4.8556	2.6837	3.5104	814.17	-0.0075402	2.6200e-05	0.10709	supercritical
563.69	572.00	157.89	0.0063336	1193.2	1555.4	4.8618	2.6872	3.5129	814.30	-0.0075834	2.6202e-05	0.10723	supercritical
564.69	572.00	157.62	0.0063443	1196.1	1559.0	4.8680	2.6906	3.5153	814.43	-0.0076266	2.6204e-05	0.10737	supercritical
565.69	572.00	157.35	0.0063551	1199.0	1562.5	4.8743	2.6941	3.5177	814.57	-0.0076699	2.6206e-05	0.10751	supercritical
566.69	572.00	157.09	0.0063658	1201.9	1566.0	4.8805	2.6976	3.5202	814.71	-0.0077132	2.6209e-05	0.10765	supercritical
567.69	572.00	156.82	0.0063766	1204.8	1569.5	4.8867	2.7010	3.5226	814.85	-0.0077566	2.6211e-05	0.10779	supercritical
568.69	572.00	156.56	0.0063873	1207.7	1573.0	4.8929	2.7045	3.5251	814.99	-0.0078000	2.6214e-05	0.10794	supercritical
569.69	572.00	156.30	0.0063981	1210.6	1576.6	4.8991	2.7080	3.5276	815.13	-0.0078434	2.6217e-05	0.10808	supercritical
570.69	572.00	156.03	0.0064088	1213.5	1580.1	4.9053	2.7114	3.5300	815.28	-0.0078869	2.6220e-05	0.10823	supercritical
571.69	572.00	155.77	0.0064196	1216.4	1583.6	4.9114	2.7149	3.5325	815.42	-0.0079304	2.6222e-05	0.10837	supercritical
572.69	572.00	155.51	0.0064303	1219.3	1587.2	4.9176	2.7184	3.5350	815.57	-0.0079739	2.6226e-05	0.10851	supercritical
573.69	572.00	155.25	0.0064410	1222.3	1590.7	4.9238	2.7219	3.5374	815.72	-0.0080175	2.6229e-05	0.10866	supercritical
574.69	572.00	155.00	0.0064518	1225.2	1594.2	4.9300	2.7253	3.5399	815.87	-0.0080611	2.6232e-05	0.10881	supercritical
575.69	572.00	154.74	0.0064625	1228.1	1597.8	4.9361	2.7288	3.5424	816.02	-0.0081047	2.6235e-05	0.10895	supercritical
576.69	572.00	154.48	0.0064732	1231.1	1601.3	4.9423	2.7323	3.5449	816.17	-0.0081484	2.6239e-05	0.10910	supercritical
577.69	572.00	154.23	0.0064840	1234.0	1604.9	4.9484	2.7357	3.5474	816.33	-0.0081920	2.6242e-05	0.10924	supercritical
578.69	572.00	153.97	0.0064947	1236.9	1608.4	4.9545	2.7392	3.5499	816.48	-0.0082357	2.6246e-05	0.10939	supercritical
579.69	572.00	153.72	0.0065054	1239.9	1612.0	4.9607	2.7427	3.5524	816.64	-0.0082794	2.6250e-05	0.10954	supercritical
580.69	572.00	153.47	0.0065161	1242.8	1615.5	4.9668	2.7461	3.5549	816.80	-0.0083231	2.6254e-05	0.10969	supercritical
581.69	572.00	153.21	0.0065268	1245.7	1619.1	4.9729	2.7496	3.5574	816.96	-0.0083668	2.6257e-05	0.10984	supercritical
582.69	572.00	152.96	0.0065375	1248.7	1622.6	4.9790	2.7530	3.5599	817.12	-0.0084105	2.6261e-05	0.10999	supercritical
583.69	572.00	152.71	0.0065482	1251.6	1626.2	4.9851	2.7565	3.5624	817.28	-0.0084543	2.6266e-05	0.11014	supercritical
584.69	572.00	152.46	0.0065589	1254.6	1629.8	4.9912	2.7600	3.5649	817.45	-0.0084980	2.6270e-05	0.11029	supercritical
585.69	572.00	152.22	0.0065696	1257.5	1633.3	4.9973	2.7634	3.5675	817.61	-0.0085417	2.6274e-05	0.11044	supercritical
586.69	572.00	151.97	0.0065803	1260.5	1636.9	5.0034	2.7669	3.5700	817.78	-0.0085855	2.6278e-05	0.11059	supercritical
587.69	572.00	151.72	0.0065910	1263.5	1640.5	5.0095	2.7704	3.5725	817.95	-0.0086292	2.6283e-05	0.11074	supercritical
588.69	572.00	151.48	0.0066017	1266.4	1644.0	5.0156	2.7738	3.5750	818.12	-0.0086729	2.6287e-05	0.11089	supercritical
589.69	572.00	151.23	0.0066124	1269.4	1647.6	5.0216	2.7773	3.5776	818.29	-0.0087166	2.6292e-05	0.11104	supercritical
590.69	572.00	150.99	0.0066231	1272.4	1651.2	5.0277	2.7807	3.5801	818.46	-0.0087603	2.6297e-05	0.11119	supercritical
591.69	572.00	150.74	0.0066337	1275.3	1654.8	5.0338	2.7842	3.5827	818.63	-0.0088040	2.6302e-05	0.11135	supercritical
592.69	572.00	150.50	0.0066444	1278.3	1658.4	5.0398	2.7877	3.5852	818.81	-0.0088477	2.6307e-05	0.11150	supercritical
593.69	572.00	150.26	0.0066551	1281.3	1661.9	5.0459	2.7911	3.5878	818.98	-0.0088914	2.6312e-05	0.11165	supercritical
594.69	572.00	150.02	0.0066658	1284.3	1665.5	5.0519	2.7946	3.5903	819.16	-0.0089350	2.6317e-05	0.11181	supercritical
595.69	572.00	149.78	0.0066764	1287.2	1669.1	5.0579	2.7980	3.5929	819.34	-0.0089787	2.6322e-05	0.11196	supercritical
596.69	572.00	149.54	0.0066871	1290.2	1672.7	5.0640	2.8015	3.5954	819.51	-0.0090223	2.6327e-05	0.11212	supercritical
597.69	572.00	149.30	0.0066978	1293.2	1676.3	5.0700	2.8049	3.5980	819.69	-0.0090659	2.6332e-05	0.11227	supercritical
598.69	572.00	149.07	0.0067084	1296.2	1679.9	5.0760	2.8084	3.6006	819.88	-0.0091095	2.6338e-05	0.11243	supercritical
599.69	572.00	148.83	0.0067191	1299.2	1683.5	5.0820	2.8118	3.6032	820.06	-0.0091530	2.6343e-05	0.11258	supercritical
600.69	572.00	148.59	0.0067297	1302.2	1687.1	5.0880	2.8153	3.6057	820.24	-0.0091966	2.6349e-05	0.11274	supercritical
601.69	572.00	148.36	0.0067404	1305.2	1690.7	5.0940	2.8187	3.6083	820.43	-0.0092401	2.6354e-05	0.11290	supercritical
602.69	572.00	148.13	0.0067510	1308.2	1694.3	5.1000	2.8222	3.6109	820.61	-0.0092835	2.6360e-05	0.11305	supercritical
603.69	572.00	147.89	0.0067617	1311.2	1698.0	5.1060	2.8256	3.6135	820.80	-0.0093270	2.6366e-05	0.11321	supercritical
604.69	572.00	147.66	0.0067723	1314.2	1701.6	5.1120	2.8291	3.6161	820.99	-0.0093704	2.6372e-05	0.11337	supercritical
605.69	572.00	147.43	0.0067830	1317.2	1705.2	5.1180	2.8325	3.6186	821.18	-0.0094138	2.6378e-05	0.11353	supercritical
606.69	572.00	147.20	0.0067936	1320.2	1708.8	5.1239	2.8360	3.6212	821.37	-0.0094571	2.6384e-05	0.11369	supercritical
607.69	572.00	146.97	0.0068042	1323.2	1712.4	5.1299	2.8394	3.6238	821.56	-0.0095004	2.6390e-05	0.11384	supercritical
608.69	572.00	146.74	0.0068148	1326.2	1716.1	5.1359	2.8429	3.6264	821.75	-0.0095437	2.6396e-05	0.11400	supercritical
609.69	572.00	146.51	0.0068255	1329.3	1719.7	5.1418	2.8463	3.6290	821.94	-0.0095869	2.6402e-05	0.11416	supercritical
610.69	572.00	146.28	0.0068361	1332.3	1723.3	5.1478	2.8497	3.6316	822.14	-0.0096301	2.6408e-05	0.11432	supercritical
611.69	572.00	146.06	0.0068467	1335.3	1726.9	5.1537	2.8532	3.6342	822.33	-0.0096732	2.6415e-05	0.11448	supercritical
612.69	572.00	145.83	0.0068573	1338.3	1730.6	5.1597	2.8566	3.6369	822.53	-0.0097163	2.6421e-05	0.11464	supercritical
613.69	572.00	145.60	0.0068679	1341.4	1734.2	5.1656	2.8600	3.6395	822.73	-0.0097594	2.6428e-05	0.11481	supercritical
614.69	572.00	145.38	0.0068786	1344.4	1737.9	5.1715	2.8635	3.6421	822.93	-0.0098024	2.6434e-05	0.11497	supercritical
615.69	572.00	145.16	0.0068892	1347.4	1741.5	5.1774	2.8669	3.6447	823.13	-0.0098454	2.6441e-05	0.11513	supercritical
616.69	572.00	144.93	0.0068998	1350.5	1745.1	5.1834	2.8704	3.6473	823.33	-0.0098883	2.6448e-05	0.11529	supercritical
617.69	572.00	144.71	0.0069104	1353.5	1748.8	5.1893	2.8738	3.6499	823.53	-0.0099312	2.6454e-05	0.11545	supercritical
618.69	572.00	144.49	0.0069210	1356.6	1752.4	5.1952	2.8772	3.6526	823.73	-0.0099740	2.6461e-05	0.11562	supercritical
619.69	572.00	144.27	0.0069316	1359.6	1756.1	5.2011	2.8806	3.6552	823.93	-0.010017	2.6468e-05	0.11578	supercritical
620.69	572.00	144.05	0.0069422	1362.7	1759.8	5.2070	2.8841	3.6578	824.14	-0.010059	2.6475e-05	0.11594	supercritical
621.69	572.00	143.83	0.0069527	1365.7	1763.4	5.2129	2.8875	3.6605	824.34	-0.010102	2.6482e-05	0.11611	supercritical
622.69	572.00	143.61	0.0069633	1368.8	1767.1	5.2187	2.8909	3.6631	824.55	-0.010145	2.6489e-05	0.11627	supercritical
623.69	572.00	143.39	0.0069739	1371.8	1770.7	5.2246	2.8944	3.6657	824.76	-0.010187	2.6496e-05	0.11643	supercritical
624.69	572.00	143.17	0.0069845	1374.9	1774.4	5.2305	2.8978	3.6684	824.96	-0.010230	2.6504e-05	0.11660	supercritical