Temperature (K)	Pressure (bar)	Density (kg/m3)	Volume (m3/kg)	Internal Energy (kJ/kg)	Enthalpy (kJ/kg)	Entropy (J/g*K)	Cv (J/g*K)	Cp (J/g*K)	Sound Spd. (m/s)	Joule-Thomson (K/bar)	Viscosity (Pa*s)	Therm. Cond. (W/m*K)	Phase
90.694	908.00	493.62	0.0020259	-103.56	80.389	-1.1418	2.3253	3.1918	1975.3	-0.052917	0.00053623	0.27718	liquid
112.69	908.00	474.19	0.0021089	-41.354	150.13	-0.45320	2.2298	3.1542	1867.5	-0.053116	0.00023377	0.25895	liquid
113.69	908.00	473.33	0.0021127	-38.550	153.28	-0.42534	2.2260	3.1529	1862.6	-0.053109	0.00022765	0.25800	liquid
114.69	908.00	472.46	0.0021166	-35.748	156.44	-0.39773	2.2223	3.1517	1857.6	-0.053101	0.00022187	0.25705	liquid
115.69	908.00	471.60	0.0021204	-32.948	159.59	-0.37038	2.2186	3.1504	1852.7	-0.053093	0.00021638	0.25610	liquid
116.69	908.00	470.74	0.0021243	-30.150	162.74	-0.34327	2.2149	3.1491	1847.8	-0.053084	0.00021117	0.25514	liquid
117.69	908.00	469.88	0.0021282	-27.354	165.89	-0.31640	2.2112	3.1478	1842.9	-0.053075	0.00020622	0.25417	liquid
118.69	908.00	469.03	0.0021321	-24.560	169.03	-0.28978	2.2075	3.1466	1838.0	-0.053065	0.00020151	0.25321	liquid
119.69	908.00	468.17	0.0021360	-21.768	172.18	-0.26338	2.2039	3.1453	1833.1	-0.053055	0.00019703	0.25224	liquid
120.69	908.00	467.31	0.0021399	-18.979	175.32	-0.23722	2.2002	3.1440	1828.2	-0.053044	0.00019276	0.25126	liquid
121.69	908.00	466.46	0.0021438	-16.191	178.47	-0.21128	2.1966	3.1426	1823.3	-0.053033	0.00018870	0.25029	liquid
122.69	908.00	465.61	0.0021477	-13.406	181.61	-0.18557	2.1930	3.1413	1818.4	-0.053021	0.00018481	0.24931	liquid
123.69	908.00	464.76	0.0021517	-10.622	184.75	-0.16008	2.1894	3.1400	1813.6	-0.053009	0.00018111	0.24833	liquid
124.69	908.00	463.91	0.0021556	-7.8408	187.89	-0.13480	2.1859	3.1387	1808.7	-0.052996	0.00017756	0.24735	liquid
125.69	908.00	463.06	0.0021596	-5.0616	191.03	-0.10973	2.1823	3.1373	1803.9	-0.052983	0.00017417	0.24637	liquid
126.69	908.00	462.21	0.0021635	-2.2846	194.16	-0.084878	2.1788	3.1360	1799.1	-0.052969	0.00017093	0.24538	liquid
127.69	908.00	461.36	0.0021675	0.49017	197.30	-0.060228	2.1753	3.1346	1794.3	-0.052955	0.00016782	0.24440	liquid
128.69	908.00	460.52	0.0021715	3.2628	200.43	-0.035781	2.1718	3.1333	1789.5	-0.052940	0.00016483	0.24341	liquid
129.69	908.00	459.67	0.0021755	6.0332	203.57	-0.011534	2.1683	3.1319	1784.7	-0.052925	0.00016197	0.24243	liquid
130.69	908.00	458.83	0.0021795	8.8014	206.70	0.012516	2.1648	3.1305	1779.9	-0.052910	0.00015922	0.24144	liquid
131.69	908.00	457.99	0.0021835	11.567	209.83	0.036373	2.1614	3.1291	1775.2	-0.052894	0.00015658	0.24046	liquid
132.69	908.00	457.15	0.0021875	14.331	212.95	0.060039	2.1579	3.1277	1770.5	-0.052877	0.00015403	0.23947	liquid
133.69	908.00	456.31	0.0021915	17.093	216.08	0.083516	2.1545	3.1264	1765.7	-0.052860	0.00015158	0.23849	liquid
134.69	908.00	455.47	0.0021955	19.852	219.21	0.10681	2.1511	3.1250	1761.0	-0.052843	0.00014923	0.23751	liquid
135.69	908.00	454.63	0.0021996	22.609	222.33	0.12992	2.1478	3.1236	1756.3	-0.052825	0.00014695	0.23652	liquid
136.69	908.00	453.79	0.0022036	25.363	225.45	0.15285	2.1444	3.1222	1751.6	-0.052806	0.00014476	0.23554	liquid
137.69	908.00	452.96	0.0022077	28.116	228.58	0.17560	2.1411	3.1208	1747.0	-0.052787	0.00014264	0.23456	liquid
138.69	908.00	452.12	0.0022118	30.866	231.70	0.19818	2.1378	3.1193	1742.3	-0.052768	0.00014060	0.23359	liquid
139.69	908.00	451.29	0.0022159	33.614	234.81	0.22058	2.1345	3.1179	1737.7	-0.052747	0.00013862	0.23261	liquid
140.69	908.00	450.46	0.0022200	36.359	237.93	0.24282	2.1312	3.1165	1733.1	-0.052727	0.00013671	0.23164	liquid
141.69	908.00	449.63	0.0022241	39.102	241.05	0.26488	2.1280	3.1151	1728.5	-0.052706	0.00013486	0.23067	liquid
142.69	908.00	448.80	0.0022282	41.843	244.16	0.28679	2.1248	3.1137	1723.9	-0.052684	0.00013307	0.22970	liquid
143.69	908.00	447.97	0.0022323	44.582	247.27	0.30853	2.1216	3.1123	1719.3	-0.052661	0.00013133	0.22873	liquid
144.69	908.00	447.14	0.0022364	47.318	250.39	0.33011	2.1184	3.1109	1714.8	-0.052639	0.00012965	0.22776	liquid
145.69	908.00	446.31	0.0022406	50.052	253.50	0.35153	2.1152	3.1094	1710.2	-0.052615	0.00012802	0.22680	liquid
146.69	908.00	445.49	0.0022447	52.783	256.61	0.37279	2.1121	3.1080	1705.7	-0.052591	0.00012643	0.22584	liquid
147.69	908.00	444.66	0.0022489	55.512	259.71	0.39390	2.1090	3.1066	1701.2	-0.052566	0.00012490	0.22488	liquid
148.69	908.00	443.84	0.0022531	58.239	262.82	0.41486	2.1059	3.1052	1696.7	-0.052541	0.00012340	0.22393	liquid
149.69	908.00	443.01	0.0022573	60.964	265.92	0.43567	2.1028	3.1038	1692.2	-0.052515	0.00012195	0.22298	liquid
150.69	908.00	442.19	0.0022615	63.686	269.03	0.45633	2.0998	3.1024	1687.8	-0.052489	0.00012053	0.22203	liquid
151.69	908.00	441.37	0.0022657	66.406	272.13	0.47684	2.0968	3.1010	1683.4	-0.052462	0.00011916	0.22109	liquid
152.69	908.00	440.55	0.0022699	69.123	275.23	0.49722	2.0938	3.0996	1678.9	-0.052434	0.00011782	0.22015	liquid
153.69	908.00	439.73	0.0022741	71.838	278.33	0.51744	2.0909	3.0982	1674.5	-0.052405	0.00011651	0.21921	liquid
154.69	908.00	438.92	0.0022783	74.551	281.42	0.53753	2.0879	3.0968	1670.1	-0.052377	0.00011524	0.21828	liquid
155.69	908.00	438.10	0.0022826	77.261	284.52	0.55748	2.0850	3.0954	1665.8	-0.052347	0.00011400	0.21734	liquid
156.69	908.00	437.28	0.0022869	79.969	287.62	0.57730	2.0821	3.0941	1661.4	-0.052317	0.00011280	0.21642	liquid
157.69	908.00	436.47	0.0022911	82.675	290.71	0.59697	2.0793	3.0927	1657.1	-0.052286	0.00011162	0.21549	liquid
158.69	908.00	435.65	0.0022954	85.378	293.80	0.61652	2.0764	3.0913	1652.8	-0.052254	0.00011047	0.21458	liquid
159.69	908.00	434.84	0.0022997	88.079	296.89	0.63593	2.0736	3.0899	1648.5	-0.052222	0.00010934	0.21366	liquid
160.69	908.00	434.03	0.0023040	90.778	299.98	0.65522	2.0708	3.0886	1644.2	-0.052189	0.00010824	0.21275	liquid
161.69	908.00	433.22	0.0023083	93.474	303.07	0.67438	2.0681	3.0872	1639.9	-0.052156	0.00010717	0.21184	liquid
162.69	908.00	432.41	0.0023126	96.168	306.16	0.69341	2.0654	3.0859	1635.7	-0.052121	0.00010612	0.21094	liquid
163.69	908.00	431.60	0.0023170	98.860	309.24	0.71231	2.0627	3.0846	1631.4	-0.052087	0.00010510	0.21004	liquid
164.69	908.00	430.79	0.0023213	101.55	312.32	0.73109	2.0600	3.0832	1627.2	-0.052051	0.00010409	0.20914	liquid
165.69	908.00	429.98	0.0023257	104.24	315.41	0.74975	2.0573	3.0819	1623.0	-0.052015	0.00010311	0.20825	liquid
166.69	908.00	429.18	0.0023300	106.92	318.49	0.76829	2.0547	3.0806	1618.8	-0.051978	0.00010215	0.20737	liquid
167.69	908.00	428.37	0.0023344	109.60	321.57	0.78672	2.0521	3.0793	1614.7	-0.051940	0.00010121	0.20649	liquid
168.69	908.00	427.57	0.0023388	112.28	324.65	0.80502	2.0496	3.0780	1610.5	-0.051902	0.00010029	0.20561	liquid
169.69	908.00	426.77	0.0023432	114.96	327.72	0.82321	2.0470	3.0767	1606.4	-0.051863	9.9384e-05	0.20474	liquid
170.69	908.00	425.97	0.0023476	117.64	330.80	0.84128	2.0445	3.0754	1602.3	-0.051823	9.8499e-05	0.20387	liquid
171.69	908.00	425.17	0.0023520	120.31	333.87	0.85924	2.0420	3.0742	1598.2	-0.051783	9.7631e-05	0.20300	liquid
172.69	908.00	424.37	0.0023565	122.98	336.95	0.87709	2.0396	3.0729	1594.1	-0.051742	9.6780e-05	0.20214	liquid
173.69	908.00	423.57	0.0023609	125.65	340.02	0.89483	2.0372	3.0717	1590.1	-0.051700	9.5945e-05	0.20129	liquid
174.69	908.00	422.77	0.0023654	128.32	343.09	0.91246	2.0348	3.0704	1586.0	-0.051658	9.5126e-05	0.20044	liquid
175.69	908.00	421.97	0.0023698	130.98	346.16	0.92998	2.0324	3.0692	1582.0	-0.051615	9.4323e-05	0.19959	liquid
176.69	908.00	421.18	0.0023743	133.64	349.23	0.94740	2.0301	3.0680	1578.0	-0.051571	9.3534e-05	0.19875	liquid
177.69	908.00	420.38	0.0023788	136.30	352.30	0.96471	2.0277	3.0668	1574.0	-0.051526	9.2759e-05	0.19791	liquid
178.69	908.00	419.59	0.0023833	138.96	355.36	0.98192	2.0255	3.0656	1570.0	-0.051481	9.1998e-05	0.19708	liquid
179.69	908.00	418.80	0.0023878	141.62	358.43	0.99902	2.0232	3.0644	1566.1	-0.051435	9.1251e-05	0.19626	liquid
180.69	908.00	418.00	0.0023923	144.27	361.49	1.0160	2.0210	3.0632	1562.1	-0.051388	9.0517e-05	0.19543	liquid
181.69	908.00	417.21	0.0023969	146.92	364.56	1.0329	2.0188	3.0620	1558.2	-0.051341	8.9796e-05	0.19462	liquid
182.69	908.00	416.42	0.0024014	149.57	367.62	1.0497	2.0166	3.0609	1554.3	-0.051293	8.9087e-05	0.19380	liquid
183.69	908.00	415.63	0.0024060	152.22	370.68	1.0664	2.0145	3.0597	1550.4	-0.051244	8.8390e-05	0.19300	liquid
184.69	908.00	414.85	0.0024105	154.86	373.74	1.0830	2.0124	3.0586	1546.6	-0.051195	8.7704e-05	0.19219	liquid
185.69	908.00	414.06	0.0024151	157.50	376.79	1.0996	2.0103	3.0575	1542.7	-0.051145	8.7030e-05	0.19139	liquid
186.69	908.00	413.27	0.0024197	160.14	379.85	1.1160	2.0083	3.0564	1538.9	-0.051094	8.6367e-05	0.19060	liquid
187.69	908.00	412.49	0.0024243	162.78	382.91	1.1323	2.0062	3.0553	1535.1	-0.051042	8.5715e-05	0.18981	liquid
188.69	908.00	411.71	0.0024289	165.42	385.96	1.1485	2.0043	3.0542	1531.3	-0.050990	8.5073e-05	0.18903	liquid
189.69	908.00	410.92	0.0024335	168.05	389.02	1.1647	2.0023	3.0532	1527.5	-0.050937	8.4442e-05	0.18825	liquid
190.69	908.00	410.14	0.0024382	170.68	392.07	1.1807	2.0004	3.0521	1523.7	-0.050883	8.3820e-05	0.18748	supercritical
191.69	908.00	409.36	0.0024428	173.31	395.12	1.1967	1.9985	3.0511	1520.0	-0.050829	8.3208e-05	0.18671	supercritical
192.69	908.00	408.58	0.0024475	175.94	398.17	1.2126	1.9966	3.0500	1516.3	-0.050774	8.2606e-05	0.18595	supercritical
193.69	908.00	407.81	0.0024522	178.56	401.22	1.2283	1.9948	3.0490	1512.5	-0.050718	8.2013e-05	0.18519	supercritical
194.69	908.00	407.03	0.0024568	181.19	404.27	1.2440	1.9929	3.0480	1508.8	-0.050662	8.1428e-05	0.18443	supercritical
195.69	908.00	406.25	0.0024615	183.81	407.32	1.2597	1.9912	3.0470	1505.2	-0.050604	8.0853e-05	0.18368	supercritical
196.69	908.00	405.48	0.0024662	186.43	410.36	1.2752	1.9894	3.0461	1501.5	-0.050547	8.0286e-05	0.18294	supercritical
197.69	908.00	404.70	0.0024709	189.05	413.41	1.2906	1.9877	3.0451	1497.9	-0.050488	7.9727e-05	0.18220	supercritical
198.69	908.00	403.93	0.0024757	191.66	416.45	1.3060	1.9860	3.0442	1494.2	-0.050429	7.9177e-05	0.18146	supercritical
199.69	908.00	403.16	0.0024804	194.27	419.50	1.3213	1.9844	3.0432	1490.6	-0.050369	7.8634e-05	0.18073	supercritical
200.69	908.00	402.39	0.0024852	196.89	422.54	1.3365	1.9827	3.0423	1487.0	-0.050308	7.8099e-05	0.18001	supercritical
201.69	908.00	401.62	0.0024899	199.50	425.58	1.3516	1.9811	3.0414	1483.5	-0.050247	7.7572e-05	0.17929	supercritical
202.69	908.00	400.85	0.0024947	202.10	428.62	1.3666	1.9796	3.0405	1479.9	-0.050185	7.7053e-05	0.17858	supercritical
203.69	908.00	400.08	0.0024995	204.71	431.66	1.3816	1.9780	3.0396	1476.4	-0.050123	7.6540e-05	0.17787	supercritical
204.69	908.00	399.32	0.0025043	207.31	434.70	1.3965	1.9765	3.0388	1472.8	-0.050059	7.6035e-05	0.17716	supercritical
205.69	908.00	398.55	0.0025091	209.91	437.74	1.4113	1.9751	3.0379	1469.3	-0.049995	7.5537e-05	0.17646	supercritical
206.69	908.00	397.79	0.0025139	212.51	440.78	1.4260	1.9736	3.0371	1465.8	-0.049931	7.5046e-05	0.17577	supercritical
207.69	908.00	397.02	0.0025187	215.11	443.81	1.4407	1.9722	3.0363	1462.4	-0.049866	7.4561e-05	0.17508	supercritical
208.69	908.00	396.26	0.0025236	217.71	446.85	1.4552	1.9708	3.0355	1458.9	-0.049800	7.4083e-05	0.17439	supercritical
209.69	908.00	395.50	0.0025284	220.30	449.88	1.4698	1.9695	3.0347	1455.5	-0.049733	7.3611e-05	0.17371	supercritical
210.69	908.00	394.74	0.0025333	222.89	452.92	1.4842	1.9682	3.0339	1452.0	-0.049666	7.3146e-05	0.17304	supercritical
211.69	908.00	393.98	0.0025382	225.49	455.95	1.4986	1.9669	3.0332	1448.6	-0.049598	7.2687e-05	0.17237	supercritical
212.69	908.00	393.22	0.0025431	228.07	458.99	1.5128	1.9656	3.0325	1445.2	-0.049530	7.2234e-05	0.17170	supercritical
213.69	908.00	392.47	0.0025480	230.66	462.02	1.5271	1.9644	3.0317	1441.9	-0.049461	7.1786e-05	0.17104	supercritical
214.69	908.00	391.71	0.0025529	233.25	465.05	1.5412	1.9632	3.0310	1438.5	-0.049391	7.1345e-05	0.17038	supercritical
215.69	908.00	390.96	0.0025578	235.83	468.08	1.5553	1.9620	3.0303	1435.2	-0.049320	7.0909e-05	0.16973	supercritical
216.69	908.00	390.21	0.0025627	238.41	471.11	1.5693	1.9609	3.0297	1431.8	-0.049249	7.0479e-05	0.16909	supercritical
217.69	908.00	389.45	0.0025677	240.99	474.14	1.5833	1.9598	3.0290	1428.5	-0.049178	7.0055e-05	0.16845	supercritical
218.69	908.00	388.70	0.0025727	243.57	477.17	1.5971	1.9587	3.0284	1425.2	-0.049106	6.9635e-05	0.16781	supercritical
219.69	908.00	387.95	0.0025776	246.15	480.20	1.6110	1.9577	3.0277	1422.0	-0.049033	6.9221e-05	0.16718	supercritical
220.69	908.00	387.21	0.0025826	248.72	483.22	1.6247	1.9567	3.0271	1418.7	-0.048960	6.8813e-05	0.16655	supercritical
221.69	908.00	386.46	0.0025876	251.30	486.25	1.6384	1.9557	3.0265	1415.5	-0.048886	6.8409e-05	0.16593	supercritical
222.69	908.00	385.71	0.0025926	253.87	489.28	1.6520	1.9547	3.0260	1412.2	-0.048811	6.8011e-05	0.16531	supercritical
223.69	908.00	384.97	0.0025976	256.44	492.30	1.6656	1.9538	3.0254	1409.0	-0.048736	6.7617e-05	0.16470	supercritical
224.69	908.00	384.23	0.0026026	259.01	495.33	1.6791	1.9529	3.0248	1405.8	-0.048660	6.7228e-05	0.16409	supercritical
225.69	908.00	383.48	0.0026077	261.57	498.35	1.6925	1.9521	3.0243	1402.7	-0.048584	6.6844e-05	0.16349	supercritical
226.69	908.00	382.74	0.0026127	264.14	501.38	1.7059	1.9512	3.0238	1399.5	-0.048507	6.6464e-05	0.16289	supercritical
227.69	908.00	382.00	0.0026178	266.70	504.40	1.7192	1.9505	3.0233	1396.4	-0.048430	6.6090e-05	0.16230	supercritical
228.69	908.00	381.26	0.0026229	269.27	507.42	1.7324	1.9497	3.0228	1393.2	-0.048352	6.5719e-05	0.16171	supercritical
229.69	908.00	380.53	0.0026279	271.83	510.44	1.7456	1.9490	3.0224	1390.1	-0.048274	6.5353e-05	0.16112	supercritical
230.69	908.00	379.79	0.0026330	274.39	513.47	1.7587	1.9483	3.0219	1387.0	-0.048195	6.4992e-05	0.16055	supercritical
231.69	908.00	379.05	0.0026381	276.94	516.49	1.7718	1.9476	3.0215	1383.9	-0.048115	6.4635e-05	0.15997	supercritical
232.69	908.00	378.32	0.0026433	279.50	519.51	1.7848	1.9469	3.0211	1380.9	-0.048035	6.4282e-05	0.15940	supercritical
233.69	908.00	377.59	0.0026484	282.06	522.53	1.7978	1.9463	3.0207	1377.8	-0.047955	6.3933e-05	0.15884	supercritical
234.69	908.00	376.86	0.0026535	284.61	525.55	1.8107	1.9458	3.0203	1374.8	-0.047874	6.3588e-05	0.15827	supercritical
235.69	908.00	376.13	0.0026587	287.16	528.57	1.8235	1.9452	3.0199	1371.8	-0.047792	6.3247e-05	0.15772	supercritical
236.69	908.00	375.40	0.0026638	289.71	531.59	1.8363	1.9447	3.0196	1368.8	-0.047710	6.2910e-05	0.15717	supercritical
237.69	908.00	374.67	0.0026690	292.26	534.61	1.8490	1.9442	3.0192	1365.8	-0.047628	6.2578e-05	0.15662	supercritical
238.69	908.00	373.94	0.0026742	294.81	537.63	1.8617	1.9438	3.0189	1362.8	-0.047545	6.2249e-05	0.15608	supercritical
239.69	908.00	373.22	0.0026794	297.36	540.65	1.8743	1.9433	3.0186	1359.9	-0.047461	6.1923e-05	0.15554	supercritical
240.69	908.00	372.49	0.0026846	299.90	543.67	1.8869	1.9429	3.0183	1356.9	-0.047377	6.1602e-05	0.15501	supercritical
241.69	908.00	371.77	0.0026898	302.45	546.68	1.8994	1.9426	3.0181	1354.0	-0.047293	6.1284e-05	0.15448	supercritical
242.69	908.00	371.05	0.0026951	304.99	549.70	1.9119	1.9422	3.0178	1351.1	-0.047208	6.0969e-05	0.15395	supercritical
243.69	908.00	370.33	0.0027003	307.53	552.72	1.9243	1.9419	3.0176	1348.2	-0.047123	6.0659e-05	0.15343	supercritical
244.69	908.00	369.61	0.0027055	310.07	555.74	1.9366	1.9417	3.0174	1345.3	-0.047037	6.0351e-05	0.15292	supercritical
245.69	908.00	368.89	0.0027108	312.61	558.76	1.9489	1.9414	3.0172	1342.5	-0.046951	6.0048e-05	0.15241	supercritical
246.69	908.00	368.18	0.0027161	315.15	561.77	1.9612	1.9412	3.0170	1339.6	-0.046865	5.9747e-05	0.15190	supercritical
247.69	908.00	367.46	0.0027214	317.69	564.79	1.9734	1.9410	3.0168	1336.8	-0.046778	5.9450e-05	0.15140	supercritical
248.69	908.00	366.75	0.0027267	320.23	567.81	1.9856	1.9409	3.0167	1334.0	-0.046691	5.9156e-05	0.15090	supercritical
249.69	908.00	366.04	0.0027320	322.76	570.82	1.9977	1.9407	3.0166	1331.2	-0.046603	5.8866e-05	0.15041	supercritical
250.69	908.00	365.33	0.0027373	325.29	573.84	2.0097	1.9407	3.0165	1328.4	-0.046515	5.8579e-05	0.14992	supercritical
251.69	908.00	364.62	0.0027426	327.83	576.86	2.0217	1.9406	3.0164	1325.6	-0.046427	5.8294e-05	0.14943	supercritical
252.69	908.00	363.91	0.0027479	330.36	579.87	2.0337	1.9406	3.0163	1322.9	-0.046338	5.8013e-05	0.14895	supercritical
253.69	908.00	363.20	0.0027533	332.89	582.89	2.0456	1.9406	3.0162	1320.1	-0.046249	5.7735e-05	0.14848	supercritical
254.69	908.00	362.50	0.0027587	335.42	585.90	2.0575	1.9406	3.0162	1317.4	-0.046160	5.7460e-05	0.14800	supercritical
255.69	908.00	361.79	0.0027640	337.95	588.92	2.0693	1.9406	3.0161	1314.7	-0.046070	5.7188e-05	0.14754	supercritical
256.69	908.00	361.09	0.0027694	340.47	591.94	2.0811	1.9407	3.0161	1312.0	-0.045980	5.6919e-05	0.14707	supercritical
257.69	908.00	360.39	0.0027748	343.00	594.95	2.0928	1.9408	3.0161	1309.3	-0.045889	5.6653e-05	0.14661	supercritical
258.69	908.00	359.69	0.0027802	345.53	597.97	2.1045	1.9410	3.0161	1306.6	-0.045799	5.6390e-05	0.14616	supercritical
259.69	908.00	358.99	0.0027856	348.05	600.98	2.1161	1.9411	3.0162	1304.0	-0.045708	5.6129e-05	0.14571	supercritical
260.69	908.00	358.29	0.0027910	350.58	604.00	2.1277	1.9413	3.0162	1301.4	-0.045616	5.5872e-05	0.14526	supercritical
261.69	908.00	357.59	0.0027965	353.10	607.02	2.1392	1.9416	3.0163	1298.7	-0.045525	5.5617e-05	0.14482	supercritical
262.69	908.00	356.90	0.0028019	355.62	610.03	2.1507	1.9418	3.0164	1296.1	-0.045433	5.5365e-05	0.14438	supercritical
263.69	908.00	356.21	0.0028074	358.14	613.05	2.1622	1.9421	3.0165	1293.6	-0.045341	5.5115e-05	0.14395	supercritical
264.69	908.00	355.51	0.0028128	360.66	616.07	2.1736	1.9424	3.0166	1291.0	-0.045249	5.4868e-05	0.14352	supercritical
265.69	908.00	354.82	0.0028183	363.18	619.08	2.1850	1.9428	3.0168	1288.4	-0.045156	5.4624e-05	0.14309	supercritical
266.69	908.00	354.13	0.0028238	365.70	622.10	2.1963	1.9431	3.0169	1285.9	-0.045063	5.4382e-05	0.14267	supercritical
267.69	908.00	353.45	0.0028293	368.22	625.12	2.2076	1.9435	3.0171	1283.4	-0.044970	5.4143e-05	0.14225	supercritical
268.69	908.00	352.76	0.0028348	370.74	628.13	2.2189	1.9440	3.0173	1280.8	-0.044877	5.3906e-05	0.14184	supercritical
269.69	908.00	352.07	0.0028403	373.25	631.15	2.2301	1.9444	3.0175	1278.3	-0.044784	5.3672e-05	0.14142	supercritical
270.69	908.00	351.39	0.0028458	375.77	634.17	2.2412	1.9449	3.0177	1275.8	-0.044690	5.3440e-05	0.14102	supercritical
271.69	908.00	350.71	0.0028514	378.28	637.19	2.2524	1.9454	3.0179	1273.4	-0.044596	5.3211e-05	0.14062	supercritical
272.69	908.00	350.03	0.0028569	380.80	640.21	2.2635	1.9460	3.0182	1270.9	-0.044502	5.2984e-05	0.14022	supercritical
273.69	908.00	349.35	0.0028625	383.31	643.22	2.2745	1.9465	3.0184	1268.5	-0.044408	5.2759e-05	0.13982	supercritical
274.69	908.00	348.67	0.0028680	385.82	646.24	2.2855	1.9471	3.0187	1266.1	-0.044313	5.2537e-05	0.13943	supercritical
275.69	908.00	347.99	0.0028736	388.34	649.26	2.2965	1.9477	3.0190	1263.6	-0.044219	5.2317e-05	0.13905	supercritical
276.69	908.00	347.32	0.0028792	390.85	652.28	2.3074	1.9484	3.0193	1261.2	-0.044124	5.2099e-05	0.13866	supercritical
277.69	908.00	346.65	0.0028848	393.36	655.30	2.3183	1.9491	3.0197	1258.9	-0.044029	5.1883e-05	0.13828	supercritical
278.69	908.00	345.97	0.0028904	395.87	658.32	2.3292	1.9498	3.0200	1256.5	-0.043935	5.1670e-05	0.13791	supercritical
279.69	908.00	345.30	0.0028960	398.38	661.34	2.3400	1.9505	3.0204	1254.1	-0.043840	5.1459e-05	0.13754	supercritical
280.69	908.00	344.63	0.0029016	400.89	664.36	2.3508	1.9512	3.0207	1251.8	-0.043744	5.1250e-05	0.13717	supercritical
281.69	908.00	343.96	0.0029073	403.40	667.38	2.3615	1.9520	3.0211	1249.5	-0.043649	5.1043e-05	0.13681	supercritical
282.69	908.00	343.30	0.0029129	405.91	670.40	2.3722	1.9528	3.0215	1247.1	-0.043554	5.0838e-05	0.13645	supercritical
283.69	908.00	342.63	0.0029186	408.42	673.42	2.3829	1.9537	3.0220	1244.8	-0.043458	5.0635e-05	0.13609	supercritical
284.69	908.00	341.97	0.0029242	410.93	676.45	2.3935	1.9545	3.0224	1242.6	-0.043363	5.0434e-05	0.13574	supercritical
285.69	908.00	341.31	0.0029299	413.43	679.47	2.4041	1.9554	3.0229	1240.3	-0.043267	5.0236e-05	0.13539	supercritical
286.69	908.00	340.65	0.0029356	415.94	682.49	2.4147	1.9563	3.0233	1238.0	-0.043172	5.0039e-05	0.13504	supercritical
287.69	908.00	339.99	0.0029413	418.45	685.52	2.4252	1.9572	3.0238	1235.8	-0.043076	4.9844e-05	0.13470	supercritical
288.69	908.00	339.33	0.0029470	420.95	688.54	2.4357	1.9582	3.0243	1233.6	-0.042980	4.9651e-05	0.13436	supercritical
289.69	908.00	338.67	0.0029527	423.46	691.56	2.4462	1.9592	3.0248	1231.3	-0.042885	4.9461e-05	0.13403	supercritical
290.69	908.00	338.02	0.0029584	425.97	694.59	2.4566	1.9602	3.0254	1229.1	-0.042789	4.9272e-05	0.13370	supercritical
291.69	908.00	337.37	0.0029641	428.47	697.62	2.4670	1.9612	3.0259	1227.0	-0.042693	4.9085e-05	0.13337	supercritical
292.69	908.00	336.71	0.0029699	430.98	700.64	2.4773	1.9623	3.0265	1224.8	-0.042597	4.8899e-05	0.13304	supercritical
293.69	908.00	336.06	0.0029756	433.48	703.67	2.4877	1.9634	3.0271	1222.6	-0.042502	4.8716e-05	0.13272	supercritical
294.69	908.00	335.42	0.0029814	435.99	706.70	2.4979	1.9645	3.0277	1220.5	-0.042406	4.8535e-05	0.13241	supercritical
295.69	908.00	334.77	0.0029871	438.49	709.72	2.5082	1.9656	3.0283	1218.3	-0.042310	4.8355e-05	0.13209	supercritical
296.69	908.00	334.12	0.0029929	441.00	712.75	2.5184	1.9668	3.0289	1216.2	-0.042214	4.8177e-05	0.13178	supercritical
297.69	908.00	333.48	0.0029987	443.50	715.78	2.5286	1.9680	3.0295	1214.1	-0.042119	4.8001e-05	0.13148	supercritical
298.69	908.00	332.84	0.0030045	446.00	718.81	2.5388	1.9692	3.0302	1212.0	-0.042023	4.7826e-05	0.13117	supercritical
299.69	908.00	332.19	0.0030103	448.51	721.84	2.5489	1.9704	3.0309	1209.9	-0.041928	4.7653e-05	0.13087	supercritical
300.69	908.00	331.55	0.0030161	451.01	724.87	2.5590	1.9717	3.0315	1207.9	-0.041832	4.7482e-05	0.13058	supercritical
301.69	908.00	330.92	0.0030219	453.51	727.90	2.5691	1.9729	3.0322	1205.8	-0.041737	4.7313e-05	0.13028	supercritical
302.69	908.00	330.28	0.0030277	456.02	730.94	2.5791	1.9742	3.0329	1203.8	-0.041641	4.7145e-05	0.12999	supercritical
303.69	908.00	329.64	0.0030336	458.52	733.97	2.5891	1.9756	3.0337	1201.8	-0.041546	4.6979e-05	0.12971	supercritical
304.69	908.00	329.01	0.0030394	461.03	737.00	2.5991	1.9769	3.0344	1199.7	-0.041451	4.6815e-05	0.12942	supercritical
305.69	908.00	328.38	0.0030453	463.53	740.04	2.6090	1.9783	3.0352	1197.7	-0.041356	4.6652e-05	0.12914	supercritical
306.69	908.00	327.75	0.0030511	466.03	743.07	2.6189	1.9797	3.0359	1195.8	-0.041261	4.6491e-05	0.12886	supercritical
307.69	908.00	327.12	0.0030570	468.54	746.11	2.6288	1.9811	3.0367	1193.8	-0.041166	4.6331e-05	0.12859	supercritical
308.69	908.00	326.49	0.0030629	471.04	749.15	2.6387	1.9825	3.0375	1191.8	-0.041071	4.6173e-05	0.12832	supercritical
309.69	908.00	325.86	0.0030688	473.54	752.19	2.6485	1.9840	3.0383	1189.9	-0.040976	4.6016e-05	0.12805	supercritical
310.69	908.00	325.24	0.0030747	476.05	755.23	2.6583	1.9855	3.0392	1187.9	-0.040882	4.5861e-05	0.12779	supercritical
311.69	908.00	324.62	0.0030806	478.55	758.26	2.6681	1.9870	3.0400	1186.0	-0.040788	4.5707e-05	0.12753	supercritical
312.69	908.00	324.00	0.0030865	481.05	761.31	2.6778	1.9885	3.0409	1184.1	-0.040693	4.5555e-05	0.12727	supercritical
313.69	908.00	323.38	0.0030924	483.56	764.35	2.6875	1.9900	3.0417	1182.2	-0.040599	4.5405e-05	0.12701	supercritical
314.69	908.00	322.76	0.0030983	486.06	767.39	2.6972	1.9916	3.0426	1180.3	-0.040505	4.5255e-05	0.12676	supercritical
315.69	908.00	322.14	0.0031042	488.57	770.43	2.7069	1.9932	3.0435	1178.5	-0.040412	4.5108e-05	0.12651	supercritical
316.69	908.00	321.52	0.0031102	491.07	773.48	2.7165	1.9948	3.0444	1176.6	-0.040318	4.4961e-05	0.12627	supercritical
317.69	908.00	320.91	0.0031161	493.58	776.52	2.7261	1.9964	3.0453	1174.7	-0.040225	4.4816e-05	0.12602	supercritical
318.69	908.00	320.30	0.0031221	496.08	779.57	2.7357	1.9981	3.0463	1172.9	-0.040132	4.4673e-05	0.12579	supercritical
319.69	908.00	319.69	0.0031281	498.59	782.61	2.7452	1.9998	3.0472	1171.1	-0.040039	4.4531e-05	0.12555	supercritical
320.69	908.00	319.08	0.0031340	501.09	785.66	2.7547	2.0015	3.0482	1169.3	-0.039946	4.4390e-05	0.12531	supercritical
321.69	908.00	318.47	0.0031400	503.60	788.71	2.7642	2.0032	3.0492	1167.5	-0.039853	4.4250e-05	0.12508	supercritical
322.69	908.00	317.86	0.0031460	506.10	791.76	2.7737	2.0049	3.0501	1165.7	-0.039761	4.4112e-05	0.12486	supercritical
323.69	908.00	317.26	0.0031520	508.61	794.81	2.7831	2.0067	3.0511	1163.9	-0.039669	4.3975e-05	0.12463	supercritical
324.69	908.00	316.66	0.0031580	511.12	797.86	2.7925	2.0084	3.0522	1162.2	-0.039577	4.3840e-05	0.12441	supercritical
325.69	908.00	316.06	0.0031640	513.62	800.91	2.8019	2.0102	3.0532	1160.4	-0.039485	4.3706e-05	0.12419	supercritical
326.69	908.00	315.46	0.0031700	516.13	803.97	2.8113	2.0120	3.0542	1158.7	-0.039394	4.3573e-05	0.12397	supercritical
327.69	908.00	314.86	0.0031760	518.64	807.02	2.8206	2.0139	3.0553	1157.0	-0.039303	4.3441e-05	0.12376	supercritical
328.69	908.00	314.26	0.0031821	521.15	810.08	2.8299	2.0157	3.0563	1155.3	-0.039212	4.3311e-05	0.12355	supercritical
329.69	908.00	313.67	0.0031881	523.65	813.13	2.8392	2.0176	3.0574	1153.6	-0.039121	4.3182e-05	0.12334	supercritical
330.69	908.00	313.07	0.0031942	526.16	816.19	2.8485	2.0195	3.0585	1151.9	-0.039031	4.3054e-05	0.12314	supercritical
331.69	908.00	312.48	0.0032002	528.67	819.25	2.8577	2.0214	3.0596	1150.2	-0.038941	4.2927e-05	0.12293	supercritical
332.69	908.00	311.89	0.0032063	531.18	822.31	2.8669	2.0233	3.0607	1148.5	-0.038851	4.2801e-05	0.12273	supercritical
333.69	908.00	311.30	0.0032123	533.69	825.37	2.8761	2.0253	3.0619	1146.9	-0.038761	4.2677e-05	0.12254	supercritical
334.69	908.00	310.71	0.0032184	536.20	828.44	2.8853	2.0272	3.0630	1145.2	-0.038672	4.2554e-05	0.12234	supercritical
335.69	908.00	310.13	0.0032245	538.72	831.50	2.8944	2.0292	3.0642	1143.6	-0.038583	4.2432e-05	0.12215	supercritical
336.69	908.00	309.54	0.0032306	541.23	834.56	2.9035	2.0312	3.0653	1142.0	-0.038494	4.2311e-05	0.12196	supercritical
337.69	908.00	308.96	0.0032367	543.74	837.63	2.9126	2.0332	3.0665	1140.4	-0.038406	4.2191e-05	0.12178	supercritical
338.69	908.00	308.38	0.0032428	546.25	840.70	2.9217	2.0353	3.0677	1138.8	-0.038317	4.2073e-05	0.12159	supercritical
339.69	908.00	307.80	0.0032489	548.77	843.77	2.9307	2.0373	3.0689	1137.2	-0.038230	4.1955e-05	0.12141	supercritical
340.69	908.00	307.22	0.0032550	551.28	846.84	2.9398	2.0394	3.0701	1135.7	-0.038142	4.1839e-05	0.12123	supercritical
341.69	908.00	306.64	0.0032611	553.80	849.91	2.9488	2.0415	3.0714	1134.1	-0.038055	4.1723e-05	0.12106	supercritical
342.69	908.00	306.07	0.0032672	556.31	852.98	2.9577	2.0436	3.0726	1132.5	-0.037968	4.1609e-05	0.12088	supercritical
343.69	908.00	305.50	0.0032734	558.83	856.05	2.9667	2.0457	3.0738	1131.0	-0.037881	4.1496e-05	0.12071	supercritical
344.69	908.00	304.92	0.0032795	561.35	859.13	2.9756	2.0478	3.0751	1129.5	-0.037795	4.1384e-05	0.12054	supercritical
345.69	908.00	304.35	0.0032857	563.86	862.20	2.9845	2.0500	3.0764	1128.0	-0.037709	4.1273e-05	0.12038	supercritical
346.69	908.00	303.78	0.0032918	566.38	865.28	2.9934	2.0521	3.0777	1126.5	-0.037623	4.1163e-05	0.12021	supercritical
347.69	908.00	303.22	0.0032980	568.90	868.36	3.0023	2.0543	3.0790	1125.0	-0.037538	4.1054e-05	0.12005	supercritical
348.69	908.00	302.65	0.0033041	571.42	871.44	3.0111	2.0565	3.0803	1123.5	-0.037453	4.0946e-05	0.11990	supercritical
349.69	908.00	302.09	0.0033103	573.94	874.52	3.0200	2.0588	3.0816	1122.0	-0.037369	4.0839e-05	0.11974	supercritical
350.69	908.00	301.53	0.0033165	576.46	877.60	3.0288	2.0610	3.0829	1120.6	-0.037284	4.0733e-05	0.11959	supercritical
351.69	908.00	300.96	0.0033227	578.99	880.68	3.0375	2.0632	3.0843	1119.1	-0.037201	4.0629e-05	0.11944	supercritical
352.69	908.00	300.40	0.0033288	581.51	883.77	3.0463	2.0655	3.0856	1117.7	-0.037117	4.0525e-05	0.11929	supercritical
353.69	908.00	299.85	0.0033350	584.03	886.85	3.0550	2.0678	3.0870	1116.3	-0.037034	4.0422e-05	0.11914	supercritical
354.69	908.00	299.29	0.0033412	586.56	889.94	3.0638	2.0701	3.0884	1114.8	-0.036951	4.0320e-05	0.11900	supercritical
355.69	908.00	298.74	0.0033474	589.08	893.03	3.0725	2.0724	3.0898	1113.4	-0.036869	4.0219e-05	0.11886	supercritical
356.69	908.00	298.18	0.0033537	591.61	896.12	3.0811	2.0747	3.0912	1112.0	-0.036787	4.0118e-05	0.11872	supercritical
357.69	908.00	297.63	0.0033599	594.14	899.21	3.0898	2.0770	3.0926	1110.7	-0.036705	4.0019e-05	0.11858	supercritical
358.69	908.00	297.08	0.0033661	596.67	902.31	3.0984	2.0794	3.0940	1109.3	-0.036624	3.9921e-05	0.11844	supercritical
359.69	908.00	296.53	0.0033723	599.19	905.40	3.1070	2.0818	3.0954	1107.9	-0.036543	3.9824e-05	0.11831	supercritical
360.69	908.00	295.98	0.0033786	601.72	908.50	3.1156	2.0842	3.0969	1106.6	-0.036462	3.9727e-05	0.11818	supercritical
361.69	908.00	295.44	0.0033848	604.26	911.60	3.1242	2.0865	3.0983	1105.2	-0.036382	3.9632e-05	0.11805	supercritical
362.69	908.00	294.90	0.0033910	606.79	914.69	3.1328	2.0890	3.0998	1103.9	-0.036302	3.9537e-05	0.11793	supercritical
363.69	908.00	294.35	0.0033973	609.32	917.79	3.1413	2.0914	3.1013	1102.6	-0.036223	3.9443e-05	0.11781	supercritical
364.69	908.00	293.81	0.0034035	611.86	920.90	3.1498	2.0938	3.1027	1101.3	-0.036144	3.9351e-05	0.11768	supercritical
365.69	908.00	293.27	0.0034098	614.39	924.00	3.1583	2.0963	3.1042	1100.0	-0.036065	3.9259e-05	0.11757	supercritical
366.69	908.00	292.73	0.0034161	616.93	927.11	3.1668	2.0987	3.1057	1098.7	-0.035987	3.9167e-05	0.11745	supercritical
367.69	908.00	292.20	0.0034223	619.46	930.21	3.1753	2.1012	3.1073	1097.4	-0.035909	3.9077e-05	0.11733	supercritical
368.69	908.00	291.66	0.0034286	622.00	933.32	3.1837	2.1037	3.1088	1096.1	-0.035832	3.8988e-05	0.11722	supercritical
369.69	908.00	291.13	0.0034349	624.54	936.43	3.1921	2.1062	3.1103	1094.9	-0.035755	3.8899e-05	0.11711	supercritical
370.69	908.00	290.60	0.0034412	627.08	939.54	3.2005	2.1087	3.1119	1093.6	-0.035678	3.8811e-05	0.11700	supercritical
371.69	908.00	290.07	0.0034475	629.62	942.65	3.2089	2.1113	3.1134	1092.4	-0.035602	3.8724e-05	0.11690	supercritical
372.69	908.00	289.54	0.0034538	632.17	945.77	3.2173	2.1138	3.1150	1091.1	-0.035526	3.8638e-05	0.11679	supercritical
373.69	908.00	289.01	0.0034601	634.71	948.88	3.2256	2.1164	3.1166	1089.9	-0.035451	3.8553e-05	0.11669	supercritical
374.69	908.00	288.49	0.0034664	637.25	952.00	3.2340	2.1189	3.1181	1088.7	-0.035376	3.8468e-05	0.11659	supercritical
375.69	908.00	287.96	0.0034727	639.80	955.12	3.2423	2.1215	3.1197	1087.5	-0.035301	3.8384e-05	0.11649	supercritical
376.69	908.00	287.44	0.0034790	642.35	958.24	3.2506	2.1241	3.1213	1086.3	-0.035227	3.8301e-05	0.11640	supercritical
377.69	908.00	286.92	0.0034853	644.90	961.36	3.2588	2.1267	3.1230	1085.1	-0.035153	3.8219e-05	0.11630	supercritical
378.69	908.00	286.40	0.0034916	647.45	964.49	3.2671	2.1293	3.1246	1084.0	-0.035080	3.8138e-05	0.11621	supercritical
379.69	908.00	285.88	0.0034980	650.00	967.61	3.2753	2.1320	3.1262	1082.8	-0.035007	3.8057e-05	0.11612	supercritical
380.69	908.00	285.36	0.0035043	652.55	970.74	3.2836	2.1346	3.1279	1081.6	-0.034934	3.7977e-05	0.11603	supercritical
381.69	908.00	284.85	0.0035106	655.10	973.87	3.2918	2.1373	3.1295	1080.5	-0.034862	3.7898e-05	0.11595	supercritical
382.69	908.00	284.34	0.0035170	657.66	977.00	3.3000	2.1399	3.1312	1079.3	-0.034790	3.7819e-05	0.11586	supercritical
383.69	908.00	283.82	0.0035233	660.21	980.13	3.3081	2.1426	3.1329	1078.2	-0.034719	3.7742e-05	0.11578	supercritical
384.69	908.00	283.31	0.0035297	662.77	983.26	3.3163	2.1453	3.1345	1077.1	-0.034648	3.7665e-05	0.11570	supercritical
385.69	908.00	282.80	0.0035360	665.33	986.40	3.3244	2.1480	3.1362	1076.0	-0.034578	3.7588e-05	0.11562	supercritical
386.69	908.00	282.30	0.0035424	667.89	989.54	3.3326	2.1507	3.1379	1074.9	-0.034508	3.7513e-05	0.11554	supercritical
387.69	908.00	281.79	0.0035487	670.45	992.67	3.3407	2.1534	3.1396	1073.8	-0.034438	3.7438e-05	0.11547	supercritical
388.69	908.00	281.29	0.0035551	673.01	995.81	3.3488	2.1561	3.1413	1072.7	-0.034369	3.7364e-05	0.11540	supercritical
389.69	908.00	280.78	0.0035615	675.57	998.96	3.3568	2.1589	3.1431	1071.6	-0.034300	3.7290e-05	0.11533	supercritical
390.69	908.00	280.28	0.0035679	678.14	1002.1	3.3649	2.1616	3.1448	1070.6	-0.034232	3.7217e-05	0.11526	supercritical
391.69	908.00	279.78	0.0035742	680.71	1005.2	3.3729	2.1644	3.1466	1069.5	-0.034164	3.7145e-05	0.11519	supercritical
392.69	908.00	279.28	0.0035806	683.27	1008.4	3.3810	2.1672	3.1483	1068.5	-0.034097	3.7074e-05	0.11512	supercritical
393.69	908.00	278.78	0.0035870	685.84	1011.5	3.3890	2.1699	3.1501	1067.4	-0.034030	3.7003e-05	0.11506	supercritical
394.69	908.00	278.29	0.0035934	688.41	1014.7	3.3970	2.1727	3.1518	1066.4	-0.033963	3.6933e-05	0.11500	supercritical
395.69	908.00	277.79	0.0035998	690.99	1017.8	3.4049	2.1755	3.1536	1065.4	-0.033897	3.6863e-05	0.11494	supercritical
396.69	908.00	277.30	0.0036062	693.56	1021.0	3.4129	2.1783	3.1554	1064.4	-0.033831	3.6794e-05	0.11488	supercritical
397.69	908.00	276.81	0.0036126	696.13	1024.2	3.4208	2.1812	3.1572	1063.4	-0.033766	3.6726e-05	0.11482	supercritical
398.69	908.00	276.32	0.0036190	698.71	1027.3	3.4288	2.1840	3.1590	1062.4	-0.033701	3.6658e-05	0.11477	supercritical
399.69	908.00	275.83	0.0036254	701.29	1030.5	3.4367	2.1868	3.1608	1061.4	-0.033636	3.6592e-05	0.11471	supercritical
400.69	908.00	275.34	0.0036318	703.87	1033.6	3.4446	2.1897	3.1626	1060.4	-0.033572	3.6525e-05	0.11466	supercritical
401.69	908.00	274.86	0.0036382	706.45	1036.8	3.4525	2.1925	3.1645	1059.4	-0.033509	3.6460e-05	0.11461	supercritical
402.69	908.00	274.37	0.0036446	709.03	1040.0	3.4603	2.1954	3.1663	1058.5	-0.033445	3.6394e-05	0.11456	supercritical
403.69	908.00	273.89	0.0036511	711.62	1043.1	3.4682	2.1983	3.1682	1057.5	-0.033383	3.6330e-05	0.11452	supercritical
404.69	908.00	273.41	0.0036575	714.20	1046.3	3.4760	2.2012	3.1700	1056.6	-0.033320	3.6266e-05	0.11447	supercritical
405.69	908.00	272.93	0.0036639	716.79	1049.5	3.4839	2.2040	3.1719	1055.6	-0.033258	3.6203e-05	0.11443	supercritical
406.69	908.00	272.45	0.0036704	719.38	1052.6	3.4917	2.2069	3.1737	1054.7	-0.033197	3.6140e-05	0.11439	supercritical
407.69	908.00	271.98	0.0036768	721.97	1055.8	3.4995	2.2099	3.1756	1053.8	-0.033136	3.6078e-05	0.11435	supercritical
408.69	908.00	271.50	0.0036832	724.56	1059.0	3.5073	2.2128	3.1775	1052.9	-0.033075	3.6017e-05	0.11431	supercritical
409.69	908.00	271.03	0.0036897	727.15	1062.2	3.5150	2.2157	3.1794	1052.0	-0.033015	3.5956e-05	0.11427	supercritical
410.69	908.00	270.55	0.0036961	729.75	1065.4	3.5228	2.2186	3.1813	1051.1	-0.032955	3.5895e-05	0.11424	supercritical
411.69	908.00	270.08	0.0037026	732.35	1068.5	3.5305	2.2216	3.1832	1050.2	-0.032895	3.5836e-05	0.11420	supercritical
412.69	908.00	269.61	0.0037090	734.94	1071.7	3.5382	2.2245	3.1851	1049.3	-0.032836	3.5776e-05	0.11417	supercritical
413.69	908.00	269.14	0.0037155	737.54	1074.9	3.5460	2.2275	3.1871	1048.4	-0.032778	3.5718e-05	0.11414	supercritical
414.69	908.00	268.68	0.0037219	740.15	1078.1	3.5536	2.2305	3.1890	1047.5	-0.032720	3.5660e-05	0.11411	supercritical
415.69	908.00	268.21	0.0037284	742.75	1081.3	3.5613	2.2334	3.1909	1046.7	-0.032662	3.5602e-05	0.11408	supercritical
416.69	908.00	267.75	0.0037349	745.35	1084.5	3.5690	2.2364	3.1929	1045.8	-0.032605	3.5545e-05	0.11406	supercritical
417.69	908.00	267.28	0.0037413	747.96	1087.7	3.5767	2.2394	3.1948	1045.0	-0.032548	3.5488e-05	0.11403	supercritical
418.69	908.00	266.82	0.0037478	750.57	1090.9	3.5843	2.2424	3.1968	1044.2	-0.032491	3.5432e-05	0.11401	supercritical
419.69	908.00	266.36	0.0037543	753.18	1094.1	3.5919	2.2454	3.1988	1043.3	-0.032435	3.5377e-05	0.11399	supercritical
420.69	908.00	265.91	0.0037607	755.79	1097.3	3.5995	2.2484	3.2007	1042.5	-0.032379	3.5322e-05	0.11397	supercritical
421.69	908.00	265.45	0.0037672	758.40	1100.5	3.6071	2.2514	3.2027	1041.7	-0.032324	3.5268e-05	0.11395	supercritical
422.69	908.00	264.99	0.0037737	761.02	1103.7	3.6147	2.2545	3.2047	1040.9	-0.032269	3.5214e-05	0.11393	supercritical
423.69	908.00	264.54	0.0037802	763.64	1106.9	3.6223	2.2575	3.2067	1040.1	-0.032215	3.5161e-05	0.11391	supercritical
424.69	908.00	264.08	0.0037867	766.26	1110.1	3.6299	2.2605	3.2087	1039.3	-0.032161	3.5108e-05	0.11390	supercritical
425.69	908.00	263.63	0.0037932	768.88	1113.3	3.6374	2.2636	3.2107	1038.5	-0.032107	3.5055e-05	0.11389	supercritical
426.69	908.00	263.18	0.0037996	771.50	1116.5	3.6450	2.2666	3.2128	1037.7	-0.032054	3.5003e-05	0.11388	supercritical
427.69	908.00	262.73	0.0038061	774.12	1119.7	3.6525	2.2697	3.2148	1036.9	-0.032001	3.4952e-05	0.11387	supercritical
428.69	908.00	262.29	0.0038126	776.75	1122.9	3.6600	2.2727	3.2168	1036.2	-0.031949	3.4901e-05	0.11386	supercritical
429.69	908.00	261.84	0.0038191	779.38	1126.2	3.6675	2.2758	3.2189	1035.4	-0.031897	3.4851e-05	0.11385	supercritical
430.69	908.00	261.40	0.0038256	782.01	1129.4	3.6750	2.2789	3.2209	1034.7	-0.031845	3.4801e-05	0.11384	supercritical
431.69	908.00	260.95	0.0038321	784.64	1132.6	3.6824	2.2820	3.2230	1033.9	-0.031794	3.4751e-05	0.11384	supercritical
432.69	908.00	260.51	0.0038386	787.27	1135.8	3.6899	2.2851	3.2250	1033.2	-0.031743	3.4703e-05	0.11384	supercritical
433.69	908.00	260.07	0.0038451	789.91	1139.0	3.6973	2.2882	3.2271	1032.4	-0.031693	3.4654e-05	0.11383	supercritical
434.69	908.00	259.63	0.0038516	792.54	1142.3	3.7048	2.2913	3.2292	1031.7	-0.031643	3.4606e-05	0.11383	supercritical
435.69	908.00	259.19	0.0038582	795.18	1145.5	3.7122	2.2944	3.2313	1031.0	-0.031593	3.4558e-05	0.11383	supercritical
436.69	908.00	258.75	0.0038647	797.82	1148.7	3.7196	2.2975	3.2334	1030.3	-0.031544	3.4511e-05	0.11384	supercritical
437.69	908.00	258.32	0.0038712	800.47	1152.0	3.7270	2.3006	3.2354	1029.6	-0.031495	3.4465e-05	0.11384	supercritical
438.69	908.00	257.88	0.0038777	803.11	1155.2	3.7344	2.3037	3.2375	1028.9	-0.031447	3.4418e-05	0.11384	supercritical
439.69	908.00	257.45	0.0038842	805.76	1158.4	3.7418	2.3069	3.2397	1028.2	-0.031399	3.4373e-05	0.11385	supercritical
440.69	908.00	257.02	0.0038907	808.41	1161.7	3.7491	2.3100	3.2418	1027.5	-0.031351	3.4327e-05	0.11386	supercritical
441.69	908.00	256.59	0.0038973	811.06	1164.9	3.7565	2.3132	3.2439	1026.8	-0.031304	3.4282e-05	0.11386	supercritical
442.69	908.00	256.16	0.0039038	813.71	1168.2	3.7638	2.3163	3.2460	1026.2	-0.031257	3.4238e-05	0.11387	supercritical
443.69	908.00	255.73	0.0039103	816.36	1171.4	3.7712	2.3195	3.2482	1025.5	-0.031210	3.4194e-05	0.11388	supercritical
444.69	908.00	255.31	0.0039169	819.02	1174.7	3.7785	2.3226	3.2503	1024.8	-0.031164	3.4150e-05	0.11390	supercritical
445.69	908.00	254.88	0.0039234	821.68	1177.9	3.7858	2.3258	3.2524	1024.2	-0.031118	3.4107e-05	0.11391	supercritical
446.69	908.00	254.46	0.0039299	824.34	1181.2	3.7931	2.3290	3.2546	1023.5	-0.031073	3.4064e-05	0.11392	supercritical
447.69	908.00	254.04	0.0039365	827.00	1184.4	3.8003	2.3321	3.2568	1022.9	-0.031028	3.4022e-05	0.11394	supercritical
448.69	908.00	253.61	0.0039430	829.67	1187.7	3.8076	2.3353	3.2589	1022.3	-0.030983	3.3980e-05	0.11396	supercritical
449.69	908.00	253.19	0.0039495	832.33	1190.9	3.8149	2.3385	3.2611	1021.6	-0.030939	3.3939e-05	0.11398	supercritical
450.69	908.00	252.78	0.0039561	835.00	1194.2	3.8221	2.3417	3.2633	1021.0	-0.030895	3.3897e-05	0.11400	supercritical
451.69	908.00	252.36	0.0039626	837.67	1197.5	3.8293	2.3449	3.2654	1020.4	-0.030852	3.3857e-05	0.11402	supercritical
452.69	908.00	251.94	0.0039692	840.34	1200.7	3.8366	2.3481	3.2676	1019.8	-0.030808	3.3816e-05	0.11404	supercritical
453.69	908.00	251.53	0.0039757	843.02	1204.0	3.8438	2.3513	3.2698	1019.2	-0.030766	3.3776e-05	0.11406	supercritical
454.69	908.00	251.11	0.0039822	845.69	1207.3	3.8510	2.3545	3.2720	1018.6	-0.030723	3.3737e-05	0.11408	supercritical
455.69	908.00	250.70	0.0039888	848.37	1210.6	3.8582	2.3577	3.2742	1018.0	-0.030681	3.3698e-05	0.11411	supercritical
456.69	908.00	250.29	0.0039953	851.05	1213.8	3.8654	2.3609	3.2764	1017.4	-0.030639	3.3659e-05	0.11414	supercritical
457.69	908.00	249.88	0.0040019	853.74	1217.1	3.8725	2.3641	3.2787	1016.8	-0.030598	3.3621e-05	0.11416	supercritical
458.69	908.00	249.47	0.0040084	856.42	1220.4	3.8797	2.3673	3.2809	1016.2	-0.030557	3.3583e-05	0.11419	supercritical
459.69	908.00	249.07	0.0040150	859.11	1223.7	3.8868	2.3706	3.2831	1015.7	-0.030516	3.3545e-05	0.11422	supercritical
460.69	908.00	248.66	0.0040216	861.80	1227.0	3.8940	2.3738	3.2854	1015.1	-0.030476	3.3508e-05	0.11425	supercritical
461.69	908.00	248.26	0.0040281	864.49	1230.2	3.9011	2.3770	3.2876	1014.5	-0.030436	3.3471e-05	0.11428	supercritical
462.69	908.00	247.85	0.0040347	867.18	1233.5	3.9082	2.3803	3.2898	1014.0	-0.030396	3.3434e-05	0.11432	supercritical
463.69	908.00	247.45	0.0040412	869.88	1236.8	3.9153	2.3835	3.2921	1013.4	-0.030357	3.3398e-05	0.11435	supercritical
464.69	908.00	247.05	0.0040478	872.57	1240.1	3.9224	2.3868	3.2943	1012.9	-0.030318	3.3362e-05	0.11439	supercritical
465.69	908.00	246.65	0.0040543	875.27	1243.4	3.9295	2.3900	3.2966	1012.3	-0.030279	3.3327e-05	0.11442	supercritical
466.69	908.00	246.25	0.0040609	877.98	1246.7	3.9366	2.3933	3.2989	1011.8	-0.030241	3.3292e-05	0.11446	supercritical
467.69	908.00	245.85	0.0040675	880.68	1250.0	3.9436	2.3965	3.3011	1011.3	-0.030203	3.3257e-05	0.11450	supercritical
468.69	908.00	245.46	0.0040740	883.39	1253.3	3.9507	2.3998	3.3034	1010.8	-0.030166	3.3223e-05	0.11454	supercritical
469.69	908.00	245.06	0.0040806	886.09	1256.6	3.9577	2.4031	3.3057	1010.2	-0.030128	3.3189e-05	0.11458	supercritical
470.69	908.00	244.67	0.0040872	888.80	1259.9	3.9648	2.4063	3.3080	1009.7	-0.030091	3.3155e-05	0.11462	supercritical
471.69	908.00	244.28	0.0040937	891.52	1263.2	3.9718	2.4096	3.3103	1009.2	-0.030055	3.3122e-05	0.11466	supercritical
472.69	908.00	243.88	0.0041003	894.23	1266.5	3.9788	2.4129	3.3126	1008.7	-0.030018	3.3089e-05	0.11470	supercritical
473.69	908.00	243.49	0.0041069	896.95	1269.9	3.9858	2.4162	3.3149	1008.2	-0.029983	3.3056e-05	0.11475	supercritical
474.69	908.00	243.10	0.0041135	899.67	1273.2	3.9928	2.4195	3.3172	1007.7	-0.029947	3.3024e-05	0.11479	supercritical
475.69	908.00	242.72	0.0041200	902.39	1276.5	3.9998	2.4227	3.3195	1007.3	-0.029912	3.2992e-05	0.11484	supercritical
476.69	908.00	242.33	0.0041266	905.11	1279.8	4.0067	2.4260	3.3218	1006.8	-0.029877	3.2960e-05	0.11489	supercritical
477.69	908.00	241.94	0.0041332	907.84	1283.1	4.0137	2.4293	3.3241	1006.3	-0.029842	3.2928e-05	0.11494	supercritical
478.69	908.00	241.56	0.0041398	910.57	1286.5	4.0207	2.4326	3.3265	1005.8	-0.029808	3.2897e-05	0.11499	supercritical
479.69	908.00	241.18	0.0041463	913.30	1289.8	4.0276	2.4359	3.3288	1005.4	-0.029773	3.2867e-05	0.11504	supercritical
480.69	908.00	240.79	0.0041529	916.03	1293.1	4.0345	2.4392	3.3311	1004.9	-0.029740	3.2836e-05	0.11509	supercritical
481.69	908.00	240.41	0.0041595	918.77	1296.4	4.0415	2.4425	3.3335	1004.5	-0.029706	3.2806e-05	0.11514	supercritical
482.69	908.00	240.03	0.0041661	921.50	1299.8	4.0484	2.4458	3.3358	1004.0	-0.029673	3.2776e-05	0.11519	supercritical
483.69	908.00	239.66	0.0041727	924.24	1303.1	4.0553	2.4491	3.3382	1003.6	-0.029640	3.2747e-05	0.11525	supercritical
484.69	908.00	239.28	0.0041792	926.98	1306.5	4.0622	2.4525	3.3405	1003.1	-0.029608	3.2718e-05	0.11530	supercritical
485.69	908.00	238.90	0.0041858	929.73	1309.8	4.0691	2.4558	3.3429	1002.7	-0.029576	3.2689e-05	0.11536	supercritical
486.69	908.00	238.53	0.0041924	932.47	1313.1	4.0760	2.4591	3.3453	1002.2	-0.029544	3.2660e-05	0.11541	supercritical
487.69	908.00	238.15	0.0041990	935.22	1316.5	4.0828	2.4624	3.3476	1001.8	-0.029512	3.2632e-05	0.11547	supercritical
488.69	908.00	237.78	0.0042056	937.97	1319.8	4.0897	2.4657	3.3500	1001.4	-0.029481	3.2604e-05	0.11553	supercritical
489.69	908.00	237.41	0.0042122	940.73	1323.2	4.0965	2.4691	3.3524	1001.0	-0.029450	3.2576e-05	0.11559	supercritical
490.69	908.00	237.04	0.0042187	943.48	1326.5	4.1034	2.4724	3.3548	1000.6	-0.029419	3.2549e-05	0.11565	supercritical
491.69	908.00	236.67	0.0042253	946.24	1329.9	4.1102	2.4757	3.3572	1000.2	-0.029388	3.2522e-05	0.11571	supercritical
492.69	908.00	236.30	0.0042319	949.00	1333.3	4.1170	2.4791	3.3596	999.75	-0.029358	3.2495e-05	0.11577	supercritical
493.69	908.00	235.93	0.0042385	951.76	1336.6	4.1238	2.4824	3.3620	999.35	-0.029328	3.2468e-05	0.11584	supercritical
494.69	908.00	235.57	0.0042451	954.53	1340.0	4.1306	2.4857	3.3644	998.96	-0.029299	3.2442e-05	0.11590	supercritical
495.69	908.00	235.20	0.0042517	957.30	1343.3	4.1374	2.4891	3.3668	998.57	-0.029269	3.2416e-05	0.11597	supercritical
496.69	908.00	234.84	0.0042583	960.07	1346.7	4.1442	2.4924	3.3692	998.18	-0.029240	3.2391e-05	0.11603	supercritical
497.69	908.00	234.47	0.0042649	962.84	1350.1	4.1510	2.4958	3.3716	997.80	-0.029212	3.2365e-05	0.11610	supercritical
498.69	908.00	234.11	0.0042714	965.61	1353.5	4.1578	2.4991	3.3740	997.42	-0.029183	3.2340e-05	0.11617	supercritical
499.69	908.00	233.75	0.0042780	968.39	1356.8	4.1645	2.5024	3.3764	997.04	-0.029155	3.2315e-05	0.11624	supercritical
500.69	908.00	233.39	0.0042846	971.17	1360.2	4.1713	2.5058	3.3788	996.68	-0.029127	3.2291e-05	0.11630	supercritical
501.69	908.00	233.03	0.0042912	973.95	1363.6	4.1780	2.5091	3.3813	996.31	-0.029099	3.2266e-05	0.11637	supercritical
502.69	908.00	232.68	0.0042978	976.73	1367.0	4.1848	2.5125	3.3837	995.95	-0.029072	3.2242e-05	0.11645	supercritical
503.69	908.00	232.32	0.0043044	979.52	1370.4	4.1915	2.5159	3.3862	995.59	-0.029044	3.2218e-05	0.11652	supercritical
504.69	908.00	231.96	0.0043110	982.31	1373.7	4.1982	2.5192	3.3886	995.24	-0.029018	3.2195e-05	0.11659	supercritical
505.69	908.00	231.61	0.0043176	985.10	1377.1	4.2049	2.5226	3.3910	994.89	-0.028991	3.2171e-05	0.11666	supercritical
506.69	908.00	231.26	0.0043242	987.89	1380.5	4.2116	2.5259	3.3935	994.55	-0.028965	3.2148e-05	0.11674	supercritical
507.69	908.00	230.91	0.0043308	990.69	1383.9	4.2183	2.5293	3.3959	994.21	-0.028938	3.2126e-05	0.11681	supercritical
508.69	908.00	230.55	0.0043374	993.49	1387.3	4.2250	2.5327	3.3984	993.87	-0.028913	3.2103e-05	0.11689	supercritical
509.69	908.00	230.20	0.0043440	996.29	1390.7	4.2317	2.5360	3.4009	993.54	-0.028887	3.2081e-05	0.11696	supercritical
510.69	908.00	229.85	0.0043506	999.09	1394.1	4.2384	2.5394	3.4033	993.21	-0.028861	3.2059e-05	0.11704	supercritical
511.69	908.00	229.51	0.0043572	1001.9	1397.5	4.2450	2.5428	3.4058	992.88	-0.028836	3.2037e-05	0.11712	supercritical
512.69	908.00	229.16	0.0043638	1004.7	1400.9	4.2517	2.5461	3.4083	992.56	-0.028811	3.2016e-05	0.11720	supercritical
513.69	908.00	228.81	0.0043704	1007.5	1404.3	4.2583	2.5495	3.4107	992.25	-0.028787	3.1994e-05	0.11728	supercritical
514.69	908.00	228.47	0.0043770	1010.3	1407.8	4.2649	2.5529	3.4132	991.93	-0.028762	3.1973e-05	0.11736	supercritical
515.69	908.00	228.13	0.0043836	1013.1	1411.2	4.2716	2.5563	3.4157	991.62	-0.028738	3.1952e-05	0.11744	supercritical
516.69	908.00	227.78	0.0043901	1016.0	1414.6	4.2782	2.5596	3.4182	991.32	-0.028714	3.1932e-05	0.11752	supercritical
517.69	908.00	227.44	0.0043967	1018.8	1418.0	4.2848	2.5630	3.4207	991.02	-0.028691	3.1911e-05	0.11760	supercritical
518.69	908.00	227.10	0.0044033	1021.6	1421.4	4.2914	2.5664	3.4232	990.72	-0.028667	3.1891e-05	0.11769	supercritical
519.69	908.00	226.76	0.0044099	1024.4	1424.9	4.2980	2.5698	3.4257	990.43	-0.028644	3.1872e-05	0.11777	supercritical
520.69	908.00	226.42	0.0044165	1027.3	1428.3	4.3046	2.5731	3.4282	990.13	-0.028621	3.1852e-05	0.11786	supercritical
521.69	908.00	226.08	0.0044231	1030.1	1431.7	4.3112	2.5765	3.4307	989.85	-0.028598	3.1832e-05	0.11794	supercritical
522.69	908.00	225.75	0.0044297	1032.9	1435.1	4.3177	2.5799	3.4332	989.56	-0.028576	3.1813e-05	0.11803	supercritical
523.69	908.00	225.41	0.0044363	1035.8	1438.6	4.3243	2.5833	3.4357	989.29	-0.028553	3.1794e-05	0.11812	supercritical
524.69	908.00	225.08	0.0044429	1038.6	1442.0	4.3309	2.5867	3.4382	989.01	-0.028531	3.1776e-05	0.11820	supercritical
525.69	908.00	224.74	0.0044495	1041.4	1445.5	4.3374	2.5901	3.4407	988.74	-0.028509	3.1757e-05	0.11829	supercritical
526.69	908.00	224.41	0.0044561	1044.3	1448.9	4.3440	2.5935	3.4433	988.47	-0.028488	3.1739e-05	0.11838	supercritical
527.69	908.00	224.08	0.0044627	1047.1	1452.3	4.3505	2.5968	3.4458	988.20	-0.028466	3.1721e-05	0.11847	supercritical
528.69	908.00	223.75	0.0044693	1050.0	1455.8	4.3570	2.6002	3.4483	987.94	-0.028445	3.1703e-05	0.11856	supercritical
529.69	908.00	223.42	0.0044759	1052.8	1459.2	4.3635	2.6036	3.4508	987.68	-0.028424	3.1685e-05	0.11865	supercritical
530.69	908.00	223.09	0.0044825	1055.7	1462.7	4.3700	2.6070	3.4534	987.43	-0.028403	3.1668e-05	0.11874	supercritical
531.69	908.00	222.76	0.0044891	1058.5	1466.1	4.3765	2.6104	3.4559	987.18	-0.028383	3.1651e-05	0.11884	supercritical
532.69	908.00	222.43	0.0044957	1061.4	1469.6	4.3830	2.6138	3.4585	986.93	-0.028362	3.1634e-05	0.11893	supercritical
533.69	908.00	222.11	0.0045023	1064.2	1473.1	4.3895	2.6172	3.4610	986.68	-0.028342	3.1617e-05	0.11902	supercritical
534.69	908.00	221.78	0.0045089	1067.1	1476.5	4.3960	2.6206	3.4636	986.44	-0.028322	3.1600e-05	0.11912	supercritical
535.69	908.00	221.46	0.0045155	1070.0	1480.0	4.4025	2.6240	3.4661	986.20	-0.028303	3.1584e-05	0.11921	supercritical
536.69	908.00	221.14	0.0045221	1072.8	1483.5	4.4090	2.6274	3.4687	985.97	-0.028283	3.1568e-05	0.11931	supercritical
537.69	908.00	220.81	0.0045287	1075.7	1486.9	4.4154	2.6308	3.4712	985.74	-0.028264	3.1552e-05	0.11941	supercritical
538.69	908.00	220.49	0.0045353	1078.6	1490.4	4.4219	2.6342	3.4738	985.51	-0.028244	3.1536e-05	0.11951	supercritical
539.69	908.00	220.17	0.0045419	1081.5	1493.9	4.4283	2.6376	3.4763	985.28	-0.028226	3.1520e-05	0.11960	supercritical
540.69	908.00	219.85	0.0045485	1084.3	1497.3	4.4347	2.6410	3.4789	985.06	-0.028207	3.1505e-05	0.11970	supercritical
541.69	908.00	219.53	0.0045551	1087.2	1500.8	4.4412	2.6443	3.4815	984.84	-0.028188	3.1490e-05	0.11980	supercritical
542.69	908.00	219.22	0.0045617	1090.1	1504.3	4.4476	2.6477	3.4840	984.63	-0.028170	3.1475e-05	0.11990	supercritical
543.69	908.00	218.90	0.0045683	1093.0	1507.8	4.4540	2.6511	3.4866	984.41	-0.028152	3.1460e-05	0.12000	supercritical
544.69	908.00	218.58	0.0045749	1095.9	1511.3	4.4604	2.6545	3.4892	984.20	-0.028134	3.1445e-05	0.12010	supercritical
545.69	908.00	218.27	0.0045815	1098.8	1514.8	4.4668	2.6579	3.4918	984.00	-0.028116	3.1431e-05	0.12020	supercritical
546.69	908.00	217.96	0.0045881	1101.7	1518.3	4.4732	2.6613	3.4943	983.79	-0.028098	3.1416e-05	0.12031	supercritical
547.69	908.00	217.64	0.0045947	1104.6	1521.8	4.4796	2.6647	3.4969	983.59	-0.028081	3.1402e-05	0.12041	supercritical
548.69	908.00	217.33	0.0046013	1107.5	1525.3	4.4860	2.6681	3.4995	983.40	-0.028063	3.1389e-05	0.12051	supercritical
549.69	908.00	217.02	0.0046079	1110.4	1528.8	4.4924	2.6715	3.5021	983.20	-0.028046	3.1375e-05	0.12062	supercritical
550.69	908.00	216.71	0.0046145	1113.3	1532.3	4.4987	2.6749	3.5047	983.01	-0.028029	3.1361e-05	0.12072	supercritical
551.69	908.00	216.40	0.0046211	1116.2	1535.8	4.5051	2.6783	3.5073	982.82	-0.028013	3.1348e-05	0.12083	supercritical
552.69	908.00	216.09	0.0046277	1119.1	1539.3	4.5115	2.6817	3.5099	982.64	-0.027996	3.1335e-05	0.12094	supercritical
553.69	908.00	215.78	0.0046342	1122.0	1542.8	4.5178	2.6851	3.5125	982.45	-0.027980	3.1322e-05	0.12104	supercritical
554.69	908.00	215.48	0.0046408	1124.9	1546.3	4.5241	2.6885	3.5151	982.27	-0.027964	3.1309e-05	0.12115	supercritical
555.69	908.00	215.17	0.0046474	1127.8	1549.8	4.5305	2.6920	3.5177	982.10	-0.027948	3.1297e-05	0.12126	supercritical
556.69	908.00	214.87	0.0046540	1130.8	1553.3	4.5368	2.6954	3.5203	981.92	-0.027932	3.1284e-05	0.12137	supercritical
557.69	908.00	214.56	0.0046606	1133.7	1556.9	4.5431	2.6988	3.5229	981.75	-0.027916	3.1272e-05	0.12148	supercritical
558.69	908.00	214.26	0.0046672	1136.6	1560.4	4.5494	2.7022	3.5255	981.58	-0.027900	3.1260e-05	0.12158	supercritical
559.69	908.00	213.96	0.0046738	1139.5	1563.9	4.5557	2.7056	3.5281	981.42	-0.027885	3.1248e-05	0.12170	supercritical
560.69	908.00	213.66	0.0046804	1142.5	1567.4	4.5620	2.7090	3.5308	981.26	-0.027870	3.1236e-05	0.12181	supercritical
561.69	908.00	213.36	0.0046870	1145.4	1571.0	4.5683	2.7124	3.5334	981.10	-0.027855	3.1225e-05	0.12192	supercritical
562.69	908.00	213.06	0.0046936	1148.3	1574.5	4.5746	2.7158	3.5360	980.94	-0.027840	3.1213e-05	0.12203	supercritical
563.69	908.00	212.76	0.0047002	1151.3	1578.0	4.5809	2.7192	3.5386	980.78	-0.027825	3.1202e-05	0.12214	supercritical
564.69	908.00	212.46	0.0047068	1154.2	1581.6	4.5872	2.7226	3.5412	980.63	-0.027811	3.1191e-05	0.12226	supercritical
565.69	908.00	212.16	0.0047134	1157.2	1585.1	4.5934	2.7260	3.5439	980.48	-0.027796	3.1180e-05	0.12237	supercritical
566.69	908.00	211.87	0.0047200	1160.1	1588.7	4.5997	2.7294	3.5465	980.34	-0.027782	3.1169e-05	0.12248	supercritical
567.69	908.00	211.57	0.0047265	1163.1	1592.2	4.6060	2.7328	3.5491	980.19	-0.027768	3.1159e-05	0.12260	supercritical
568.69	908.00	211.28	0.0047331	1166.0	1595.8	4.6122	2.7362	3.5518	980.05	-0.027754	3.1148e-05	0.12271	supercritical
569.69	908.00	210.98	0.0047397	1169.0	1599.3	4.6185	2.7396	3.5544	979.91	-0.027740	3.1138e-05	0.12283	supercritical
570.69	908.00	210.69	0.0047463	1171.9	1602.9	4.6247	2.7430	3.5570	979.77	-0.027726	3.1128e-05	0.12295	supercritical
571.69	908.00	210.40	0.0047529	1174.9	1606.4	4.6309	2.7464	3.5597	979.64	-0.027713	3.1118e-05	0.12306	supercritical
572.69	908.00	210.11	0.0047595	1177.8	1610.0	4.6371	2.7498	3.5623	979.51	-0.027700	3.1108e-05	0.12318	supercritical
573.69	908.00	209.82	0.0047661	1180.8	1613.6	4.6434	2.7532	3.5650	979.38	-0.027686	3.1098e-05	0.12330	supercritical
574.69	908.00	209.53	0.0047727	1183.8	1617.1	4.6496	2.7566	3.5676	979.26	-0.027673	3.1089e-05	0.12342	supercritical
575.69	908.00	209.24	0.0047792	1186.7	1620.7	4.6558	2.7600	3.5703	979.13	-0.027660	3.1080e-05	0.12354	supercritical
576.69	908.00	208.95	0.0047858	1189.7	1624.3	4.6620	2.7634	3.5729	979.01	-0.027648	3.1070e-05	0.12366	supercritical
577.69	908.00	208.66	0.0047924	1192.7	1627.8	4.6682	2.7668	3.5756	978.89	-0.027635	3.1061e-05	0.12378	supercritical
578.69	908.00	208.38	0.0047990	1195.7	1631.4	4.6744	2.7702	3.5782	978.78	-0.027622	3.1052e-05	0.12390	supercritical
579.69	908.00	208.09	0.0048056	1198.7	1635.0	4.6805	2.7736	3.5809	978.66	-0.027610	3.1044e-05	0.12402	supercritical
580.69	908.00	207.81	0.0048122	1201.6	1638.6	4.6867	2.7770	3.5835	978.55	-0.027598	3.1035e-05	0.12414	supercritical
581.69	908.00	207.52	0.0048188	1204.6	1642.2	4.6929	2.7804	3.5862	978.44	-0.027586	3.1027e-05	0.12426	supercritical
582.69	908.00	207.24	0.0048253	1207.6	1645.8	4.6990	2.7838	3.5889	978.33	-0.027574	3.1018e-05	0.12438	supercritical
583.69	908.00	206.96	0.0048319	1210.6	1649.3	4.7052	2.7872	3.5915	978.23	-0.027562	3.1010e-05	0.12451	supercritical
584.69	908.00	206.68	0.0048385	1213.6	1652.9	4.7113	2.7905	3.5942	978.13	-0.027550	3.1002e-05	0.12463	supercritical
585.69	908.00	206.39	0.0048451	1216.6	1656.5	4.7175	2.7939	3.5969	978.03	-0.027538	3.0994e-05	0.12476	supercritical
586.69	908.00	206.11	0.0048517	1219.6	1660.1	4.7236	2.7973	3.5995	977.93	-0.027527	3.0987e-05	0.12488	supercritical
587.69	908.00	205.84	0.0048582	1222.6	1663.7	4.7298	2.8007	3.6022	977.83	-0.027516	3.0979e-05	0.12501	supercritical
588.69	908.00	205.56	0.0048648	1225.6	1667.3	4.7359	2.8041	3.6049	977.74	-0.027504	3.0971e-05	0.12513	supercritical
589.69	908.00	205.28	0.0048714	1228.6	1670.9	4.7420	2.8075	3.6076	977.65	-0.027493	3.0964e-05	0.12526	supercritical
590.69	908.00	205.00	0.0048780	1231.6	1674.6	4.7481	2.8109	3.6102	977.56	-0.027482	3.0957e-05	0.12538	supercritical
591.69	908.00	204.73	0.0048846	1234.6	1678.2	4.7542	2.8143	3.6129	977.48	-0.027471	3.0950e-05	0.12551	supercritical
592.69	908.00	204.45	0.0048911	1237.7	1681.8	4.7603	2.8177	3.6156	977.39	-0.027461	3.0943e-05	0.12564	supercritical
593.69	908.00	204.18	0.0048977	1240.7	1685.4	4.7664	2.8211	3.6183	977.31	-0.027450	3.0936e-05	0.12577	supercritical
594.69	908.00	203.90	0.0049043	1243.7	1689.0	4.7725	2.8245	3.6210	977.23	-0.027440	3.0930e-05	0.12590	supercritical
595.69	908.00	203.63	0.0049109	1246.7	1692.6	4.7786	2.8279	3.6236	977.15	-0.027429	3.0923e-05	0.12603	supercritical
596.69	908.00	203.36	0.0049174	1249.8	1696.3	4.7847	2.8312	3.6263	977.08	-0.027419	3.0917e-05	0.12615	supercritical
597.69	908.00	203.09	0.0049240	1252.8	1699.9	4.7908	2.8346	3.6290	977.00	-0.027409	3.0910e-05	0.12628	supercritical
598.69	908.00	202.82	0.0049306	1255.8	1703.5	4.7968	2.8380	3.6317	976.93	-0.027399	3.0904e-05	0.12641	supercritical
599.69	908.00	202.55	0.0049372	1258.9	1707.2	4.8029	2.8414	3.6344	976.86	-0.027389	3.0898e-05	0.12655	supercritical
600.69	908.00	202.28	0.0049437	1261.9	1710.8	4.8089	2.8448	3.6371	976.80	-0.027379	3.0892e-05	0.12668	supercritical
601.69	908.00	202.01	0.0049503	1264.9	1714.4	4.8150	2.8482	3.6398	976.73	-0.027369	3.0887e-05	0.12681	supercritical
602.69	908.00	201.74	0.0049569	1268.0	1718.1	4.8210	2.8516	3.6425	976.67	-0.027360	3.0881e-05	0.12694	supercritical
603.69	908.00	201.47	0.0049635	1271.0	1721.7	4.8271	2.8549	3.6452	976.61	-0.027350	3.0875e-05	0.12707	supercritical
604.69	908.00	201.21	0.0049700	1274.1	1725.4	4.8331	2.8583	3.6479	976.55	-0.027341	3.0870e-05	0.12721	supercritical
605.69	908.00	200.94	0.0049766	1277.1	1729.0	4.8392	2.8617	3.6506	976.49	-0.027332	3.0865e-05	0.12734	supercritical
606.69	908.00	200.68	0.0049832	1280.2	1732.7	4.8452	2.8651	3.6533	976.44	-0.027322	3.0860e-05	0.12747	supercritical
607.69	908.00	200.41	0.0049897	1283.2	1736.3	4.8512	2.8685	3.6560	976.38	-0.027313	3.0855e-05	0.12761	supercritical
608.69	908.00	200.15	0.0049963	1286.3	1740.0	4.8572	2.8718	3.6587	976.33	-0.027304	3.0850e-05	0.12774	supercritical
609.69	908.00	199.89	0.0050029	1289.4	1743.6	4.8632	2.8752	3.6614	976.28	-0.027295	3.0845e-05	0.12788	supercritical
610.69	908.00	199.62	0.0050094	1292.4	1747.3	4.8692	2.8786	3.6641	976.24	-0.027287	3.0840e-05	0.12802	supercritical
611.69	908.00	199.36	0.0050160	1295.5	1751.0	4.8752	2.8820	3.6668	976.19	-0.027278	3.0836e-05	0.12815	supercritical
612.69	908.00	199.10	0.0050226	1298.6	1754.6	4.8812	2.8853	3.6695	976.15	-0.027269	3.0831e-05	0.12829	supercritical
613.69	908.00	198.84	0.0050291	1301.7	1758.3	4.8872	2.8887	3.6722	976.11	-0.027261	3.0827e-05	0.12843	supercritical
614.69	908.00	198.58	0.0050357	1304.7	1762.0	4.8932	2.8921	3.6749	976.07	-0.027253	3.0823e-05	0.12856	supercritical
615.69	908.00	198.32	0.0050422	1307.8	1765.7	4.8992	2.8955	3.6776	976.03	-0.027244	3.0819e-05	0.12870	supercritical
616.69	908.00	198.07	0.0050488	1310.9	1769.3	4.9051	2.8988	3.6803	976.00	-0.027236	3.0815e-05	0.12884	supercritical
617.69	908.00	197.81	0.0050554	1314.0	1773.0	4.9111	2.9022	3.6830	975.96	-0.027228	3.0811e-05	0.12898	supercritical
618.69	908.00	197.55	0.0050619	1317.1	1776.7	4.9170	2.9056	3.6858	975.93	-0.027220	3.0807e-05	0.12912	supercritical
619.69	908.00	197.30	0.0050685	1320.2	1780.4	4.9230	2.9089	3.6885	975.90	-0.027212	3.0804e-05	0.12926	supercritical
620.69	908.00	197.04	0.0050751	1323.3	1784.1	4.9290	2.9123	3.6912	975.87	-0.027204	3.0800e-05	0.12940	supercritical
621.69	908.00	196.79	0.0050816	1326.4	1787.8	4.9349	2.9157	3.6939	975.84	-0.027197	3.0797e-05	0.12954	supercritical
622.69	908.00	196.53	0.0050882	1329.5	1791.5	4.9408	2.9190	3.6966	975.82	-0.027189	3.0793e-05	0.12968	supercritical
623.69	908.00	196.28	0.0050947	1332.6	1795.2	4.9468	2.9224	3.6993	975.80	-0.027181	3.0790e-05	0.12982	supercritical
624.69	908.00	196.03	0.0051013	1335.7	1798.9	4.9527	2.9258	3.7021	975.77	-0.027174	3.0787e-05	0.12996	supercritical