Temperature (K)	Pressure (bar)	Density (kg/m3)	Volume (m3/kg)	Internal Energy (kJ/kg)	Enthalpy (kJ/kg)	Entropy (J/g*K)	Cv (J/g*K)	Cp (J/g*K)	Sound Spd. (m/s)	Joule-Thomson (K/bar)	Viscosity (Pa*s)	Therm. Cond. (W/m*K)	Phase
90.694	666.00	484.61	0.0020635	-97.942	39.489	-1.0473	2.2917	3.2050	1881.8	-0.052739	0.00044396	0.26140	liquid
107.69	666.00	468.38	0.0021350	-48.411	93.783	-0.49860	2.2124	3.1864	1788.4	-0.052441	0.00023396	0.24634	liquid
108.69	666.00	467.43	0.0021394	-45.512	96.969	-0.46915	2.2083	3.1858	1782.8	-0.052407	0.00022740	0.24535	liquid
109.69	666.00	466.49	0.0021437	-42.615	100.15	-0.43998	2.2043	3.1851	1777.3	-0.052371	0.00022119	0.24436	liquid
110.69	666.00	465.54	0.0021480	-39.720	103.34	-0.41107	2.2003	3.1845	1771.7	-0.052335	0.00021532	0.24336	liquid
111.69	666.00	464.60	0.0021524	-36.825	106.52	-0.38244	2.1963	3.1838	1766.1	-0.052298	0.00020976	0.24236	liquid
112.69	666.00	463.66	0.0021568	-33.933	109.71	-0.35406	2.1924	3.1832	1760.6	-0.052260	0.00020448	0.24135	liquid
113.69	666.00	462.72	0.0021611	-31.042	112.89	-0.32594	2.1885	3.1825	1755.0	-0.052221	0.00019947	0.24034	liquid
114.69	666.00	461.78	0.0021655	-28.153	116.07	-0.29808	2.1846	3.1818	1749.4	-0.052181	0.00019471	0.23932	liquid
115.69	666.00	460.84	0.0021699	-25.265	119.25	-0.27046	2.1807	3.1812	1743.9	-0.052140	0.00019018	0.23830	liquid
116.69	666.00	459.90	0.0021744	-22.379	122.43	-0.24308	2.1769	3.1805	1738.4	-0.052098	0.00018587	0.23728	liquid
117.69	666.00	458.97	0.0021788	-19.495	125.61	-0.21595	2.1730	3.1798	1732.8	-0.052056	0.00018176	0.23625	liquid
118.69	666.00	458.03	0.0021833	-16.612	128.79	-0.18905	2.1692	3.1791	1727.3	-0.052013	0.00017783	0.23522	liquid
119.69	666.00	457.09	0.0021877	-13.731	131.97	-0.16238	2.1654	3.1784	1721.8	-0.051968	0.00017409	0.23419	liquid
120.69	666.00	456.16	0.0021922	-10.852	135.15	-0.13594	2.1617	3.1776	1716.3	-0.051923	0.00017051	0.23315	liquid
121.69	666.00	455.22	0.0021967	-7.9745	138.33	-0.10972	2.1579	3.1769	1710.8	-0.051878	0.00016708	0.23212	liquid
122.69	666.00	454.29	0.0022012	-5.0987	141.50	-0.083726	2.1542	3.1762	1705.3	-0.051831	0.00016380	0.23108	liquid
123.69	666.00	453.36	0.0022058	-2.2247	144.68	-0.057947	2.1505	3.1754	1699.9	-0.051784	0.00016065	0.23004	liquid
124.69	666.00	452.42	0.0022103	0.64759	147.85	-0.032382	2.1468	3.1747	1694.4	-0.051735	0.00015764	0.22900	liquid
125.69	666.00	451.49	0.0022149	3.5180	151.03	-0.0070266	2.1431	3.1739	1689.0	-0.051686	0.00015474	0.22796	liquid
126.69	666.00	450.56	0.0022195	6.3866	154.20	0.018121	2.1395	3.1731	1683.6	-0.051636	0.00015196	0.22693	liquid
127.69	666.00	449.63	0.0022241	9.2534	157.38	0.043065	2.1359	3.1723	1678.1	-0.051585	0.00014928	0.22589	liquid
128.69	666.00	448.70	0.0022287	12.118	160.55	0.067809	2.1322	3.1715	1672.7	-0.051533	0.00014671	0.22485	liquid
129.69	666.00	447.77	0.0022333	14.981	163.72	0.092354	2.1287	3.1707	1667.4	-0.051481	0.00014423	0.22381	liquid
130.69	666.00	446.84	0.0022379	17.843	166.89	0.11671	2.1251	3.1699	1662.0	-0.051427	0.00014184	0.22277	liquid
131.69	666.00	445.91	0.0022426	20.702	170.06	0.14086	2.1215	3.1691	1656.6	-0.051372	0.00013954	0.22174	liquid
132.69	666.00	444.99	0.0022473	23.559	173.23	0.16484	2.1180	3.1683	1651.3	-0.051317	0.00013731	0.22070	liquid
133.69	666.00	444.06	0.0022520	26.415	176.39	0.18862	2.1145	3.1675	1646.0	-0.051260	0.00013517	0.21967	liquid
134.69	666.00	443.13	0.0022567	29.268	179.56	0.21222	2.1110	3.1667	1640.6	-0.051203	0.00013309	0.21864	liquid
135.69	666.00	442.21	0.0022614	32.120	182.73	0.23564	2.1076	3.1658	1635.3	-0.051145	0.00013108	0.21761	liquid
136.69	666.00	441.28	0.0022661	34.970	185.89	0.25888	2.1042	3.1650	1630.1	-0.051085	0.00012914	0.21658	liquid
137.69	666.00	440.36	0.0022709	37.817	189.06	0.28195	2.1007	3.1642	1624.8	-0.051025	0.00012726	0.21556	liquid
138.69	666.00	439.43	0.0022757	40.663	192.22	0.30484	2.0974	3.1633	1619.5	-0.050964	0.00012544	0.21453	liquid
139.69	666.00	438.51	0.0022805	43.507	195.38	0.32757	2.0940	3.1625	1614.3	-0.050901	0.00012368	0.21351	liquid
140.69	666.00	437.59	0.0022853	46.348	198.55	0.35012	2.0907	3.1616	1609.1	-0.050838	0.00012196	0.21249	liquid
141.69	666.00	436.66	0.0022901	49.188	201.71	0.37251	2.0874	3.1608	1603.9	-0.050774	0.00012030	0.21148	liquid
142.69	666.00	435.74	0.0022949	52.026	204.87	0.39474	2.0841	3.1600	1598.7	-0.050708	0.00011869	0.21047	liquid
143.69	666.00	434.82	0.0022998	54.862	208.03	0.41680	2.0808	3.1591	1593.6	-0.050642	0.00011712	0.20946	liquid
144.69	666.00	433.90	0.0023047	57.695	211.19	0.43871	2.0776	3.1583	1588.4	-0.050574	0.00011560	0.20845	liquid
145.69	666.00	432.98	0.0023096	60.527	214.34	0.46046	2.0743	3.1574	1583.3	-0.050505	0.00011412	0.20745	liquid
146.69	666.00	432.06	0.0023145	63.356	217.50	0.48205	2.0712	3.1566	1578.2	-0.050435	0.00011268	0.20645	liquid
147.69	666.00	431.14	0.0023194	66.184	220.66	0.50349	2.0680	3.1557	1573.1	-0.050365	0.00011128	0.20546	liquid
148.69	666.00	430.22	0.0023244	69.009	223.81	0.52478	2.0649	3.1549	1568.0	-0.050293	0.00010991	0.20447	liquid
149.69	666.00	429.30	0.0023293	71.833	226.97	0.54593	2.0618	3.1541	1562.9	-0.050219	0.00010858	0.20348	liquid
150.69	666.00	428.39	0.0023343	74.654	230.12	0.56693	2.0587	3.1532	1557.9	-0.050145	0.00010728	0.20250	liquid
151.69	666.00	427.47	0.0023393	77.474	233.27	0.58778	2.0556	3.1524	1552.9	-0.050070	0.00010602	0.20152	liquid
152.69	666.00	426.55	0.0023444	80.291	236.43	0.60849	2.0526	3.1516	1547.9	-0.049993	0.00010479	0.20054	liquid
153.69	666.00	425.64	0.0023494	83.106	239.58	0.62906	2.0496	3.1508	1542.9	-0.049915	0.00010358	0.19957	liquid
154.69	666.00	424.72	0.0023545	85.919	242.73	0.64949	2.0466	3.1499	1537.9	-0.049836	0.00010241	0.19860	liquid
155.69	666.00	423.81	0.0023596	88.730	245.88	0.66978	2.0437	3.1491	1533.0	-0.049756	0.00010126	0.19764	liquid
156.69	666.00	422.89	0.0023647	91.539	249.03	0.68994	2.0407	3.1483	1528.0	-0.049675	0.00010014	0.19668	liquid
157.69	666.00	421.98	0.0023698	94.346	252.17	0.70997	2.0379	3.1475	1523.1	-0.049593	9.9049e-05	0.19573	liquid
158.69	666.00	421.07	0.0023749	97.151	255.32	0.72986	2.0350	3.1467	1518.2	-0.049509	9.7980e-05	0.19478	liquid
159.69	666.00	420.15	0.0023801	99.954	258.47	0.74963	2.0322	3.1459	1513.4	-0.049424	9.6934e-05	0.19383	liquid
160.69	666.00	419.24	0.0023853	102.75	261.61	0.76926	2.0293	3.1451	1508.5	-0.049338	9.5911e-05	0.19289	liquid
161.69	666.00	418.33	0.0023905	105.55	264.76	0.78877	2.0266	3.1443	1503.7	-0.049251	9.4910e-05	0.19196	liquid
162.69	666.00	417.42	0.0023957	108.35	267.90	0.80815	2.0238	3.1436	1498.9	-0.049162	9.3931e-05	0.19103	liquid
163.69	666.00	416.51	0.0024009	111.14	271.04	0.82742	2.0211	3.1428	1494.1	-0.049073	9.2972e-05	0.19010	liquid
164.69	666.00	415.60	0.0024062	113.94	274.19	0.84655	2.0184	3.1420	1489.3	-0.048982	9.2033e-05	0.18918	liquid
165.69	666.00	414.69	0.0024114	116.73	277.33	0.86557	2.0157	3.1413	1484.5	-0.048889	9.1114e-05	0.18826	liquid
166.69	666.00	413.78	0.0024167	119.52	280.47	0.88447	2.0131	3.1405	1479.8	-0.048796	9.0213e-05	0.18735	liquid
167.69	666.00	412.87	0.0024220	122.30	283.61	0.90325	2.0105	3.1398	1475.1	-0.048701	8.9330e-05	0.18644	liquid
168.69	666.00	411.97	0.0024274	125.09	286.75	0.92192	2.0079	3.1390	1470.4	-0.048605	8.8465e-05	0.18554	liquid
169.69	666.00	411.06	0.0024327	127.87	289.89	0.94047	2.0054	3.1383	1465.7	-0.048508	8.7616e-05	0.18465	liquid
170.69	666.00	410.15	0.0024381	130.65	293.03	0.95891	2.0029	3.1376	1461.1	-0.048410	8.6784e-05	0.18376	liquid
171.69	666.00	409.25	0.0024435	133.43	296.16	0.97723	2.0004	3.1369	1456.4	-0.048310	8.5968e-05	0.18287	liquid
172.69	666.00	408.34	0.0024489	136.20	299.30	0.99545	1.9979	3.1362	1451.8	-0.048209	8.5167e-05	0.18199	liquid
173.69	666.00	407.44	0.0024544	138.98	302.44	1.0136	1.9955	3.1355	1447.2	-0.048107	8.4382e-05	0.18112	liquid
174.69	666.00	406.54	0.0024598	141.75	305.57	1.0316	1.9931	3.1348	1442.6	-0.048004	8.3610e-05	0.18024	liquid
175.69	666.00	405.63	0.0024653	144.52	308.70	1.0494	1.9907	3.1341	1438.1	-0.047899	8.2853e-05	0.17938	liquid
176.69	666.00	404.73	0.0024708	147.28	311.84	1.0672	1.9884	3.1334	1433.6	-0.047793	8.2110e-05	0.17852	liquid
177.69	666.00	403.83	0.0024763	150.05	314.97	1.0849	1.9861	3.1328	1429.0	-0.047686	8.1380e-05	0.17767	liquid
178.69	666.00	402.93	0.0024818	152.81	318.10	1.1025	1.9838	3.1321	1424.5	-0.047577	8.0663e-05	0.17682	liquid
179.69	666.00	402.03	0.0024874	155.58	321.24	1.1200	1.9816	3.1315	1420.1	-0.047468	7.9958e-05	0.17597	liquid
180.69	666.00	401.13	0.0024930	158.33	324.37	1.1373	1.9793	3.1309	1415.6	-0.047357	7.9266e-05	0.17514	liquid
181.69	666.00	400.23	0.0024986	161.09	327.50	1.1546	1.9772	3.1302	1411.2	-0.047245	7.8586e-05	0.17430	liquid
182.69	666.00	399.33	0.0025042	163.85	330.63	1.1718	1.9750	3.1296	1406.8	-0.047131	7.7917e-05	0.17348	liquid
183.69	666.00	398.43	0.0025099	166.60	333.76	1.1889	1.9729	3.1290	1402.4	-0.047017	7.7260e-05	0.17265	liquid
184.69	666.00	397.53	0.0025155	169.35	336.89	1.2059	1.9708	3.1284	1398.0	-0.046901	7.6613e-05	0.17184	liquid
185.69	666.00	396.64	0.0025212	172.10	340.01	1.2228	1.9687	3.1278	1393.6	-0.046783	7.5978e-05	0.17103	liquid
186.69	666.00	395.74	0.0025269	174.85	343.14	1.2396	1.9667	3.1272	1389.3	-0.046665	7.5353e-05	0.17022	liquid
187.69	666.00	394.85	0.0025326	177.59	346.27	1.2563	1.9647	3.1267	1385.0	-0.046545	7.4738e-05	0.16942	liquid
188.69	666.00	393.95	0.0025384	180.34	349.39	1.2729	1.9627	3.1261	1380.7	-0.046425	7.4133e-05	0.16863	liquid
189.69	666.00	393.06	0.0025442	183.08	352.52	1.2894	1.9608	3.1255	1376.4	-0.046302	7.3538e-05	0.16784	liquid
190.69	666.00	392.16	0.0025500	185.82	355.65	1.3058	1.9588	3.1250	1372.2	-0.046179	7.2952e-05	0.16706	supercritical
191.69	666.00	391.27	0.0025558	188.56	358.77	1.3222	1.9570	3.1245	1368.0	-0.046055	7.2376e-05	0.16628	supercritical
192.69	666.00	390.38	0.0025616	191.29	361.89	1.3384	1.9551	3.1239	1363.8	-0.045929	7.1808e-05	0.16551	supercritical
193.69	666.00	389.49	0.0025675	194.03	365.02	1.3546	1.9533	3.1234	1359.6	-0.045802	7.1250e-05	0.16474	supercritical
194.69	666.00	388.60	0.0025733	196.76	368.14	1.3707	1.9515	3.1229	1355.4	-0.045674	7.0700e-05	0.16398	supercritical
195.69	666.00	387.71	0.0025792	199.49	371.26	1.3867	1.9498	3.1224	1351.3	-0.045545	7.0158e-05	0.16322	supercritical
196.69	666.00	386.82	0.0025852	202.21	374.39	1.4026	1.9480	3.1220	1347.1	-0.045414	6.9625e-05	0.16247	supercritical
197.69	666.00	385.93	0.0025911	204.94	377.51	1.4184	1.9463	3.1215	1343.0	-0.045282	6.9100e-05	0.16172	supercritical
198.69	666.00	385.05	0.0025971	207.66	380.63	1.4342	1.9447	3.1210	1338.9	-0.045149	6.8583e-05	0.16098	supercritical
199.69	666.00	384.16	0.0026031	210.39	383.75	1.4498	1.9431	3.1206	1334.9	-0.045015	6.8073e-05	0.16025	supercritical
200.69	666.00	383.28	0.0026091	213.11	386.87	1.4654	1.9415	3.1201	1330.8	-0.044880	6.7571e-05	0.15952	supercritical
201.69	666.00	382.39	0.0026151	215.82	389.99	1.4809	1.9399	3.1197	1326.8	-0.044744	6.7077e-05	0.15880	supercritical
202.69	666.00	381.51	0.0026212	218.54	393.11	1.4964	1.9384	3.1192	1322.8	-0.044607	6.6589e-05	0.15808	supercritical
203.69	666.00	380.63	0.0026273	221.25	396.23	1.5117	1.9369	3.1188	1318.8	-0.044468	6.6109e-05	0.15737	supercritical
204.69	666.00	379.74	0.0026334	223.97	399.35	1.5270	1.9354	3.1184	1314.9	-0.044328	6.5636e-05	0.15666	supercritical
205.69	666.00	378.86	0.0026395	226.68	402.47	1.5422	1.9339	3.1180	1310.9	-0.044188	6.5169e-05	0.15596	supercritical
206.69	666.00	377.98	0.0026456	229.38	405.58	1.5573	1.9325	3.1176	1307.0	-0.044046	6.4709e-05	0.15526	supercritical
207.69	666.00	377.10	0.0026518	232.09	408.70	1.5723	1.9312	3.1173	1303.1	-0.043903	6.4256e-05	0.15457	supercritical
208.69	666.00	376.23	0.0026580	234.80	411.82	1.5873	1.9298	3.1169	1299.3	-0.043759	6.3809e-05	0.15389	supercritical
209.69	666.00	375.35	0.0026642	237.50	414.93	1.6022	1.9285	3.1165	1295.4	-0.043614	6.3368e-05	0.15321	supercritical
210.69	666.00	374.47	0.0026704	240.20	418.05	1.6170	1.9272	3.1162	1291.6	-0.043467	6.2934e-05	0.15253	supercritical
211.69	666.00	373.60	0.0026767	242.90	421.17	1.6318	1.9260	3.1158	1287.8	-0.043320	6.2505e-05	0.15186	supercritical
212.69	666.00	372.72	0.0026830	245.60	424.28	1.6465	1.9247	3.1155	1284.0	-0.043172	6.2083e-05	0.15120	supercritical
213.69	666.00	371.85	0.0026893	248.29	427.40	1.6611	1.9236	3.1152	1280.2	-0.043023	6.1666e-05	0.15054	supercritical
214.69	666.00	370.98	0.0026956	250.99	430.51	1.6756	1.9224	3.1149	1276.4	-0.042873	6.1255e-05	0.14989	supercritical
215.69	666.00	370.11	0.0027019	253.68	433.63	1.6901	1.9213	3.1146	1272.7	-0.042721	6.0849e-05	0.14924	supercritical
216.69	666.00	369.23	0.0027083	256.37	436.74	1.7045	1.9202	3.1143	1269.0	-0.042569	6.0449e-05	0.14860	supercritical
217.69	666.00	368.37	0.0027147	259.06	439.86	1.7189	1.9191	3.1140	1265.3	-0.042416	6.0055e-05	0.14796	supercritical
218.69	666.00	367.50	0.0027211	261.74	442.97	1.7331	1.9181	3.1137	1261.7	-0.042262	5.9665e-05	0.14733	supercritical
219.69	666.00	366.63	0.0027275	264.43	446.08	1.7473	1.9171	3.1135	1258.0	-0.042107	5.9281e-05	0.14671	supercritical
220.69	666.00	365.76	0.0027340	267.11	449.20	1.7615	1.9161	3.1132	1254.4	-0.041951	5.8902e-05	0.14609	supercritical
221.69	666.00	364.90	0.0027405	269.79	452.31	1.7755	1.9152	3.1130	1250.8	-0.041794	5.8528e-05	0.14547	supercritical
222.69	666.00	364.03	0.0027470	272.47	455.42	1.7895	1.9143	3.1127	1247.2	-0.041637	5.8159e-05	0.14486	supercritical
223.69	666.00	363.17	0.0027535	275.15	458.54	1.8035	1.9134	3.1125	1243.7	-0.041478	5.7795e-05	0.14426	supercritical
224.69	666.00	362.31	0.0027601	277.83	461.65	1.8174	1.9126	3.1123	1240.1	-0.041319	5.7435e-05	0.14366	supercritical
225.69	666.00	361.45	0.0027666	280.50	464.76	1.8312	1.9118	3.1121	1236.6	-0.041158	5.7080e-05	0.14306	supercritical
226.69	666.00	360.59	0.0027732	283.18	467.87	1.8450	1.9110	3.1119	1233.1	-0.040997	5.6730e-05	0.14248	supercritical
227.69	666.00	359.73	0.0027799	285.85	470.98	1.8587	1.9102	3.1117	1229.6	-0.040836	5.6384e-05	0.14189	supercritical
228.69	666.00	358.87	0.0027865	288.52	474.10	1.8723	1.9095	3.1115	1226.2	-0.040673	5.6043e-05	0.14131	supercritical
229.69	666.00	358.02	0.0027932	291.18	477.21	1.8859	1.9088	3.1114	1222.7	-0.040509	5.5706e-05	0.14074	supercritical
230.69	666.00	357.16	0.0027998	293.85	480.32	1.8994	1.9082	3.1112	1219.3	-0.040345	5.5373e-05	0.14017	supercritical
231.69	666.00	356.31	0.0028065	296.51	483.43	1.9128	1.9076	3.1111	1215.9	-0.040180	5.5044e-05	0.13961	supercritical
232.69	666.00	355.46	0.0028133	299.18	486.54	1.9262	1.9070	3.1109	1212.6	-0.040015	5.4720e-05	0.13905	supercritical
233.69	666.00	354.61	0.0028200	301.84	489.65	1.9396	1.9064	3.1108	1209.2	-0.039849	5.4399e-05	0.13850	supercritical
234.69	666.00	353.76	0.0028268	304.50	492.76	1.9529	1.9059	3.1106	1205.9	-0.039682	5.4083e-05	0.13795	supercritical
235.69	666.00	352.91	0.0028336	307.16	495.87	1.9661	1.9054	3.1105	1202.6	-0.039514	5.3771e-05	0.13741	supercritical
236.69	666.00	352.06	0.0028404	309.81	498.98	1.9793	1.9049	3.1104	1199.3	-0.039346	5.3462e-05	0.13687	supercritical
237.69	666.00	351.22	0.0028473	312.47	502.09	1.9924	1.9045	3.1103	1196.0	-0.039177	5.3157e-05	0.13634	supercritical
238.69	666.00	350.37	0.0028541	315.12	505.20	2.0054	1.9041	3.1102	1192.8	-0.039007	5.2857e-05	0.13581	supercritical
239.69	666.00	349.53	0.0028610	317.77	508.31	2.0184	1.9037	3.1101	1189.6	-0.038837	5.2559e-05	0.13529	supercritical
240.69	666.00	348.69	0.0028679	320.42	511.42	2.0314	1.9034	3.1101	1186.4	-0.038667	5.2266e-05	0.13477	supercritical
241.69	666.00	347.85	0.0028748	323.07	514.53	2.0443	1.9031	3.1100	1183.2	-0.038496	5.1976e-05	0.13426	supercritical
242.69	666.00	347.01	0.0028818	325.72	517.64	2.0571	1.9028	3.1100	1180.0	-0.038324	5.1689e-05	0.13375	supercritical
243.69	666.00	346.17	0.0028888	328.36	520.75	2.0699	1.9025	3.1099	1176.9	-0.038152	5.1406e-05	0.13325	supercritical
244.69	666.00	345.33	0.0028958	331.01	523.86	2.0826	1.9023	3.1099	1173.8	-0.037979	5.1127e-05	0.13275	supercritical
245.69	666.00	344.50	0.0029028	333.65	526.97	2.0953	1.9021	3.1098	1170.7	-0.037806	5.0850e-05	0.13226	supercritical
246.69	666.00	343.66	0.0029098	336.29	530.08	2.1079	1.9020	3.1098	1167.6	-0.037632	5.0577e-05	0.13177	supercritical
247.69	666.00	342.83	0.0029169	338.93	533.19	2.1205	1.9018	3.1098	1164.5	-0.037458	5.0308e-05	0.13128	supercritical
248.69	666.00	342.00	0.0029240	341.57	536.30	2.1331	1.9017	3.1098	1161.5	-0.037284	5.0041e-05	0.13081	supercritical
249.69	666.00	341.17	0.0029311	344.20	539.41	2.1455	1.9017	3.1098	1158.5	-0.037109	4.9778e-05	0.13033	supercritical
250.69	666.00	340.34	0.0029382	346.84	542.52	2.1580	1.9016	3.1098	1155.5	-0.036934	4.9518e-05	0.12986	supercritical
251.69	666.00	339.52	0.0029454	349.47	545.63	2.1703	1.9016	3.1098	1152.5	-0.036759	4.9261e-05	0.12940	supercritical
252.69	666.00	338.69	0.0029525	352.10	548.74	2.1827	1.9016	3.1098	1149.5	-0.036583	4.9007e-05	0.12894	supercritical
253.69	666.00	337.87	0.0029597	354.74	551.85	2.1950	1.9017	3.1099	1146.6	-0.036407	4.8756e-05	0.12848	supercritical
254.69	666.00	337.05	0.0029669	357.36	554.96	2.2072	1.9018	3.1099	1143.7	-0.036231	4.8508e-05	0.12803	supercritical
255.69	666.00	336.23	0.0029742	359.99	558.07	2.2194	1.9019	3.1100	1140.8	-0.036054	4.8263e-05	0.12759	supercritical
256.69	666.00	335.41	0.0029814	362.62	561.18	2.2315	1.9020	3.1100	1137.9	-0.035877	4.8021e-05	0.12715	supercritical
257.69	666.00	334.59	0.0029887	365.24	564.29	2.2436	1.9022	3.1101	1135.1	-0.035700	4.7781e-05	0.12671	supercritical
258.69	666.00	333.78	0.0029960	367.87	567.40	2.2557	1.9024	3.1102	1132.2	-0.035523	4.7545e-05	0.12628	supercritical
259.69	666.00	332.96	0.0030033	370.49	570.51	2.2677	1.9026	3.1102	1129.4	-0.035346	4.7311e-05	0.12585	supercritical
260.69	666.00	332.15	0.0030107	373.11	573.62	2.2796	1.9029	3.1103	1126.6	-0.035169	4.7080e-05	0.12543	supercritical
261.69	666.00	331.34	0.0030180	375.73	576.73	2.2915	1.9032	3.1104	1123.9	-0.034991	4.6851e-05	0.12501	supercritical
262.69	666.00	330.53	0.0030254	378.35	579.84	2.3034	1.9035	3.1105	1121.1	-0.034813	4.6625e-05	0.12459	supercritical
263.69	666.00	329.73	0.0030328	380.97	582.95	2.3152	1.9038	3.1106	1118.4	-0.034636	4.6402e-05	0.12418	supercritical
264.69	666.00	328.92	0.0030402	383.58	586.07	2.3270	1.9042	3.1107	1115.7	-0.034458	4.6181e-05	0.12378	supercritical
265.69	666.00	328.12	0.0030477	386.20	589.18	2.3387	1.9046	3.1109	1113.0	-0.034280	4.5963e-05	0.12338	supercritical
266.69	666.00	327.32	0.0030552	388.81	592.29	2.3504	1.9050	3.1110	1110.3	-0.034102	4.5748e-05	0.12298	supercritical
267.69	666.00	326.52	0.0030626	391.43	595.40	2.3620	1.9055	3.1111	1107.6	-0.033924	4.5534e-05	0.12259	supercritical
268.69	666.00	325.72	0.0030702	394.04	598.51	2.3736	1.9060	3.1113	1105.0	-0.033747	4.5324e-05	0.12220	supercritical
269.69	666.00	324.92	0.0030777	396.65	601.62	2.3852	1.9065	3.1114	1102.4	-0.033569	4.5115e-05	0.12182	supercritical
270.69	666.00	324.12	0.0030852	399.26	604.73	2.3967	1.9070	3.1116	1099.8	-0.033391	4.4909e-05	0.12144	supercritical
271.69	666.00	323.33	0.0030928	401.86	607.84	2.4082	1.9076	3.1118	1097.2	-0.033214	4.4706e-05	0.12107	supercritical
272.69	666.00	322.54	0.0031004	404.47	610.96	2.4196	1.9082	3.1120	1094.7	-0.033036	4.4504e-05	0.12070	supercritical
273.69	666.00	321.75	0.0031080	407.07	614.07	2.4310	1.9088	3.1121	1092.1	-0.032859	4.4305e-05	0.12033	supercritical
274.69	666.00	320.96	0.0031156	409.68	617.18	2.4424	1.9095	3.1123	1089.6	-0.032682	4.4108e-05	0.11997	supercritical
275.69	666.00	320.18	0.0031233	412.28	620.29	2.4537	1.9101	3.1125	1087.1	-0.032505	4.3914e-05	0.11961	supercritical
276.69	666.00	319.39	0.0031309	414.88	623.41	2.4649	1.9108	3.1127	1084.6	-0.032328	4.3721e-05	0.11926	supercritical
277.69	666.00	318.61	0.0031386	417.48	626.52	2.4762	1.9116	3.1130	1082.2	-0.032152	4.3531e-05	0.11891	supercritical
278.69	666.00	317.83	0.0031463	420.08	629.63	2.4874	1.9123	3.1132	1079.7	-0.031975	4.3343e-05	0.11856	supercritical
279.69	666.00	317.05	0.0031541	422.68	632.74	2.4985	1.9131	3.1134	1077.3	-0.031799	4.3157e-05	0.11822	supercritical
280.69	666.00	316.27	0.0031618	425.28	635.86	2.5096	1.9139	3.1137	1074.9	-0.031624	4.2973e-05	0.11788	supercritical
281.69	666.00	315.50	0.0031696	427.88	638.97	2.5207	1.9148	3.1139	1072.5	-0.031448	4.2791e-05	0.11755	supercritical
282.69	666.00	314.73	0.0031774	430.47	642.09	2.5317	1.9156	3.1141	1070.2	-0.031273	4.2611e-05	0.11722	supercritical
283.69	666.00	313.95	0.0031852	433.07	645.20	2.5427	1.9165	3.1144	1067.8	-0.031098	4.2433e-05	0.11689	supercritical
284.69	666.00	313.19	0.0031930	435.66	648.31	2.5537	1.9174	3.1147	1065.5	-0.030924	4.2258e-05	0.11657	supercritical
285.69	666.00	312.42	0.0032008	438.25	651.43	2.5646	1.9184	3.1149	1063.2	-0.030750	4.2084e-05	0.11625	supercritical
286.69	666.00	311.65	0.0032087	440.85	654.54	2.5755	1.9193	3.1152	1060.9	-0.030576	4.1912e-05	0.11594	supercritical
287.69	666.00	310.89	0.0032166	443.44	657.66	2.5863	1.9203	3.1155	1058.6	-0.030403	4.1742e-05	0.11563	supercritical
288.69	666.00	310.13	0.0032245	446.03	660.78	2.5972	1.9213	3.1158	1056.4	-0.030231	4.1573e-05	0.11532	supercritical
289.69	666.00	309.37	0.0032324	448.61	663.89	2.6079	1.9224	3.1161	1054.2	-0.030058	4.1407e-05	0.11502	supercritical
290.69	666.00	308.61	0.0032403	451.20	667.01	2.6187	1.9235	3.1164	1052.0	-0.029886	4.1243e-05	0.11472	supercritical
291.69	666.00	307.86	0.0032483	453.79	670.12	2.6294	1.9246	3.1167	1049.8	-0.029715	4.1080e-05	0.11443	supercritical
292.69	666.00	307.10	0.0032562	456.38	673.24	2.6400	1.9257	3.1171	1047.6	-0.029544	4.0919e-05	0.11414	supercritical
293.69	666.00	306.35	0.0032642	458.96	676.36	2.6507	1.9268	3.1174	1045.4	-0.029374	4.0760e-05	0.11385	supercritical
294.69	666.00	305.60	0.0032722	461.54	679.48	2.6613	1.9280	3.1177	1043.3	-0.029204	4.0603e-05	0.11357	supercritical
295.69	666.00	304.85	0.0032803	464.13	682.59	2.6718	1.9292	3.1181	1041.2	-0.029035	4.0447e-05	0.11329	supercritical
296.69	666.00	304.11	0.0032883	466.71	685.71	2.6824	1.9304	3.1185	1039.1	-0.028867	4.0293e-05	0.11301	supercritical
297.69	666.00	303.37	0.0032964	469.29	688.83	2.6928	1.9316	3.1188	1037.0	-0.028699	4.0141e-05	0.11274	supercritical
298.69	666.00	302.62	0.0033044	471.87	691.95	2.7033	1.9329	3.1192	1034.9	-0.028532	3.9990e-05	0.11247	supercritical
299.69	666.00	301.88	0.0033125	474.45	695.07	2.7137	1.9342	3.1196	1032.9	-0.028365	3.9842e-05	0.11220	supercritical
300.69	666.00	301.15	0.0033206	477.03	698.19	2.7241	1.9355	3.1200	1030.8	-0.028199	3.9694e-05	0.11194	supercritical
301.69	666.00	300.41	0.0033288	479.61	701.31	2.7345	1.9368	3.1203	1028.8	-0.028034	3.9549e-05	0.11168	supercritical
302.69	666.00	299.68	0.0033369	482.19	704.43	2.7448	1.9382	3.1207	1026.8	-0.027869	3.9405e-05	0.11143	supercritical
303.69	666.00	298.95	0.0033451	484.77	707.55	2.7551	1.9396	3.1212	1024.8	-0.027705	3.9262e-05	0.11118	supercritical
304.69	666.00	298.22	0.0033532	487.35	710.67	2.7654	1.9410	3.1216	1022.9	-0.027542	3.9121e-05	0.11093	supercritical
305.69	666.00	297.49	0.0033614	489.92	713.79	2.7756	1.9424	3.1220	1020.9	-0.027379	3.8982e-05	0.11068	supercritical
306.69	666.00	296.77	0.0033696	492.50	716.92	2.7858	1.9438	3.1224	1019.0	-0.027218	3.8844e-05	0.11044	supercritical
307.69	666.00	296.05	0.0033779	495.07	720.04	2.7960	1.9453	3.1229	1017.1	-0.027057	3.8708e-05	0.11020	supercritical
308.69	666.00	295.32	0.0033861	497.65	723.16	2.8061	1.9468	3.1233	1015.2	-0.026896	3.8573e-05	0.10997	supercritical
309.69	666.00	294.61	0.0033944	500.22	726.29	2.8162	1.9483	3.1238	1013.3	-0.026737	3.8439e-05	0.10974	supercritical
310.69	666.00	293.89	0.0034026	502.79	729.41	2.8263	1.9499	3.1242	1011.4	-0.026578	3.8307e-05	0.10951	supercritical
311.69	666.00	293.18	0.0034109	505.37	732.53	2.8363	1.9514	3.1247	1009.6	-0.026420	3.8177e-05	0.10929	supercritical
312.69	666.00	292.46	0.0034192	507.94	735.66	2.8463	1.9530	3.1252	1007.8	-0.026263	3.8048e-05	0.10906	supercritical
313.69	666.00	291.75	0.0034275	510.51	738.78	2.8563	1.9546	3.1257	1006.0	-0.026107	3.7920e-05	0.10885	supercritical
314.69	666.00	291.05	0.0034359	513.08	741.91	2.8662	1.9562	3.1262	1004.2	-0.025952	3.7794e-05	0.10863	supercritical
315.69	666.00	290.34	0.0034442	515.65	745.04	2.8762	1.9579	3.1267	1002.4	-0.025798	3.7669e-05	0.10842	supercritical
316.69	666.00	289.64	0.0034526	518.22	748.16	2.8861	1.9595	3.1272	1000.6	-0.025644	3.7545e-05	0.10821	supercritical
317.69	666.00	288.94	0.0034610	520.79	751.29	2.8959	1.9612	3.1277	998.87	-0.025491	3.7423e-05	0.10801	supercritical
318.69	666.00	288.24	0.0034693	523.36	754.42	2.9057	1.9629	3.1282	997.14	-0.025340	3.7302e-05	0.10780	supercritical
319.69	666.00	287.54	0.0034778	525.93	757.55	2.9155	1.9647	3.1288	995.43	-0.025189	3.7183e-05	0.10760	supercritical
320.69	666.00	286.85	0.0034862	528.50	760.68	2.9253	1.9664	3.1293	993.73	-0.025039	3.7064e-05	0.10741	supercritical
321.69	666.00	286.16	0.0034946	531.06	763.81	2.9351	1.9682	3.1299	992.05	-0.024890	3.6947e-05	0.10721	supercritical
322.69	666.00	285.47	0.0035031	533.63	766.94	2.9448	1.9700	3.1304	990.38	-0.024742	3.6832e-05	0.10702	supercritical
323.69	666.00	284.78	0.0035115	536.20	770.07	2.9545	1.9718	3.1310	988.73	-0.024595	3.6717e-05	0.10684	supercritical
324.69	666.00	284.09	0.0035200	538.77	773.20	2.9641	1.9736	3.1316	987.10	-0.024449	3.6604e-05	0.10665	supercritical
325.69	666.00	283.41	0.0035285	541.33	776.33	2.9738	1.9754	3.1321	985.48	-0.024304	3.6492e-05	0.10647	supercritical
326.69	666.00	282.73	0.0035370	543.90	779.46	2.9834	1.9773	3.1327	983.87	-0.024160	3.6381e-05	0.10629	supercritical
327.69	666.00	282.05	0.0035455	546.46	782.60	2.9929	1.9792	3.1333	982.28	-0.024017	3.6271e-05	0.10612	supercritical
328.69	666.00	281.37	0.0035540	549.03	785.73	3.0025	1.9811	3.1340	980.71	-0.023874	3.6163e-05	0.10595	supercritical
329.69	666.00	280.70	0.0035626	551.60	788.86	3.0120	1.9830	3.1346	979.15	-0.023733	3.6056e-05	0.10578	supercritical
330.69	666.00	280.02	0.0035711	554.16	792.00	3.0215	1.9850	3.1352	977.61	-0.023593	3.5950e-05	0.10561	supercritical
331.69	666.00	279.35	0.0035797	556.73	795.13	3.0310	1.9869	3.1358	976.08	-0.023454	3.5845e-05	0.10544	supercritical
332.69	666.00	278.69	0.0035883	559.29	798.27	3.0404	1.9889	3.1365	974.56	-0.023316	3.5741e-05	0.10528	supercritical
333.69	666.00	278.02	0.0035969	561.85	801.41	3.0498	1.9909	3.1371	973.06	-0.023179	3.5638e-05	0.10512	supercritical
334.69	666.00	277.36	0.0036055	564.42	804.54	3.0592	1.9929	3.1378	971.58	-0.023043	3.5537e-05	0.10497	supercritical
335.69	666.00	276.69	0.0036141	566.98	807.68	3.0686	1.9949	3.1385	970.11	-0.022908	3.5437e-05	0.10482	supercritical
336.69	666.00	276.04	0.0036227	569.55	810.82	3.0779	1.9970	3.1392	968.65	-0.022775	3.5337e-05	0.10467	supercritical
337.69	666.00	275.38	0.0036314	572.11	813.96	3.0872	1.9991	3.1398	967.21	-0.022642	3.5239e-05	0.10452	supercritical
338.69	666.00	274.72	0.0036400	574.67	817.10	3.0965	2.0012	3.1405	965.79	-0.022510	3.5142e-05	0.10437	supercritical
339.69	666.00	274.07	0.0036487	577.24	820.24	3.1058	2.0033	3.1412	964.37	-0.022380	3.5046e-05	0.10423	supercritical
340.69	666.00	273.42	0.0036574	579.80	823.38	3.1150	2.0054	3.1420	962.97	-0.022250	3.4951e-05	0.10409	supercritical
341.69	666.00	272.77	0.0036661	582.37	826.53	3.1242	2.0075	3.1427	961.59	-0.022122	3.4857e-05	0.10395	supercritical
342.69	666.00	272.13	0.0036748	584.93	829.67	3.1334	2.0097	3.1434	960.22	-0.021994	3.4763e-05	0.10382	supercritical
343.69	666.00	271.48	0.0036835	587.49	832.81	3.1425	2.0118	3.1442	958.86	-0.021868	3.4671e-05	0.10369	supercritical
344.69	666.00	270.84	0.0036922	590.06	835.96	3.1517	2.0140	3.1449	957.52	-0.021743	3.4580e-05	0.10356	supercritical
345.69	666.00	270.20	0.0037009	592.62	839.10	3.1608	2.0162	3.1457	956.19	-0.021619	3.4490e-05	0.10343	supercritical
346.69	666.00	269.57	0.0037097	595.18	842.25	3.1699	2.0185	3.1464	954.87	-0.021496	3.4401e-05	0.10331	supercritical
347.69	666.00	268.93	0.0037184	597.75	845.39	3.1789	2.0207	3.1472	953.57	-0.021374	3.4313e-05	0.10318	supercritical
348.69	666.00	268.30	0.0037272	600.31	848.54	3.1880	2.0229	3.1480	952.28	-0.021254	3.4226e-05	0.10306	supercritical
349.69	666.00	267.67	0.0037360	602.88	851.69	3.1970	2.0252	3.1488	951.00	-0.021134	3.4140e-05	0.10295	supercritical
350.69	666.00	267.04	0.0037447	605.44	854.84	3.2060	2.0275	3.1496	949.74	-0.021016	3.4055e-05	0.10283	supercritical
351.69	666.00	266.41	0.0037535	608.00	857.99	3.2150	2.0298	3.1504	948.49	-0.020899	3.3971e-05	0.10272	supercritical
352.69	666.00	265.79	0.0037623	610.57	861.14	3.2239	2.0321	3.1513	947.25	-0.020783	3.3887e-05	0.10261	supercritical
353.69	666.00	265.17	0.0037712	613.13	864.29	3.2328	2.0345	3.1521	946.03	-0.020668	3.3805e-05	0.10250	supercritical
354.69	666.00	264.55	0.0037800	615.70	867.45	3.2417	2.0368	3.1529	944.81	-0.020554	3.3723e-05	0.10240	supercritical
355.69	666.00	263.93	0.0037888	618.26	870.60	3.2506	2.0392	3.1538	943.62	-0.020441	3.3642e-05	0.10229	supercritical
356.69	666.00	263.32	0.0037977	620.83	873.75	3.2595	2.0415	3.1547	942.43	-0.020329	3.3563e-05	0.10219	supercritical
357.69	666.00	262.71	0.0038065	623.39	876.91	3.2683	2.0439	3.1555	941.26	-0.020219	3.3484e-05	0.10210	supercritical
358.69	666.00	262.10	0.0038154	625.96	880.06	3.2771	2.0463	3.1564	940.09	-0.020110	3.3406e-05	0.10200	supercritical
359.69	666.00	261.49	0.0038243	628.53	883.22	3.2859	2.0488	3.1573	938.95	-0.020001	3.3328e-05	0.10191	supercritical
360.69	666.00	260.88	0.0038331	631.09	886.38	3.2947	2.0512	3.1582	937.81	-0.019894	3.3252e-05	0.10181	supercritical
361.69	666.00	260.28	0.0038420	633.66	889.54	3.3034	2.0536	3.1591	936.68	-0.019788	3.3177e-05	0.10172	supercritical
362.69	666.00	259.68	0.0038509	636.23	892.70	3.3121	2.0561	3.1600	935.57	-0.019684	3.3102e-05	0.10164	supercritical
363.69	666.00	259.08	0.0038598	638.79	895.86	3.3208	2.0586	3.1610	934.47	-0.019580	3.3028e-05	0.10155	supercritical
364.69	666.00	258.48	0.0038687	641.36	899.02	3.3295	2.0611	3.1619	933.38	-0.019478	3.2955e-05	0.10147	supercritical
365.69	666.00	257.89	0.0038777	643.93	902.18	3.3382	2.0636	3.1629	932.30	-0.019376	3.2883e-05	0.10139	supercritical
366.69	666.00	257.29	0.0038866	646.50	905.34	3.3468	2.0661	3.1638	931.24	-0.019276	3.2811e-05	0.10131	supercritical
367.69	666.00	256.70	0.0038955	649.07	908.51	3.3554	2.0686	3.1648	930.19	-0.019177	3.2741e-05	0.10123	supercritical
368.69	666.00	256.12	0.0039045	651.63	911.67	3.3640	2.0712	3.1658	929.14	-0.019079	3.2671e-05	0.10116	supercritical
369.69	666.00	255.53	0.0039134	654.20	914.84	3.3726	2.0737	3.1668	928.11	-0.018982	3.2602e-05	0.10109	supercritical
370.69	666.00	254.95	0.0039224	656.77	918.01	3.3812	2.0763	3.1678	927.09	-0.018887	3.2533e-05	0.10102	supercritical
371.69	666.00	254.36	0.0039314	659.35	921.18	3.3897	2.0789	3.1688	926.08	-0.018792	3.2466e-05	0.10095	supercritical
372.69	666.00	253.78	0.0039404	661.92	924.34	3.3982	2.0815	3.1698	925.09	-0.018699	3.2399e-05	0.10088	supercritical
373.69	666.00	253.21	0.0039493	664.49	927.52	3.4067	2.0841	3.1708	924.10	-0.018606	3.2333e-05	0.10082	supercritical
374.69	666.00	252.63	0.0039583	667.06	930.69	3.4152	2.0867	3.1719	923.13	-0.018515	3.2267e-05	0.10075	supercritical
375.69	666.00	252.06	0.0039673	669.63	933.86	3.4236	2.0893	3.1729	922.16	-0.018425	3.2203e-05	0.10069	supercritical
376.69	666.00	251.49	0.0039763	672.21	937.03	3.4321	2.0920	3.1740	921.21	-0.018336	3.2139e-05	0.10064	supercritical
377.69	666.00	250.92	0.0039854	674.78	940.21	3.4405	2.0946	3.1750	920.27	-0.018248	3.2076e-05	0.10058	supercritical
378.69	666.00	250.35	0.0039944	677.36	943.38	3.4489	2.0973	3.1761	919.33	-0.018162	3.2013e-05	0.10052	supercritical
379.69	666.00	249.79	0.0040034	679.93	946.56	3.4573	2.1000	3.1772	918.41	-0.018076	3.1951e-05	0.10047	supercritical
380.69	666.00	249.22	0.0040124	682.51	949.74	3.4656	2.1027	3.1783	917.50	-0.017992	3.1890e-05	0.10042	supercritical
381.69	666.00	248.66	0.0040215	685.08	952.92	3.4740	2.1054	3.1794	916.60	-0.017908	3.1830e-05	0.10037	supercritical
382.69	666.00	248.11	0.0040305	687.66	956.10	3.4823	2.1081	3.1805	915.71	-0.017826	3.1770e-05	0.10032	supercritical
383.69	666.00	247.55	0.0040396	690.24	959.28	3.4906	2.1108	3.1816	914.83	-0.017745	3.1711e-05	0.10028	supercritical
384.69	666.00	247.00	0.0040486	692.82	962.46	3.4989	2.1135	3.1828	913.96	-0.017665	3.1653e-05	0.10024	supercritical
385.69	666.00	246.44	0.0040577	695.40	965.64	3.5071	2.1163	3.1839	913.10	-0.017586	3.1595e-05	0.10019	supercritical
386.69	666.00	245.89	0.0040668	697.98	968.83	3.5154	2.1190	3.1851	912.25	-0.017508	3.1538e-05	0.10015	supercritical
387.69	666.00	245.35	0.0040759	700.56	972.01	3.5236	2.1218	3.1863	911.41	-0.017431	3.1481e-05	0.10012	supercritical
388.69	666.00	244.80	0.0040849	703.14	975.20	3.5318	2.1246	3.1874	910.58	-0.017355	3.1425e-05	0.10008	supercritical
389.69	666.00	244.26	0.0040940	705.72	978.39	3.5400	2.1274	3.1886	909.76	-0.017281	3.1370e-05	0.10005	supercritical
390.69	666.00	243.72	0.0041031	708.31	981.58	3.5482	2.1302	3.1898	908.95	-0.017207	3.1316e-05	0.10001	supercritical
391.69	666.00	243.18	0.0041122	710.89	984.77	3.5563	2.1330	3.1910	908.15	-0.017135	3.1262e-05	0.099981	supercritical
392.69	666.00	242.64	0.0041213	713.48	987.96	3.5645	2.1358	3.1922	907.36	-0.017063	3.1208e-05	0.099952	supercritical
393.69	666.00	242.10	0.0041304	716.06	991.15	3.5726	2.1386	3.1935	906.58	-0.016993	3.1156e-05	0.099924	supercritical
394.69	666.00	241.57	0.0041396	718.65	994.35	3.5807	2.1415	3.1947	905.81	-0.016923	3.1103e-05	0.099898	supercritical
395.69	666.00	241.04	0.0041487	721.24	997.54	3.5888	2.1443	3.1960	905.04	-0.016855	3.1052e-05	0.099874	supercritical
396.69	666.00	240.51	0.0041578	723.83	1000.7	3.5968	2.1472	3.1972	904.29	-0.016788	3.1001e-05	0.099851	supercritical
397.69	666.00	239.98	0.0041669	726.42	1003.9	3.6049	2.1501	3.1985	903.54	-0.016721	3.0951e-05	0.099830	supercritical
398.69	666.00	239.46	0.0041761	729.01	1007.1	3.6129	2.1529	3.1998	902.81	-0.016656	3.0901e-05	0.099810	supercritical
399.69	666.00	238.94	0.0041852	731.60	1010.3	3.6209	2.1558	3.2011	902.08	-0.016592	3.0852e-05	0.099792	supercritical
400.69	666.00	238.42	0.0041944	734.19	1013.5	3.6290	2.1587	3.2024	901.36	-0.016529	3.0803e-05	0.099776	supercritical
401.69	666.00	237.90	0.0042035	736.79	1016.7	3.6369	2.1616	3.2037	900.65	-0.016466	3.0755e-05	0.099761	supercritical
402.69	666.00	237.38	0.0042127	739.38	1019.9	3.6449	2.1645	3.2050	899.95	-0.016405	3.0707e-05	0.099748	supercritical
403.69	666.00	236.86	0.0042218	741.98	1023.1	3.6529	2.1675	3.2063	899.26	-0.016345	3.0660e-05	0.099736	supercritical
404.69	666.00	236.35	0.0042310	744.57	1026.4	3.6608	2.1704	3.2076	898.58	-0.016286	3.0614e-05	0.099726	supercritical
405.69	666.00	235.84	0.0042401	747.17	1029.6	3.6687	2.1733	3.2090	897.90	-0.016227	3.0568e-05	0.099717	supercritical
406.69	666.00	235.33	0.0042493	749.77	1032.8	3.6766	2.1763	3.2103	897.24	-0.016170	3.0522e-05	0.099710	supercritical
407.69	666.00	234.83	0.0042585	752.37	1036.0	3.6845	2.1793	3.2117	896.58	-0.016114	3.0478e-05	0.099705	supercritical
408.69	666.00	234.32	0.0042677	754.97	1039.2	3.6924	2.1822	3.2131	895.93	-0.016058	3.0433e-05	0.099701	supercritical
409.69	666.00	233.82	0.0042768	757.57	1042.4	3.7002	2.1852	3.2145	895.29	-0.016004	3.0389e-05	0.099698	supercritical
410.69	666.00	233.32	0.0042860	760.18	1045.6	3.7081	2.1882	3.2159	894.66	-0.015950	3.0346e-05	0.099697	supercritical
411.69	666.00	232.82	0.0042952	762.78	1048.8	3.7159	2.1912	3.2173	894.03	-0.015898	3.0303e-05	0.099697	supercritical
412.69	666.00	232.32	0.0043044	765.39	1052.1	3.7237	2.1942	3.2187	893.41	-0.015846	3.0261e-05	0.099699	supercritical
413.69	666.00	231.82	0.0043136	767.99	1055.3	3.7315	2.1972	3.2201	892.80	-0.015796	3.0219e-05	0.099702	supercritical
414.69	666.00	231.33	0.0043228	770.60	1058.5	3.7393	2.2002	3.2216	892.20	-0.015746	3.0178e-05	0.099707	supercritical
415.69	666.00	230.84	0.0043320	773.21	1061.7	3.7470	2.2032	3.2230	891.61	-0.015697	3.0137e-05	0.099713	supercritical
416.69	666.00	230.35	0.0043412	775.82	1064.9	3.7548	2.2063	3.2245	891.02	-0.015649	3.0097e-05	0.099720	supercritical
417.69	666.00	229.86	0.0043504	778.43	1068.2	3.7625	2.2093	3.2259	890.45	-0.015602	3.0057e-05	0.099729	supercritical
418.69	666.00	229.38	0.0043596	781.05	1071.4	3.7702	2.2124	3.2274	889.88	-0.015556	3.0017e-05	0.099739	supercritical
419.69	666.00	228.89	0.0043689	783.66	1074.6	3.7779	2.2154	3.2289	889.31	-0.015511	2.9979e-05	0.099751	supercritical
420.69	666.00	228.41	0.0043781	786.28	1077.9	3.7856	2.2185	3.2304	888.76	-0.015467	2.9940e-05	0.099764	supercritical
421.69	666.00	227.93	0.0043873	788.90	1081.1	3.7933	2.2215	3.2319	888.21	-0.015423	2.9902e-05	0.099778	supercritical
422.69	666.00	227.45	0.0043965	791.51	1084.3	3.8009	2.2246	3.2334	887.67	-0.015381	2.9865e-05	0.099794	supercritical
423.69	666.00	226.98	0.0044057	794.13	1087.6	3.8086	2.2277	3.2349	887.14	-0.015339	2.9827e-05	0.099810	supercritical
424.69	666.00	226.50	0.0044150	796.75	1090.8	3.8162	2.2308	3.2365	886.61	-0.015298	2.9791e-05	0.099829	supercritical
425.69	666.00	226.03	0.0044242	799.38	1094.0	3.8238	2.2339	3.2380	886.09	-0.015258	2.9755e-05	0.099848	supercritical
426.69	666.00	225.56	0.0044334	802.00	1097.3	3.8314	2.2370	3.2396	885.58	-0.015219	2.9719e-05	0.099869	supercritical
427.69	666.00	225.09	0.0044427	804.63	1100.5	3.8390	2.2401	3.2411	885.08	-0.015181	2.9684e-05	0.099891	supercritical
428.69	666.00	224.62	0.0044519	807.25	1103.7	3.8466	2.2432	3.2427	884.58	-0.015143	2.9649e-05	0.099914	supercritical
429.69	666.00	224.16	0.0044611	809.88	1107.0	3.8541	2.2463	3.2443	884.09	-0.015107	2.9614e-05	0.099939	supercritical
430.69	666.00	223.69	0.0044704	812.51	1110.2	3.8617	2.2495	3.2459	883.60	-0.015071	2.9580e-05	0.099965	supercritical
431.69	666.00	223.23	0.0044796	815.14	1113.5	3.8692	2.2526	3.2475	883.13	-0.015036	2.9547e-05	0.099992	supercritical
432.69	666.00	222.77	0.0044889	817.77	1116.7	3.8767	2.2557	3.2491	882.66	-0.015002	2.9513e-05	0.10002	supercritical
433.69	666.00	222.31	0.0044981	820.41	1120.0	3.8842	2.2589	3.2507	882.19	-0.014968	2.9480e-05	0.10005	supercritical
434.69	666.00	221.86	0.0045074	823.04	1123.2	3.8917	2.2620	3.2523	881.74	-0.014935	2.9448e-05	0.10008	supercritical
435.69	666.00	221.40	0.0045166	825.68	1126.5	3.8992	2.2652	3.2540	881.28	-0.014904	2.9416e-05	0.10011	supercritical
436.69	666.00	220.95	0.0045259	828.32	1129.7	3.9066	2.2684	3.2556	880.84	-0.014872	2.9384e-05	0.10015	supercritical
437.69	666.00	220.50	0.0045351	830.96	1133.0	3.9141	2.2715	3.2573	880.40	-0.014842	2.9353e-05	0.10018	supercritical
438.69	666.00	220.05	0.0045444	833.60	1136.3	3.9215	2.2747	3.2589	879.97	-0.014812	2.9322e-05	0.10022	supercritical
439.69	666.00	219.60	0.0045537	836.24	1139.5	3.9289	2.2779	3.2606	879.55	-0.014784	2.9292e-05	0.10025	supercritical
440.69	666.00	219.16	0.0045629	838.89	1142.8	3.9363	2.2811	3.2623	879.13	-0.014755	2.9262e-05	0.10029	supercritical
441.69	666.00	218.71	0.0045722	841.53	1146.0	3.9437	2.2843	3.2640	878.72	-0.014728	2.9232e-05	0.10033	supercritical
442.69	666.00	218.27	0.0045814	844.18	1149.3	3.9511	2.2875	3.2657	878.31	-0.014701	2.9203e-05	0.10037	supercritical
443.69	666.00	217.83	0.0045907	846.83	1152.6	3.9585	2.2907	3.2674	877.91	-0.014676	2.9174e-05	0.10041	supercritical
444.69	666.00	217.39	0.0046000	849.48	1155.8	3.9659	2.2939	3.2691	877.52	-0.014650	2.9146e-05	0.10045	supercritical
445.69	666.00	216.96	0.0046092	852.13	1159.1	3.9732	2.2971	3.2708	877.13	-0.014626	2.9117e-05	0.10050	supercritical
446.69	666.00	216.52	0.0046185	854.79	1162.4	3.9805	2.3003	3.2726	876.75	-0.014602	2.9090e-05	0.10054	supercritical
447.69	666.00	216.09	0.0046278	857.45	1165.7	3.9879	2.3036	3.2743	876.37	-0.014579	2.9062e-05	0.10059	supercritical
448.69	666.00	215.65	0.0046371	860.10	1168.9	3.9952	2.3068	3.2761	876.00	-0.014556	2.9035e-05	0.10063	supercritical
449.69	666.00	215.22	0.0046463	862.76	1172.2	4.0025	2.3100	3.2778	875.63	-0.014535	2.9008e-05	0.10068	supercritical
450.69	666.00	214.79	0.0046556	865.42	1175.5	4.0097	2.3133	3.2796	875.27	-0.014514	2.8982e-05	0.10073	supercritical
451.69	666.00	214.37	0.0046649	868.09	1178.8	4.0170	2.3165	3.2814	874.92	-0.014493	2.8956e-05	0.10078	supercritical
452.69	666.00	213.94	0.0046742	870.75	1182.0	4.0243	2.3198	3.2832	874.57	-0.014473	2.8930e-05	0.10083	supercritical
453.69	666.00	213.52	0.0046834	873.42	1185.3	4.0315	2.3230	3.2850	874.23	-0.014454	2.8905e-05	0.10088	supercritical
454.69	666.00	213.10	0.0046927	876.09	1188.6	4.0387	2.3263	3.2868	873.90	-0.014436	2.8880e-05	0.10094	supercritical
455.69	666.00	212.68	0.0047020	878.75	1191.9	4.0460	2.3295	3.2886	873.56	-0.014418	2.8855e-05	0.10099	supercritical
456.69	666.00	212.26	0.0047113	881.43	1195.2	4.0532	2.3328	3.2904	873.24	-0.014401	2.8831e-05	0.10105	supercritical
457.69	666.00	211.84	0.0047205	884.10	1198.5	4.0604	2.3361	3.2923	872.92	-0.014384	2.8807e-05	0.10110	supercritical
458.69	666.00	211.42	0.0047298	886.78	1201.8	4.0676	2.3393	3.2941	872.60	-0.014368	2.8783e-05	0.10116	supercritical
459.69	666.00	211.01	0.0047391	889.45	1205.1	4.0747	2.3426	3.2959	872.29	-0.014353	2.8759e-05	0.10122	supercritical
460.69	666.00	210.60	0.0047484	892.13	1208.4	4.0819	2.3459	3.2978	871.99	-0.014338	2.8736e-05	0.10128	supercritical
461.69	666.00	210.19	0.0047577	894.81	1211.7	4.0891	2.3492	3.2997	871.69	-0.014324	2.8714e-05	0.10134	supercritical
462.69	666.00	209.78	0.0047669	897.49	1215.0	4.0962	2.3525	3.3015	871.40	-0.014310	2.8691e-05	0.10140	supercritical
463.69	666.00	209.37	0.0047762	900.18	1218.3	4.1033	2.3558	3.3034	871.11	-0.014297	2.8669e-05	0.10146	supercritical
464.69	666.00	208.96	0.0047855	902.86	1221.6	4.1104	2.3591	3.3053	870.82	-0.014285	2.8647e-05	0.10152	supercritical
465.69	666.00	208.56	0.0047948	905.55	1224.9	4.1176	2.3624	3.3072	870.54	-0.014273	2.8626e-05	0.10159	supercritical
466.69	666.00	208.16	0.0048041	908.24	1228.2	4.1247	2.3657	3.3091	870.27	-0.014262	2.8604e-05	0.10165	supercritical
467.69	666.00	207.76	0.0048134	910.93	1231.5	4.1317	2.3690	3.3110	870.00	-0.014251	2.8583e-05	0.10172	supercritical
468.69	666.00	207.36	0.0048226	913.63	1234.8	4.1388	2.3723	3.3130	869.74	-0.014241	2.8563e-05	0.10178	supercritical
469.69	666.00	206.96	0.0048319	916.32	1238.1	4.1459	2.3756	3.3149	869.48	-0.014231	2.8542e-05	0.10185	supercritical
470.69	666.00	206.56	0.0048412	919.02	1241.4	4.1529	2.3790	3.3168	869.22	-0.014222	2.8522e-05	0.10192	supercritical
471.69	666.00	206.16	0.0048505	921.72	1244.8	4.1600	2.3823	3.3188	868.97	-0.014213	2.8503e-05	0.10199	supercritical
472.69	666.00	205.77	0.0048598	924.42	1248.1	4.1670	2.3856	3.3207	868.73	-0.014205	2.8483e-05	0.10206	supercritical
473.69	666.00	205.38	0.0048691	927.13	1251.4	4.1740	2.3889	3.3227	868.49	-0.014198	2.8464e-05	0.10213	supercritical
474.69	666.00	204.99	0.0048783	929.83	1254.7	4.1810	2.3923	3.3247	868.25	-0.014191	2.8445e-05	0.10220	supercritical
475.69	666.00	204.60	0.0048876	932.54	1258.1	4.1880	2.3956	3.3266	868.02	-0.014184	2.8426e-05	0.10228	supercritical
476.69	666.00	204.21	0.0048969	935.25	1261.4	4.1950	2.3990	3.3286	867.79	-0.014178	2.8408e-05	0.10235	supercritical
477.69	666.00	203.82	0.0049062	937.96	1264.7	4.2020	2.4023	3.3306	867.57	-0.014173	2.8390e-05	0.10243	supercritical
478.69	666.00	203.44	0.0049155	940.67	1268.0	4.2090	2.4056	3.3326	867.35	-0.014168	2.8372e-05	0.10250	supercritical
479.69	666.00	203.06	0.0049247	943.39	1271.4	4.2159	2.4090	3.3346	867.14	-0.014163	2.8354e-05	0.10258	supercritical
480.69	666.00	202.67	0.0049340	946.11	1274.7	4.2229	2.4123	3.3366	866.93	-0.014159	2.8337e-05	0.10266	supercritical
481.69	666.00	202.29	0.0049433	948.83	1278.0	4.2298	2.4157	3.3387	866.72	-0.014155	2.8320e-05	0.10273	supercritical
482.69	666.00	201.91	0.0049526	951.55	1281.4	4.2367	2.4191	3.3407	866.52	-0.014152	2.8303e-05	0.10281	supercritical
483.69	666.00	201.54	0.0049619	954.27	1284.7	4.2436	2.4224	3.3427	866.33	-0.014150	2.8287e-05	0.10289	supercritical
484.69	666.00	201.16	0.0049712	957.00	1288.1	4.2505	2.4258	3.3448	866.13	-0.014147	2.8270e-05	0.10297	supercritical
485.69	666.00	200.79	0.0049804	959.72	1291.4	4.2574	2.4292	3.3468	865.94	-0.014146	2.8254e-05	0.10306	supercritical
486.69	666.00	200.41	0.0049897	962.45	1294.8	4.2643	2.4325	3.3489	865.76	-0.014144	2.8239e-05	0.10314	supercritical
487.69	666.00	200.04	0.0049990	965.19	1298.1	4.2712	2.4359	3.3509	865.58	-0.014143	2.8223e-05	0.10322	supercritical
488.69	666.00	199.67	0.0050083	967.92	1301.5	4.2781	2.4393	3.3530	865.40	-0.014143	2.8208e-05	0.10331	supercritical
489.69	666.00	199.30	0.0050175	970.66	1304.8	4.2849	2.4426	3.3551	865.23	-0.014143	2.8193e-05	0.10339	supercritical
490.69	666.00	198.93	0.0050268	973.39	1308.2	4.2918	2.4460	3.3572	865.07	-0.014143	2.8178e-05	0.10348	supercritical
491.69	666.00	198.57	0.0050361	976.13	1311.5	4.2986	2.4494	3.3593	864.90	-0.014144	2.8163e-05	0.10356	supercritical
492.69	666.00	198.20	0.0050454	978.88	1314.9	4.3054	2.4528	3.3614	864.74	-0.014145	2.8149e-05	0.10365	supercritical
493.69	666.00	197.84	0.0050546	981.62	1318.3	4.3123	2.4562	3.3635	864.58	-0.014146	2.8135e-05	0.10374	supercritical
494.69	666.00	197.48	0.0050639	984.37	1321.6	4.3191	2.4596	3.3656	864.43	-0.014148	2.8121e-05	0.10383	supercritical
495.69	666.00	197.11	0.0050732	987.12	1325.0	4.3259	2.4630	3.3677	864.28	-0.014151	2.8107e-05	0.10392	supercritical
496.69	666.00	196.75	0.0050825	989.87	1328.4	4.3326	2.4663	3.3699	864.14	-0.014153	2.8094e-05	0.10401	supercritical
497.69	666.00	196.40	0.0050917	992.62	1331.7	4.3394	2.4697	3.3720	864.00	-0.014157	2.8081e-05	0.10410	supercritical
498.69	666.00	196.04	0.0051010	995.38	1335.1	4.3462	2.4731	3.3741	863.86	-0.014160	2.8068e-05	0.10419	supercritical
499.69	666.00	195.68	0.0051103	998.14	1338.5	4.3530	2.4765	3.3763	863.73	-0.014164	2.8055e-05	0.10428	supercritical
500.69	666.00	195.33	0.0051196	1000.9	1341.9	4.3597	2.4799	3.3784	863.60	-0.014168	2.8043e-05	0.10438	supercritical
501.69	666.00	194.98	0.0051288	1003.7	1345.2	4.3665	2.4833	3.3806	863.47	-0.014173	2.8030e-05	0.10447	supercritical
502.69	666.00	194.62	0.0051381	1006.4	1348.6	4.3732	2.4867	3.3828	863.35	-0.014178	2.8018e-05	0.10457	supercritical
503.69	666.00	194.27	0.0051474	1009.2	1352.0	4.3799	2.4902	3.3849	863.23	-0.014183	2.8006e-05	0.10466	supercritical
504.69	666.00	193.93	0.0051566	1012.0	1355.4	4.3866	2.4936	3.3871	863.11	-0.014188	2.7995e-05	0.10476	supercritical
505.69	666.00	193.58	0.0051659	1014.7	1358.8	4.3933	2.4970	3.3893	863.00	-0.014194	2.7983e-05	0.10486	supercritical
506.69	666.00	193.23	0.0051751	1017.5	1362.2	4.4000	2.5004	3.3915	862.89	-0.014201	2.7972e-05	0.10495	supercritical
507.69	666.00	192.89	0.0051844	1020.3	1365.6	4.4067	2.5038	3.3937	862.78	-0.014207	2.7961e-05	0.10505	supercritical
508.69	666.00	192.54	0.0051937	1023.1	1369.0	4.4134	2.5072	3.3959	862.68	-0.014214	2.7950e-05	0.10515	supercritical
509.69	666.00	192.20	0.0052029	1025.8	1372.4	4.4201	2.5106	3.3981	862.58	-0.014221	2.7940e-05	0.10525	supercritical
510.69	666.00	191.86	0.0052122	1028.6	1375.8	4.4267	2.5140	3.4003	862.49	-0.014229	2.7929e-05	0.10535	supercritical
511.69	666.00	191.52	0.0052215	1031.4	1379.2	4.4334	2.5175	3.4026	862.40	-0.014237	2.7919e-05	0.10545	supercritical
512.69	666.00	191.18	0.0052307	1034.2	1382.6	4.4400	2.5209	3.4048	862.31	-0.014245	2.7909e-05	0.10556	supercritical
513.69	666.00	190.84	0.0052400	1037.0	1386.0	4.4467	2.5243	3.4070	862.22	-0.014253	2.7899e-05	0.10566	supercritical
514.69	666.00	190.50	0.0052492	1039.8	1389.4	4.4533	2.5277	3.4093	862.14	-0.014262	2.7890e-05	0.10576	supercritical
515.69	666.00	190.17	0.0052585	1042.6	1392.8	4.4599	2.5312	3.4115	862.06	-0.014271	2.7880e-05	0.10587	supercritical
516.69	666.00	189.84	0.0052677	1045.4	1396.2	4.4665	2.5346	3.4138	861.98	-0.014281	2.7871e-05	0.10597	supercritical
517.69	666.00	189.50	0.0052770	1048.2	1399.6	4.4731	2.5380	3.4160	861.91	-0.014290	2.7862e-05	0.10608	supercritical
518.69	666.00	189.17	0.0052862	1051.0	1403.0	4.4797	2.5414	3.4183	861.84	-0.014300	2.7853e-05	0.10618	supercritical
519.69	666.00	188.84	0.0052955	1053.8	1406.4	4.4863	2.5449	3.4206	861.77	-0.014310	2.7844e-05	0.10629	supercritical
520.69	666.00	188.51	0.0053047	1056.6	1409.9	4.4929	2.5483	3.4228	861.71	-0.014321	2.7836e-05	0.10640	supercritical
521.69	666.00	188.18	0.0053140	1059.4	1413.3	4.4995	2.5517	3.4251	861.65	-0.014332	2.7827e-05	0.10651	supercritical
522.69	666.00	187.86	0.0053232	1062.2	1416.7	4.5060	2.5552	3.4274	861.59	-0.014343	2.7819e-05	0.10661	supercritical
523.69	666.00	187.53	0.0053325	1065.0	1420.1	4.5126	2.5586	3.4297	861.53	-0.014354	2.7811e-05	0.10672	supercritical
524.69	666.00	187.21	0.0053417	1067.8	1423.6	4.5191	2.5620	3.4320	861.48	-0.014365	2.7804e-05	0.10683	supercritical
525.69	666.00	186.88	0.0053509	1070.6	1427.0	4.5257	2.5655	3.4343	861.43	-0.014377	2.7796e-05	0.10694	supercritical
526.69	666.00	186.56	0.0053602	1073.5	1430.4	4.5322	2.5689	3.4366	861.38	-0.014389	2.7789e-05	0.10706	supercritical
527.69	666.00	186.24	0.0053694	1076.3	1433.9	4.5387	2.5723	3.4389	861.34	-0.014401	2.7781e-05	0.10717	supercritical
528.69	666.00	185.92	0.0053786	1079.1	1437.3	4.5452	2.5758	3.4413	861.30	-0.014414	2.7774e-05	0.10728	supercritical
529.69	666.00	185.60	0.0053879	1081.9	1440.8	4.5517	2.5792	3.4436	861.26	-0.014426	2.7767e-05	0.10739	supercritical
530.69	666.00	185.28	0.0053971	1084.8	1444.2	4.5582	2.5827	3.4459	861.23	-0.014439	2.7761e-05	0.10751	supercritical
531.69	666.00	184.97	0.0054063	1087.6	1447.7	4.5647	2.5861	3.4482	861.19	-0.014453	2.7754e-05	0.10762	supercritical
532.69	666.00	184.65	0.0054156	1090.4	1451.1	4.5712	2.5895	3.4506	861.16	-0.014466	2.7748e-05	0.10774	supercritical
533.69	666.00	184.34	0.0054248	1093.3	1454.6	4.5777	2.5930	3.4529	861.14	-0.014480	2.7741e-05	0.10785	supercritical
534.69	666.00	184.03	0.0054340	1096.1	1458.0	4.5841	2.5964	3.4553	861.11	-0.014493	2.7735e-05	0.10797	supercritical
535.69	666.00	183.71	0.0054433	1098.9	1461.5	4.5906	2.5999	3.4576	861.09	-0.014507	2.7729e-05	0.10808	supercritical
536.69	666.00	183.40	0.0054525	1101.8	1464.9	4.5970	2.6033	3.4600	861.07	-0.014522	2.7724e-05	0.10820	supercritical
537.69	666.00	183.09	0.0054617	1104.6	1468.4	4.6035	2.6068	3.4624	861.05	-0.014536	2.7718e-05	0.10832	supercritical
538.69	666.00	182.78	0.0054709	1107.5	1471.9	4.6099	2.6102	3.4647	861.04	-0.014551	2.7713e-05	0.10844	supercritical
539.69	666.00	182.48	0.0054801	1110.3	1475.3	4.6164	2.6136	3.4671	861.03	-0.014566	2.7707e-05	0.10856	supercritical
540.69	666.00	182.17	0.0054894	1113.2	1478.8	4.6228	2.6171	3.4695	861.02	-0.014581	2.7702e-05	0.10868	supercritical
541.69	666.00	181.87	0.0054986	1116.1	1482.3	4.6292	2.6205	3.4719	861.01	-0.014596	2.7697e-05	0.10880	supercritical
542.69	666.00	181.56	0.0055078	1118.9	1485.7	4.6356	2.6240	3.4743	861.01	-0.014611	2.7692e-05	0.10892	supercritical
543.69	666.00	181.26	0.0055170	1121.8	1489.2	4.6420	2.6274	3.4767	861.00	-0.014627	2.7688e-05	0.10904	supercritical
544.69	666.00	180.96	0.0055262	1124.6	1492.7	4.6484	2.6309	3.4791	861.00	-0.014643	2.7683e-05	0.10916	supercritical
545.69	666.00	180.65	0.0055354	1127.5	1496.2	4.6548	2.6343	3.4815	861.01	-0.014659	2.7679e-05	0.10928	supercritical
546.69	666.00	180.35	0.0055446	1130.4	1499.6	4.6611	2.6378	3.4839	861.01	-0.014675	2.7675e-05	0.10941	supercritical
547.69	666.00	180.06	0.0055538	1133.2	1503.1	4.6675	2.6412	3.4863	861.02	-0.014691	2.7671e-05	0.10953	supercritical
548.69	666.00	179.76	0.0055630	1136.1	1506.6	4.6739	2.6447	3.4887	861.03	-0.014707	2.7667e-05	0.10965	supercritical
549.69	666.00	179.46	0.0055722	1139.0	1510.1	4.6802	2.6481	3.4911	861.04	-0.014724	2.7663e-05	0.10978	supercritical
550.69	666.00	179.17	0.0055814	1141.9	1513.6	4.6866	2.6516	3.4936	861.06	-0.014741	2.7659e-05	0.10990	supercritical
551.69	666.00	178.87	0.0055906	1144.8	1517.1	4.6929	2.6550	3.4960	861.07	-0.014758	2.7656e-05	0.11003	supercritical
552.69	666.00	178.58	0.0055998	1147.6	1520.6	4.6992	2.6585	3.4984	861.09	-0.014775	2.7652e-05	0.11016	supercritical
553.69	666.00	178.28	0.0056090	1150.5	1524.1	4.7056	2.6619	3.5009	861.12	-0.014792	2.7649e-05	0.11028	supercritical
554.69	666.00	177.99	0.0056182	1153.4	1527.6	4.7119	2.6654	3.5033	861.14	-0.014810	2.7646e-05	0.11041	supercritical
555.69	666.00	177.70	0.0056274	1156.3	1531.1	4.7182	2.6688	3.5058	861.17	-0.014827	2.7643e-05	0.11054	supercritical
556.69	666.00	177.41	0.0056366	1159.2	1534.6	4.7245	2.6723	3.5082	861.19	-0.014845	2.7640e-05	0.11067	supercritical
557.69	666.00	177.12	0.0056458	1162.1	1538.1	4.7308	2.6757	3.5107	861.22	-0.014863	2.7638e-05	0.11080	supercritical
558.69	666.00	176.83	0.0056550	1165.0	1541.6	4.7371	2.6792	3.5131	861.26	-0.014881	2.7635e-05	0.11093	supercritical
559.69	666.00	176.55	0.0056642	1167.9	1545.1	4.7434	2.6826	3.5156	861.29	-0.014899	2.7633e-05	0.11106	supercritical
560.69	666.00	176.26	0.0056734	1170.8	1548.7	4.7497	2.6861	3.5181	861.33	-0.014917	2.7630e-05	0.11119	supercritical
561.69	666.00	175.98	0.0056825	1173.7	1552.2	4.7559	2.6895	3.5205	861.37	-0.014935	2.7628e-05	0.11132	supercritical
562.69	666.00	175.69	0.0056917	1176.6	1555.7	4.7622	2.6930	3.5230	861.41	-0.014954	2.7626e-05	0.11145	supercritical
563.69	666.00	175.41	0.0057009	1179.5	1559.2	4.7685	2.6964	3.5255	861.45	-0.014973	2.7624e-05	0.11158	supercritical
564.69	666.00	175.13	0.0057101	1182.5	1562.8	4.7747	2.6999	3.5280	861.49	-0.014991	2.7623e-05	0.11171	supercritical
565.69	666.00	174.85	0.0057192	1185.4	1566.3	4.7809	2.7033	3.5305	861.54	-0.015010	2.7621e-05	0.11185	supercritical
566.69	666.00	174.57	0.0057284	1188.3	1569.8	4.7872	2.7068	3.5330	861.59	-0.015029	2.7619e-05	0.11198	supercritical
567.69	666.00	174.29	0.0057376	1191.2	1573.3	4.7934	2.7102	3.5355	861.64	-0.015048	2.7618e-05	0.11211	supercritical
568.69	666.00	174.01	0.0057468	1194.1	1576.9	4.7996	2.7137	3.5379	861.69	-0.015068	2.7617e-05	0.11225	supercritical
569.69	666.00	173.73	0.0057559	1197.1	1580.4	4.8059	2.7171	3.5405	861.75	-0.015087	2.7616e-05	0.11238	supercritical
570.69	666.00	173.46	0.0057651	1200.0	1584.0	4.8121	2.7206	3.5430	861.80	-0.015106	2.7615e-05	0.11252	supercritical
571.69	666.00	173.18	0.0057743	1202.9	1587.5	4.8183	2.7240	3.5455	861.86	-0.015126	2.7614e-05	0.11265	supercritical
572.69	666.00	172.91	0.0057834	1205.9	1591.1	4.8245	2.7275	3.5480	861.92	-0.015146	2.7613e-05	0.11279	supercritical
573.69	666.00	172.63	0.0057926	1208.8	1594.6	4.8307	2.7309	3.5505	861.99	-0.015165	2.7612e-05	0.11293	supercritical
574.69	666.00	172.36	0.0058017	1211.8	1598.2	4.8369	2.7344	3.5530	862.05	-0.015185	2.7612e-05	0.11306	supercritical
575.69	666.00	172.09	0.0058109	1214.7	1601.7	4.8430	2.7378	3.5555	862.12	-0.015205	2.7611e-05	0.11320	supercritical
576.69	666.00	171.82	0.0058200	1217.7	1605.3	4.8492	2.7412	3.5581	862.18	-0.015225	2.7611e-05	0.11334	supercritical
577.69	666.00	171.55	0.0058292	1220.6	1608.8	4.8554	2.7447	3.5606	862.25	-0.015245	2.7611e-05	0.11348	supercritical
578.69	666.00	171.28	0.0058383	1223.6	1612.4	4.8615	2.7481	3.5631	862.32	-0.015266	2.7610e-05	0.11362	supercritical
579.69	666.00	171.01	0.0058475	1226.5	1616.0	4.8677	2.7516	3.5657	862.40	-0.015286	2.7610e-05	0.11376	supercritical
580.69	666.00	170.75	0.0058566	1229.5	1619.5	4.8738	2.7550	3.5682	862.47	-0.015306	2.7611e-05	0.11390	supercritical
581.69	666.00	170.48	0.0058658	1232.4	1623.1	4.8800	2.7585	3.5708	862.55	-0.015327	2.7611e-05	0.11404	supercritical
582.69	666.00	170.21	0.0058749	1235.4	1626.7	4.8861	2.7619	3.5733	862.63	-0.015347	2.7611e-05	0.11418	supercritical
583.69	666.00	169.95	0.0058841	1238.4	1630.2	4.8922	2.7654	3.5759	862.71	-0.015368	2.7612e-05	0.11432	supercritical
584.69	666.00	169.69	0.0058932	1241.3	1633.8	4.8984	2.7688	3.5784	862.79	-0.015389	2.7612e-05	0.11446	supercritical
585.69	666.00	169.42	0.0059023	1244.3	1637.4	4.9045	2.7722	3.5810	862.87	-0.015409	2.7613e-05	0.11460	supercritical
586.69	666.00	169.16	0.0059115	1247.3	1641.0	4.9106	2.7757	3.5835	862.96	-0.015430	2.7614e-05	0.11475	supercritical
587.69	666.00	168.90	0.0059206	1250.2	1644.6	4.9167	2.7791	3.5861	863.05	-0.015451	2.7614e-05	0.11489	supercritical
588.69	666.00	168.64	0.0059297	1253.2	1648.1	4.9228	2.7826	3.5886	863.13	-0.015472	2.7615e-05	0.11503	supercritical
589.69	666.00	168.38	0.0059389	1256.2	1651.7	4.9289	2.7860	3.5912	863.22	-0.015493	2.7616e-05	0.11518	supercritical
590.69	666.00	168.12	0.0059480	1259.2	1655.3	4.9350	2.7894	3.5938	863.32	-0.015514	2.7618e-05	0.11532	supercritical
591.69	666.00	167.87	0.0059571	1262.2	1658.9	4.9411	2.7929	3.5964	863.41	-0.015536	2.7619e-05	0.11547	supercritical
592.69	666.00	167.61	0.0059662	1265.2	1662.5	4.9471	2.7963	3.5989	863.50	-0.015557	2.7620e-05	0.11561	supercritical
593.69	666.00	167.35	0.0059754	1268.2	1666.1	4.9532	2.7997	3.6015	863.60	-0.015578	2.7622e-05	0.11576	supercritical
594.69	666.00	167.10	0.0059845	1271.2	1669.7	4.9593	2.8032	3.6041	863.70	-0.015600	2.7623e-05	0.11590	supercritical
595.69	666.00	166.84	0.0059936	1274.2	1673.3	4.9653	2.8066	3.6067	863.80	-0.015621	2.7625e-05	0.11605	supercritical
596.69	666.00	166.59	0.0060027	1277.2	1676.9	4.9714	2.8100	3.6093	863.90	-0.015643	2.7627e-05	0.11620	supercritical
597.69	666.00	166.34	0.0060118	1280.2	1680.5	4.9774	2.8135	3.6119	864.00	-0.015664	2.7629e-05	0.11635	supercritical
598.69	666.00	166.09	0.0060209	1283.2	1684.2	4.9835	2.8169	3.6145	864.11	-0.015686	2.7631e-05	0.11649	supercritical
599.69	666.00	165.84	0.0060300	1286.2	1687.8	4.9895	2.8203	3.6171	864.21	-0.015707	2.7633e-05	0.11664	supercritical
600.69	666.00	165.59	0.0060392	1289.2	1691.4	4.9955	2.8238	3.6197	864.32	-0.015729	2.7635e-05	0.11679	supercritical
601.69	666.00	165.34	0.0060483	1292.2	1695.0	5.0015	2.8272	3.6223	864.43	-0.015751	2.7637e-05	0.11694	supercritical
602.69	666.00	165.09	0.0060574	1295.2	1698.6	5.0076	2.8306	3.6249	864.54	-0.015773	2.7639e-05	0.11709	supercritical
603.69	666.00	164.84	0.0060665	1298.2	1702.3	5.0136	2.8341	3.6275	864.65	-0.015794	2.7642e-05	0.11724	supercritical
604.69	666.00	164.59	0.0060756	1301.3	1705.9	5.0196	2.8375	3.6301	864.76	-0.015816	2.7644e-05	0.11739	supercritical
605.69	666.00	164.35	0.0060847	1304.3	1709.5	5.0256	2.8409	3.6327	864.87	-0.015838	2.7647e-05	0.11754	supercritical
606.69	666.00	164.10	0.0060937	1307.3	1713.2	5.0316	2.8443	3.6353	864.99	-0.015860	2.7650e-05	0.11769	supercritical
607.69	666.00	163.86	0.0061028	1310.3	1716.8	5.0376	2.8478	3.6379	865.11	-0.015882	2.7652e-05	0.11784	supercritical
608.69	666.00	163.61	0.0061119	1313.4	1720.4	5.0435	2.8512	3.6405	865.23	-0.015904	2.7655e-05	0.11799	supercritical
609.69	666.00	163.37	0.0061210	1316.4	1724.1	5.0495	2.8546	3.6432	865.35	-0.015926	2.7658e-05	0.11814	supercritical
610.69	666.00	163.13	0.0061301	1319.5	1727.7	5.0555	2.8580	3.6458	865.47	-0.015948	2.7661e-05	0.11830	supercritical
611.69	666.00	162.89	0.0061392	1322.5	1731.4	5.0615	2.8614	3.6484	865.59	-0.015971	2.7664e-05	0.11845	supercritical
612.69	666.00	162.65	0.0061483	1325.5	1735.0	5.0674	2.8649	3.6510	865.71	-0.015993	2.7668e-05	0.11860	supercritical
613.69	666.00	162.41	0.0061574	1328.6	1738.7	5.0734	2.8683	3.6537	865.84	-0.016015	2.7671e-05	0.11876	supercritical
614.69	666.00	162.17	0.0061664	1331.6	1742.3	5.0793	2.8717	3.6563	865.96	-0.016037	2.7674e-05	0.11891	supercritical
615.69	666.00	161.93	0.0061755	1334.7	1746.0	5.0853	2.8751	3.6589	866.09	-0.016059	2.7678e-05	0.11906	supercritical
616.69	666.00	161.69	0.0061846	1337.8	1749.6	5.0912	2.8785	3.6616	866.22	-0.016082	2.7681e-05	0.11922	supercritical
617.69	666.00	161.46	0.0061937	1340.8	1753.3	5.0972	2.8819	3.6642	866.35	-0.016104	2.7685e-05	0.11937	supercritical
618.69	666.00	161.22	0.0062027	1343.9	1757.0	5.1031	2.8853	3.6668	866.48	-0.016126	2.7689e-05	0.11953	supercritical
619.69	666.00	160.98	0.0062118	1346.9	1760.6	5.1090	2.8888	3.6695	866.62	-0.016149	2.7693e-05	0.11969	supercritical
620.69	666.00	160.75	0.0062209	1350.0	1764.3	5.1149	2.8922	3.6721	866.75	-0.016171	2.7696e-05	0.11984	supercritical
621.69	666.00	160.52	0.0062299	1353.1	1768.0	5.1208	2.8956	3.6748	866.88	-0.016193	2.7700e-05	0.12000	supercritical
622.69	666.00	160.28	0.0062390	1356.1	1771.7	5.1267	2.8990	3.6774	867.02	-0.016216	2.7704e-05	0.12016	supercritical
623.69	666.00	160.05	0.0062481	1359.2	1775.3	5.1327	2.9024	3.6801	867.16	-0.016238	2.7709e-05	0.12031	supercritical
624.69	666.00	159.82	0.0062571	1362.3	1779.0	5.1386	2.9058	3.6827	867.30	-0.016261	2.7713e-05	0.12047	supercritical