Temperature (K)	Pressure (bar)	Density (kg/m3)	Volume (m3/kg)	Internal Energy (kJ/kg)	Enthalpy (kJ/kg)	Entropy (J/g*K)	Cv (J/g*K)	Cp (J/g*K)	Sound Spd. (m/s)	Joule-Thomson (K/bar)	Viscosity (Pa*s)	Therm. Cond. (W/m*K)	Phase
90.694	619.00	482.73	0.0020716	-96.685	31.545	-1.0278	2.2848	3.2092	1862.3	-0.052656	0.00042625	0.25823	liquid
105.69	619.00	468.15	0.0021361	-52.674	79.548	-0.53794	2.2130	3.1945	1777.9	-0.052312	0.00024059	0.24483	liquid
106.69	619.00	467.19	0.0021405	-49.752	82.742	-0.50786	2.2089	3.1940	1772.2	-0.052272	0.00023356	0.24385	liquid
107.69	619.00	466.23	0.0021449	-46.832	85.936	-0.47807	2.2047	3.1935	1766.4	-0.052231	0.00022693	0.24285	liquid
108.69	619.00	465.26	0.0021493	-43.914	89.129	-0.44855	2.2006	3.1930	1760.7	-0.052189	0.00022066	0.24185	liquid
109.69	619.00	464.30	0.0021538	-40.996	92.322	-0.41931	2.1966	3.1925	1755.0	-0.052146	0.00021473	0.24084	liquid
110.69	619.00	463.34	0.0021582	-38.080	95.514	-0.39035	2.1926	3.1920	1749.3	-0.052102	0.00020911	0.23983	liquid
111.69	619.00	462.38	0.0021627	-35.166	98.706	-0.36164	2.1886	3.1915	1743.6	-0.052056	0.00020379	0.23881	liquid
112.69	619.00	461.42	0.0021672	-32.253	101.90	-0.33320	2.1846	3.1910	1737.9	-0.052010	0.00019873	0.23779	liquid
113.69	619.00	460.46	0.0021717	-29.342	105.09	-0.30501	2.1806	3.1905	1732.2	-0.051963	0.00019393	0.23676	liquid
114.69	619.00	459.51	0.0021762	-26.432	108.28	-0.27707	2.1767	3.1900	1726.5	-0.051914	0.00018936	0.23573	liquid
115.69	619.00	458.55	0.0021808	-23.523	111.47	-0.24938	2.1728	3.1894	1720.8	-0.051865	0.00018501	0.23469	liquid
116.69	619.00	457.59	0.0021853	-20.616	114.66	-0.22193	2.1689	3.1889	1715.1	-0.051815	0.00018087	0.23365	liquid
117.69	619.00	456.64	0.0021899	-17.711	117.85	-0.19473	2.1651	3.1884	1709.4	-0.051763	0.00017691	0.23261	liquid
118.69	619.00	455.68	0.0021945	-14.807	121.03	-0.16775	2.1612	3.1878	1703.8	-0.051711	0.00017314	0.23156	liquid
119.69	619.00	454.73	0.0021991	-11.905	124.22	-0.14101	2.1574	3.1873	1698.1	-0.051658	0.00016953	0.23052	liquid
120.69	619.00	453.77	0.0022038	-9.0042	127.41	-0.11449	2.1536	3.1867	1692.5	-0.051604	0.00016608	0.22947	liquid
121.69	619.00	452.82	0.0022084	-6.1052	130.59	-0.088202	2.1498	3.1861	1686.8	-0.051549	0.00016277	0.22842	liquid
122.69	619.00	451.86	0.0022131	-3.2078	133.78	-0.062130	2.1461	3.1855	1681.2	-0.051493	0.00015960	0.22737	liquid
123.69	619.00	450.91	0.0022177	-0.31208	136.97	-0.036275	2.1423	3.1849	1675.6	-0.051436	0.00015656	0.22632	liquid
124.69	619.00	449.96	0.0022224	2.5820	140.15	-0.010633	2.1386	3.1843	1670.0	-0.051378	0.00015364	0.22527	liquid
125.69	619.00	449.01	0.0022271	5.4744	143.33	0.014800	2.1349	3.1837	1664.4	-0.051319	0.00015084	0.22421	liquid
126.69	619.00	448.06	0.0022319	8.3651	146.52	0.040027	2.1312	3.1831	1658.8	-0.051259	0.00014814	0.22316	liquid
127.69	619.00	447.10	0.0022366	11.254	149.70	0.065050	2.1276	3.1825	1653.3	-0.051198	0.00014555	0.22211	liquid
128.69	619.00	446.15	0.0022414	14.141	152.88	0.089873	2.1240	3.1818	1647.7	-0.051136	0.00014305	0.22106	liquid
129.69	619.00	445.20	0.0022462	17.027	156.06	0.11450	2.1203	3.1812	1642.2	-0.051073	0.00014064	0.22001	liquid
130.69	619.00	444.25	0.0022510	19.910	159.24	0.13893	2.1168	3.1805	1636.7	-0.051009	0.00013832	0.21896	liquid
131.69	619.00	443.31	0.0022558	22.792	162.43	0.16317	2.1132	3.1799	1631.1	-0.050943	0.00013608	0.21791	liquid
132.69	619.00	442.36	0.0022606	25.672	165.60	0.18722	2.1096	3.1792	1625.7	-0.050877	0.00013392	0.21687	liquid
133.69	619.00	441.41	0.0022655	28.551	168.78	0.21109	2.1061	3.1786	1620.2	-0.050810	0.00013183	0.21582	liquid
134.69	619.00	440.46	0.0022703	31.427	171.96	0.23477	2.1026	3.1779	1614.7	-0.050741	0.00012980	0.21478	liquid
135.69	619.00	439.51	0.0022752	34.302	175.14	0.25828	2.0991	3.1772	1609.3	-0.050672	0.00012785	0.21374	liquid
136.69	619.00	438.57	0.0022802	37.175	178.32	0.28160	2.0957	3.1766	1603.8	-0.050601	0.00012595	0.21270	liquid
137.69	619.00	437.62	0.0022851	40.046	181.49	0.30476	2.0923	3.1759	1598.4	-0.050529	0.00012412	0.21166	liquid
138.69	619.00	436.67	0.0022900	42.915	184.67	0.32773	2.0889	3.1752	1593.0	-0.050456	0.00012234	0.21063	liquid
139.69	619.00	435.73	0.0022950	45.782	187.84	0.35054	2.0855	3.1745	1587.7	-0.050382	0.00012061	0.20960	liquid
140.69	619.00	434.78	0.0023000	48.647	191.02	0.37319	2.0821	3.1739	1582.3	-0.050306	0.00011894	0.20857	liquid
141.69	619.00	433.84	0.0023050	51.511	194.19	0.39566	2.0788	3.1732	1577.0	-0.050229	0.00011731	0.20754	liquid
142.69	619.00	432.89	0.0023100	54.372	197.36	0.41798	2.0755	3.1725	1571.6	-0.050152	0.00011573	0.20652	liquid
143.69	619.00	431.95	0.0023151	57.232	200.54	0.44013	2.0722	3.1718	1566.3	-0.050072	0.00011419	0.20550	liquid
144.69	619.00	431.01	0.0023201	60.090	203.71	0.46212	2.0690	3.1711	1561.0	-0.049992	0.00011270	0.20449	liquid
145.69	619.00	430.06	0.0023252	62.946	206.88	0.48396	2.0657	3.1705	1555.7	-0.049910	0.00011125	0.20347	liquid
146.69	619.00	429.12	0.0023303	65.800	210.05	0.50565	2.0625	3.1698	1550.5	-0.049827	0.00010983	0.20247	liquid
147.69	619.00	428.18	0.0023355	68.652	213.22	0.52718	2.0594	3.1691	1545.2	-0.049743	0.00010846	0.20146	liquid
148.69	619.00	427.24	0.0023406	71.502	216.39	0.54856	2.0562	3.1684	1540.0	-0.049658	0.00010712	0.20046	liquid
149.69	619.00	426.29	0.0023458	74.350	219.55	0.56980	2.0531	3.1678	1534.8	-0.049571	0.00010581	0.19946	liquid
150.69	619.00	425.35	0.0023510	77.196	222.72	0.59089	2.0500	3.1671	1529.6	-0.049483	0.00010454	0.19847	liquid
151.69	619.00	424.41	0.0023562	80.040	225.89	0.61183	2.0469	3.1665	1524.5	-0.049393	0.00010329	0.19748	liquid
152.69	619.00	423.47	0.0023614	82.882	229.05	0.63263	2.0439	3.1658	1519.3	-0.049302	0.00010208	0.19650	liquid
153.69	619.00	422.53	0.0023667	85.722	232.22	0.65330	2.0409	3.1651	1514.2	-0.049210	0.00010090	0.19552	liquid
154.69	619.00	421.59	0.0023720	88.561	235.38	0.67382	2.0379	3.1645	1509.1	-0.049117	9.9741e-05	0.19454	liquid
155.69	619.00	420.65	0.0023773	91.397	238.55	0.69421	2.0350	3.1639	1504.0	-0.049022	9.8613e-05	0.19357	liquid
156.69	619.00	419.71	0.0023826	94.231	241.71	0.71446	2.0320	3.1632	1498.9	-0.048925	9.7510e-05	0.19260	liquid
157.69	619.00	418.78	0.0023879	97.064	244.88	0.73459	2.0291	3.1626	1493.9	-0.048828	9.6432e-05	0.19164	liquid
158.69	619.00	417.84	0.0023933	99.894	248.04	0.75458	2.0263	3.1620	1488.8	-0.048729	9.5378e-05	0.19069	liquid
159.69	619.00	416.90	0.0023987	102.72	251.20	0.77444	2.0234	3.1613	1483.8	-0.048628	9.4347e-05	0.18973	liquid
160.69	619.00	415.96	0.0024041	105.55	254.36	0.79417	2.0206	3.1607	1478.8	-0.048526	9.3338e-05	0.18878	liquid
161.69	619.00	415.03	0.0024095	108.37	257.52	0.81377	2.0178	3.1601	1473.8	-0.048423	9.2352e-05	0.18784	liquid
162.69	619.00	414.09	0.0024149	111.20	260.68	0.83326	2.0151	3.1595	1468.9	-0.048318	9.1386e-05	0.18690	liquid
163.69	619.00	413.15	0.0024204	114.02	263.84	0.85262	2.0123	3.1589	1463.9	-0.048212	9.0440e-05	0.18597	liquid
164.69	619.00	412.22	0.0024259	116.84	267.00	0.87185	2.0097	3.1583	1459.0	-0.048105	8.9514e-05	0.18504	liquid
165.69	619.00	411.28	0.0024314	119.65	270.16	0.89097	2.0070	3.1577	1454.1	-0.047996	8.8606e-05	0.18412	liquid
166.69	619.00	410.35	0.0024370	122.47	273.31	0.90997	2.0043	3.1572	1449.3	-0.047885	8.7717e-05	0.18320	liquid
167.69	619.00	409.41	0.0024425	125.28	276.47	0.92885	2.0017	3.1566	1444.4	-0.047773	8.6846e-05	0.18229	liquid
168.69	619.00	408.48	0.0024481	128.09	279.63	0.94762	1.9992	3.1560	1439.6	-0.047660	8.5992e-05	0.18138	liquid
169.69	619.00	407.55	0.0024537	130.90	282.78	0.96627	1.9966	3.1555	1434.8	-0.047545	8.5154e-05	0.18048	liquid
170.69	619.00	406.61	0.0024593	133.71	285.94	0.98481	1.9941	3.1550	1430.0	-0.047429	8.4333e-05	0.17958	liquid
171.69	619.00	405.68	0.0024650	136.51	289.09	1.0032	1.9916	3.1544	1425.2	-0.047311	8.3527e-05	0.17869	liquid
172.69	619.00	404.75	0.0024707	139.31	292.25	1.0216	1.9892	3.1539	1420.4	-0.047192	8.2736e-05	0.17780	liquid
173.69	619.00	403.82	0.0024764	142.11	295.40	1.0398	1.9867	3.1534	1415.7	-0.047072	8.1960e-05	0.17692	liquid
174.69	619.00	402.89	0.0024821	144.91	298.55	1.0579	1.9843	3.1529	1411.0	-0.046949	8.1198e-05	0.17604	liquid
175.69	619.00	401.96	0.0024878	147.71	301.71	1.0759	1.9820	3.1524	1406.3	-0.046826	8.0451e-05	0.17517	liquid
176.69	619.00	401.03	0.0024936	150.50	304.86	1.0937	1.9796	3.1519	1401.6	-0.046701	7.9716e-05	0.17431	liquid
177.69	619.00	400.10	0.0024994	153.30	308.01	1.1115	1.9773	3.1514	1397.0	-0.046574	7.8995e-05	0.17345	liquid
178.69	619.00	399.17	0.0025052	156.09	311.16	1.1292	1.9750	3.1509	1392.3	-0.046447	7.8287e-05	0.17260	liquid
179.69	619.00	398.24	0.0025111	158.88	314.31	1.1468	1.9728	3.1504	1387.7	-0.046317	7.7591e-05	0.17175	liquid
180.69	619.00	397.31	0.0025169	161.66	317.46	1.1643	1.9706	3.1500	1383.2	-0.046186	7.6907e-05	0.17090	liquid
181.69	619.00	396.38	0.0025228	164.45	320.61	1.1817	1.9684	3.1495	1378.6	-0.046054	7.6235e-05	0.17007	liquid
182.69	619.00	395.46	0.0025287	167.23	323.76	1.1990	1.9662	3.1491	1374.0	-0.045920	7.5575e-05	0.16924	liquid
183.69	619.00	394.53	0.0025347	170.01	326.91	1.2161	1.9641	3.1486	1369.5	-0.045785	7.4926e-05	0.16841	liquid
184.69	619.00	393.60	0.0025406	172.79	330.06	1.2332	1.9620	3.1482	1365.0	-0.045648	7.4287e-05	0.16759	liquid
185.69	619.00	392.68	0.0025466	175.57	333.21	1.2502	1.9600	3.1478	1360.5	-0.045510	7.3660e-05	0.16677	liquid
186.69	619.00	391.75	0.0025526	178.35	336.35	1.2671	1.9579	3.1474	1356.1	-0.045371	7.3042e-05	0.16597	liquid
187.69	619.00	390.83	0.0025587	181.12	339.50	1.2839	1.9559	3.1470	1351.6	-0.045230	7.2435e-05	0.16516	liquid
188.69	619.00	389.90	0.0025647	183.89	342.65	1.3007	1.9540	3.1466	1347.2	-0.045087	7.1838e-05	0.16436	liquid
189.69	619.00	388.98	0.0025708	186.66	345.79	1.3173	1.9520	3.1462	1342.8	-0.044943	7.1250e-05	0.16357	liquid
190.69	619.00	388.06	0.0025769	189.43	348.94	1.3338	1.9501	3.1458	1338.4	-0.044798	7.0672e-05	0.16279	supercritical
191.69	619.00	387.14	0.0025831	192.19	352.09	1.3503	1.9483	3.1455	1334.1	-0.044651	7.0102e-05	0.16200	supercritical
192.69	619.00	386.22	0.0025892	194.96	355.23	1.3667	1.9464	3.1451	1329.8	-0.044503	6.9542e-05	0.16123	supercritical
193.69	619.00	385.30	0.0025954	197.72	358.38	1.3829	1.9446	3.1447	1325.5	-0.044354	6.8991e-05	0.16046	supercritical
194.69	619.00	384.38	0.0026016	200.48	361.52	1.3991	1.9428	3.1444	1321.2	-0.044203	6.8448e-05	0.15969	supercritical
195.69	619.00	383.46	0.0026079	203.24	364.67	1.4152	1.9411	3.1441	1316.9	-0.044051	6.7914e-05	0.15893	supercritical
196.69	619.00	382.54	0.0026141	206.00	367.81	1.4313	1.9394	3.1438	1312.7	-0.043897	6.7387e-05	0.15818	supercritical
197.69	619.00	381.62	0.0026204	208.75	370.95	1.4472	1.9377	3.1434	1308.4	-0.043742	6.6869e-05	0.15743	supercritical
198.69	619.00	380.70	0.0026267	211.50	374.10	1.4631	1.9360	3.1431	1304.2	-0.043585	6.6359e-05	0.15669	supercritical
199.69	619.00	379.79	0.0026331	214.25	377.24	1.4788	1.9344	3.1428	1300.1	-0.043428	6.5856e-05	0.15595	supercritical
200.69	619.00	378.87	0.0026394	217.00	380.38	1.4945	1.9328	3.1426	1295.9	-0.043268	6.5361e-05	0.15522	supercritical
201.69	619.00	377.96	0.0026458	219.75	383.52	1.5102	1.9312	3.1423	1291.8	-0.043108	6.4873e-05	0.15449	supercritical
202.69	619.00	377.04	0.0026522	222.49	386.67	1.5257	1.9297	3.1420	1287.6	-0.042946	6.4392e-05	0.15377	supercritical
203.69	619.00	376.13	0.0026587	225.24	389.81	1.5412	1.9282	3.1417	1283.6	-0.042783	6.3919e-05	0.15306	supercritical
204.69	619.00	375.22	0.0026651	227.98	392.95	1.5565	1.9268	3.1415	1279.5	-0.042619	6.3452e-05	0.15235	supercritical
205.69	619.00	374.30	0.0026716	230.72	396.09	1.5719	1.9253	3.1412	1275.4	-0.042453	6.2992e-05	0.15165	supercritical
206.69	619.00	373.39	0.0026781	233.46	399.23	1.5871	1.9239	3.1410	1271.4	-0.042286	6.2539e-05	0.15095	supercritical
207.69	619.00	372.48	0.0026847	236.19	402.37	1.6022	1.9226	3.1408	1267.4	-0.042118	6.2092e-05	0.15026	supercritical
208.69	619.00	371.57	0.0026913	238.93	405.51	1.6173	1.9212	3.1406	1263.4	-0.041949	6.1651e-05	0.14957	supercritical
209.69	619.00	370.67	0.0026978	241.66	408.65	1.6323	1.9199	3.1403	1259.5	-0.041778	6.1217e-05	0.14889	supercritical
210.69	619.00	369.76	0.0027045	244.39	411.79	1.6473	1.9186	3.1401	1255.5	-0.041606	6.0789e-05	0.14822	supercritical
211.69	619.00	368.85	0.0027111	247.12	414.93	1.6622	1.9174	3.1399	1251.6	-0.041433	6.0367e-05	0.14755	supercritical
212.69	619.00	367.95	0.0027178	249.84	418.07	1.6770	1.9162	3.1397	1247.7	-0.041259	5.9951e-05	0.14688	supercritical
213.69	619.00	367.04	0.0027245	252.57	421.21	1.6917	1.9150	3.1396	1243.9	-0.041083	5.9540e-05	0.14622	supercritical
214.69	619.00	366.14	0.0027312	255.29	424.35	1.7063	1.9139	3.1394	1240.0	-0.040906	5.9136e-05	0.14557	supercritical
215.69	619.00	365.23	0.0027380	258.01	427.49	1.7209	1.9128	3.1392	1236.2	-0.040729	5.8736e-05	0.14492	supercritical
216.69	619.00	364.33	0.0027448	260.73	430.63	1.7354	1.9117	3.1391	1232.4	-0.040550	5.8342e-05	0.14428	supercritical
217.69	619.00	363.43	0.0027516	263.45	433.77	1.7499	1.9106	3.1389	1228.6	-0.040370	5.7954e-05	0.14364	supercritical
218.69	619.00	362.53	0.0027584	266.17	436.91	1.7643	1.9096	3.1388	1224.8	-0.040189	5.7571e-05	0.14301	supercritical
219.69	619.00	361.63	0.0027652	268.88	440.05	1.7786	1.9086	3.1386	1221.1	-0.040007	5.7193e-05	0.14239	supercritical
220.69	619.00	360.73	0.0027721	271.59	443.19	1.7929	1.9077	3.1385	1217.4	-0.039823	5.6820e-05	0.14177	supercritical
221.69	619.00	359.84	0.0027790	274.30	446.33	1.8070	1.9067	3.1384	1213.7	-0.039639	5.6452e-05	0.14115	supercritical
222.69	619.00	358.94	0.0027860	277.01	449.46	1.8212	1.9058	3.1383	1210.0	-0.039454	5.6089e-05	0.14054	supercritical
223.69	619.00	358.05	0.0027929	279.72	452.60	1.8352	1.9050	3.1382	1206.4	-0.039268	5.5731e-05	0.13994	supercritical
224.69	619.00	357.15	0.0027999	282.42	455.74	1.8492	1.9042	3.1381	1202.8	-0.039080	5.5377e-05	0.13934	supercritical
225.69	619.00	356.26	0.0028069	285.13	458.88	1.8632	1.9034	3.1380	1199.2	-0.038892	5.5028e-05	0.13875	supercritical
226.69	619.00	355.37	0.0028140	287.83	462.02	1.8770	1.9026	3.1379	1195.6	-0.038703	5.4684e-05	0.13816	supercritical
227.69	619.00	354.48	0.0028211	290.53	465.15	1.8908	1.9019	3.1378	1192.0	-0.038513	5.4344e-05	0.13758	supercritical
228.69	619.00	353.59	0.0028282	293.23	468.29	1.9046	1.9012	3.1377	1188.5	-0.038322	5.4009e-05	0.13700	supercritical
229.69	619.00	352.70	0.0028353	295.93	471.43	1.9183	1.9005	3.1377	1185.0	-0.038130	5.3677e-05	0.13643	supercritical
230.69	619.00	351.81	0.0028424	298.62	474.57	1.9319	1.8998	3.1376	1181.5	-0.037938	5.3351e-05	0.13586	supercritical
231.69	619.00	350.93	0.0028496	301.31	477.70	1.9455	1.8992	3.1375	1178.0	-0.037744	5.3028e-05	0.13530	supercritical
232.69	619.00	350.04	0.0028568	304.01	480.84	1.9590	1.8987	3.1375	1174.6	-0.037550	5.2709e-05	0.13474	supercritical
233.69	619.00	349.16	0.0028640	306.70	483.98	1.9725	1.8981	3.1374	1171.1	-0.037355	5.2395e-05	0.13419	supercritical
234.69	619.00	348.28	0.0028713	309.38	487.12	1.9859	1.8976	3.1374	1167.7	-0.037159	5.2084e-05	0.13365	supercritical
235.69	619.00	347.40	0.0028786	312.07	490.25	1.9992	1.8971	3.1374	1164.4	-0.036962	5.1778e-05	0.13311	supercritical
236.69	619.00	346.52	0.0028859	314.76	493.39	2.0125	1.8967	3.1373	1161.0	-0.036765	5.1475e-05	0.13257	supercritical
237.69	619.00	345.64	0.0028932	317.44	496.53	2.0257	1.8962	3.1373	1157.7	-0.036567	5.1176e-05	0.13204	supercritical
238.69	619.00	344.76	0.0029006	320.12	499.67	2.0389	1.8958	3.1373	1154.4	-0.036369	5.0881e-05	0.13151	supercritical
239.69	619.00	343.89	0.0029079	322.80	502.80	2.0520	1.8955	3.1373	1151.1	-0.036169	5.0590e-05	0.13099	supercritical
240.69	619.00	343.01	0.0029154	325.48	505.94	2.0650	1.8952	3.1373	1147.8	-0.035970	5.0302e-05	0.13048	supercritical
241.69	619.00	342.14	0.0029228	328.16	509.08	2.0781	1.8949	3.1373	1144.6	-0.035769	5.0017e-05	0.12997	supercritical
242.69	619.00	341.27	0.0029303	330.83	512.22	2.0910	1.8946	3.1373	1141.3	-0.035568	4.9737e-05	0.12947	supercritical
243.69	619.00	340.40	0.0029377	333.51	515.35	2.1039	1.8944	3.1373	1138.1	-0.035367	4.9459e-05	0.12897	supercritical
244.69	619.00	339.53	0.0029453	336.18	518.49	2.1168	1.8941	3.1373	1135.0	-0.035165	4.9185e-05	0.12847	supercritical
245.69	619.00	338.66	0.0029528	338.85	521.63	2.1296	1.8940	3.1374	1131.8	-0.034962	4.8915e-05	0.12798	supercritical
246.69	619.00	337.80	0.0029604	341.52	524.76	2.1423	1.8938	3.1374	1128.7	-0.034759	4.8648e-05	0.12750	supercritical
247.69	619.00	336.93	0.0029680	344.19	527.90	2.1550	1.8937	3.1374	1125.6	-0.034556	4.8384e-05	0.12702	supercritical
248.69	619.00	336.07	0.0029756	346.85	531.04	2.1676	1.8936	3.1375	1122.5	-0.034352	4.8123e-05	0.12654	supercritical
249.69	619.00	335.21	0.0029832	349.52	534.18	2.1802	1.8936	3.1375	1119.4	-0.034147	4.7865e-05	0.12607	supercritical
250.69	619.00	334.35	0.0029909	352.18	537.31	2.1928	1.8935	3.1376	1116.4	-0.033943	4.7611e-05	0.12561	supercritical
251.69	619.00	333.49	0.0029986	354.84	540.45	2.2053	1.8936	3.1376	1113.3	-0.033738	4.7359e-05	0.12514	supercritical
252.69	619.00	332.63	0.0030063	357.50	543.59	2.2177	1.8936	3.1377	1110.3	-0.033533	4.7111e-05	0.12469	supercritical
253.69	619.00	331.78	0.0030141	360.16	546.73	2.2301	1.8937	3.1377	1107.4	-0.033327	4.6866e-05	0.12424	supercritical
254.69	619.00	330.93	0.0030218	362.81	549.87	2.2424	1.8937	3.1378	1104.4	-0.033121	4.6623e-05	0.12379	supercritical
255.69	619.00	330.07	0.0030296	365.47	553.00	2.2547	1.8939	3.1379	1101.5	-0.032916	4.6384e-05	0.12335	supercritical
256.69	619.00	329.22	0.0030374	368.12	556.14	2.2670	1.8940	3.1380	1098.6	-0.032709	4.6147e-05	0.12291	supercritical
257.69	619.00	328.38	0.0030453	370.78	559.28	2.2792	1.8942	3.1380	1095.7	-0.032503	4.5913e-05	0.12248	supercritical
258.69	619.00	327.53	0.0030532	373.43	562.42	2.2913	1.8944	3.1381	1092.8	-0.032297	4.5682e-05	0.12206	supercritical
259.69	619.00	326.68	0.0030611	376.08	565.56	2.3034	1.8947	3.1382	1090.0	-0.032090	4.5453e-05	0.12163	supercritical
260.69	619.00	325.84	0.0030690	378.72	568.69	2.3155	1.8949	3.1383	1087.1	-0.031883	4.5228e-05	0.12121	supercritical
261.69	619.00	325.00	0.0030769	381.37	571.83	2.3275	1.8952	3.1384	1084.3	-0.031677	4.5005e-05	0.12080	supercritical
262.69	619.00	324.16	0.0030849	384.02	574.97	2.3395	1.8956	3.1385	1081.5	-0.031470	4.4784e-05	0.12039	supercritical
263.69	619.00	323.32	0.0030929	386.66	578.11	2.3514	1.8959	3.1386	1078.8	-0.031263	4.4566e-05	0.11999	supercritical
264.69	619.00	322.49	0.0031009	389.30	581.25	2.3633	1.8963	3.1387	1076.0	-0.031056	4.4351e-05	0.11959	supercritical
265.69	619.00	321.65	0.0031090	391.94	584.39	2.3751	1.8967	3.1388	1073.3	-0.030850	4.4138e-05	0.11919	supercritical
266.69	619.00	320.82	0.0031170	394.58	587.53	2.3869	1.8972	3.1390	1070.6	-0.030643	4.3928e-05	0.11880	supercritical
267.69	619.00	319.99	0.0031251	397.22	590.66	2.3987	1.8976	3.1391	1067.9	-0.030436	4.3720e-05	0.11842	supercritical
268.69	619.00	319.16	0.0031332	399.86	593.80	2.4104	1.8981	3.1392	1065.3	-0.030230	4.3515e-05	0.11803	supercritical
269.69	619.00	318.33	0.0031414	402.49	596.94	2.4220	1.8986	3.1393	1062.7	-0.030024	4.3312e-05	0.11766	supercritical
270.69	619.00	317.51	0.0031495	405.13	600.08	2.4336	1.8992	3.1395	1060.0	-0.029818	4.3111e-05	0.11728	supercritical
271.69	619.00	316.68	0.0031577	407.76	603.22	2.4452	1.8998	3.1396	1057.5	-0.029612	4.2913e-05	0.11691	supercritical
272.69	619.00	315.86	0.0031659	410.39	606.36	2.4568	1.9004	3.1398	1054.9	-0.029406	4.2717e-05	0.11655	supercritical
273.69	619.00	315.04	0.0031742	413.02	609.50	2.4683	1.9010	3.1399	1052.3	-0.029201	4.2523e-05	0.11619	supercritical
274.69	619.00	314.22	0.0031824	415.65	612.64	2.4797	1.9017	3.1401	1049.8	-0.028996	4.2332e-05	0.11583	supercritical
275.69	619.00	313.41	0.0031907	418.28	615.78	2.4911	1.9024	3.1402	1047.3	-0.028791	4.2142e-05	0.11548	supercritical
276.69	619.00	312.60	0.0031990	420.90	618.92	2.5025	1.9031	3.1404	1044.8	-0.028587	4.1955e-05	0.11514	supercritical
277.69	619.00	311.78	0.0032074	423.53	622.06	2.5138	1.9038	3.1406	1042.4	-0.028383	4.1770e-05	0.11479	supercritical
278.69	619.00	310.97	0.0032157	426.15	625.20	2.5251	1.9046	3.1407	1039.9	-0.028179	4.1588e-05	0.11445	supercritical
279.69	619.00	310.17	0.0032241	428.77	628.34	2.5364	1.9054	3.1409	1037.5	-0.027976	4.1407e-05	0.11412	supercritical
280.69	619.00	309.36	0.0032325	431.39	631.48	2.5476	1.9062	3.1411	1035.1	-0.027773	4.1228e-05	0.11379	supercritical
281.69	619.00	308.56	0.0032409	434.01	634.63	2.5587	1.9071	3.1413	1032.7	-0.027571	4.1052e-05	0.11346	supercritical
282.69	619.00	307.75	0.0032493	436.63	637.77	2.5699	1.9080	3.1414	1030.3	-0.027369	4.0877e-05	0.11314	supercritical
283.69	619.00	306.96	0.0032578	439.25	640.91	2.5810	1.9089	3.1416	1028.0	-0.027168	4.0704e-05	0.11282	supercritical
284.69	619.00	306.16	0.0032663	441.87	644.05	2.5920	1.9098	3.1418	1025.7	-0.026967	4.0534e-05	0.11250	supercritical
285.69	619.00	305.36	0.0032748	444.48	647.19	2.6030	1.9108	3.1420	1023.4	-0.026767	4.0365e-05	0.11219	supercritical
286.69	619.00	304.57	0.0032833	447.10	650.33	2.6140	1.9117	3.1422	1021.1	-0.026568	4.0198e-05	0.11189	supercritical
287.69	619.00	303.78	0.0032919	449.71	653.48	2.6250	1.9127	3.1424	1018.8	-0.026369	4.0033e-05	0.11158	supercritical
288.69	619.00	302.99	0.0033005	452.32	656.62	2.6359	1.9138	3.1426	1016.6	-0.026170	3.9870e-05	0.11129	supercritical
289.69	619.00	302.20	0.0033090	454.93	659.76	2.6467	1.9148	3.1429	1014.4	-0.025973	3.9709e-05	0.11099	supercritical
290.69	619.00	301.42	0.0033177	457.54	662.90	2.6576	1.9159	3.1431	1012.2	-0.025776	3.9550e-05	0.11070	supercritical
291.69	619.00	300.63	0.0033263	460.15	666.05	2.6683	1.9170	3.1433	1010.0	-0.025579	3.9392e-05	0.11041	supercritical
292.69	619.00	299.85	0.0033350	462.76	669.19	2.6791	1.9181	3.1435	1007.8	-0.025384	3.9237e-05	0.11013	supercritical
293.69	619.00	299.08	0.0033436	465.36	672.34	2.6898	1.9193	3.1438	1005.7	-0.025189	3.9083e-05	0.10985	supercritical
294.69	619.00	298.30	0.0033523	467.97	675.48	2.7005	1.9205	3.1440	1003.6	-0.024995	3.8930e-05	0.10957	supercritical
295.69	619.00	297.53	0.0033610	470.57	678.62	2.7112	1.9217	3.1443	1001.4	-0.024802	3.8780e-05	0.10930	supercritical
296.69	619.00	296.75	0.0033698	473.18	681.77	2.7218	1.9229	3.1445	999.36	-0.024609	3.8631e-05	0.10903	supercritical
297.69	619.00	295.99	0.0033785	475.78	684.91	2.7324	1.9242	3.1448	997.30	-0.024418	3.8484e-05	0.10877	supercritical
298.69	619.00	295.22	0.0033873	478.38	688.06	2.7429	1.9254	3.1450	995.25	-0.024227	3.8339e-05	0.10851	supercritical
299.69	619.00	294.45	0.0033961	480.98	691.20	2.7534	1.9267	3.1453	993.22	-0.024037	3.8195e-05	0.10825	supercritical
300.69	619.00	293.69	0.0034049	483.58	694.35	2.7639	1.9281	3.1456	991.21	-0.023848	3.8053e-05	0.10800	supercritical
301.69	619.00	292.93	0.0034138	486.18	697.49	2.7743	1.9294	3.1458	989.22	-0.023660	3.7912e-05	0.10775	supercritical
302.69	619.00	292.17	0.0034226	488.78	700.64	2.7848	1.9308	3.1461	987.25	-0.023473	3.7773e-05	0.10750	supercritical
303.69	619.00	291.42	0.0034315	491.37	703.79	2.7951	1.9322	3.1464	985.29	-0.023287	3.7636e-05	0.10725	supercritical
304.69	619.00	290.66	0.0034404	493.97	706.93	2.8055	1.9336	3.1467	983.36	-0.023102	3.7500e-05	0.10702	supercritical
305.69	619.00	289.91	0.0034493	496.57	710.08	2.8158	1.9350	3.1470	981.44	-0.022918	3.7365e-05	0.10678	supercritical
306.69	619.00	289.16	0.0034583	499.16	713.23	2.8261	1.9365	3.1473	979.54	-0.022735	3.7233e-05	0.10655	supercritical
307.69	619.00	288.42	0.0034672	501.75	716.37	2.8363	1.9380	3.1476	977.66	-0.022553	3.7101e-05	0.10632	supercritical
308.69	619.00	287.67	0.0034762	504.35	719.52	2.8465	1.9395	3.1479	975.80	-0.022372	3.6971e-05	0.10609	supercritical
309.69	619.00	286.93	0.0034852	506.94	722.67	2.8567	1.9410	3.1482	973.96	-0.022192	3.6843e-05	0.10587	supercritical
310.69	619.00	286.19	0.0034942	509.53	725.82	2.8669	1.9425	3.1485	972.13	-0.022013	3.6716e-05	0.10565	supercritical
311.69	619.00	285.45	0.0035032	512.12	728.97	2.8770	1.9441	3.1489	970.32	-0.021835	3.6590e-05	0.10543	supercritical
312.69	619.00	284.72	0.0035122	514.71	732.12	2.8871	1.9457	3.1492	968.53	-0.021658	3.6466e-05	0.10522	supercritical
313.69	619.00	283.99	0.0035213	517.30	735.26	2.8971	1.9473	3.1495	966.76	-0.021482	3.6344e-05	0.10501	supercritical
314.69	619.00	283.26	0.0035304	519.88	738.41	2.9071	1.9490	3.1499	965.00	-0.021308	3.6222e-05	0.10480	supercritical
315.69	619.00	282.53	0.0035395	522.47	741.56	2.9171	1.9506	3.1502	963.26	-0.021135	3.6102e-05	0.10460	supercritical
316.69	619.00	281.80	0.0035486	525.06	744.72	2.9271	1.9523	3.1506	961.54	-0.020962	3.5984e-05	0.10440	supercritical
317.69	619.00	281.08	0.0035577	527.64	747.87	2.9370	1.9540	3.1510	959.84	-0.020792	3.5866e-05	0.10420	supercritical
318.69	619.00	280.36	0.0035669	530.23	751.02	2.9469	1.9557	3.1513	958.15	-0.020622	3.5750e-05	0.10401	supercritical
319.69	619.00	279.64	0.0035760	532.81	754.17	2.9568	1.9574	3.1517	956.48	-0.020453	3.5636e-05	0.10382	supercritical
320.69	619.00	278.92	0.0035852	535.40	757.32	2.9667	1.9592	3.1521	954.82	-0.020286	3.5522e-05	0.10363	supercritical
321.69	619.00	278.21	0.0035944	537.98	760.47	2.9765	1.9610	3.1525	953.19	-0.020120	3.5410e-05	0.10345	supercritical
322.69	619.00	277.50	0.0036036	540.56	763.63	2.9863	1.9628	3.1529	951.57	-0.019955	3.5299e-05	0.10326	supercritical
323.69	619.00	276.79	0.0036128	543.14	766.78	2.9960	1.9646	3.1533	949.96	-0.019791	3.5190e-05	0.10309	supercritical
324.69	619.00	276.08	0.0036221	545.73	769.93	3.0057	1.9664	3.1537	948.38	-0.019629	3.5081e-05	0.10291	supercritical
325.69	619.00	275.38	0.0036313	548.31	773.09	3.0154	1.9683	3.1541	946.81	-0.019468	3.4974e-05	0.10274	supercritical
326.69	619.00	274.68	0.0036406	550.89	776.24	3.0251	1.9702	3.1545	945.25	-0.019308	3.4868e-05	0.10257	supercritical
327.69	619.00	273.98	0.0036499	553.47	779.40	3.0347	1.9721	3.1550	943.71	-0.019150	3.4764e-05	0.10240	supercritical
328.69	619.00	273.28	0.0036592	556.05	782.55	3.0444	1.9740	3.1554	942.19	-0.018992	3.4660e-05	0.10224	supercritical
329.69	619.00	272.59	0.0036685	558.63	785.71	3.0539	1.9759	3.1559	940.68	-0.018837	3.4558e-05	0.10208	supercritical
330.69	619.00	271.90	0.0036778	561.20	788.86	3.0635	1.9779	3.1563	939.19	-0.018682	3.4456e-05	0.10192	supercritical
331.69	619.00	271.21	0.0036872	563.78	792.02	3.0730	1.9798	3.1568	937.72	-0.018529	3.4356e-05	0.10176	supercritical
332.69	619.00	270.52	0.0036965	566.36	795.18	3.0825	1.9818	3.1573	936.26	-0.018377	3.4257e-05	0.10161	supercritical
333.69	619.00	269.84	0.0037059	568.94	798.33	3.0920	1.9838	3.1577	934.81	-0.018226	3.4160e-05	0.10146	supercritical
334.69	619.00	269.16	0.0037153	571.51	801.49	3.1015	1.9859	3.1582	933.38	-0.018077	3.4063e-05	0.10132	supercritical
335.69	619.00	268.48	0.0037247	574.09	804.65	3.1109	1.9879	3.1587	931.97	-0.017930	3.3967e-05	0.10117	supercritical
336.69	619.00	267.80	0.0037341	576.67	807.81	3.1203	1.9900	3.1592	930.57	-0.017783	3.3873e-05	0.10103	supercritical
337.69	619.00	267.13	0.0037436	579.24	810.97	3.1297	1.9920	3.1597	929.19	-0.017638	3.3779e-05	0.10089	supercritical
338.69	619.00	266.45	0.0037530	581.82	814.13	3.1390	1.9941	3.1602	927.82	-0.017494	3.3687e-05	0.10076	supercritical
339.69	619.00	265.78	0.0037624	584.39	817.29	3.1483	1.9963	3.1608	926.46	-0.017352	3.3595e-05	0.10062	supercritical
340.69	619.00	265.12	0.0037719	586.97	820.45	3.1576	1.9984	3.1613	925.12	-0.017211	3.3505e-05	0.10049	supercritical
341.69	619.00	264.45	0.0037814	589.54	823.61	3.1669	2.0005	3.1618	923.80	-0.017072	3.3416e-05	0.10036	supercritical
342.69	619.00	263.79	0.0037909	592.12	826.77	3.1761	2.0027	3.1624	922.49	-0.016934	3.3327e-05	0.10024	supercritical
343.69	619.00	263.13	0.0038004	594.69	829.94	3.1853	2.0049	3.1629	921.19	-0.016797	3.3240e-05	0.10011	supercritical
344.69	619.00	262.47	0.0038099	597.27	833.10	3.1945	2.0071	3.1635	919.91	-0.016662	3.3154e-05	0.099994	supercritical
345.69	619.00	261.82	0.0038194	599.84	836.26	3.2037	2.0093	3.1641	918.64	-0.016528	3.3068e-05	0.099876	supercritical
346.69	619.00	261.17	0.0038290	602.41	839.43	3.2128	2.0115	3.1647	917.39	-0.016396	3.2984e-05	0.099760	supercritical
347.69	619.00	260.52	0.0038385	604.99	842.59	3.2219	2.0138	3.1653	916.15	-0.016265	3.2900e-05	0.099647	supercritical
348.69	619.00	259.87	0.0038481	607.56	845.76	3.2310	2.0160	3.1659	914.93	-0.016135	3.2818e-05	0.099537	supercritical
349.69	619.00	259.22	0.0038577	610.13	848.92	3.2401	2.0183	3.1665	913.71	-0.016007	3.2736e-05	0.099429	supercritical
350.69	619.00	258.58	0.0038673	612.71	852.09	3.2491	2.0206	3.1671	912.51	-0.015880	3.2656e-05	0.099323	supercritical
351.69	619.00	257.94	0.0038769	615.28	855.26	3.2582	2.0229	3.1677	911.33	-0.015755	3.2576e-05	0.099219	supercritical
352.69	619.00	257.30	0.0038865	617.85	858.43	3.2672	2.0252	3.1683	910.16	-0.015631	3.2497e-05	0.099118	supercritical
353.69	619.00	256.67	0.0038961	620.43	861.59	3.2761	2.0276	3.1690	909.00	-0.015508	3.2419e-05	0.099020	supercritical
354.69	619.00	256.03	0.0039057	623.00	864.76	3.2851	2.0299	3.1696	907.86	-0.015387	3.2342e-05	0.098923	supercritical
355.69	619.00	255.40	0.0039154	625.57	867.93	3.2940	2.0323	3.1703	906.72	-0.015268	3.2266e-05	0.098829	supercritical
356.69	619.00	254.78	0.0039250	628.15	871.10	3.3029	2.0347	3.1710	905.61	-0.015150	3.2191e-05	0.098737	supercritical
357.69	619.00	254.15	0.0039347	630.72	874.28	3.3118	2.0371	3.1717	904.50	-0.015033	3.2117e-05	0.098648	supercritical
358.69	619.00	253.53	0.0039444	633.29	877.45	3.3206	2.0395	3.1724	903.41	-0.014918	3.2043e-05	0.098560	supercritical
359.69	619.00	252.91	0.0039540	635.87	880.62	3.3295	2.0419	3.1731	902.33	-0.014804	3.1970e-05	0.098475	supercritical
360.69	619.00	252.29	0.0039637	638.44	883.79	3.3383	2.0444	3.1738	901.26	-0.014691	3.1899e-05	0.098393	supercritical
361.69	619.00	251.67	0.0039734	641.01	886.97	3.3471	2.0468	3.1745	900.20	-0.014580	3.1828e-05	0.098312	supercritical
362.69	619.00	251.06	0.0039831	643.59	890.14	3.3558	2.0493	3.1752	899.16	-0.014471	3.1757e-05	0.098233	supercritical
363.69	619.00	250.45	0.0039929	646.16	893.32	3.3646	2.0518	3.1760	898.13	-0.014362	3.1688e-05	0.098157	supercritical
364.69	619.00	249.84	0.0040026	648.73	896.49	3.3733	2.0543	3.1767	897.11	-0.014256	3.1619e-05	0.098083	supercritical
365.69	619.00	249.23	0.0040123	651.31	899.67	3.3820	2.0568	3.1775	896.11	-0.014150	3.1552e-05	0.098011	supercritical
366.69	619.00	248.63	0.0040221	653.88	902.85	3.3907	2.0593	3.1783	895.11	-0.014046	3.1485e-05	0.097941	supercritical
367.69	619.00	248.03	0.0040318	656.46	906.03	3.3993	2.0619	3.1790	894.13	-0.013944	3.1418e-05	0.097873	supercritical
368.69	619.00	247.43	0.0040416	659.03	909.21	3.4080	2.0644	3.1798	893.16	-0.013843	3.1353e-05	0.097807	supercritical
369.69	619.00	246.83	0.0040514	661.61	912.39	3.4166	2.0670	3.1806	892.20	-0.013743	3.1288e-05	0.097743	supercritical
370.69	619.00	246.24	0.0040611	664.18	915.57	3.4252	2.0696	3.1814	891.25	-0.013645	3.1224e-05	0.097681	supercritical
371.69	619.00	245.64	0.0040709	666.76	918.75	3.4337	2.0722	3.1823	890.32	-0.013548	3.1161e-05	0.097621	supercritical
372.69	619.00	245.05	0.0040807	669.34	921.93	3.4423	2.0748	3.1831	889.39	-0.013452	3.1098e-05	0.097563	supercritical
373.69	619.00	244.47	0.0040905	671.91	925.12	3.4508	2.0774	3.1839	888.48	-0.013358	3.1037e-05	0.097508	supercritical
374.69	619.00	243.88	0.0041003	674.49	928.30	3.4593	2.0800	3.1848	887.58	-0.013265	3.0976e-05	0.097454	supercritical
375.69	619.00	243.30	0.0041102	677.07	931.49	3.4678	2.0827	3.1857	886.69	-0.013174	3.0915e-05	0.097402	supercritical
376.69	619.00	242.72	0.0041200	679.65	934.67	3.4763	2.0853	3.1865	885.81	-0.013084	3.0856e-05	0.097352	supercritical
377.69	619.00	242.14	0.0041298	682.22	937.86	3.4847	2.0880	3.1874	884.94	-0.012996	3.0797e-05	0.097304	supercritical
378.69	619.00	241.57	0.0041397	684.80	941.05	3.4932	2.0907	3.1883	884.08	-0.012908	3.0739e-05	0.097257	supercritical
379.69	619.00	240.99	0.0041495	687.38	944.24	3.5016	2.0933	3.1892	883.23	-0.012822	3.0681e-05	0.097213	supercritical
380.69	619.00	240.42	0.0041594	689.96	947.43	3.5100	2.0960	3.1901	882.39	-0.012738	3.0624e-05	0.097170	supercritical
381.69	619.00	239.85	0.0041692	692.54	950.62	3.5183	2.0988	3.1911	881.57	-0.012655	3.0568e-05	0.097130	supercritical
382.69	619.00	239.29	0.0041791	695.12	953.81	3.5267	2.1015	3.1920	880.75	-0.012573	3.0513e-05	0.097091	supercritical
383.69	619.00	238.72	0.0041890	697.70	957.00	3.5350	2.1042	3.1929	879.95	-0.012492	3.0458e-05	0.097054	supercritical
384.69	619.00	238.16	0.0041989	700.28	960.19	3.5433	2.1070	3.1939	879.15	-0.012413	3.0403e-05	0.097019	supercritical
385.69	619.00	237.60	0.0042087	702.87	963.39	3.5516	2.1097	3.1949	878.37	-0.012335	3.0350e-05	0.096985	supercritical
386.69	619.00	237.04	0.0042186	705.45	966.58	3.5599	2.1125	3.1958	877.59	-0.012258	3.0297e-05	0.096953	supercritical
387.69	619.00	236.49	0.0042285	708.03	969.78	3.5682	2.1153	3.1968	876.83	-0.012183	3.0245e-05	0.096923	supercritical
388.69	619.00	235.94	0.0042384	710.62	972.98	3.5764	2.1181	3.1978	876.07	-0.012109	3.0193e-05	0.096895	supercritical
389.69	619.00	235.39	0.0042484	713.20	976.18	3.5846	2.1209	3.1989	875.33	-0.012037	3.0142e-05	0.096869	supercritical
390.69	619.00	234.84	0.0042583	715.79	979.38	3.5928	2.1237	3.1999	874.59	-0.011965	3.0091e-05	0.096844	supercritical
391.69	619.00	234.29	0.0042682	718.37	982.58	3.6010	2.1265	3.2009	873.87	-0.011895	3.0042e-05	0.096821	supercritical
392.69	619.00	233.75	0.0042781	720.96	985.78	3.6092	2.1293	3.2020	873.15	-0.011826	2.9992e-05	0.096799	supercritical
393.69	619.00	233.21	0.0042881	723.55	988.98	3.6173	2.1322	3.2030	872.44	-0.011759	2.9944e-05	0.096779	supercritical
394.69	619.00	232.67	0.0042980	726.14	992.18	3.6254	2.1350	3.2041	871.75	-0.011692	2.9896e-05	0.096761	supercritical
395.69	619.00	232.13	0.0043079	728.73	995.39	3.6335	2.1379	3.2052	871.06	-0.011627	2.9848e-05	0.096745	supercritical
396.69	619.00	231.60	0.0043179	731.32	998.59	3.6416	2.1407	3.2062	870.38	-0.011563	2.9801e-05	0.096730	supercritical
397.69	619.00	231.06	0.0043278	733.91	1001.8	3.6497	2.1436	3.2073	869.71	-0.011501	2.9755e-05	0.096716	supercritical
398.69	619.00	230.53	0.0043378	736.50	1005.0	3.6578	2.1465	3.2085	869.05	-0.011439	2.9709e-05	0.096705	supercritical
399.69	619.00	230.00	0.0043478	739.09	1008.2	3.6658	2.1494	3.2096	868.40	-0.011379	2.9664e-05	0.096694	supercritical
400.69	619.00	229.48	0.0043577	741.68	1011.4	3.6738	2.1523	3.2107	867.75	-0.011320	2.9619e-05	0.096686	supercritical
401.69	619.00	228.95	0.0043677	744.28	1014.6	3.6818	2.1552	3.2118	867.12	-0.011262	2.9575e-05	0.096679	supercritical
402.69	619.00	228.43	0.0043777	746.87	1017.9	3.6898	2.1582	3.2130	866.50	-0.011206	2.9531e-05	0.096673	supercritical
403.69	619.00	227.91	0.0043876	749.47	1021.1	3.6978	2.1611	3.2142	865.88	-0.011150	2.9488e-05	0.096669	supercritical
404.69	619.00	227.40	0.0043976	752.07	1024.3	3.7057	2.1640	3.2153	865.27	-0.011096	2.9446e-05	0.096667	supercritical
405.69	619.00	226.88	0.0044076	754.66	1027.5	3.7137	2.1670	3.2165	864.67	-0.011043	2.9404e-05	0.096666	supercritical
406.69	619.00	226.37	0.0044176	757.26	1030.7	3.7216	2.1700	3.2177	864.08	-0.010991	2.9362e-05	0.096666	supercritical
407.69	619.00	225.86	0.0044276	759.86	1033.9	3.7295	2.1729	3.2189	863.50	-0.010940	2.9321e-05	0.096668	supercritical
408.69	619.00	225.35	0.0044376	762.46	1037.2	3.7374	2.1759	3.2202	862.92	-0.010890	2.9281e-05	0.096672	supercritical
409.69	619.00	224.84	0.0044476	765.06	1040.4	3.7453	2.1789	3.2214	862.36	-0.010842	2.9241e-05	0.096677	supercritical
410.69	619.00	224.34	0.0044576	767.67	1043.6	3.7531	2.1819	3.2226	861.80	-0.010795	2.9202e-05	0.096683	supercritical
411.69	619.00	223.83	0.0044676	770.27	1046.8	3.7609	2.1849	3.2239	861.25	-0.010748	2.9163e-05	0.096691	supercritical
412.69	619.00	223.33	0.0044776	772.88	1050.0	3.7688	2.1879	3.2251	860.71	-0.010703	2.9124e-05	0.096700	supercritical
413.69	619.00	222.83	0.0044876	775.48	1053.3	3.7766	2.1909	3.2264	860.17	-0.010659	2.9086e-05	0.096711	supercritical
414.69	619.00	222.34	0.0044977	778.09	1056.5	3.7844	2.1940	3.2277	859.64	-0.010616	2.9049e-05	0.096723	supercritical
415.69	619.00	221.84	0.0045077	780.70	1059.7	3.7921	2.1970	3.2290	859.13	-0.010574	2.9012e-05	0.096736	supercritical
416.69	619.00	221.35	0.0045177	783.31	1063.0	3.7999	2.2000	3.2303	858.61	-0.010533	2.8975e-05	0.096751	supercritical
417.69	619.00	220.86	0.0045277	785.92	1066.2	3.8076	2.2031	3.2316	858.11	-0.010493	2.8939e-05	0.096767	supercritical
418.69	619.00	220.37	0.0045378	788.53	1069.4	3.8154	2.2061	3.2330	857.62	-0.010454	2.8903e-05	0.096784	supercritical
419.69	619.00	219.89	0.0045478	791.14	1072.6	3.8231	2.2092	3.2343	857.13	-0.010416	2.8868e-05	0.096803	supercritical
420.69	619.00	219.40	0.0045578	793.75	1075.9	3.8308	2.2123	3.2356	856.65	-0.010380	2.8833e-05	0.096823	supercritical
421.69	619.00	218.92	0.0045679	796.37	1079.1	3.8385	2.2154	3.2370	856.17	-0.010344	2.8799e-05	0.096844	supercritical
422.69	619.00	218.44	0.0045779	798.99	1082.4	3.8461	2.2184	3.2384	855.70	-0.010309	2.8765e-05	0.096867	supercritical
423.69	619.00	217.96	0.0045879	801.60	1085.6	3.8538	2.2215	3.2398	855.25	-0.010275	2.8732e-05	0.096891	supercritical
424.69	619.00	217.49	0.0045980	804.22	1088.8	3.8614	2.2246	3.2412	854.79	-0.010243	2.8699e-05	0.096916	supercritical
425.69	619.00	217.01	0.0046080	806.84	1092.1	3.8691	2.2277	3.2426	854.35	-0.010211	2.8666e-05	0.096943	supercritical
426.69	619.00	216.54	0.0046181	809.46	1095.3	3.8767	2.2309	3.2440	853.91	-0.010180	2.8634e-05	0.096971	supercritical
427.69	619.00	216.07	0.0046281	812.09	1098.6	3.8843	2.2340	3.2454	853.48	-0.010150	2.8602e-05	0.097000	supercritical
428.69	619.00	215.60	0.0046382	814.71	1101.8	3.8918	2.2371	3.2468	853.05	-0.010121	2.8571e-05	0.097030	supercritical
429.69	619.00	215.14	0.0046482	817.33	1105.1	3.8994	2.2402	3.2483	852.63	-0.010093	2.8540e-05	0.097061	supercritical
430.69	619.00	214.67	0.0046583	819.96	1108.3	3.9070	2.2434	3.2497	852.22	-0.010066	2.8510e-05	0.097094	supercritical
431.69	619.00	214.21	0.0046683	822.59	1111.6	3.9145	2.2465	3.2512	851.82	-0.010040	2.8480e-05	0.097128	supercritical
432.69	619.00	213.75	0.0046784	825.22	1114.8	3.9220	2.2497	3.2527	851.42	-0.010015	2.8450e-05	0.097163	supercritical
433.69	619.00	213.29	0.0046885	827.85	1118.1	3.9295	2.2528	3.2542	851.03	-0.0099902	2.8421e-05	0.097200	supercritical
434.69	619.00	212.83	0.0046985	830.48	1121.3	3.9370	2.2560	3.2557	850.64	-0.0099667	2.8392e-05	0.097237	supercritical
435.69	619.00	212.38	0.0047086	833.11	1124.6	3.9445	2.2592	3.2572	850.27	-0.0099441	2.8363e-05	0.097276	supercritical
436.69	619.00	211.92	0.0047187	835.75	1127.8	3.9520	2.2624	3.2587	849.89	-0.0099224	2.8335e-05	0.097316	supercritical
437.69	619.00	211.47	0.0047287	838.39	1131.1	3.9594	2.2655	3.2602	849.53	-0.0099016	2.8308e-05	0.097357	supercritical
438.69	619.00	211.02	0.0047388	841.02	1134.4	3.9669	2.2687	3.2618	849.17	-0.0098816	2.8280e-05	0.097399	supercritical
439.69	619.00	210.58	0.0047489	843.66	1137.6	3.9743	2.2719	3.2633	848.81	-0.0098624	2.8253e-05	0.097442	supercritical
440.69	619.00	210.13	0.0047589	846.30	1140.9	3.9817	2.2751	3.2649	848.47	-0.0098441	2.8227e-05	0.097486	supercritical
441.69	619.00	209.69	0.0047690	848.95	1144.1	3.9891	2.2783	3.2665	848.12	-0.0098266	2.8200e-05	0.097532	supercritical
442.69	619.00	209.25	0.0047791	851.59	1147.4	3.9965	2.2815	3.2680	847.79	-0.0098099	2.8175e-05	0.097579	supercritical
443.69	619.00	208.81	0.0047891	854.24	1150.7	4.0039	2.2847	3.2696	847.46	-0.0097941	2.8149e-05	0.097626	supercritical
444.69	619.00	208.37	0.0047992	856.88	1154.0	4.0113	2.2880	3.2712	847.14	-0.0097790	2.8124e-05	0.097675	supercritical
445.69	619.00	207.93	0.0048093	859.53	1157.2	4.0186	2.2912	3.2728	846.82	-0.0097647	2.8099e-05	0.097725	supercritical
446.69	619.00	207.50	0.0048194	862.18	1160.5	4.0259	2.2944	3.2745	846.51	-0.0097512	2.8075e-05	0.097776	supercritical
447.69	619.00	207.06	0.0048294	864.83	1163.8	4.0333	2.2977	3.2761	846.20	-0.0097384	2.8050e-05	0.097828	supercritical
448.69	619.00	206.63	0.0048395	867.49	1167.1	4.0406	2.3009	3.2777	845.90	-0.0097264	2.8027e-05	0.097881	supercritical
449.69	619.00	206.20	0.0048496	870.14	1170.3	4.0479	2.3041	3.2794	845.60	-0.0097152	2.8003e-05	0.097935	supercritical
450.69	619.00	205.78	0.0048597	872.80	1173.6	4.0552	2.3074	3.2810	845.31	-0.0097047	2.7980e-05	0.097991	supercritical
451.69	619.00	205.35	0.0048697	875.46	1176.9	4.0624	2.3107	3.2827	845.03	-0.0096949	2.7957e-05	0.098047	supercritical
452.69	619.00	204.93	0.0048798	878.12	1180.2	4.0697	2.3139	3.2844	844.75	-0.0096859	2.7935e-05	0.098104	supercritical
453.69	619.00	204.50	0.0048899	880.78	1183.5	4.0769	2.3172	3.2861	844.48	-0.0096776	2.7913e-05	0.098163	supercritical
454.69	619.00	204.08	0.0049000	883.44	1186.7	4.0842	2.3204	3.2878	844.21	-0.0096699	2.7891e-05	0.098222	supercritical
455.69	619.00	203.66	0.0049100	886.11	1190.0	4.0914	2.3237	3.2895	843.94	-0.0096630	2.7869e-05	0.098282	supercritical
456.69	619.00	203.25	0.0049201	888.77	1193.3	4.0986	2.3270	3.2912	843.69	-0.0096568	2.7848e-05	0.098344	supercritical
457.69	619.00	202.83	0.0049302	891.44	1196.6	4.1058	2.3303	3.2929	843.43	-0.0096512	2.7827e-05	0.098406	supercritical
458.69	619.00	202.42	0.0049403	894.11	1199.9	4.1130	2.3336	3.2947	843.19	-0.0096464	2.7807e-05	0.098469	supercritical
459.69	619.00	202.01	0.0049503	896.78	1203.2	4.1202	2.3369	3.2964	842.94	-0.0096422	2.7787e-05	0.098533	supercritical
460.69	619.00	201.60	0.0049604	899.46	1206.5	4.1274	2.3402	3.2982	842.71	-0.0096386	2.7767e-05	0.098599	supercritical
461.69	619.00	201.19	0.0049705	902.13	1209.8	4.1345	2.3435	3.3000	842.47	-0.0096357	2.7747e-05	0.098665	supercritical
462.69	619.00	200.78	0.0049806	904.81	1213.1	4.1416	2.3468	3.3017	842.25	-0.0096334	2.7728e-05	0.098732	supercritical
463.69	619.00	200.37	0.0049907	907.49	1216.4	4.1488	2.3501	3.3035	842.02	-0.0096318	2.7709e-05	0.098800	supercritical
464.69	619.00	199.97	0.0050007	910.17	1219.7	4.1559	2.3534	3.3053	841.81	-0.0096307	2.7690e-05	0.098869	supercritical
465.69	619.00	199.57	0.0050108	912.85	1223.0	4.1630	2.3567	3.3071	841.59	-0.0096303	2.7672e-05	0.098939	supercritical
466.69	619.00	199.17	0.0050209	915.53	1226.3	4.1701	2.3600	3.3089	841.38	-0.0096305	2.7653e-05	0.099010	supercritical
467.69	619.00	198.77	0.0050310	918.22	1229.6	4.1772	2.3633	3.3107	841.18	-0.0096313	2.7636e-05	0.099082	supercritical
468.69	619.00	198.37	0.0050410	920.91	1232.9	4.1843	2.3667	3.3126	840.98	-0.0096327	2.7618e-05	0.099154	supercritical
469.69	619.00	197.98	0.0050511	923.60	1236.3	4.1913	2.3700	3.3144	840.79	-0.0096347	2.7601e-05	0.099228	supercritical
470.69	619.00	197.58	0.0050612	926.29	1239.6	4.1984	2.3733	3.3163	840.60	-0.0096372	2.7584e-05	0.099303	supercritical
471.69	619.00	197.19	0.0050713	928.98	1242.9	4.2054	2.3767	3.3181	840.41	-0.0096403	2.7567e-05	0.099378	supercritical
472.69	619.00	196.80	0.0050813	931.68	1246.2	4.2124	2.3800	3.3200	840.23	-0.0096440	2.7550e-05	0.099454	supercritical
473.69	619.00	196.41	0.0050914	934.38	1249.5	4.2195	2.3833	3.3219	840.05	-0.0096482	2.7534e-05	0.099532	supercritical
474.69	619.00	196.02	0.0051015	937.08	1252.9	4.2265	2.3867	3.3237	839.88	-0.0096529	2.7518e-05	0.099610	supercritical
475.69	619.00	195.64	0.0051115	939.78	1256.2	4.2335	2.3900	3.3256	839.71	-0.0096582	2.7502e-05	0.099688	supercritical
476.69	619.00	195.25	0.0051216	942.48	1259.5	4.2404	2.3934	3.3275	839.55	-0.0096640	2.7487e-05	0.099768	supercritical
477.69	619.00	194.87	0.0051317	945.19	1262.8	4.2474	2.3967	3.3294	839.39	-0.0096704	2.7472e-05	0.099849	supercritical
478.69	619.00	194.49	0.0051418	947.89	1266.2	4.2544	2.4001	3.3314	839.24	-0.0096772	2.7457e-05	0.099930	supercritical
479.69	619.00	194.11	0.0051518	950.60	1269.5	4.2613	2.4035	3.3333	839.09	-0.0096846	2.7442e-05	0.10001	supercritical
480.69	619.00	193.73	0.0051619	953.31	1272.8	4.2683	2.4068	3.3352	838.94	-0.0096924	2.7428e-05	0.10010	supercritical
481.69	619.00	193.35	0.0051720	956.03	1276.2	4.2752	2.4102	3.3372	838.80	-0.0097008	2.7414e-05	0.10018	supercritical
482.69	619.00	192.98	0.0051820	958.74	1279.5	4.2821	2.4136	3.3391	838.66	-0.0097096	2.7400e-05	0.10026	supercritical
483.69	619.00	192.60	0.0051921	961.46	1282.8	4.2890	2.4169	3.3411	838.52	-0.0097189	2.7386e-05	0.10035	supercritical
484.69	619.00	192.23	0.0052021	964.18	1286.2	4.2960	2.4203	3.3430	838.39	-0.0097287	2.7373e-05	0.10044	supercritical
485.69	619.00	191.86	0.0052122	966.90	1289.5	4.3028	2.4237	3.3450	838.27	-0.0097389	2.7359e-05	0.10052	supercritical
486.69	619.00	191.49	0.0052223	969.62	1292.9	4.3097	2.4271	3.3470	838.14	-0.0097496	2.7346e-05	0.10061	supercritical
487.69	619.00	191.12	0.0052323	972.35	1296.2	4.3166	2.4304	3.3490	838.02	-0.0097607	2.7334e-05	0.10070	supercritical
488.69	619.00	190.75	0.0052424	975.08	1299.6	4.3235	2.4338	3.3510	837.91	-0.0097723	2.7321e-05	0.10079	supercritical
489.69	619.00	190.39	0.0052524	977.80	1302.9	4.3303	2.4372	3.3530	837.80	-0.0097843	2.7309e-05	0.10088	supercritical
490.69	619.00	190.02	0.0052625	980.54	1306.3	4.3372	2.4406	3.3550	837.69	-0.0097967	2.7297e-05	0.10097	supercritical
491.69	619.00	189.66	0.0052725	983.27	1309.6	4.3440	2.4440	3.3570	837.58	-0.0098096	2.7285e-05	0.10106	supercritical
492.69	619.00	189.30	0.0052826	986.01	1313.0	4.3508	2.4474	3.3591	837.48	-0.0098229	2.7273e-05	0.10116	supercritical
493.69	619.00	188.94	0.0052927	988.74	1316.4	4.3576	2.4508	3.3611	837.39	-0.0098366	2.7262e-05	0.10125	supercritical
494.69	619.00	188.58	0.0053027	991.48	1319.7	4.3644	2.4542	3.3632	837.29	-0.0098507	2.7251e-05	0.10134	supercritical
495.69	619.00	188.23	0.0053127	994.23	1323.1	4.3712	2.4576	3.3652	837.21	-0.0098651	2.7240e-05	0.10144	supercritical
496.69	619.00	187.87	0.0053228	996.97	1326.5	4.3780	2.4610	3.3673	837.12	-0.0098800	2.7229e-05	0.10154	supercritical
497.69	619.00	187.52	0.0053328	999.72	1329.8	4.3848	2.4644	3.3693	837.04	-0.0098953	2.7219e-05	0.10163	supercritical
498.69	619.00	187.16	0.0053429	1002.5	1333.2	4.3915	2.4678	3.3714	836.96	-0.0099109	2.7209e-05	0.10173	supercritical
499.69	619.00	186.81	0.0053529	1005.2	1336.6	4.3983	2.4712	3.3735	836.88	-0.0099269	2.7198e-05	0.10183	supercritical
500.69	619.00	186.46	0.0053630	1008.0	1339.9	4.4050	2.4746	3.3756	836.81	-0.0099433	2.7189e-05	0.10193	supercritical
501.69	619.00	186.12	0.0053730	1010.7	1343.3	4.4118	2.4781	3.3777	836.74	-0.0099600	2.7179e-05	0.10203	supercritical
502.69	619.00	185.77	0.0053830	1013.5	1346.7	4.4185	2.4815	3.3798	836.68	-0.0099771	2.7169e-05	0.10213	supercritical
503.69	619.00	185.42	0.0053931	1016.2	1350.1	4.4252	2.4849	3.3819	836.61	-0.0099946	2.7160e-05	0.10223	supercritical
504.69	619.00	185.08	0.0054031	1019.0	1353.5	4.4319	2.4883	3.3840	836.55	-0.010012	2.7151e-05	0.10233	supercritical
505.69	619.00	184.74	0.0054132	1021.8	1356.8	4.4386	2.4917	3.3862	836.50	-0.010030	2.7142e-05	0.10243	supercritical
506.69	619.00	184.39	0.0054232	1024.5	1360.2	4.4453	2.4952	3.3883	836.45	-0.010049	2.7134e-05	0.10253	supercritical
507.69	619.00	184.05	0.0054332	1027.3	1363.6	4.4520	2.4986	3.3904	836.40	-0.010068	2.7125e-05	0.10264	supercritical
508.69	619.00	183.71	0.0054432	1030.1	1367.0	4.4587	2.5020	3.3926	836.35	-0.010087	2.7117e-05	0.10274	supercritical
509.69	619.00	183.38	0.0054533	1032.8	1370.4	4.4654	2.5054	3.3947	836.31	-0.010106	2.7109e-05	0.10285	supercritical
510.69	619.00	183.04	0.0054633	1035.6	1373.8	4.4720	2.5089	3.3969	836.27	-0.010126	2.7101e-05	0.10295	supercritical
511.69	619.00	182.70	0.0054733	1038.4	1377.2	4.4787	2.5123	3.3991	836.23	-0.010146	2.7093e-05	0.10306	supercritical
512.69	619.00	182.37	0.0054833	1041.2	1380.6	4.4853	2.5157	3.4013	836.20	-0.010166	2.7086e-05	0.10317	supercritical
513.69	619.00	182.04	0.0054934	1044.0	1384.0	4.4919	2.5192	3.4034	836.17	-0.010187	2.7078e-05	0.10327	supercritical
514.69	619.00	181.71	0.0055034	1046.7	1387.4	4.4985	2.5226	3.4056	836.14	-0.010208	2.7071e-05	0.10338	supercritical
515.69	619.00	181.38	0.0055134	1049.5	1390.8	4.5052	2.5260	3.4078	836.11	-0.010229	2.7064e-05	0.10349	supercritical
516.69	619.00	181.05	0.0055234	1052.3	1394.2	4.5118	2.5295	3.4100	836.09	-0.010250	2.7058e-05	0.10360	supercritical
517.69	619.00	180.72	0.0055334	1055.1	1397.6	4.5184	2.5329	3.4122	836.07	-0.010272	2.7051e-05	0.10371	supercritical
518.69	619.00	180.39	0.0055434	1057.9	1401.0	4.5249	2.5363	3.4144	836.05	-0.010294	2.7044e-05	0.10382	supercritical
519.69	619.00	180.07	0.0055534	1060.7	1404.5	4.5315	2.5398	3.4167	836.04	-0.010316	2.7038e-05	0.10393	supercritical
520.69	619.00	179.74	0.0055634	1063.5	1407.9	4.5381	2.5432	3.4189	836.03	-0.010339	2.7032e-05	0.10405	supercritical
521.69	619.00	179.42	0.0055735	1066.3	1411.3	4.5447	2.5467	3.4211	836.02	-0.010362	2.7026e-05	0.10416	supercritical
522.69	619.00	179.10	0.0055835	1069.1	1414.7	4.5512	2.5501	3.4234	836.02	-0.010385	2.7021e-05	0.10427	supercritical
523.69	619.00	178.78	0.0055935	1071.9	1418.1	4.5578	2.5536	3.4256	836.01	-0.010408	2.7015e-05	0.10439	supercritical
524.69	619.00	178.46	0.0056035	1074.7	1421.6	4.5643	2.5570	3.4279	836.01	-0.010431	2.7010e-05	0.10450	supercritical
525.69	619.00	178.14	0.0056135	1077.5	1425.0	4.5708	2.5604	3.4301	836.02	-0.010455	2.7004e-05	0.10462	supercritical
526.69	619.00	177.83	0.0056234	1080.3	1428.4	4.5773	2.5639	3.4324	836.02	-0.010479	2.6999e-05	0.10473	supercritical
527.69	619.00	177.51	0.0056334	1083.2	1431.9	4.5839	2.5673	3.4347	836.03	-0.010503	2.6994e-05	0.10485	supercritical
528.69	619.00	177.20	0.0056434	1086.0	1435.3	4.5904	2.5708	3.4369	836.04	-0.010528	2.6990e-05	0.10497	supercritical
529.69	619.00	176.88	0.0056534	1088.8	1438.7	4.5969	2.5742	3.4392	836.05	-0.010552	2.6985e-05	0.10508	supercritical
530.69	619.00	176.57	0.0056634	1091.6	1442.2	4.6033	2.5777	3.4415	836.07	-0.010577	2.6981e-05	0.10520	supercritical
531.69	619.00	176.26	0.0056734	1094.4	1445.6	4.6098	2.5811	3.4438	836.09	-0.010602	2.6976e-05	0.10532	supercritical
532.69	619.00	175.95	0.0056834	1097.3	1449.1	4.6163	2.5846	3.4461	836.11	-0.010627	2.6972e-05	0.10544	supercritical
533.69	619.00	175.64	0.0056934	1100.1	1452.5	4.6228	2.5881	3.4484	836.13	-0.010653	2.6968e-05	0.10556	supercritical
534.69	619.00	175.34	0.0057033	1102.9	1456.0	4.6292	2.5915	3.4507	836.16	-0.010678	2.6964e-05	0.10568	supercritical
535.69	619.00	175.03	0.0057133	1105.8	1459.4	4.6357	2.5950	3.4530	836.18	-0.010704	2.6961e-05	0.10580	supercritical
536.69	619.00	174.72	0.0057233	1108.6	1462.9	4.6421	2.5984	3.4554	836.22	-0.010730	2.6957e-05	0.10593	supercritical
537.69	619.00	174.42	0.0057333	1111.4	1466.3	4.6485	2.6019	3.4577	836.25	-0.010756	2.6954e-05	0.10605	supercritical
538.69	619.00	174.12	0.0057432	1114.3	1469.8	4.6550	2.6053	3.4600	836.28	-0.010783	2.6951e-05	0.10617	supercritical
539.69	619.00	173.82	0.0057532	1117.1	1473.2	4.6614	2.6088	3.4624	836.32	-0.010809	2.6948e-05	0.10630	supercritical
540.69	619.00	173.52	0.0057632	1120.0	1476.7	4.6678	2.6122	3.4647	836.36	-0.010836	2.6945e-05	0.10642	supercritical
541.69	619.00	173.22	0.0057731	1122.8	1480.2	4.6742	2.6157	3.4670	836.40	-0.010863	2.6942e-05	0.10654	supercritical
542.69	619.00	172.92	0.0057831	1125.7	1483.6	4.6806	2.6192	3.4694	836.45	-0.010890	2.6939e-05	0.10667	supercritical
543.69	619.00	172.62	0.0057930	1128.5	1487.1	4.6870	2.6226	3.4718	836.49	-0.010917	2.6937e-05	0.10680	supercritical
544.69	619.00	172.32	0.0058030	1131.4	1490.6	4.6934	2.6261	3.4741	836.54	-0.010945	2.6934e-05	0.10692	supercritical
545.69	619.00	172.03	0.0058130	1134.2	1494.1	4.6998	2.6295	3.4765	836.59	-0.010972	2.6932e-05	0.10705	supercritical
546.69	619.00	171.74	0.0058229	1137.1	1497.5	4.7061	2.6330	3.4789	836.65	-0.011000	2.6930e-05	0.10718	supercritical
547.69	619.00	171.44	0.0058329	1140.0	1501.0	4.7125	2.6365	3.4812	836.70	-0.011028	2.6928e-05	0.10730	supercritical
548.69	619.00	171.15	0.0058428	1142.8	1504.5	4.7188	2.6399	3.4836	836.76	-0.011056	2.6926e-05	0.10743	supercritical
549.69	619.00	170.86	0.0058528	1145.7	1508.0	4.7252	2.6434	3.4860	836.82	-0.011084	2.6925e-05	0.10756	supercritical
550.69	619.00	170.57	0.0058627	1148.6	1511.5	4.7315	2.6468	3.4884	836.88	-0.011112	2.6923e-05	0.10769	supercritical
551.69	619.00	170.28	0.0058726	1151.4	1515.0	4.7378	2.6503	3.4908	836.94	-0.011141	2.6922e-05	0.10782	supercritical
552.69	619.00	169.99	0.0058826	1154.3	1518.5	4.7442	2.6538	3.4932	837.01	-0.011169	2.6920e-05	0.10795	supercritical
553.69	619.00	169.71	0.0058925	1157.2	1522.0	4.7505	2.6572	3.4956	837.08	-0.011198	2.6919e-05	0.10808	supercritical
554.69	619.00	169.42	0.0059024	1160.1	1525.4	4.7568	2.6607	3.4980	837.15	-0.011226	2.6918e-05	0.10822	supercritical
555.69	619.00	169.14	0.0059124	1163.0	1528.9	4.7631	2.6641	3.5005	837.22	-0.011255	2.6917e-05	0.10835	supercritical
556.69	619.00	168.85	0.0059223	1165.9	1532.4	4.7694	2.6676	3.5029	837.29	-0.011284	2.6917e-05	0.10848	supercritical
557.69	619.00	168.57	0.0059322	1168.7	1536.0	4.7757	2.6711	3.5053	837.37	-0.011313	2.6916e-05	0.10861	supercritical
558.69	619.00	168.29	0.0059422	1171.6	1539.5	4.7820	2.6745	3.5077	837.45	-0.011343	2.6915e-05	0.10875	supercritical
559.69	619.00	168.01	0.0059521	1174.5	1543.0	4.7882	2.6780	3.5102	837.53	-0.011372	2.6915e-05	0.10888	supercritical
560.69	619.00	167.73	0.0059620	1177.4	1546.5	4.7945	2.6814	3.5126	837.61	-0.011401	2.6915e-05	0.10902	supercritical
561.69	619.00	167.45	0.0059719	1180.3	1550.0	4.8008	2.6849	3.5151	837.69	-0.011431	2.6915e-05	0.10915	supercritical
562.69	619.00	167.17	0.0059818	1183.2	1553.5	4.8070	2.6884	3.5175	837.78	-0.011461	2.6915e-05	0.10929	supercritical
563.69	619.00	166.90	0.0059917	1186.1	1557.0	4.8133	2.6918	3.5200	837.86	-0.011490	2.6915e-05	0.10942	supercritical
564.69	619.00	166.62	0.0060017	1189.0	1560.5	4.8195	2.6953	3.5224	837.95	-0.011520	2.6915e-05	0.10956	supercritical
565.69	619.00	166.35	0.0060116	1192.0	1564.1	4.8257	2.6987	3.5249	838.04	-0.011550	2.6915e-05	0.10970	supercritical
566.69	619.00	166.07	0.0060215	1194.9	1567.6	4.8320	2.7022	3.5274	838.14	-0.011580	2.6916e-05	0.10984	supercritical
567.69	619.00	165.80	0.0060314	1197.8	1571.1	4.8382	2.7057	3.5298	838.23	-0.011610	2.6916e-05	0.10997	supercritical
568.69	619.00	165.53	0.0060413	1200.7	1574.7	4.8444	2.7091	3.5323	838.33	-0.011641	2.6917e-05	0.11011	supercritical
569.69	619.00	165.26	0.0060512	1203.6	1578.2	4.8506	2.7126	3.5348	838.42	-0.011671	2.6918e-05	0.11025	supercritical
570.69	619.00	164.99	0.0060611	1206.5	1581.7	4.8568	2.7160	3.5373	838.52	-0.011701	2.6918e-05	0.11039	supercritical
571.69	619.00	164.72	0.0060710	1209.5	1585.3	4.8630	2.7195	3.5397	838.63	-0.011732	2.6919e-05	0.11053	supercritical
572.69	619.00	164.45	0.0060809	1212.4	1588.8	4.8692	2.7230	3.5422	838.73	-0.011762	2.6921e-05	0.11067	supercritical
573.69	619.00	164.18	0.0060907	1215.3	1592.4	4.8754	2.7264	3.5447	838.83	-0.011793	2.6922e-05	0.11081	supercritical
574.69	619.00	163.92	0.0061006	1218.3	1595.9	4.8816	2.7299	3.5472	838.94	-0.011823	2.6923e-05	0.11095	supercritical
575.69	619.00	163.65	0.0061105	1221.2	1599.4	4.8877	2.7333	3.5497	839.05	-0.011854	2.6925e-05	0.11109	supercritical
576.69	619.00	163.39	0.0061204	1224.1	1603.0	4.8939	2.7368	3.5522	839.16	-0.011885	2.6926e-05	0.11124	supercritical
577.69	619.00	163.12	0.0061303	1227.1	1606.6	4.9000	2.7402	3.5547	839.27	-0.011916	2.6928e-05	0.11138	supercritical
578.69	619.00	162.86	0.0061402	1230.0	1610.1	4.9062	2.7437	3.5573	839.38	-0.011947	2.6929e-05	0.11152	supercritical
579.69	619.00	162.60	0.0061500	1233.0	1613.7	4.9123	2.7471	3.5598	839.50	-0.011978	2.6931e-05	0.11167	supercritical
580.69	619.00	162.34	0.0061599	1235.9	1617.2	4.9185	2.7506	3.5623	839.61	-0.012009	2.6933e-05	0.11181	supercritical
581.69	619.00	162.08	0.0061698	1238.9	1620.8	4.9246	2.7541	3.5648	839.73	-0.012040	2.6935e-05	0.11196	supercritical
582.69	619.00	161.82	0.0061796	1241.8	1624.4	4.9307	2.7575	3.5673	839.85	-0.012071	2.6937e-05	0.11210	supercritical
583.69	619.00	161.56	0.0061895	1244.8	1627.9	4.9369	2.7610	3.5699	839.97	-0.012102	2.6940e-05	0.11225	supercritical
584.69	619.00	161.31	0.0061994	1247.8	1631.5	4.9430	2.7644	3.5724	840.09	-0.012133	2.6942e-05	0.11239	supercritical
585.69	619.00	161.05	0.0062092	1250.7	1635.1	4.9491	2.7679	3.5750	840.22	-0.012164	2.6945e-05	0.11254	supercritical
586.69	619.00	160.80	0.0062191	1253.7	1638.6	4.9552	2.7713	3.5775	840.34	-0.012196	2.6947e-05	0.11268	supercritical
587.69	619.00	160.54	0.0062289	1256.7	1642.2	4.9613	2.7748	3.5800	840.47	-0.012227	2.6950e-05	0.11283	supercritical
588.69	619.00	160.29	0.0062388	1259.6	1645.8	4.9674	2.7782	3.5826	840.60	-0.012258	2.6952e-05	0.11298	supercritical
589.69	619.00	160.03	0.0062486	1262.6	1649.4	4.9734	2.7817	3.5851	840.73	-0.012290	2.6955e-05	0.11313	supercritical
590.69	619.00	159.78	0.0062585	1265.6	1653.0	4.9795	2.7851	3.5877	840.86	-0.012321	2.6958e-05	0.11327	supercritical
591.69	619.00	159.53	0.0062683	1268.6	1656.6	4.9856	2.7886	3.5902	840.99	-0.012353	2.6961e-05	0.11342	supercritical
592.69	619.00	159.28	0.0062782	1271.5	1660.2	4.9917	2.7920	3.5928	841.13	-0.012384	2.6964e-05	0.11357	supercritical
593.69	619.00	159.03	0.0062880	1274.5	1663.8	4.9977	2.7955	3.5954	841.26	-0.012416	2.6968e-05	0.11372	supercritical
594.69	619.00	158.78	0.0062979	1277.5	1667.3	5.0038	2.7989	3.5979	841.40	-0.012447	2.6971e-05	0.11387	supercritical
595.69	619.00	158.54	0.0063077	1280.5	1670.9	5.0098	2.8023	3.6005	841.54	-0.012479	2.6974e-05	0.11402	supercritical
596.69	619.00	158.29	0.0063175	1283.5	1674.5	5.0159	2.8058	3.6031	841.68	-0.012510	2.6978e-05	0.11417	supercritical
597.69	619.00	158.04	0.0063274	1286.5	1678.2	5.0219	2.8092	3.6057	841.82	-0.012542	2.6981e-05	0.11432	supercritical
598.69	619.00	157.80	0.0063372	1289.5	1681.8	5.0279	2.8127	3.6082	841.96	-0.012574	2.6985e-05	0.11448	supercritical
599.69	619.00	157.55	0.0063470	1292.5	1685.4	5.0339	2.8161	3.6108	842.10	-0.012605	2.6989e-05	0.11463	supercritical
600.69	619.00	157.31	0.0063568	1295.5	1689.0	5.0400	2.8196	3.6134	842.25	-0.012637	2.6993e-05	0.11478	supercritical
601.69	619.00	157.07	0.0063667	1298.5	1692.6	5.0460	2.8230	3.6160	842.39	-0.012669	2.6996e-05	0.11493	supercritical
602.69	619.00	156.83	0.0063765	1301.5	1696.2	5.0520	2.8264	3.6186	842.54	-0.012701	2.7000e-05	0.11509	supercritical
603.69	619.00	156.59	0.0063863	1304.5	1699.8	5.0580	2.8299	3.6212	842.69	-0.012732	2.7005e-05	0.11524	supercritical
604.69	619.00	156.35	0.0063961	1307.5	1703.5	5.0640	2.8333	3.6238	842.84	-0.012764	2.7009e-05	0.11539	supercritical
605.69	619.00	156.11	0.0064059	1310.6	1707.1	5.0700	2.8367	3.6264	842.99	-0.012796	2.7013e-05	0.11555	supercritical
606.69	619.00	155.87	0.0064157	1313.6	1710.7	5.0760	2.8402	3.6290	843.14	-0.012828	2.7017e-05	0.11570	supercritical
607.69	619.00	155.63	0.0064255	1316.6	1714.3	5.0819	2.8436	3.6316	843.30	-0.012859	2.7022e-05	0.11586	supercritical
608.69	619.00	155.39	0.0064353	1319.6	1718.0	5.0879	2.8470	3.6342	843.45	-0.012891	2.7026e-05	0.11601	supercritical
609.69	619.00	155.16	0.0064451	1322.7	1721.6	5.0939	2.8505	3.6368	843.61	-0.012923	2.7031e-05	0.11617	supercritical
610.69	619.00	154.92	0.0064549	1325.7	1725.2	5.0998	2.8539	3.6394	843.77	-0.012955	2.7035e-05	0.11632	supercritical
611.69	619.00	154.69	0.0064647	1328.7	1728.9	5.1058	2.8573	3.6420	843.92	-0.012986	2.7040e-05	0.11648	supercritical
612.69	619.00	154.45	0.0064745	1331.8	1732.5	5.1117	2.8608	3.6446	844.08	-0.013018	2.7045e-05	0.11664	supercritical
613.69	619.00	154.22	0.0064843	1334.8	1736.2	5.1177	2.8642	3.6473	844.25	-0.013050	2.7050e-05	0.11680	supercritical
614.69	619.00	153.99	0.0064941	1337.8	1739.8	5.1236	2.8676	3.6499	844.41	-0.013082	2.7055e-05	0.11695	supercritical
615.69	619.00	153.75	0.0065039	1340.9	1743.5	5.1296	2.8710	3.6525	844.57	-0.013114	2.7060e-05	0.11711	supercritical
616.69	619.00	153.52	0.0065137	1343.9	1747.1	5.1355	2.8745	3.6551	844.73	-0.013145	2.7065e-05	0.11727	supercritical
617.69	619.00	153.29	0.0065235	1347.0	1750.8	5.1414	2.8779	3.6578	844.90	-0.013177	2.7070e-05	0.11743	supercritical
618.69	619.00	153.06	0.0065332	1350.0	1754.4	5.1473	2.8813	3.6604	845.07	-0.013209	2.7075e-05	0.11759	supercritical
619.69	619.00	152.83	0.0065430	1353.1	1758.1	5.1533	2.8847	3.6630	845.23	-0.013241	2.7081e-05	0.11775	supercritical
620.69	619.00	152.61	0.0065528	1356.2	1761.8	5.1592	2.8881	3.6657	845.40	-0.013272	2.7086e-05	0.11791	supercritical
621.69	619.00	152.38	0.0065626	1359.2	1765.4	5.1651	2.8916	3.6683	845.57	-0.013304	2.7092e-05	0.11807	supercritical
622.69	619.00	152.15	0.0065723	1362.3	1769.1	5.1710	2.8950	3.6709	845.74	-0.013336	2.7097e-05	0.11823	supercritical
623.69	619.00	151.93	0.0065821	1365.3	1772.8	5.1769	2.8984	3.6736	845.92	-0.013367	2.7103e-05	0.11839	supercritical
624.69	619.00	151.70	0.0065919	1368.4	1776.5	5.1827	2.9018	3.6762	846.09	-0.013399	2.7109e-05	0.11855	supercritical