Temperature (K)	Pressure (bar)	Density (kg/m3)	Volume (m3/kg)	Internal Energy (kJ/kg)	Enthalpy (kJ/kg)	Entropy (J/g*K)	Cv (J/g*K)	Cp (J/g*K)	Sound Spd. (m/s)	Joule-Thomson (K/bar)	Viscosity (Pa*s)	Therm. Cond. (W/m*K)	Phase
90.694	50.000	454.66	0.0021995	-74.685	-63.688	-0.74167	2.1801	3.3421	1571.6	-0.048979	0.00021270	0.21552	liquid
92.694	50.000	452.09	0.0022120	-68.059	-56.999	-0.66872	2.1675	3.3474	1554.4	-0.048608	0.00019949	0.21323	liquid
93.694	50.000	450.79	0.0022183	-64.741	-53.650	-0.63278	2.1614	3.3504	1545.7	-0.048411	0.00019353	0.21205	liquid
94.694	50.000	449.50	0.0022247	-61.421	-50.298	-0.59720	2.1556	3.3536	1537.0	-0.048205	0.00018792	0.21087	liquid
95.694	50.000	448.20	0.0022311	-58.098	-46.943	-0.56195	2.1499	3.3570	1528.2	-0.047993	0.00018264	0.20966	liquid
96.694	50.000	446.90	0.0022377	-54.772	-43.584	-0.52703	2.1443	3.3605	1519.4	-0.047773	0.00017765	0.20845	liquid
97.694	50.000	445.59	0.0022442	-51.443	-40.222	-0.49244	2.1388	3.3642	1510.5	-0.047545	0.00017293	0.20722	liquid
98.694	50.000	444.28	0.0022509	-48.110	-36.855	-0.45816	2.1335	3.3681	1501.6	-0.047311	0.00016844	0.20597	liquid
99.694	50.000	442.96	0.0022575	-44.773	-33.485	-0.42418	2.1282	3.3720	1492.7	-0.047068	0.00016417	0.20472	liquid
100.69	50.000	441.64	0.0022643	-41.433	-30.111	-0.39051	2.1230	3.3761	1483.7	-0.046819	0.00016010	0.20345	liquid
101.69	50.000	440.31	0.0022711	-38.089	-26.733	-0.35712	2.1179	3.3804	1474.7	-0.046562	0.00015622	0.20218	liquid
102.69	50.000	438.98	0.0022780	-34.741	-23.351	-0.32402	2.1128	3.3847	1465.7	-0.046297	0.00015250	0.20089	liquid
103.69	50.000	437.64	0.0022850	-31.388	-19.964	-0.29120	2.1079	3.3892	1456.6	-0.046025	0.00014893	0.19960	liquid
104.69	50.000	436.30	0.0022920	-28.032	-16.572	-0.25865	2.1029	3.3938	1447.5	-0.045745	0.00014550	0.19830	liquid
105.69	50.000	434.95	0.0022991	-24.671	-13.176	-0.22637	2.0981	3.3985	1438.3	-0.045457	0.00014221	0.19699	liquid
106.69	50.000	433.60	0.0023063	-21.306	-9.7749	-0.19434	2.0933	3.4034	1429.2	-0.045160	0.00013904	0.19567	liquid
107.69	50.000	432.24	0.0023135	-17.937	-6.3691	-0.16257	2.0885	3.4083	1420.0	-0.044856	0.00013599	0.19435	liquid
108.69	50.000	430.88	0.0023208	-14.562	-2.9582	-0.13104	2.0838	3.4134	1410.7	-0.044542	0.00013304	0.19302	liquid
109.69	50.000	429.51	0.0023283	-11.184	0.45775	-0.099759	2.0791	3.4186	1401.5	-0.044220	0.00013019	0.19169	liquid
110.69	50.000	428.13	0.0023357	-7.7997	3.8790	-0.068711	2.0745	3.4239	1392.2	-0.043888	0.00012744	0.19035	liquid
111.69	50.000	426.75	0.0023433	-4.4109	7.3056	-0.037895	2.0699	3.4294	1382.9	-0.043547	0.00012477	0.18900	liquid
112.69	50.000	425.36	0.0023510	-1.0170	10.738	-0.0073033	2.0653	3.4349	1373.5	-0.043196	0.00012219	0.18765	liquid
113.69	50.000	423.96	0.0023587	2.3821	14.176	0.023068	2.0608	3.4407	1364.1	-0.042834	0.00011968	0.18630	liquid
114.69	50.000	422.56	0.0023665	5.7865	17.619	0.053223	2.0563	3.4465	1354.7	-0.042463	0.00011726	0.18494	liquid
115.69	50.000	421.15	0.0023744	9.1964	21.069	0.083168	2.0519	3.4525	1345.3	-0.042080	0.00011490	0.18358	liquid
116.69	50.000	419.73	0.0023825	12.612	24.524	0.11291	2.0475	3.4587	1335.8	-0.041686	0.00011260	0.18222	liquid
117.69	50.000	418.31	0.0023906	16.033	27.986	0.14245	2.0431	3.4650	1326.3	-0.041280	0.00011038	0.18085	liquid
118.69	50.000	416.88	0.0023988	19.460	31.454	0.17179	2.0388	3.4715	1316.8	-0.040863	0.00010821	0.17948	liquid
119.69	50.000	415.44	0.0024071	22.894	34.929	0.20094	2.0345	3.4781	1307.2	-0.040432	0.00010610	0.17811	liquid
120.69	50.000	413.99	0.0024155	26.333	38.410	0.22991	2.0302	3.4849	1297.6	-0.039989	0.00010405	0.17674	liquid
121.69	50.000	412.54	0.0024240	29.779	41.899	0.25869	2.0260	3.4920	1288.0	-0.039532	0.00010205	0.17536	liquid
122.69	50.000	411.07	0.0024326	33.231	45.394	0.28730	2.0218	3.4992	1278.3	-0.039061	0.00010010	0.17399	liquid
123.69	50.000	409.60	0.0024414	36.690	48.897	0.31573	2.0177	3.5066	1268.7	-0.038575	9.8196e-05	0.17261	liquid
124.69	50.000	408.12	0.0024503	40.156	52.408	0.34400	2.0136	3.5142	1258.9	-0.038074	9.6342e-05	0.17123	liquid
125.69	50.000	406.63	0.0024592	43.630	55.926	0.37210	2.0095	3.5221	1249.2	-0.037557	9.4534e-05	0.16985	liquid
126.69	50.000	405.13	0.0024683	47.110	59.452	0.40004	2.0055	3.5302	1239.4	-0.037024	9.2768e-05	0.16847	liquid
127.69	50.000	403.62	0.0024776	50.598	62.986	0.42783	2.0015	3.5385	1229.6	-0.036474	9.1045e-05	0.16709	liquid
128.69	50.000	402.10	0.0024869	54.094	66.529	0.45547	1.9976	3.5471	1219.7	-0.035905	8.9361e-05	0.16571	liquid
129.69	50.000	400.57	0.0024964	57.599	70.081	0.48296	1.9937	3.5560	1209.8	-0.035318	8.7717e-05	0.16433	liquid
130.69	50.000	399.03	0.0025061	61.111	73.641	0.51030	1.9898	3.5651	1199.9	-0.034712	8.6109e-05	0.16295	liquid
131.69	50.000	397.48	0.0025158	64.632	77.211	0.53751	1.9860	3.5745	1189.9	-0.034086	8.4538e-05	0.16156	liquid
132.69	50.000	395.92	0.0025258	68.162	80.790	0.56459	1.9822	3.5843	1179.9	-0.033438	8.3002e-05	0.16018	liquid
133.69	50.000	394.35	0.0025358	71.700	84.380	0.59154	1.9785	3.5944	1169.8	-0.032768	8.1500e-05	0.15880	liquid
134.69	50.000	392.76	0.0025461	75.249	87.979	0.61836	1.9748	3.6048	1159.7	-0.032076	8.0030e-05	0.15742	liquid
135.69	50.000	391.16	0.0025565	78.807	91.589	0.64507	1.9712	3.6155	1149.6	-0.031359	7.8592e-05	0.15604	liquid
136.69	50.000	389.55	0.0025671	82.375	95.210	0.67165	1.9676	3.6266	1139.4	-0.030617	7.7184e-05	0.15466	liquid
137.69	50.000	387.93	0.0025778	85.954	98.843	0.69813	1.9640	3.6382	1129.1	-0.029849	7.5806e-05	0.15328	liquid
138.69	50.000	386.29	0.0025887	89.543	102.49	0.72450	1.9605	3.6501	1118.9	-0.029054	7.4456e-05	0.15190	liquid
139.69	50.000	384.64	0.0025998	93.144	106.14	0.75077	1.9571	3.6625	1108.5	-0.028229	7.3135e-05	0.15052	liquid
140.69	50.000	382.97	0.0026111	96.756	109.81	0.77694	1.9537	3.6753	1098.1	-0.027374	7.1840e-05	0.14914	liquid
141.69	50.000	381.29	0.0026227	100.38	113.49	0.80301	1.9504	3.6886	1087.7	-0.026488	7.0571e-05	0.14776	liquid
142.69	50.000	379.60	0.0026344	104.02	117.19	0.82900	1.9471	3.7024	1077.2	-0.025569	6.9327e-05	0.14638	liquid
143.69	50.000	377.88	0.0026463	107.67	120.90	0.85491	1.9439	3.7167	1066.6	-0.024614	6.8107e-05	0.14500	liquid
144.69	50.000	376.15	0.0026585	111.33	124.62	0.88073	1.9407	3.7316	1056.0	-0.023623	6.6912e-05	0.14362	liquid
145.69	50.000	374.41	0.0026709	115.01	128.36	0.90649	1.9377	3.7471	1045.4	-0.022593	6.5739e-05	0.14224	liquid
146.69	50.000	372.64	0.0026835	118.70	132.12	0.93217	1.9346	3.7633	1034.6	-0.021522	6.4588e-05	0.14087	liquid
147.69	50.000	370.86	0.0026964	122.41	135.89	0.95780	1.9317	3.7800	1023.8	-0.020409	6.3459e-05	0.13949	liquid
148.69	50.000	369.06	0.0027096	126.13	139.68	0.98336	1.9288	3.7975	1013.0	-0.019250	6.2350e-05	0.13811	liquid
149.69	50.000	367.24	0.0027230	129.87	143.48	1.0089	1.9259	3.8158	1002.0	-0.018043	6.1262e-05	0.13673	liquid
150.69	50.000	365.39	0.0027368	133.63	147.31	1.0343	1.9232	3.8348	991.00	-0.016786	6.0193e-05	0.13535	liquid
151.69	50.000	363.53	0.0027508	137.40	151.15	1.0598	1.9205	3.8547	979.91	-0.015475	5.9143e-05	0.13397	liquid
152.69	50.000	361.64	0.0027652	141.19	155.02	1.0852	1.9179	3.8755	968.74	-0.014107	5.8111e-05	0.13259	liquid
153.69	50.000	359.73	0.0027799	145.01	158.91	1.1105	1.9153	3.8973	957.48	-0.012679	5.7097e-05	0.13121	liquid
154.69	50.000	357.79	0.0027949	148.84	162.81	1.1359	1.9129	3.9201	946.14	-0.011188	5.6100e-05	0.12983	liquid
155.69	50.000	355.83	0.0028104	152.69	166.75	1.1612	1.9106	3.9440	934.71	-0.0096277	5.5119e-05	0.12844	liquid
156.69	50.000	353.84	0.0028262	156.57	170.70	1.1866	1.9083	3.9690	923.18	-0.0079953	5.4154e-05	0.12706	liquid
157.69	50.000	351.82	0.0028424	160.47	174.68	1.2119	1.9061	3.9954	911.56	-0.0062855	5.3204e-05	0.12567	liquid
158.69	50.000	349.77	0.0028590	164.40	178.69	1.2372	1.9041	4.0231	899.83	-0.0044930	5.2268e-05	0.12428	liquid
159.69	50.000	347.69	0.0028762	168.35	182.73	1.2626	1.9021	4.0523	887.99	-0.0026119	5.1347e-05	0.12289	liquid
160.69	50.000	345.57	0.0028937	172.33	186.80	1.2880	1.9002	4.0832	876.04	-0.00063592	5.0439e-05	0.12149	liquid
161.69	50.000	343.42	0.0029119	176.34	190.90	1.3134	1.8985	4.1157	863.97	0.0014421	4.9544e-05	0.12009	liquid
162.69	50.000	341.24	0.0029305	180.38	195.03	1.3389	1.8969	4.1501	851.78	0.0036301	4.8661e-05	0.11869	liquid
163.69	50.000	339.01	0.0029497	184.45	199.20	1.3644	1.8954	4.1866	839.45	0.0059367	4.7790e-05	0.11729	liquid
164.69	50.000	336.75	0.0029696	188.56	203.41	1.3901	1.8941	4.2254	826.98	0.0083715	4.6929e-05	0.11588	liquid
165.69	50.000	334.43	0.0029901	192.70	207.65	1.4158	1.8929	4.2666	814.37	0.010945	4.6079e-05	0.11446	liquid
166.69	50.000	332.08	0.0030113	196.88	211.94	1.4416	1.8919	4.3106	801.59	0.013670	4.5239e-05	0.11304	liquid
167.69	50.000	329.67	0.0030333	201.11	216.27	1.4675	1.8910	4.3575	788.65	0.016560	4.4408e-05	0.11162	liquid
168.69	50.000	327.21	0.0030562	205.37	220.66	1.4935	1.8904	4.4078	775.54	0.019631	4.3585e-05	0.11018	liquid
169.69	50.000	324.69	0.0030799	209.69	225.09	1.5197	1.8899	4.4619	762.23	0.022899	4.2769e-05	0.10874	liquid
170.69	50.000	322.11	0.0031045	214.06	229.58	1.5461	1.8897	4.5201	748.72	0.026385	4.1960e-05	0.10730	liquid
171.69	50.000	319.47	0.0031302	218.48	234.13	1.5727	1.8897	4.5830	734.99	0.030111	4.1158e-05	0.10584	liquid
172.69	50.000	316.75	0.0031571	222.96	238.75	1.5995	1.8899	4.6512	721.02	0.034106	4.0360e-05	0.10437	liquid
173.69	50.000	313.95	0.0031852	227.51	243.44	1.6266	1.8905	4.7255	706.80	0.038398	3.9566e-05	0.10289	liquid
174.69	50.000	311.07	0.0032147	232.13	248.20	1.6539	1.8914	4.8067	692.30	0.043024	3.8776e-05	0.10140	liquid
175.69	50.000	308.10	0.0032457	236.82	253.05	1.6816	1.8927	4.8960	677.50	0.048027	3.7987e-05	0.099903	liquid
176.69	50.000	305.02	0.0032785	241.60	258.00	1.7097	1.8943	4.9946	662.37	0.053457	3.7199e-05	0.098388	liquid
177.69	50.000	301.83	0.0033131	246.48	263.05	1.7382	1.8965	5.1042	646.88	0.059374	3.6410e-05	0.096858	liquid
178.69	50.000	298.51	0.0033500	251.46	268.21	1.7672	1.8992	5.2270	630.98	0.065851	3.5618e-05	0.095312	liquid
179.69	50.000	295.05	0.0033893	256.56	273.50	1.7967	1.9026	5.3655	614.63	0.072979	3.4822e-05	0.093750	liquid
180.69	50.000	291.42	0.0034314	261.79	278.95	1.8269	1.9067	5.5232	597.78	0.080867	3.4019e-05	0.092169	liquid
181.69	50.000	287.62	0.0034769	267.17	284.56	1.8579	1.9117	5.7047	580.35	0.089657	3.3207e-05	0.090571	liquid
182.69	50.000	283.59	0.0035262	272.74	290.37	1.8898	1.9178	5.9164	562.28	0.099528	3.2381e-05	0.088954	liquid
183.69	50.000	279.31	0.0035802	278.50	296.40	1.9227	1.9252	6.1670	543.46	0.11071	3.1539e-05	0.087320	liquid
184.69	50.000	274.73	0.0036399	284.52	302.72	1.9570	1.9344	6.4692	523.75	0.12353	3.0673e-05	0.085672	liquid
185.69	50.000	269.78	0.0037067	290.83	309.37	1.9929	1.9457	6.8424	503.00	0.13842	2.9778e-05	0.084018	liquid
186.69	50.000	264.36	0.0037827	297.52	316.44	2.0309	1.9601	7.3171	480.96	0.15599	2.8842e-05	0.082374	liquid
187.69	50.000	258.35	0.0038708	304.70	324.05	2.0715	1.9786	7.9454	457.32	0.17719	2.7851e-05	0.080774	liquid
188.69	50.000	251.51	0.0039760	312.53	332.41	2.1160	2.0033	8.8236	431.58	0.20352	2.6781e-05	0.079297	liquid
189.69	50.000	243.48	0.0041072	321.31	341.85	2.1658	2.0380	10.154	402.96	0.23755	2.5592e-05	0.078165	liquid
190.69	50.000	233.52	0.0042822	331.61	353.03	2.2246	2.0908	12.443	370.06	0.28434	2.4207e-05	0.077916	supercritical
191.69	50.000	219.87	0.0045481	344.84	367.58	2.3007	2.1838	17.439	330.13	0.35567	2.2437e-05	0.076296	supercritical
192.69	50.000	195.81	0.0051070	366.38	391.92	2.4273	2.4098	36.542	277.64	0.48874	1.9562e-05	0.079610	supercritical
193.69	50.000	142.40	0.0070223	415.33	450.44	2.7302	2.5710	51.225	250.80	0.73529	1.4015e-05	0.081651	supercritical
194.69	50.000	118.89	0.0084112	441.68	483.74	2.9017	2.3497	22.584	263.47	0.83260	1.2154e-05	0.061908	supercritical
195.69	50.000	108.14	0.0092477	455.61	501.85	2.9945	2.2257	14.882	271.18	0.87038	1.1476e-05	0.053110	supercritical
196.69	50.000	101.22	0.0098798	465.45	514.85	3.0608	2.1441	11.495	277.05	0.88819	1.1101e-05	0.048180	supercritical
197.69	50.000	96.108	0.010405	473.29	525.31	3.1138	2.0856	9.5858	281.97	0.89640	1.0856e-05	0.044970	supercritical
198.69	50.000	92.053	0.010863	479.93	534.24	3.1589	2.0411	8.3536	286.28	0.89916	1.0682e-05	0.042690	supercritical
199.69	50.000	88.689	0.011275	485.76	542.14	3.1986	2.0058	7.4885	290.17	0.89852	1.0551e-05	0.040978	supercritical
200.69	50.000	85.813	0.011653	491.03	549.29	3.2343	1.9771	6.8452	293.75	0.89565	1.0451e-05	0.039643	supercritical
201.69	50.000	83.302	0.012005	495.86	555.88	3.2670	1.9531	6.3466	297.08	0.89125	1.0371e-05	0.038571	supercritical
202.69	50.000	81.073	0.012335	500.35	562.02	3.2974	1.9327	5.9479	300.23	0.88580	1.0308e-05	0.037694	supercritical
203.69	50.000	79.069	0.012647	504.56	567.80	3.3258	1.9150	5.6209	303.21	0.87960	1.0258e-05	0.036963	supercritical
204.69	50.000	77.250	0.012945	508.55	573.28	3.3527	1.8995	5.3475	306.05	0.87286	1.0217e-05	0.036347	supercritical
205.69	50.000	75.584	0.013230	512.36	578.51	3.3782	1.8858	5.1152	308.78	0.86576	1.0184e-05	0.035822	supercritical
206.69	50.000	74.048	0.013505	516.00	583.52	3.4025	1.8735	4.9150	311.40	0.85839	1.0158e-05	0.035371	supercritical
207.69	50.000	72.623	0.013770	519.50	588.35	3.4258	1.8624	4.7406	313.94	0.85085	1.0138e-05	0.034981	supercritical
208.69	50.000	71.295	0.014026	522.88	593.01	3.4482	1.8523	4.5871	316.39	0.84320	1.0122e-05	0.034642	supercritical
209.69	50.000	70.052	0.014275	526.15	597.53	3.4697	1.8430	4.4508	318.77	0.83549	1.0110e-05	0.034347	supercritical
210.69	50.000	68.884	0.014517	529.33	601.91	3.4906	1.8346	4.3290	321.08	0.82775	1.0102e-05	0.034088	supercritical
211.69	50.000	67.782	0.014753	532.42	606.19	3.5109	1.8267	4.2193	323.34	0.82001	1.0097e-05	0.033861	supercritical
212.69	50.000	66.740	0.014984	535.44	610.36	3.5305	1.8194	4.1200	325.53	0.81230	1.0094e-05	0.033662	supercritical
213.69	50.000	65.751	0.015209	538.39	614.43	3.5496	1.8127	4.0297	327.68	0.80463	1.0094e-05	0.033488	supercritical
214.69	50.000	64.811	0.015430	541.27	618.42	3.5682	1.8064	3.9471	329.77	0.79701	1.0096e-05	0.033334	supercritical
215.69	50.000	63.915	0.015646	544.10	622.33	3.5864	1.8004	3.8712	331.82	0.78945	1.0100e-05	0.033200	supercritical
216.69	50.000	63.059	0.015858	546.87	626.16	3.6041	1.7949	3.8014	333.83	0.78197	1.0106e-05	0.033083	supercritical
217.69	50.000	62.241	0.016067	549.60	629.93	3.6215	1.7897	3.7368	335.80	0.77456	1.0113e-05	0.032981	supercritical
218.69	50.000	61.456	0.016272	552.28	633.64	3.6385	1.7848	3.6769	337.73	0.76724	1.0122e-05	0.032892	supercritical
219.69	50.000	60.704	0.016474	554.92	637.29	3.6551	1.7802	3.6212	339.63	0.76000	1.0132e-05	0.032816	supercritical
220.69	50.000	59.980	0.016672	557.52	640.88	3.6715	1.7759	3.5693	341.49	0.75285	1.0143e-05	0.032751	supercritical
221.69	50.000	59.283	0.016868	560.09	644.43	3.6875	1.7718	3.5207	343.32	0.74578	1.0155e-05	0.032696	supercritical
222.69	50.000	58.612	0.017061	562.62	647.92	3.7032	1.7680	3.4752	345.12	0.73881	1.0168e-05	0.032651	supercritical
223.69	50.000	57.964	0.017252	565.12	651.38	3.7187	1.7644	3.4325	346.89	0.73192	1.0182e-05	0.032614	supercritical
224.69	50.000	57.338	0.017440	567.59	654.79	3.7339	1.7609	3.3924	348.63	0.72513	1.0196e-05	0.032585	supercritical
225.69	50.000	56.734	0.017626	570.03	658.16	3.7489	1.7577	3.3546	350.35	0.71842	1.0212e-05	0.032564	supercritical
226.69	50.000	56.148	0.017810	572.45	661.50	3.7636	1.7546	3.3189	352.04	0.71181	1.0228e-05	0.032549	supercritical
227.69	50.000	55.581	0.017992	574.84	664.80	3.7782	1.7518	3.2852	353.70	0.70528	1.0245e-05	0.032540	supercritical
228.69	50.000	55.031	0.018172	577.21	668.07	3.7925	1.7490	3.2533	355.34	0.69884	1.0263e-05	0.032538	supercritical
229.69	50.000	54.497	0.018350	579.56	671.31	3.8066	1.7465	3.2230	356.96	0.69248	1.0281e-05	0.032540	supercritical
230.69	50.000	53.979	0.018526	581.89	674.52	3.8206	1.7441	3.1943	358.56	0.68621	1.0299e-05	0.032548	supercritical
231.69	50.000	53.475	0.018700	584.20	677.70	3.8343	1.7418	3.1671	360.13	0.68003	1.0318e-05	0.032560	supercritical
232.69	50.000	52.985	0.018873	586.49	680.85	3.8479	1.7397	3.1412	361.69	0.67393	1.0338e-05	0.032577	supercritical
233.69	50.000	52.509	0.019044	588.76	683.98	3.8613	1.7376	3.1165	363.23	0.66791	1.0358e-05	0.032598	supercritical
234.69	50.000	52.045	0.019214	591.01	687.09	3.8746	1.7358	3.0930	364.74	0.66197	1.0378e-05	0.032623	supercritical
235.69	50.000	51.592	0.019383	593.25	690.17	3.8877	1.7340	3.0706	366.24	0.65611	1.0399e-05	0.032652	supercritical
236.69	50.000	51.152	0.019550	595.48	693.23	3.9006	1.7324	3.0493	367.72	0.65032	1.0420e-05	0.032684	supercritical
237.69	50.000	50.722	0.019715	597.69	696.27	3.9135	1.7308	3.0288	369.19	0.64462	1.0442e-05	0.032719	supercritical
238.69	50.000	50.302	0.019880	599.89	699.29	3.9261	1.7294	3.0093	370.63	0.63898	1.0463e-05	0.032758	supercritical
239.69	50.000	49.892	0.020043	602.07	702.29	3.9387	1.7281	2.9907	372.06	0.63343	1.0486e-05	0.032799	supercritical
240.69	50.000	49.492	0.020205	604.24	705.27	3.9511	1.7268	2.9728	373.48	0.62794	1.0508e-05	0.032844	supercritical
241.69	50.000	49.101	0.020366	606.40	708.23	3.9634	1.7257	2.9557	374.88	0.62252	1.0531e-05	0.032891	supercritical
242.69	50.000	48.719	0.020526	608.55	711.18	3.9755	1.7246	2.9393	376.26	0.61718	1.0554e-05	0.032940	supercritical
243.69	50.000	48.345	0.020685	610.69	714.11	3.9876	1.7237	2.9236	377.64	0.61190	1.0577e-05	0.032992	supercritical
244.69	50.000	47.979	0.020843	612.81	717.03	3.9995	1.7228	2.9085	378.99	0.60669	1.0600e-05	0.033047	supercritical
245.69	50.000	47.620	0.020999	614.93	719.93	4.0114	1.7220	2.8940	380.34	0.60155	1.0624e-05	0.033103	supercritical
246.69	50.000	47.269	0.021155	617.04	722.81	4.0231	1.7213	2.8801	381.67	0.59647	1.0648e-05	0.033162	supercritical
247.69	50.000	46.926	0.021310	619.14	725.69	4.0347	1.7207	2.8668	382.98	0.59145	1.0672e-05	0.033223	supercritical
248.69	50.000	46.589	0.021464	621.23	728.55	4.0462	1.7202	2.8539	384.29	0.58649	1.0696e-05	0.033285	supercritical
249.69	50.000	46.259	0.021617	623.31	731.40	4.0577	1.7197	2.8416	385.58	0.58160	1.0720e-05	0.033350	supercritical
250.69	50.000	45.935	0.021770	625.38	734.23	4.0690	1.7193	2.8297	386.86	0.57677	1.0745e-05	0.033416	supercritical
251.69	50.000	45.618	0.021921	627.45	737.06	4.0803	1.7190	2.8183	388.13	0.57199	1.0770e-05	0.033485	supercritical
252.69	50.000	45.306	0.022072	629.51	739.87	4.0914	1.7187	2.8073	389.38	0.56727	1.0795e-05	0.033555	supercritical
253.69	50.000	45.000	0.022222	631.56	742.67	4.1025	1.7185	2.7968	390.63	0.56261	1.0820e-05	0.033626	supercritical
254.69	50.000	44.700	0.022371	633.60	745.46	4.1135	1.7184	2.7866	391.86	0.55801	1.0845e-05	0.033699	supercritical
255.69	50.000	44.405	0.022520	635.64	748.24	4.1244	1.7183	2.7768	393.09	0.55345	1.0870e-05	0.033774	supercritical
256.69	50.000	44.116	0.022668	637.68	751.02	4.1352	1.7183	2.7673	394.30	0.54896	1.0896e-05	0.033850	supercritical
257.69	50.000	43.831	0.022815	639.70	753.78	4.1459	1.7183	2.7583	395.50	0.54451	1.0921e-05	0.033927	supercritical
258.69	50.000	43.551	0.022961	641.73	756.53	4.1566	1.7185	2.7495	396.70	0.54012	1.0947e-05	0.034006	supercritical
259.69	50.000	43.277	0.023107	643.74	759.28	4.1672	1.7186	2.7411	397.88	0.53577	1.0973e-05	0.034086	supercritical
260.69	50.000	43.006	0.023252	645.75	762.01	4.1777	1.7188	2.7329	399.06	0.53148	1.0999e-05	0.034168	supercritical
261.69	50.000	42.740	0.023397	647.76	764.74	4.1881	1.7191	2.7251	400.22	0.52724	1.1025e-05	0.034251	supercritical
262.69	50.000	42.479	0.023541	649.76	767.46	4.1985	1.7194	2.7175	401.38	0.52304	1.1051e-05	0.034335	supercritical
263.69	50.000	42.222	0.023685	651.76	770.18	4.2088	1.7198	2.7102	402.52	0.51889	1.1077e-05	0.034420	supercritical
264.69	50.000	41.969	0.023827	653.75	772.89	4.2191	1.7203	2.7032	403.66	0.51479	1.1103e-05	0.034507	supercritical
265.69	50.000	41.719	0.023970	655.74	775.58	4.2293	1.7207	2.6964	404.79	0.51073	1.1130e-05	0.034594	supercritical
266.69	50.000	41.474	0.024111	657.72	778.28	4.2394	1.7213	2.6899	405.91	0.50672	1.1156e-05	0.034683	supercritical
267.69	50.000	41.232	0.024253	659.70	780.96	4.2494	1.7219	2.6836	407.02	0.50275	1.1183e-05	0.034772	supercritical
268.69	50.000	40.995	0.024393	661.68	783.65	4.2594	1.7225	2.6775	408.13	0.49882	1.1210e-05	0.034863	supercritical
269.69	50.000	40.760	0.024534	663.65	786.32	4.2694	1.7232	2.6717	409.22	0.49494	1.1236e-05	0.034955	supercritical
270.69	50.000	40.529	0.024673	665.62	788.99	4.2792	1.7239	2.6660	410.31	0.49110	1.1263e-05	0.035048	supercritical
271.69	50.000	40.302	0.024813	667.59	791.65	4.2891	1.7246	2.6606	411.39	0.48730	1.1290e-05	0.035142	supercritical
272.69	50.000	40.078	0.024952	669.55	794.31	4.2988	1.7254	2.6554	412.46	0.48354	1.1317e-05	0.035237	supercritical
273.69	50.000	39.857	0.025090	671.51	796.96	4.3085	1.7263	2.6503	413.53	0.47982	1.1344e-05	0.035332	supercritical
274.69	50.000	39.639	0.025228	673.47	799.61	4.3182	1.7272	2.6455	414.59	0.47613	1.1371e-05	0.035429	supercritical
275.69	50.000	39.424	0.025365	675.43	802.25	4.3278	1.7281	2.6408	415.64	0.47249	1.1398e-05	0.035527	supercritical
276.69	50.000	39.212	0.025502	677.38	804.89	4.3373	1.7291	2.6363	416.68	0.46889	1.1425e-05	0.035625	supercritical
277.69	50.000	39.003	0.025639	679.33	807.53	4.3469	1.7301	2.6319	417.72	0.46532	1.1452e-05	0.035725	supercritical
278.69	50.000	38.797	0.025775	681.28	810.16	4.3563	1.7311	2.6278	418.75	0.46179	1.1479e-05	0.035825	supercritical
279.69	50.000	38.594	0.025911	683.23	812.78	4.3657	1.7322	2.6238	419.77	0.45829	1.1507e-05	0.035926	supercritical
280.69	50.000	38.393	0.026047	685.17	815.40	4.3751	1.7333	2.6199	420.79	0.45483	1.1534e-05	0.036028	supercritical
281.69	50.000	38.195	0.026182	687.11	818.02	4.3844	1.7345	2.6162	421.80	0.45140	1.1561e-05	0.036131	supercritical
282.69	50.000	37.999	0.026316	689.06	820.64	4.3936	1.7357	2.6126	422.80	0.44801	1.1589e-05	0.036234	supercritical
283.69	50.000	37.806	0.026451	690.99	823.25	4.4029	1.7369	2.6092	423.80	0.44466	1.1616e-05	0.036339	supercritical
284.69	50.000	37.616	0.026585	692.93	825.85	4.4120	1.7382	2.6059	424.79	0.44133	1.1644e-05	0.036444	supercritical
285.69	50.000	37.428	0.026718	694.87	828.46	4.4212	1.7395	2.6027	425.78	0.43804	1.1671e-05	0.036550	supercritical
286.69	50.000	37.242	0.026851	696.80	831.06	4.4303	1.7408	2.5997	426.75	0.43478	1.1699e-05	0.036656	supercritical
287.69	50.000	37.059	0.026984	698.74	833.66	4.4393	1.7422	2.5968	427.73	0.43156	1.1726e-05	0.036764	supercritical
288.69	50.000	36.877	0.027117	700.67	836.25	4.4483	1.7436	2.5940	428.70	0.42836	1.1754e-05	0.036872	supercritical
289.69	50.000	36.698	0.027249	702.60	838.85	4.4573	1.7450	2.5914	429.66	0.42520	1.1781e-05	0.036981	supercritical
290.69	50.000	36.522	0.027381	704.53	841.44	4.4662	1.7465	2.5888	430.61	0.42206	1.1809e-05	0.037091	supercritical
291.69	50.000	36.347	0.027513	706.46	844.02	4.4751	1.7480	2.5864	431.56	0.41896	1.1837e-05	0.037201	supercritical
292.69	50.000	36.174	0.027644	708.39	846.61	4.4839	1.7495	2.5841	432.51	0.41588	1.1864e-05	0.037312	supercritical
293.69	50.000	36.004	0.027775	710.32	849.19	4.4927	1.7511	2.5819	433.45	0.41284	1.1892e-05	0.037424	supercritical
294.69	50.000	35.835	0.027906	712.24	851.77	4.5015	1.7527	2.5798	434.38	0.40982	1.1920e-05	0.037536	supercritical
295.69	50.000	35.668	0.028036	714.17	854.35	4.5103	1.7543	2.5778	435.31	0.40683	1.1947e-05	0.037649	supercritical
296.69	50.000	35.503	0.028166	716.10	856.93	4.5190	1.7560	2.5759	436.24	0.40387	1.1975e-05	0.037763	supercritical
297.69	50.000	35.341	0.028296	718.02	859.50	4.5276	1.7577	2.5741	437.15	0.40094	1.2003e-05	0.037878	supercritical
298.69	50.000	35.179	0.028426	719.95	862.08	4.5362	1.7594	2.5724	438.07	0.39804	1.2031e-05	0.037993	supercritical
299.69	50.000	35.020	0.028555	721.87	864.65	4.5448	1.7611	2.5707	438.98	0.39516	1.2059e-05	0.038109	supercritical
300.69	50.000	34.863	0.028684	723.80	867.22	4.5534	1.7629	2.5692	439.88	0.39231	1.2086e-05	0.038225	supercritical
301.69	50.000	34.707	0.028813	725.72	869.79	4.5619	1.7647	2.5678	440.78	0.38948	1.2114e-05	0.038342	supercritical
302.69	50.000	34.553	0.028941	727.65	872.35	4.5704	1.7665	2.5664	441.68	0.38668	1.2142e-05	0.038460	supercritical
303.69	50.000	34.400	0.029070	729.57	874.92	4.5789	1.7683	2.5652	442.57	0.38391	1.2170e-05	0.038578	supercritical
304.69	50.000	34.249	0.029198	731.50	877.48	4.5873	1.7702	2.5640	443.45	0.38116	1.2198e-05	0.038697	supercritical
305.69	50.000	34.100	0.029325	733.42	880.05	4.5957	1.7721	2.5629	444.33	0.37843	1.2226e-05	0.038817	supercritical
306.69	50.000	33.952	0.029453	735.35	882.61	4.6041	1.7740	2.5619	445.21	0.37573	1.2254e-05	0.038937	supercritical
307.69	50.000	33.806	0.029580	737.27	885.17	4.6124	1.7760	2.5609	446.08	0.37305	1.2282e-05	0.039058	supercritical
308.69	50.000	33.662	0.029707	739.20	887.73	4.6207	1.7779	2.5601	446.95	0.37040	1.2309e-05	0.039179	supercritical
309.69	50.000	33.519	0.029834	741.12	890.29	4.6290	1.7799	2.5593	447.81	0.36777	1.2337e-05	0.039301	supercritical
310.69	50.000	33.377	0.029961	743.05	892.85	4.6373	1.7820	2.5586	448.67	0.36517	1.2365e-05	0.039423	supercritical
311.69	50.000	33.237	0.030087	744.97	895.41	4.6455	1.7840	2.5579	449.52	0.36259	1.2393e-05	0.039547	supercritical
312.69	50.000	33.098	0.030213	746.90	897.97	4.6537	1.7861	2.5573	450.37	0.36003	1.2421e-05	0.039670	supercritical
313.69	50.000	32.960	0.030339	748.83	900.52	4.6618	1.7882	2.5568	451.22	0.35749	1.2449e-05	0.039795	supercritical
314.69	50.000	32.824	0.030465	750.75	903.08	4.6700	1.7903	2.5564	452.06	0.35497	1.2477e-05	0.039920	supercritical
315.69	50.000	32.690	0.030591	752.68	905.64	4.6781	1.7925	2.5560	452.90	0.35248	1.2505e-05	0.040045	supercritical
316.69	50.000	32.556	0.030716	754.61	908.19	4.6862	1.7946	2.5557	453.73	0.35001	1.2533e-05	0.040171	supercritical
317.69	50.000	32.424	0.030841	756.54	910.75	4.6942	1.7968	2.5554	454.57	0.34756	1.2561e-05	0.040298	supercritical
318.69	50.000	32.293	0.030966	758.47	913.30	4.7023	1.7990	2.5553	455.39	0.34513	1.2589e-05	0.040425	supercritical
319.69	50.000	32.164	0.031091	760.40	915.86	4.7103	1.8012	2.5551	456.21	0.34272	1.2617e-05	0.040552	supercritical
320.69	50.000	32.036	0.031215	762.34	918.41	4.7182	1.8035	2.5551	457.03	0.34033	1.2644e-05	0.040681	supercritical
321.69	50.000	31.908	0.031340	764.27	920.97	4.7262	1.8058	2.5551	457.85	0.33796	1.2672e-05	0.040809	supercritical
322.69	50.000	31.782	0.031464	766.20	923.52	4.7341	1.8081	2.5551	458.66	0.33561	1.2700e-05	0.040939	supercritical
323.69	50.000	31.658	0.031588	768.14	926.08	4.7420	1.8104	2.5552	459.47	0.33329	1.2728e-05	0.041068	supercritical
324.69	50.000	31.534	0.031712	770.08	928.63	4.7499	1.8127	2.5554	460.27	0.33098	1.2756e-05	0.041199	supercritical
325.69	50.000	31.412	0.031835	772.01	931.19	4.7578	1.8151	2.5556	461.08	0.32869	1.2784e-05	0.041330	supercritical
326.69	50.000	31.290	0.031959	773.95	933.75	4.7656	1.8175	2.5559	461.87	0.32642	1.2812e-05	0.041461	supercritical
327.69	50.000	31.170	0.032082	775.89	936.30	4.7734	1.8199	2.5562	462.67	0.32417	1.2840e-05	0.041593	supercritical
328.69	50.000	31.051	0.032205	777.83	938.86	4.7812	1.8223	2.5566	463.46	0.32194	1.2868e-05	0.041725	supercritical
329.69	50.000	30.933	0.032328	779.77	941.41	4.7890	1.8247	2.5570	464.25	0.31972	1.2896e-05	0.041858	supercritical
330.69	50.000	30.816	0.032451	781.72	943.97	4.7967	1.8272	2.5575	465.03	0.31753	1.2924e-05	0.041992	supercritical
331.69	50.000	30.700	0.032573	783.66	946.53	4.8044	1.8296	2.5580	465.81	0.31535	1.2951e-05	0.042126	supercritical
332.69	50.000	30.585	0.032696	785.61	949.09	4.8121	1.8321	2.5586	466.59	0.31319	1.2979e-05	0.042260	supercritical
333.69	50.000	30.471	0.032818	787.56	951.65	4.8198	1.8347	2.5592	467.36	0.31105	1.3007e-05	0.042395	supercritical
334.69	50.000	30.358	0.032940	789.50	954.21	4.8275	1.8372	2.5598	468.13	0.30893	1.3035e-05	0.042531	supercritical
335.69	50.000	30.246	0.033062	791.46	956.77	4.8351	1.8397	2.5605	468.90	0.30682	1.3063e-05	0.042667	supercritical
336.69	50.000	30.135	0.033184	793.41	959.33	4.8427	1.8423	2.5613	469.67	0.30473	1.3091e-05	0.042803	supercritical
337.69	50.000	30.025	0.033306	795.36	961.89	4.8503	1.8449	2.5621	470.43	0.30266	1.3118e-05	0.042940	supercritical
338.69	50.000	29.916	0.033427	797.32	964.45	4.8579	1.8475	2.5629	471.19	0.30060	1.3146e-05	0.043078	supercritical
339.69	50.000	29.808	0.033549	799.27	967.01	4.8655	1.8501	2.5638	471.94	0.29857	1.3174e-05	0.043216	supercritical
340.69	50.000	29.700	0.033670	801.23	969.58	4.8730	1.8527	2.5647	472.70	0.29654	1.3202e-05	0.043354	supercritical
341.69	50.000	29.594	0.033791	803.19	972.14	4.8805	1.8554	2.5657	473.45	0.29454	1.3230e-05	0.043493	supercritical
342.69	50.000	29.488	0.033912	805.15	974.71	4.8880	1.8581	2.5667	474.20	0.29255	1.3257e-05	0.043633	supercritical
343.69	50.000	29.384	0.034033	807.11	977.28	4.8955	1.8607	2.5677	474.94	0.29058	1.3285e-05	0.043773	supercritical
344.69	50.000	29.280	0.034153	809.08	979.85	4.9030	1.8634	2.5688	475.68	0.28862	1.3313e-05	0.043913	supercritical
345.69	50.000	29.177	0.034274	811.05	982.42	4.9104	1.8662	2.5699	476.42	0.28668	1.3341e-05	0.044054	supercritical
346.69	50.000	29.075	0.034394	813.01	984.99	4.9178	1.8689	2.5711	477.16	0.28475	1.3368e-05	0.044195	supercritical
347.69	50.000	28.973	0.034514	814.99	987.56	4.9252	1.8716	2.5723	477.89	0.28284	1.3396e-05	0.044337	supercritical
348.69	50.000	28.873	0.034635	816.96	990.13	4.9326	1.8744	2.5735	478.62	0.28094	1.3424e-05	0.044479	supercritical
349.69	50.000	28.773	0.034755	818.93	992.70	4.9400	1.8772	2.5748	479.35	0.27906	1.3452e-05	0.044622	supercritical
350.69	50.000	28.674	0.034874	820.91	995.28	4.9474	1.8800	2.5761	480.08	0.27719	1.3479e-05	0.044765	supercritical
351.69	50.000	28.576	0.034994	822.89	997.86	4.9547	1.8828	2.5774	480.80	0.27534	1.3507e-05	0.044908	supercritical
352.69	50.000	28.479	0.035114	824.87	1000.4	4.9620	1.8856	2.5788	481.52	0.27350	1.3535e-05	0.045053	supercritical
353.69	50.000	28.382	0.035233	826.85	1003.0	4.9693	1.8885	2.5802	482.24	0.27168	1.3562e-05	0.045197	supercritical
354.69	50.000	28.286	0.035353	828.83	1005.6	4.9766	1.8913	2.5817	482.95	0.26987	1.3590e-05	0.045342	supercritical
355.69	50.000	28.191	0.035472	830.82	1008.2	4.9839	1.8942	2.5831	483.66	0.26808	1.3617e-05	0.045487	supercritical
356.69	50.000	28.097	0.035591	832.81	1010.8	4.9911	1.8971	2.5846	484.37	0.26630	1.3645e-05	0.045633	supercritical
357.69	50.000	28.003	0.035710	834.80	1013.3	4.9984	1.9000	2.5862	485.08	0.26453	1.3673e-05	0.045780	supercritical
358.69	50.000	27.910	0.035829	836.79	1015.9	5.0056	1.9029	2.5877	485.79	0.26278	1.3700e-05	0.045926	supercritical
359.69	50.000	27.818	0.035948	838.78	1018.5	5.0128	1.9058	2.5893	486.49	0.26104	1.3728e-05	0.046073	supercritical
360.69	50.000	27.727	0.036066	840.78	1021.1	5.0200	1.9087	2.5909	487.19	0.25931	1.3755e-05	0.046221	supercritical
361.69	50.000	27.636	0.036185	842.78	1023.7	5.0272	1.9117	2.5926	487.89	0.25760	1.3783e-05	0.046369	supercritical
362.69	50.000	27.546	0.036303	844.78	1026.3	5.0343	1.9146	2.5943	488.59	0.25590	1.3810e-05	0.046518	supercritical
363.69	50.000	27.456	0.036422	846.78	1028.9	5.0415	1.9176	2.5960	489.28	0.25422	1.3838e-05	0.046667	supercritical
364.69	50.000	27.367	0.036540	848.79	1031.5	5.0486	1.9206	2.5977	489.97	0.25254	1.3865e-05	0.046816	supercritical
365.69	50.000	27.279	0.036658	850.80	1034.1	5.0557	1.9236	2.5995	490.66	0.25088	1.3893e-05	0.046966	supercritical
366.69	50.000	27.191	0.036776	852.81	1036.7	5.0628	1.9266	2.6013	491.35	0.24924	1.3920e-05	0.047116	supercritical
367.69	50.000	27.105	0.036894	854.82	1039.3	5.0699	1.9296	2.6031	492.03	0.24760	1.3948e-05	0.047266	supercritical
368.69	50.000	27.018	0.037012	856.84	1041.9	5.0770	1.9327	2.6050	492.72	0.24598	1.3975e-05	0.047417	supercritical
369.69	50.000	26.933	0.037130	858.85	1044.5	5.0840	1.9357	2.6068	493.40	0.24437	1.4002e-05	0.047569	supercritical
370.69	50.000	26.848	0.037247	860.87	1047.1	5.0911	1.9388	2.6087	494.08	0.24277	1.4030e-05	0.047721	supercritical
371.69	50.000	26.763	0.037365	862.89	1049.7	5.0981	1.9418	2.6107	494.75	0.24119	1.4057e-05	0.047873	supercritical
372.69	50.000	26.679	0.037482	864.92	1052.3	5.1051	1.9449	2.6126	495.43	0.23961	1.4085e-05	0.048026	supercritical
373.69	50.000	26.596	0.037600	866.95	1054.9	5.1121	1.9480	2.6146	496.10	0.23805	1.4112e-05	0.048179	supercritical
374.69	50.000	26.513	0.037717	868.98	1057.6	5.1191	1.9511	2.6166	496.77	0.23650	1.4139e-05	0.048332	supercritical
375.69	50.000	26.431	0.037834	871.01	1060.2	5.1261	1.9542	2.6186	497.44	0.23496	1.4167e-05	0.048486	supercritical
376.69	50.000	26.350	0.037951	873.04	1062.8	5.1331	1.9574	2.6207	498.10	0.23344	1.4194e-05	0.048640	supercritical
377.69	50.000	26.269	0.038068	875.08	1065.4	5.1400	1.9605	2.6227	498.77	0.23192	1.4221e-05	0.048795	supercritical
378.69	50.000	26.188	0.038185	877.12	1068.0	5.1469	1.9636	2.6248	499.43	0.23042	1.4248e-05	0.048950	supercritical
379.69	50.000	26.109	0.038301	879.16	1070.7	5.1539	1.9668	2.6270	500.09	0.22892	1.4276e-05	0.049106	supercritical
380.69	50.000	26.029	0.038418	881.21	1073.3	5.1608	1.9700	2.6291	500.75	0.22744	1.4303e-05	0.049262	supercritical
381.69	50.000	25.951	0.038535	883.25	1075.9	5.1677	1.9731	2.6313	501.41	0.22597	1.4330e-05	0.049418	supercritical
382.69	50.000	25.872	0.038651	885.30	1078.6	5.1746	1.9763	2.6334	502.06	0.22451	1.4357e-05	0.049574	supercritical
383.69	50.000	25.795	0.038768	887.35	1081.2	5.1814	1.9795	2.6356	502.71	0.22306	1.4384e-05	0.049732	supercritical
384.69	50.000	25.718	0.038884	889.41	1083.8	5.1883	1.9827	2.6379	503.36	0.22163	1.4412e-05	0.049889	supercritical
385.69	50.000	25.641	0.039000	891.47	1086.5	5.1952	1.9860	2.6401	504.01	0.22020	1.4439e-05	0.050047	supercritical
386.69	50.000	25.565	0.039116	893.53	1089.1	5.2020	1.9892	2.6424	504.66	0.21878	1.4466e-05	0.050205	supercritical
387.69	50.000	25.489	0.039232	895.59	1091.8	5.2088	1.9924	2.6447	505.31	0.21738	1.4493e-05	0.050364	supercritical
388.69	50.000	25.414	0.039348	897.66	1094.4	5.2156	1.9957	2.6470	505.95	0.21598	1.4520e-05	0.050523	supercritical
389.69	50.000	25.339	0.039464	899.73	1097.0	5.2224	1.9989	2.6493	506.59	0.21460	1.4547e-05	0.050682	supercritical
390.69	50.000	25.265	0.039580	901.80	1099.7	5.2292	2.0022	2.6516	507.23	0.21322	1.4574e-05	0.050842	supercritical
391.69	50.000	25.192	0.039696	903.87	1102.4	5.2360	2.0055	2.6540	507.87	0.21185	1.4601e-05	0.051002	supercritical
392.69	50.000	25.118	0.039811	905.95	1105.0	5.2428	2.0087	2.6564	508.51	0.21050	1.4628e-05	0.051162	supercritical
393.69	50.000	25.046	0.039927	908.03	1107.7	5.2495	2.0120	2.6588	509.14	0.20915	1.4655e-05	0.051323	supercritical
394.69	50.000	24.973	0.040043	910.11	1110.3	5.2563	2.0153	2.6612	509.78	0.20782	1.4682e-05	0.051484	supercritical
395.69	50.000	24.902	0.040158	912.20	1113.0	5.2630	2.0186	2.6636	510.41	0.20649	1.4709e-05	0.051646	supercritical
396.69	50.000	24.830	0.040273	914.28	1115.7	5.2698	2.0220	2.6661	511.04	0.20518	1.4736e-05	0.051808	supercritical
397.69	50.000	24.759	0.040389	916.38	1118.3	5.2765	2.0253	2.6685	511.67	0.20387	1.4763e-05	0.051970	supercritical
398.69	50.000	24.689	0.040504	918.47	1121.0	5.2832	2.0286	2.6710	512.29	0.20257	1.4790e-05	0.052133	supercritical
399.69	50.000	24.619	0.040619	920.57	1123.7	5.2899	2.0319	2.6735	512.92	0.20129	1.4817e-05	0.052296	supercritical
400.69	50.000	24.550	0.040734	922.67	1126.3	5.2966	2.0353	2.6761	513.54	0.20001	1.4843e-05	0.052459	supercritical
401.69	50.000	24.480	0.040849	924.77	1129.0	5.3032	2.0386	2.6786	514.17	0.19874	1.4870e-05	0.052623	supercritical
402.69	50.000	24.412	0.040964	926.87	1131.7	5.3099	2.0420	2.6811	514.79	0.19748	1.4897e-05	0.052787	supercritical
403.69	50.000	24.344	0.041079	928.98	1134.4	5.3165	2.0454	2.6837	515.41	0.19623	1.4924e-05	0.052952	supercritical
404.69	50.000	24.276	0.041193	931.09	1137.1	5.3232	2.0487	2.6863	516.02	0.19499	1.4951e-05	0.053116	supercritical
405.69	50.000	24.208	0.041308	933.21	1139.7	5.3298	2.0521	2.6889	516.64	0.19376	1.4977e-05	0.053282	supercritical
406.69	50.000	24.141	0.041423	935.32	1142.4	5.3364	2.0555	2.6915	517.25	0.19253	1.5004e-05	0.053447	supercritical
407.69	50.000	24.075	0.041537	937.44	1145.1	5.3431	2.0589	2.6941	517.87	0.19132	1.5031e-05	0.053613	supercritical
408.69	50.000	24.009	0.041652	939.57	1147.8	5.3497	2.0623	2.6968	518.48	0.19011	1.5058e-05	0.053779	supercritical
409.69	50.000	23.943	0.041766	941.69	1150.5	5.3563	2.0657	2.6994	519.09	0.18891	1.5084e-05	0.053946	supercritical
410.69	50.000	23.877	0.041881	943.82	1153.2	5.3628	2.0692	2.7021	519.70	0.18772	1.5111e-05	0.054113	supercritical
411.69	50.000	23.812	0.041995	945.95	1155.9	5.3694	2.0726	2.7048	520.31	0.18654	1.5138e-05	0.054280	supercritical
412.69	50.000	23.748	0.042109	948.09	1158.6	5.3760	2.0760	2.7075	520.91	0.18537	1.5164e-05	0.054447	supercritical
413.69	50.000	23.684	0.042223	950.23	1161.3	5.3825	2.0794	2.7102	521.52	0.18421	1.5191e-05	0.054615	supercritical
414.69	50.000	23.620	0.042337	952.37	1164.1	5.3891	2.0829	2.7129	522.12	0.18305	1.5217e-05	0.054784	supercritical
415.69	50.000	23.556	0.042451	954.51	1166.8	5.3956	2.0863	2.7157	522.72	0.18190	1.5244e-05	0.054952	supercritical
416.69	50.000	23.493	0.042565	956.66	1169.5	5.4021	2.0898	2.7184	523.32	0.18076	1.5271e-05	0.055121	supercritical
417.69	50.000	23.431	0.042679	958.81	1172.2	5.4087	2.0933	2.7212	523.92	0.17963	1.5297e-05	0.055290	supercritical
418.69	50.000	23.368	0.042793	960.96	1174.9	5.4152	2.0967	2.7240	524.52	0.17851	1.5324e-05	0.055460	supercritical
419.69	50.000	23.306	0.042907	963.12	1177.7	5.4217	2.1002	2.7268	525.12	0.17739	1.5350e-05	0.055630	supercritical
420.69	50.000	23.245	0.043021	965.28	1180.4	5.4282	2.1037	2.7296	525.71	0.17629	1.5377e-05	0.055800	supercritical
421.69	50.000	23.183	0.043134	967.44	1183.1	5.4347	2.1072	2.7324	526.30	0.17519	1.5403e-05	0.055970	supercritical
422.69	50.000	23.122	0.043248	969.61	1185.8	5.4411	2.1107	2.7352	526.90	0.17410	1.5430e-05	0.056141	supercritical
423.69	50.000	23.062	0.043362	971.78	1188.6	5.4476	2.1141	2.7381	527.49	0.17301	1.5456e-05	0.056313	supercritical
424.69	50.000	23.002	0.043475	973.95	1191.3	5.4541	2.1176	2.7409	528.08	0.17193	1.5482e-05	0.056484	supercritical
425.69	50.000	22.942	0.043588	976.12	1194.1	5.4605	2.1212	2.7438	528.67	0.17087	1.5509e-05	0.056656	supercritical
426.69	50.000	22.882	0.043702	978.30	1196.8	5.4669	2.1247	2.7466	529.25	0.16980	1.5535e-05	0.056828	supercritical
427.69	50.000	22.823	0.043815	980.48	1199.6	5.4734	2.1282	2.7495	529.84	0.16875	1.5561e-05	0.057000	supercritical
428.69	50.000	22.764	0.043928	982.67	1202.3	5.4798	2.1317	2.7524	530.43	0.16770	1.5588e-05	0.057173	supercritical
429.69	50.000	22.706	0.044042	984.86	1205.1	5.4862	2.1352	2.7553	531.01	0.16666	1.5614e-05	0.057346	supercritical
430.69	50.000	22.648	0.044155	987.05	1207.8	5.4926	2.1388	2.7583	531.59	0.16563	1.5640e-05	0.057520	supercritical
431.69	50.000	22.590	0.044268	989.24	1210.6	5.4990	2.1423	2.7612	532.17	0.16461	1.5667e-05	0.057693	supercritical
432.69	50.000	22.532	0.044381	991.44	1213.3	5.5054	2.1458	2.7641	532.75	0.16359	1.5693e-05	0.057867	supercritical
433.69	50.000	22.475	0.044494	993.64	1216.1	5.5118	2.1494	2.7671	533.33	0.16258	1.5719e-05	0.058042	supercritical
434.69	50.000	22.418	0.044607	995.84	1218.9	5.5182	2.1529	2.7700	533.91	0.16157	1.5745e-05	0.058216	supercritical
435.69	50.000	22.361	0.044720	998.05	1221.6	5.5246	2.1565	2.7730	534.49	0.16058	1.5771e-05	0.058391	supercritical
436.69	50.000	22.305	0.044833	1000.3	1224.4	5.5309	2.1600	2.7760	535.06	0.15959	1.5798e-05	0.058566	supercritical
437.69	50.000	22.249	0.044945	1002.5	1227.2	5.5373	2.1636	2.7790	535.64	0.15860	1.5824e-05	0.058742	supercritical
438.69	50.000	22.194	0.045058	1004.7	1230.0	5.5436	2.1672	2.7820	536.21	0.15762	1.5850e-05	0.058918	supercritical
439.69	50.000	22.138	0.045171	1006.9	1232.8	5.5499	2.1707	2.7850	536.78	0.15665	1.5876e-05	0.059094	supercritical
440.69	50.000	22.083	0.045283	1009.1	1235.6	5.5563	2.1743	2.7880	537.35	0.15569	1.5902e-05	0.059270	supercritical
441.69	50.000	22.028	0.045396	1011.4	1238.3	5.5626	2.1779	2.7910	537.92	0.15473	1.5928e-05	0.059447	supercritical
442.69	50.000	21.974	0.045509	1013.6	1241.1	5.5689	2.1815	2.7940	538.49	0.15378	1.5954e-05	0.059624	supercritical
443.69	50.000	21.920	0.045621	1015.8	1243.9	5.5752	2.1851	2.7971	539.06	0.15284	1.5980e-05	0.059801	supercritical
444.69	50.000	21.866	0.045733	1018.1	1246.7	5.5815	2.1887	2.8001	539.63	0.15190	1.6006e-05	0.059979	supercritical
445.69	50.000	21.812	0.045846	1020.3	1249.5	5.5878	2.1923	2.8032	540.19	0.15097	1.6032e-05	0.060156	supercritical
446.69	50.000	21.759	0.045958	1022.5	1252.3	5.5941	2.1959	2.8062	540.76	0.15005	1.6058e-05	0.060335	supercritical
447.69	50.000	21.706	0.046070	1024.8	1255.1	5.6004	2.1995	2.8093	541.32	0.14913	1.6084e-05	0.060513	supercritical
448.69	50.000	21.653	0.046183	1027.0	1258.0	5.6067	2.2031	2.8124	541.88	0.14822	1.6110e-05	0.060692	supercritical
449.69	50.000	21.601	0.046295	1029.3	1260.8	5.6129	2.2067	2.8155	542.44	0.14731	1.6136e-05	0.060871	supercritical
450.69	50.000	21.548	0.046407	1031.5	1263.6	5.6192	2.2103	2.8186	543.00	0.14641	1.6162e-05	0.061050	supercritical
451.69	50.000	21.497	0.046519	1033.8	1266.4	5.6254	2.2139	2.8217	543.56	0.14552	1.6188e-05	0.061229	supercritical
452.69	50.000	21.445	0.046631	1036.1	1269.2	5.6317	2.2175	2.8248	544.12	0.14463	1.6213e-05	0.061409	supercritical
453.69	50.000	21.393	0.046743	1038.3	1272.1	5.6379	2.2211	2.8279	544.68	0.14375	1.6239e-05	0.061589	supercritical
454.69	50.000	21.342	0.046855	1040.6	1274.9	5.6441	2.2248	2.8311	545.23	0.14287	1.6265e-05	0.061770	supercritical
455.69	50.000	21.292	0.046967	1042.9	1277.7	5.6504	2.2284	2.8342	545.79	0.14200	1.6291e-05	0.061950	supercritical
456.69	50.000	21.241	0.047079	1045.2	1280.6	5.6566	2.2320	2.8373	546.34	0.14114	1.6317e-05	0.062131	supercritical
457.69	50.000	21.191	0.047191	1047.4	1283.4	5.6628	2.2356	2.8405	546.90	0.14028	1.6342e-05	0.062313	supercritical
458.69	50.000	21.140	0.047303	1049.7	1286.2	5.6690	2.2393	2.8437	547.45	0.13943	1.6368e-05	0.062494	supercritical
459.69	50.000	21.091	0.047414	1052.0	1289.1	5.6752	2.2429	2.8468	548.00	0.13858	1.6394e-05	0.062676	supercritical
460.69	50.000	21.041	0.047526	1054.3	1291.9	5.6814	2.2466	2.8500	548.55	0.13774	1.6420e-05	0.062858	supercritical
461.69	50.000	20.992	0.047638	1056.6	1294.8	5.6876	2.2502	2.8532	549.10	0.13690	1.6445e-05	0.063040	supercritical
462.69	50.000	20.943	0.047749	1058.9	1297.6	5.6937	2.2538	2.8563	549.65	0.13607	1.6471e-05	0.063222	supercritical
463.69	50.000	20.894	0.047861	1061.2	1300.5	5.6999	2.2575	2.8595	550.20	0.13525	1.6497e-05	0.063405	supercritical
464.69	50.000	20.845	0.047972	1063.5	1303.4	5.7061	2.2611	2.8627	550.74	0.13443	1.6522e-05	0.063588	supercritical
465.69	50.000	20.797	0.048084	1065.8	1306.2	5.7122	2.2648	2.8659	551.29	0.13362	1.6548e-05	0.063772	supercritical
466.69	50.000	20.749	0.048195	1068.1	1309.1	5.7184	2.2685	2.8691	551.83	0.13281	1.6573e-05	0.063955	supercritical
467.69	50.000	20.701	0.048307	1070.4	1312.0	5.7245	2.2721	2.8724	552.38	0.13201	1.6599e-05	0.064139	supercritical
468.69	50.000	20.653	0.048418	1072.7	1314.8	5.7307	2.2758	2.8756	552.92	0.13121	1.6624e-05	0.064323	supercritical
469.69	50.000	20.606	0.048530	1075.1	1317.7	5.7368	2.2794	2.8788	553.46	0.13042	1.6650e-05	0.064507	supercritical
470.69	50.000	20.559	0.048641	1077.4	1320.6	5.7429	2.2831	2.8820	554.00	0.12963	1.6675e-05	0.064692	supercritical
471.69	50.000	20.512	0.048752	1079.7	1323.5	5.7490	2.2868	2.8853	554.54	0.12885	1.6701e-05	0.064877	supercritical
472.69	50.000	20.465	0.048863	1082.0	1326.4	5.7551	2.2904	2.8885	555.08	0.12807	1.6726e-05	0.065062	supercritical
473.69	50.000	20.419	0.048974	1084.4	1329.2	5.7613	2.2941	2.8918	555.62	0.12730	1.6752e-05	0.065247	supercritical
474.69	50.000	20.373	0.049086	1086.7	1332.1	5.7674	2.2978	2.8950	556.16	0.12653	1.6777e-05	0.065433	supercritical
475.69	50.000	20.327	0.049197	1089.1	1335.0	5.7735	2.3014	2.8983	556.69	0.12577	1.6803e-05	0.065619	supercritical
476.69	50.000	20.281	0.049308	1091.4	1337.9	5.7795	2.3051	2.9015	557.23	0.12501	1.6828e-05	0.065805	supercritical
477.69	50.000	20.235	0.049419	1093.7	1340.8	5.7856	2.3088	2.9048	557.77	0.12426	1.6853e-05	0.065991	supercritical
478.69	50.000	20.190	0.049530	1096.1	1343.7	5.7917	2.3125	2.9081	558.30	0.12352	1.6879e-05	0.066178	supercritical
479.69	50.000	20.145	0.049641	1098.5	1346.7	5.7978	2.3162	2.9114	558.83	0.12277	1.6904e-05	0.066365	supercritical
480.69	50.000	20.100	0.049752	1100.8	1349.6	5.8038	2.3198	2.9146	559.37	0.12204	1.6929e-05	0.066552	supercritical
481.69	50.000	20.055	0.049863	1103.2	1352.5	5.8099	2.3235	2.9179	559.90	0.12130	1.6955e-05	0.066739	supercritical
482.69	50.000	20.011	0.049973	1105.5	1355.4	5.8160	2.3272	2.9212	560.43	0.12058	1.6980e-05	0.066927	supercritical
483.69	50.000	19.966	0.050084	1107.9	1358.3	5.8220	2.3309	2.9245	560.96	0.11985	1.7005e-05	0.067115	supercritical
484.69	50.000	19.922	0.050195	1110.3	1361.3	5.8281	2.3346	2.9278	561.49	0.11913	1.7030e-05	0.067303	supercritical
485.69	50.000	19.878	0.050306	1112.7	1364.2	5.8341	2.3383	2.9311	562.02	0.11842	1.7056e-05	0.067491	supercritical
486.69	50.000	19.835	0.050416	1115.0	1367.1	5.8401	2.3420	2.9344	562.54	0.11771	1.7081e-05	0.067679	supercritical
487.69	50.000	19.791	0.050527	1117.4	1370.1	5.8461	2.3456	2.9377	563.07	0.11701	1.7106e-05	0.067868	supercritical
488.69	50.000	19.748	0.050638	1119.8	1373.0	5.8522	2.3493	2.9411	563.60	0.11631	1.7131e-05	0.068057	supercritical
489.69	50.000	19.705	0.050748	1122.2	1375.9	5.8582	2.3530	2.9444	564.12	0.11561	1.7156e-05	0.068246	supercritical
490.69	50.000	19.662	0.050859	1124.6	1378.9	5.8642	2.3567	2.9477	564.65	0.11492	1.7181e-05	0.068436	supercritical
491.69	50.000	19.620	0.050969	1127.0	1381.8	5.8702	2.3604	2.9510	565.17	0.11423	1.7206e-05	0.068625	supercritical
492.69	50.000	19.577	0.051080	1129.4	1384.8	5.8762	2.3641	2.9544	565.69	0.11355	1.7231e-05	0.068815	supercritical
493.69	50.000	19.535	0.051190	1131.8	1387.7	5.8822	2.3678	2.9577	566.21	0.11287	1.7257e-05	0.069005	supercritical
494.69	50.000	19.493	0.051301	1134.2	1390.7	5.8882	2.3715	2.9611	566.74	0.11220	1.7282e-05	0.069196	supercritical
495.69	50.000	19.451	0.051411	1136.6	1393.7	5.8942	2.3752	2.9644	567.26	0.11153	1.7307e-05	0.069386	supercritical
496.69	50.000	19.409	0.051522	1139.0	1396.6	5.9001	2.3789	2.9677	567.78	0.11087	1.7332e-05	0.069577	supercritical
497.69	50.000	19.368	0.051632	1141.4	1399.6	5.9061	2.3826	2.9711	568.30	0.11020	1.7357e-05	0.069768	supercritical
498.69	50.000	19.327	0.051742	1143.9	1402.6	5.9121	2.3863	2.9745	568.81	0.10955	1.7382e-05	0.069959	supercritical
499.69	50.000	19.285	0.051853	1146.3	1405.5	5.9180	2.3900	2.9778	569.33	0.10890	1.7406e-05	0.070151	supercritical
500.69	50.000	19.245	0.051963	1148.7	1408.5	5.9240	2.3937	2.9812	569.85	0.10825	1.7431e-05	0.070343	supercritical
501.69	50.000	19.204	0.052073	1151.1	1411.5	5.9299	2.3974	2.9845	570.36	0.10760	1.7456e-05	0.070535	supercritical
502.69	50.000	19.163	0.052183	1153.6	1414.5	5.9359	2.4011	2.9879	570.88	0.10696	1.7481e-05	0.070727	supercritical
503.69	50.000	19.123	0.052293	1156.0	1417.5	5.9418	2.4048	2.9913	571.40	0.10633	1.7506e-05	0.070919	supercritical
504.69	50.000	19.083	0.052403	1158.5	1420.5	5.9478	2.4086	2.9947	571.91	0.10569	1.7531e-05	0.071112	supercritical
505.69	50.000	19.043	0.052513	1160.9	1423.5	5.9537	2.4123	2.9980	572.42	0.10507	1.7556e-05	0.071304	supercritical
506.69	50.000	19.003	0.052624	1163.4	1426.5	5.9596	2.4160	3.0014	572.94	0.10444	1.7581e-05	0.071497	supercritical
507.69	50.000	18.963	0.052734	1165.8	1429.5	5.9656	2.4197	3.0048	573.45	0.10382	1.7605e-05	0.071691	supercritical
508.69	50.000	18.924	0.052844	1168.3	1432.5	5.9715	2.4234	3.0082	573.96	0.10320	1.7630e-05	0.071884	supercritical
509.69	50.000	18.884	0.052954	1170.7	1435.5	5.9774	2.4271	3.0116	574.47	0.10259	1.7655e-05	0.072078	supercritical
510.69	50.000	18.845	0.053063	1173.2	1438.5	5.9833	2.4308	3.0150	574.98	0.10198	1.7680e-05	0.072271	supercritical
511.69	50.000	18.806	0.053173	1175.7	1441.5	5.9892	2.4345	3.0184	575.49	0.10138	1.7704e-05	0.072466	supercritical
512.69	50.000	18.768	0.053283	1178.1	1444.5	5.9951	2.4382	3.0218	576.00	0.10078	1.7729e-05	0.072660	supercritical
513.69	50.000	18.729	0.053393	1180.6	1447.6	6.0010	2.4419	3.0252	576.50	0.10018	1.7754e-05	0.072854	supercritical
514.69	50.000	18.691	0.053503	1183.1	1450.6	6.0069	2.4456	3.0286	577.01	0.099584	1.7778e-05	0.073049	supercritical
515.69	50.000	18.652	0.053613	1185.6	1453.6	6.0127	2.4493	3.0320	577.52	0.098994	1.7803e-05	0.073244	supercritical
516.69	50.000	18.614	0.053723	1188.0	1456.7	6.0186	2.4531	3.0354	578.02	0.098407	1.7828e-05	0.073439	supercritical
517.69	50.000	18.576	0.053832	1190.5	1459.7	6.0245	2.4568	3.0388	578.53	0.097824	1.7852e-05	0.073634	supercritical
518.69	50.000	18.538	0.053942	1193.0	1462.7	6.0304	2.4605	3.0422	579.03	0.097245	1.7877e-05	0.073830	supercritical
519.69	50.000	18.501	0.054052	1195.5	1465.8	6.0362	2.4642	3.0456	579.54	0.096669	1.7901e-05	0.074025	supercritical
520.69	50.000	18.463	0.054161	1198.0	1468.8	6.0421	2.4679	3.0490	580.04	0.096096	1.7926e-05	0.074221	supercritical
521.69	50.000	18.426	0.054271	1200.5	1471.9	6.0479	2.4716	3.0524	580.54	0.095527	1.7951e-05	0.074417	supercritical
522.69	50.000	18.389	0.054381	1203.0	1474.9	6.0538	2.4753	3.0558	581.04	0.094962	1.7975e-05	0.074614	supercritical
523.69	50.000	18.352	0.054490	1205.5	1478.0	6.0596	2.4790	3.0593	581.55	0.094400	1.8000e-05	0.074810	supercritical
524.69	50.000	18.315	0.054600	1208.0	1481.0	6.0655	2.4827	3.0627	582.05	0.093842	1.8024e-05	0.075007	supercritical
525.69	50.000	18.278	0.054709	1210.6	1484.1	6.0713	2.4864	3.0661	582.55	0.093287	1.8049e-05	0.075204	supercritical
526.69	50.000	18.242	0.054819	1213.1	1487.2	6.0771	2.4901	3.0695	583.04	0.092735	1.8073e-05	0.075401	supercritical
527.69	50.000	18.206	0.054928	1215.6	1490.2	6.0830	2.4939	3.0730	583.54	0.092187	1.8097e-05	0.075598	supercritical
528.69	50.000	18.169	0.055038	1218.1	1493.3	6.0888	2.4976	3.0764	584.04	0.091642	1.8122e-05	0.075795	supercritical
529.69	50.000	18.133	0.055147	1220.7	1496.4	6.0946	2.5013	3.0798	584.54	0.091100	1.8146e-05	0.075993	supercritical
530.69	50.000	18.097	0.055256	1223.2	1499.5	6.1004	2.5050	3.0833	585.04	0.090562	1.8171e-05	0.076191	supercritical
531.69	50.000	18.062	0.055366	1225.7	1502.6	6.1062	2.5087	3.0867	585.53	0.090027	1.8195e-05	0.076389	supercritical
532.69	50.000	18.026	0.055475	1228.3	1505.7	6.1120	2.5124	3.0901	586.03	0.089495	1.8219e-05	0.076587	supercritical
533.69	50.000	17.991	0.055584	1230.8	1508.7	6.1178	2.5161	3.0936	586.52	0.088966	1.8244e-05	0.076786	supercritical
534.69	50.000	17.955	0.055694	1233.4	1511.8	6.1236	2.5198	3.0970	587.02	0.088440	1.8268e-05	0.076984	supercritical
535.69	50.000	17.920	0.055803	1235.9	1514.9	6.1294	2.5235	3.1004	587.51	0.087918	1.8292e-05	0.077183	supercritical
536.69	50.000	17.885	0.055912	1238.5	1518.0	6.1352	2.5272	3.1039	588.00	0.087399	1.8317e-05	0.077382	supercritical
537.69	50.000	17.850	0.056022	1241.0	1521.2	6.1410	2.5309	3.1073	588.50	0.086883	1.8341e-05	0.077581	supercritical
538.69	50.000	17.816	0.056131	1243.6	1524.3	6.1467	2.5346	3.1108	588.99	0.086370	1.8365e-05	0.077780	supercritical
539.69	50.000	17.781	0.056240	1246.2	1527.4	6.1525	2.5383	3.1142	589.48	0.085860	1.8389e-05	0.077980	supercritical
540.69	50.000	17.747	0.056349	1248.7	1530.5	6.1583	2.5420	3.1177	589.97	0.085353	1.8413e-05	0.078180	supercritical
541.69	50.000	17.712	0.056458	1251.3	1533.6	6.1640	2.5457	3.1211	590.46	0.084849	1.8438e-05	0.078379	supercritical
542.69	50.000	17.678	0.056567	1253.9	1536.7	6.1698	2.5494	3.1246	590.95	0.084348	1.8462e-05	0.078579	supercritical
543.69	50.000	17.644	0.056676	1256.5	1539.9	6.1756	2.5531	3.1280	591.44	0.083850	1.8486e-05	0.078780	supercritical
544.69	50.000	17.610	0.056785	1259.1	1543.0	6.1813	2.5569	3.1315	591.93	0.083355	1.8510e-05	0.078980	supercritical
545.69	50.000	17.576	0.056894	1261.6	1546.1	6.1871	2.5606	3.1349	592.42	0.082863	1.8534e-05	0.079181	supercritical
546.69	50.000	17.543	0.057003	1264.2	1549.3	6.1928	2.5643	3.1384	592.90	0.082374	1.8558e-05	0.079382	supercritical
547.69	50.000	17.509	0.057112	1266.8	1552.4	6.1985	2.5679	3.1418	593.39	0.081888	1.8582e-05	0.079582	supercritical
548.69	50.000	17.476	0.057221	1269.4	1555.5	6.2043	2.5716	3.1453	593.88	0.081405	1.8606e-05	0.079784	supercritical
549.69	50.000	17.443	0.057330	1272.0	1558.7	6.2100	2.5753	3.1487	594.36	0.080924	1.8630e-05	0.079985	supercritical
550.69	50.000	17.410	0.057439	1274.6	1561.8	6.2157	2.5790	3.1522	594.85	0.080447	1.8655e-05	0.080186	supercritical
551.69	50.000	17.377	0.057548	1277.3	1565.0	6.2215	2.5827	3.1557	595.33	0.079972	1.8679e-05	0.080388	supercritical
552.69	50.000	17.344	0.057657	1279.9	1568.1	6.2272	2.5864	3.1591	595.82	0.079500	1.8703e-05	0.080590	supercritical
553.69	50.000	17.311	0.057766	1282.5	1571.3	6.2329	2.5901	3.1626	596.30	0.079031	1.8726e-05	0.080792	supercritical
554.69	50.000	17.279	0.057875	1285.1	1574.5	6.2386	2.5938	3.1660	596.78	0.078564	1.8750e-05	0.080994	supercritical
555.69	50.000	17.246	0.057984	1287.7	1577.6	6.2443	2.5975	3.1695	597.26	0.078100	1.8774e-05	0.081196	supercritical
556.69	50.000	17.214	0.058092	1290.4	1580.8	6.2500	2.6012	3.1729	597.75	0.077639	1.8798e-05	0.081399	supercritical
557.69	50.000	17.182	0.058201	1293.0	1584.0	6.2557	2.6049	3.1764	598.23	0.077181	1.8822e-05	0.081601	supercritical
558.69	50.000	17.150	0.058310	1295.6	1587.2	6.2614	2.6086	3.1799	598.71	0.076725	1.8846e-05	0.081804	supercritical
559.69	50.000	17.118	0.058419	1298.3	1590.3	6.2671	2.6123	3.1833	599.19	0.076272	1.8870e-05	0.082007	supercritical
560.69	50.000	17.086	0.058527	1300.9	1593.5	6.2728	2.6160	3.1868	599.67	0.075822	1.8894e-05	0.082210	supercritical
561.69	50.000	17.054	0.058636	1303.5	1596.7	6.2785	2.6196	3.1903	600.15	0.075374	1.8918e-05	0.082414	supercritical
562.69	50.000	17.023	0.058745	1306.2	1599.9	6.2841	2.6233	3.1937	600.63	0.074929	1.8942e-05	0.082617	supercritical
563.69	50.000	16.991	0.058853	1308.8	1603.1	6.2898	2.6270	3.1972	601.10	0.074486	1.8965e-05	0.082821	supercritical
564.69	50.000	16.960	0.058962	1311.5	1606.3	6.2955	2.6307	3.2006	601.58	0.074046	1.8989e-05	0.083025	supercritical
565.69	50.000	16.929	0.059070	1314.2	1609.5	6.3011	2.6344	3.2041	602.06	0.073608	1.9013e-05	0.083229	supercritical
566.69	50.000	16.898	0.059179	1316.8	1612.7	6.3068	2.6381	3.2076	602.54	0.073173	1.9037e-05	0.083433	supercritical
567.69	50.000	16.867	0.059288	1319.5	1615.9	6.3125	2.6417	3.2110	603.01	0.072741	1.9060e-05	0.083637	supercritical
568.69	50.000	16.836	0.059396	1322.2	1619.1	6.3181	2.6454	3.2145	603.49	0.072311	1.9084e-05	0.083842	supercritical
569.69	50.000	16.805	0.059505	1324.8	1622.4	6.3238	2.6491	3.2180	603.96	0.071883	1.9108e-05	0.084046	supercritical
570.69	50.000	16.775	0.059613	1327.5	1625.6	6.3294	2.6528	3.2214	604.44	0.071458	1.9131e-05	0.084251	supercritical
571.69	50.000	16.744	0.059722	1330.2	1628.8	6.3351	2.6564	3.2249	604.91	0.071035	1.9155e-05	0.084456	supercritical
572.69	50.000	16.714	0.059830	1332.9	1632.0	6.3407	2.6601	3.2284	605.38	0.070615	1.9179e-05	0.084661	supercritical
573.69	50.000	16.684	0.059939	1335.6	1635.3	6.3463	2.6638	3.2318	605.86	0.070197	1.9202e-05	0.084866	supercritical
574.69	50.000	16.654	0.060047	1338.3	1638.5	6.3520	2.6675	3.2353	606.33	0.069782	1.9226e-05	0.085072	supercritical
575.69	50.000	16.624	0.060155	1340.9	1641.7	6.3576	2.6711	3.2388	606.80	0.069369	1.9250e-05	0.085277	supercritical
576.69	50.000	16.594	0.060264	1343.6	1645.0	6.3632	2.6748	3.2422	607.27	0.068958	1.9273e-05	0.085483	supercritical
577.69	50.000	16.564	0.060372	1346.3	1648.2	6.3688	2.6785	3.2457	607.74	0.068550	1.9297e-05	0.085689	supercritical
578.69	50.000	16.534	0.060480	1349.1	1651.5	6.3744	2.6821	3.2492	608.21	0.068143	1.9320e-05	0.085895	supercritical
579.69	50.000	16.505	0.060589	1351.8	1654.7	6.3801	2.6858	3.2526	608.68	0.067740	1.9344e-05	0.086101	supercritical
580.69	50.000	16.475	0.060697	1354.5	1658.0	6.3857	2.6895	3.2561	609.15	0.067338	1.9367e-05	0.086307	supercritical
581.69	50.000	16.446	0.060805	1357.2	1661.2	6.3913	2.6931	3.2596	609.62	0.066939	1.9391e-05	0.086514	supercritical
582.69	50.000	16.417	0.060914	1359.9	1664.5	6.3969	2.6968	3.2630	610.09	0.066542	1.9414e-05	0.086721	supercritical
583.69	50.000	16.388	0.061022	1362.6	1667.7	6.4025	2.7004	3.2665	610.56	0.066147	1.9438e-05	0.086927	supercritical
584.69	50.000	16.359	0.061130	1365.4	1671.0	6.4081	2.7041	3.2700	611.03	0.065755	1.9461e-05	0.087134	supercritical
585.69	50.000	16.330	0.061238	1368.1	1674.3	6.4137	2.7078	3.2734	611.49	0.065364	1.9485e-05	0.087341	supercritical
586.69	50.000	16.301	0.061347	1370.8	1677.6	6.4192	2.7114	3.2769	611.96	0.064976	1.9508e-05	0.087549	supercritical
587.69	50.000	16.272	0.061455	1373.6	1680.8	6.4248	2.7151	3.2803	612.43	0.064590	1.9532e-05	0.087756	supercritical
588.69	50.000	16.244	0.061563	1376.3	1684.1	6.4304	2.7187	3.2838	612.89	0.064206	1.9555e-05	0.087963	supercritical
589.69	50.000	16.215	0.061671	1379.1	1687.4	6.4360	2.7224	3.2873	613.36	0.063825	1.9578e-05	0.088171	supercritical
590.69	50.000	16.187	0.061779	1381.8	1690.7	6.4416	2.7260	3.2907	613.82	0.063445	1.9602e-05	0.088379	supercritical
591.69	50.000	16.158	0.061887	1384.6	1694.0	6.4471	2.7297	3.2942	614.29	0.063068	1.9625e-05	0.088587	supercritical
592.69	50.000	16.130	0.061995	1387.3	1697.3	6.4527	2.7333	3.2977	614.75	0.062692	1.9648e-05	0.088795	supercritical
593.69	50.000	16.102	0.062103	1390.1	1700.6	6.4583	2.7370	3.3011	615.21	0.062319	1.9672e-05	0.089003	supercritical
594.69	50.000	16.074	0.062212	1392.8	1703.9	6.4638	2.7406	3.3046	615.68	0.061948	1.9695e-05	0.089212	supercritical
595.69	50.000	16.046	0.062320	1395.6	1707.2	6.4694	2.7442	3.3080	616.14	0.061579	1.9718e-05	0.089420	supercritical
596.69	50.000	16.019	0.062428	1398.4	1710.5	6.4749	2.7479	3.3115	616.60	0.061212	1.9742e-05	0.089629	supercritical
597.69	50.000	15.991	0.062536	1401.1	1713.8	6.4805	2.7515	3.3150	617.06	0.060847	1.9765e-05	0.089837	supercritical
598.69	50.000	15.963	0.062644	1403.9	1717.1	6.4860	2.7552	3.3184	617.53	0.060484	1.9788e-05	0.090046	supercritical
599.69	50.000	15.936	0.062752	1406.7	1720.5	6.4916	2.7588	3.3219	617.99	0.060123	1.9811e-05	0.090255	supercritical
600.69	50.000	15.908	0.062860	1409.5	1723.8	6.4971	2.7624	3.3253	618.45	0.059764	1.9835e-05	0.090465	supercritical
601.69	50.000	15.881	0.062968	1412.3	1727.1	6.5026	2.7661	3.3288	618.91	0.059407	1.9858e-05	0.090674	supercritical
602.69	50.000	15.854	0.063075	1415.1	1730.4	6.5082	2.7697	3.3323	619.37	0.059051	1.9881e-05	0.090884	supercritical
603.69	50.000	15.827	0.063183	1417.9	1733.8	6.5137	2.7733	3.3357	619.82	0.058698	1.9904e-05	0.091093	supercritical
604.69	50.000	15.800	0.063291	1420.6	1737.1	6.5192	2.7769	3.3392	620.28	0.058347	1.9927e-05	0.091303	supercritical
605.69	50.000	15.773	0.063399	1423.5	1740.4	6.5247	2.7806	3.3426	620.74	0.057998	1.9950e-05	0.091513	supercritical
606.69	50.000	15.746	0.063507	1426.3	1743.8	6.5302	2.7842	3.3461	621.20	0.057650	1.9973e-05	0.091723	supercritical
607.69	50.000	15.720	0.063615	1429.1	1747.1	6.5358	2.7878	3.3495	621.66	0.057305	1.9997e-05	0.091933	supercritical
608.69	50.000	15.693	0.063723	1431.9	1750.5	6.5413	2.7914	3.3530	622.11	0.056961	2.0020e-05	0.092143	supercritical
609.69	50.000	15.666	0.063831	1434.7	1753.8	6.5468	2.7950	3.3564	622.57	0.056620	2.0043e-05	0.092354	supercritical
610.69	50.000	15.640	0.063938	1437.5	1757.2	6.5523	2.7987	3.3599	623.02	0.056280	2.0066e-05	0.092564	supercritical
611.69	50.000	15.614	0.064046	1440.3	1760.6	6.5578	2.8023	3.3633	623.48	0.055942	2.0089e-05	0.092775	supercritical
612.69	50.000	15.588	0.064154	1443.2	1763.9	6.5633	2.8059	3.3668	623.94	0.055605	2.0112e-05	0.092986	supercritical
613.69	50.000	15.561	0.064262	1446.0	1767.3	6.5688	2.8095	3.3702	624.39	0.055271	2.0135e-05	0.093197	supercritical
614.69	50.000	15.535	0.064369	1448.8	1770.7	6.5743	2.8131	3.3737	624.84	0.054938	2.0158e-05	0.093408	supercritical
615.69	50.000	15.509	0.064477	1451.7	1774.0	6.5797	2.8167	3.3771	625.30	0.054608	2.0181e-05	0.093619	supercritical
616.69	50.000	15.484	0.064585	1454.5	1777.4	6.5852	2.8203	3.3806	625.75	0.054279	2.0204e-05	0.093830	supercritical
617.69	50.000	15.458	0.064692	1457.3	1780.8	6.5907	2.8239	3.3840	626.20	0.053951	2.0227e-05	0.094042	supercritical
618.69	50.000	15.432	0.064800	1460.2	1784.2	6.5962	2.8275	3.3875	626.66	0.053626	2.0250e-05	0.094253	supercritical
619.69	50.000	15.406	0.064908	1463.0	1787.6	6.6017	2.8311	3.3909	627.11	0.053302	2.0273e-05	0.094465	supercritical
620.69	50.000	15.381	0.065015	1465.9	1791.0	6.6071	2.8347	3.3943	627.56	0.052980	2.0295e-05	0.094677	supercritical
621.69	50.000	15.356	0.065123	1468.8	1794.4	6.6126	2.8383	3.3978	628.01	0.052660	2.0318e-05	0.094889	supercritical
622.69	50.000	15.330	0.065231	1471.6	1797.8	6.6181	2.8419	3.4012	628.46	0.052341	2.0341e-05	0.095101	supercritical
623.69	50.000	15.305	0.065338	1474.5	1801.2	6.6235	2.8455	3.4047	628.91	0.052025	2.0364e-05	0.095313	supercritical
624.69	50.000	15.280	0.065446	1477.3	1804.6	6.6290	2.8491	3.4081	629.36	0.051709	2.0387e-05	0.095525	supercritical