Temperature (K)	Pressure (bar)	Density (kg/m3)	Volume (m3/kg)	Internal Energy (kJ/kg)	Enthalpy (kJ/kg)	Entropy (J/g*K)	Cv (J/g*K)	Cp (J/g*K)	Sound Spd. (m/s)	Joule-Thomson (K/bar)	Viscosity (Pa*s)	Therm. Cond. (W/m*K)	Phase
90.694	633.00	483.29	0.0020691	-97.066	33.911	-1.0336	2.2869	3.2079	1868.1	-0.052683	0.00043152	0.25918	liquid
106.69	633.00	467.83	0.0021375	-50.225	85.080	-0.51402	2.2111	3.1919	1778.7	-0.052335	0.00023575	0.24488	liquid
107.69	633.00	466.87	0.0021419	-47.311	88.272	-0.48424	2.2070	3.1913	1773.1	-0.052297	0.00022902	0.24390	liquid
108.69	633.00	465.92	0.0021463	-44.398	91.463	-0.45475	2.2030	3.1908	1767.4	-0.052257	0.00022267	0.24290	liquid
109.69	633.00	464.96	0.0021507	-41.487	94.653	-0.42553	2.1989	3.1902	1761.7	-0.052216	0.00021666	0.24190	liquid
110.69	633.00	464.01	0.0021551	-38.578	97.843	-0.39658	2.1949	3.1897	1756.0	-0.052175	0.00021096	0.24089	liquid
111.69	633.00	463.05	0.0021596	-35.670	101.03	-0.36790	2.1909	3.1891	1750.4	-0.052132	0.00020557	0.23987	liquid
112.69	633.00	462.10	0.0021640	-32.763	104.22	-0.33947	2.1869	3.1886	1744.7	-0.052088	0.00020045	0.23885	liquid
113.69	633.00	461.14	0.0021685	-29.858	107.41	-0.31131	2.1830	3.1880	1739.0	-0.052043	0.00019559	0.23783	liquid
114.69	633.00	460.19	0.0021730	-26.954	110.60	-0.28339	2.1791	3.1874	1733.4	-0.051997	0.00019096	0.23680	liquid
115.69	633.00	459.24	0.0021775	-24.052	113.78	-0.25572	2.1752	3.1869	1727.7	-0.051951	0.00018656	0.23577	liquid
116.69	633.00	458.29	0.0021820	-21.151	116.97	-0.22830	2.1713	3.1863	1722.1	-0.051903	0.00018236	0.23474	liquid
117.69	633.00	457.34	0.0021866	-18.252	120.16	-0.20111	2.1675	3.1857	1716.5	-0.051855	0.00017836	0.23370	liquid
118.69	633.00	456.39	0.0021911	-15.355	123.34	-0.17416	2.1636	3.1851	1710.9	-0.051805	0.00017454	0.23266	liquid
119.69	633.00	455.44	0.0021957	-12.459	126.53	-0.14744	2.1598	3.1845	1705.2	-0.051755	0.00017089	0.23162	liquid
120.69	633.00	454.49	0.0022003	-9.5652	129.71	-0.12095	2.1560	3.1839	1699.6	-0.051703	0.00016740	0.23057	liquid
121.69	633.00	453.54	0.0022049	-6.6728	132.90	-0.094683	2.1523	3.1833	1694.1	-0.051651	0.00016406	0.22953	liquid
122.69	633.00	452.60	0.0022095	-3.7820	136.08	-0.068635	2.1485	3.1826	1688.5	-0.051598	0.00016086	0.22848	liquid
123.69	633.00	451.65	0.0022141	-0.89290	139.26	-0.042803	2.1448	3.1820	1682.9	-0.051544	0.00015779	0.22743	liquid
124.69	633.00	450.70	0.0022188	1.9945	142.44	-0.017184	2.1411	3.1813	1677.4	-0.051489	0.00015484	0.22639	liquid
125.69	633.00	449.76	0.0022234	4.8802	145.62	0.0082244	2.1374	3.1807	1671.8	-0.051433	0.00015201	0.22534	liquid
126.69	633.00	448.81	0.0022281	7.7641	148.80	0.033427	2.1337	3.1800	1666.3	-0.051376	0.00014929	0.22429	liquid
127.69	633.00	447.87	0.0022328	10.646	151.98	0.058425	2.1301	3.1793	1660.8	-0.051318	0.00014667	0.22324	liquid
128.69	633.00	446.92	0.0022375	13.527	155.16	0.083223	2.1264	3.1786	1655.3	-0.051260	0.00014415	0.22220	liquid
129.69	633.00	445.98	0.0022423	16.405	158.34	0.10782	2.1228	3.1780	1649.8	-0.051200	0.00014172	0.22115	liquid
130.69	633.00	445.04	0.0022470	19.282	161.52	0.13223	2.1193	3.1773	1644.3	-0.051139	0.00013938	0.22010	liquid
131.69	633.00	444.09	0.0022518	22.157	164.69	0.15645	2.1157	3.1766	1638.8	-0.051077	0.00013712	0.21906	liquid
132.69	633.00	443.15	0.0022566	25.030	167.87	0.18047	2.1122	3.1758	1633.4	-0.051014	0.00013494	0.21802	liquid
133.69	633.00	442.21	0.0022614	27.902	171.05	0.20431	2.1087	3.1751	1628.0	-0.050950	0.00013283	0.21697	liquid
134.69	633.00	441.27	0.0022662	30.771	174.22	0.22797	2.1052	3.1744	1622.5	-0.050885	0.00013079	0.21593	liquid
135.69	633.00	440.33	0.0022710	33.639	177.40	0.25145	2.1017	3.1737	1617.1	-0.050819	0.00012882	0.21490	liquid
136.69	633.00	439.39	0.0022759	36.504	180.57	0.27475	2.0982	3.1730	1611.8	-0.050752	0.00012691	0.21386	liquid
137.69	633.00	438.45	0.0022808	39.368	183.74	0.29788	2.0948	3.1723	1606.4	-0.050684	0.00012506	0.21283	liquid
138.69	633.00	437.51	0.0022857	42.230	186.91	0.32083	2.0914	3.1715	1601.0	-0.050614	0.00012327	0.21180	liquid
139.69	633.00	436.57	0.0022906	45.090	190.08	0.34361	2.0880	3.1708	1595.7	-0.050544	0.00012153	0.21077	liquid
140.69	633.00	435.63	0.0022955	47.948	193.25	0.36623	2.0847	3.1701	1590.4	-0.050472	0.00011985	0.20975	liquid
141.69	633.00	434.69	0.0023005	50.804	196.42	0.38868	2.0814	3.1693	1585.1	-0.050399	0.00011821	0.20872	liquid
142.69	633.00	433.76	0.0023054	53.659	199.59	0.41096	2.0781	3.1686	1579.8	-0.050325	0.00011662	0.20771	liquid
143.69	633.00	432.82	0.0023104	56.511	202.76	0.43309	2.0748	3.1679	1574.5	-0.050250	0.00011507	0.20669	liquid
144.69	633.00	431.88	0.0023154	59.361	205.93	0.45505	2.0716	3.1671	1569.3	-0.050173	0.00011357	0.20568	liquid
145.69	633.00	430.95	0.0023205	62.210	209.10	0.47686	2.0683	3.1664	1564.1	-0.050096	0.00011211	0.20467	liquid
146.69	633.00	430.01	0.0023255	65.056	212.26	0.49852	2.0651	3.1657	1558.8	-0.050017	0.00011069	0.20366	liquid
147.69	633.00	429.07	0.0023306	67.901	215.43	0.52003	2.0620	3.1650	1553.7	-0.049937	0.00010930	0.20266	liquid
148.69	633.00	428.14	0.0023357	70.743	218.59	0.54138	2.0588	3.1642	1548.5	-0.049856	0.00010796	0.20166	liquid
149.69	633.00	427.21	0.0023408	73.583	221.76	0.56259	2.0557	3.1635	1543.3	-0.049773	0.00010664	0.20067	liquid
150.69	633.00	426.27	0.0023459	76.422	224.92	0.58365	2.0526	3.1628	1538.2	-0.049689	0.00010536	0.19968	liquid
151.69	633.00	425.34	0.0023511	79.259	228.08	0.60456	2.0496	3.1621	1533.1	-0.049604	0.00010411	0.19869	liquid
152.69	633.00	424.41	0.0023562	82.093	231.24	0.62534	2.0465	3.1614	1527.9	-0.049518	0.00010289	0.19771	liquid
153.69	633.00	423.47	0.0023614	84.926	234.40	0.64597	2.0435	3.1607	1522.9	-0.049430	0.00010170	0.19673	liquid
154.69	633.00	422.54	0.0023666	87.756	237.56	0.66647	2.0405	3.1600	1517.8	-0.049341	0.00010054	0.19576	liquid
155.69	633.00	421.61	0.0023719	90.585	240.72	0.68683	2.0376	3.1593	1512.7	-0.049251	9.9410e-05	0.19479	liquid
156.69	633.00	420.68	0.0023771	93.411	243.88	0.70705	2.0347	3.1586	1507.7	-0.049160	9.8302e-05	0.19383	liquid
157.69	633.00	419.75	0.0023824	96.236	247.04	0.72714	2.0318	3.1579	1502.7	-0.049067	9.7219e-05	0.19287	liquid
158.69	633.00	418.82	0.0023877	99.058	250.20	0.74710	2.0289	3.1572	1497.7	-0.048972	9.6160e-05	0.19191	liquid
159.69	633.00	417.89	0.0023930	101.88	253.36	0.76693	2.0261	3.1565	1492.8	-0.048877	9.5125e-05	0.19096	liquid
160.69	633.00	416.96	0.0023983	104.70	256.51	0.78664	2.0232	3.1559	1487.8	-0.048780	9.4112e-05	0.19002	liquid
161.69	633.00	416.03	0.0024037	107.51	259.67	0.80621	2.0205	3.1552	1482.9	-0.048682	9.3121e-05	0.18908	liquid
162.69	633.00	415.10	0.0024091	110.33	262.82	0.82566	2.0177	3.1545	1478.0	-0.048582	9.2151e-05	0.18814	liquid
163.69	633.00	414.17	0.0024145	113.14	265.98	0.84499	2.0150	3.1539	1473.1	-0.048481	9.1202e-05	0.18721	liquid
164.69	633.00	413.24	0.0024199	115.95	269.13	0.86420	2.0123	3.1533	1468.2	-0.048379	9.0272e-05	0.18628	liquid
165.69	633.00	412.32	0.0024253	118.76	272.28	0.88328	2.0096	3.1526	1463.3	-0.048275	8.9361e-05	0.18536	liquid
166.69	633.00	411.39	0.0024308	121.57	275.44	0.90225	2.0070	3.1520	1458.5	-0.048170	8.8468e-05	0.18445	liquid
167.69	633.00	410.46	0.0024363	124.37	278.59	0.92110	2.0044	3.1514	1453.7	-0.048064	8.7593e-05	0.18354	liquid
168.69	633.00	409.54	0.0024418	127.17	281.74	0.93984	2.0018	3.1507	1448.9	-0.047956	8.6736e-05	0.18263	liquid
169.69	633.00	408.61	0.0024473	129.97	284.89	0.95846	1.9993	3.1501	1444.1	-0.047847	8.5895e-05	0.18173	liquid
170.69	633.00	407.69	0.0024529	132.77	288.04	0.97696	1.9967	3.1495	1439.4	-0.047736	8.5070e-05	0.18084	liquid
171.69	633.00	406.76	0.0024584	135.57	291.19	0.99536	1.9942	3.1489	1434.6	-0.047624	8.4261e-05	0.17995	liquid
172.69	633.00	405.84	0.0024640	138.36	294.34	1.0136	1.9918	3.1484	1429.9	-0.047511	8.3468e-05	0.17906	liquid
173.69	633.00	404.92	0.0024696	141.16	297.48	1.0318	1.9894	3.1478	1425.2	-0.047396	8.2689e-05	0.17818	liquid
174.69	633.00	403.99	0.0024753	143.95	300.63	1.0499	1.9870	3.1472	1420.6	-0.047280	8.1924e-05	0.17731	liquid
175.69	633.00	403.07	0.0024809	146.73	303.78	1.0679	1.9846	3.1467	1415.9	-0.047162	8.1174e-05	0.17644	liquid
176.69	633.00	402.15	0.0024866	149.52	306.93	1.0857	1.9823	3.1461	1411.3	-0.047043	8.0437e-05	0.17558	liquid
177.69	633.00	401.23	0.0024923	152.31	310.07	1.1035	1.9799	3.1456	1406.7	-0.046923	7.9713e-05	0.17472	liquid
178.69	633.00	400.31	0.0024981	155.09	313.22	1.1211	1.9777	3.1450	1402.1	-0.046801	7.9002e-05	0.17387	liquid
179.69	633.00	399.39	0.0025038	157.87	316.36	1.1387	1.9754	3.1445	1397.5	-0.046678	7.8304e-05	0.17302	liquid
180.69	633.00	398.47	0.0025096	160.65	319.51	1.1561	1.9732	3.1440	1393.0	-0.046553	7.7617e-05	0.17218	liquid
181.69	633.00	397.55	0.0025154	163.42	322.65	1.1735	1.9710	3.1435	1388.5	-0.046427	7.6943e-05	0.17134	liquid
182.69	633.00	396.63	0.0025212	166.20	325.79	1.1907	1.9689	3.1430	1384.0	-0.046300	7.6280e-05	0.17051	liquid
183.69	633.00	395.71	0.0025271	168.97	328.93	1.2079	1.9667	3.1425	1379.5	-0.046171	7.5628e-05	0.16969	liquid
184.69	633.00	394.80	0.0025329	171.74	332.08	1.2249	1.9647	3.1420	1375.0	-0.046041	7.4988e-05	0.16887	liquid
185.69	633.00	393.88	0.0025388	174.51	335.22	1.2419	1.9626	3.1415	1370.6	-0.045910	7.4357e-05	0.16805	liquid
186.69	633.00	392.97	0.0025448	177.28	338.36	1.2588	1.9606	3.1411	1366.1	-0.045777	7.3738e-05	0.16725	liquid
187.69	633.00	392.05	0.0025507	180.04	341.50	1.2755	1.9586	3.1406	1361.7	-0.045643	7.3128e-05	0.16644	liquid
188.69	633.00	391.14	0.0025567	182.81	344.64	1.2922	1.9566	3.1402	1357.4	-0.045507	7.2529e-05	0.16565	liquid
189.69	633.00	390.22	0.0025626	185.57	347.78	1.3088	1.9547	3.1397	1353.0	-0.045370	7.1939e-05	0.16486	liquid
190.69	633.00	389.31	0.0025687	188.32	350.92	1.3253	1.9527	3.1393	1348.7	-0.045232	7.1358e-05	0.16407	supercritical
191.69	633.00	388.40	0.0025747	191.08	354.06	1.3418	1.9509	3.1389	1344.4	-0.045092	7.0787e-05	0.16329	supercritical
192.69	633.00	387.48	0.0025808	193.84	357.20	1.3581	1.9490	3.1385	1340.1	-0.044951	7.0224e-05	0.16252	supercritical
193.69	633.00	386.57	0.0025868	196.59	360.34	1.3743	1.9472	3.1381	1335.8	-0.044809	6.9671e-05	0.16175	supercritical
194.69	633.00	385.66	0.0025929	199.34	363.47	1.3905	1.9454	3.1377	1331.5	-0.044665	6.9126e-05	0.16098	supercritical
195.69	633.00	384.75	0.0025991	202.09	366.61	1.4066	1.9437	3.1373	1327.3	-0.044520	6.8589e-05	0.16022	supercritical
196.69	633.00	383.84	0.0026052	204.84	369.75	1.4226	1.9420	3.1369	1323.1	-0.044374	6.8061e-05	0.15947	supercritical
197.69	633.00	382.93	0.0026114	207.58	372.89	1.4385	1.9403	3.1366	1318.9	-0.044226	6.7541e-05	0.15872	supercritical
198.69	633.00	382.03	0.0026176	210.33	376.02	1.4543	1.9386	3.1362	1314.8	-0.044077	6.7028e-05	0.15798	supercritical
199.69	633.00	381.12	0.0026238	213.07	379.16	1.4700	1.9370	3.1359	1310.6	-0.043927	6.6524e-05	0.15724	supercritical
200.69	633.00	380.21	0.0026301	215.81	382.29	1.4857	1.9354	3.1355	1306.5	-0.043776	6.6026e-05	0.15651	supercritical
201.69	633.00	379.31	0.0026364	218.55	385.43	1.5013	1.9338	3.1352	1302.4	-0.043623	6.5536e-05	0.15579	supercritical
202.69	633.00	378.40	0.0026427	221.28	388.56	1.5168	1.9323	3.1349	1298.3	-0.043469	6.5054e-05	0.15507	supercritical
203.69	633.00	377.50	0.0026490	224.02	391.70	1.5322	1.9308	3.1346	1294.3	-0.043314	6.4578e-05	0.15436	supercritical
204.69	633.00	376.60	0.0026554	226.75	394.83	1.5476	1.9293	3.1342	1290.2	-0.043157	6.4110e-05	0.15365	supercritical
205.69	633.00	375.69	0.0026617	229.48	397.97	1.5628	1.9279	3.1340	1286.2	-0.042999	6.3648e-05	0.15295	supercritical
206.69	633.00	374.79	0.0026681	232.21	401.10	1.5780	1.9265	3.1337	1282.2	-0.042840	6.3192e-05	0.15225	supercritical
207.69	633.00	373.89	0.0026746	234.94	404.24	1.5932	1.9251	3.1334	1278.3	-0.042680	6.2744e-05	0.15156	supercritical
208.69	633.00	372.99	0.0026810	237.66	407.37	1.6082	1.9238	3.1331	1274.3	-0.042519	6.2301e-05	0.15087	supercritical
209.69	633.00	372.09	0.0026875	240.38	410.50	1.6232	1.9225	3.1329	1270.4	-0.042356	6.1865e-05	0.15019	supercritical
210.69	633.00	371.20	0.0026940	243.10	413.63	1.6381	1.9212	3.1326	1266.5	-0.042193	6.1435e-05	0.14952	supercritical
211.69	633.00	370.30	0.0027005	245.82	416.77	1.6529	1.9200	3.1324	1262.6	-0.042028	6.1011e-05	0.14885	supercritical
212.69	633.00	369.40	0.0027071	248.54	419.90	1.6677	1.9188	3.1321	1258.7	-0.041862	6.0593e-05	0.14818	supercritical
213.69	633.00	368.51	0.0027136	251.26	423.03	1.6824	1.9176	3.1319	1254.9	-0.041695	6.0180e-05	0.14752	supercritical
214.69	633.00	367.61	0.0027202	253.97	426.16	1.6970	1.9164	3.1317	1251.1	-0.041527	5.9774e-05	0.14687	supercritical
215.69	633.00	366.72	0.0027269	256.68	429.29	1.7115	1.9153	3.1315	1247.3	-0.041358	5.9373e-05	0.14622	supercritical
216.69	633.00	365.83	0.0027335	259.39	432.43	1.7260	1.9142	3.1313	1243.5	-0.041187	5.8977e-05	0.14558	supercritical
217.69	633.00	364.94	0.0027402	262.10	435.56	1.7404	1.9132	3.1311	1239.8	-0.041016	5.8587e-05	0.14495	supercritical
218.69	633.00	364.05	0.0027469	264.81	438.69	1.7548	1.9121	3.1309	1236.0	-0.040843	5.8202e-05	0.14431	supercritical
219.69	633.00	363.16	0.0027536	267.51	441.82	1.7691	1.9112	3.1307	1232.3	-0.040670	5.7822e-05	0.14369	supercritical
220.69	633.00	362.27	0.0027604	270.22	444.95	1.7833	1.9102	3.1306	1228.6	-0.040495	5.7447e-05	0.14307	supercritical
221.69	633.00	361.38	0.0027671	272.92	448.08	1.7974	1.9093	3.1304	1225.0	-0.040320	5.7077e-05	0.14245	supercritical
222.69	633.00	360.50	0.0027739	275.62	451.21	1.8115	1.9084	3.1302	1221.3	-0.040143	5.6712e-05	0.14184	supercritical
223.69	633.00	359.61	0.0027808	278.32	454.34	1.8256	1.9075	3.1301	1217.7	-0.039966	5.6352e-05	0.14124	supercritical
224.69	633.00	358.73	0.0027876	281.01	457.47	1.8395	1.9067	3.1300	1214.1	-0.039788	5.5997e-05	0.14064	supercritical
225.69	633.00	357.85	0.0027945	283.71	460.60	1.8534	1.9059	3.1298	1210.5	-0.039609	5.5646e-05	0.14005	supercritical
226.69	633.00	356.96	0.0028014	286.40	463.73	1.8673	1.9051	3.1297	1207.0	-0.039428	5.5300e-05	0.13946	supercritical
227.69	633.00	356.08	0.0028083	289.09	466.86	1.8810	1.9044	3.1296	1203.4	-0.039247	5.4958e-05	0.13888	supercritical
228.69	633.00	355.20	0.0028153	291.78	469.99	1.8947	1.9037	3.1295	1199.9	-0.039066	5.4621e-05	0.13830	supercritical
229.69	633.00	354.33	0.0028223	294.47	473.12	1.9084	1.9030	3.1294	1196.5	-0.038883	5.4288e-05	0.13773	supercritical
230.69	633.00	353.45	0.0028293	297.16	476.25	1.9220	1.9023	3.1293	1193.0	-0.038699	5.3960e-05	0.13716	supercritical
231.69	633.00	352.57	0.0028363	299.84	479.38	1.9355	1.9017	3.1292	1189.5	-0.038515	5.3635e-05	0.13660	supercritical
232.69	633.00	351.70	0.0028433	302.52	482.51	1.9490	1.9012	3.1291	1186.1	-0.038330	5.3315e-05	0.13604	supercritical
233.69	633.00	350.83	0.0028504	305.20	485.64	1.9624	1.9006	3.1290	1182.7	-0.038144	5.2999e-05	0.13549	supercritical
234.69	633.00	349.95	0.0028575	307.88	488.76	1.9758	1.9001	3.1290	1179.3	-0.037958	5.2686e-05	0.13494	supercritical
235.69	633.00	349.08	0.0028646	310.56	491.89	1.9891	1.8996	3.1289	1176.0	-0.037770	5.2378e-05	0.13440	supercritical
236.69	633.00	348.21	0.0028718	313.24	495.02	2.0023	1.8991	3.1289	1172.6	-0.037582	5.2074e-05	0.13387	supercritical
237.69	633.00	347.35	0.0028790	315.91	498.15	2.0155	1.8987	3.1288	1169.3	-0.037394	5.1773e-05	0.13334	supercritical
238.69	633.00	346.48	0.0028862	318.58	501.28	2.0287	1.8983	3.1288	1166.0	-0.037204	5.1476e-05	0.13281	supercritical
239.69	633.00	345.61	0.0028934	321.26	504.41	2.0417	1.8980	3.1287	1162.8	-0.037015	5.1183e-05	0.13229	supercritical
240.69	633.00	344.75	0.0029007	323.93	507.54	2.0548	1.8976	3.1287	1159.5	-0.036824	5.0893e-05	0.13177	supercritical
241.69	633.00	343.89	0.0029079	326.59	510.67	2.0677	1.8973	3.1287	1156.3	-0.036633	5.0607e-05	0.13126	supercritical
242.69	633.00	343.03	0.0029152	329.26	513.79	2.0807	1.8970	3.1287	1153.1	-0.036441	5.0325e-05	0.13076	supercritical
243.69	633.00	342.17	0.0029226	331.93	516.92	2.0935	1.8968	3.1287	1149.9	-0.036249	5.0046e-05	0.13026	supercritical
244.69	633.00	341.31	0.0029299	334.59	520.05	2.1063	1.8966	3.1287	1146.8	-0.036057	4.9770e-05	0.12976	supercritical
245.69	633.00	340.45	0.0029373	337.25	523.18	2.1191	1.8964	3.1287	1143.6	-0.035864	4.9498e-05	0.12927	supercritical
246.69	633.00	339.59	0.0029447	339.91	526.31	2.1318	1.8963	3.1287	1140.5	-0.035670	4.9229e-05	0.12878	supercritical
247.69	633.00	338.74	0.0029521	342.57	529.44	2.1445	1.8961	3.1287	1137.4	-0.035476	4.8963e-05	0.12830	supercritical
248.69	633.00	337.89	0.0029596	345.23	532.57	2.1571	1.8961	3.1287	1134.3	-0.035282	4.8701e-05	0.12783	supercritical
249.69	633.00	337.04	0.0029670	347.88	535.70	2.1696	1.8960	3.1288	1131.3	-0.035087	4.8442e-05	0.12736	supercritical
250.69	633.00	336.19	0.0029745	350.54	538.82	2.1821	1.8960	3.1288	1128.3	-0.034892	4.8185e-05	0.12689	supercritical
251.69	633.00	335.34	0.0029821	353.19	541.95	2.1946	1.8960	3.1289	1125.2	-0.034696	4.7932e-05	0.12643	supercritical
252.69	633.00	334.49	0.0029896	355.84	545.08	2.2070	1.8960	3.1289	1122.3	-0.034501	4.7682e-05	0.12597	supercritical
253.69	633.00	333.65	0.0029972	358.49	548.21	2.2193	1.8961	3.1290	1119.3	-0.034305	4.7435e-05	0.12552	supercritical
254.69	633.00	332.80	0.0030048	361.14	551.34	2.2317	1.8962	3.1290	1116.3	-0.034108	4.7191e-05	0.12507	supercritical
255.69	633.00	331.96	0.0030124	363.78	554.47	2.2439	1.8963	3.1291	1113.4	-0.033912	4.6950e-05	0.12463	supercritical
256.69	633.00	331.12	0.0030200	366.43	557.60	2.2561	1.8964	3.1291	1110.5	-0.033715	4.6711e-05	0.12419	supercritical
257.69	633.00	330.28	0.0030277	369.07	560.73	2.2683	1.8966	3.1292	1107.6	-0.033518	4.6476e-05	0.12376	supercritical
258.69	633.00	329.45	0.0030354	371.72	563.86	2.2804	1.8968	3.1293	1104.8	-0.033321	4.6243e-05	0.12333	supercritical
259.69	633.00	328.61	0.0030431	374.36	566.99	2.2925	1.8970	3.1294	1101.9	-0.033124	4.6013e-05	0.12290	supercritical
260.69	633.00	327.78	0.0030508	377.00	570.12	2.3045	1.8973	3.1295	1099.1	-0.032927	4.5786e-05	0.12248	supercritical
261.69	633.00	326.95	0.0030586	379.63	573.25	2.3165	1.8976	3.1296	1096.3	-0.032729	4.5561e-05	0.12207	supercritical
262.69	633.00	326.12	0.0030664	382.27	576.37	2.3284	1.8979	3.1297	1093.6	-0.032532	4.5339e-05	0.12166	supercritical
263.69	633.00	325.29	0.0030742	384.91	579.50	2.3403	1.8983	3.1298	1090.8	-0.032334	4.5120e-05	0.12125	supercritical
264.69	633.00	324.46	0.0030820	387.54	582.63	2.3522	1.8987	3.1299	1088.1	-0.032137	4.4903e-05	0.12085	supercritical
265.69	633.00	323.64	0.0030899	390.17	585.76	2.3640	1.8991	3.1300	1085.4	-0.031940	4.4688e-05	0.12046	supercritical
266.69	633.00	322.81	0.0030978	392.81	588.89	2.3757	1.8995	3.1302	1082.7	-0.031742	4.4476e-05	0.12006	supercritical
267.69	633.00	321.99	0.0031057	395.44	592.02	2.3875	1.9000	3.1303	1080.0	-0.031545	4.4267e-05	0.11968	supercritical
268.69	633.00	321.17	0.0031136	398.06	595.15	2.3991	1.9005	3.1304	1077.4	-0.031348	4.4060e-05	0.11929	supercritical
269.69	633.00	320.35	0.0031215	400.69	598.29	2.4108	1.9010	3.1306	1074.7	-0.031151	4.3855e-05	0.11891	supercritical
270.69	633.00	319.54	0.0031295	403.32	601.42	2.4223	1.9015	3.1307	1072.1	-0.030954	4.3653e-05	0.11854	supercritical
271.69	633.00	318.72	0.0031375	405.94	604.55	2.4339	1.9021	3.1309	1069.5	-0.030757	4.3453e-05	0.11817	supercritical
272.69	633.00	317.91	0.0031455	408.57	607.68	2.4454	1.9027	3.1310	1067.0	-0.030560	4.3256e-05	0.11780	supercritical
273.69	633.00	317.10	0.0031536	411.19	610.81	2.4568	1.9034	3.1312	1064.4	-0.030364	4.3060e-05	0.11744	supercritical
274.69	633.00	316.29	0.0031616	413.81	613.94	2.4683	1.9040	3.1313	1061.9	-0.030168	4.2867e-05	0.11708	supercritical
275.69	633.00	315.49	0.0031697	416.43	617.07	2.4796	1.9047	3.1315	1059.4	-0.029972	4.2676e-05	0.11673	supercritical
276.69	633.00	314.68	0.0031778	419.05	620.20	2.4910	1.9054	3.1317	1056.9	-0.029777	4.2488e-05	0.11638	supercritical
277.69	633.00	313.88	0.0031859	421.67	623.33	2.5023	1.9062	3.1319	1054.5	-0.029581	4.2301e-05	0.11603	supercritical
278.69	633.00	313.08	0.0031941	424.28	626.47	2.5135	1.9069	3.1321	1052.0	-0.029386	4.2117e-05	0.11569	supercritical
279.69	633.00	312.28	0.0032022	426.90	629.60	2.5248	1.9077	3.1322	1049.6	-0.029192	4.1934e-05	0.11535	supercritical
280.69	633.00	311.48	0.0032104	429.51	632.73	2.5359	1.9085	3.1324	1047.2	-0.028998	4.1754e-05	0.11502	supercritical
281.69	633.00	310.69	0.0032186	432.12	635.86	2.5471	1.9094	3.1326	1044.8	-0.028804	4.1576e-05	0.11469	supercritical
282.69	633.00	309.90	0.0032269	434.73	639.00	2.5582	1.9103	3.1329	1042.4	-0.028611	4.1400e-05	0.11437	supercritical
283.69	633.00	309.11	0.0032351	437.35	642.13	2.5692	1.9112	3.1331	1040.1	-0.028418	4.1225e-05	0.11405	supercritical
284.69	633.00	308.32	0.0032434	439.95	645.26	2.5803	1.9121	3.1333	1037.8	-0.028226	4.1053e-05	0.11373	supercritical
285.69	633.00	307.53	0.0032517	442.56	648.40	2.5913	1.9130	3.1335	1035.5	-0.028034	4.0883e-05	0.11342	supercritical
286.69	633.00	306.75	0.0032600	445.17	651.53	2.6022	1.9140	3.1337	1033.2	-0.027843	4.0715e-05	0.11311	supercritical
287.69	633.00	305.96	0.0032684	447.78	654.66	2.6131	1.9150	3.1340	1030.9	-0.027652	4.0548e-05	0.11280	supercritical
288.69	633.00	305.18	0.0032767	450.38	657.80	2.6240	1.9160	3.1342	1028.7	-0.027462	4.0384e-05	0.11250	supercritical
289.69	633.00	304.40	0.0032851	452.99	660.93	2.6348	1.9171	3.1345	1026.4	-0.027272	4.0221e-05	0.11221	supercritical
290.69	633.00	303.63	0.0032935	455.59	664.07	2.6456	1.9182	3.1347	1024.2	-0.027084	4.0060e-05	0.11191	supercritical
291.69	633.00	302.85	0.0033019	458.19	667.20	2.6564	1.9193	3.1350	1022.1	-0.026895	3.9901e-05	0.11162	supercritical
292.69	633.00	302.08	0.0033104	460.79	670.34	2.6671	1.9204	3.1352	1019.9	-0.026708	3.9744e-05	0.11134	supercritical
293.69	633.00	301.31	0.0033188	463.39	673.47	2.6778	1.9216	3.1355	1017.7	-0.026521	3.9588e-05	0.11106	supercritical
294.69	633.00	300.54	0.0033273	465.99	676.61	2.6885	1.9227	3.1358	1015.6	-0.026334	3.9434e-05	0.11078	supercritical
295.69	633.00	299.78	0.0033358	468.59	679.74	2.6991	1.9239	3.1361	1013.5	-0.026149	3.9282e-05	0.11050	supercritical
296.69	633.00	299.02	0.0033443	471.18	682.88	2.7097	1.9252	3.1363	1011.4	-0.025964	3.9132e-05	0.11023	supercritical
297.69	633.00	298.25	0.0033528	473.78	686.02	2.7202	1.9264	3.1366	1009.3	-0.025780	3.8983e-05	0.10996	supercritical
298.69	633.00	297.49	0.0033614	476.38	689.15	2.7308	1.9277	3.1369	1007.3	-0.025597	3.8836e-05	0.10970	supercritical
299.69	633.00	296.74	0.0033700	478.97	692.29	2.7412	1.9290	3.1372	1005.2	-0.025414	3.8691e-05	0.10944	supercritical
300.69	633.00	295.98	0.0033786	481.56	695.43	2.7517	1.9303	3.1375	1003.2	-0.025233	3.8547e-05	0.10918	supercritical
301.69	633.00	295.23	0.0033872	484.16	698.57	2.7621	1.9316	3.1378	1001.2	-0.025052	3.8405e-05	0.10893	supercritical
302.69	633.00	294.48	0.0033958	486.75	701.70	2.7725	1.9330	3.1382	999.24	-0.024872	3.8265e-05	0.10868	supercritical
303.69	633.00	293.73	0.0034045	489.34	704.84	2.7829	1.9344	3.1385	997.28	-0.024693	3.8126e-05	0.10844	supercritical
304.69	633.00	292.99	0.0034131	491.93	707.98	2.7932	1.9358	3.1388	995.34	-0.024515	3.7988e-05	0.10819	supercritical
305.69	633.00	292.24	0.0034218	494.52	711.12	2.8035	1.9372	3.1392	993.41	-0.024337	3.7853e-05	0.10796	supercritical
306.69	633.00	291.50	0.0034305	497.11	714.26	2.8137	1.9387	3.1395	991.50	-0.024161	3.7718e-05	0.10772	supercritical
307.69	633.00	290.76	0.0034392	499.69	717.40	2.8239	1.9402	3.1398	989.61	-0.023986	3.7585e-05	0.10749	supercritical
308.69	633.00	290.02	0.0034480	502.28	720.54	2.8341	1.9417	3.1402	987.74	-0.023811	3.7454e-05	0.10726	supercritical
309.69	633.00	289.29	0.0034567	504.87	723.68	2.8443	1.9432	3.1406	985.88	-0.023638	3.7324e-05	0.10703	supercritical
310.69	633.00	288.56	0.0034655	507.45	726.82	2.8544	1.9447	3.1409	984.04	-0.023465	3.7196e-05	0.10681	supercritical
311.69	633.00	287.83	0.0034743	510.04	729.96	2.8645	1.9463	3.1413	982.22	-0.023294	3.7068e-05	0.10659	supercritical
312.69	633.00	287.10	0.0034831	512.62	733.10	2.8746	1.9479	3.1417	980.42	-0.023123	3.6943e-05	0.10638	supercritical
313.69	633.00	286.37	0.0034919	515.20	736.24	2.8846	1.9495	3.1421	978.63	-0.022954	3.6819e-05	0.10617	supercritical
314.69	633.00	285.65	0.0035008	517.79	739.39	2.8946	1.9511	3.1425	976.87	-0.022785	3.6696e-05	0.10596	supercritical
315.69	633.00	284.93	0.0035096	520.37	742.53	2.9046	1.9528	3.1429	975.11	-0.022618	3.6574e-05	0.10575	supercritical
316.69	633.00	284.21	0.0035185	522.95	745.67	2.9145	1.9545	3.1433	973.38	-0.022452	3.6454e-05	0.10555	supercritical
317.69	633.00	283.50	0.0035274	525.53	748.82	2.9244	1.9561	3.1437	971.66	-0.022287	3.6335e-05	0.10535	supercritical
318.69	633.00	282.78	0.0035363	528.11	751.96	2.9343	1.9579	3.1441	969.96	-0.022123	3.6218e-05	0.10515	supercritical
319.69	633.00	282.07	0.0035452	530.69	755.10	2.9441	1.9596	3.1446	968.28	-0.021960	3.6102e-05	0.10496	supercritical
320.69	633.00	281.36	0.0035542	533.27	758.25	2.9540	1.9614	3.1450	966.61	-0.021798	3.5987e-05	0.10477	supercritical
321.69	633.00	280.65	0.0035631	535.85	761.39	2.9638	1.9631	3.1454	964.96	-0.021637	3.5873e-05	0.10458	supercritical
322.69	633.00	279.95	0.0035721	538.43	764.54	2.9735	1.9649	3.1459	963.32	-0.021477	3.5761e-05	0.10440	supercritical
323.69	633.00	279.25	0.0035811	541.00	767.69	2.9833	1.9667	3.1463	961.70	-0.021319	3.5650e-05	0.10422	supercritical
324.69	633.00	278.55	0.0035901	543.58	770.83	2.9930	1.9686	3.1468	960.10	-0.021162	3.5540e-05	0.10404	supercritical
325.69	633.00	277.85	0.0035991	546.16	773.98	3.0026	1.9704	3.1473	958.51	-0.021006	3.5431e-05	0.10386	supercritical
326.69	633.00	277.15	0.0036081	548.73	777.13	3.0123	1.9723	3.1478	956.94	-0.020851	3.5324e-05	0.10369	supercritical
327.69	633.00	276.46	0.0036171	551.31	780.27	3.0219	1.9742	3.1483	955.39	-0.020697	3.5218e-05	0.10352	supercritical
328.69	633.00	275.77	0.0036262	553.88	783.42	3.0315	1.9761	3.1487	953.85	-0.020545	3.5113e-05	0.10336	supercritical
329.69	633.00	275.08	0.0036353	556.46	786.57	3.0411	1.9780	3.1492	952.32	-0.020393	3.5009e-05	0.10319	supercritical
330.69	633.00	274.40	0.0036444	559.03	789.72	3.0506	1.9800	3.1498	950.82	-0.020243	3.4906e-05	0.10303	supercritical
331.69	633.00	273.71	0.0036535	561.61	792.87	3.0601	1.9820	3.1503	949.32	-0.020095	3.4805e-05	0.10287	supercritical
332.69	633.00	273.03	0.0036626	564.18	796.02	3.0696	1.9839	3.1508	947.85	-0.019947	3.4704e-05	0.10272	supercritical
333.69	633.00	272.35	0.0036717	566.75	799.17	3.0791	1.9859	3.1513	946.38	-0.019801	3.4605e-05	0.10257	supercritical
334.69	633.00	271.68	0.0036808	569.33	802.32	3.0885	1.9880	3.1519	944.94	-0.019656	3.4507e-05	0.10242	supercritical
335.69	633.00	271.00	0.0036900	571.90	805.48	3.0979	1.9900	3.1524	943.50	-0.019512	3.4410e-05	0.10227	supercritical
336.69	633.00	270.33	0.0036992	574.47	808.63	3.1073	1.9921	3.1530	942.09	-0.019369	3.4314e-05	0.10213	supercritical
337.69	633.00	269.66	0.0037083	577.05	811.78	3.1166	1.9941	3.1536	940.68	-0.019228	3.4219e-05	0.10198	supercritical
338.69	633.00	269.00	0.0037175	579.62	814.94	3.1259	1.9962	3.1541	939.30	-0.019088	3.4125e-05	0.10184	supercritical
339.69	633.00	268.33	0.0037267	582.19	818.09	3.1352	1.9984	3.1547	937.92	-0.018949	3.4032e-05	0.10171	supercritical
340.69	633.00	267.67	0.0037360	584.76	821.25	3.1445	2.0005	3.1553	936.57	-0.018812	3.3940e-05	0.10158	supercritical
341.69	633.00	267.01	0.0037452	587.33	824.40	3.1538	2.0026	3.1559	935.22	-0.018676	3.3849e-05	0.10144	supercritical
342.69	633.00	266.35	0.0037544	589.90	827.56	3.1630	2.0048	3.1565	933.89	-0.018541	3.3760e-05	0.10132	supercritical
343.69	633.00	265.70	0.0037637	592.47	830.71	3.1722	2.0070	3.1571	932.58	-0.018408	3.3671e-05	0.10119	supercritical
344.69	633.00	265.05	0.0037729	595.04	833.87	3.1814	2.0092	3.1578	931.28	-0.018276	3.3583e-05	0.10107	supercritical
345.69	633.00	264.40	0.0037822	597.62	837.03	3.1905	2.0114	3.1584	929.99	-0.018145	3.3496e-05	0.10095	supercritical
346.69	633.00	263.75	0.0037915	600.19	840.19	3.1996	2.0136	3.1590	928.71	-0.018015	3.3411e-05	0.10083	supercritical
347.69	633.00	263.10	0.0038008	602.76	843.35	3.2087	2.0158	3.1597	927.45	-0.017887	3.3326e-05	0.10071	supercritical
348.69	633.00	262.46	0.0038101	605.33	846.51	3.2178	2.0181	3.1604	926.21	-0.017760	3.3242e-05	0.10060	supercritical
349.69	633.00	261.82	0.0038194	607.90	849.67	3.2269	2.0204	3.1610	924.98	-0.017634	3.3159e-05	0.10049	supercritical
350.69	633.00	261.18	0.0038288	610.47	852.83	3.2359	2.0227	3.1617	923.76	-0.017510	3.3077e-05	0.10038	supercritical
351.69	633.00	260.54	0.0038381	613.04	855.99	3.2449	2.0250	3.1624	922.55	-0.017387	3.2996e-05	0.10027	supercritical
352.69	633.00	259.91	0.0038475	615.61	859.16	3.2539	2.0273	3.1631	921.36	-0.017266	3.2916e-05	0.10017	supercritical
353.69	633.00	259.28	0.0038568	618.18	862.32	3.2628	2.0296	3.1638	920.18	-0.017145	3.2836e-05	0.10007	supercritical
354.69	633.00	258.65	0.0038662	620.75	865.48	3.2718	2.0320	3.1645	919.01	-0.017027	3.2758e-05	0.099969	supercritical
355.69	633.00	258.02	0.0038756	623.32	868.65	3.2807	2.0344	3.1652	917.86	-0.016909	3.2680e-05	0.099872	supercritical
356.69	633.00	257.40	0.0038850	625.89	871.81	3.2896	2.0367	3.1660	916.72	-0.016793	3.2604e-05	0.099777	supercritical
357.69	633.00	256.78	0.0038944	628.46	874.98	3.2984	2.0391	3.1667	915.59	-0.016678	3.2528e-05	0.099685	supercritical
358.69	633.00	256.16	0.0039038	631.03	878.15	3.3073	2.0416	3.1675	914.48	-0.016564	3.2453e-05	0.099595	supercritical
359.69	633.00	255.54	0.0039132	633.61	881.31	3.3161	2.0440	3.1682	913.38	-0.016452	3.2379e-05	0.099508	supercritical
360.69	633.00	254.93	0.0039227	636.18	884.48	3.3249	2.0464	3.1690	912.29	-0.016341	3.2306e-05	0.099422	supercritical
361.69	633.00	254.32	0.0039321	638.75	887.65	3.3337	2.0489	3.1698	911.21	-0.016232	3.2233e-05	0.099339	supercritical
362.69	633.00	253.71	0.0039416	641.32	890.82	3.3424	2.0513	3.1706	910.14	-0.016123	3.2162e-05	0.099258	supercritical
363.69	633.00	253.10	0.0039510	643.89	893.99	3.3511	2.0538	3.1714	909.09	-0.016016	3.2091e-05	0.099179	supercritical
364.69	633.00	252.49	0.0039605	646.47	897.17	3.3599	2.0563	3.1722	908.05	-0.015911	3.2021e-05	0.099102	supercritical
365.69	633.00	251.89	0.0039700	649.04	900.34	3.3685	2.0588	3.1730	907.02	-0.015807	3.1952e-05	0.099027	supercritical
366.69	633.00	251.29	0.0039795	651.61	903.51	3.3772	2.0614	3.1739	906.01	-0.015704	3.1884e-05	0.098954	supercritical
367.69	633.00	250.69	0.0039890	654.18	906.69	3.3858	2.0639	3.1747	905.00	-0.015602	3.1816e-05	0.098884	supercritical
368.69	633.00	250.09	0.0039985	656.76	909.86	3.3945	2.0665	3.1755	904.01	-0.015502	3.1749e-05	0.098815	supercritical
369.69	633.00	249.50	0.0040080	659.33	913.04	3.4031	2.0690	3.1764	903.03	-0.015403	3.1683e-05	0.098749	supercritical
370.69	633.00	248.91	0.0040175	661.90	916.21	3.4117	2.0716	3.1773	902.06	-0.015305	3.1618e-05	0.098684	supercritical
371.69	633.00	248.32	0.0040271	664.48	919.39	3.4202	2.0742	3.1782	901.10	-0.015209	3.1553e-05	0.098622	supercritical
372.69	633.00	247.73	0.0040366	667.05	922.57	3.4288	2.0768	3.1791	900.15	-0.015114	3.1490e-05	0.098561	supercritical
373.69	633.00	247.15	0.0040461	669.63	925.75	3.4373	2.0794	3.1800	899.21	-0.015020	3.1426e-05	0.098503	supercritical
374.69	633.00	246.57	0.0040557	672.21	928.93	3.4458	2.0820	3.1809	898.29	-0.014928	3.1364e-05	0.098447	supercritical
375.69	633.00	245.99	0.0040652	674.78	932.11	3.4543	2.0847	3.1818	897.37	-0.014836	3.1302e-05	0.098392	supercritical
376.69	633.00	245.41	0.0040748	677.36	935.29	3.4627	2.0873	3.1827	896.47	-0.014747	3.1242e-05	0.098339	supercritical
377.69	633.00	244.83	0.0040844	679.93	938.48	3.4712	2.0900	3.1837	895.58	-0.014658	3.1181e-05	0.098289	supercritical
378.69	633.00	244.26	0.0040940	682.51	941.66	3.4796	2.0926	3.1846	894.70	-0.014571	3.1122e-05	0.098240	supercritical
379.69	633.00	243.69	0.0041036	685.09	944.85	3.4880	2.0953	3.1856	893.83	-0.014485	3.1063e-05	0.098193	supercritical
380.69	633.00	243.12	0.0041132	687.67	948.03	3.4964	2.0980	3.1866	892.97	-0.014400	3.1005e-05	0.098148	supercritical
381.69	633.00	242.56	0.0041228	690.25	951.22	3.5047	2.1007	3.1875	892.12	-0.014317	3.0947e-05	0.098105	supercritical
382.69	633.00	241.99	0.0041324	692.83	954.41	3.5131	2.1035	3.1885	891.28	-0.014234	3.0891e-05	0.098063	supercritical
383.69	633.00	241.43	0.0041420	695.41	957.60	3.5214	2.1062	3.1895	890.45	-0.014153	3.0834e-05	0.098024	supercritical
384.69	633.00	240.87	0.0041516	697.99	960.79	3.5297	2.1089	3.1906	889.63	-0.014074	3.0779e-05	0.097986	supercritical
385.69	633.00	240.31	0.0041612	700.57	963.98	3.5380	2.1117	3.1916	888.82	-0.013995	3.0724e-05	0.097950	supercritical
386.69	633.00	239.76	0.0041709	703.15	967.17	3.5462	2.1145	3.1926	888.02	-0.013918	3.0670e-05	0.097916	supercritical
387.69	633.00	239.21	0.0041805	705.74	970.36	3.5545	2.1172	3.1937	887.24	-0.013842	3.0616e-05	0.097883	supercritical
388.69	633.00	238.65	0.0041902	708.32	973.56	3.5627	2.1200	3.1947	886.46	-0.013767	3.0563e-05	0.097853	supercritical
389.69	633.00	238.11	0.0041998	710.90	976.75	3.5709	2.1228	3.1958	885.69	-0.013694	3.0511e-05	0.097824	supercritical
390.69	633.00	237.56	0.0042095	713.49	979.95	3.5791	2.1256	3.1969	884.93	-0.013622	3.0459e-05	0.097796	supercritical
391.69	633.00	237.02	0.0042191	716.08	983.15	3.5873	2.1284	3.1980	884.18	-0.013550	3.0408e-05	0.097771	supercritical
392.69	633.00	236.47	0.0042288	718.66	986.34	3.5954	2.1313	3.1991	883.44	-0.013481	3.0358e-05	0.097747	supercritical
393.69	633.00	235.93	0.0042385	721.25	989.54	3.6036	2.1341	3.2002	882.71	-0.013412	3.0308e-05	0.097725	supercritical
394.69	633.00	235.40	0.0042481	723.84	992.74	3.6117	2.1370	3.2013	881.99	-0.013344	3.0258e-05	0.097704	supercritical
395.69	633.00	234.86	0.0042578	726.43	995.95	3.6198	2.1398	3.2024	881.28	-0.013278	3.0210e-05	0.097685	supercritical
396.69	633.00	234.33	0.0042675	729.02	999.15	3.6279	2.1427	3.2036	880.58	-0.013213	3.0162e-05	0.097668	supercritical
397.69	633.00	233.80	0.0042772	731.61	1002.4	3.6359	2.1456	3.2047	879.88	-0.013149	3.0114e-05	0.097652	supercritical
398.69	633.00	233.27	0.0042869	734.20	1005.6	3.6440	2.1484	3.2059	879.20	-0.013086	3.0067e-05	0.097638	supercritical
399.69	633.00	232.74	0.0042966	736.79	1008.8	3.6520	2.1513	3.2071	878.52	-0.013024	3.0021e-05	0.097626	supercritical
400.69	633.00	232.22	0.0043063	739.38	1012.0	3.6600	2.1542	3.2082	877.86	-0.012964	2.9975e-05	0.097615	supercritical
401.69	633.00	231.69	0.0043160	741.98	1015.2	3.6680	2.1572	3.2094	877.20	-0.012904	2.9929e-05	0.097605	supercritical
402.69	633.00	231.17	0.0043257	744.57	1018.4	3.6760	2.1601	3.2106	876.55	-0.012846	2.9885e-05	0.097598	supercritical
403.69	633.00	230.66	0.0043355	747.17	1021.6	3.6840	2.1630	3.2119	875.91	-0.012789	2.9840e-05	0.097591	supercritical
404.69	633.00	230.14	0.0043452	749.77	1024.8	3.6919	2.1660	3.2131	875.28	-0.012733	2.9797e-05	0.097586	supercritical
405.69	633.00	229.63	0.0043549	752.36	1028.0	3.6999	2.1689	3.2143	874.66	-0.012678	2.9753e-05	0.097583	supercritical
406.69	633.00	229.11	0.0043646	754.96	1031.2	3.7078	2.1719	3.2156	874.04	-0.012624	2.9711e-05	0.097581	supercritical
407.69	633.00	228.60	0.0043744	757.56	1034.5	3.7157	2.1748	3.2168	873.44	-0.012571	2.9669e-05	0.097581	supercritical
408.69	633.00	228.10	0.0043841	760.16	1037.7	3.7236	2.1778	3.2181	872.84	-0.012520	2.9627e-05	0.097582	supercritical
409.69	633.00	227.59	0.0043939	762.77	1040.9	3.7314	2.1808	3.2194	872.25	-0.012469	2.9586e-05	0.097585	supercritical
410.69	633.00	227.09	0.0044036	765.37	1044.1	3.7393	2.1838	3.2207	871.67	-0.012420	2.9545e-05	0.097589	supercritical
411.69	633.00	226.58	0.0044134	767.97	1047.3	3.7471	2.1868	3.2220	871.09	-0.012371	2.9505e-05	0.097595	supercritical
412.69	633.00	226.09	0.0044231	770.58	1050.6	3.7549	2.1898	3.2233	870.53	-0.012324	2.9465e-05	0.097601	supercritical
413.69	633.00	225.59	0.0044329	773.18	1053.8	3.7627	2.1928	3.2246	869.97	-0.012277	2.9426e-05	0.097610	supercritical
414.69	633.00	225.09	0.0044426	775.79	1057.0	3.7705	2.1958	3.2259	869.42	-0.012232	2.9388e-05	0.097620	supercritical
415.69	633.00	224.60	0.0044524	778.40	1060.2	3.7783	2.1989	3.2273	868.88	-0.012188	2.9349e-05	0.097631	supercritical
416.69	633.00	224.11	0.0044622	781.01	1063.5	3.7860	2.2019	3.2286	868.34	-0.012144	2.9312e-05	0.097643	supercritical
417.69	633.00	223.62	0.0044719	783.62	1066.7	3.7938	2.2050	3.2300	867.82	-0.012102	2.9274e-05	0.097657	supercritical
418.69	633.00	223.13	0.0044817	786.23	1069.9	3.8015	2.2080	3.2314	867.30	-0.012061	2.9238e-05	0.097672	supercritical
419.69	633.00	222.64	0.0044915	788.85	1073.2	3.8092	2.2111	3.2328	866.79	-0.012020	2.9201e-05	0.097689	supercritical
420.69	633.00	222.16	0.0045013	791.46	1076.4	3.8169	2.2141	3.2342	866.28	-0.011981	2.9165e-05	0.097707	supercritical
421.69	633.00	221.68	0.0045110	794.08	1079.6	3.8246	2.2172	3.2356	865.79	-0.011943	2.9130e-05	0.097726	supercritical
422.69	633.00	221.20	0.0045208	796.69	1082.9	3.8323	2.2203	3.2370	865.30	-0.011905	2.9095e-05	0.097747	supercritical
423.69	633.00	220.72	0.0045306	799.31	1086.1	3.8399	2.2234	3.2384	864.81	-0.011869	2.9060e-05	0.097768	supercritical
424.69	633.00	220.25	0.0045404	801.93	1089.3	3.8476	2.2265	3.2398	864.34	-0.011833	2.9026e-05	0.097791	supercritical
425.69	633.00	219.77	0.0045502	804.55	1092.6	3.8552	2.2296	3.2413	863.87	-0.011799	2.8993e-05	0.097816	supercritical
426.69	633.00	219.30	0.0045600	807.17	1095.8	3.8628	2.2327	3.2427	863.41	-0.011765	2.8959e-05	0.097842	supercritical
427.69	633.00	218.83	0.0045698	809.80	1099.1	3.8704	2.2358	3.2442	862.95	-0.011732	2.8927e-05	0.097869	supercritical
428.69	633.00	218.36	0.0045796	812.42	1102.3	3.8780	2.2389	3.2457	862.51	-0.011700	2.8894e-05	0.097897	supercritical
429.69	633.00	217.90	0.0045894	815.05	1105.6	3.8855	2.2421	3.2472	862.07	-0.011669	2.8862e-05	0.097926	supercritical
430.69	633.00	217.43	0.0045992	817.68	1108.8	3.8931	2.2452	3.2487	861.63	-0.011639	2.8831e-05	0.097957	supercritical
431.69	633.00	216.97	0.0046090	820.31	1112.1	3.9006	2.2484	3.2502	861.21	-0.011610	2.8800e-05	0.097989	supercritical
432.69	633.00	216.51	0.0046188	822.94	1115.3	3.9081	2.2515	3.2517	860.79	-0.011582	2.8769e-05	0.098022	supercritical
433.69	633.00	216.05	0.0046286	825.57	1118.6	3.9156	2.2547	3.2532	860.37	-0.011554	2.8739e-05	0.098056	supercritical
434.69	633.00	215.59	0.0046384	828.20	1121.8	3.9231	2.2578	3.2548	859.96	-0.011528	2.8709e-05	0.098091	supercritical
435.69	633.00	215.14	0.0046482	830.84	1125.1	3.9306	2.2610	3.2563	859.56	-0.011502	2.8679e-05	0.098128	supercritical
436.69	633.00	214.69	0.0046580	833.47	1128.3	3.9381	2.2642	3.2579	859.17	-0.011477	2.8650e-05	0.098166	supercritical
437.69	633.00	214.23	0.0046678	836.11	1131.6	3.9455	2.2673	3.2595	858.78	-0.011453	2.8621e-05	0.098205	supercritical
438.69	633.00	213.78	0.0046776	838.75	1134.8	3.9530	2.2705	3.2610	858.40	-0.011430	2.8593e-05	0.098245	supercritical
439.69	633.00	213.34	0.0046874	841.39	1138.1	3.9604	2.2737	3.2626	858.02	-0.011408	2.8565e-05	0.098286	supercritical
440.69	633.00	212.89	0.0046972	844.03	1141.4	3.9678	2.2769	3.2642	857.65	-0.011386	2.8537e-05	0.098329	supercritical
441.69	633.00	212.45	0.0047071	846.68	1144.6	3.9752	2.2801	3.2658	857.29	-0.011365	2.8510e-05	0.098372	supercritical
442.69	633.00	212.00	0.0047169	849.32	1147.9	3.9826	2.2833	3.2674	856.93	-0.011345	2.8483e-05	0.098417	supercritical
443.69	633.00	211.56	0.0047267	851.97	1151.2	3.9900	2.2865	3.2691	856.58	-0.011326	2.8456e-05	0.098463	supercritical
444.69	633.00	211.13	0.0047365	854.62	1154.4	3.9973	2.2897	3.2707	856.24	-0.011308	2.8430e-05	0.098510	supercritical
445.69	633.00	210.69	0.0047463	857.27	1157.7	4.0047	2.2930	3.2724	855.90	-0.011290	2.8404e-05	0.098558	supercritical
446.69	633.00	210.25	0.0047561	859.92	1161.0	4.0120	2.2962	3.2740	855.56	-0.011273	2.8379e-05	0.098607	supercritical
447.69	633.00	209.82	0.0047660	862.57	1164.3	4.0193	2.2994	3.2757	855.23	-0.011257	2.8354e-05	0.098657	supercritical
448.69	633.00	209.39	0.0047758	865.23	1167.5	4.0266	2.3027	3.2774	854.91	-0.011241	2.8329e-05	0.098708	supercritical
449.69	633.00	208.96	0.0047856	867.88	1170.8	4.0339	2.3059	3.2790	854.59	-0.011227	2.8304e-05	0.098760	supercritical
450.69	633.00	208.53	0.0047954	870.54	1174.1	4.0412	2.3092	3.2807	854.28	-0.011213	2.8280e-05	0.098814	supercritical
451.69	633.00	208.11	0.0048053	873.20	1177.4	4.0485	2.3124	3.2824	853.98	-0.011199	2.8256e-05	0.098868	supercritical
452.69	633.00	207.68	0.0048151	875.86	1180.7	4.0558	2.3157	3.2842	853.68	-0.011187	2.8233e-05	0.098923	supercritical
453.69	633.00	207.26	0.0048249	878.52	1183.9	4.0630	2.3189	3.2859	853.38	-0.011175	2.8210e-05	0.098980	supercritical
454.69	633.00	206.84	0.0048347	881.19	1187.2	4.0703	2.3222	3.2876	853.09	-0.011164	2.8187e-05	0.099037	supercritical
455.69	633.00	206.42	0.0048446	883.86	1190.5	4.0775	2.3255	3.2894	852.81	-0.011153	2.8165e-05	0.099096	supercritical
456.69	633.00	206.00	0.0048544	886.52	1193.8	4.0847	2.3287	3.2911	852.53	-0.011143	2.8143e-05	0.099155	supercritical
457.69	633.00	205.58	0.0048642	889.19	1197.1	4.0919	2.3320	3.2929	852.26	-0.011134	2.8121e-05	0.099215	supercritical
458.69	633.00	205.17	0.0048740	891.87	1200.4	4.0991	2.3353	3.2946	851.99	-0.011126	2.8099e-05	0.099277	supercritical
459.69	633.00	204.76	0.0048839	894.54	1203.7	4.1063	2.3386	3.2964	851.73	-0.011118	2.8078e-05	0.099339	supercritical
460.69	633.00	204.34	0.0048937	897.21	1207.0	4.1134	2.3419	3.2982	851.47	-0.011110	2.8057e-05	0.099403	supercritical
461.69	633.00	203.93	0.0049035	899.89	1210.3	4.1206	2.3452	3.3000	851.22	-0.011104	2.8037e-05	0.099467	supercritical
462.69	633.00	203.53	0.0049134	902.57	1213.6	4.1277	2.3485	3.3018	850.97	-0.011098	2.8016e-05	0.099532	supercritical
463.69	633.00	203.12	0.0049232	905.25	1216.9	4.1348	2.3518	3.3036	850.72	-0.011092	2.7996e-05	0.099599	supercritical
464.69	633.00	202.72	0.0049330	907.93	1220.2	4.1420	2.3551	3.3054	850.49	-0.011088	2.7977e-05	0.099666	supercritical
465.69	633.00	202.31	0.0049428	910.62	1223.5	4.1491	2.3584	3.3073	850.25	-0.011083	2.7957e-05	0.099734	supercritical
466.69	633.00	201.91	0.0049527	913.30	1226.8	4.1562	2.3617	3.3091	850.02	-0.011080	2.7938e-05	0.099803	supercritical
467.69	633.00	201.51	0.0049625	915.99	1230.1	4.1633	2.3650	3.3110	849.80	-0.011077	2.7919e-05	0.099873	supercritical
468.69	633.00	201.11	0.0049723	918.68	1233.4	4.1703	2.3684	3.3128	849.58	-0.011075	2.7901e-05	0.099944	supercritical
469.69	633.00	200.72	0.0049821	921.37	1236.7	4.1774	2.3717	3.3147	849.37	-0.011073	2.7883e-05	0.10002	supercritical
470.69	633.00	200.32	0.0049920	924.07	1240.1	4.1844	2.3750	3.3166	849.16	-0.011071	2.7865e-05	0.10009	supercritical
471.69	633.00	199.93	0.0050018	926.76	1243.4	4.1915	2.3783	3.3185	848.95	-0.011071	2.7847e-05	0.10016	supercritical
472.69	633.00	199.54	0.0050116	929.46	1246.7	4.1985	2.3817	3.3204	848.75	-0.011071	2.7829e-05	0.10024	supercritical
473.69	633.00	199.15	0.0050214	932.16	1250.0	4.2055	2.3850	3.3223	848.56	-0.011071	2.7812e-05	0.10031	supercritical
474.69	633.00	198.76	0.0050313	934.86	1253.3	4.2125	2.3884	3.3242	848.36	-0.011072	2.7795e-05	0.10039	supercritical
475.69	633.00	198.37	0.0050411	937.56	1256.7	4.2195	2.3917	3.3261	848.18	-0.011073	2.7779e-05	0.10047	supercritical
476.69	633.00	197.98	0.0050509	940.27	1260.0	4.2265	2.3951	3.3280	847.99	-0.011075	2.7763e-05	0.10054	supercritical
477.69	633.00	197.60	0.0050607	942.98	1263.3	4.2335	2.3984	3.3299	847.81	-0.011078	2.7746e-05	0.10062	supercritical
478.69	633.00	197.22	0.0050706	945.69	1266.7	4.2405	2.4018	3.3319	847.64	-0.011081	2.7731e-05	0.10070	supercritical
479.69	633.00	196.84	0.0050804	948.40	1270.0	4.2474	2.4051	3.3338	847.47	-0.011084	2.7715e-05	0.10078	supercritical
480.69	633.00	196.46	0.0050902	951.11	1273.3	4.2544	2.4085	3.3358	847.30	-0.011088	2.7700e-05	0.10086	supercritical
481.69	633.00	196.08	0.0051000	953.83	1276.7	4.2613	2.4118	3.3378	847.14	-0.011093	2.7685e-05	0.10095	supercritical
482.69	633.00	195.70	0.0051098	956.54	1280.0	4.2682	2.4152	3.3397	846.98	-0.011097	2.7670e-05	0.10103	supercritical
483.69	633.00	195.33	0.0051196	959.26	1283.3	4.2751	2.4186	3.3417	846.83	-0.011103	2.7655e-05	0.10111	supercritical
484.69	633.00	194.95	0.0051295	961.98	1286.7	4.2820	2.4220	3.3437	846.68	-0.011109	2.7641e-05	0.10120	supercritical
485.69	633.00	194.58	0.0051393	964.71	1290.0	4.2889	2.4253	3.3457	846.54	-0.011115	2.7627e-05	0.10128	supercritical
486.69	633.00	194.21	0.0051491	967.43	1293.4	4.2958	2.4287	3.3477	846.39	-0.011122	2.7613e-05	0.10137	supercritical
487.69	633.00	193.84	0.0051589	970.16	1296.7	4.3027	2.4321	3.3497	846.26	-0.011129	2.7600e-05	0.10146	supercritical
488.69	633.00	193.47	0.0051687	972.89	1300.1	4.3096	2.4355	3.3518	846.12	-0.011137	2.7586e-05	0.10155	supercritical
489.69	633.00	193.10	0.0051785	975.62	1303.4	4.3164	2.4388	3.3538	845.99	-0.011145	2.7573e-05	0.10163	supercritical
490.69	633.00	192.74	0.0051883	978.35	1306.8	4.3233	2.4422	3.3558	845.87	-0.011153	2.7560e-05	0.10172	supercritical
491.69	633.00	192.38	0.0051982	981.09	1310.1	4.3301	2.4456	3.3579	845.74	-0.011162	2.7548e-05	0.10181	supercritical
492.69	633.00	192.01	0.0052080	983.83	1313.5	4.3369	2.4490	3.3599	845.63	-0.011172	2.7535e-05	0.10191	supercritical
493.69	633.00	191.65	0.0052178	986.57	1316.9	4.3437	2.4524	3.3620	845.51	-0.011181	2.7523e-05	0.10200	supercritical
494.69	633.00	191.29	0.0052276	989.31	1320.2	4.3505	2.4558	3.3640	845.40	-0.011191	2.7511e-05	0.10209	supercritical
495.69	633.00	190.93	0.0052374	992.05	1323.6	4.3573	2.4592	3.3661	845.29	-0.011202	2.7499e-05	0.10218	supercritical
496.69	633.00	190.58	0.0052472	994.80	1326.9	4.3641	2.4626	3.3682	845.19	-0.011213	2.7488e-05	0.10228	supercritical
497.69	633.00	190.22	0.0052570	997.55	1330.3	4.3709	2.4660	3.3703	845.09	-0.011224	2.7477e-05	0.10237	supercritical
498.69	633.00	189.87	0.0052668	1000.3	1333.7	4.3777	2.4694	3.3724	844.99	-0.011236	2.7465e-05	0.10247	supercritical
499.69	633.00	189.52	0.0052766	1003.1	1337.1	4.3844	2.4728	3.3745	844.90	-0.011248	2.7455e-05	0.10257	supercritical
500.69	633.00	189.16	0.0052864	1005.8	1340.4	4.3912	2.4762	3.3766	844.81	-0.011260	2.7444e-05	0.10266	supercritical
501.69	633.00	188.81	0.0052962	1008.6	1343.8	4.3979	2.4796	3.3787	844.72	-0.011273	2.7433e-05	0.10276	supercritical
502.69	633.00	188.47	0.0053060	1011.3	1347.2	4.4046	2.4831	3.3808	844.64	-0.011286	2.7423e-05	0.10286	supercritical
503.69	633.00	188.12	0.0053158	1014.1	1350.6	4.4113	2.4865	3.3830	844.56	-0.011300	2.7413e-05	0.10296	supercritical
504.69	633.00	187.77	0.0053256	1016.9	1354.0	4.4181	2.4899	3.3851	844.48	-0.011314	2.7403e-05	0.10306	supercritical
505.69	633.00	187.43	0.0053354	1019.6	1357.3	4.4248	2.4933	3.3873	844.41	-0.011328	2.7394e-05	0.10316	supercritical
506.69	633.00	187.08	0.0053452	1022.4	1360.7	4.4315	2.4967	3.3894	844.34	-0.011343	2.7384e-05	0.10326	supercritical
507.69	633.00	186.74	0.0053550	1025.2	1364.1	4.4381	2.5001	3.3916	844.27	-0.011357	2.7375e-05	0.10336	supercritical
508.69	633.00	186.40	0.0053647	1027.9	1367.5	4.4448	2.5036	3.3937	844.21	-0.011373	2.7366e-05	0.10347	supercritical
509.69	633.00	186.06	0.0053745	1030.7	1370.9	4.4515	2.5070	3.3959	844.15	-0.011388	2.7357e-05	0.10357	supercritical
510.69	633.00	185.72	0.0053843	1033.5	1374.3	4.4581	2.5104	3.3981	844.09	-0.011404	2.7348e-05	0.10367	supercritical
511.69	633.00	185.39	0.0053941	1036.3	1377.7	4.4648	2.5138	3.4003	844.04	-0.011420	2.7340e-05	0.10378	supercritical
512.69	633.00	185.05	0.0054039	1039.0	1381.1	4.4714	2.5173	3.4025	843.99	-0.011436	2.7332e-05	0.10388	supercritical
513.69	633.00	184.72	0.0054137	1041.8	1384.5	4.4781	2.5207	3.4047	843.94	-0.011453	2.7324e-05	0.10399	supercritical
514.69	633.00	184.38	0.0054234	1044.6	1387.9	4.4847	2.5241	3.4069	843.90	-0.011470	2.7316e-05	0.10410	supercritical
515.69	633.00	184.05	0.0054332	1047.4	1391.3	4.4913	2.5276	3.4091	843.85	-0.011487	2.7308e-05	0.10420	supercritical
516.69	633.00	183.72	0.0054430	1050.2	1394.7	4.4979	2.5310	3.4113	843.82	-0.011505	2.7301e-05	0.10431	supercritical
517.69	633.00	183.39	0.0054528	1053.0	1398.2	4.5045	2.5344	3.4135	843.78	-0.011523	2.7293e-05	0.10442	supercritical
518.69	633.00	183.07	0.0054625	1055.8	1401.6	4.5111	2.5379	3.4158	843.75	-0.011541	2.7286e-05	0.10453	supercritical
519.69	633.00	182.74	0.0054723	1058.6	1405.0	4.5177	2.5413	3.4180	843.72	-0.011559	2.7279e-05	0.10464	supercritical
520.69	633.00	182.41	0.0054821	1061.4	1408.4	4.5243	2.5447	3.4202	843.69	-0.011578	2.7272e-05	0.10475	supercritical
521.69	633.00	182.09	0.0054918	1064.2	1411.8	4.5308	2.5482	3.4225	843.67	-0.011597	2.7266e-05	0.10486	supercritical
522.69	633.00	181.76	0.0055016	1067.0	1415.2	4.5374	2.5516	3.4247	843.64	-0.011616	2.7259e-05	0.10498	supercritical
523.69	633.00	181.44	0.0055114	1069.8	1418.7	4.5439	2.5551	3.4270	843.63	-0.011635	2.7253e-05	0.10509	supercritical
524.69	633.00	181.12	0.0055211	1072.6	1422.1	4.5505	2.5585	3.4293	843.61	-0.011655	2.7247e-05	0.10520	supercritical
525.69	633.00	180.80	0.0055309	1075.4	1425.5	4.5570	2.5620	3.4315	843.60	-0.011675	2.7241e-05	0.10532	supercritical
526.69	633.00	180.48	0.0055407	1078.2	1429.0	4.5635	2.5654	3.4338	843.59	-0.011695	2.7235e-05	0.10543	supercritical
527.69	633.00	180.17	0.0055504	1081.1	1432.4	4.5700	2.5688	3.4361	843.58	-0.011715	2.7229e-05	0.10555	supercritical
528.69	633.00	179.85	0.0055602	1083.9	1435.8	4.5765	2.5723	3.4384	843.57	-0.011736	2.7224e-05	0.10566	supercritical
529.69	633.00	179.54	0.0055699	1086.7	1439.3	4.5830	2.5757	3.4407	843.57	-0.011757	2.7219e-05	0.10578	supercritical
530.69	633.00	179.22	0.0055797	1089.5	1442.7	4.5895	2.5792	3.4430	843.57	-0.011778	2.7214e-05	0.10589	supercritical
531.69	633.00	178.91	0.0055894	1092.4	1446.2	4.5960	2.5826	3.4453	843.57	-0.011799	2.7209e-05	0.10601	supercritical
532.69	633.00	178.60	0.0055992	1095.2	1449.6	4.6025	2.5861	3.4476	843.58	-0.011820	2.7204e-05	0.10613	supercritical
533.69	633.00	178.29	0.0056089	1098.0	1453.1	4.6090	2.5895	3.4499	843.59	-0.011842	2.7199e-05	0.10625	supercritical
534.69	633.00	177.98	0.0056187	1100.8	1456.5	4.6154	2.5930	3.4522	843.60	-0.011864	2.7195e-05	0.10637	supercritical
535.69	633.00	177.67	0.0056284	1103.7	1460.0	4.6219	2.5964	3.4546	843.61	-0.011886	2.7190e-05	0.10649	supercritical
536.69	633.00	177.36	0.0056381	1106.5	1463.4	4.6283	2.5999	3.4569	843.63	-0.011908	2.7186e-05	0.10661	supercritical
537.69	633.00	177.06	0.0056479	1109.4	1466.9	4.6348	2.6033	3.4592	843.64	-0.011931	2.7182e-05	0.10673	supercritical
538.69	633.00	176.75	0.0056576	1112.2	1470.3	4.6412	2.6068	3.4616	843.66	-0.011953	2.7178e-05	0.10685	supercritical
539.69	633.00	176.45	0.0056673	1115.1	1473.8	4.6476	2.6102	3.4639	843.69	-0.011976	2.7174e-05	0.10697	supercritical
540.69	633.00	176.15	0.0056771	1117.9	1477.3	4.6540	2.6137	3.4663	843.71	-0.011999	2.7171e-05	0.10710	supercritical
541.69	633.00	175.85	0.0056868	1120.8	1480.7	4.6604	2.6172	3.4686	843.74	-0.012022	2.7167e-05	0.10722	supercritical
542.69	633.00	175.55	0.0056965	1123.6	1484.2	4.6668	2.6206	3.4710	843.77	-0.012046	2.7164e-05	0.10734	supercritical
543.69	633.00	175.25	0.0057063	1126.5	1487.7	4.6732	2.6241	3.4734	843.80	-0.012069	2.7161e-05	0.10747	supercritical
544.69	633.00	174.95	0.0057160	1129.3	1491.1	4.6796	2.6275	3.4758	843.83	-0.012093	2.7158e-05	0.10759	supercritical
545.69	633.00	174.65	0.0057257	1132.2	1494.6	4.6860	2.6310	3.4781	843.87	-0.012117	2.7155e-05	0.10772	supercritical
546.69	633.00	174.36	0.0057354	1135.1	1498.1	4.6924	2.6344	3.4805	843.91	-0.012141	2.7152e-05	0.10785	supercritical
547.69	633.00	174.06	0.0057451	1137.9	1501.6	4.6987	2.6379	3.4829	843.95	-0.012165	2.7150e-05	0.10797	supercritical
548.69	633.00	173.77	0.0057548	1140.8	1505.1	4.7051	2.6413	3.4853	843.99	-0.012189	2.7147e-05	0.10810	supercritical
549.69	633.00	173.47	0.0057646	1143.7	1508.6	4.7114	2.6448	3.4877	844.04	-0.012214	2.7145e-05	0.10823	supercritical
550.69	633.00	173.18	0.0057743	1146.5	1512.0	4.7178	2.6483	3.4901	844.09	-0.012238	2.7143e-05	0.10836	supercritical
551.69	633.00	172.89	0.0057840	1149.4	1515.5	4.7241	2.6517	3.4925	844.14	-0.012263	2.7141e-05	0.10848	supercritical
552.69	633.00	172.60	0.0057937	1152.3	1519.0	4.7304	2.6552	3.4949	844.19	-0.012288	2.7139e-05	0.10861	supercritical
553.69	633.00	172.31	0.0058034	1155.2	1522.5	4.7367	2.6586	3.4973	844.24	-0.012313	2.7137e-05	0.10874	supercritical
554.69	633.00	172.03	0.0058131	1158.1	1526.0	4.7431	2.6621	3.4998	844.30	-0.012338	2.7136e-05	0.10887	supercritical
555.69	633.00	171.74	0.0058228	1160.9	1529.5	4.7494	2.6655	3.5022	844.36	-0.012363	2.7134e-05	0.10900	supercritical
556.69	633.00	171.45	0.0058325	1163.8	1533.0	4.7557	2.6690	3.5046	844.42	-0.012389	2.7133e-05	0.10914	supercritical
557.69	633.00	171.17	0.0058422	1166.7	1536.5	4.7619	2.6725	3.5071	844.48	-0.012414	2.7131e-05	0.10927	supercritical
558.69	633.00	170.89	0.0058519	1169.6	1540.0	4.7682	2.6759	3.5095	844.54	-0.012440	2.7130e-05	0.10940	supercritical
559.69	633.00	170.60	0.0058616	1172.5	1543.6	4.7745	2.6794	3.5119	844.61	-0.012466	2.7129e-05	0.10953	supercritical
560.69	633.00	170.32	0.0058713	1175.4	1547.1	4.7808	2.6828	3.5144	844.68	-0.012492	2.7128e-05	0.10967	supercritical
561.69	633.00	170.04	0.0058810	1178.3	1550.6	4.7870	2.6863	3.5168	844.75	-0.012518	2.7128e-05	0.10980	supercritical
562.69	633.00	169.76	0.0058906	1181.2	1554.1	4.7933	2.6897	3.5193	844.82	-0.012544	2.7127e-05	0.10994	supercritical
563.69	633.00	169.48	0.0059003	1184.1	1557.6	4.7996	2.6932	3.5218	844.89	-0.012570	2.7126e-05	0.11007	supercritical
564.69	633.00	169.20	0.0059100	1187.0	1561.1	4.8058	2.6967	3.5242	844.97	-0.012596	2.7126e-05	0.11021	supercritical
565.69	633.00	168.93	0.0059197	1190.0	1564.7	4.8120	2.7001	3.5267	845.04	-0.012623	2.7126e-05	0.11034	supercritical
566.69	633.00	168.65	0.0059294	1192.9	1568.2	4.8183	2.7036	3.5292	845.12	-0.012649	2.7126e-05	0.11048	supercritical
567.69	633.00	168.38	0.0059390	1195.8	1571.7	4.8245	2.7070	3.5316	845.20	-0.012676	2.7126e-05	0.11061	supercritical
568.69	633.00	168.10	0.0059487	1198.7	1575.3	4.8307	2.7105	3.5341	845.29	-0.012702	2.7126e-05	0.11075	supercritical
569.69	633.00	167.83	0.0059584	1201.6	1578.8	4.8369	2.7139	3.5366	845.37	-0.012729	2.7126e-05	0.11089	supercritical
570.69	633.00	167.56	0.0059680	1204.6	1582.3	4.8431	2.7174	3.5391	845.46	-0.012756	2.7126e-05	0.11103	supercritical
571.69	633.00	167.29	0.0059777	1207.5	1585.9	4.8493	2.7208	3.5416	845.55	-0.012783	2.7127e-05	0.11117	supercritical
572.69	633.00	167.02	0.0059874	1210.4	1589.4	4.8555	2.7243	3.5441	845.64	-0.012810	2.7127e-05	0.11131	supercritical
573.69	633.00	166.75	0.0059970	1213.4	1593.0	4.8617	2.7278	3.5466	845.73	-0.012837	2.7128e-05	0.11145	supercritical
574.69	633.00	166.48	0.0060067	1216.3	1596.5	4.8679	2.7312	3.5491	845.82	-0.012865	2.7129e-05	0.11159	supercritical
575.69	633.00	166.21	0.0060163	1219.2	1600.1	4.8741	2.7347	3.5516	845.92	-0.012892	2.7129e-05	0.11173	supercritical
576.69	633.00	165.95	0.0060260	1222.2	1603.6	4.8802	2.7381	3.5541	846.02	-0.012919	2.7130e-05	0.11187	supercritical
577.69	633.00	165.68	0.0060356	1225.1	1607.2	4.8864	2.7416	3.5566	846.12	-0.012947	2.7131e-05	0.11201	supercritical
578.69	633.00	165.42	0.0060453	1228.1	1610.7	4.8925	2.7450	3.5592	846.22	-0.012974	2.7133e-05	0.11215	supercritical
579.69	633.00	165.15	0.0060549	1231.0	1614.3	4.8987	2.7485	3.5617	846.32	-0.013002	2.7134e-05	0.11229	supercritical
580.69	633.00	164.89	0.0060646	1234.0	1617.9	4.9048	2.7519	3.5642	846.42	-0.013029	2.7135e-05	0.11244	supercritical
581.69	633.00	164.63	0.0060742	1236.9	1621.4	4.9110	2.7554	3.5667	846.53	-0.013057	2.7137e-05	0.11258	supercritical
582.69	633.00	164.37	0.0060839	1239.9	1625.0	4.9171	2.7588	3.5693	846.63	-0.013085	2.7138e-05	0.11272	supercritical
583.69	633.00	164.11	0.0060935	1242.8	1628.6	4.9232	2.7623	3.5718	846.74	-0.013113	2.7140e-05	0.11287	supercritical
584.69	633.00	163.85	0.0061031	1245.8	1632.1	4.9293	2.7657	3.5743	846.85	-0.013141	2.7142e-05	0.11301	supercritical
585.69	633.00	163.59	0.0061128	1248.8	1635.7	4.9354	2.7692	3.5769	846.96	-0.013169	2.7144e-05	0.11316	supercritical
586.69	633.00	163.33	0.0061224	1251.7	1639.3	4.9415	2.7726	3.5794	847.08	-0.013197	2.7146e-05	0.11330	supercritical
587.69	633.00	163.08	0.0061320	1254.7	1642.9	4.9476	2.7761	3.5820	847.19	-0.013225	2.7148e-05	0.11345	supercritical
588.69	633.00	162.82	0.0061417	1257.7	1646.4	4.9537	2.7795	3.5845	847.31	-0.013253	2.7150e-05	0.11359	supercritical
589.69	633.00	162.57	0.0061513	1260.7	1650.0	4.9598	2.7830	3.5871	847.43	-0.013281	2.7152e-05	0.11374	supercritical
590.69	633.00	162.31	0.0061609	1263.6	1653.6	4.9659	2.7864	3.5896	847.55	-0.013309	2.7155e-05	0.11389	supercritical
591.69	633.00	162.06	0.0061705	1266.6	1657.2	4.9720	2.7898	3.5922	847.67	-0.013337	2.7157e-05	0.11404	supercritical
592.69	633.00	161.81	0.0061802	1269.6	1660.8	4.9780	2.7933	3.5948	847.79	-0.013365	2.7160e-05	0.11418	supercritical
593.69	633.00	161.56	0.0061898	1272.6	1664.4	4.9841	2.7967	3.5973	847.91	-0.013394	2.7163e-05	0.11433	supercritical
594.69	633.00	161.31	0.0061994	1275.6	1668.0	4.9902	2.8002	3.5999	848.04	-0.013422	2.7165e-05	0.11448	supercritical
595.69	633.00	161.06	0.0062090	1278.6	1671.6	4.9962	2.8036	3.6025	848.16	-0.013451	2.7168e-05	0.11463	supercritical
596.69	633.00	160.81	0.0062186	1281.6	1675.2	5.0022	2.8071	3.6051	848.29	-0.013479	2.7171e-05	0.11478	supercritical
597.69	633.00	160.56	0.0062282	1284.6	1678.8	5.0083	2.8105	3.6076	848.42	-0.013507	2.7174e-05	0.11493	supercritical
598.69	633.00	160.31	0.0062378	1287.6	1682.4	5.0143	2.8139	3.6102	848.55	-0.013536	2.7177e-05	0.11508	supercritical
599.69	633.00	160.07	0.0062474	1290.6	1686.0	5.0203	2.8174	3.6128	848.68	-0.013564	2.7181e-05	0.11523	supercritical
600.69	633.00	159.82	0.0062570	1293.6	1689.6	5.0264	2.8208	3.6154	848.82	-0.013593	2.7184e-05	0.11538	supercritical
601.69	633.00	159.58	0.0062666	1296.6	1693.3	5.0324	2.8242	3.6180	848.95	-0.013621	2.7187e-05	0.11553	supercritical
602.69	633.00	159.33	0.0062762	1299.6	1696.9	5.0384	2.8277	3.6206	849.09	-0.013650	2.7191e-05	0.11569	supercritical
603.69	633.00	159.09	0.0062858	1302.6	1700.5	5.0444	2.8311	3.6232	849.23	-0.013679	2.7195e-05	0.11584	supercritical
604.69	633.00	158.85	0.0062954	1305.6	1704.1	5.0504	2.8346	3.6258	849.37	-0.013707	2.7198e-05	0.11599	supercritical
605.69	633.00	158.60	0.0063050	1308.6	1707.8	5.0564	2.8380	3.6284	849.51	-0.013736	2.7202e-05	0.11614	supercritical
606.69	633.00	158.36	0.0063146	1311.7	1711.4	5.0624	2.8414	3.6310	849.65	-0.013765	2.7206e-05	0.11630	supercritical
607.69	633.00	158.12	0.0063241	1314.7	1715.0	5.0684	2.8448	3.6336	849.79	-0.013793	2.7210e-05	0.11645	supercritical
608.69	633.00	157.88	0.0063337	1317.7	1718.7	5.0743	2.8483	3.6362	849.93	-0.013822	2.7214e-05	0.11661	supercritical
609.69	633.00	157.65	0.0063433	1320.8	1722.3	5.0803	2.8517	3.6388	850.08	-0.013851	2.7218e-05	0.11676	supercritical
610.69	633.00	157.41	0.0063529	1323.8	1725.9	5.0863	2.8551	3.6414	850.23	-0.013879	2.7222e-05	0.11692	supercritical
611.69	633.00	157.17	0.0063625	1326.8	1729.6	5.0922	2.8586	3.6441	850.37	-0.013908	2.7226e-05	0.11707	supercritical
612.69	633.00	156.94	0.0063720	1329.9	1733.2	5.0982	2.8620	3.6467	850.52	-0.013937	2.7231e-05	0.11723	supercritical
613.69	633.00	156.70	0.0063816	1332.9	1736.9	5.1041	2.8654	3.6493	850.67	-0.013966	2.7235e-05	0.11738	supercritical
614.69	633.00	156.47	0.0063912	1336.0	1740.5	5.1101	2.8688	3.6519	850.82	-0.013994	2.7240e-05	0.11754	supercritical
615.69	633.00	156.23	0.0064007	1339.0	1744.2	5.1160	2.8723	3.6545	850.98	-0.014023	2.7244e-05	0.11770	supercritical
616.69	633.00	156.00	0.0064103	1342.1	1747.8	5.1220	2.8757	3.6572	851.13	-0.014052	2.7249e-05	0.11785	supercritical
617.69	633.00	155.77	0.0064199	1345.1	1751.5	5.1279	2.8791	3.6598	851.28	-0.014081	2.7253e-05	0.11801	supercritical
618.69	633.00	155.54	0.0064294	1348.2	1755.1	5.1338	2.8825	3.6624	851.44	-0.014110	2.7258e-05	0.11817	supercritical
619.69	633.00	155.30	0.0064390	1351.2	1758.8	5.1397	2.8859	3.6651	851.60	-0.014138	2.7263e-05	0.11833	supercritical
620.69	633.00	155.07	0.0064485	1354.3	1762.5	5.1456	2.8893	3.6677	851.76	-0.014167	2.7268e-05	0.11849	supercritical
621.69	633.00	154.85	0.0064581	1357.3	1766.1	5.1515	2.8928	3.6704	851.92	-0.014196	2.7273e-05	0.11864	supercritical
622.69	633.00	154.62	0.0064676	1360.4	1769.8	5.1574	2.8962	3.6730	852.08	-0.014225	2.7278e-05	0.11880	supercritical
623.69	633.00	154.39	0.0064772	1363.5	1773.5	5.1633	2.8996	3.6756	852.24	-0.014253	2.7283e-05	0.11896	supercritical
624.69	633.00	154.16	0.0064867	1366.6	1777.2	5.1692	2.9030	3.6783	852.40	-0.014282	2.7289e-05	0.11912	supercritical