Temperature (K)	Pressure (bar)	Density (kg/m3)	Volume (m3/kg)	Internal Energy (kJ/kg)	Enthalpy (kJ/kg)	Entropy (J/g*K)	Cv (J/g*K)	Cp (J/g*K)	Sound Spd. (m/s)	Joule-Thomson (K/bar)	Viscosity (Pa*s)	Therm. Cond. (W/m*K)	Phase
90.694	933.00	494.49	0.0020223	-104.07	84.611	-1.1511	2.3286	3.1911	1984.3	-0.052916	0.00054589	0.27877	liquid
112.69	933.00	475.20	0.0021044	-42.020	154.32	-0.46276	2.2334	3.1521	1877.8	-0.053172	0.00023678	0.26070	liquid
113.69	933.00	474.34	0.0021082	-39.223	157.47	-0.43492	2.2297	3.1507	1872.9	-0.053168	0.00023056	0.25976	liquid
114.69	933.00	473.48	0.0021120	-36.429	160.62	-0.40733	2.2260	3.1494	1868.0	-0.053163	0.00022466	0.25882	liquid
115.69	933.00	472.63	0.0021158	-33.637	163.77	-0.38000	2.2223	3.1481	1863.1	-0.053157	0.00021907	0.25787	liquid
116.69	933.00	471.78	0.0021197	-30.846	166.92	-0.35291	2.2186	3.1468	1858.3	-0.053151	0.00021376	0.25692	liquid
117.69	933.00	470.92	0.0021235	-28.058	170.06	-0.32606	2.2149	3.1455	1853.4	-0.053144	0.00020872	0.25596	liquid
118.69	933.00	470.07	0.0021273	-25.272	173.21	-0.29945	2.2112	3.1441	1848.5	-0.053137	0.00020393	0.25500	liquid
119.69	933.00	469.22	0.0021312	-22.488	176.35	-0.27308	2.2076	3.1428	1843.7	-0.053130	0.00019937	0.25403	liquid
120.69	933.00	468.38	0.0021350	-19.705	179.49	-0.24694	2.2040	3.1414	1838.9	-0.053121	0.00019503	0.25307	liquid
121.69	933.00	467.53	0.0021389	-16.926	182.63	-0.22102	2.2004	3.1401	1834.0	-0.053113	0.00019090	0.25209	liquid
122.69	933.00	466.68	0.0021428	-14.148	185.77	-0.19533	2.1968	3.1387	1829.2	-0.053104	0.00018695	0.25112	liquid
123.69	933.00	465.84	0.0021467	-11.372	188.91	-0.16986	2.1932	3.1373	1824.4	-0.053094	0.00018318	0.25015	liquid
124.69	933.00	465.00	0.0021506	-8.5986	192.05	-0.14460	2.1896	3.1360	1819.6	-0.053084	0.00017958	0.24917	liquid
125.69	933.00	464.15	0.0021545	-5.8272	195.18	-0.11956	2.1861	3.1346	1814.8	-0.053074	0.00017614	0.24819	liquid
126.69	933.00	463.31	0.0021584	-3.0581	198.32	-0.094727	2.1826	3.1332	1810.1	-0.053063	0.00017284	0.24722	liquid
127.69	933.00	462.47	0.0021623	-0.29111	201.45	-0.070099	2.1791	3.1318	1805.3	-0.053052	0.00016969	0.24624	liquid
128.69	933.00	461.63	0.0021662	2.4736	204.58	-0.045674	2.1756	3.1304	1800.6	-0.053040	0.00016666	0.24526	liquid
129.69	933.00	460.80	0.0021701	5.2362	207.71	-0.021450	2.1721	3.1290	1795.8	-0.053028	0.00016376	0.24427	liquid
130.69	933.00	459.96	0.0021741	7.9964	210.84	0.0025782	2.1687	3.1275	1791.1	-0.053015	0.00016097	0.24329	liquid
131.69	933.00	459.13	0.0021780	10.754	213.97	0.026412	2.1652	3.1261	1786.4	-0.053002	0.00015829	0.24231	liquid
132.69	933.00	458.29	0.0021820	13.510	217.09	0.050055	2.1618	3.1247	1781.7	-0.052988	0.00015571	0.24133	liquid
133.69	933.00	457.46	0.0021860	16.264	220.22	0.073509	2.1584	3.1233	1777.1	-0.052974	0.00015323	0.24035	liquid
134.69	933.00	456.63	0.0021900	19.015	223.34	0.096778	2.1550	3.1218	1772.4	-0.052960	0.00015084	0.23938	liquid
135.69	933.00	455.80	0.0021939	21.764	226.46	0.11986	2.1517	3.1204	1767.8	-0.052945	0.00014854	0.23840	liquid
136.69	933.00	454.97	0.0021979	24.511	229.58	0.14277	2.1483	3.1189	1763.1	-0.052929	0.00014632	0.23742	liquid
137.69	933.00	454.14	0.0022020	27.255	232.70	0.16550	2.1450	3.1175	1758.5	-0.052913	0.00014418	0.23645	liquid
138.69	933.00	453.32	0.0022060	29.997	235.81	0.18805	2.1417	3.1160	1753.9	-0.052897	0.00014211	0.23547	liquid
139.69	933.00	452.49	0.0022100	32.737	238.93	0.21043	2.1384	3.1146	1749.3	-0.052880	0.00014011	0.23450	liquid
140.69	933.00	451.67	0.0022140	35.474	242.04	0.23264	2.1351	3.1131	1744.8	-0.052862	0.00013818	0.23353	liquid
141.69	933.00	450.84	0.0022181	38.209	245.16	0.25469	2.1319	3.1117	1740.2	-0.052844	0.00013631	0.23256	liquid
142.69	933.00	450.02	0.0022221	40.942	248.27	0.27657	2.1287	3.1102	1735.7	-0.052826	0.00013450	0.23160	liquid
143.69	933.00	449.20	0.0022262	43.672	251.38	0.29828	2.1255	3.1087	1731.2	-0.052806	0.00013274	0.23063	liquid
144.69	933.00	448.38	0.0022303	46.400	254.48	0.31984	2.1223	3.1073	1726.7	-0.052787	0.00013104	0.22967	liquid
145.69	933.00	447.56	0.0022343	49.126	257.59	0.34123	2.1192	3.1058	1722.2	-0.052767	0.00012939	0.22871	liquid
146.69	933.00	446.74	0.0022384	51.849	260.70	0.36247	2.1160	3.1044	1717.7	-0.052746	0.00012779	0.22775	liquid
147.69	933.00	445.92	0.0022425	54.570	263.80	0.38356	2.1129	3.1029	1713.3	-0.052724	0.00012624	0.22680	liquid
148.69	933.00	445.11	0.0022467	57.289	266.90	0.40449	2.1099	3.1015	1708.8	-0.052703	0.00012473	0.22585	liquid
149.69	933.00	444.29	0.0022508	60.005	270.00	0.42527	2.1068	3.1000	1704.4	-0.052680	0.00012326	0.22490	liquid
150.69	933.00	443.48	0.0022549	62.719	273.10	0.44591	2.1038	3.0986	1700.0	-0.052657	0.00012184	0.22396	liquid
151.69	933.00	442.67	0.0022590	65.430	276.20	0.46640	2.1008	3.0971	1695.6	-0.052633	0.00012045	0.22302	liquid
152.69	933.00	441.85	0.0022632	68.139	279.30	0.48674	2.0978	3.0957	1691.2	-0.052609	0.00011910	0.22208	liquid
153.69	933.00	441.04	0.0022674	70.846	282.39	0.50695	2.0948	3.0943	1686.9	-0.052584	0.00011779	0.22114	liquid
154.69	933.00	440.23	0.0022715	73.551	285.48	0.52701	2.0919	3.0928	1682.5	-0.052559	0.00011650	0.22021	liquid
155.69	933.00	439.42	0.0022757	76.253	288.58	0.54693	2.0890	3.0914	1678.2	-0.052533	0.00011525	0.21928	liquid
156.69	933.00	438.62	0.0022799	78.952	291.67	0.56672	2.0861	3.0900	1673.9	-0.052506	0.00011404	0.21836	liquid
157.69	933.00	437.81	0.0022841	81.650	294.76	0.58637	2.0832	3.0886	1669.6	-0.052479	0.00011285	0.21744	liquid
158.69	933.00	437.00	0.0022883	84.345	297.84	0.60589	2.0804	3.0872	1665.3	-0.052451	0.00011169	0.21652	liquid
159.69	933.00	436.20	0.0022925	87.037	300.93	0.62528	2.0776	3.0858	1661.1	-0.052423	0.00011056	0.21561	liquid
160.69	933.00	435.40	0.0022968	89.728	304.02	0.64454	2.0748	3.0844	1656.8	-0.052393	0.00010945	0.21470	liquid
161.69	933.00	434.59	0.0023010	92.416	307.10	0.66367	2.0721	3.0830	1652.6	-0.052364	0.00010837	0.21380	liquid
162.69	933.00	433.79	0.0023053	95.101	310.18	0.68268	2.0694	3.0816	1648.4	-0.052333	0.00010731	0.21289	liquid
163.69	933.00	432.99	0.0023095	97.785	313.26	0.70155	2.0667	3.0802	1644.2	-0.052302	0.00010628	0.21200	liquid
164.69	933.00	432.19	0.0023138	100.47	316.34	0.72031	2.0640	3.0789	1640.1	-0.052271	0.00010527	0.21110	liquid
165.69	933.00	431.39	0.0023181	103.14	319.42	0.73894	2.0613	3.0775	1635.9	-0.052238	0.00010428	0.21022	liquid
166.69	933.00	430.60	0.0023224	105.82	322.50	0.75746	2.0587	3.0762	1631.8	-0.052205	0.00010332	0.20933	liquid
167.69	933.00	429.80	0.0023267	108.49	325.57	0.77585	2.0561	3.0748	1627.7	-0.052172	0.00010237	0.20845	liquid
168.69	933.00	429.00	0.0023310	111.17	328.65	0.79413	2.0536	3.0735	1623.6	-0.052137	0.00010144	0.20758	liquid
169.69	933.00	428.21	0.0023353	113.84	331.72	0.81229	2.0510	3.0722	1619.5	-0.052102	0.00010053	0.20670	liquid
170.69	933.00	427.42	0.0023396	116.50	334.79	0.83034	2.0485	3.0708	1615.4	-0.052067	9.9642e-05	0.20584	liquid
171.69	933.00	426.62	0.0023440	119.17	337.86	0.84827	2.0460	3.0695	1611.4	-0.052031	9.8769e-05	0.20497	liquid
172.69	933.00	425.83	0.0023483	121.83	340.93	0.86609	2.0436	3.0682	1607.3	-0.051994	9.7912e-05	0.20412	liquid
173.69	933.00	425.04	0.0023527	124.49	344.00	0.88381	2.0412	3.0669	1603.3	-0.051956	9.7073e-05	0.20326	liquid
174.69	933.00	424.25	0.0023571	127.15	347.06	0.90141	2.0388	3.0657	1599.3	-0.051918	9.6249e-05	0.20241	liquid
175.69	933.00	423.47	0.0023615	129.80	350.13	0.91890	2.0364	3.0644	1595.3	-0.051879	9.5441e-05	0.20157	liquid
176.69	933.00	422.68	0.0023659	132.46	353.19	0.93629	2.0341	3.0632	1591.4	-0.051839	9.4647e-05	0.20073	liquid
177.69	933.00	421.89	0.0023703	135.11	356.26	0.95358	2.0318	3.0619	1587.4	-0.051799	9.3868e-05	0.19989	liquid
178.69	933.00	421.11	0.0023747	137.76	359.32	0.97076	2.0295	3.0607	1583.5	-0.051758	9.3103e-05	0.19906	liquid
179.69	933.00	420.32	0.0023791	140.40	362.38	0.98783	2.0272	3.0595	1579.6	-0.051716	9.2351e-05	0.19824	liquid
180.69	933.00	419.54	0.0023836	143.05	365.44	1.0048	2.0250	3.0582	1575.7	-0.051674	9.1613e-05	0.19742	liquid
181.69	933.00	418.76	0.0023880	145.69	368.49	1.0217	2.0228	3.0570	1571.8	-0.051631	9.0888e-05	0.19660	liquid
182.69	933.00	417.98	0.0023925	148.33	371.55	1.0385	2.0206	3.0559	1568.0	-0.051587	9.0175e-05	0.19579	liquid
183.69	933.00	417.20	0.0023969	150.97	374.60	1.0551	2.0185	3.0547	1564.1	-0.051543	8.9474e-05	0.19498	liquid
184.69	933.00	416.42	0.0024014	153.61	377.66	1.0717	2.0164	3.0535	1560.3	-0.051498	8.8784e-05	0.19418	liquid
185.69	933.00	415.64	0.0024059	156.24	380.71	1.0882	2.0143	3.0524	1556.5	-0.051452	8.8107e-05	0.19338	liquid
186.69	933.00	414.86	0.0024104	158.87	383.76	1.1046	2.0123	3.0512	1552.7	-0.051406	8.7440e-05	0.19259	liquid
187.69	933.00	414.09	0.0024149	161.50	386.81	1.1209	2.0102	3.0501	1548.9	-0.051359	8.6784e-05	0.19180	liquid
188.69	933.00	413.31	0.0024195	164.13	389.86	1.1371	2.0083	3.0490	1545.2	-0.051311	8.6139e-05	0.19102	liquid
189.69	933.00	412.54	0.0024240	166.75	392.91	1.1532	2.0063	3.0479	1541.4	-0.051263	8.5503e-05	0.19024	liquid
190.69	933.00	411.77	0.0024286	169.38	395.96	1.1692	2.0044	3.0468	1537.7	-0.051214	8.4878e-05	0.18947	supercritical
191.69	933.00	411.00	0.0024331	172.00	399.01	1.1852	2.0025	3.0457	1534.0	-0.051164	8.4263e-05	0.18870	supercritical
192.69	933.00	410.23	0.0024377	174.62	402.05	1.2010	2.0006	3.0447	1530.3	-0.051114	8.3657e-05	0.18794	supercritical
193.69	933.00	409.46	0.0024423	177.23	405.10	1.2168	1.9988	3.0436	1526.6	-0.051063	8.3060e-05	0.18718	supercritical
194.69	933.00	408.69	0.0024468	179.85	408.14	1.2324	1.9969	3.0426	1523.0	-0.051011	8.2473e-05	0.18642	supercritical
195.69	933.00	407.92	0.0024515	182.46	411.18	1.2480	1.9952	3.0416	1519.3	-0.050959	8.1894e-05	0.18568	supercritical
196.69	933.00	407.16	0.0024561	185.07	414.22	1.2635	1.9934	3.0406	1515.7	-0.050906	8.1323e-05	0.18493	supercritical
197.69	933.00	406.39	0.0024607	187.68	417.26	1.2789	1.9917	3.0396	1512.1	-0.050852	8.0762e-05	0.18419	supercritical
198.69	933.00	405.63	0.0024653	190.29	420.30	1.2943	1.9900	3.0386	1508.5	-0.050797	8.0208e-05	0.18346	supercritical
199.69	933.00	404.86	0.0024700	192.89	423.34	1.3095	1.9883	3.0376	1505.0	-0.050742	7.9662e-05	0.18273	supercritical
200.69	933.00	404.10	0.0024746	195.49	426.38	1.3247	1.9867	3.0367	1501.4	-0.050687	7.9124e-05	0.18200	supercritical
201.69	933.00	403.34	0.0024793	198.09	429.41	1.3398	1.9851	3.0358	1497.9	-0.050630	7.8594e-05	0.18128	supercritical
202.69	933.00	402.58	0.0024840	200.69	432.45	1.3548	1.9835	3.0348	1494.3	-0.050573	7.8071e-05	0.18057	supercritical
203.69	933.00	401.82	0.0024887	203.29	435.48	1.3697	1.9820	3.0339	1490.8	-0.050516	7.7556e-05	0.17986	supercritical
204.69	933.00	401.07	0.0024933	205.89	438.52	1.3846	1.9805	3.0331	1487.3	-0.050457	7.7048e-05	0.17915	supercritical
205.69	933.00	400.31	0.0024981	208.48	441.55	1.3994	1.9790	3.0322	1483.9	-0.050398	7.6546e-05	0.17845	supercritical
206.69	933.00	399.56	0.0025028	211.07	444.58	1.4141	1.9776	3.0313	1480.4	-0.050339	7.6052e-05	0.17776	supercritical
207.69	933.00	398.80	0.0025075	213.66	447.61	1.4287	1.9762	3.0305	1477.0	-0.050279	7.5564e-05	0.17707	supercritical
208.69	933.00	398.05	0.0025123	216.25	450.64	1.4433	1.9748	3.0297	1473.6	-0.050218	7.5083e-05	0.17638	supercritical
209.69	933.00	397.30	0.0025170	218.83	453.67	1.4577	1.9734	3.0289	1470.1	-0.050156	7.4609e-05	0.17570	supercritical
210.69	933.00	396.55	0.0025218	221.42	456.70	1.4721	1.9721	3.0281	1466.8	-0.050094	7.4140e-05	0.17503	supercritical
211.69	933.00	395.80	0.0025265	224.00	459.73	1.4865	1.9708	3.0273	1463.4	-0.050032	7.3678e-05	0.17436	supercritical
212.69	933.00	395.05	0.0025313	226.58	462.75	1.5007	1.9695	3.0265	1460.0	-0.049968	7.3222e-05	0.17369	supercritical
213.69	933.00	394.30	0.0025361	229.16	465.78	1.5149	1.9683	3.0258	1456.7	-0.049904	7.2772e-05	0.17303	supercritical
214.69	933.00	393.56	0.0025409	231.74	468.80	1.5291	1.9671	3.0250	1453.4	-0.049840	7.2327e-05	0.17237	supercritical
215.69	933.00	392.81	0.0025458	234.31	471.83	1.5431	1.9659	3.0243	1450.0	-0.049775	7.1889e-05	0.17172	supercritical
216.69	933.00	392.07	0.0025506	236.88	474.85	1.5571	1.9648	3.0236	1446.8	-0.049709	7.1456e-05	0.17107	supercritical
217.69	933.00	391.32	0.0025554	239.46	477.88	1.5710	1.9637	3.0229	1443.5	-0.049642	7.1028e-05	0.17043	supercritical
218.69	933.00	390.58	0.0025603	242.03	480.90	1.5849	1.9626	3.0223	1440.2	-0.049575	7.0606e-05	0.16979	supercritical
219.69	933.00	389.84	0.0025651	244.59	483.92	1.5987	1.9616	3.0216	1437.0	-0.049508	7.0189e-05	0.16916	supercritical
220.69	933.00	389.10	0.0025700	247.16	486.94	1.6124	1.9606	3.0210	1433.7	-0.049440	6.9778e-05	0.16853	supercritical
221.69	933.00	388.37	0.0025749	249.73	489.96	1.6260	1.9596	3.0204	1430.5	-0.049371	6.9371e-05	0.16791	supercritical
222.69	933.00	387.63	0.0025798	252.29	492.98	1.6396	1.9586	3.0198	1427.3	-0.049302	6.8970e-05	0.16729	supercritical
223.69	933.00	386.89	0.0025847	254.85	496.00	1.6532	1.9577	3.0192	1424.1	-0.049232	6.8573e-05	0.16668	supercritical
224.69	933.00	386.16	0.0025896	257.41	499.02	1.6666	1.9568	3.0186	1421.0	-0.049162	6.8182e-05	0.16607	supercritical
225.69	933.00	385.43	0.0025945	259.97	502.04	1.6800	1.9560	3.0181	1417.8	-0.049091	6.7795e-05	0.16547	supercritical
226.69	933.00	384.69	0.0025995	262.53	505.06	1.6934	1.9551	3.0176	1414.7	-0.049019	6.7412e-05	0.16487	supercritical
227.69	933.00	383.96	0.0026044	265.08	508.08	1.7067	1.9543	3.0170	1411.6	-0.048947	6.7035e-05	0.16427	supercritical
228.69	933.00	383.23	0.0026094	267.64	511.09	1.7199	1.9536	3.0165	1408.5	-0.048875	6.6662e-05	0.16368	supercritical
229.69	933.00	382.51	0.0026143	270.19	514.11	1.7330	1.9528	3.0161	1405.4	-0.048802	6.6293e-05	0.16310	supercritical
230.69	933.00	381.78	0.0026193	272.74	517.12	1.7461	1.9521	3.0156	1402.3	-0.048728	6.5929e-05	0.16252	supercritical
231.69	933.00	381.05	0.0026243	275.29	520.14	1.7592	1.9515	3.0151	1399.3	-0.048654	6.5569e-05	0.16194	supercritical
232.69	933.00	380.33	0.0026293	277.84	523.15	1.7722	1.9508	3.0147	1396.2	-0.048579	6.5213e-05	0.16137	supercritical
233.69	933.00	379.60	0.0026343	280.39	526.17	1.7851	1.9502	3.0143	1393.2	-0.048504	6.4861e-05	0.16080	supercritical
234.69	933.00	378.88	0.0026393	282.93	529.18	1.7980	1.9496	3.0139	1390.2	-0.048429	6.4514e-05	0.16024	supercritical
235.69	933.00	378.16	0.0026444	285.48	532.20	1.8108	1.9491	3.0135	1387.2	-0.048353	6.4170e-05	0.15968	supercritical
236.69	933.00	377.44	0.0026494	288.02	535.21	1.8235	1.9485	3.0132	1384.2	-0.048276	6.3831e-05	0.15913	supercritical
237.69	933.00	376.72	0.0026545	290.56	538.22	1.8362	1.9481	3.0128	1381.3	-0.048199	6.3495e-05	0.15858	supercritical
238.69	933.00	376.01	0.0026595	293.10	541.24	1.8489	1.9476	3.0125	1378.3	-0.048121	6.3163e-05	0.15804	supercritical
239.69	933.00	375.29	0.0026646	295.64	544.25	1.8615	1.9472	3.0122	1375.4	-0.048043	6.2835e-05	0.15750	supercritical
240.69	933.00	374.58	0.0026697	298.18	547.26	1.8740	1.9468	3.0119	1372.5	-0.047965	6.2511e-05	0.15696	supercritical
241.69	933.00	373.86	0.0026748	300.71	550.27	1.8865	1.9464	3.0116	1369.6	-0.047886	6.2190e-05	0.15643	supercritical
242.69	933.00	373.15	0.0026799	303.25	553.28	1.8989	1.9461	3.0113	1366.7	-0.047807	6.1873e-05	0.15591	supercritical
243.69	933.00	372.44	0.0026850	305.78	556.29	1.9113	1.9458	3.0111	1363.8	-0.047727	6.1560e-05	0.15538	supercritical
244.69	933.00	371.73	0.0026901	308.32	559.31	1.9236	1.9455	3.0109	1360.9	-0.047647	6.1250e-05	0.15487	supercritical
245.69	933.00	371.02	0.0026953	310.85	562.32	1.9359	1.9452	3.0107	1358.1	-0.047566	6.0943e-05	0.15435	supercritical
246.69	933.00	370.31	0.0027004	313.38	565.33	1.9482	1.9450	3.0105	1355.3	-0.047485	6.0640e-05	0.15384	supercritical
247.69	933.00	369.61	0.0027056	315.91	568.34	1.9603	1.9448	3.0103	1352.5	-0.047404	6.0340e-05	0.15334	supercritical
248.69	933.00	368.90	0.0027107	318.44	571.35	1.9725	1.9447	3.0101	1349.7	-0.047322	6.0044e-05	0.15284	supercritical
249.69	933.00	368.20	0.0027159	320.96	574.36	1.9845	1.9445	3.0100	1346.9	-0.047240	5.9751e-05	0.15235	supercritical
250.69	933.00	367.50	0.0027211	323.49	577.37	1.9966	1.9444	3.0099	1344.1	-0.047157	5.9461e-05	0.15185	supercritical
251.69	933.00	366.80	0.0027263	326.01	580.38	2.0086	1.9444	3.0098	1341.4	-0.047074	5.9174e-05	0.15137	supercritical
252.69	933.00	366.10	0.0027315	328.54	583.39	2.0205	1.9443	3.0097	1338.6	-0.046991	5.8890e-05	0.15088	supercritical
253.69	933.00	365.40	0.0027367	331.06	586.40	2.0324	1.9443	3.0096	1335.9	-0.046907	5.8610e-05	0.15041	supercritical
254.69	933.00	364.70	0.0027420	333.58	589.41	2.0442	1.9443	3.0096	1333.2	-0.046823	5.8332e-05	0.14993	supercritical
255.69	933.00	364.01	0.0027472	336.10	592.42	2.0560	1.9444	3.0095	1330.5	-0.046739	5.8057e-05	0.14946	supercritical
256.69	933.00	363.31	0.0027524	338.62	595.43	2.0678	1.9445	3.0095	1327.9	-0.046654	5.7786e-05	0.14900	supercritical
257.69	933.00	362.62	0.0027577	341.14	598.43	2.0795	1.9446	3.0095	1325.2	-0.046569	5.7517e-05	0.14854	supercritical
258.69	933.00	361.93	0.0027630	343.66	601.44	2.0911	1.9447	3.0095	1322.5	-0.046484	5.7251e-05	0.14808	supercritical
259.69	933.00	361.24	0.0027682	346.18	604.45	2.1027	1.9449	3.0096	1319.9	-0.046398	5.6988e-05	0.14763	supercritical
260.69	933.00	360.55	0.0027735	348.69	607.46	2.1143	1.9451	3.0096	1317.3	-0.046312	5.6728e-05	0.14718	supercritical
261.69	933.00	359.86	0.0027788	351.21	610.47	2.1258	1.9453	3.0097	1314.7	-0.046226	5.6470e-05	0.14673	supercritical
262.69	933.00	359.18	0.0027841	353.72	613.48	2.1373	1.9456	3.0098	1312.1	-0.046139	5.6215e-05	0.14629	supercritical
263.69	933.00	358.49	0.0027895	356.24	616.49	2.1487	1.9458	3.0099	1309.5	-0.046053	5.5963e-05	0.14585	supercritical
264.69	933.00	357.81	0.0027948	358.75	619.50	2.1601	1.9461	3.0100	1307.0	-0.045966	5.5714e-05	0.14542	supercritical
265.69	933.00	357.13	0.0028001	361.26	622.51	2.1715	1.9465	3.0101	1304.4	-0.045878	5.5467e-05	0.14499	supercritical
266.69	933.00	356.45	0.0028055	363.77	625.52	2.1828	1.9468	3.0103	1301.9	-0.045791	5.5223e-05	0.14457	supercritical
267.69	933.00	355.77	0.0028108	366.28	628.53	2.1940	1.9472	3.0105	1299.4	-0.045703	5.4981e-05	0.14415	supercritical
268.69	933.00	355.09	0.0028162	368.79	631.54	2.2053	1.9477	3.0106	1296.9	-0.045615	5.4742e-05	0.14373	supercritical
269.69	933.00	354.41	0.0028216	371.30	634.55	2.2165	1.9481	3.0108	1294.4	-0.045527	5.4505e-05	0.14332	supercritical
270.69	933.00	353.74	0.0028269	373.81	637.57	2.2276	1.9486	3.0111	1291.9	-0.045438	5.4271e-05	0.14291	supercritical
271.69	933.00	353.07	0.0028323	376.32	640.58	2.2387	1.9491	3.0113	1289.4	-0.045350	5.4039e-05	0.14250	supercritical
272.69	933.00	352.39	0.0028377	378.83	643.59	2.2498	1.9496	3.0116	1287.0	-0.045261	5.3809e-05	0.14210	supercritical
273.69	933.00	351.72	0.0028431	381.33	646.60	2.2608	1.9502	3.0118	1284.6	-0.045172	5.3582e-05	0.14171	supercritical
274.69	933.00	351.05	0.0028486	383.84	649.61	2.2718	1.9508	3.0121	1282.2	-0.045083	5.3357e-05	0.14131	supercritical
275.69	933.00	350.39	0.0028540	386.35	652.62	2.2827	1.9514	3.0124	1279.7	-0.044993	5.3135e-05	0.14092	supercritical
276.69	933.00	349.72	0.0028594	388.85	655.64	2.2936	1.9520	3.0127	1277.4	-0.044904	5.2914e-05	0.14054	supercritical
277.69	933.00	349.05	0.0028649	391.36	658.65	2.3045	1.9527	3.0131	1275.0	-0.044814	5.2696e-05	0.14016	supercritical
278.69	933.00	348.39	0.0028704	393.86	661.66	2.3153	1.9534	3.0134	1272.6	-0.044724	5.2480e-05	0.13978	supercritical
279.69	933.00	347.73	0.0028758	396.36	664.68	2.3261	1.9541	3.0138	1270.3	-0.044634	5.2267e-05	0.13940	supercritical
280.69	933.00	347.07	0.0028813	398.87	667.69	2.3369	1.9549	3.0142	1267.9	-0.044544	5.2055e-05	0.13903	supercritical
281.69	933.00	346.41	0.0028868	401.37	670.70	2.3476	1.9556	3.0146	1265.6	-0.044454	5.1846e-05	0.13867	supercritical
282.69	933.00	345.75	0.0028923	403.87	673.72	2.3583	1.9564	3.0150	1263.3	-0.044363	5.1639e-05	0.13830	supercritical
283.69	933.00	345.09	0.0028978	406.37	676.73	2.3689	1.9573	3.0154	1261.0	-0.044273	5.1433e-05	0.13794	supercritical
284.69	933.00	344.44	0.0029033	408.87	679.75	2.3795	1.9581	3.0159	1258.7	-0.044182	5.1230e-05	0.13759	supercritical
285.69	933.00	343.78	0.0029088	411.37	682.77	2.3901	1.9590	3.0163	1256.5	-0.044092	5.1029e-05	0.13724	supercritical
286.69	933.00	343.13	0.0029143	413.87	685.78	2.4007	1.9599	3.0168	1254.2	-0.044001	5.0830e-05	0.13689	supercritical
287.69	933.00	342.48	0.0029199	416.37	688.80	2.4112	1.9608	3.0173	1252.0	-0.043910	5.0633e-05	0.13654	supercritical
288.69	933.00	341.83	0.0029254	418.87	691.82	2.4216	1.9618	3.0178	1249.8	-0.043819	5.0438e-05	0.13620	supercritical
289.69	933.00	341.18	0.0029310	421.37	694.84	2.4321	1.9628	3.0184	1247.6	-0.043728	5.0245e-05	0.13586	supercritical
290.69	933.00	340.53	0.0029366	423.87	697.85	2.4425	1.9638	3.0189	1245.4	-0.043637	5.0053e-05	0.13553	supercritical
291.69	933.00	339.89	0.0029421	426.37	700.87	2.4528	1.9648	3.0195	1243.2	-0.043546	4.9864e-05	0.13520	supercritical
292.69	933.00	339.25	0.0029477	428.87	703.89	2.4632	1.9659	3.0201	1241.0	-0.043455	4.9676e-05	0.13487	supercritical
293.69	933.00	338.60	0.0029533	431.37	706.91	2.4735	1.9670	3.0206	1238.8	-0.043364	4.9491e-05	0.13455	supercritical
294.69	933.00	337.96	0.0029589	433.87	709.93	2.4837	1.9681	3.0213	1236.7	-0.043273	4.9307e-05	0.13423	supercritical
295.69	933.00	337.32	0.0029645	436.37	712.96	2.4940	1.9692	3.0219	1234.6	-0.043182	4.9125e-05	0.13391	supercritical
296.69	933.00	336.69	0.0029701	438.87	715.98	2.5042	1.9703	3.0225	1232.4	-0.043091	4.8944e-05	0.13360	supercritical
297.69	933.00	336.05	0.0029758	441.36	719.00	2.5144	1.9715	3.0232	1230.3	-0.043000	4.8766e-05	0.13329	supercritical
298.69	933.00	335.41	0.0029814	443.86	722.03	2.5245	1.9727	3.0238	1228.3	-0.042909	4.8589e-05	0.13298	supercritical
299.69	933.00	334.78	0.0029870	446.36	725.05	2.5346	1.9739	3.0245	1226.2	-0.042818	4.8414e-05	0.13268	supercritical
300.69	933.00	334.15	0.0029927	448.86	728.07	2.5447	1.9752	3.0252	1224.1	-0.042727	4.8241e-05	0.13238	supercritical
301.69	933.00	333.52	0.0029983	451.35	731.10	2.5547	1.9765	3.0259	1222.1	-0.042636	4.8069e-05	0.13208	supercritical
302.69	933.00	332.89	0.0030040	453.85	734.13	2.5647	1.9778	3.0267	1220.0	-0.042545	4.7899e-05	0.13179	supercritical
303.69	933.00	332.26	0.0030097	456.35	737.15	2.5747	1.9791	3.0274	1218.0	-0.042454	4.7730e-05	0.13150	supercritical
304.69	933.00	331.64	0.0030154	458.85	740.18	2.5847	1.9804	3.0282	1216.0	-0.042363	4.7564e-05	0.13121	supercritical
305.69	933.00	331.01	0.0030211	461.35	743.21	2.5946	1.9818	3.0289	1214.0	-0.042272	4.7399e-05	0.13093	supercritical
306.69	933.00	330.39	0.0030267	463.84	746.24	2.6045	1.9832	3.0297	1212.0	-0.042182	4.7235e-05	0.13065	supercritical
307.69	933.00	329.77	0.0030325	466.34	749.27	2.6144	1.9846	3.0305	1210.0	-0.042091	4.7073e-05	0.13037	supercritical
308.69	933.00	329.15	0.0030382	468.84	752.30	2.6242	1.9860	3.0313	1208.0	-0.042001	4.6913e-05	0.13010	supercritical
309.69	933.00	328.53	0.0030439	471.34	755.33	2.6340	1.9875	3.0322	1206.1	-0.041910	4.6754e-05	0.12983	supercritical
310.69	933.00	327.91	0.0030496	473.83	758.36	2.6438	1.9890	3.0330	1204.2	-0.041820	4.6596e-05	0.12956	supercritical
311.69	933.00	327.29	0.0030554	476.33	761.40	2.6535	1.9905	3.0339	1202.2	-0.041730	4.6441e-05	0.12929	supercritical
312.69	933.00	326.68	0.0030611	478.83	764.43	2.6632	1.9920	3.0348	1200.3	-0.041639	4.6286e-05	0.12903	supercritical
313.69	933.00	326.07	0.0030669	481.33	767.47	2.6729	1.9935	3.0356	1198.4	-0.041549	4.6133e-05	0.12877	supercritical
314.69	933.00	325.46	0.0030726	483.83	770.50	2.6826	1.9951	3.0365	1196.5	-0.041460	4.5982e-05	0.12852	supercritical
315.69	933.00	324.85	0.0030784	486.33	773.54	2.6922	1.9967	3.0375	1194.7	-0.041370	4.5832e-05	0.12827	supercritical
316.69	933.00	324.24	0.0030842	488.83	776.58	2.7018	1.9983	3.0384	1192.8	-0.041280	4.5684e-05	0.12802	supercritical
317.69	933.00	323.63	0.0030899	491.33	779.62	2.7114	1.9999	3.0393	1191.0	-0.041191	4.5536e-05	0.12777	supercritical
318.69	933.00	323.03	0.0030957	493.83	782.66	2.7210	2.0015	3.0403	1189.1	-0.041101	4.5391e-05	0.12753	supercritical
319.69	933.00	322.42	0.0031015	496.33	785.70	2.7305	2.0032	3.0413	1187.3	-0.041012	4.5246e-05	0.12729	supercritical
320.69	933.00	321.82	0.0031073	498.83	788.74	2.7400	2.0049	3.0423	1185.5	-0.040923	4.5103e-05	0.12705	supercritical
321.69	933.00	321.22	0.0031131	501.33	791.78	2.7495	2.0066	3.0433	1183.7	-0.040834	4.4962e-05	0.12682	supercritical
322.69	933.00	320.62	0.0031190	503.83	794.83	2.7589	2.0083	3.0443	1181.9	-0.040746	4.4822e-05	0.12659	supercritical
323.69	933.00	320.02	0.0031248	506.33	797.87	2.7683	2.0101	3.0453	1180.1	-0.040657	4.4683e-05	0.12636	supercritical
324.69	933.00	319.43	0.0031306	508.83	800.92	2.7777	2.0118	3.0463	1178.3	-0.040569	4.4545e-05	0.12613	supercritical
325.69	933.00	318.83	0.0031364	511.33	803.96	2.7871	2.0136	3.0474	1176.6	-0.040481	4.4409e-05	0.12591	supercritical
326.69	933.00	318.24	0.0031423	513.83	807.01	2.7964	2.0154	3.0485	1174.8	-0.040393	4.4274e-05	0.12569	supercritical
327.69	933.00	317.65	0.0031481	516.34	810.06	2.8058	2.0173	3.0495	1173.1	-0.040306	4.4140e-05	0.12547	supercritical
328.69	933.00	317.06	0.0031540	518.84	813.11	2.8151	2.0191	3.0506	1171.4	-0.040218	4.4007e-05	0.12526	supercritical
329.69	933.00	316.47	0.0031599	521.35	816.16	2.8243	2.0210	3.0517	1169.7	-0.040131	4.3876e-05	0.12505	supercritical
330.69	933.00	315.88	0.0031657	523.85	819.21	2.8336	2.0229	3.0529	1168.0	-0.040044	4.3746e-05	0.12484	supercritical
331.69	933.00	315.30	0.0031716	526.35	822.27	2.8428	2.0248	3.0540	1166.3	-0.039957	4.3617e-05	0.12463	supercritical
332.69	933.00	314.71	0.0031775	528.86	825.32	2.8520	2.0267	3.0551	1164.6	-0.039870	4.3490e-05	0.12443	supercritical
333.69	933.00	314.13	0.0031834	531.37	828.38	2.8612	2.0286	3.0563	1163.0	-0.039784	4.3363e-05	0.12423	supercritical
334.69	933.00	313.55	0.0031893	533.87	831.43	2.8703	2.0306	3.0575	1161.3	-0.039698	4.3238e-05	0.12403	supercritical
335.69	933.00	312.97	0.0031952	536.38	834.49	2.8794	2.0326	3.0586	1159.7	-0.039612	4.3114e-05	0.12384	supercritical
336.69	933.00	312.39	0.0032011	538.89	837.55	2.8885	2.0346	3.0598	1158.1	-0.039527	4.2991e-05	0.12364	supercritical
337.69	933.00	311.81	0.0032070	541.40	840.61	2.8976	2.0366	3.0610	1156.5	-0.039441	4.2869e-05	0.12345	supercritical
338.69	933.00	311.24	0.0032130	543.90	843.67	2.9067	2.0386	3.0623	1154.9	-0.039356	4.2748e-05	0.12327	supercritical
339.69	933.00	310.67	0.0032189	546.41	846.74	2.9157	2.0406	3.0635	1153.3	-0.039271	4.2629e-05	0.12308	supercritical
340.69	933.00	310.09	0.0032248	548.92	849.80	2.9247	2.0427	3.0647	1151.7	-0.039187	4.2511e-05	0.12290	supercritical
341.69	933.00	309.52	0.0032308	551.43	852.87	2.9337	2.0448	3.0660	1150.1	-0.039103	4.2393e-05	0.12272	supercritical
342.69	933.00	308.95	0.0032367	553.95	855.93	2.9426	2.0469	3.0673	1148.6	-0.039019	4.2277e-05	0.12254	supercritical
343.69	933.00	308.39	0.0032427	556.46	859.00	2.9516	2.0490	3.0685	1147.0	-0.038935	4.2162e-05	0.12237	supercritical
344.69	933.00	307.82	0.0032486	558.97	862.07	2.9605	2.0511	3.0698	1145.5	-0.038851	4.2048e-05	0.12220	supercritical
345.69	933.00	307.26	0.0032546	561.48	865.14	2.9694	2.0533	3.0711	1144.0	-0.038768	4.1935e-05	0.12203	supercritical
346.69	933.00	306.69	0.0032606	564.00	868.21	2.9783	2.0554	3.0725	1142.4	-0.038685	4.1823e-05	0.12186	supercritical
347.69	933.00	306.13	0.0032666	566.51	871.29	2.9871	2.0576	3.0738	1140.9	-0.038603	4.1712e-05	0.12170	supercritical
348.69	933.00	305.57	0.0032726	569.03	874.36	2.9959	2.0598	3.0751	1139.5	-0.038521	4.1602e-05	0.12154	supercritical
349.69	933.00	305.01	0.0032785	571.55	877.44	3.0048	2.0620	3.0765	1138.0	-0.038439	4.1493e-05	0.12138	supercritical
350.69	933.00	304.46	0.0032845	574.07	880.51	3.0135	2.0643	3.0778	1136.5	-0.038357	4.1385e-05	0.12122	supercritical
351.69	933.00	303.90	0.0032905	576.58	883.59	3.0223	2.0665	3.0792	1135.0	-0.038276	4.1279e-05	0.12106	supercritical
352.69	933.00	303.35	0.0032965	579.10	886.67	3.0311	2.0688	3.0806	1133.6	-0.038195	4.1173e-05	0.12091	supercritical
353.69	933.00	302.80	0.0033026	581.62	889.75	3.0398	2.0710	3.0820	1132.2	-0.038114	4.1068e-05	0.12076	supercritical
354.69	933.00	302.24	0.0033086	584.14	892.83	3.0485	2.0733	3.0834	1130.7	-0.038034	4.0964e-05	0.12062	supercritical
355.69	933.00	301.70	0.0033146	586.67	895.92	3.0572	2.0756	3.0848	1129.3	-0.037954	4.0861e-05	0.12047	supercritical
356.69	933.00	301.15	0.0033206	589.19	899.00	3.0658	2.0780	3.0863	1127.9	-0.037874	4.0759e-05	0.12033	supercritical
357.69	933.00	300.60	0.0033267	591.71	902.09	3.0745	2.0803	3.0877	1126.5	-0.037794	4.0658e-05	0.12019	supercritical
358.69	933.00	300.06	0.0033327	594.24	905.18	3.0831	2.0826	3.0891	1125.1	-0.037715	4.0558e-05	0.12005	supercritical
359.69	933.00	299.51	0.0033388	596.76	908.27	3.0917	2.0850	3.0906	1123.7	-0.037637	4.0459e-05	0.11991	supercritical
360.69	933.00	298.97	0.0033448	599.29	911.36	3.1003	2.0874	3.0921	1122.4	-0.037558	4.0360e-05	0.11978	supercritical
361.69	933.00	298.43	0.0033509	601.82	914.45	3.1088	2.0898	3.0936	1121.0	-0.037480	4.0263e-05	0.11965	supercritical
362.69	933.00	297.89	0.0033569	604.35	917.55	3.1174	2.0922	3.0951	1119.7	-0.037402	4.0166e-05	0.11952	supercritical
363.69	933.00	297.35	0.0033630	606.88	920.64	3.1259	2.0946	3.0966	1118.3	-0.037325	4.0071e-05	0.11939	supercritical
364.69	933.00	296.82	0.0033691	609.41	923.74	3.1344	2.0970	3.0981	1117.0	-0.037248	3.9976e-05	0.11927	supercritical
365.69	933.00	296.28	0.0033751	611.94	926.84	3.1429	2.0995	3.0996	1115.7	-0.037171	3.9882e-05	0.11915	supercritical
366.69	933.00	295.75	0.0033812	614.47	929.94	3.1514	2.1019	3.1012	1114.4	-0.037095	3.9789e-05	0.11902	supercritical
367.69	933.00	295.22	0.0033873	617.01	933.04	3.1598	2.1044	3.1027	1113.1	-0.037019	3.9697e-05	0.11891	supercritical
368.69	933.00	294.69	0.0033934	619.54	936.15	3.1682	2.1069	3.1043	1111.8	-0.036944	3.9606e-05	0.11879	supercritical
369.69	933.00	294.16	0.0033995	622.08	939.25	3.1766	2.1094	3.1058	1110.5	-0.036868	3.9515e-05	0.11868	supercritical
370.69	933.00	293.63	0.0034056	624.62	942.36	3.1850	2.1119	3.1074	1109.3	-0.036793	3.9426e-05	0.11857	supercritical
371.69	933.00	293.11	0.0034117	627.15	945.47	3.1934	2.1144	3.1090	1108.0	-0.036719	3.9337e-05	0.11846	supercritical
372.69	933.00	292.59	0.0034178	629.69	948.58	3.2018	2.1170	3.1106	1106.8	-0.036645	3.9249e-05	0.11835	supercritical
373.69	933.00	292.06	0.0034239	632.24	951.69	3.2101	2.1195	3.1122	1105.5	-0.036571	3.9162e-05	0.11824	supercritical
374.69	933.00	291.54	0.0034300	634.78	954.80	3.2184	2.1221	3.1138	1104.3	-0.036498	3.9075e-05	0.11814	supercritical
375.69	933.00	291.02	0.0034362	637.32	957.91	3.2267	2.1247	3.1155	1103.1	-0.036425	3.8990e-05	0.11804	supercritical
376.69	933.00	290.50	0.0034423	639.87	961.03	3.2350	2.1273	3.1171	1101.9	-0.036352	3.8905e-05	0.11794	supercritical
377.69	933.00	289.99	0.0034484	642.41	964.15	3.2433	2.1299	3.1187	1100.7	-0.036280	3.8821e-05	0.11784	supercritical
378.69	933.00	289.47	0.0034546	644.96	967.27	3.2515	2.1325	3.1204	1099.5	-0.036208	3.8738e-05	0.11774	supercritical
379.69	933.00	288.96	0.0034607	647.51	970.39	3.2598	2.1351	3.1221	1098.3	-0.036136	3.8655e-05	0.11765	supercritical
380.69	933.00	288.45	0.0034668	650.06	973.51	3.2680	2.1377	3.1237	1097.1	-0.036065	3.8574e-05	0.11756	supercritical
381.69	933.00	287.94	0.0034730	652.61	976.64	3.2762	2.1404	3.1254	1096.0	-0.035994	3.8493e-05	0.11747	supercritical
382.69	933.00	287.43	0.0034792	655.16	979.76	3.2843	2.1430	3.1271	1094.8	-0.035924	3.8412e-05	0.11738	supercritical
383.69	933.00	286.92	0.0034853	657.71	982.89	3.2925	2.1457	3.1288	1093.7	-0.035854	3.8333e-05	0.11730	supercritical
384.69	933.00	286.41	0.0034915	660.27	986.02	3.3007	2.1484	3.1305	1092.5	-0.035784	3.8254e-05	0.11721	supercritical
385.69	933.00	285.91	0.0034976	662.82	989.15	3.3088	2.1511	3.1323	1091.4	-0.035715	3.8176e-05	0.11713	supercritical
386.69	933.00	285.40	0.0035038	665.38	992.29	3.3169	2.1538	3.1340	1090.3	-0.035646	3.8099e-05	0.11705	supercritical
387.69	933.00	284.90	0.0035100	667.94	995.42	3.3250	2.1565	3.1357	1089.2	-0.035577	3.8022e-05	0.11697	supercritical
388.69	933.00	284.40	0.0035162	670.50	998.56	3.3331	2.1592	3.1375	1088.1	-0.035509	3.7946e-05	0.11690	supercritical
389.69	933.00	283.90	0.0035223	673.06	1001.7	3.3411	2.1620	3.1393	1087.0	-0.035442	3.7871e-05	0.11682	supercritical
390.69	933.00	283.40	0.0035285	675.62	1004.8	3.3492	2.1647	3.1410	1085.9	-0.035374	3.7796e-05	0.11675	supercritical
391.69	933.00	282.91	0.0035347	678.19	1008.0	3.3572	2.1675	3.1428	1084.8	-0.035307	3.7723e-05	0.11668	supercritical
392.69	933.00	282.41	0.0035409	680.75	1011.1	3.3652	2.1702	3.1446	1083.8	-0.035241	3.7649e-05	0.11661	supercritical
393.69	933.00	281.92	0.0035471	683.32	1014.3	3.3732	2.1730	3.1464	1082.7	-0.035175	3.7577e-05	0.11654	supercritical
394.69	933.00	281.43	0.0035533	685.89	1017.4	3.3812	2.1758	3.1482	1081.7	-0.035109	3.7505e-05	0.11648	supercritical
395.69	933.00	280.94	0.0035595	688.46	1020.6	3.3892	2.1786	3.1500	1080.6	-0.035043	3.7434e-05	0.11641	supercritical
396.69	933.00	280.45	0.0035657	691.03	1023.7	3.3971	2.1814	3.1518	1079.6	-0.034978	3.7363e-05	0.11635	supercritical
397.69	933.00	279.96	0.0035719	693.61	1026.9	3.4051	2.1842	3.1537	1078.6	-0.034914	3.7294e-05	0.11629	supercritical
398.69	933.00	279.47	0.0035781	696.18	1030.0	3.4130	2.1870	3.1555	1077.6	-0.034850	3.7224e-05	0.11623	supercritical
399.69	933.00	278.99	0.0035844	698.76	1033.2	3.4209	2.1899	3.1573	1076.6	-0.034786	3.7156e-05	0.11618	supercritical
400.69	933.00	278.51	0.0035906	701.33	1036.3	3.4288	2.1927	3.1592	1075.6	-0.034722	3.7088e-05	0.11612	supercritical
401.69	933.00	278.02	0.0035968	703.91	1039.5	3.4367	2.1955	3.1611	1074.6	-0.034659	3.7020e-05	0.11607	supercritical
402.69	933.00	277.54	0.0036030	706.50	1042.7	3.4445	2.1984	3.1629	1073.6	-0.034597	3.6954e-05	0.11602	supercritical
403.69	933.00	277.06	0.0036093	709.08	1045.8	3.4524	2.2013	3.1648	1072.6	-0.034534	3.6888e-05	0.11597	supercritical
404.69	933.00	276.59	0.0036155	711.66	1049.0	3.4602	2.2042	3.1667	1071.7	-0.034472	3.6822e-05	0.11592	supercritical
405.69	933.00	276.11	0.0036217	714.25	1052.2	3.4680	2.2070	3.1686	1070.7	-0.034411	3.6757e-05	0.11587	supercritical
406.69	933.00	275.64	0.0036280	716.83	1055.3	3.4758	2.2099	3.1705	1069.7	-0.034350	3.6693e-05	0.11583	supercritical
407.69	933.00	275.16	0.0036342	719.42	1058.5	3.4836	2.2128	3.1724	1068.8	-0.034289	3.6629e-05	0.11579	supercritical
408.69	933.00	274.69	0.0036405	722.01	1061.7	3.4914	2.2158	3.1743	1067.9	-0.034229	3.6566e-05	0.11574	supercritical
409.69	933.00	274.22	0.0036467	724.61	1064.8	3.4992	2.2187	3.1762	1066.9	-0.034169	3.6504e-05	0.11570	supercritical
410.69	933.00	273.75	0.0036530	727.20	1068.0	3.5069	2.2216	3.1782	1066.0	-0.034109	3.6442e-05	0.11566	supercritical
411.69	933.00	273.28	0.0036592	729.80	1071.2	3.5146	2.2245	3.1801	1065.1	-0.034050	3.6380e-05	0.11563	supercritical
412.69	933.00	272.81	0.0036655	732.39	1074.4	3.5224	2.2275	3.1821	1064.2	-0.033991	3.6320e-05	0.11559	supercritical
413.69	933.00	272.35	0.0036718	734.99	1077.6	3.5301	2.2304	3.1840	1063.3	-0.033933	3.6259e-05	0.11556	supercritical
414.69	933.00	271.89	0.0036780	737.59	1080.8	3.5377	2.2334	3.1860	1062.4	-0.033875	3.6200e-05	0.11553	supercritical
415.69	933.00	271.42	0.0036843	740.19	1083.9	3.5454	2.2364	3.1880	1061.6	-0.033817	3.6141e-05	0.11550	supercritical
416.69	933.00	270.96	0.0036906	742.80	1087.1	3.5531	2.2394	3.1900	1060.7	-0.033760	3.6082e-05	0.11547	supercritical
417.69	933.00	270.50	0.0036968	745.40	1090.3	3.5607	2.2423	3.1919	1059.8	-0.033703	3.6024e-05	0.11544	supercritical
418.69	933.00	270.04	0.0037031	748.01	1093.5	3.5684	2.2453	3.1939	1059.0	-0.033647	3.5966e-05	0.11541	supercritical
419.69	933.00	269.59	0.0037094	750.62	1096.7	3.5760	2.2483	3.1959	1058.1	-0.033591	3.5910e-05	0.11539	supercritical
420.69	933.00	269.13	0.0037157	753.23	1099.9	3.5836	2.2513	3.1980	1057.3	-0.033535	3.5853e-05	0.11536	supercritical
421.69	933.00	268.68	0.0037220	755.84	1103.1	3.5912	2.2544	3.2000	1056.4	-0.033480	3.5797e-05	0.11534	supercritical
422.69	933.00	268.22	0.0037282	758.46	1106.3	3.5988	2.2574	3.2020	1055.6	-0.033425	3.5742e-05	0.11532	supercritical
423.69	933.00	267.77	0.0037345	761.07	1109.5	3.6063	2.2604	3.2040	1054.8	-0.033370	3.5687e-05	0.11530	supercritical
424.69	933.00	267.32	0.0037408	763.69	1112.7	3.6139	2.2634	3.2061	1054.0	-0.033316	3.5633e-05	0.11529	supercritical
425.69	933.00	266.87	0.0037471	766.31	1115.9	3.6214	2.2665	3.2081	1053.2	-0.033262	3.5579e-05	0.11527	supercritical
426.69	933.00	266.42	0.0037534	768.93	1119.1	3.6290	2.2695	3.2102	1052.4	-0.033209	3.5525e-05	0.11525	supercritical
427.69	933.00	265.98	0.0037597	771.56	1122.3	3.6365	2.2726	3.2122	1051.6	-0.033156	3.5472e-05	0.11524	supercritical
428.69	933.00	265.53	0.0037660	774.18	1125.6	3.6440	2.2756	3.2143	1050.8	-0.033103	3.5420e-05	0.11523	supercritical
429.69	933.00	265.09	0.0037723	776.81	1128.8	3.6515	2.2787	3.2164	1050.0	-0.033051	3.5368e-05	0.11522	supercritical
430.69	933.00	264.65	0.0037786	779.44	1132.0	3.6590	2.2818	3.2184	1049.2	-0.032999	3.5317e-05	0.11521	supercritical
431.69	933.00	264.21	0.0037849	782.07	1135.2	3.6664	2.2849	3.2205	1048.5	-0.032947	3.5266e-05	0.11520	supercritical
432.69	933.00	263.77	0.0037912	784.70	1138.4	3.6739	2.2879	3.2226	1047.7	-0.032896	3.5216e-05	0.11520	supercritical
433.69	933.00	263.33	0.0037976	787.34	1141.6	3.6813	2.2910	3.2247	1047.0	-0.032845	3.5166e-05	0.11519	supercritical
434.69	933.00	262.89	0.0038039	789.97	1144.9	3.6888	2.2941	3.2268	1046.2	-0.032795	3.5116e-05	0.11519	supercritical
435.69	933.00	262.45	0.0038102	792.61	1148.1	3.6962	2.2972	3.2289	1045.5	-0.032745	3.5067e-05	0.11519	supercritical
436.69	933.00	262.02	0.0038165	795.25	1151.3	3.7036	2.3003	3.2311	1044.7	-0.032695	3.5019e-05	0.11518	supercritical
437.69	933.00	261.59	0.0038228	797.89	1154.6	3.7110	2.3035	3.2332	1044.0	-0.032646	3.4970e-05	0.11518	supercritical
438.69	933.00	261.15	0.0038292	800.54	1157.8	3.7183	2.3066	3.2353	1043.3	-0.032597	3.4923e-05	0.11519	supercritical
439.69	933.00	260.72	0.0038355	803.18	1161.0	3.7257	2.3097	3.2375	1042.6	-0.032548	3.4876e-05	0.11519	supercritical
440.69	933.00	260.29	0.0038418	805.83	1164.3	3.7331	2.3128	3.2396	1041.9	-0.032500	3.4829e-05	0.11519	supercritical
441.69	933.00	259.87	0.0038481	808.48	1167.5	3.7404	2.3160	3.2418	1041.2	-0.032452	3.4783e-05	0.11520	supercritical
442.69	933.00	259.44	0.0038545	811.14	1170.8	3.7478	2.3191	3.2439	1040.5	-0.032404	3.4737e-05	0.11521	supercritical
443.69	933.00	259.01	0.0038608	813.79	1174.0	3.7551	2.3223	3.2461	1039.8	-0.032357	3.4691e-05	0.11521	supercritical
444.69	933.00	258.59	0.0038671	816.45	1177.2	3.7624	2.3254	3.2482	1039.1	-0.032310	3.4646e-05	0.11522	supercritical
445.69	933.00	258.17	0.0038735	819.10	1180.5	3.7697	2.3286	3.2504	1038.4	-0.032264	3.4602e-05	0.11523	supercritical
446.69	933.00	257.74	0.0038798	821.76	1183.8	3.7770	2.3318	3.2526	1037.8	-0.032218	3.4557e-05	0.11524	supercritical
447.69	933.00	257.32	0.0038862	824.43	1187.0	3.7842	2.3349	3.2548	1037.1	-0.032172	3.4514e-05	0.11526	supercritical
448.69	933.00	256.90	0.0038925	827.09	1190.3	3.7915	2.3381	3.2570	1036.5	-0.032126	3.4470e-05	0.11527	supercritical
449.69	933.00	256.49	0.0038988	829.76	1193.5	3.7988	2.3413	3.2592	1035.8	-0.032081	3.4427e-05	0.11529	supercritical
450.69	933.00	256.07	0.0039052	832.42	1196.8	3.8060	2.3445	3.2614	1035.2	-0.032037	3.4385e-05	0.11530	supercritical
451.69	933.00	255.65	0.0039115	835.09	1200.0	3.8132	2.3476	3.2636	1034.5	-0.031992	3.4343e-05	0.11532	supercritical
452.69	933.00	255.24	0.0039179	837.77	1203.3	3.8205	2.3508	3.2658	1033.9	-0.031948	3.4301e-05	0.11534	supercritical
453.69	933.00	254.83	0.0039242	840.44	1206.6	3.8277	2.3540	3.2680	1033.3	-0.031904	3.4260e-05	0.11536	supercritical
454.69	933.00	254.41	0.0039306	843.12	1209.8	3.8349	2.3572	3.2703	1032.7	-0.031861	3.4219e-05	0.11538	supercritical
455.69	933.00	254.00	0.0039369	845.80	1213.1	3.8421	2.3604	3.2725	1032.0	-0.031818	3.4179e-05	0.11540	supercritical
456.69	933.00	253.60	0.0039433	848.48	1216.4	3.8492	2.3637	3.2747	1031.4	-0.031775	3.4138e-05	0.11543	supercritical
457.69	933.00	253.19	0.0039497	851.16	1219.7	3.8564	2.3669	3.2770	1030.8	-0.031733	3.4099e-05	0.11545	supercritical
458.69	933.00	252.78	0.0039560	853.84	1222.9	3.8635	2.3701	3.2792	1030.2	-0.031691	3.4059e-05	0.11548	supercritical
459.69	933.00	252.37	0.0039624	856.53	1226.2	3.8707	2.3733	3.2815	1029.6	-0.031649	3.4020e-05	0.11550	supercritical
460.69	933.00	251.97	0.0039687	859.22	1229.5	3.8778	2.3765	3.2838	1029.1	-0.031608	3.3982e-05	0.11553	supercritical
461.69	933.00	251.57	0.0039751	861.91	1232.8	3.8849	2.3798	3.2860	1028.5	-0.031567	3.3944e-05	0.11556	supercritical
462.69	933.00	251.16	0.0039815	864.61	1236.1	3.8921	2.3830	3.2883	1027.9	-0.031526	3.3906e-05	0.11559	supercritical
463.69	933.00	250.76	0.0039878	867.30	1239.4	3.8992	2.3863	3.2906	1027.3	-0.031486	3.3868e-05	0.11562	supercritical
464.69	933.00	250.36	0.0039942	870.00	1242.7	3.9063	2.3895	3.2929	1026.8	-0.031446	3.3831e-05	0.11566	supercritical
465.69	933.00	249.97	0.0040006	872.70	1246.0	3.9133	2.3927	3.2951	1026.2	-0.031406	3.3795e-05	0.11569	supercritical
466.69	933.00	249.57	0.0040069	875.40	1249.2	3.9204	2.3960	3.2974	1025.7	-0.031367	3.3758e-05	0.11572	supercritical
467.69	933.00	249.17	0.0040133	878.10	1252.5	3.9275	2.3992	3.2997	1025.1	-0.031328	3.3722e-05	0.11576	supercritical
468.69	933.00	248.78	0.0040197	880.81	1255.8	3.9345	2.4025	3.3020	1024.6	-0.031289	3.3686e-05	0.11580	supercritical
469.69	933.00	248.38	0.0040260	883.52	1259.1	3.9416	2.4058	3.3044	1024.0	-0.031250	3.3651e-05	0.11583	supercritical
470.69	933.00	247.99	0.0040324	886.23	1262.5	3.9486	2.4090	3.3067	1023.5	-0.031212	3.3616e-05	0.11587	supercritical
471.69	933.00	247.60	0.0040388	888.94	1265.8	3.9556	2.4123	3.3090	1023.0	-0.031174	3.3582e-05	0.11591	supercritical
472.69	933.00	247.21	0.0040452	891.66	1269.1	3.9626	2.4156	3.3113	1022.5	-0.031137	3.3547e-05	0.11595	supercritical
473.69	933.00	246.82	0.0040515	894.38	1272.4	3.9696	2.4189	3.3136	1021.9	-0.031100	3.3513e-05	0.11599	supercritical
474.69	933.00	246.43	0.0040579	897.10	1275.7	3.9766	2.4221	3.3160	1021.4	-0.031063	3.3480e-05	0.11604	supercritical
475.69	933.00	246.04	0.0040643	899.82	1279.0	3.9836	2.4254	3.3183	1020.9	-0.031026	3.3446e-05	0.11608	supercritical
476.69	933.00	245.66	0.0040707	902.54	1282.3	3.9906	2.4287	3.3207	1020.4	-0.030990	3.3414e-05	0.11613	supercritical
477.69	933.00	245.27	0.0040771	905.27	1285.7	3.9975	2.4320	3.3230	1019.9	-0.030954	3.3381e-05	0.11617	supercritical
478.69	933.00	244.89	0.0040834	908.00	1289.0	4.0045	2.4353	3.3254	1019.4	-0.030918	3.3349e-05	0.11622	supercritical
479.69	933.00	244.51	0.0040898	910.73	1292.3	4.0114	2.4386	3.3277	1018.9	-0.030883	3.3317e-05	0.11627	supercritical
480.69	933.00	244.13	0.0040962	913.46	1295.6	4.0183	2.4419	3.3301	1018.5	-0.030847	3.3285e-05	0.11632	supercritical
481.69	933.00	243.75	0.0041026	916.20	1299.0	4.0253	2.4452	3.3324	1018.0	-0.030813	3.3254e-05	0.11636	supercritical
482.69	933.00	243.37	0.0041090	918.94	1302.3	4.0322	2.4485	3.3348	1017.5	-0.030778	3.3223e-05	0.11642	supercritical
483.69	933.00	242.99	0.0041154	921.68	1305.6	4.0391	2.4518	3.3372	1017.1	-0.030744	3.3192e-05	0.11647	supercritical
484.69	933.00	242.62	0.0041218	924.42	1309.0	4.0460	2.4551	3.3396	1016.6	-0.030710	3.3162e-05	0.11652	supercritical
485.69	933.00	242.24	0.0041281	927.16	1312.3	4.0529	2.4584	3.3420	1016.1	-0.030676	3.3132e-05	0.11657	supercritical
486.69	933.00	241.87	0.0041345	929.91	1315.7	4.0597	2.4617	3.3443	1015.7	-0.030643	3.3102e-05	0.11663	supercritical
487.69	933.00	241.49	0.0041409	932.66	1319.0	4.0666	2.4650	3.3467	1015.2	-0.030610	3.3072e-05	0.11668	supercritical
488.69	933.00	241.12	0.0041473	935.41	1322.4	4.0735	2.4683	3.3491	1014.8	-0.030577	3.3043e-05	0.11674	supercritical
489.69	933.00	240.75	0.0041537	938.16	1325.7	4.0803	2.4717	3.3515	1014.4	-0.030544	3.3014e-05	0.11680	supercritical
490.69	933.00	240.38	0.0041601	940.92	1329.1	4.0872	2.4750	3.3539	1013.9	-0.030512	3.2986e-05	0.11685	supercritical
491.69	933.00	240.01	0.0041665	943.68	1332.4	4.0940	2.4783	3.3564	1013.5	-0.030480	3.2957e-05	0.11691	supercritical
492.69	933.00	239.64	0.0041729	946.44	1335.8	4.1008	2.4816	3.3588	1013.1	-0.030448	3.2929e-05	0.11697	supercritical
493.69	933.00	239.28	0.0041793	949.20	1339.1	4.1076	2.4850	3.3612	1012.7	-0.030417	3.2902e-05	0.11703	supercritical
494.69	933.00	238.91	0.0041857	951.97	1342.5	4.1144	2.4883	3.3636	1012.2	-0.030386	3.2874e-05	0.11710	supercritical
495.69	933.00	238.55	0.0041921	954.74	1345.9	4.1212	2.4916	3.3660	1011.8	-0.030355	3.2847e-05	0.11716	supercritical
496.69	933.00	238.18	0.0041985	957.51	1349.2	4.1280	2.4950	3.3685	1011.4	-0.030324	3.2820e-05	0.11722	supercritical
497.69	933.00	237.82	0.0042049	960.28	1352.6	4.1348	2.4983	3.3709	1011.0	-0.030294	3.2794e-05	0.11729	supercritical
498.69	933.00	237.46	0.0042113	963.06	1356.0	4.1415	2.5017	3.3733	1010.6	-0.030264	3.2767e-05	0.11735	supercritical
499.69	933.00	237.10	0.0042177	965.83	1359.3	4.1483	2.5050	3.3758	1010.2	-0.030234	3.2741e-05	0.11742	supercritical
500.69	933.00	236.74	0.0042241	968.61	1362.7	4.1551	2.5083	3.3782	1009.8	-0.030204	3.2716e-05	0.11748	supercritical
501.69	933.00	236.38	0.0042304	971.40	1366.1	4.1618	2.5117	3.3807	1009.5	-0.030175	3.2690e-05	0.11755	supercritical
502.69	933.00	236.02	0.0042368	974.18	1369.5	4.1685	2.5150	3.3831	1009.1	-0.030146	3.2665e-05	0.11762	supercritical
503.69	933.00	235.67	0.0042432	976.97	1372.9	4.1753	2.5184	3.3856	1008.7	-0.030117	3.2640e-05	0.11769	supercritical
504.69	933.00	235.31	0.0042496	979.76	1376.3	4.1820	2.5217	3.3881	1008.3	-0.030089	3.2615e-05	0.11776	supercritical
505.69	933.00	234.96	0.0042560	982.55	1379.6	4.1887	2.5251	3.3905	1008.0	-0.030060	3.2591e-05	0.11783	supercritical
506.69	933.00	234.61	0.0042625	985.35	1383.0	4.1954	2.5285	3.3930	1007.6	-0.030032	3.2567e-05	0.11790	supercritical
507.69	933.00	234.26	0.0042689	988.14	1386.4	4.2021	2.5318	3.3955	1007.2	-0.030004	3.2543e-05	0.11798	supercritical
508.69	933.00	233.90	0.0042753	990.94	1389.8	4.2088	2.5352	3.3980	1006.9	-0.029977	3.2519e-05	0.11805	supercritical
509.69	933.00	233.55	0.0042817	993.74	1393.2	4.2154	2.5385	3.4004	1006.5	-0.029949	3.2496e-05	0.11812	supercritical
510.69	933.00	233.21	0.0042881	996.55	1396.6	4.2221	2.5419	3.4029	1006.2	-0.029922	3.2473e-05	0.11820	supercritical
511.69	933.00	232.86	0.0042945	999.35	1400.0	4.2288	2.5453	3.4054	1005.8	-0.029895	3.2450e-05	0.11827	supercritical
512.69	933.00	232.51	0.0043009	1002.2	1403.4	4.2354	2.5486	3.4079	1005.5	-0.029869	3.2427e-05	0.11835	supercritical
513.69	933.00	232.17	0.0043073	1005.0	1406.8	4.2421	2.5520	3.4104	1005.2	-0.029842	3.2405e-05	0.11843	supercritical
514.69	933.00	231.82	0.0043137	1007.8	1410.3	4.2487	2.5554	3.4129	1004.8	-0.029816	3.2383e-05	0.11851	supercritical
515.69	933.00	231.48	0.0043201	1010.6	1413.7	4.2553	2.5587	3.4154	1004.5	-0.029790	3.2361e-05	0.11858	supercritical
516.69	933.00	231.13	0.0043265	1013.4	1417.1	4.2619	2.5621	3.4179	1004.2	-0.029765	3.2339e-05	0.11866	supercritical
517.69	933.00	230.79	0.0043329	1016.2	1420.5	4.2686	2.5655	3.4204	1003.8	-0.029739	3.2318e-05	0.11874	supercritical
518.69	933.00	230.45	0.0043393	1019.1	1423.9	4.2752	2.5688	3.4229	1003.5	-0.029714	3.2297e-05	0.11883	supercritical
519.69	933.00	230.11	0.0043457	1021.9	1427.4	4.2818	2.5722	3.4255	1003.2	-0.029689	3.2276e-05	0.11891	supercritical
520.69	933.00	229.77	0.0043521	1024.7	1430.8	4.2883	2.5756	3.4280	1002.9	-0.029664	3.2255e-05	0.11899	supercritical
521.69	933.00	229.44	0.0043585	1027.6	1434.2	4.2949	2.5790	3.4305	1002.6	-0.029640	3.2235e-05	0.11907	supercritical
522.69	933.00	229.10	0.0043649	1030.4	1437.6	4.3015	2.5824	3.4330	1002.3	-0.029615	3.2215e-05	0.11916	supercritical
523.69	933.00	228.76	0.0043713	1033.2	1441.1	4.3081	2.5857	3.4356	1002.0	-0.029591	3.2195e-05	0.11924	supercritical
524.69	933.00	228.43	0.0043777	1036.1	1444.5	4.3146	2.5891	3.4381	1001.7	-0.029567	3.2175e-05	0.11933	supercritical
525.69	933.00	228.10	0.0043841	1038.9	1447.9	4.3212	2.5925	3.4406	1001.4	-0.029543	3.2155e-05	0.11942	supercritical
526.69	933.00	227.76	0.0043905	1041.8	1451.4	4.3277	2.5959	3.4432	1001.1	-0.029520	3.2136e-05	0.11950	supercritical
527.69	933.00	227.43	0.0043969	1044.6	1454.8	4.3342	2.5993	3.4457	1000.8	-0.029497	3.2117e-05	0.11959	supercritical
528.69	933.00	227.10	0.0044033	1047.5	1458.3	4.3408	2.6026	3.4483	1000.6	-0.029474	3.2098e-05	0.11968	supercritical
529.69	933.00	226.77	0.0044098	1050.3	1461.7	4.3473	2.6060	3.4508	1000.3	-0.029451	3.2079e-05	0.11977	supercritical
530.69	933.00	226.44	0.0044162	1053.2	1465.2	4.3538	2.6094	3.4534	1000.0	-0.029428	3.2061e-05	0.11986	supercritical
531.69	933.00	226.11	0.0044226	1056.0	1468.6	4.3603	2.6128	3.4559	999.74	-0.029406	3.2043e-05	0.11995	supercritical
532.69	933.00	225.79	0.0044290	1058.9	1472.1	4.3668	2.6162	3.4585	999.47	-0.029383	3.2025e-05	0.12004	supercritical
533.69	933.00	225.46	0.0044354	1061.7	1475.6	4.3733	2.6196	3.4610	999.21	-0.029361	3.2007e-05	0.12013	supercritical
534.69	933.00	225.13	0.0044418	1064.6	1479.0	4.3798	2.6230	3.4636	998.95	-0.029340	3.1989e-05	0.12022	supercritical
535.69	933.00	224.81	0.0044482	1067.5	1482.5	4.3862	2.6264	3.4662	998.69	-0.029318	3.1972e-05	0.12032	supercritical
536.69	933.00	224.49	0.0044546	1070.3	1486.0	4.3927	2.6297	3.4687	998.44	-0.029296	3.1955e-05	0.12041	supercritical
537.69	933.00	224.16	0.0044610	1073.2	1489.4	4.3992	2.6331	3.4713	998.19	-0.029275	3.1938e-05	0.12051	supercritical
538.69	933.00	223.84	0.0044674	1076.1	1492.9	4.4056	2.6365	3.4739	997.94	-0.029254	3.1921e-05	0.12060	supercritical
539.69	933.00	223.52	0.0044738	1079.0	1496.4	4.4121	2.6399	3.4765	997.70	-0.029233	3.1904e-05	0.12070	supercritical
540.69	933.00	223.20	0.0044802	1081.8	1499.8	4.4185	2.6433	3.4790	997.46	-0.029213	3.1888e-05	0.12079	supercritical
541.69	933.00	222.88	0.0044866	1084.7	1503.3	4.4249	2.6467	3.4816	997.22	-0.029192	3.1872e-05	0.12089	supercritical
542.69	933.00	222.57	0.0044930	1087.6	1506.8	4.4313	2.6501	3.4842	996.99	-0.029172	3.1856e-05	0.12099	supercritical
543.69	933.00	222.25	0.0044994	1090.5	1510.3	4.4378	2.6535	3.4868	996.76	-0.029152	3.1840e-05	0.12109	supercritical
544.69	933.00	221.93	0.0045059	1093.4	1513.8	4.4442	2.6569	3.4894	996.53	-0.029132	3.1824e-05	0.12119	supercritical
545.69	933.00	221.62	0.0045123	1096.3	1517.3	4.4506	2.6603	3.4920	996.30	-0.029112	3.1809e-05	0.12129	supercritical
546.69	933.00	221.30	0.0045187	1099.2	1520.8	4.4570	2.6637	3.4946	996.08	-0.029093	3.1794e-05	0.12139	supercritical
547.69	933.00	220.99	0.0045251	1102.1	1524.3	4.4634	2.6671	3.4972	995.87	-0.029073	3.1779e-05	0.12149	supercritical
548.69	933.00	220.68	0.0045315	1105.0	1527.8	4.4697	2.6705	3.4998	995.65	-0.029054	3.1764e-05	0.12159	supercritical
549.69	933.00	220.37	0.0045379	1107.9	1531.3	4.4761	2.6739	3.5024	995.44	-0.029035	3.1749e-05	0.12169	supercritical
550.69	933.00	220.06	0.0045443	1110.8	1534.8	4.4825	2.6773	3.5050	995.23	-0.029016	3.1735e-05	0.12180	supercritical
551.69	933.00	219.75	0.0045507	1113.7	1538.3	4.4888	2.6807	3.5076	995.02	-0.028997	3.1721e-05	0.12190	supercritical
552.69	933.00	219.44	0.0045571	1116.6	1541.8	4.4952	2.6841	3.5102	994.82	-0.028979	3.1707e-05	0.12200	supercritical
553.69	933.00	219.13	0.0045635	1119.5	1545.3	4.5016	2.6875	3.5128	994.62	-0.028961	3.1693e-05	0.12211	supercritical
554.69	933.00	218.82	0.0045699	1122.4	1548.8	4.5079	2.6909	3.5154	994.42	-0.028942	3.1679e-05	0.12221	supercritical
555.69	933.00	218.52	0.0045763	1125.4	1552.3	4.5142	2.6942	3.5181	994.23	-0.028924	3.1666e-05	0.12232	supercritical
556.69	933.00	218.21	0.0045827	1128.3	1555.8	4.5206	2.6976	3.5207	994.03	-0.028907	3.1652e-05	0.12243	supercritical
557.69	933.00	217.91	0.0045891	1131.2	1559.4	4.5269	2.7010	3.5233	993.85	-0.028889	3.1639e-05	0.12253	supercritical
558.69	933.00	217.60	0.0045955	1134.1	1562.9	4.5332	2.7044	3.5259	993.66	-0.028872	3.1626e-05	0.12264	supercritical
559.69	933.00	217.30	0.0046019	1137.1	1566.4	4.5395	2.7078	3.5286	993.48	-0.028854	3.1613e-05	0.12275	supercritical
560.69	933.00	217.00	0.0046083	1140.0	1569.9	4.5458	2.7112	3.5312	993.30	-0.028837	3.1601e-05	0.12286	supercritical
561.69	933.00	216.70	0.0046147	1142.9	1573.5	4.5521	2.7146	3.5338	993.12	-0.028820	3.1588e-05	0.12297	supercritical
562.69	933.00	216.40	0.0046211	1145.9	1577.0	4.5584	2.7180	3.5365	992.94	-0.028803	3.1576e-05	0.12308	supercritical
563.69	933.00	216.10	0.0046275	1148.8	1580.6	4.5647	2.7214	3.5391	992.77	-0.028786	3.1564e-05	0.12319	supercritical
564.69	933.00	215.80	0.0046339	1151.7	1584.1	4.5709	2.7248	3.5417	992.60	-0.028770	3.1552e-05	0.12330	supercritical
565.69	933.00	215.50	0.0046403	1154.7	1587.6	4.5772	2.7282	3.5444	992.44	-0.028754	3.1540e-05	0.12341	supercritical
566.69	933.00	215.20	0.0046467	1157.6	1591.2	4.5835	2.7316	3.5470	992.27	-0.028737	3.1528e-05	0.12353	supercritical
567.69	933.00	214.91	0.0046531	1160.6	1594.7	4.5897	2.7350	3.5497	992.11	-0.028721	3.1517e-05	0.12364	supercritical
568.69	933.00	214.61	0.0046595	1163.5	1598.3	4.5960	2.7384	3.5523	991.95	-0.028705	3.1505e-05	0.12375	supercritical
569.69	933.00	214.32	0.0046659	1166.5	1601.8	4.6022	2.7418	3.5550	991.80	-0.028689	3.1494e-05	0.12387	supercritical
570.69	933.00	214.03	0.0046723	1169.5	1605.4	4.6085	2.7452	3.5576	991.64	-0.028674	3.1483e-05	0.12398	supercritical
571.69	933.00	213.73	0.0046787	1172.4	1608.9	4.6147	2.7486	3.5603	991.49	-0.028658	3.1473e-05	0.12410	supercritical
572.69	933.00	213.44	0.0046851	1175.4	1612.5	4.6209	2.7520	3.5629	991.34	-0.028643	3.1462e-05	0.12421	supercritical
573.69	933.00	213.15	0.0046915	1178.4	1616.1	4.6271	2.7554	3.5656	991.20	-0.028628	3.1451e-05	0.12433	supercritical
574.69	933.00	212.86	0.0046979	1181.3	1619.6	4.6333	2.7588	3.5682	991.06	-0.028613	3.1441e-05	0.12445	supercritical
575.69	933.00	212.57	0.0047043	1184.3	1623.2	4.6395	2.7622	3.5709	990.92	-0.028598	3.1431e-05	0.12456	supercritical
576.69	933.00	212.28	0.0047107	1187.3	1626.8	4.6457	2.7656	3.5736	990.78	-0.028583	3.1421e-05	0.12468	supercritical
577.69	933.00	211.99	0.0047171	1190.3	1630.4	4.6519	2.7690	3.5762	990.64	-0.028568	3.1411e-05	0.12480	supercritical
578.69	933.00	211.71	0.0047235	1193.2	1633.9	4.6581	2.7724	3.5789	990.51	-0.028554	3.1401e-05	0.12492	supercritical
579.69	933.00	211.42	0.0047299	1196.2	1637.5	4.6643	2.7758	3.5816	990.38	-0.028540	3.1392e-05	0.12504	supercritical
580.69	933.00	211.13	0.0047363	1199.2	1641.1	4.6705	2.7792	3.5842	990.25	-0.028525	3.1382e-05	0.12516	supercritical
581.69	933.00	210.85	0.0047427	1202.2	1644.7	4.6767	2.7825	3.5869	990.12	-0.028511	3.1373e-05	0.12528	supercritical
582.69	933.00	210.57	0.0047491	1205.2	1648.3	4.6828	2.7859	3.5896	990.00	-0.028497	3.1364e-05	0.12540	supercritical
583.69	933.00	210.28	0.0047555	1208.2	1651.9	4.6890	2.7893	3.5923	989.88	-0.028483	3.1355e-05	0.12552	supercritical
584.69	933.00	210.00	0.0047619	1211.2	1655.5	4.6951	2.7927	3.5949	989.76	-0.028470	3.1346e-05	0.12564	supercritical
585.69	933.00	209.72	0.0047683	1214.2	1659.1	4.7013	2.7961	3.5976	989.65	-0.028456	3.1337e-05	0.12576	supercritical
586.69	933.00	209.44	0.0047747	1217.2	1662.7	4.7074	2.7995	3.6003	989.53	-0.028443	3.1329e-05	0.12589	supercritical
587.69	933.00	209.16	0.0047811	1220.2	1666.3	4.7135	2.8029	3.6030	989.42	-0.028429	3.1320e-05	0.12601	supercritical
588.69	933.00	208.88	0.0047875	1223.2	1669.9	4.7197	2.8063	3.6057	989.31	-0.028416	3.1312e-05	0.12614	supercritical
589.69	933.00	208.60	0.0047939	1226.2	1673.5	4.7258	2.8097	3.6083	989.20	-0.028403	3.1304e-05	0.12626	supercritical
590.69	933.00	208.32	0.0048002	1229.2	1677.1	4.7319	2.8131	3.6110	989.10	-0.028390	3.1296e-05	0.12638	supercritical
591.69	933.00	208.05	0.0048066	1232.2	1680.7	4.7380	2.8164	3.6137	989.00	-0.028377	3.1288e-05	0.12651	supercritical
592.69	933.00	207.77	0.0048130	1235.2	1684.3	4.7441	2.8198	3.6164	988.90	-0.028365	3.1280e-05	0.12664	supercritical
593.69	933.00	207.49	0.0048194	1238.3	1687.9	4.7502	2.8232	3.6191	988.80	-0.028352	3.1273e-05	0.12676	supercritical
594.69	933.00	207.22	0.0048258	1241.3	1691.5	4.7563	2.8266	3.6218	988.70	-0.028340	3.1265e-05	0.12689	supercritical
595.69	933.00	206.95	0.0048322	1244.3	1695.2	4.7624	2.8300	3.6245	988.61	-0.028327	3.1258e-05	0.12702	supercritical
596.69	933.00	206.67	0.0048386	1247.4	1698.8	4.7685	2.8334	3.6272	988.52	-0.028315	3.1251e-05	0.12714	supercritical
597.69	933.00	206.40	0.0048450	1250.4	1702.4	4.7746	2.8368	3.6299	988.43	-0.028303	3.1244e-05	0.12727	supercritical
598.69	933.00	206.13	0.0048514	1253.4	1706.1	4.7806	2.8401	3.6326	988.34	-0.028291	3.1237e-05	0.12740	supercritical
599.69	933.00	205.86	0.0048577	1256.5	1709.7	4.7867	2.8435	3.6353	988.26	-0.028279	3.1230e-05	0.12753	supercritical
600.69	933.00	205.59	0.0048641	1259.5	1713.3	4.7928	2.8469	3.6380	988.17	-0.028267	3.1223e-05	0.12766	supercritical
601.69	933.00	205.32	0.0048705	1262.5	1717.0	4.7988	2.8503	3.6407	988.09	-0.028255	3.1217e-05	0.12779	supercritical
602.69	933.00	205.05	0.0048769	1265.6	1720.6	4.8049	2.8537	3.6434	988.02	-0.028244	3.1210e-05	0.12792	supercritical
603.69	933.00	204.78	0.0048833	1268.6	1724.2	4.8109	2.8570	3.6461	987.94	-0.028232	3.1204e-05	0.12805	supercritical
604.69	933.00	204.51	0.0048897	1271.7	1727.9	4.8169	2.8604	3.6488	987.86	-0.028221	3.1198e-05	0.12818	supercritical
605.69	933.00	204.25	0.0048961	1274.7	1731.5	4.8230	2.8638	3.6515	987.79	-0.028210	3.1192e-05	0.12832	supercritical
606.69	933.00	203.98	0.0049024	1277.8	1735.2	4.8290	2.8672	3.6542	987.72	-0.028199	3.1186e-05	0.12845	supercritical
607.69	933.00	203.72	0.0049088	1280.9	1738.9	4.8350	2.8705	3.6569	987.65	-0.028188	3.1180e-05	0.12858	supercritical
608.69	933.00	203.45	0.0049152	1283.9	1742.5	4.8410	2.8739	3.6596	987.59	-0.028177	3.1175e-05	0.12871	supercritical
609.69	933.00	203.19	0.0049216	1287.0	1746.2	4.8470	2.8773	3.6623	987.52	-0.028166	3.1169e-05	0.12885	supercritical
610.69	933.00	202.92	0.0049280	1290.1	1749.8	4.8530	2.8807	3.6651	987.46	-0.028155	3.1164e-05	0.12898	supercritical
611.69	933.00	202.66	0.0049343	1293.1	1753.5	4.8590	2.8840	3.6678	987.40	-0.028145	3.1158e-05	0.12912	supercritical
612.69	933.00	202.40	0.0049407	1296.2	1757.2	4.8650	2.8874	3.6705	987.34	-0.028134	3.1153e-05	0.12925	supercritical
613.69	933.00	202.14	0.0049471	1299.3	1760.8	4.8710	2.8908	3.6732	987.28	-0.028124	3.1148e-05	0.12939	supercritical
614.69	933.00	201.88	0.0049535	1302.4	1764.5	4.8770	2.8941	3.6759	987.23	-0.028113	3.1143e-05	0.12952	supercritical
615.69	933.00	201.62	0.0049598	1305.4	1768.2	4.8830	2.8975	3.6786	987.18	-0.028103	3.1138e-05	0.12966	supercritical
616.69	933.00	201.36	0.0049662	1308.5	1771.9	4.8890	2.9009	3.6814	987.13	-0.028093	3.1134e-05	0.12980	supercritical
617.69	933.00	201.10	0.0049726	1311.6	1775.6	4.8949	2.9042	3.6841	987.08	-0.028083	3.1129e-05	0.12993	supercritical
618.69	933.00	200.84	0.0049790	1314.7	1779.2	4.9009	2.9076	3.6868	987.03	-0.028073	3.1125e-05	0.13007	supercritical
619.69	933.00	200.59	0.0049854	1317.8	1782.9	4.9068	2.9110	3.6895	986.99	-0.028063	3.1120e-05	0.13021	supercritical
620.69	933.00	200.33	0.0049917	1320.9	1786.6	4.9128	2.9143	3.6923	986.94	-0.028053	3.1116e-05	0.13035	supercritical
621.69	933.00	200.08	0.0049981	1324.0	1790.3	4.9187	2.9177	3.6950	986.90	-0.028044	3.1112e-05	0.13049	supercritical
622.69	933.00	199.82	0.0050045	1327.1	1794.0	4.9247	2.9210	3.6977	986.86	-0.028034	3.1108e-05	0.13063	supercritical
623.69	933.00	199.57	0.0050108	1330.2	1797.7	4.9306	2.9244	3.7004	986.82	-0.028025	3.1104e-05	0.13077	supercritical
624.69	933.00	199.31	0.0050172	1333.3	1801.4	4.9365	2.9278	3.7032	986.79	-0.028015	3.1100e-05	0.13091	supercritical