Temperature (K)	Pressure (bar)	Density (kg/m3)	Volume (m3/kg)	Internal Energy (kJ/kg)	Enthalpy (kJ/kg)	Entropy (J/g*K)	Cv (J/g*K)	Cp (J/g*K)	Sound Spd. (m/s)	Joule-Thomson (K/bar)	Viscosity (Pa*s)	Therm. Cond. (W/m*K)	Phase
90.694	822.00	490.53	0.0020386	-101.71	65.859	-1.1093	2.3137	3.1951	1943.3	-0.052895	0.00050320	0.27167	liquid
110.69	822.00	472.40	0.0021169	-44.599	129.41	-0.47606	2.2247	3.1648	1841.5	-0.052912	0.00023579	0.25475	liquid
111.69	822.00	471.51	0.0021209	-41.763	132.57	-0.44760	2.2208	3.1637	1836.4	-0.052897	0.00022942	0.25379	liquid
112.69	822.00	470.62	0.0021249	-38.930	135.73	-0.41941	2.2170	3.1626	1831.2	-0.052881	0.00022339	0.25283	liquid
113.69	822.00	469.73	0.0021289	-36.098	138.90	-0.39147	2.2132	3.1616	1826.1	-0.052864	0.00021767	0.25186	liquid
114.69	822.00	468.84	0.0021329	-33.268	142.06	-0.36379	2.2094	3.1605	1820.9	-0.052847	0.00021226	0.25089	liquid
115.69	822.00	467.96	0.0021370	-30.440	145.22	-0.33636	2.2056	3.1594	1815.8	-0.052829	0.00020711	0.24991	liquid
116.69	822.00	467.07	0.0021410	-27.614	148.38	-0.30917	2.2019	3.1583	1810.7	-0.052810	0.00020223	0.24893	liquid
117.69	822.00	466.19	0.0021451	-24.790	151.53	-0.28223	2.1982	3.1572	1805.6	-0.052791	0.00019758	0.24795	liquid
118.69	822.00	465.31	0.0021491	-21.968	154.69	-0.25552	2.1944	3.1561	1800.5	-0.052771	0.00019316	0.24696	liquid
119.69	822.00	464.42	0.0021532	-19.148	157.85	-0.22905	2.1907	3.1550	1795.4	-0.052751	0.00018895	0.24597	liquid
120.69	822.00	463.54	0.0021573	-16.330	161.00	-0.20280	2.1871	3.1538	1790.3	-0.052730	0.00018493	0.24498	liquid
121.69	822.00	462.66	0.0021614	-13.513	164.15	-0.17678	2.1834	3.1527	1785.2	-0.052708	0.00018109	0.24398	liquid
122.69	822.00	461.79	0.0021655	-10.699	167.31	-0.15099	2.1798	3.1516	1780.2	-0.052686	0.00017743	0.24298	liquid
123.69	822.00	460.91	0.0021696	-7.8871	170.46	-0.12541	2.1761	3.1504	1775.1	-0.052663	0.00017392	0.24198	liquid
124.69	822.00	460.03	0.0021738	-5.0769	173.61	-0.10005	2.1725	3.1493	1770.1	-0.052640	0.00017057	0.24098	liquid
125.69	822.00	459.16	0.0021779	-2.2689	176.76	-0.074897	2.1689	3.1481	1765.1	-0.052616	0.00016736	0.23998	liquid
126.69	822.00	458.28	0.0021821	0.53712	179.90	-0.049955	2.1654	3.1469	1760.1	-0.052592	0.00016428	0.23898	liquid
127.69	822.00	457.41	0.0021862	3.3410	183.05	-0.025219	2.1618	3.1457	1755.1	-0.052567	0.00016133	0.23798	liquid
128.69	822.00	456.54	0.0021904	6.1428	186.19	-0.00068474	2.1583	3.1445	1750.1	-0.052541	0.00015850	0.23698	liquid
129.69	822.00	455.67	0.0021946	8.9425	189.34	0.023650	2.1548	3.1433	1745.1	-0.052515	0.00015577	0.23597	liquid
130.69	822.00	454.80	0.0021988	11.740	192.48	0.047789	2.1513	3.1421	1740.1	-0.052489	0.00015315	0.23497	liquid
131.69	822.00	453.93	0.0022030	14.535	195.62	0.071735	2.1478	3.1409	1735.2	-0.052461	0.00015063	0.23397	liquid
132.69	822.00	453.06	0.0022072	17.329	198.76	0.095490	2.1443	3.1397	1730.3	-0.052434	0.00014821	0.23297	liquid
133.69	822.00	452.19	0.0022115	20.120	201.90	0.11906	2.1409	3.1385	1725.4	-0.052405	0.00014587	0.23197	liquid
134.69	822.00	451.32	0.0022157	22.909	205.04	0.14244	2.1375	3.1372	1720.5	-0.052376	0.00014361	0.23097	liquid
135.69	822.00	450.46	0.0022200	25.695	208.18	0.16564	2.1341	3.1360	1715.6	-0.052346	0.00014144	0.22998	liquid
136.69	822.00	449.59	0.0022242	28.480	211.31	0.18866	2.1307	3.1348	1710.7	-0.052316	0.00013934	0.22898	liquid
137.69	822.00	448.73	0.0022285	31.262	214.45	0.21151	2.1273	3.1335	1705.9	-0.052285	0.00013730	0.22799	liquid
138.69	822.00	447.87	0.0022328	34.042	217.58	0.23418	2.1240	3.1323	1701.0	-0.052253	0.00013534	0.22699	liquid
139.69	822.00	447.01	0.0022371	36.820	220.71	0.25668	2.1207	3.1310	1696.2	-0.052221	0.00013344	0.22600	liquid
140.69	822.00	446.15	0.0022414	39.596	223.84	0.27901	2.1174	3.1298	1691.4	-0.052188	0.00013160	0.22502	liquid
141.69	822.00	445.29	0.0022457	42.369	226.97	0.30117	2.1141	3.1285	1686.6	-0.052154	0.00012982	0.22403	liquid
142.69	822.00	444.43	0.0022501	45.140	230.10	0.32317	2.1109	3.1273	1681.8	-0.052120	0.00012809	0.22305	liquid
143.69	822.00	443.57	0.0022544	47.909	233.22	0.34500	2.1077	3.1260	1677.1	-0.052085	0.00012642	0.22207	liquid
144.69	822.00	442.71	0.0022588	50.676	236.35	0.36668	2.1045	3.1248	1672.3	-0.052049	0.00012480	0.22109	liquid
145.69	822.00	441.86	0.0022632	53.440	239.47	0.38819	2.1013	3.1235	1667.6	-0.052013	0.00012322	0.22011	liquid
146.69	822.00	441.00	0.0022676	56.202	242.60	0.40955	2.0981	3.1223	1662.9	-0.051976	0.00012169	0.21914	liquid
147.69	822.00	440.15	0.0022720	58.962	245.72	0.43076	2.0950	3.1210	1658.2	-0.051938	0.00012020	0.21817	liquid
148.69	822.00	439.29	0.0022764	61.720	248.84	0.45182	2.0919	3.1198	1653.5	-0.051899	0.00011875	0.21721	liquid
149.69	822.00	438.44	0.0022808	64.475	251.96	0.47272	2.0888	3.1185	1648.9	-0.051860	0.00011734	0.21625	liquid
150.69	822.00	437.59	0.0022852	67.228	255.08	0.49348	2.0858	3.1173	1644.3	-0.051820	0.00011597	0.21529	liquid
151.69	822.00	436.74	0.0022897	69.979	258.19	0.51410	2.0828	3.1160	1639.6	-0.051779	0.00011463	0.21433	liquid
152.69	822.00	435.89	0.0022942	72.727	261.31	0.53457	2.0798	3.1148	1635.0	-0.051738	0.00011333	0.21338	liquid
153.69	822.00	435.04	0.0022986	75.473	264.42	0.55490	2.0768	3.1136	1630.4	-0.051696	0.00011206	0.21243	liquid
154.69	822.00	434.19	0.0023031	78.217	267.53	0.57508	2.0738	3.1123	1625.9	-0.051652	0.00011083	0.21149	liquid
155.69	822.00	433.34	0.0023076	80.959	270.65	0.59513	2.0709	3.1111	1621.3	-0.051609	0.00010962	0.21055	liquid
156.69	822.00	432.50	0.0023121	83.698	273.76	0.61505	2.0680	3.1099	1616.8	-0.051564	0.00010845	0.20961	liquid
157.69	822.00	431.65	0.0023167	86.435	276.87	0.63483	2.0652	3.1087	1612.3	-0.051519	0.00010730	0.20868	liquid
158.69	822.00	430.81	0.0023212	89.170	279.97	0.65448	2.0623	3.1074	1607.8	-0.051473	0.00010618	0.20775	liquid
159.69	822.00	429.96	0.0023258	91.902	283.08	0.67399	2.0595	3.1062	1603.3	-0.051426	0.00010508	0.20683	liquid
160.69	822.00	429.12	0.0023303	94.633	286.19	0.69338	2.0567	3.1050	1598.8	-0.051378	0.00010401	0.20591	liquid
161.69	822.00	428.28	0.0023349	97.361	289.29	0.71264	2.0539	3.1038	1594.4	-0.051329	0.00010296	0.20499	liquid
162.69	822.00	427.44	0.0023395	100.09	292.39	0.73177	2.0512	3.1027	1590.0	-0.051280	0.00010194	0.20408	liquid
163.69	822.00	426.60	0.0023441	102.81	295.50	0.75078	2.0485	3.1015	1585.6	-0.051230	0.00010094	0.20317	liquid
164.69	822.00	425.76	0.0023487	105.53	298.60	0.76966	2.0458	3.1003	1581.2	-0.051179	9.9955e-05	0.20227	liquid
165.69	822.00	424.92	0.0023534	108.25	301.70	0.78843	2.0432	3.0991	1576.8	-0.051127	9.8996e-05	0.20137	liquid
166.69	822.00	424.08	0.0023580	110.97	304.80	0.80707	2.0405	3.0980	1572.5	-0.051074	9.8056e-05	0.20048	liquid
167.69	822.00	423.25	0.0023627	113.68	307.89	0.82560	2.0379	3.0968	1568.1	-0.051021	9.7135e-05	0.19959	liquid
168.69	822.00	422.41	0.0023674	116.39	310.99	0.84401	2.0354	3.0957	1563.8	-0.050967	9.6233e-05	0.19871	liquid
169.69	822.00	421.58	0.0023720	119.10	314.08	0.86230	2.0328	3.0945	1559.5	-0.050912	9.5350e-05	0.19783	liquid
170.69	822.00	420.74	0.0023767	121.81	317.18	0.88048	2.0303	3.0934	1555.2	-0.050856	9.4483e-05	0.19695	liquid
171.69	822.00	419.91	0.0023815	124.52	320.27	0.89855	2.0278	3.0923	1551.0	-0.050799	9.3633e-05	0.19608	liquid
172.69	822.00	419.08	0.0023862	127.22	323.36	0.91650	2.0254	3.0912	1546.7	-0.050742	9.2800e-05	0.19521	liquid
173.69	822.00	418.25	0.0023909	129.92	326.45	0.93435	2.0230	3.0901	1542.5	-0.050683	9.1983e-05	0.19435	liquid
174.69	822.00	417.42	0.0023957	132.62	329.54	0.95208	2.0206	3.0890	1538.3	-0.050624	9.1180e-05	0.19350	liquid
175.69	822.00	416.59	0.0024005	135.31	332.63	0.96971	2.0182	3.0879	1534.1	-0.050564	9.0393e-05	0.19265	liquid
176.69	822.00	415.76	0.0024052	138.01	335.72	0.98723	2.0159	3.0869	1529.9	-0.050503	8.9620e-05	0.19180	liquid
177.69	822.00	414.93	0.0024100	140.70	338.81	1.0047	2.0136	3.0858	1525.8	-0.050442	8.8861e-05	0.19096	liquid
178.69	822.00	414.11	0.0024148	143.39	341.89	1.0220	2.0113	3.0847	1521.7	-0.050379	8.8116e-05	0.19012	liquid
179.69	822.00	413.28	0.0024197	146.08	344.97	1.0392	2.0090	3.0837	1517.5	-0.050316	8.7383e-05	0.18929	liquid
180.69	822.00	412.46	0.0024245	148.76	348.06	1.0563	2.0068	3.0827	1513.5	-0.050252	8.6664e-05	0.18846	liquid
181.69	822.00	411.63	0.0024294	151.45	351.14	1.0733	2.0046	3.0816	1509.4	-0.050187	8.5957e-05	0.18764	liquid
182.69	822.00	410.81	0.0024342	154.13	354.22	1.0902	2.0024	3.0806	1505.3	-0.050121	8.5262e-05	0.18683	liquid
183.69	822.00	409.99	0.0024391	156.81	357.30	1.1070	2.0003	3.0796	1501.3	-0.050054	8.4578e-05	0.18602	liquid
184.69	822.00	409.17	0.0024440	159.48	360.38	1.1237	1.9982	3.0786	1497.3	-0.049987	8.3907e-05	0.18521	liquid
185.69	822.00	408.35	0.0024489	162.16	363.46	1.1404	1.9961	3.0777	1493.2	-0.049918	8.3246e-05	0.18441	liquid
186.69	822.00	407.53	0.0024538	164.83	366.54	1.1569	1.9941	3.0767	1489.3	-0.049849	8.2596e-05	0.18361	liquid
187.69	822.00	406.71	0.0024588	167.50	369.61	1.1733	1.9921	3.0757	1485.3	-0.049779	8.1957e-05	0.18282	liquid
188.69	822.00	405.89	0.0024637	170.17	372.69	1.1897	1.9901	3.0748	1481.3	-0.049708	8.1328e-05	0.18204	liquid
189.69	822.00	405.08	0.0024687	172.84	375.76	1.2059	1.9881	3.0739	1477.4	-0.049637	8.0709e-05	0.18125	liquid
190.69	822.00	404.26	0.0024737	175.50	378.84	1.2221	1.9862	3.0730	1473.5	-0.049564	8.0099e-05	0.18048	supercritical
191.69	822.00	403.45	0.0024786	178.16	381.91	1.2381	1.9843	3.0720	1469.6	-0.049491	7.9500e-05	0.17971	supercritical
192.69	822.00	402.63	0.0024836	180.82	384.98	1.2541	1.9825	3.0712	1465.7	-0.049417	7.8909e-05	0.17894	supercritical
193.69	822.00	401.82	0.0024887	183.48	388.05	1.2700	1.9806	3.0703	1461.9	-0.049342	7.8328e-05	0.17818	supercritical
194.69	822.00	401.01	0.0024937	186.14	391.12	1.2858	1.9788	3.0694	1458.0	-0.049266	7.7755e-05	0.17742	supercritical
195.69	822.00	400.20	0.0024988	188.79	394.19	1.3015	1.9771	3.0685	1454.2	-0.049190	7.7192e-05	0.17667	supercritical
196.69	822.00	399.39	0.0025038	191.44	397.26	1.3172	1.9753	3.0677	1450.4	-0.049112	7.6636e-05	0.17593	supercritical
197.69	822.00	398.58	0.0025089	194.09	400.32	1.3327	1.9736	3.0669	1446.6	-0.049034	7.6089e-05	0.17519	supercritical
198.69	822.00	397.78	0.0025140	196.74	403.39	1.3482	1.9719	3.0660	1442.9	-0.048955	7.5550e-05	0.17445	supercritical
199.69	822.00	396.97	0.0025191	199.39	406.46	1.3636	1.9703	3.0652	1439.1	-0.048876	7.5019e-05	0.17372	supercritical
200.69	822.00	396.16	0.0025242	202.03	409.52	1.3789	1.9687	3.0644	1435.4	-0.048795	7.4495e-05	0.17300	supercritical
201.69	822.00	395.36	0.0025293	204.67	412.59	1.3941	1.9671	3.0637	1431.7	-0.048714	7.3979e-05	0.17228	supercritical
202.69	822.00	394.56	0.0025345	207.31	415.65	1.4093	1.9655	3.0629	1428.0	-0.048632	7.3471e-05	0.17156	supercritical
203.69	822.00	393.75	0.0025397	209.95	418.71	1.4244	1.9640	3.0621	1424.3	-0.048549	7.2969e-05	0.17085	supercritical
204.69	822.00	392.95	0.0025448	212.59	421.77	1.4394	1.9625	3.0614	1420.6	-0.048466	7.2475e-05	0.17015	supercritical
205.69	822.00	392.15	0.0025500	215.22	424.83	1.4543	1.9610	3.0607	1417.0	-0.048381	7.1988e-05	0.16945	supercritical
206.69	822.00	391.35	0.0025552	217.85	427.89	1.4691	1.9596	3.0600	1413.4	-0.048296	7.1507e-05	0.16875	supercritical
207.69	822.00	390.56	0.0025604	220.49	430.95	1.4839	1.9582	3.0592	1409.8	-0.048210	7.1033e-05	0.16807	supercritical
208.69	822.00	389.76	0.0025657	223.11	434.01	1.4986	1.9568	3.0586	1406.2	-0.048124	7.0566e-05	0.16738	supercritical
209.69	822.00	388.96	0.0025709	225.74	437.07	1.5132	1.9555	3.0579	1402.6	-0.048036	7.0105e-05	0.16670	supercritical
210.69	822.00	388.17	0.0025762	228.37	440.13	1.5277	1.9542	3.0572	1399.1	-0.047948	6.9650e-05	0.16603	supercritical
211.69	822.00	387.38	0.0025815	230.99	443.19	1.5422	1.9529	3.0566	1395.5	-0.047859	6.9201e-05	0.16536	supercritical
212.69	822.00	386.58	0.0025868	233.61	446.24	1.5566	1.9517	3.0559	1392.0	-0.047770	6.8759e-05	0.16470	supercritical
213.69	822.00	385.79	0.0025921	236.23	449.30	1.5710	1.9504	3.0553	1388.5	-0.047680	6.8322e-05	0.16404	supercritical
214.69	822.00	385.00	0.0025974	238.85	452.35	1.5852	1.9493	3.0547	1385.1	-0.047589	6.7891e-05	0.16338	supercritical
215.69	822.00	384.21	0.0026027	241.46	455.41	1.5994	1.9481	3.0541	1381.6	-0.047497	6.7465e-05	0.16273	supercritical
216.69	822.00	383.43	0.0026081	244.08	458.46	1.6135	1.9470	3.0536	1378.1	-0.047405	6.7046e-05	0.16209	supercritical
217.69	822.00	382.64	0.0026134	246.69	461.51	1.6276	1.9459	3.0530	1374.7	-0.047312	6.6631e-05	0.16145	supercritical
218.69	822.00	381.85	0.0026188	249.30	464.57	1.6416	1.9448	3.0524	1371.3	-0.047218	6.6222e-05	0.16082	supercritical
219.69	822.00	381.07	0.0026242	251.91	467.62	1.6555	1.9438	3.0519	1367.9	-0.047124	6.5819e-05	0.16019	supercritical
220.69	822.00	380.29	0.0026296	254.52	470.67	1.6694	1.9428	3.0514	1364.6	-0.047029	6.5420e-05	0.15956	supercritical
221.69	822.00	379.50	0.0026350	257.12	473.72	1.6832	1.9418	3.0509	1361.2	-0.046933	6.5027e-05	0.15895	supercritical
222.69	822.00	378.72	0.0026405	259.73	476.77	1.6969	1.9409	3.0504	1357.9	-0.046837	6.4638e-05	0.15833	supercritical
223.69	822.00	377.94	0.0026459	262.33	479.82	1.7106	1.9400	3.0499	1354.5	-0.046740	6.4254e-05	0.15772	supercritical
224.69	822.00	377.16	0.0026514	264.93	482.87	1.7242	1.9391	3.0495	1351.2	-0.046642	6.3876e-05	0.15712	supercritical
225.69	822.00	376.39	0.0026568	267.53	485.92	1.7377	1.9383	3.0490	1348.0	-0.046544	6.3501e-05	0.15652	supercritical
226.69	822.00	375.61	0.0026623	270.13	488.97	1.7512	1.9375	3.0486	1344.7	-0.046445	6.3132e-05	0.15593	supercritical
227.69	822.00	374.83	0.0026678	272.72	492.02	1.7646	1.9367	3.0482	1341.5	-0.046346	6.2767e-05	0.15534	supercritical
228.69	822.00	374.06	0.0026734	275.32	495.07	1.7780	1.9360	3.0478	1338.2	-0.046246	6.2407e-05	0.15475	supercritical
229.69	822.00	373.29	0.0026789	277.91	498.11	1.7913	1.9352	3.0474	1335.0	-0.046146	6.2051e-05	0.15417	supercritical
230.69	822.00	372.52	0.0026844	280.50	501.16	1.8045	1.9346	3.0470	1331.8	-0.046044	6.1699e-05	0.15360	supercritical
231.69	822.00	371.75	0.0026900	283.09	504.21	1.8177	1.9339	3.0466	1328.6	-0.045943	6.1352e-05	0.15303	supercritical
232.69	822.00	370.98	0.0026956	285.68	507.25	1.8308	1.9333	3.0463	1325.5	-0.045840	6.1008e-05	0.15246	supercritical
233.69	822.00	370.21	0.0027012	288.26	510.30	1.8439	1.9327	3.0460	1322.3	-0.045738	6.0669e-05	0.15190	supercritical
234.69	822.00	369.44	0.0027068	290.85	513.35	1.8569	1.9321	3.0456	1319.2	-0.045634	6.0334e-05	0.15134	supercritical
235.69	822.00	368.68	0.0027124	293.43	516.39	1.8698	1.9316	3.0453	1316.1	-0.045530	6.0003e-05	0.15079	supercritical
236.69	822.00	367.91	0.0027180	296.02	519.44	1.8827	1.9311	3.0450	1313.0	-0.045426	5.9676e-05	0.15025	supercritical
237.69	822.00	367.15	0.0027237	298.60	522.48	1.8955	1.9306	3.0448	1309.9	-0.045321	5.9353e-05	0.14971	supercritical
238.69	822.00	366.39	0.0027293	301.18	525.53	1.9083	1.9302	3.0445	1306.9	-0.045216	5.9034e-05	0.14917	supercritical
239.69	822.00	365.63	0.0027350	303.75	528.57	1.9210	1.9298	3.0443	1303.8	-0.045110	5.8718e-05	0.14864	supercritical
240.69	822.00	364.87	0.0027407	306.33	531.61	1.9337	1.9294	3.0440	1300.8	-0.045004	5.8406e-05	0.14811	supercritical
241.69	822.00	364.11	0.0027464	308.91	534.66	1.9463	1.9291	3.0438	1297.8	-0.044897	5.8098e-05	0.14759	supercritical
242.69	822.00	363.36	0.0027521	311.48	537.70	1.9589	1.9287	3.0436	1294.8	-0.044790	5.7793e-05	0.14707	supercritical
243.69	822.00	362.60	0.0027578	314.05	540.75	1.9714	1.9284	3.0434	1291.8	-0.044682	5.7492e-05	0.14655	supercritical
244.69	822.00	361.85	0.0027636	316.62	543.79	1.9839	1.9282	3.0433	1288.9	-0.044574	5.7194e-05	0.14605	supercritical
245.69	822.00	361.10	0.0027693	319.19	546.83	1.9963	1.9280	3.0431	1285.9	-0.044465	5.6900e-05	0.14554	supercritical
246.69	822.00	360.35	0.0027751	321.76	549.88	2.0087	1.9278	3.0430	1283.0	-0.044356	5.6609e-05	0.14504	supercritical
247.69	822.00	359.60	0.0027809	324.33	552.92	2.0210	1.9276	3.0429	1280.1	-0.044247	5.6321e-05	0.14454	supercritical
248.69	822.00	358.85	0.0027867	326.90	555.96	2.0332	1.9275	3.0427	1277.2	-0.044137	5.6037e-05	0.14405	supercritical
249.69	822.00	358.10	0.0027925	329.46	559.00	2.0454	1.9274	3.0426	1274.4	-0.044027	5.5756e-05	0.14357	supercritical
250.69	822.00	357.36	0.0027983	332.02	562.05	2.0576	1.9273	3.0426	1271.5	-0.043917	5.5478e-05	0.14309	supercritical
251.69	822.00	356.61	0.0028042	334.59	565.09	2.0697	1.9272	3.0425	1268.7	-0.043806	5.5203e-05	0.14261	supercritical
252.69	822.00	355.87	0.0028100	337.15	568.13	2.0818	1.9272	3.0424	1265.9	-0.043695	5.4931e-05	0.14213	supercritical
253.69	822.00	355.13	0.0028159	339.71	571.17	2.0938	1.9272	3.0424	1263.1	-0.043583	5.4662e-05	0.14167	supercritical
254.69	822.00	354.39	0.0028218	342.27	574.22	2.1058	1.9273	3.0424	1260.3	-0.043471	5.4397e-05	0.14120	supercritical
255.69	822.00	353.65	0.0028277	344.82	577.26	2.1177	1.9274	3.0424	1257.5	-0.043359	5.4134e-05	0.14074	supercritical
256.69	822.00	352.91	0.0028336	347.38	580.30	2.1296	1.9275	3.0424	1254.7	-0.043247	5.3874e-05	0.14029	supercritical
257.69	822.00	352.18	0.0028395	349.94	583.34	2.1414	1.9276	3.0424	1252.0	-0.043134	5.3617e-05	0.13983	supercritical
258.69	822.00	351.44	0.0028454	352.49	586.39	2.1532	1.9277	3.0424	1249.3	-0.043021	5.3363e-05	0.13939	supercritical
259.69	822.00	350.71	0.0028514	355.05	589.43	2.1649	1.9279	3.0425	1246.6	-0.042908	5.3112e-05	0.13894	supercritical
260.69	822.00	349.98	0.0028573	357.60	592.47	2.1766	1.9282	3.0425	1243.9	-0.042794	5.2863e-05	0.13851	supercritical
261.69	822.00	349.25	0.0028633	360.15	595.51	2.1882	1.9284	3.0426	1241.2	-0.042681	5.2617e-05	0.13807	supercritical
262.69	822.00	348.52	0.0028693	362.70	598.56	2.1999	1.9287	3.0427	1238.6	-0.042567	5.2374e-05	0.13764	supercritical
263.69	822.00	347.79	0.0028753	365.25	601.60	2.2114	1.9290	3.0428	1235.9	-0.042453	5.2134e-05	0.13722	supercritical
264.69	822.00	347.07	0.0028813	367.80	604.64	2.2229	1.9293	3.0429	1233.3	-0.042338	5.1896e-05	0.13679	supercritical
265.69	822.00	346.34	0.0028873	370.35	607.69	2.2344	1.9297	3.0431	1230.7	-0.042224	5.1660e-05	0.13638	supercritical
266.69	822.00	345.62	0.0028934	372.89	610.73	2.2458	1.9301	3.0432	1228.1	-0.042109	5.1428e-05	0.13596	supercritical
267.69	822.00	344.90	0.0028994	375.44	613.77	2.2572	1.9305	3.0434	1225.5	-0.041994	5.1197e-05	0.13555	supercritical
268.69	822.00	344.18	0.0029055	377.99	616.82	2.2686	1.9309	3.0436	1223.0	-0.041879	5.0970e-05	0.13515	supercritical
269.69	822.00	343.46	0.0029115	380.53	619.86	2.2799	1.9314	3.0438	1220.4	-0.041764	5.0744e-05	0.13475	supercritical
270.69	822.00	342.74	0.0029176	383.07	622.90	2.2911	1.9319	3.0440	1217.9	-0.041649	5.0521e-05	0.13435	supercritical
271.69	822.00	342.03	0.0029237	385.62	625.95	2.3024	1.9324	3.0442	1215.4	-0.041533	5.0301e-05	0.13396	supercritical
272.69	822.00	341.31	0.0029299	388.16	628.99	2.3136	1.9330	3.0444	1212.9	-0.041418	5.0083e-05	0.13357	supercritical
273.69	822.00	340.60	0.0029360	390.70	632.04	2.3247	1.9336	3.0447	1210.4	-0.041302	4.9867e-05	0.13318	supercritical
274.69	822.00	339.89	0.0029421	393.24	635.08	2.3358	1.9342	3.0449	1208.0	-0.041186	4.9653e-05	0.13280	supercritical
275.69	822.00	339.18	0.0029483	395.78	638.13	2.3469	1.9348	3.0452	1205.5	-0.041070	4.9442e-05	0.13243	supercritical
276.69	822.00	338.47	0.0029544	398.32	641.17	2.3579	1.9355	3.0455	1203.1	-0.040955	4.9233e-05	0.13205	supercritical
277.69	822.00	337.77	0.0029606	400.85	644.22	2.3689	1.9362	3.0458	1200.7	-0.040839	4.9026e-05	0.13168	supercritical
278.69	822.00	337.06	0.0029668	403.39	647.26	2.3798	1.9369	3.0461	1198.3	-0.040723	4.8821e-05	0.13132	supercritical
279.69	822.00	336.36	0.0029730	405.93	650.31	2.3907	1.9376	3.0465	1195.9	-0.040607	4.8618e-05	0.13096	supercritical
280.69	822.00	335.66	0.0029792	408.46	653.36	2.4016	1.9384	3.0468	1193.5	-0.040491	4.8418e-05	0.13060	supercritical
281.69	822.00	334.96	0.0029854	411.00	656.40	2.4125	1.9392	3.0472	1191.2	-0.040375	4.8220e-05	0.13025	supercritical
282.69	822.00	334.26	0.0029917	413.53	659.45	2.4233	1.9400	3.0475	1188.8	-0.040259	4.8023e-05	0.12990	supercritical
283.69	822.00	333.56	0.0029979	416.07	662.50	2.4340	1.9409	3.0479	1186.5	-0.040143	4.7829e-05	0.12955	supercritical
284.69	822.00	332.87	0.0030042	418.60	665.55	2.4447	1.9418	3.0483	1184.2	-0.040027	4.7637e-05	0.12921	supercritical
285.69	822.00	332.18	0.0030105	421.13	668.59	2.4554	1.9427	3.0487	1181.9	-0.039911	4.7447e-05	0.12887	supercritical
286.69	822.00	331.48	0.0030167	423.67	671.64	2.4661	1.9436	3.0492	1179.7	-0.039795	4.7259e-05	0.12853	supercritical
287.69	822.00	330.79	0.0030230	426.20	674.69	2.4767	1.9446	3.0496	1177.4	-0.039679	4.7072e-05	0.12820	supercritical
288.69	822.00	330.10	0.0030293	428.73	677.74	2.4873	1.9455	3.0501	1175.2	-0.039564	4.6888e-05	0.12788	supercritical
289.69	822.00	329.42	0.0030357	431.26	680.79	2.4978	1.9465	3.0505	1172.9	-0.039448	4.6705e-05	0.12755	supercritical
290.69	822.00	328.73	0.0030420	433.79	683.84	2.5083	1.9476	3.0510	1170.7	-0.039333	4.6525e-05	0.12723	supercritical
291.69	822.00	328.05	0.0030483	436.32	686.89	2.5188	1.9486	3.0515	1168.5	-0.039217	4.6346e-05	0.12691	supercritical
292.69	822.00	327.37	0.0030547	438.85	689.95	2.5293	1.9497	3.0520	1166.3	-0.039102	4.6169e-05	0.12660	supercritical
293.69	822.00	326.69	0.0030611	441.38	693.00	2.5397	1.9508	3.0525	1164.2	-0.038987	4.5994e-05	0.12629	supercritical
294.69	822.00	326.01	0.0030674	443.91	696.05	2.5501	1.9519	3.0531	1162.0	-0.038872	4.5821e-05	0.12599	supercritical
295.69	822.00	325.33	0.0030738	446.44	699.10	2.5604	1.9531	3.0536	1159.9	-0.038757	4.5649e-05	0.12568	supercritical
296.69	822.00	324.65	0.0030802	448.97	702.16	2.5707	1.9543	3.0542	1157.7	-0.038642	4.5480e-05	0.12538	supercritical
297.69	822.00	323.98	0.0030866	451.49	705.21	2.5810	1.9555	3.0548	1155.6	-0.038527	4.5312e-05	0.12509	supercritical
298.69	822.00	323.31	0.0030930	454.02	708.27	2.5912	1.9567	3.0554	1153.5	-0.038413	4.5145e-05	0.12480	supercritical
299.69	822.00	322.64	0.0030995	456.55	711.32	2.6014	1.9580	3.0560	1151.5	-0.038299	4.4981e-05	0.12451	supercritical
300.69	822.00	321.97	0.0031059	459.07	714.38	2.6116	1.9592	3.0566	1149.4	-0.038185	4.4818e-05	0.12422	supercritical
301.69	822.00	321.30	0.0031124	461.60	717.44	2.6218	1.9605	3.0572	1147.3	-0.038071	4.4657e-05	0.12394	supercritical
302.69	822.00	320.63	0.0031188	464.13	720.49	2.6319	1.9618	3.0578	1145.3	-0.037957	4.4497e-05	0.12366	supercritical
303.69	822.00	319.97	0.0031253	466.65	723.55	2.6420	1.9632	3.0585	1143.3	-0.037844	4.4339e-05	0.12339	supercritical
304.69	822.00	319.31	0.0031318	469.18	726.61	2.6520	1.9645	3.0591	1141.3	-0.037731	4.4182e-05	0.12311	supercritical
305.69	822.00	318.65	0.0031383	471.70	729.67	2.6621	1.9659	3.0598	1139.3	-0.037618	4.4027e-05	0.12285	supercritical
306.69	822.00	317.99	0.0031448	474.23	732.73	2.6721	1.9673	3.0605	1137.3	-0.037505	4.3874e-05	0.12258	supercritical
307.69	822.00	317.33	0.0031513	476.75	735.79	2.6820	1.9688	3.0612	1135.3	-0.037393	4.3722e-05	0.12232	supercritical
308.69	822.00	316.67	0.0031578	479.28	738.85	2.6920	1.9702	3.0619	1133.4	-0.037281	4.3572e-05	0.12206	supercritical
309.69	822.00	316.02	0.0031644	481.80	741.92	2.7019	1.9717	3.0627	1131.5	-0.037169	4.3423e-05	0.12180	supercritical
310.69	822.00	315.37	0.0031709	484.33	744.98	2.7117	1.9732	3.0634	1129.5	-0.037057	4.3276e-05	0.12155	supercritical
311.69	822.00	314.71	0.0031775	486.85	748.04	2.7216	1.9747	3.0641	1127.6	-0.036946	4.3130e-05	0.12130	supercritical
312.69	822.00	314.07	0.0031840	489.38	751.11	2.7314	1.9763	3.0649	1125.7	-0.036835	4.2986e-05	0.12106	supercritical
313.69	822.00	313.42	0.0031906	491.90	754.17	2.7412	1.9779	3.0657	1123.8	-0.036724	4.2843e-05	0.12081	supercritical
314.69	822.00	312.77	0.0031972	494.43	757.24	2.7509	1.9794	3.0665	1122.0	-0.036614	4.2702e-05	0.12057	supercritical
315.69	822.00	312.13	0.0032038	496.95	760.31	2.7607	1.9810	3.0673	1120.1	-0.036504	4.2562e-05	0.12034	supercritical
316.69	822.00	311.49	0.0032104	499.48	763.37	2.7704	1.9827	3.0681	1118.3	-0.036394	4.2423e-05	0.12010	supercritical
317.69	822.00	310.85	0.0032170	502.00	766.44	2.7800	1.9843	3.0689	1116.5	-0.036285	4.2286e-05	0.11987	supercritical
318.69	822.00	310.21	0.0032237	504.53	769.51	2.7897	1.9860	3.0698	1114.7	-0.036176	4.2150e-05	0.11964	supercritical
319.69	822.00	309.57	0.0032303	507.05	772.58	2.7993	1.9877	3.0706	1112.9	-0.036068	4.2016e-05	0.11942	supercritical
320.69	822.00	308.93	0.0032369	509.58	775.65	2.8089	1.9894	3.0715	1111.1	-0.035959	4.1882e-05	0.11920	supercritical
321.69	822.00	308.30	0.0032436	512.10	778.72	2.8185	1.9911	3.0723	1109.3	-0.035852	4.1751e-05	0.11898	supercritical
322.69	822.00	307.67	0.0032503	514.63	781.80	2.8280	1.9929	3.0732	1107.5	-0.035744	4.1620e-05	0.11876	supercritical
323.69	822.00	307.04	0.0032569	517.15	784.87	2.8375	1.9947	3.0741	1105.8	-0.035637	4.1491e-05	0.11855	supercritical
324.69	822.00	306.41	0.0032636	519.68	787.95	2.8470	1.9964	3.0750	1104.1	-0.035530	4.1363e-05	0.11834	supercritical
325.69	822.00	305.78	0.0032703	522.20	791.02	2.8565	1.9983	3.0760	1102.3	-0.035424	4.1236e-05	0.11813	supercritical
326.69	822.00	305.16	0.0032770	524.73	794.10	2.8659	2.0001	3.0769	1100.6	-0.035318	4.1111e-05	0.11793	supercritical
327.69	822.00	304.53	0.0032837	527.25	797.17	2.8753	2.0019	3.0778	1098.9	-0.035213	4.0986e-05	0.11773	supercritical
328.69	822.00	303.91	0.0032904	529.78	800.25	2.8847	2.0038	3.0788	1097.3	-0.035108	4.0863e-05	0.11753	supercritical
329.69	822.00	303.29	0.0032972	532.31	803.33	2.8940	2.0057	3.0798	1095.6	-0.035003	4.0742e-05	0.11734	supercritical
330.69	822.00	302.67	0.0033039	534.83	806.41	2.9034	2.0076	3.0807	1093.9	-0.034899	4.0621e-05	0.11714	supercritical
331.69	822.00	302.06	0.0033106	537.36	809.49	2.9127	2.0095	3.0817	1092.3	-0.034795	4.0502e-05	0.11695	supercritical
332.69	822.00	301.44	0.0033174	539.89	812.58	2.9219	2.0115	3.0827	1090.7	-0.034692	4.0383e-05	0.11677	supercritical
333.69	822.00	300.83	0.0033241	542.41	815.66	2.9312	2.0134	3.0838	1089.1	-0.034589	4.0266e-05	0.11658	supercritical
334.69	822.00	300.22	0.0033309	544.94	818.74	2.9404	2.0154	3.0848	1087.5	-0.034487	4.0150e-05	0.11640	supercritical
335.69	822.00	299.61	0.0033377	547.47	821.83	2.9496	2.0174	3.0858	1085.9	-0.034385	4.0036e-05	0.11622	supercritical
336.69	822.00	299.00	0.0033445	550.00	824.92	2.9588	2.0194	3.0869	1084.3	-0.034283	3.9922e-05	0.11604	supercritical
337.69	822.00	298.39	0.0033513	552.53	828.00	2.9680	2.0215	3.0879	1082.7	-0.034182	3.9810e-05	0.11587	supercritical
338.69	822.00	297.79	0.0033581	555.06	831.09	2.9771	2.0235	3.0890	1081.2	-0.034082	3.9698e-05	0.11570	supercritical
339.69	822.00	297.19	0.0033649	557.59	834.18	2.9862	2.0256	3.0901	1079.6	-0.033982	3.9588e-05	0.11553	supercritical
340.69	822.00	296.59	0.0033717	560.12	837.27	2.9953	2.0277	3.0912	1078.1	-0.033882	3.9479e-05	0.11537	supercritical
341.69	822.00	295.99	0.0033785	562.65	840.36	3.0043	2.0298	3.0923	1076.6	-0.033783	3.9371e-05	0.11520	supercritical
342.69	822.00	295.39	0.0033854	565.18	843.46	3.0134	2.0319	3.0934	1075.1	-0.033685	3.9263e-05	0.11504	supercritical
343.69	822.00	294.79	0.0033922	567.71	846.55	3.0224	2.0340	3.0945	1073.6	-0.033587	3.9157e-05	0.11488	supercritical
344.69	822.00	294.20	0.0033991	570.24	849.64	3.0314	2.0362	3.0957	1072.1	-0.033489	3.9052e-05	0.11473	supercritical
345.69	822.00	293.61	0.0034059	572.77	852.74	3.0404	2.0384	3.0968	1070.7	-0.033392	3.8948e-05	0.11457	supercritical
346.69	822.00	293.02	0.0034128	575.31	855.84	3.0493	2.0406	3.0980	1069.2	-0.033296	3.8845e-05	0.11442	supercritical
347.69	822.00	292.43	0.0034196	577.84	858.94	3.0582	2.0428	3.0991	1067.8	-0.033200	3.8744e-05	0.11428	supercritical
348.69	822.00	291.84	0.0034265	580.38	862.04	3.0671	2.0450	3.1003	1066.3	-0.033105	3.8643e-05	0.11413	supercritical
349.69	822.00	291.26	0.0034334	582.91	865.14	3.0760	2.0472	3.1015	1064.9	-0.033010	3.8543e-05	0.11399	supercritical
350.69	822.00	290.67	0.0034403	585.45	868.24	3.0849	2.0495	3.1027	1063.5	-0.032915	3.8444e-05	0.11385	supercritical
351.69	822.00	290.09	0.0034472	587.98	871.34	3.0937	2.0517	3.1039	1062.1	-0.032821	3.8346e-05	0.11371	supercritical
352.69	822.00	289.51	0.0034541	590.52	874.45	3.1025	2.0540	3.1052	1060.7	-0.032728	3.8249e-05	0.11357	supercritical
353.69	822.00	288.93	0.0034610	593.06	877.55	3.1113	2.0563	3.1064	1059.3	-0.032635	3.8152e-05	0.11344	supercritical
354.69	822.00	288.35	0.0034680	595.59	880.66	3.1201	2.0586	3.1076	1058.0	-0.032543	3.8057e-05	0.11331	supercritical
355.69	822.00	287.78	0.0034749	598.13	883.77	3.1288	2.0610	3.1089	1056.6	-0.032451	3.7963e-05	0.11318	supercritical
356.69	822.00	287.21	0.0034818	600.67	886.88	3.1376	2.0633	3.1102	1055.3	-0.032360	3.7870e-05	0.11305	supercritical
357.69	822.00	286.63	0.0034888	603.21	889.99	3.1463	2.0657	3.1114	1054.0	-0.032270	3.7777e-05	0.11293	supercritical
358.69	822.00	286.06	0.0034957	605.75	893.10	3.1550	2.0680	3.1127	1052.6	-0.032180	3.7686e-05	0.11281	supercritical
359.69	822.00	285.50	0.0035027	608.29	896.21	3.1636	2.0704	3.1140	1051.3	-0.032090	3.7595e-05	0.11269	supercritical
360.69	822.00	284.93	0.0035096	610.84	899.33	3.1723	2.0728	3.1153	1050.0	-0.032001	3.7506e-05	0.11257	supercritical
361.69	822.00	284.37	0.0035166	613.38	902.44	3.1809	2.0752	3.1166	1048.7	-0.031913	3.7417e-05	0.11245	supercritical
362.69	822.00	283.80	0.0035236	615.92	905.56	3.1895	2.0777	3.1180	1047.5	-0.031825	3.7329e-05	0.11234	supercritical
363.69	822.00	283.24	0.0035306	618.47	908.68	3.1981	2.0801	3.1193	1046.2	-0.031738	3.7242e-05	0.11223	supercritical
364.69	822.00	282.68	0.0035376	621.01	911.80	3.2067	2.0826	3.1206	1045.0	-0.031651	3.7155e-05	0.11212	supercritical
365.69	822.00	282.12	0.0035445	623.56	914.92	3.2152	2.0850	3.1220	1043.7	-0.031565	3.7070e-05	0.11201	supercritical
366.69	822.00	281.57	0.0035515	626.11	918.04	3.2237	2.0875	3.1234	1042.5	-0.031480	3.6985e-05	0.11191	supercritical
367.69	822.00	281.01	0.0035586	628.66	921.17	3.2322	2.0900	3.1247	1041.3	-0.031395	3.6902e-05	0.11181	supercritical
368.69	822.00	280.46	0.0035656	631.20	924.29	3.2407	2.0925	3.1261	1040.1	-0.031311	3.6819e-05	0.11171	supercritical
369.69	822.00	279.91	0.0035726	633.75	927.42	3.2492	2.0950	3.1275	1038.9	-0.031227	3.6737e-05	0.11161	supercritical
370.69	822.00	279.36	0.0035796	636.31	930.55	3.2577	2.0976	3.1289	1037.7	-0.031144	3.6655e-05	0.11151	supercritical
371.69	822.00	278.81	0.0035866	638.86	933.68	3.2661	2.1001	3.1304	1036.5	-0.031061	3.6575e-05	0.11142	supercritical
372.69	822.00	278.27	0.0035937	641.41	936.81	3.2745	2.1027	3.1318	1035.3	-0.030979	3.6495e-05	0.11133	supercritical
373.69	822.00	277.72	0.0036007	643.96	939.94	3.2829	2.1053	3.1332	1034.2	-0.030897	3.6416e-05	0.11124	supercritical
374.69	822.00	277.18	0.0036078	646.52	943.08	3.2913	2.1078	3.1347	1033.0	-0.030817	3.6338e-05	0.11115	supercritical
375.69	822.00	276.64	0.0036148	649.07	946.21	3.2996	2.1104	3.1361	1031.9	-0.030736	3.6260e-05	0.11107	supercritical
376.69	822.00	276.10	0.0036219	651.63	949.35	3.3080	2.1131	3.1376	1030.7	-0.030657	3.6184e-05	0.11098	supercritical
377.69	822.00	275.56	0.0036289	654.19	952.49	3.3163	2.1157	3.1391	1029.6	-0.030577	3.6108e-05	0.11090	supercritical
378.69	822.00	275.03	0.0036360	656.75	955.63	3.3246	2.1183	3.1406	1028.5	-0.030499	3.6033e-05	0.11082	supercritical
379.69	822.00	274.49	0.0036431	659.31	958.77	3.3329	2.1210	3.1420	1027.4	-0.030421	3.5958e-05	0.11074	supercritical
380.69	822.00	273.96	0.0036502	661.87	961.91	3.3411	2.1236	3.1435	1026.3	-0.030344	3.5885e-05	0.11067	supercritical
381.69	822.00	273.43	0.0036573	664.43	965.06	3.3494	2.1263	3.1451	1025.3	-0.030267	3.5812e-05	0.11059	supercritical
382.69	822.00	272.90	0.0036643	666.99	968.20	3.3576	2.1290	3.1466	1024.2	-0.030191	3.5739e-05	0.11052	supercritical
383.69	822.00	272.37	0.0036714	669.56	971.35	3.3658	2.1317	3.1481	1023.1	-0.030115	3.5668e-05	0.11045	supercritical
384.69	822.00	271.85	0.0036785	672.12	974.50	3.3740	2.1344	3.1497	1022.1	-0.030040	3.5597e-05	0.11038	supercritical
385.69	822.00	271.32	0.0036856	674.69	977.65	3.3822	2.1371	3.1512	1021.0	-0.029965	3.5527e-05	0.11032	supercritical
386.69	822.00	270.80	0.0036928	677.26	980.80	3.3904	2.1398	3.1528	1020.0	-0.029892	3.5457e-05	0.11025	supercritical
387.69	822.00	270.28	0.0036999	679.82	983.95	3.3985	2.1425	3.1543	1019.0	-0.029818	3.5389e-05	0.11019	supercritical
388.69	822.00	269.76	0.0037070	682.39	987.11	3.4066	2.1453	3.1559	1018.0	-0.029746	3.5321e-05	0.11013	supercritical
389.69	822.00	269.24	0.0037141	684.96	990.27	3.4148	2.1480	3.1575	1017.0	-0.029673	3.5253e-05	0.11007	supercritical
390.69	822.00	268.73	0.0037212	687.54	993.42	3.4228	2.1508	3.1591	1016.0	-0.029602	3.5186e-05	0.11001	supercritical
391.69	822.00	268.21	0.0037284	690.11	996.58	3.4309	2.1536	3.1607	1015.0	-0.029531	3.5120e-05	0.10996	supercritical
392.69	822.00	267.70	0.0037355	692.69	999.74	3.4390	2.1564	3.1623	1014.0	-0.029461	3.5055e-05	0.10990	supercritical
393.69	822.00	267.19	0.0037427	695.26	1002.9	3.4470	2.1592	3.1639	1013.0	-0.029391	3.4990e-05	0.10985	supercritical
394.69	822.00	266.68	0.0037498	697.84	1006.1	3.4551	2.1620	3.1656	1012.1	-0.029322	3.4926e-05	0.10980	supercritical
395.69	822.00	266.17	0.0037570	700.42	1009.2	3.4631	2.1648	3.1672	1011.1	-0.029253	3.4862e-05	0.10975	supercritical
396.69	822.00	265.67	0.0037641	703.00	1012.4	3.4711	2.1676	3.1689	1010.2	-0.029185	3.4799e-05	0.10971	supercritical
397.69	822.00	265.16	0.0037713	705.58	1015.6	3.4790	2.1705	3.1705	1009.3	-0.029118	3.4737e-05	0.10966	supercritical
398.69	822.00	264.66	0.0037784	708.16	1018.7	3.4870	2.1733	3.1722	1008.3	-0.029051	3.4675e-05	0.10962	supercritical
399.69	822.00	264.16	0.0037856	710.74	1021.9	3.4950	2.1762	3.1738	1007.4	-0.028984	3.4614e-05	0.10958	supercritical
400.69	822.00	263.66	0.0037928	713.33	1025.1	3.5029	2.1790	3.1755	1006.5	-0.028919	3.4554e-05	0.10954	supercritical
401.69	822.00	263.16	0.0037999	715.92	1028.3	3.5108	2.1819	3.1772	1005.6	-0.028853	3.4494e-05	0.10950	supercritical
402.69	822.00	262.67	0.0038071	718.50	1031.5	3.5187	2.1848	3.1789	1004.7	-0.028789	3.4435e-05	0.10946	supercritical
403.69	822.00	262.17	0.0038143	721.09	1034.6	3.5266	2.1877	3.1806	1003.9	-0.028725	3.4376e-05	0.10943	supercritical
404.69	822.00	261.68	0.0038215	723.68	1037.8	3.5345	2.1906	3.1824	1003.0	-0.028661	3.4318e-05	0.10939	supercritical
405.69	822.00	261.19	0.0038287	726.28	1041.0	3.5423	2.1935	3.1841	1002.1	-0.028599	3.4260e-05	0.10936	supercritical
406.69	822.00	260.70	0.0038359	728.87	1044.2	3.5502	2.1964	3.1858	1001.3	-0.028536	3.4203e-05	0.10933	supercritical
407.69	822.00	260.21	0.0038431	731.47	1047.4	3.5580	2.1993	3.1876	1000.4	-0.028474	3.4147e-05	0.10930	supercritical
408.69	822.00	259.72	0.0038503	734.06	1050.6	3.5658	2.2023	3.1893	999.58	-0.028413	3.4091e-05	0.10928	supercritical
409.69	822.00	259.24	0.0038575	736.66	1053.7	3.5736	2.2052	3.1911	998.75	-0.028353	3.4036e-05	0.10925	supercritical
410.69	822.00	258.75	0.0038647	739.26	1056.9	3.5814	2.2082	3.1928	997.93	-0.028293	3.3981e-05	0.10923	supercritical
411.69	822.00	258.27	0.0038719	741.86	1060.1	3.5891	2.2111	3.1946	997.11	-0.028233	3.3927e-05	0.10920	supercritical
412.69	822.00	257.79	0.0038791	744.46	1063.3	3.5969	2.2141	3.1964	996.30	-0.028174	3.3874e-05	0.10918	supercritical
413.69	822.00	257.31	0.0038863	747.07	1066.5	3.6046	2.2171	3.1982	995.50	-0.028116	3.3820e-05	0.10916	supercritical
414.69	822.00	256.83	0.0038936	749.67	1069.7	3.6124	2.2201	3.2000	994.71	-0.028058	3.3768e-05	0.10915	supercritical
415.69	822.00	256.36	0.0039008	752.28	1072.9	3.6201	2.2230	3.2018	993.93	-0.028001	3.3716e-05	0.10913	supercritical
416.69	822.00	255.88	0.0039080	754.89	1076.1	3.6278	2.2260	3.2036	993.15	-0.027944	3.3664e-05	0.10912	supercritical
417.69	822.00	255.41	0.0039153	757.50	1079.3	3.6354	2.2291	3.2054	992.39	-0.027888	3.3613e-05	0.10910	supercritical
418.69	822.00	254.94	0.0039225	760.11	1082.5	3.6431	2.2321	3.2073	991.62	-0.027832	3.3563e-05	0.10909	supercritical
419.69	822.00	254.47	0.0039297	762.72	1085.7	3.6508	2.2351	3.2091	990.87	-0.027777	3.3513e-05	0.10908	supercritical
420.69	822.00	254.00	0.0039370	765.34	1089.0	3.6584	2.2381	3.2109	990.13	-0.027722	3.3464e-05	0.10907	supercritical
421.69	822.00	253.54	0.0039442	767.95	1092.2	3.6660	2.2411	3.2128	989.39	-0.027668	3.3415e-05	0.10906	supercritical
422.69	822.00	253.07	0.0039515	770.57	1095.4	3.6736	2.2442	3.2147	988.66	-0.027615	3.3366e-05	0.10906	supercritical
423.69	822.00	252.61	0.0039587	773.19	1098.6	3.6812	2.2472	3.2165	987.93	-0.027562	3.3318e-05	0.10905	supercritical
424.69	822.00	252.15	0.0039660	775.81	1101.8	3.6888	2.2503	3.2184	987.22	-0.027509	3.3271e-05	0.10905	supercritical
425.69	822.00	251.69	0.0039732	778.43	1105.0	3.6964	2.2534	3.2203	986.51	-0.027457	3.3224e-05	0.10905	supercritical
426.69	822.00	251.23	0.0039805	781.06	1108.3	3.7040	2.2564	3.2222	985.80	-0.027406	3.3177e-05	0.10905	supercritical
427.69	822.00	250.77	0.0039877	783.69	1111.5	3.7115	2.2595	3.2241	985.11	-0.027355	3.3131e-05	0.10905	supercritical
428.69	822.00	250.31	0.0039950	786.31	1114.7	3.7190	2.2626	3.2260	984.42	-0.027305	3.3086e-05	0.10905	supercritical
429.69	822.00	249.86	0.0040023	788.94	1117.9	3.7266	2.2657	3.2279	983.74	-0.027255	3.3040e-05	0.10905	supercritical
430.69	822.00	249.41	0.0040095	791.57	1121.2	3.7341	2.2688	3.2298	983.07	-0.027206	3.2996e-05	0.10906	supercritical
431.69	822.00	248.95	0.0040168	794.21	1124.4	3.7415	2.2719	3.2318	982.40	-0.027157	3.2952e-05	0.10906	supercritical
432.69	822.00	248.50	0.0040241	796.84	1127.6	3.7490	2.2750	3.2337	981.74	-0.027108	3.2908e-05	0.10907	supercritical
433.69	822.00	248.06	0.0040313	799.48	1130.9	3.7565	2.2781	3.2356	981.09	-0.027061	3.2865e-05	0.10908	supercritical
434.69	822.00	247.61	0.0040386	802.12	1134.1	3.7640	2.2812	3.2376	980.44	-0.027013	3.2822e-05	0.10909	supercritical
435.69	822.00	247.16	0.0040459	804.76	1137.3	3.7714	2.2843	3.2395	979.80	-0.026967	3.2779e-05	0.10910	supercritical
436.69	822.00	246.72	0.0040532	807.40	1140.6	3.7788	2.2875	3.2415	979.17	-0.026920	3.2737e-05	0.10911	supercritical
437.69	822.00	246.28	0.0040605	810.04	1143.8	3.7862	2.2906	3.2435	978.54	-0.026874	3.2696e-05	0.10913	supercritical
438.69	822.00	245.84	0.0040678	812.69	1147.1	3.7936	2.2938	3.2455	977.92	-0.026829	3.2655e-05	0.10914	supercritical
439.69	822.00	245.40	0.0040750	815.34	1150.3	3.8010	2.2969	3.2474	977.31	-0.026784	3.2614e-05	0.10916	supercritical
440.69	822.00	244.96	0.0040823	817.99	1153.6	3.8084	2.3001	3.2494	976.70	-0.026740	3.2574e-05	0.10917	supercritical
441.69	822.00	244.52	0.0040896	820.64	1156.8	3.8158	2.3032	3.2514	976.10	-0.026696	3.2534e-05	0.10919	supercritical
442.69	822.00	244.09	0.0040969	823.29	1160.1	3.8231	2.3064	3.2534	975.51	-0.026653	3.2494e-05	0.10921	supercritical
443.69	822.00	243.65	0.0041042	825.94	1163.3	3.8305	2.3096	3.2555	974.92	-0.026610	3.2455e-05	0.10923	supercritical
444.69	822.00	243.22	0.0041115	828.60	1166.6	3.8378	2.3127	3.2575	974.34	-0.026567	3.2417e-05	0.10926	supercritical
445.69	822.00	242.79	0.0041188	831.26	1169.8	3.8451	2.3159	3.2595	973.76	-0.026526	3.2379e-05	0.10928	supercritical
446.69	822.00	242.36	0.0041261	833.92	1173.1	3.8524	2.3191	3.2615	973.19	-0.026484	3.2341e-05	0.10931	supercritical
447.69	822.00	241.93	0.0041334	836.58	1176.3	3.8597	2.3223	3.2636	972.63	-0.026443	3.2303e-05	0.10933	supercritical
448.69	822.00	241.50	0.0041407	839.25	1179.6	3.8670	2.3255	3.2656	972.07	-0.026403	3.2266e-05	0.10936	supercritical
449.69	822.00	241.08	0.0041480	841.91	1182.9	3.8743	2.3287	3.2677	971.52	-0.026362	3.2230e-05	0.10939	supercritical
450.69	822.00	240.65	0.0041554	844.58	1186.1	3.8816	2.3319	3.2698	970.98	-0.026323	3.2194e-05	0.10942	supercritical
451.69	822.00	240.23	0.0041627	847.25	1189.4	3.8888	2.3351	3.2718	970.44	-0.026284	3.2158e-05	0.10945	supercritical
452.69	822.00	239.81	0.0041700	849.92	1192.7	3.8960	2.3383	3.2739	969.91	-0.026245	3.2122e-05	0.10948	supercritical
453.69	822.00	239.39	0.0041773	852.59	1196.0	3.9033	2.3415	3.2760	969.38	-0.026207	3.2087e-05	0.10951	supercritical
454.69	822.00	238.97	0.0041846	855.27	1199.2	3.9105	2.3448	3.2781	968.86	-0.026169	3.2052e-05	0.10954	supercritical
455.69	822.00	238.55	0.0041919	857.95	1202.5	3.9177	2.3480	3.2802	968.34	-0.026132	3.2018e-05	0.10958	supercritical
456.69	822.00	238.14	0.0041992	860.63	1205.8	3.9249	2.3512	3.2823	967.84	-0.026095	3.1984e-05	0.10962	supercritical
457.69	822.00	237.72	0.0042066	863.31	1209.1	3.9321	2.3545	3.2844	967.33	-0.026058	3.1951e-05	0.10965	supercritical
458.69	822.00	237.31	0.0042139	865.99	1212.4	3.9392	2.3577	3.2865	966.83	-0.026022	3.1917e-05	0.10969	supercritical
459.69	822.00	236.90	0.0042212	868.68	1215.7	3.9464	2.3609	3.2886	966.34	-0.025986	3.1884e-05	0.10973	supercritical
460.69	822.00	236.49	0.0042285	871.37	1219.0	3.9535	2.3642	3.2907	965.85	-0.025951	3.1852e-05	0.10977	supercritical
461.69	822.00	236.08	0.0042359	874.06	1222.2	3.9607	2.3675	3.2929	965.37	-0.025916	3.1820e-05	0.10981	supercritical
462.69	822.00	235.67	0.0042432	876.75	1225.5	3.9678	2.3707	3.2950	964.90	-0.025882	3.1788e-05	0.10985	supercritical
463.69	822.00	235.27	0.0042505	879.44	1228.8	3.9749	2.3740	3.2971	964.43	-0.025848	3.1756e-05	0.10990	supercritical
464.69	822.00	234.86	0.0042578	882.14	1232.1	3.9820	2.3772	3.2993	963.96	-0.025815	3.1725e-05	0.10994	supercritical
465.69	822.00	234.46	0.0042652	884.83	1235.4	3.9891	2.3805	3.3014	963.50	-0.025781	3.1694e-05	0.10999	supercritical
466.69	822.00	234.05	0.0042725	887.53	1238.7	3.9962	2.3838	3.3036	963.05	-0.025749	3.1664e-05	0.11003	supercritical
467.69	822.00	233.65	0.0042798	890.24	1242.0	4.0033	2.3871	3.3058	962.60	-0.025716	3.1634e-05	0.11008	supercritical
468.69	822.00	233.25	0.0042872	892.94	1245.3	4.0103	2.3903	3.3079	962.16	-0.025685	3.1604e-05	0.11013	supercritical
469.69	822.00	232.86	0.0042945	895.65	1248.7	4.0174	2.3936	3.3101	961.72	-0.025653	3.1574e-05	0.11018	supercritical
470.69	822.00	232.46	0.0043018	898.35	1252.0	4.0244	2.3969	3.3123	961.28	-0.025622	3.1545e-05	0.11023	supercritical
471.69	822.00	232.06	0.0043092	901.07	1255.3	4.0315	2.4002	3.3145	960.86	-0.025591	3.1516e-05	0.11028	supercritical
472.69	822.00	231.67	0.0043165	903.78	1258.6	4.0385	2.4035	3.3167	960.43	-0.025561	3.1488e-05	0.11034	supercritical
473.69	822.00	231.28	0.0043239	906.49	1261.9	4.0455	2.4068	3.3189	960.01	-0.025531	3.1460e-05	0.11039	supercritical
474.69	822.00	230.88	0.0043312	909.21	1265.2	4.0525	2.4101	3.3211	959.60	-0.025501	3.1432e-05	0.11044	supercritical
475.69	822.00	230.49	0.0043385	911.93	1268.6	4.0595	2.4134	3.3233	959.19	-0.025472	3.1404e-05	0.11050	supercritical
476.69	822.00	230.10	0.0043459	914.65	1271.9	4.0665	2.4167	3.3255	958.79	-0.025444	3.1377e-05	0.11056	supercritical
477.69	822.00	229.72	0.0043532	917.37	1275.2	4.0734	2.4200	3.3278	958.39	-0.025415	3.1350e-05	0.11061	supercritical
478.69	822.00	229.33	0.0043606	920.10	1278.5	4.0804	2.4233	3.3300	958.00	-0.025387	3.1323e-05	0.11067	supercritical
479.69	822.00	228.94	0.0043679	922.82	1281.9	4.0874	2.4266	3.3322	957.61	-0.025359	3.1297e-05	0.11073	supercritical
480.69	822.00	228.56	0.0043752	925.55	1285.2	4.0943	2.4300	3.3345	957.23	-0.025332	3.1271e-05	0.11079	supercritical
481.69	822.00	228.18	0.0043826	928.29	1288.5	4.1012	2.4333	3.3367	956.85	-0.025305	3.1245e-05	0.11085	supercritical
482.69	822.00	227.79	0.0043899	931.02	1291.9	4.1081	2.4366	3.3390	956.47	-0.025279	3.1220e-05	0.11091	supercritical
483.69	822.00	227.41	0.0043973	933.76	1295.2	4.1151	2.4399	3.3412	956.10	-0.025252	3.1195e-05	0.11098	supercritical
484.69	822.00	227.03	0.0044046	936.49	1298.6	4.1220	2.4433	3.3435	955.74	-0.025226	3.1170e-05	0.11104	supercritical
485.69	822.00	226.66	0.0044120	939.24	1301.9	4.1289	2.4466	3.3458	955.38	-0.025201	3.1145e-05	0.11111	supercritical
486.69	822.00	226.28	0.0044193	941.98	1305.2	4.1357	2.4499	3.3480	955.02	-0.025176	3.1121e-05	0.11117	supercritical
487.69	822.00	225.90	0.0044267	944.72	1308.6	4.1426	2.4533	3.3503	954.67	-0.025151	3.1097e-05	0.11124	supercritical
488.69	822.00	225.53	0.0044340	947.47	1311.9	4.1495	2.4566	3.3526	954.33	-0.025127	3.1073e-05	0.11131	supercritical
489.69	822.00	225.16	0.0044414	950.22	1315.3	4.1563	2.4599	3.3549	953.98	-0.025102	3.1050e-05	0.11137	supercritical
490.69	822.00	224.78	0.0044487	952.97	1318.7	4.1632	2.4633	3.3572	953.65	-0.025079	3.1026e-05	0.11144	supercritical
491.69	822.00	224.41	0.0044561	955.73	1322.0	4.1700	2.4666	3.3595	953.31	-0.025055	3.1004e-05	0.11151	supercritical
492.69	822.00	224.04	0.0044634	958.48	1325.4	4.1768	2.4700	3.3618	952.99	-0.025032	3.0981e-05	0.11158	supercritical
493.69	822.00	223.67	0.0044708	961.24	1328.7	4.1837	2.4733	3.3641	952.66	-0.025009	3.0958e-05	0.11166	supercritical
494.69	822.00	223.31	0.0044781	964.00	1332.1	4.1905	2.4767	3.3664	952.34	-0.024987	3.0936e-05	0.11173	supercritical
495.69	822.00	222.94	0.0044855	966.77	1335.5	4.1973	2.4801	3.3687	952.02	-0.024965	3.0915e-05	0.11180	supercritical
496.69	822.00	222.58	0.0044928	969.53	1338.8	4.2041	2.4834	3.3710	951.71	-0.024943	3.0893e-05	0.11188	supercritical
497.69	822.00	222.21	0.0045002	972.30	1342.2	4.2108	2.4868	3.3734	951.41	-0.024921	3.0872e-05	0.11195	supercritical
498.69	822.00	221.85	0.0045075	975.07	1345.6	4.2176	2.4901	3.3757	951.10	-0.024900	3.0851e-05	0.11203	supercritical
499.69	822.00	221.49	0.0045149	977.84	1349.0	4.2244	2.4935	3.3780	950.80	-0.024879	3.0830e-05	0.11210	supercritical
500.69	822.00	221.13	0.0045222	980.62	1352.3	4.2311	2.4969	3.3804	950.51	-0.024858	3.0809e-05	0.11218	supercritical
501.69	822.00	220.77	0.0045296	983.39	1355.7	4.2379	2.5002	3.3827	950.22	-0.024838	3.0789e-05	0.11226	supercritical
502.69	822.00	220.41	0.0045370	986.17	1359.1	4.2446	2.5036	3.3851	949.93	-0.024818	3.0769e-05	0.11234	supercritical
503.69	822.00	220.06	0.0045443	988.95	1362.5	4.2514	2.5070	3.3874	949.65	-0.024798	3.0749e-05	0.11242	supercritical
504.69	822.00	219.70	0.0045517	991.74	1365.9	4.2581	2.5104	3.3898	949.37	-0.024779	3.0729e-05	0.11250	supercritical
505.69	822.00	219.35	0.0045590	994.52	1369.3	4.2648	2.5137	3.3922	949.09	-0.024760	3.0710e-05	0.11258	supercritical
506.69	822.00	218.99	0.0045664	997.31	1372.7	4.2715	2.5171	3.3945	948.82	-0.024741	3.0691e-05	0.11266	supercritical
507.69	822.00	218.64	0.0045737	1000.1	1376.1	4.2782	2.5205	3.3969	948.56	-0.024723	3.0672e-05	0.11274	supercritical
508.69	822.00	218.29	0.0045811	1002.9	1379.5	4.2849	2.5239	3.3993	948.29	-0.024704	3.0654e-05	0.11283	supercritical
509.69	822.00	217.94	0.0045884	1005.7	1382.9	4.2916	2.5272	3.4017	948.03	-0.024686	3.0635e-05	0.11291	supercritical
510.69	822.00	217.59	0.0045958	1008.5	1386.3	4.2982	2.5306	3.4041	947.78	-0.024669	3.0617e-05	0.11300	supercritical
511.69	822.00	217.24	0.0046031	1011.3	1389.7	4.3049	2.5340	3.4064	947.53	-0.024651	3.0599e-05	0.11308	supercritical
512.69	822.00	216.90	0.0046105	1014.1	1393.1	4.3115	2.5374	3.4088	947.28	-0.024634	3.0582e-05	0.11317	supercritical
513.69	822.00	216.55	0.0046179	1016.9	1396.5	4.3182	2.5408	3.4112	947.03	-0.024617	3.0564e-05	0.11326	supercritical
514.69	822.00	216.21	0.0046252	1019.7	1399.9	4.3248	2.5442	3.4137	946.79	-0.024601	3.0547e-05	0.11335	supercritical
515.69	822.00	215.86	0.0046326	1022.5	1403.3	4.3314	2.5476	3.4161	946.56	-0.024584	3.0530e-05	0.11344	supercritical
516.69	822.00	215.52	0.0046399	1025.3	1406.7	4.3381	2.5510	3.4185	946.32	-0.024568	3.0513e-05	0.11353	supercritical
517.69	822.00	215.18	0.0046473	1028.1	1410.2	4.3447	2.5544	3.4209	946.09	-0.024553	3.0497e-05	0.11362	supercritical
518.69	822.00	214.84	0.0046546	1031.0	1413.6	4.3513	2.5578	3.4233	945.87	-0.024537	3.0480e-05	0.11371	supercritical
519.69	822.00	214.50	0.0046620	1033.8	1417.0	4.3579	2.5611	3.4257	945.65	-0.024522	3.0464e-05	0.11380	supercritical
520.69	822.00	214.16	0.0046693	1036.6	1420.4	4.3645	2.5645	3.4282	945.43	-0.024507	3.0448e-05	0.11389	supercritical
521.69	822.00	213.83	0.0046767	1039.4	1423.9	4.3710	2.5679	3.4306	945.21	-0.024492	3.0433e-05	0.11398	supercritical
522.69	822.00	213.49	0.0046840	1042.3	1427.3	4.3776	2.5713	3.4330	945.00	-0.024478	3.0417e-05	0.11408	supercritical
523.69	822.00	213.16	0.0046914	1045.1	1430.7	4.3842	2.5747	3.4355	944.79	-0.024463	3.0402e-05	0.11417	supercritical
524.69	822.00	212.82	0.0046987	1047.9	1434.2	4.3907	2.5781	3.4379	944.58	-0.024449	3.0387e-05	0.11427	supercritical
525.69	822.00	212.49	0.0047061	1050.8	1437.6	4.3973	2.5815	3.4404	944.38	-0.024435	3.0372e-05	0.11436	supercritical
526.69	822.00	212.16	0.0047135	1053.6	1441.0	4.4038	2.5849	3.4428	944.18	-0.024422	3.0357e-05	0.11446	supercritical
527.69	822.00	211.83	0.0047208	1056.4	1444.5	4.4104	2.5884	3.4453	943.99	-0.024409	3.0343e-05	0.11456	supercritical
528.69	822.00	211.50	0.0047282	1059.3	1447.9	4.4169	2.5918	3.4478	943.80	-0.024395	3.0329e-05	0.11466	supercritical
529.69	822.00	211.17	0.0047355	1062.1	1451.4	4.4234	2.5952	3.4502	943.61	-0.024383	3.0315e-05	0.11476	supercritical
530.69	822.00	210.84	0.0047429	1065.0	1454.8	4.4299	2.5986	3.4527	943.42	-0.024370	3.0301e-05	0.11485	supercritical
531.69	822.00	210.52	0.0047502	1067.8	1458.3	4.4364	2.6020	3.4552	943.24	-0.024358	3.0287e-05	0.11495	supercritical
532.69	822.00	210.19	0.0047576	1070.7	1461.7	4.4429	2.6054	3.4576	943.06	-0.024345	3.0274e-05	0.11506	supercritical
533.69	822.00	209.87	0.0047649	1073.5	1465.2	4.4494	2.6088	3.4601	942.89	-0.024333	3.0261e-05	0.11516	supercritical
534.69	822.00	209.54	0.0047723	1076.4	1468.7	4.4559	2.6122	3.4626	942.71	-0.024322	3.0248e-05	0.11526	supercritical
535.69	822.00	209.22	0.0047796	1079.2	1472.1	4.4624	2.6156	3.4651	942.55	-0.024310	3.0235e-05	0.11536	supercritical
536.69	822.00	208.90	0.0047870	1082.1	1475.6	4.4688	2.6190	3.4676	942.38	-0.024299	3.0222e-05	0.11546	supercritical
537.69	822.00	208.58	0.0047943	1085.0	1479.1	4.4753	2.6224	3.4701	942.22	-0.024288	3.0210e-05	0.11557	supercritical
538.69	822.00	208.26	0.0048017	1087.8	1482.5	4.4817	2.6259	3.4726	942.06	-0.024277	3.0197e-05	0.11567	supercritical
539.69	822.00	207.94	0.0048090	1090.7	1486.0	4.4882	2.6293	3.4751	941.90	-0.024266	3.0185e-05	0.11578	supercritical
540.69	822.00	207.63	0.0048164	1093.6	1489.5	4.4946	2.6327	3.4776	941.74	-0.024256	3.0173e-05	0.11588	supercritical
541.69	822.00	207.31	0.0048237	1096.5	1493.0	4.5010	2.6361	3.4801	941.59	-0.024246	3.0161e-05	0.11599	supercritical
542.69	822.00	206.99	0.0048311	1099.3	1496.4	4.5074	2.6395	3.4826	941.45	-0.024236	3.0150e-05	0.11610	supercritical
543.69	822.00	206.68	0.0048384	1102.2	1499.9	4.5139	2.6429	3.4851	941.30	-0.024226	3.0138e-05	0.11621	supercritical
544.69	822.00	206.37	0.0048457	1105.1	1503.4	4.5203	2.6463	3.4876	941.16	-0.024216	3.0127e-05	0.11631	supercritical
545.69	822.00	206.05	0.0048531	1108.0	1506.9	4.5267	2.6498	3.4901	941.02	-0.024207	3.0116e-05	0.11642	supercritical
546.69	822.00	205.74	0.0048604	1110.9	1510.4	4.5331	2.6532	3.4927	940.88	-0.024197	3.0105e-05	0.11653	supercritical
547.69	822.00	205.43	0.0048678	1113.8	1513.9	4.5394	2.6566	3.4952	940.75	-0.024188	3.0095e-05	0.11664	supercritical
548.69	822.00	205.12	0.0048751	1116.6	1517.4	4.5458	2.6600	3.4977	940.62	-0.024179	3.0084e-05	0.11675	supercritical
549.69	822.00	204.81	0.0048825	1119.5	1520.9	4.5522	2.6634	3.5003	940.49	-0.024171	3.0074e-05	0.11686	supercritical
550.69	822.00	204.51	0.0048898	1122.4	1524.4	4.5586	2.6668	3.5028	940.37	-0.024162	3.0064e-05	0.11698	supercritical
551.69	822.00	204.20	0.0048972	1125.3	1527.9	4.5649	2.6702	3.5053	940.24	-0.024154	3.0054e-05	0.11709	supercritical
552.69	822.00	203.89	0.0049045	1128.2	1531.4	4.5713	2.6737	3.5079	940.12	-0.024146	3.0044e-05	0.11720	supercritical
553.69	822.00	203.59	0.0049118	1131.2	1534.9	4.5776	2.6771	3.5104	940.01	-0.024138	3.0034e-05	0.11731	supercritical
554.69	822.00	203.29	0.0049192	1134.1	1538.4	4.5839	2.6805	3.5130	939.89	-0.024130	3.0025e-05	0.11743	supercritical
555.69	822.00	202.98	0.0049265	1137.0	1541.9	4.5903	2.6839	3.5155	939.78	-0.024122	3.0015e-05	0.11754	supercritical
556.69	822.00	202.68	0.0049339	1139.9	1545.4	4.5966	2.6873	3.5181	939.67	-0.024115	3.0006e-05	0.11766	supercritical
557.69	822.00	202.38	0.0049412	1142.8	1549.0	4.6029	2.6908	3.5206	939.57	-0.024107	2.9997e-05	0.11778	supercritical
558.69	822.00	202.08	0.0049485	1145.7	1552.5	4.6092	2.6942	3.5232	939.46	-0.024100	2.9988e-05	0.11789	supercritical
559.69	822.00	201.78	0.0049559	1148.6	1556.0	4.6155	2.6976	3.5258	939.36	-0.024093	2.9980e-05	0.11801	supercritical
560.69	822.00	201.48	0.0049632	1151.6	1559.5	4.6218	2.7010	3.5283	939.26	-0.024087	2.9971e-05	0.11813	supercritical
561.69	822.00	201.19	0.0049705	1154.5	1563.1	4.6281	2.7044	3.5309	939.17	-0.024080	2.9963e-05	0.11824	supercritical
562.69	822.00	200.89	0.0049779	1157.4	1566.6	4.6344	2.7078	3.5335	939.07	-0.024074	2.9955e-05	0.11836	supercritical
563.69	822.00	200.59	0.0049852	1160.4	1570.1	4.6407	2.7113	3.5360	938.98	-0.024067	2.9946e-05	0.11848	supercritical
564.69	822.00	200.30	0.0049925	1163.3	1573.7	4.6469	2.7147	3.5386	938.90	-0.024061	2.9939e-05	0.11860	supercritical
565.69	822.00	200.00	0.0049999	1166.2	1577.2	4.6532	2.7181	3.5412	938.81	-0.024055	2.9931e-05	0.11872	supercritical
566.69	822.00	199.71	0.0050072	1169.2	1580.8	4.6595	2.7215	3.5438	938.73	-0.024049	2.9923e-05	0.11884	supercritical
567.69	822.00	199.42	0.0050145	1172.1	1584.3	4.6657	2.7249	3.5464	938.65	-0.024044	2.9916e-05	0.11896	supercritical
568.69	822.00	199.13	0.0050219	1175.0	1587.8	4.6720	2.7283	3.5490	938.57	-0.024038	2.9908e-05	0.11909	supercritical
569.69	822.00	198.84	0.0050292	1178.0	1591.4	4.6782	2.7318	3.5515	938.49	-0.024033	2.9901e-05	0.11921	supercritical
570.69	822.00	198.55	0.0050365	1180.9	1595.0	4.6844	2.7352	3.5541	938.42	-0.024027	2.9894e-05	0.11933	supercritical
571.69	822.00	198.26	0.0050439	1183.9	1598.5	4.6906	2.7386	3.5567	938.35	-0.024022	2.9887e-05	0.11945	supercritical
572.69	822.00	197.97	0.0050512	1186.9	1602.1	4.6969	2.7420	3.5593	938.28	-0.024017	2.9881e-05	0.11958	supercritical
573.69	822.00	197.69	0.0050585	1189.8	1605.6	4.7031	2.7454	3.5619	938.21	-0.024013	2.9874e-05	0.11970	supercritical
574.69	822.00	197.40	0.0050658	1192.8	1609.2	4.7093	2.7488	3.5645	938.15	-0.024008	2.9867e-05	0.11983	supercritical
575.69	822.00	197.12	0.0050732	1195.7	1612.8	4.7155	2.7523	3.5671	938.09	-0.024003	2.9861e-05	0.11995	supercritical
576.69	822.00	196.83	0.0050805	1198.7	1616.3	4.7217	2.7557	3.5698	938.03	-0.023999	2.9855e-05	0.12008	supercritical
577.69	822.00	196.55	0.0050878	1201.7	1619.9	4.7279	2.7591	3.5724	937.97	-0.023995	2.9849e-05	0.12021	supercritical
578.69	822.00	196.27	0.0050951	1204.6	1623.5	4.7340	2.7625	3.5750	937.91	-0.023991	2.9843e-05	0.12033	supercritical
579.69	822.00	195.98	0.0051025	1207.6	1627.0	4.7402	2.7659	3.5776	937.86	-0.023987	2.9837e-05	0.12046	supercritical
580.69	822.00	195.70	0.0051098	1210.6	1630.6	4.7464	2.7693	3.5802	937.81	-0.023983	2.9832e-05	0.12059	supercritical
581.69	822.00	195.42	0.0051171	1213.6	1634.2	4.7526	2.7727	3.5828	937.76	-0.023979	2.9826e-05	0.12072	supercritical
582.69	822.00	195.14	0.0051244	1216.6	1637.8	4.7587	2.7762	3.5854	937.72	-0.023976	2.9821e-05	0.12084	supercritical
583.69	822.00	194.87	0.0051317	1219.5	1641.4	4.7649	2.7796	3.5881	937.67	-0.023972	2.9816e-05	0.12097	supercritical
584.69	822.00	194.59	0.0051391	1222.5	1645.0	4.7710	2.7830	3.5907	937.63	-0.023969	2.9810e-05	0.12110	supercritical
585.69	822.00	194.31	0.0051464	1225.5	1648.6	4.7771	2.7864	3.5933	937.59	-0.023965	2.9805e-05	0.12123	supercritical
586.69	822.00	194.04	0.0051537	1228.5	1652.2	4.7833	2.7898	3.5960	937.55	-0.023962	2.9801e-05	0.12136	supercritical
587.69	822.00	193.76	0.0051610	1231.5	1655.7	4.7894	2.7932	3.5986	937.52	-0.023959	2.9796e-05	0.12150	supercritical
588.69	822.00	193.49	0.0051683	1234.5	1659.3	4.7955	2.7966	3.6012	937.48	-0.023957	2.9791e-05	0.12163	supercritical
589.69	822.00	193.21	0.0051756	1237.5	1663.0	4.8016	2.8000	3.6039	937.45	-0.023954	2.9787e-05	0.12176	supercritical
590.69	822.00	192.94	0.0051829	1240.5	1666.6	4.8077	2.8034	3.6065	937.42	-0.023951	2.9782e-05	0.12189	supercritical
591.69	822.00	192.67	0.0051903	1243.5	1670.2	4.8138	2.8068	3.6091	937.40	-0.023949	2.9778e-05	0.12203	supercritical
592.69	822.00	192.40	0.0051976	1246.5	1673.8	4.8199	2.8102	3.6118	937.37	-0.023946	2.9774e-05	0.12216	supercritical
593.69	822.00	192.13	0.0052049	1249.5	1677.4	4.8260	2.8136	3.6144	937.35	-0.023944	2.9770e-05	0.12229	supercritical
594.69	822.00	191.86	0.0052122	1252.6	1681.0	4.8321	2.8170	3.6171	937.33	-0.023942	2.9766e-05	0.12243	supercritical
595.69	822.00	191.59	0.0052195	1255.6	1684.6	4.8382	2.8205	3.6197	937.31	-0.023940	2.9763e-05	0.12256	supercritical
596.69	822.00	191.32	0.0052268	1258.6	1688.2	4.8443	2.8239	3.6224	937.29	-0.023938	2.9759e-05	0.12270	supercritical
597.69	822.00	191.05	0.0052341	1261.6	1691.9	4.8503	2.8273	3.6250	937.27	-0.023936	2.9756e-05	0.12283	supercritical
598.69	822.00	190.79	0.0052414	1264.6	1695.5	4.8564	2.8307	3.6277	937.26	-0.023934	2.9752e-05	0.12297	supercritical
599.69	822.00	190.52	0.0052487	1267.7	1699.1	4.8625	2.8341	3.6303	937.25	-0.023932	2.9749e-05	0.12311	supercritical
600.69	822.00	190.26	0.0052560	1270.7	1702.8	4.8685	2.8375	3.6330	937.24	-0.023931	2.9746e-05	0.12324	supercritical
601.69	822.00	189.99	0.0052633	1273.7	1706.4	4.8746	2.8409	3.6357	937.23	-0.023929	2.9743e-05	0.12338	supercritical
602.69	822.00	189.73	0.0052706	1276.8	1710.0	4.8806	2.8443	3.6383	937.23	-0.023928	2.9740e-05	0.12352	supercritical
603.69	822.00	189.47	0.0052779	1279.8	1713.7	4.8866	2.8477	3.6410	937.22	-0.023927	2.9737e-05	0.12366	supercritical
604.69	822.00	189.21	0.0052852	1282.9	1717.3	4.8927	2.8510	3.6436	937.22	-0.023925	2.9734e-05	0.12380	supercritical
605.69	822.00	188.95	0.0052925	1285.9	1721.0	4.8987	2.8544	3.6463	937.22	-0.023924	2.9732e-05	0.12394	supercritical
606.69	822.00	188.69	0.0052998	1289.0	1724.6	4.9047	2.8578	3.6490	937.22	-0.023923	2.9729e-05	0.12408	supercritical
607.69	822.00	188.43	0.0053071	1292.0	1728.2	4.9107	2.8612	3.6516	937.23	-0.023923	2.9727e-05	0.12422	supercritical
608.69	822.00	188.17	0.0053144	1295.1	1731.9	4.9167	2.8646	3.6543	937.23	-0.023922	2.9725e-05	0.12436	supercritical
609.69	822.00	187.91	0.0053217	1298.1	1735.6	4.9227	2.8680	3.6570	937.24	-0.023921	2.9723e-05	0.12450	supercritical
610.69	822.00	187.65	0.0053290	1301.2	1739.2	4.9287	2.8714	3.6597	937.25	-0.023920	2.9721e-05	0.12464	supercritical
611.69	822.00	187.40	0.0053363	1304.2	1742.9	4.9347	2.8748	3.6623	937.26	-0.023920	2.9719e-05	0.12478	supercritical
612.69	822.00	187.14	0.0053436	1307.3	1746.5	4.9407	2.8782	3.6650	937.27	-0.023919	2.9717e-05	0.12492	supercritical
613.69	822.00	186.89	0.0053509	1310.4	1750.2	4.9467	2.8816	3.6677	937.28	-0.023919	2.9715e-05	0.12507	supercritical
614.69	822.00	186.63	0.0053582	1313.4	1753.9	4.9526	2.8850	3.6704	937.30	-0.023919	2.9714e-05	0.12521	supercritical
615.69	822.00	186.38	0.0053654	1316.5	1757.5	4.9586	2.8883	3.6731	937.32	-0.023919	2.9712e-05	0.12535	supercritical
616.69	822.00	186.12	0.0053727	1319.6	1761.2	4.9646	2.8917	3.6757	937.33	-0.023918	2.9711e-05	0.12550	supercritical
617.69	822.00	185.87	0.0053800	1322.7	1764.9	4.9705	2.8951	3.6784	937.35	-0.023918	2.9709e-05	0.12564	supercritical
618.69	822.00	185.62	0.0053873	1325.7	1768.6	4.9765	2.8985	3.6811	937.38	-0.023918	2.9708e-05	0.12579	supercritical
619.69	822.00	185.37	0.0053946	1328.8	1772.3	4.9824	2.9019	3.6838	937.40	-0.023919	2.9707e-05	0.12593	supercritical
620.69	822.00	185.12	0.0054019	1331.9	1775.9	4.9884	2.9053	3.6865	937.43	-0.023919	2.9706e-05	0.12608	supercritical
621.69	822.00	184.87	0.0054092	1335.0	1779.6	4.9943	2.9086	3.6892	937.45	-0.023919	2.9705e-05	0.12622	supercritical
622.69	822.00	184.62	0.0054164	1338.1	1783.3	5.0002	2.9120	3.6919	937.48	-0.023919	2.9705e-05	0.12637	supercritical
623.69	822.00	184.38	0.0054237	1341.2	1787.0	5.0062	2.9154	3.6946	937.51	-0.023920	2.9704e-05	0.12651	supercritical
624.69	822.00	184.13	0.0054310	1344.3	1790.7	5.0121	2.9188	3.6973	937.55	-0.023920	2.9703e-05	0.12666	supercritical