Temperature (K)	Pressure (bar)	Density (kg/m3)	Volume (m3/kg)	Internal Energy (kJ/kg)	Enthalpy (kJ/kg)	Entropy (J/g*K)	Cv (J/g*K)	Cp (J/g*K)	Sound Spd. (m/s)	Joule-Thomson (K/bar)	Viscosity (Pa*s)	Therm. Cond. (W/m*K)	Phase
90.694	354.00	471.10	0.0021227	-88.279	-13.137	-0.90795	2.2420	3.2469	1741.8	-0.051740	0.00032708	0.23952	liquid
99.694	354.00	461.35	0.0021676	-60.651	16.081	-0.60080	2.1938	3.2476	1682.2	-0.051097	0.00023433	0.23068	liquid
100.69	354.00	460.26	0.0021727	-57.584	19.328	-0.56838	2.1890	3.2481	1675.4	-0.051008	0.00022708	0.22963	liquid
101.69	354.00	459.18	0.0021778	-54.517	22.577	-0.53628	2.1843	3.2488	1668.7	-0.050916	0.00022025	0.22857	liquid
102.69	354.00	458.09	0.0021830	-51.451	25.826	-0.50449	2.1797	3.2494	1661.9	-0.050822	0.00021381	0.22751	liquid
103.69	354.00	457.01	0.0021882	-48.385	29.076	-0.47299	2.1751	3.2501	1655.2	-0.050725	0.00020773	0.22643	liquid
104.69	354.00	455.92	0.0021934	-45.319	32.326	-0.44180	2.1706	3.2508	1648.4	-0.050626	0.00020198	0.22534	liquid
105.69	354.00	454.83	0.0021986	-42.254	35.577	-0.41089	2.1661	3.2515	1641.6	-0.050524	0.00019654	0.22425	liquid
106.69	354.00	453.74	0.0022039	-39.188	38.829	-0.38027	2.1617	3.2523	1634.8	-0.050420	0.00019138	0.22315	liquid
107.69	354.00	452.66	0.0022092	-36.123	42.082	-0.34992	2.1573	3.2531	1628.0	-0.050314	0.00018649	0.22204	liquid
108.69	354.00	451.57	0.0022145	-33.058	45.335	-0.31985	2.1530	3.2539	1621.2	-0.050206	0.00018183	0.22092	liquid
109.69	354.00	450.48	0.0022199	-29.994	48.590	-0.29005	2.1487	3.2547	1614.4	-0.050095	0.00017740	0.21981	liquid
110.69	354.00	449.38	0.0022253	-26.930	51.845	-0.26051	2.1444	3.2555	1607.6	-0.049982	0.00017318	0.21868	liquid
111.69	354.00	448.29	0.0022307	-23.866	55.101	-0.23123	2.1401	3.2563	1600.8	-0.049866	0.00016915	0.21755	liquid
112.69	354.00	447.20	0.0022361	-20.802	58.357	-0.20220	2.1359	3.2571	1594.0	-0.049749	0.00016530	0.21642	liquid
113.69	354.00	446.11	0.0022416	-17.738	61.615	-0.17342	2.1317	3.2579	1587.2	-0.049629	0.00016163	0.21529	liquid
114.69	354.00	445.01	0.0022471	-14.675	64.873	-0.14489	2.1276	3.2587	1580.4	-0.049506	0.00015811	0.21415	liquid
115.69	354.00	443.92	0.0022527	-11.612	68.132	-0.11660	2.1235	3.2596	1573.6	-0.049382	0.00015473	0.21301	liquid
116.69	354.00	442.82	0.0022582	-8.5494	71.392	-0.088542	2.1194	3.2604	1566.8	-0.049255	0.00015150	0.21186	liquid
117.69	354.00	441.73	0.0022638	-5.4870	74.653	-0.060717	2.1153	3.2612	1560.0	-0.049126	0.00014840	0.21072	liquid
118.69	354.00	440.63	0.0022695	-2.4250	77.915	-0.033122	2.1112	3.2621	1553.2	-0.048994	0.00014541	0.20957	liquid
119.69	354.00	439.53	0.0022752	0.63668	81.177	-0.0057501	2.1072	3.2629	1546.4	-0.048860	0.00014254	0.20842	liquid
120.69	354.00	438.43	0.0022809	3.6980	84.441	0.021401	2.1032	3.2638	1539.7	-0.048723	0.00013978	0.20728	liquid
121.69	354.00	437.33	0.0022866	6.7590	87.705	0.048334	2.0992	3.2646	1532.9	-0.048584	0.00013713	0.20613	liquid
122.69	354.00	436.23	0.0022924	9.8197	90.970	0.075054	2.0953	3.2655	1526.2	-0.048442	0.00013456	0.20498	liquid
123.69	354.00	435.13	0.0022982	12.880	94.236	0.10156	2.0914	3.2663	1519.4	-0.048298	0.00013209	0.20383	liquid
124.69	354.00	434.02	0.0023040	15.940	97.502	0.12787	2.0875	3.2672	1512.7	-0.048151	0.00012970	0.20268	liquid
125.69	354.00	432.92	0.0023099	18.999	100.77	0.15397	2.0836	3.2681	1506.0	-0.048001	0.00012740	0.20153	liquid
126.69	354.00	431.81	0.0023158	22.058	104.04	0.17987	2.0798	3.2689	1499.2	-0.047849	0.00012517	0.20038	liquid
127.69	354.00	430.71	0.0023218	25.117	107.31	0.20557	2.0760	3.2698	1492.5	-0.047694	0.00012301	0.19924	liquid
128.69	354.00	429.60	0.0023278	28.175	110.58	0.23108	2.0722	3.2707	1485.8	-0.047535	0.00012092	0.19809	liquid
129.69	354.00	428.49	0.0023338	31.233	113.85	0.25640	2.0684	3.2716	1479.1	-0.047374	0.00011890	0.19695	liquid
130.69	354.00	427.38	0.0023398	34.291	117.12	0.28154	2.0647	3.2725	1472.5	-0.047211	0.00011694	0.19581	liquid
131.69	354.00	426.27	0.0023459	37.348	120.39	0.30648	2.0610	3.2735	1465.8	-0.047044	0.00011504	0.19467	liquid
132.69	354.00	425.15	0.0023521	40.404	123.67	0.33125	2.0573	3.2744	1459.2	-0.046874	0.00011320	0.19353	liquid
133.69	354.00	424.04	0.0023583	43.461	126.94	0.35584	2.0536	3.2753	1452.5	-0.046700	0.00011140	0.19240	liquid
134.69	354.00	422.93	0.0023645	46.516	130.22	0.38025	2.0500	3.2763	1445.9	-0.046524	0.00010967	0.19127	liquid
135.69	354.00	421.81	0.0023707	49.571	133.50	0.40449	2.0464	3.2773	1439.3	-0.046345	0.00010798	0.19014	liquid
136.69	354.00	420.69	0.0023770	52.626	136.77	0.42855	2.0428	3.2783	1432.7	-0.046162	0.00010633	0.18901	liquid
137.69	354.00	419.57	0.0023834	55.681	140.05	0.45245	2.0393	3.2793	1426.1	-0.045976	0.00010474	0.18789	liquid
138.69	354.00	418.45	0.0023898	58.735	143.33	0.47619	2.0358	3.2803	1419.5	-0.045786	0.00010318	0.18677	liquid
139.69	354.00	417.33	0.0023962	61.788	146.61	0.49976	2.0323	3.2813	1413.0	-0.045594	0.00010167	0.18565	liquid
140.69	354.00	416.21	0.0024026	64.841	149.89	0.52316	2.0288	3.2824	1406.4	-0.045397	0.00010019	0.18454	liquid
141.69	354.00	415.08	0.0024092	67.893	153.18	0.54642	2.0254	3.2834	1399.9	-0.045198	9.8758e-05	0.18343	liquid
142.69	354.00	413.96	0.0024157	70.946	156.46	0.56951	2.0220	3.2845	1393.4	-0.044994	9.7358e-05	0.18233	liquid
143.69	354.00	412.83	0.0024223	73.997	159.75	0.59245	2.0186	3.2856	1386.9	-0.044787	9.5994e-05	0.18123	liquid
144.69	354.00	411.70	0.0024289	77.048	163.03	0.61524	2.0153	3.2867	1380.4	-0.044577	9.4663e-05	0.18013	liquid
145.69	354.00	410.57	0.0024356	80.099	166.32	0.63788	2.0120	3.2879	1373.9	-0.044362	9.3365e-05	0.17904	liquid
146.69	354.00	409.44	0.0024424	83.149	169.61	0.66038	2.0087	3.2890	1367.5	-0.044144	9.2097e-05	0.17795	liquid
147.69	354.00	408.31	0.0024491	86.199	172.90	0.68273	2.0055	3.2902	1361.1	-0.043922	9.0860e-05	0.17687	liquid
148.69	354.00	407.17	0.0024559	89.248	176.19	0.70493	2.0022	3.2914	1354.6	-0.043696	8.9652e-05	0.17579	liquid
149.69	354.00	406.04	0.0024628	92.297	179.48	0.72700	1.9991	3.2926	1348.2	-0.043466	8.8472e-05	0.17471	liquid
150.69	354.00	404.90	0.0024697	95.346	182.77	0.74892	1.9959	3.2939	1341.8	-0.043233	8.7319e-05	0.17364	liquid
151.69	354.00	403.76	0.0024767	98.394	186.07	0.77071	1.9928	3.2951	1335.5	-0.042995	8.6192e-05	0.17258	liquid
152.69	354.00	402.62	0.0024837	101.44	189.36	0.79237	1.9897	3.2964	1329.1	-0.042753	8.5090e-05	0.17152	liquid
153.69	354.00	401.48	0.0024908	104.49	192.66	0.81389	1.9866	3.2977	1322.8	-0.042507	8.4012e-05	0.17046	liquid
154.69	354.00	400.34	0.0024979	107.54	195.96	0.83528	1.9836	3.2990	1316.5	-0.042257	8.2958e-05	0.16941	liquid
155.69	354.00	399.20	0.0025050	110.58	199.26	0.85654	1.9806	3.3004	1310.2	-0.042002	8.1927e-05	0.16837	liquid
156.69	354.00	398.05	0.0025122	113.63	202.56	0.87768	1.9777	3.3018	1303.9	-0.041743	8.0918e-05	0.16733	liquid
157.69	354.00	396.90	0.0025195	116.67	205.86	0.89869	1.9747	3.3032	1297.6	-0.041480	7.9930e-05	0.16629	liquid
158.69	354.00	395.75	0.0025268	119.72	209.17	0.91957	1.9718	3.3046	1291.4	-0.041213	7.8963e-05	0.16526	liquid
159.69	354.00	394.60	0.0025342	122.76	212.47	0.94034	1.9690	3.3060	1285.2	-0.040941	7.8016e-05	0.16424	liquid
160.69	354.00	393.45	0.0025416	125.81	215.78	0.96098	1.9661	3.3075	1279.0	-0.040665	7.7088e-05	0.16322	liquid
161.69	354.00	392.30	0.0025491	128.85	219.09	0.98150	1.9633	3.3090	1272.8	-0.040384	7.6179e-05	0.16221	liquid
162.69	354.00	391.14	0.0025566	131.89	222.40	1.0019	1.9606	3.3105	1266.6	-0.040099	7.5288e-05	0.16120	liquid
163.69	354.00	389.99	0.0025642	134.94	225.71	1.0222	1.9578	3.3120	1260.5	-0.039809	7.4416e-05	0.16020	liquid
164.69	354.00	388.83	0.0025718	137.98	229.02	1.0424	1.9551	3.3135	1254.4	-0.039514	7.3560e-05	0.15921	liquid
165.69	354.00	387.67	0.0025795	141.02	232.34	1.0624	1.9524	3.3151	1248.3	-0.039215	7.2721e-05	0.15822	liquid
166.69	354.00	386.51	0.0025873	144.06	235.65	1.0824	1.9498	3.3167	1242.2	-0.038911	7.1899e-05	0.15723	liquid
167.69	354.00	385.34	0.0025951	147.10	238.97	1.1022	1.9472	3.3183	1236.1	-0.038602	7.1092e-05	0.15625	liquid
168.69	354.00	384.18	0.0026030	150.14	242.29	1.1220	1.9446	3.3200	1230.1	-0.038289	7.0300e-05	0.15528	liquid
169.69	354.00	383.01	0.0026109	153.18	245.61	1.1416	1.9421	3.3216	1224.1	-0.037970	6.9524e-05	0.15432	liquid
170.69	354.00	381.85	0.0026189	156.22	248.93	1.1611	1.9396	3.3233	1218.1	-0.037647	6.8762e-05	0.15336	liquid
171.69	354.00	380.68	0.0026269	159.26	252.26	1.1805	1.9371	3.3250	1212.1	-0.037319	6.8015e-05	0.15240	liquid
172.69	354.00	379.51	0.0026350	162.30	255.58	1.1998	1.9347	3.3268	1206.2	-0.036985	6.7281e-05	0.15145	liquid
173.69	354.00	378.33	0.0026432	165.34	258.91	1.2191	1.9323	3.3285	1200.3	-0.036647	6.6560e-05	0.15051	liquid
174.69	354.00	377.16	0.0026514	168.38	262.24	1.2382	1.9299	3.3303	1194.4	-0.036304	6.5853e-05	0.14958	liquid
175.69	354.00	375.98	0.0026597	171.42	265.57	1.2572	1.9276	3.3321	1188.5	-0.035956	6.5159e-05	0.14865	liquid
176.69	354.00	374.81	0.0026680	174.45	268.90	1.2761	1.9253	3.3339	1182.6	-0.035602	6.4477e-05	0.14772	liquid
177.69	354.00	373.63	0.0026764	177.49	272.24	1.2949	1.9230	3.3357	1176.8	-0.035243	6.3807e-05	0.14681	liquid
178.69	354.00	372.45	0.0026849	180.53	275.57	1.3136	1.9207	3.3376	1171.0	-0.034880	6.3148e-05	0.14590	liquid
179.69	354.00	371.27	0.0026935	183.56	278.91	1.3323	1.9185	3.3394	1165.2	-0.034511	6.2502e-05	0.14499	liquid
180.69	354.00	370.09	0.0027021	186.60	282.25	1.3508	1.9164	3.3413	1159.4	-0.034136	6.1867e-05	0.14410	liquid
181.69	354.00	368.90	0.0027108	189.63	285.60	1.3693	1.9142	3.3432	1153.7	-0.033757	6.1242e-05	0.14321	liquid
182.69	354.00	367.72	0.0027195	192.67	288.94	1.3876	1.9121	3.3451	1148.0	-0.033372	6.0629e-05	0.14232	liquid
183.69	354.00	366.53	0.0027283	195.70	292.29	1.4059	1.9101	3.3471	1142.3	-0.032982	6.0025e-05	0.14144	liquid
184.69	354.00	365.34	0.0027372	198.74	295.63	1.4241	1.9080	3.3490	1136.7	-0.032587	5.9432e-05	0.14057	liquid
185.69	354.00	364.15	0.0027461	201.77	298.98	1.4421	1.9060	3.3510	1131.0	-0.032186	5.8849e-05	0.13971	liquid
186.69	354.00	362.96	0.0027551	204.80	302.34	1.4602	1.9041	3.3529	1125.4	-0.031780	5.8276e-05	0.13885	liquid
187.69	354.00	361.77	0.0027642	207.84	305.69	1.4781	1.9021	3.3549	1119.9	-0.031369	5.7712e-05	0.13800	liquid
188.69	354.00	360.57	0.0027734	210.87	309.05	1.4959	1.9002	3.3569	1114.3	-0.030952	5.7158e-05	0.13716	liquid
189.69	354.00	359.38	0.0027826	213.90	312.40	1.5136	1.8984	3.3590	1108.8	-0.030529	5.6613e-05	0.13633	liquid
190.69	354.00	358.18	0.0027919	216.93	315.76	1.5313	1.8965	3.3610	1103.3	-0.030102	5.6076e-05	0.13551	supercritical
191.69	354.00	356.98	0.0028013	219.96	319.13	1.5489	1.8947	3.3630	1097.8	-0.029669	5.5549e-05	0.13467	supercritical
192.69	354.00	355.78	0.0028107	222.99	322.49	1.5664	1.8930	3.3651	1092.4	-0.029230	5.5030e-05	0.13385	supercritical
193.69	354.00	354.58	0.0028202	226.02	325.86	1.5838	1.8913	3.3671	1087.0	-0.028786	5.4519e-05	0.13303	supercritical
194.69	354.00	353.38	0.0028298	229.05	329.22	1.6012	1.8896	3.3692	1081.6	-0.028337	5.4016e-05	0.13222	supercritical
195.69	354.00	352.17	0.0028395	232.08	332.59	1.6184	1.8879	3.3713	1076.3	-0.027882	5.3521e-05	0.13141	supercritical
196.69	354.00	350.97	0.0028492	235.10	335.97	1.6356	1.8863	3.3733	1070.9	-0.027422	5.3035e-05	0.13062	supercritical
197.69	354.00	349.76	0.0028591	238.13	339.34	1.6527	1.8847	3.3754	1065.7	-0.026956	5.2555e-05	0.12983	supercritical
198.69	354.00	348.56	0.0028690	241.16	342.72	1.6698	1.8831	3.3775	1060.4	-0.026485	5.2084e-05	0.12904	supercritical
199.69	354.00	347.35	0.0028789	244.18	346.10	1.6867	1.8816	3.3796	1055.2	-0.026009	5.1619e-05	0.12827	supercritical
200.69	354.00	346.14	0.0028890	247.21	349.48	1.7036	1.8801	3.3817	1050.0	-0.025527	5.1162e-05	0.12750	supercritical
201.69	354.00	344.93	0.0028991	250.23	352.86	1.7204	1.8786	3.3838	1044.8	-0.025040	5.0712e-05	0.12674	supercritical
202.69	354.00	343.72	0.0029093	253.25	356.24	1.7372	1.8772	3.3858	1039.7	-0.024547	5.0269e-05	0.12598	supercritical
203.69	354.00	342.51	0.0029196	256.28	359.63	1.7538	1.8758	3.3879	1034.6	-0.024049	4.9832e-05	0.12523	supercritical
204.69	354.00	341.30	0.0029300	259.30	363.02	1.7704	1.8745	3.3900	1029.5	-0.023546	4.9402e-05	0.12449	supercritical
205.69	354.00	340.08	0.0029405	262.32	366.41	1.7870	1.8731	3.3921	1024.5	-0.023038	4.8979e-05	0.12375	supercritical
206.69	354.00	338.87	0.0029510	265.34	369.80	1.8034	1.8718	3.3942	1019.5	-0.022525	4.8562e-05	0.12302	supercritical
207.69	354.00	337.65	0.0029616	268.36	373.20	1.8198	1.8706	3.3962	1014.5	-0.022006	4.8151e-05	0.12230	supercritical
208.69	354.00	336.44	0.0029723	271.38	376.60	1.8361	1.8694	3.3983	1009.5	-0.021482	4.7746e-05	0.12158	supercritical
209.69	354.00	335.22	0.0029831	274.39	380.00	1.8524	1.8682	3.4003	1004.6	-0.020953	4.7348e-05	0.12087	supercritical
210.69	354.00	334.00	0.0029940	277.41	383.40	1.8686	1.8670	3.4023	999.77	-0.020419	4.6955e-05	0.12017	supercritical
211.69	354.00	332.79	0.0030049	280.43	386.80	1.8847	1.8659	3.4044	994.94	-0.019880	4.6568e-05	0.11947	supercritical
212.69	354.00	331.57	0.0030160	283.44	390.21	1.9007	1.8648	3.4064	990.14	-0.019336	4.6187e-05	0.11878	supercritical
213.69	354.00	330.35	0.0030271	286.45	393.61	1.9167	1.8637	3.4083	985.37	-0.018787	4.5811e-05	0.11810	supercritical
214.69	354.00	329.13	0.0030383	289.47	397.02	1.9326	1.8627	3.4103	980.64	-0.018234	4.5441e-05	0.11742	supercritical
215.69	354.00	327.91	0.0030496	292.48	400.43	1.9485	1.8617	3.4123	975.94	-0.017676	4.5076e-05	0.11675	supercritical
216.69	354.00	326.69	0.0030610	295.49	403.85	1.9643	1.8608	3.4142	971.29	-0.017113	4.4717e-05	0.11609	supercritical
217.69	354.00	325.47	0.0030725	298.50	407.26	1.9800	1.8598	3.4161	966.66	-0.016545	4.4362e-05	0.11543	supercritical
218.69	354.00	324.25	0.0030840	301.50	410.68	1.9956	1.8590	3.4180	962.08	-0.015973	4.4013e-05	0.11478	supercritical
219.69	354.00	323.03	0.0030957	304.51	414.10	2.0112	1.8581	3.4198	957.53	-0.015396	4.3669e-05	0.11414	supercritical
220.69	354.00	321.81	0.0031074	307.52	417.52	2.0268	1.8573	3.4217	953.01	-0.014816	4.3330e-05	0.11350	supercritical
221.69	354.00	320.59	0.0031193	310.52	420.94	2.0423	1.8565	3.4235	948.54	-0.014230	4.2996e-05	0.11287	supercritical
222.69	354.00	319.37	0.0031312	313.52	424.37	2.0577	1.8557	3.4253	944.10	-0.013641	4.2666e-05	0.11225	supercritical
223.69	354.00	318.15	0.0031432	316.52	427.79	2.0730	1.8550	3.4270	939.70	-0.013048	4.2341e-05	0.11163	supercritical
224.69	354.00	316.93	0.0031553	319.52	431.22	2.0883	1.8543	3.4287	935.34	-0.012451	4.2021e-05	0.11102	supercritical
225.69	354.00	315.71	0.0031675	322.52	434.65	2.1035	1.8536	3.4304	931.01	-0.011849	4.1705e-05	0.11042	supercritical
226.69	354.00	314.49	0.0031797	325.52	438.08	2.1187	1.8530	3.4320	926.73	-0.011244	4.1394e-05	0.10982	supercritical
227.69	354.00	313.27	0.0031921	328.51	441.51	2.1338	1.8524	3.4336	922.48	-0.010636	4.1087e-05	0.10923	supercritical
228.69	354.00	312.05	0.0032046	331.51	444.95	2.1489	1.8518	3.4352	918.27	-0.010024	4.0785e-05	0.10865	supercritical
229.69	354.00	310.84	0.0032171	334.50	448.38	2.1639	1.8513	3.4367	914.10	-0.0094084	4.0486e-05	0.10807	supercritical
230.69	354.00	309.62	0.0032298	337.49	451.82	2.1788	1.8508	3.4382	909.97	-0.0087897	4.0192e-05	0.10750	supercritical
231.69	354.00	308.40	0.0032425	340.47	455.26	2.1937	1.8503	3.4397	905.88	-0.0081678	3.9902e-05	0.10693	supercritical
232.69	354.00	307.19	0.0032553	343.46	458.70	2.2085	1.8498	3.4411	901.83	-0.0075429	3.9617e-05	0.10638	supercritical
233.69	354.00	305.97	0.0032683	346.45	462.14	2.2232	1.8494	3.4424	897.82	-0.0069152	3.9335e-05	0.10583	supercritical
234.69	354.00	304.76	0.0032813	349.43	465.58	2.2379	1.8490	3.4437	893.85	-0.0062847	3.9057e-05	0.10528	supercritical
235.69	354.00	303.55	0.0032944	352.41	469.03	2.2526	1.8487	3.4450	889.92	-0.0056516	3.8783e-05	0.10474	supercritical
236.69	354.00	302.34	0.0033076	355.39	472.47	2.2672	1.8484	3.4462	886.03	-0.0050161	3.8513e-05	0.10421	supercritical
237.69	354.00	301.13	0.0033209	358.36	475.92	2.2817	1.8481	3.4474	882.18	-0.0043783	3.8246e-05	0.10368	supercritical
238.69	354.00	299.92	0.0033342	361.34	479.37	2.2962	1.8478	3.4485	878.37	-0.0037383	3.7984e-05	0.10317	supercritical
239.69	354.00	298.71	0.0033477	364.31	482.82	2.3106	1.8476	3.4495	874.60	-0.0030963	3.7725e-05	0.10265	supercritical
240.69	354.00	297.51	0.0033613	367.28	486.27	2.3250	1.8474	3.4505	870.88	-0.0024525	3.7469e-05	0.10215	supercritical
241.69	354.00	296.30	0.0033749	370.25	489.72	2.3393	1.8472	3.4515	867.19	-0.0018071	3.7218e-05	0.10165	supercritical
242.69	354.00	295.10	0.0033887	373.21	493.17	2.3535	1.8471	3.4523	863.54	-0.0011601	3.6969e-05	0.10115	supercritical
243.69	354.00	293.90	0.0034025	376.17	496.62	2.3677	1.8470	3.4532	859.94	-0.00051173	3.6725e-05	0.10067	supercritical
244.69	354.00	292.70	0.0034165	379.13	500.08	2.3819	1.8469	3.4539	856.37	0.00013778	3.6483e-05	0.10018	supercritical
245.69	354.00	291.50	0.0034305	382.09	503.53	2.3960	1.8468	3.4547	852.85	0.00078830	3.6245e-05	0.099710	supercritical
246.69	354.00	290.31	0.0034446	385.05	506.99	2.4100	1.8468	3.4553	849.37	0.0014397	3.6011e-05	0.099241	supercritical
247.69	354.00	289.11	0.0034588	388.00	510.44	2.4240	1.8468	3.4559	845.93	0.0020917	3.5779e-05	0.098779	supercritical
248.69	354.00	287.92	0.0034731	390.95	513.90	2.4379	1.8468	3.4564	842.53	0.0027442	3.5551e-05	0.098322	supercritical
249.69	354.00	286.74	0.0034875	393.90	517.36	2.4518	1.8469	3.4569	839.17	0.0033970	3.5326e-05	0.097872	supercritical
250.69	354.00	285.55	0.0035020	396.84	520.81	2.4656	1.8470	3.4573	835.85	0.0040499	3.5105e-05	0.097428	supercritical
251.69	354.00	284.37	0.0035166	399.78	524.27	2.4793	1.8471	3.4576	832.58	0.0047028	3.4886e-05	0.096990	supercritical
252.69	354.00	283.19	0.0035312	402.72	527.73	2.4931	1.8473	3.4579	829.34	0.0053554	3.4671e-05	0.096559	supercritical
253.69	354.00	282.01	0.0035460	405.66	531.19	2.5067	1.8475	3.4581	826.15	0.0060077	3.4458e-05	0.096133	supercritical
254.69	354.00	280.83	0.0035608	408.59	534.64	2.5203	1.8477	3.4582	822.99	0.0066593	3.4249e-05	0.095713	supercritical
255.69	354.00	279.66	0.0035758	411.52	538.10	2.5339	1.8479	3.4583	819.88	0.0073101	3.4042e-05	0.095299	supercritical
256.69	354.00	278.49	0.0035908	414.45	541.56	2.5474	1.8482	3.4583	816.81	0.0079599	3.3839e-05	0.094891	supercritical
257.69	354.00	277.32	0.0036059	417.37	545.02	2.5608	1.8485	3.4582	813.78	0.0086086	3.3638e-05	0.094489	supercritical
258.69	354.00	276.16	0.0036211	420.29	548.48	2.5742	1.8488	3.4581	810.79	0.0092560	3.3440e-05	0.094093	supercritical
259.69	354.00	275.00	0.0036364	423.21	551.94	2.5875	1.8491	3.4579	807.84	0.0099017	3.3245e-05	0.093703	supercritical
260.69	354.00	273.84	0.0036517	426.12	555.39	2.6008	1.8495	3.4576	804.93	0.010546	3.3053e-05	0.093318	supercritical
261.69	354.00	272.69	0.0036672	429.03	558.85	2.6141	1.8499	3.4573	802.06	0.011188	3.2863e-05	0.092940	supercritical
262.69	354.00	271.54	0.0036827	431.94	562.31	2.6273	1.8503	3.4569	799.24	0.011828	3.2676e-05	0.092566	supercritical
263.69	354.00	270.39	0.0036983	434.84	565.76	2.6404	1.8508	3.4564	796.45	0.012466	3.2492e-05	0.092199	supercritical
264.69	354.00	269.25	0.0037140	437.74	569.22	2.6535	1.8513	3.4559	793.70	0.013101	3.2311e-05	0.091837	supercritical
265.69	354.00	268.11	0.0037298	440.64	572.68	2.6665	1.8518	3.4553	790.99	0.013734	3.2132e-05	0.091481	supercritical
266.69	354.00	266.97	0.0037457	443.53	576.13	2.6795	1.8523	3.4546	788.32	0.014363	3.1956e-05	0.091130	supercritical
267.69	354.00	265.84	0.0037616	446.42	579.59	2.6924	1.8529	3.4539	785.69	0.014990	3.1782e-05	0.090785	supercritical
268.69	354.00	264.72	0.0037776	449.31	583.04	2.7053	1.8534	3.4531	783.10	0.015614	3.1611e-05	0.090445	supercritical
269.69	354.00	263.59	0.0037937	452.19	586.49	2.7181	1.8541	3.4523	780.55	0.016234	3.1442e-05	0.090111	supercritical
270.69	354.00	262.47	0.0038099	455.07	589.94	2.7309	1.8547	3.4513	778.04	0.016851	3.1276e-05	0.089782	supercritical
271.69	354.00	261.36	0.0038262	457.95	593.39	2.7436	1.8554	3.4503	775.57	0.017463	3.1112e-05	0.089458	supercritical
272.69	354.00	260.25	0.0038425	460.82	596.84	2.7563	1.8560	3.4493	773.13	0.018072	3.0951e-05	0.089140	supercritical
273.69	354.00	259.14	0.0038589	463.69	600.29	2.7689	1.8568	3.4482	770.73	0.018677	3.0792e-05	0.088826	supercritical
274.69	354.00	258.04	0.0038754	466.55	603.74	2.7815	1.8575	3.4470	768.38	0.019278	3.0635e-05	0.088518	supercritical
275.69	354.00	256.94	0.0038920	469.41	607.19	2.7940	1.8583	3.4457	766.05	0.019874	3.0481e-05	0.088216	supercritical
276.69	354.00	255.84	0.0039086	472.27	610.63	2.8065	1.8591	3.4444	763.77	0.020466	3.0329e-05	0.087918	supercritical
277.69	354.00	254.75	0.0039253	475.12	614.08	2.8189	1.8599	3.4431	761.52	0.021053	3.0179e-05	0.087625	supercritical
278.69	354.00	253.67	0.0039421	477.97	617.52	2.8313	1.8607	3.4416	759.31	0.021635	3.0032e-05	0.087337	supercritical
279.69	354.00	252.59	0.0039590	480.81	620.96	2.8436	1.8616	3.4402	757.14	0.022212	2.9886e-05	0.087055	supercritical
280.69	354.00	251.52	0.0039759	483.65	624.40	2.8559	1.8625	3.4386	755.00	0.022784	2.9743e-05	0.086777	supercritical
281.69	354.00	250.44	0.0039929	486.49	627.84	2.8681	1.8634	3.4370	752.90	0.023351	2.9602e-05	0.086504	supercritical
282.69	354.00	249.38	0.0040100	489.32	631.27	2.8803	1.8643	3.4354	750.84	0.023912	2.9463e-05	0.086235	supercritical
283.69	354.00	248.32	0.0040271	492.15	634.71	2.8924	1.8653	3.4337	748.81	0.024467	2.9327e-05	0.085972	supercritical
284.69	354.00	247.26	0.0040443	494.97	638.14	2.9045	1.8663	3.4319	746.81	0.025017	2.9192e-05	0.085713	supercritical
285.69	354.00	246.21	0.0040615	497.79	641.57	2.9165	1.8673	3.4302	744.85	0.025561	2.9059e-05	0.085459	supercritical
286.69	354.00	245.17	0.0040788	500.61	645.00	2.9285	1.8683	3.4283	742.93	0.026099	2.8929e-05	0.085210	supercritical
287.69	354.00	244.13	0.0040962	503.42	648.43	2.9404	1.8694	3.4264	741.03	0.026631	2.8800e-05	0.084965	supercritical
288.69	354.00	243.09	0.0041137	506.23	651.85	2.9523	1.8705	3.4245	739.18	0.027157	2.8673e-05	0.084724	supercritical
289.69	354.00	242.06	0.0041312	509.03	655.28	2.9642	1.8716	3.4225	737.35	0.027677	2.8549e-05	0.084488	supercritical
290.69	354.00	241.04	0.0041487	511.83	658.70	2.9760	1.8727	3.4205	735.56	0.028190	2.8426e-05	0.084257	supercritical
291.69	354.00	240.02	0.0041663	514.63	662.12	2.9877	1.8739	3.4184	733.80	0.028697	2.8305e-05	0.084030	supercritical
292.69	354.00	239.01	0.0041840	517.42	665.53	2.9994	1.8750	3.4163	732.08	0.029197	2.8186e-05	0.083807	supercritical
293.69	354.00	238.00	0.0042017	520.21	668.95	3.0110	1.8762	3.4141	730.39	0.029690	2.8069e-05	0.083588	supercritical
294.69	354.00	236.99	0.0042195	522.99	672.36	3.0226	1.8775	3.4120	728.72	0.030176	2.7954e-05	0.083374	supercritical
295.69	354.00	236.00	0.0042374	525.77	675.77	3.0342	1.8787	3.4097	727.09	0.030656	2.7840e-05	0.083164	supercritical
296.69	354.00	235.00	0.0042553	528.55	679.18	3.0457	1.8800	3.4075	725.49	0.031129	2.7728e-05	0.082958	supercritical
297.69	354.00	234.02	0.0042732	531.32	682.59	3.0572	1.8813	3.4052	723.92	0.031595	2.7618e-05	0.082756	supercritical
298.69	354.00	233.04	0.0042912	534.08	685.99	3.0686	1.8826	3.4029	722.39	0.032053	2.7510e-05	0.082558	supercritical
299.69	354.00	232.06	0.0043092	536.85	689.39	3.0799	1.8839	3.4005	720.88	0.032505	2.7404e-05	0.082364	supercritical
300.69	354.00	231.09	0.0043273	539.61	692.79	3.0913	1.8853	3.3982	719.40	0.032949	2.7299e-05	0.082174	supercritical
301.69	354.00	230.13	0.0043455	542.36	696.19	3.1026	1.8866	3.3958	717.95	0.033386	2.7195e-05	0.081988	supercritical
302.69	354.00	229.17	0.0043636	545.11	699.59	3.1138	1.8880	3.3934	716.53	0.033816	2.7094e-05	0.081806	supercritical
303.69	354.00	228.21	0.0043819	547.86	702.98	3.1250	1.8894	3.3909	715.14	0.034239	2.6994e-05	0.081628	supercritical
304.69	354.00	227.27	0.0044001	550.60	706.37	3.1361	1.8909	3.3884	713.77	0.034654	2.6896e-05	0.081453	supercritical
305.69	354.00	226.32	0.0044185	553.34	709.75	3.1472	1.8924	3.3860	712.44	0.035062	2.6799e-05	0.081283	supercritical
306.69	354.00	225.39	0.0044368	556.08	713.14	3.1583	1.8938	3.3835	711.13	0.035462	2.6704e-05	0.081116	supercritical
307.69	354.00	224.46	0.0044552	558.81	716.52	3.1693	1.8953	3.3809	709.85	0.035855	2.6610e-05	0.080952	supercritical
308.69	354.00	223.53	0.0044737	561.53	719.90	3.1802	1.8969	3.3784	708.59	0.036240	2.6518e-05	0.080792	supercritical
309.69	354.00	222.61	0.0044921	564.26	723.28	3.1912	1.8984	3.3758	707.36	0.036618	2.6428e-05	0.080636	supercritical
310.69	354.00	221.70	0.0045107	566.98	726.65	3.2020	1.9000	3.3733	706.16	0.036988	2.6338e-05	0.080483	supercritical
311.69	354.00	220.79	0.0045292	569.69	730.02	3.2129	1.9016	3.3707	704.98	0.037351	2.6251e-05	0.080334	supercritical
312.69	354.00	219.89	0.0045478	572.40	733.39	3.2237	1.9032	3.3681	703.83	0.037706	2.6165e-05	0.080188	supercritical
313.69	354.00	218.99	0.0045664	575.11	736.76	3.2344	1.9048	3.3656	702.70	0.038053	2.6080e-05	0.080045	supercritical
314.69	354.00	218.10	0.0045851	577.81	740.12	3.2451	1.9065	3.3630	701.60	0.038393	2.5996e-05	0.079906	supercritical
315.69	354.00	217.21	0.0046038	580.51	743.49	3.2558	1.9082	3.3604	700.52	0.038726	2.5914e-05	0.079770	supercritical
316.69	354.00	216.33	0.0046225	583.21	746.85	3.2664	1.9098	3.3578	699.47	0.039051	2.5834e-05	0.079638	supercritical
317.69	354.00	215.46	0.0046412	585.90	750.20	3.2770	1.9116	3.3552	698.43	0.039368	2.5754e-05	0.079508	supercritical
318.69	354.00	214.59	0.0046600	588.59	753.56	3.2875	1.9133	3.3526	697.43	0.039678	2.5676e-05	0.079382	supercritical
319.69	354.00	213.73	0.0046788	591.28	756.91	3.2980	1.9150	3.3500	696.44	0.039980	2.5600e-05	0.079259	supercritical
320.69	354.00	212.87	0.0046977	593.96	760.26	3.3085	1.9168	3.3474	695.48	0.040275	2.5524e-05	0.079139	supercritical
321.69	354.00	212.02	0.0047165	596.64	763.60	3.3189	1.9186	3.3448	694.54	0.040562	2.5450e-05	0.079022	supercritical
322.69	354.00	211.17	0.0047354	599.31	766.95	3.3293	1.9204	3.3422	693.62	0.040842	2.5377e-05	0.078909	supercritical
323.69	354.00	210.33	0.0047543	601.98	770.29	3.3396	1.9223	3.3396	692.72	0.041115	2.5306e-05	0.078798	supercritical
324.69	354.00	209.50	0.0047733	604.65	773.62	3.3499	1.9241	3.3370	691.84	0.041380	2.5235e-05	0.078690	supercritical
325.69	354.00	208.67	0.0047922	607.31	776.96	3.3602	1.9260	3.3344	690.99	0.041637	2.5166e-05	0.078585	supercritical
326.69	354.00	207.85	0.0048112	609.98	780.29	3.3704	1.9279	3.3319	690.15	0.041888	2.5098e-05	0.078484	supercritical
327.69	354.00	207.03	0.0048302	612.63	783.62	3.3806	1.9298	3.3293	689.34	0.042131	2.5031e-05	0.078385	supercritical
328.69	354.00	206.22	0.0048493	615.29	786.95	3.3907	1.9317	3.3268	688.54	0.042366	2.4965e-05	0.078289	supercritical
329.69	354.00	205.41	0.0048683	617.94	790.28	3.4008	1.9336	3.3243	687.76	0.042595	2.4900e-05	0.078195	supercritical
330.69	354.00	204.61	0.0048874	620.59	793.60	3.4109	1.9356	3.3217	687.01	0.042816	2.4837e-05	0.078105	supercritical
331.69	354.00	203.81	0.0049065	623.23	796.92	3.4209	1.9376	3.3192	686.27	0.043031	2.4775e-05	0.078017	supercritical
332.69	354.00	203.02	0.0049256	625.87	800.24	3.4309	1.9396	3.3168	685.55	0.043238	2.4713e-05	0.077932	supercritical
333.69	354.00	202.24	0.0049447	628.51	803.55	3.4409	1.9416	3.3143	684.85	0.043438	2.4653e-05	0.077849	supercritical
334.69	354.00	201.46	0.0049639	631.15	806.87	3.4508	1.9437	3.3119	684.16	0.043631	2.4594e-05	0.077770	supercritical
335.69	354.00	200.68	0.0049830	633.78	810.18	3.4606	1.9457	3.3094	683.50	0.043818	2.4536e-05	0.077693	supercritical
336.69	354.00	199.91	0.0050022	636.41	813.49	3.4705	1.9478	3.3070	682.85	0.043997	2.4478e-05	0.077618	supercritical
337.69	354.00	199.15	0.0050214	639.04	816.79	3.4803	1.9499	3.3046	682.22	0.044170	2.4422e-05	0.077546	supercritical
338.69	354.00	198.39	0.0050406	641.66	820.10	3.4901	1.9520	3.3023	681.61	0.044336	2.4367e-05	0.077477	supercritical
339.69	354.00	197.64	0.0050598	644.28	823.40	3.4998	1.9541	3.2999	681.01	0.044495	2.4313e-05	0.077410	supercritical
340.69	354.00	196.89	0.0050790	646.90	826.70	3.5095	1.9563	3.2976	680.43	0.044647	2.4260e-05	0.077346	supercritical
341.69	354.00	196.15	0.0050982	649.51	829.99	3.5191	1.9584	3.2953	679.86	0.044794	2.4208e-05	0.077284	supercritical
342.69	354.00	195.41	0.0051175	652.13	833.29	3.5288	1.9606	3.2930	679.31	0.044933	2.4156e-05	0.077224	supercritical
343.69	354.00	194.68	0.0051367	654.74	836.58	3.5384	1.9628	3.2908	678.78	0.045066	2.4106e-05	0.077167	supercritical
344.69	354.00	193.95	0.0051560	657.35	839.87	3.5479	1.9650	3.2885	678.26	0.045193	2.4056e-05	0.077113	supercritical
345.69	354.00	193.23	0.0051753	659.95	843.16	3.5574	1.9673	3.2863	677.76	0.045314	2.4008e-05	0.077060	supercritical
346.69	354.00	192.51	0.0051946	662.55	846.44	3.5669	1.9695	3.2842	677.27	0.045428	2.3960e-05	0.077010	supercritical
347.69	354.00	191.80	0.0052138	665.15	849.72	3.5764	1.9718	3.2820	676.80	0.045536	2.3913e-05	0.076963	supercritical
348.69	354.00	191.09	0.0052331	667.75	853.00	3.5858	1.9741	3.2799	676.34	0.045639	2.3867e-05	0.076917	supercritical
349.69	354.00	190.39	0.0052524	670.35	856.28	3.5952	1.9764	3.2778	675.89	0.045735	2.3822e-05	0.076874	supercritical
350.69	354.00	189.69	0.0052718	672.94	859.56	3.6046	1.9787	3.2758	675.46	0.045825	2.3778e-05	0.076833	supercritical
351.69	354.00	189.00	0.0052911	675.53	862.83	3.6139	1.9810	3.2737	675.04	0.045909	2.3735e-05	0.076794	supercritical
352.69	354.00	188.31	0.0053104	678.12	866.11	3.6232	1.9834	3.2717	674.63	0.045988	2.3692e-05	0.076758	supercritical
353.69	354.00	187.63	0.0053297	680.71	869.38	3.6324	1.9857	3.2698	674.24	0.046061	2.3650e-05	0.076723	supercritical
354.69	354.00	186.95	0.0053490	683.29	872.65	3.6417	1.9881	3.2678	673.86	0.046128	2.3609e-05	0.076691	supercritical
355.69	354.00	186.28	0.0053684	685.87	875.91	3.6509	1.9905	3.2659	673.50	0.046190	2.3569e-05	0.076661	supercritical
356.69	354.00	185.61	0.0053877	688.45	879.18	3.6600	1.9929	3.2640	673.14	0.046246	2.3529e-05	0.076633	supercritical
357.69	354.00	184.94	0.0054071	691.03	882.44	3.6692	1.9953	3.2622	672.80	0.046297	2.3491e-05	0.076607	supercritical
358.69	354.00	184.28	0.0054264	693.61	885.70	3.6783	1.9978	3.2604	672.47	0.046343	2.3452e-05	0.076583	supercritical
359.69	354.00	183.63	0.0054457	696.18	888.96	3.6873	2.0002	3.2586	672.15	0.046383	2.3415e-05	0.076561	supercritical
360.69	354.00	182.98	0.0054651	698.76	892.22	3.6964	2.0027	3.2568	671.85	0.046418	2.3379e-05	0.076541	supercritical
361.69	354.00	182.33	0.0054844	701.33	895.48	3.7054	2.0052	3.2551	671.55	0.046449	2.3343e-05	0.076524	supercritical
362.69	354.00	181.69	0.0055038	703.90	898.73	3.7144	2.0077	3.2534	671.27	0.046474	2.3308e-05	0.076508	supercritical
363.69	354.00	181.06	0.0055231	706.47	901.98	3.7233	2.0102	3.2518	671.00	0.046494	2.3273e-05	0.076494	supercritical
364.69	354.00	180.43	0.0055424	709.03	905.23	3.7323	2.0127	3.2502	670.74	0.046509	2.3239e-05	0.076482	supercritical
365.69	354.00	179.80	0.0055618	711.60	908.48	3.7412	2.0153	3.2486	670.48	0.046520	2.3206e-05	0.076472	supercritical
366.69	354.00	179.18	0.0055811	714.16	911.73	3.7500	2.0178	3.2471	670.24	0.046526	2.3174e-05	0.076463	supercritical
367.69	354.00	178.56	0.0056005	716.72	914.98	3.7589	2.0204	3.2456	670.01	0.046527	2.3142e-05	0.076457	supercritical
368.69	354.00	177.94	0.0056198	719.28	918.22	3.7677	2.0230	3.2441	669.79	0.046524	2.3111e-05	0.076453	supercritical
369.69	354.00	177.33	0.0056391	721.84	921.47	3.7765	2.0256	3.2426	669.58	0.046516	2.3080e-05	0.076450	supercritical
370.69	354.00	176.73	0.0056585	724.40	924.71	3.7852	2.0282	3.2412	669.38	0.046504	2.3050e-05	0.076449	supercritical
371.69	354.00	176.12	0.0056778	726.95	927.95	3.7940	2.0308	3.2399	669.19	0.046488	2.3021e-05	0.076450	supercritical
372.69	354.00	175.53	0.0056971	729.51	931.19	3.8027	2.0335	3.2385	669.01	0.046467	2.2992e-05	0.076453	supercritical
373.69	354.00	174.93	0.0057165	732.06	934.43	3.8113	2.0361	3.2372	668.84	0.046442	2.2964e-05	0.076457	supercritical
374.69	354.00	174.34	0.0057358	734.62	937.66	3.8200	2.0388	3.2360	668.68	0.046413	2.2937e-05	0.076464	supercritical
375.69	354.00	173.76	0.0057551	737.17	940.90	3.8286	2.0415	3.2347	668.52	0.046380	2.2910e-05	0.076472	supercritical
376.69	354.00	173.18	0.0057744	739.72	944.13	3.8372	2.0442	3.2335	668.38	0.046343	2.2884e-05	0.076481	supercritical
377.69	354.00	172.60	0.0057937	742.27	947.36	3.8458	2.0469	3.2324	668.24	0.046302	2.2858e-05	0.076493	supercritical
378.69	354.00	172.03	0.0058130	744.82	950.60	3.8543	2.0496	3.2312	668.11	0.046258	2.2833e-05	0.076506	supercritical
379.69	354.00	171.46	0.0058323	747.36	953.83	3.8628	2.0523	3.2301	668.00	0.046210	2.2808e-05	0.076520	supercritical
380.69	354.00	170.89	0.0058516	749.91	957.06	3.8713	2.0551	3.2291	667.88	0.046158	2.2784e-05	0.076537	supercritical
381.69	354.00	170.33	0.0058709	752.46	960.29	3.8798	2.0579	3.2281	667.78	0.046102	2.2760e-05	0.076555	supercritical
382.69	354.00	169.78	0.0058901	755.00	963.51	3.8883	2.0606	3.2271	667.69	0.046043	2.2737e-05	0.076574	supercritical
383.69	354.00	169.22	0.0059094	757.55	966.74	3.8967	2.0634	3.2261	667.60	0.045980	2.2715e-05	0.076596	supercritical
384.69	354.00	168.67	0.0059287	760.09	969.96	3.9051	2.0662	3.2252	667.52	0.045915	2.2692e-05	0.076618	supercritical
385.69	354.00	168.13	0.0059479	762.63	973.19	3.9134	2.0690	3.2243	667.45	0.045845	2.2671e-05	0.076643	supercritical
386.69	354.00	167.58	0.0059672	765.18	976.41	3.9218	2.0718	3.2235	667.38	0.045773	2.2650e-05	0.076669	supercritical
387.69	354.00	167.04	0.0059864	767.72	979.64	3.9301	2.0747	3.2227	667.33	0.045697	2.2629e-05	0.076696	supercritical
388.69	354.00	166.51	0.0060057	770.26	982.86	3.9384	2.0775	3.2219	667.28	0.045618	2.2609e-05	0.076725	supercritical
389.69	354.00	165.98	0.0060249	772.80	986.08	3.9467	2.0803	3.2212	667.23	0.045537	2.2590e-05	0.076756	supercritical
390.69	354.00	165.45	0.0060441	775.34	989.30	3.9550	2.0832	3.2204	667.20	0.045452	2.2570e-05	0.076788	supercritical
391.69	354.00	164.93	0.0060633	777.88	992.52	3.9632	2.0861	3.2198	667.17	0.045364	2.2552e-05	0.076821	supercritical
392.69	354.00	164.41	0.0060825	780.42	995.74	3.9714	2.0890	3.2191	667.14	0.045274	2.2533e-05	0.076856	supercritical
393.69	354.00	163.89	0.0061017	782.96	998.96	3.9796	2.0919	3.2185	667.13	0.045180	2.2516e-05	0.076892	supercritical
394.69	354.00	163.37	0.0061209	785.50	1002.2	3.9877	2.0948	3.2180	667.12	0.045084	2.2498e-05	0.076930	supercritical
395.69	354.00	162.86	0.0061401	788.04	1005.4	3.9959	2.0977	3.2174	667.12	0.044985	2.2481e-05	0.076969	supercritical
396.69	354.00	162.36	0.0061593	790.57	1008.6	4.0040	2.1006	3.2169	667.12	0.044884	2.2465e-05	0.077010	supercritical
397.69	354.00	161.85	0.0061784	793.11	1011.8	4.0121	2.1035	3.2164	667.13	0.044780	2.2449e-05	0.077052	supercritical
398.69	354.00	161.35	0.0061976	795.65	1015.0	4.0202	2.1065	3.2160	667.14	0.044674	2.2433e-05	0.077096	supercritical
399.69	354.00	160.86	0.0062167	798.19	1018.3	4.0282	2.1095	3.2156	667.16	0.044565	2.2418e-05	0.077140	supercritical
400.69	354.00	160.36	0.0062359	800.73	1021.5	4.0363	2.1124	3.2152	667.19	0.044453	2.2403e-05	0.077187	supercritical
401.69	354.00	159.87	0.0062550	803.27	1024.7	4.0443	2.1154	3.2149	667.22	0.044340	2.2389e-05	0.077234	supercritical
402.69	354.00	159.39	0.0062741	805.80	1027.9	4.0523	2.1184	3.2146	667.26	0.044224	2.2375e-05	0.077283	supercritical
403.69	354.00	158.90	0.0062932	808.34	1031.1	4.0602	2.1214	3.2143	667.31	0.044106	2.2361e-05	0.077333	supercritical
404.69	354.00	158.42	0.0063123	810.88	1034.3	4.0682	2.1244	3.2141	667.35	0.043986	2.2348e-05	0.077385	supercritical
405.69	354.00	157.94	0.0063314	813.42	1037.5	4.0761	2.1274	3.2139	667.41	0.043863	2.2335e-05	0.077437	supercritical
406.69	354.00	157.47	0.0063505	815.96	1040.8	4.0840	2.1304	3.2137	667.47	0.043739	2.2322e-05	0.077492	supercritical
407.69	354.00	157.00	0.0063695	818.50	1044.0	4.0919	2.1335	3.2135	667.53	0.043612	2.2310e-05	0.077547	supercritical
408.69	354.00	156.53	0.0063886	821.03	1047.2	4.0998	2.1365	3.2134	667.60	0.043484	2.2298e-05	0.077604	supercritical
409.69	354.00	156.06	0.0064076	823.57	1050.4	4.1077	2.1396	3.2133	667.68	0.043354	2.2287e-05	0.077661	supercritical
410.69	354.00	155.60	0.0064267	826.11	1053.6	4.1155	2.1426	3.2133	667.76	0.043221	2.2276e-05	0.077721	supercritical
411.69	354.00	155.14	0.0064457	828.65	1056.8	4.1233	2.1457	3.2133	667.84	0.043087	2.2265e-05	0.077781	supercritical
412.69	354.00	154.69	0.0064647	831.19	1060.0	4.1311	2.1488	3.2133	667.93	0.042952	2.2255e-05	0.077842	supercritical
413.69	354.00	154.23	0.0064837	833.73	1063.3	4.1389	2.1519	3.2133	668.03	0.042814	2.2244e-05	0.077905	supercritical
414.69	354.00	153.78	0.0065027	836.27	1066.5	4.1466	2.1550	3.2134	668.13	0.042675	2.2235e-05	0.077969	supercritical
415.69	354.00	153.33	0.0065217	838.82	1069.7	4.1544	2.1581	3.2135	668.23	0.042534	2.2225e-05	0.078034	supercritical
416.69	354.00	152.89	0.0065407	841.36	1072.9	4.1621	2.1612	3.2136	668.34	0.042392	2.2216e-05	0.078101	supercritical
417.69	354.00	152.45	0.0065596	843.90	1076.1	4.1698	2.1643	3.2138	668.45	0.042248	2.2208e-05	0.078168	supercritical
418.69	354.00	152.01	0.0065786	846.44	1079.3	4.1775	2.1674	3.2140	668.57	0.042102	2.2199e-05	0.078237	supercritical
419.69	354.00	151.57	0.0065975	848.99	1082.5	4.1852	2.1705	3.2142	668.69	0.041955	2.2191e-05	0.078307	supercritical
420.69	354.00	151.14	0.0066164	851.53	1085.8	4.1928	2.1737	3.2144	668.81	0.041807	2.2183e-05	0.078378	supercritical
421.69	354.00	150.71	0.0066353	854.08	1089.0	4.2004	2.1768	3.2147	668.94	0.041657	2.2176e-05	0.078450	supercritical
422.69	354.00	150.28	0.0066543	856.62	1092.2	4.2081	2.1800	3.2150	669.07	0.041506	2.2168e-05	0.078523	supercritical
423.69	354.00	149.85	0.0066731	859.17	1095.4	4.2157	2.1832	3.2153	669.21	0.041354	2.2161e-05	0.078597	supercritical
424.69	354.00	149.43	0.0066920	861.72	1098.6	4.2232	2.1863	3.2157	669.35	0.041200	2.2155e-05	0.078672	supercritical
425.69	354.00	149.01	0.0067109	864.26	1101.8	4.2308	2.1895	3.2161	669.50	0.041046	2.2148e-05	0.078749	supercritical
426.69	354.00	148.59	0.0067298	866.81	1105.0	4.2383	2.1927	3.2165	669.64	0.040890	2.2142e-05	0.078826	supercritical
427.69	354.00	148.18	0.0067486	869.36	1108.3	4.2459	2.1959	3.2170	669.80	0.040733	2.2137e-05	0.078905	supercritical
428.69	354.00	147.77	0.0067674	871.91	1111.5	4.2534	2.1991	3.2174	669.95	0.040574	2.2131e-05	0.078985	supercritical
429.69	354.00	147.36	0.0067863	874.46	1114.7	4.2609	2.2023	3.2179	670.11	0.040415	2.2126e-05	0.079065	supercritical
430.69	354.00	146.95	0.0068051	877.02	1117.9	4.2684	2.2055	3.2184	670.27	0.040255	2.2121e-05	0.079147	supercritical
431.69	354.00	146.54	0.0068239	879.57	1121.1	4.2758	2.2087	3.2190	670.44	0.040093	2.2116e-05	0.079230	supercritical
432.69	354.00	146.14	0.0068427	882.12	1124.4	4.2833	2.2120	3.2196	670.61	0.039931	2.2112e-05	0.079313	supercritical
433.69	354.00	145.74	0.0068615	884.68	1127.6	4.2907	2.2152	3.2202	670.78	0.039768	2.2108e-05	0.079398	supercritical
434.69	354.00	145.34	0.0068802	887.23	1130.8	4.2981	2.2184	3.2208	670.96	0.039604	2.2104e-05	0.079484	supercritical
435.69	354.00	144.95	0.0068990	889.79	1134.0	4.3055	2.2217	3.2214	671.14	0.039439	2.2100e-05	0.079571	supercritical
436.69	354.00	144.56	0.0069177	892.35	1137.2	4.3129	2.2249	3.2221	671.32	0.039273	2.2096e-05	0.079659	supercritical
437.69	354.00	144.17	0.0069365	894.91	1140.5	4.3203	2.2282	3.2228	671.51	0.039106	2.2093e-05	0.079747	supercritical
438.69	354.00	143.78	0.0069552	897.47	1143.7	4.3276	2.2315	3.2236	671.69	0.038938	2.2090e-05	0.079837	supercritical
439.69	354.00	143.39	0.0069739	900.03	1146.9	4.3350	2.2347	3.2243	671.89	0.038770	2.2088e-05	0.079928	supercritical
440.69	354.00	143.01	0.0069926	902.59	1150.1	4.3423	2.2380	3.2251	672.08	0.038601	2.2085e-05	0.080019	supercritical
441.69	354.00	142.63	0.0070113	905.16	1153.4	4.3496	2.2413	3.2259	672.28	0.038432	2.2083e-05	0.080112	supercritical
442.69	354.00	142.25	0.0070299	907.72	1156.6	4.3569	2.2446	3.2267	672.48	0.038261	2.2081e-05	0.080205	supercritical
443.69	354.00	141.87	0.0070486	910.29	1159.8	4.3642	2.2479	3.2276	672.68	0.038090	2.2079e-05	0.080300	supercritical
444.69	354.00	141.50	0.0070673	912.86	1163.0	4.3715	2.2512	3.2284	672.89	0.037919	2.2077e-05	0.080395	supercritical
445.69	354.00	141.13	0.0070859	915.43	1166.3	4.3787	2.2545	3.2293	673.10	0.037747	2.2076e-05	0.080491	supercritical
446.69	354.00	140.76	0.0071045	918.00	1169.5	4.3860	2.2578	3.2302	673.31	0.037574	2.2075e-05	0.080588	supercritical
447.69	354.00	140.39	0.0071231	920.57	1172.7	4.3932	2.2611	3.2312	673.52	0.037401	2.2074e-05	0.080686	supercritical
448.69	354.00	140.02	0.0071417	923.14	1176.0	4.4004	2.2644	3.2321	673.74	0.037227	2.2073e-05	0.080785	supercritical
449.69	354.00	139.66	0.0071603	925.72	1179.2	4.4076	2.2678	3.2331	673.96	0.037053	2.2073e-05	0.080885	supercritical
450.69	354.00	139.30	0.0071789	928.29	1182.4	4.4148	2.2711	3.2341	674.18	0.036878	2.2072e-05	0.080986	supercritical
451.69	354.00	138.94	0.0071975	930.87	1185.7	4.4219	2.2744	3.2352	674.41	0.036703	2.2072e-05	0.081087	supercritical
452.69	354.00	138.58	0.0072160	933.45	1188.9	4.4291	2.2778	3.2362	674.63	0.036527	2.2072e-05	0.081190	supercritical
453.69	354.00	138.22	0.0072346	936.03	1192.1	4.4362	2.2811	3.2373	674.86	0.036351	2.2073e-05	0.081293	supercritical
454.69	354.00	137.87	0.0072531	938.61	1195.4	4.4434	2.2845	3.2384	675.09	0.036175	2.2073e-05	0.081397	supercritical
455.69	354.00	137.52	0.0072717	941.19	1198.6	4.4505	2.2878	3.2395	675.33	0.035998	2.2074e-05	0.081502	supercritical
456.69	354.00	137.17	0.0072902	943.78	1201.8	4.4576	2.2912	3.2406	675.56	0.035821	2.2075e-05	0.081608	supercritical
457.69	354.00	136.82	0.0073087	946.36	1205.1	4.4647	2.2945	3.2418	675.80	0.035644	2.2076e-05	0.081714	supercritical
458.69	354.00	136.48	0.0073271	948.95	1208.3	4.4717	2.2979	3.2430	676.04	0.035466	2.2077e-05	0.081822	supercritical
459.69	354.00	136.14	0.0073456	951.54	1211.6	4.4788	2.3013	3.2442	676.29	0.035288	2.2078e-05	0.081930	supercritical
460.69	354.00	135.79	0.0073641	954.13	1214.8	4.4859	2.3046	3.2454	676.53	0.035110	2.2080e-05	0.082039	supercritical
461.69	354.00	135.45	0.0073825	956.72	1218.1	4.4929	2.3080	3.2466	676.78	0.034932	2.2082e-05	0.082149	supercritical
462.69	354.00	135.12	0.0074010	959.32	1221.3	4.4999	2.3114	3.2479	677.03	0.034753	2.2084e-05	0.082260	supercritical
463.69	354.00	134.78	0.0074194	961.92	1224.6	4.5069	2.3148	3.2491	677.28	0.034575	2.2086e-05	0.082371	supercritical
464.69	354.00	134.45	0.0074378	964.51	1227.8	4.5139	2.3182	3.2504	677.53	0.034396	2.2088e-05	0.082483	supercritical
465.69	354.00	134.12	0.0074562	967.11	1231.1	4.5209	2.3216	3.2518	677.79	0.034216	2.2091e-05	0.082596	supercritical
466.69	354.00	133.79	0.0074746	969.71	1234.3	4.5279	2.3250	3.2531	678.04	0.034037	2.2093e-05	0.082710	supercritical
467.69	354.00	133.46	0.0074930	972.32	1237.6	4.5349	2.3284	3.2544	678.30	0.033858	2.2096e-05	0.082824	supercritical
468.69	354.00	133.13	0.0075114	974.92	1240.8	4.5418	2.3318	3.2558	678.56	0.033678	2.2099e-05	0.082939	supercritical
469.69	354.00	132.81	0.0075297	977.53	1244.1	4.5488	2.3352	3.2572	678.83	0.033499	2.2102e-05	0.083055	supercritical
470.69	354.00	132.48	0.0075481	980.14	1247.3	4.5557	2.3386	3.2586	679.09	0.033319	2.2106e-05	0.083172	supercritical
471.69	354.00	132.16	0.0075664	982.75	1250.6	4.5626	2.3420	3.2600	679.36	0.033140	2.2109e-05	0.083290	supercritical
472.69	354.00	131.84	0.0075848	985.36	1253.9	4.5695	2.3455	3.2615	679.62	0.032960	2.2113e-05	0.083408	supercritical
473.69	354.00	131.53	0.0076031	987.97	1257.1	4.5764	2.3489	3.2629	679.89	0.032780	2.2116e-05	0.083527	supercritical
474.69	354.00	131.21	0.0076214	990.59	1260.4	4.5833	2.3523	3.2644	680.17	0.032600	2.2120e-05	0.083646	supercritical
475.69	354.00	130.90	0.0076397	993.21	1263.7	4.5902	2.3557	3.2659	680.44	0.032420	2.2124e-05	0.083766	supercritical
476.69	354.00	130.58	0.0076579	995.83	1266.9	4.5970	2.3592	3.2674	680.71	0.032241	2.2129e-05	0.083887	supercritical
477.69	354.00	130.27	0.0076762	998.45	1270.2	4.6039	2.3626	3.2689	680.99	0.032061	2.2133e-05	0.084009	supercritical
478.69	354.00	129.96	0.0076945	1001.1	1273.5	4.6107	2.3661	3.2705	681.27	0.031881	2.2138e-05	0.084132	supercritical
479.69	354.00	129.66	0.0077127	1003.7	1276.7	4.6175	2.3695	3.2720	681.55	0.031702	2.2142e-05	0.084255	supercritical
480.69	354.00	129.35	0.0077309	1006.3	1280.0	4.6243	2.3729	3.2736	681.83	0.031522	2.2147e-05	0.084378	supercritical
481.69	354.00	129.05	0.0077492	1009.0	1283.3	4.6312	2.3764	3.2752	682.11	0.031342	2.2152e-05	0.084503	supercritical
482.69	354.00	128.74	0.0077674	1011.6	1286.5	4.6379	2.3798	3.2768	682.40	0.031163	2.2157e-05	0.084628	supercritical
483.69	354.00	128.44	0.0077856	1014.2	1289.8	4.6447	2.3833	3.2785	682.68	0.030984	2.2162e-05	0.084754	supercritical
484.69	354.00	128.14	0.0078038	1016.9	1293.1	4.6515	2.3868	3.2801	682.97	0.030804	2.2167e-05	0.084880	supercritical
485.69	354.00	127.85	0.0078220	1019.5	1296.4	4.6583	2.3902	3.2817	683.26	0.030625	2.2173e-05	0.085007	supercritical
486.69	354.00	127.55	0.0078401	1022.1	1299.7	4.6650	2.3937	3.2834	683.55	0.030446	2.2179e-05	0.085135	supercritical
487.69	354.00	127.25	0.0078583	1024.8	1303.0	4.6718	2.3971	3.2851	683.84	0.030268	2.2184e-05	0.085264	supercritical
488.69	354.00	126.96	0.0078764	1027.4	1306.2	4.6785	2.4006	3.2868	684.13	0.030089	2.2190e-05	0.085393	supercritical
489.69	354.00	126.67	0.0078946	1030.1	1309.5	4.6852	2.4041	3.2885	684.43	0.029910	2.2196e-05	0.085522	supercritical
490.69	354.00	126.38	0.0079127	1032.7	1312.8	4.6919	2.4076	3.2903	684.72	0.029732	2.2202e-05	0.085653	supercritical
491.69	354.00	126.09	0.0079308	1035.4	1316.1	4.6986	2.4110	3.2920	685.02	0.029554	2.2208e-05	0.085784	supercritical
492.69	354.00	125.80	0.0079489	1038.0	1319.4	4.7053	2.4145	3.2938	685.32	0.029376	2.2215e-05	0.085915	supercritical
493.69	354.00	125.52	0.0079670	1040.7	1322.7	4.7120	2.4180	3.2955	685.62	0.029198	2.2221e-05	0.086047	supercritical
494.69	354.00	125.23	0.0079851	1043.3	1326.0	4.7187	2.4215	3.2973	685.92	0.029021	2.2228e-05	0.086180	supercritical
495.69	354.00	124.95	0.0080032	1046.0	1329.3	4.7253	2.4250	3.2991	686.22	0.028844	2.2235e-05	0.086314	supercritical
496.69	354.00	124.67	0.0080212	1048.6	1332.6	4.7320	2.4284	3.3009	686.52	0.028666	2.2241e-05	0.086448	supercritical
497.69	354.00	124.39	0.0080393	1051.3	1335.9	4.7386	2.4319	3.3028	686.83	0.028490	2.2248e-05	0.086582	supercritical
498.69	354.00	124.11	0.0080573	1054.0	1339.2	4.7452	2.4354	3.3046	687.13	0.028313	2.2255e-05	0.086717	supercritical
499.69	354.00	123.83	0.0080753	1056.6	1342.5	4.7519	2.4389	3.3065	687.44	0.028137	2.2262e-05	0.086853	supercritical
500.69	354.00	123.56	0.0080933	1059.3	1345.8	4.7585	2.4424	3.3083	687.75	0.027961	2.2270e-05	0.086990	supercritical
501.69	354.00	123.28	0.0081113	1062.0	1349.1	4.7651	2.4459	3.3102	688.05	0.027785	2.2277e-05	0.087127	supercritical
502.69	354.00	123.01	0.0081293	1064.7	1352.4	4.7717	2.4494	3.3121	688.36	0.027609	2.2285e-05	0.087264	supercritical
503.69	354.00	122.74	0.0081473	1067.3	1355.7	4.7783	2.4529	3.3140	688.67	0.027434	2.2292e-05	0.087402	supercritical
504.69	354.00	122.47	0.0081653	1070.0	1359.1	4.7848	2.4564	3.3159	688.99	0.027259	2.2300e-05	0.087541	supercritical
505.69	354.00	122.20	0.0081833	1072.7	1362.4	4.7914	2.4599	3.3179	689.30	0.027085	2.2308e-05	0.087680	supercritical
506.69	354.00	121.93	0.0082012	1075.4	1365.7	4.7980	2.4634	3.3198	689.61	0.026910	2.2316e-05	0.087820	supercritical
507.69	354.00	121.67	0.0082192	1078.1	1369.0	4.8045	2.4669	3.3218	689.93	0.026736	2.2324e-05	0.087960	supercritical
508.69	354.00	121.40	0.0082371	1080.7	1372.3	4.8110	2.4704	3.3238	690.24	0.026563	2.2332e-05	0.088101	supercritical
509.69	354.00	121.14	0.0082550	1083.4	1375.7	4.8176	2.4739	3.3257	690.56	0.026389	2.2340e-05	0.088243	supercritical
510.69	354.00	120.88	0.0082729	1086.1	1379.0	4.8241	2.4774	3.3277	690.88	0.026216	2.2348e-05	0.088385	supercritical
511.69	354.00	120.62	0.0082908	1088.8	1382.3	4.8306	2.4809	3.3297	691.20	0.026044	2.2357e-05	0.088527	supercritical
512.69	354.00	120.36	0.0083087	1091.5	1385.6	4.8371	2.4844	3.3318	691.52	0.025871	2.2365e-05	0.088670	supercritical
513.69	354.00	120.10	0.0083266	1094.2	1389.0	4.8436	2.4880	3.3338	691.84	0.025699	2.2374e-05	0.088814	supercritical
514.69	354.00	119.84	0.0083445	1096.9	1392.3	4.8501	2.4915	3.3358	692.16	0.025528	2.2382e-05	0.088958	supercritical
515.69	354.00	119.58	0.0083623	1099.6	1395.7	4.8566	2.4950	3.3379	692.48	0.025356	2.2391e-05	0.089103	supercritical
516.69	354.00	119.33	0.0083802	1102.3	1399.0	4.8630	2.4985	3.3399	692.80	0.025186	2.2400e-05	0.089248	supercritical
517.69	354.00	119.08	0.0083980	1105.0	1402.3	4.8695	2.5020	3.3420	693.13	0.025015	2.2409e-05	0.089393	supercritical
518.69	354.00	118.82	0.0084159	1107.8	1405.7	4.8759	2.5055	3.3441	693.45	0.024845	2.2418e-05	0.089540	supercritical
519.69	354.00	118.57	0.0084337	1110.5	1409.0	4.8824	2.5091	3.3462	693.78	0.024675	2.2427e-05	0.089686	supercritical
520.69	354.00	118.32	0.0084515	1113.2	1412.4	4.8888	2.5126	3.3483	694.11	0.024506	2.2436e-05	0.089833	supercritical
521.69	354.00	118.07	0.0084693	1115.9	1415.7	4.8952	2.5161	3.3504	694.43	0.024337	2.2446e-05	0.089981	supercritical
522.69	354.00	117.83	0.0084871	1118.6	1419.1	4.9017	2.5196	3.3525	694.76	0.024168	2.2455e-05	0.090129	supercritical
523.69	354.00	117.58	0.0085049	1121.3	1422.4	4.9081	2.5232	3.3547	695.09	0.024000	2.2465e-05	0.090278	supercritical
524.69	354.00	117.33	0.0085227	1124.1	1425.8	4.9145	2.5267	3.3568	695.42	0.023832	2.2474e-05	0.090427	supercritical
525.69	354.00	117.09	0.0085404	1126.8	1429.1	4.9209	2.5302	3.3590	695.75	0.023665	2.2484e-05	0.090577	supercritical
526.69	354.00	116.85	0.0085582	1129.5	1432.5	4.9273	2.5337	3.3611	696.08	0.023498	2.2494e-05	0.090727	supercritical
527.69	354.00	116.61	0.0085759	1132.3	1435.9	4.9336	2.5373	3.3633	696.41	0.023331	2.2503e-05	0.090878	supercritical
528.69	354.00	116.36	0.0085937	1135.0	1439.2	4.9400	2.5408	3.3655	696.75	0.023165	2.2513e-05	0.091029	supercritical
529.69	354.00	116.13	0.0086114	1137.7	1442.6	4.9464	2.5443	3.3677	697.08	0.022999	2.2523e-05	0.091180	supercritical
530.69	354.00	115.89	0.0086291	1140.5	1446.0	4.9527	2.5478	3.3699	697.41	0.022834	2.2533e-05	0.091332	supercritical
531.69	354.00	115.65	0.0086468	1143.2	1449.3	4.9591	2.5514	3.3721	697.75	0.022669	2.2543e-05	0.091485	supercritical
532.69	354.00	115.41	0.0086645	1146.0	1452.7	4.9654	2.5549	3.3743	698.08	0.022504	2.2554e-05	0.091638	supercritical
533.69	354.00	115.18	0.0086822	1148.7	1456.1	4.9717	2.5584	3.3765	698.42	0.022340	2.2564e-05	0.091791	supercritical
534.69	354.00	114.94	0.0086999	1151.5	1459.5	4.9781	2.5620	3.3788	698.76	0.022177	2.2574e-05	0.091945	supercritical
535.69	354.00	114.71	0.0087175	1154.2	1462.8	4.9844	2.5655	3.3810	699.09	0.022013	2.2585e-05	0.092100	supercritical
536.69	354.00	114.48	0.0087352	1157.0	1466.2	4.9907	2.5690	3.3833	699.43	0.021851	2.2595e-05	0.092254	supercritical
537.69	354.00	114.25	0.0087528	1159.8	1469.6	4.9970	2.5726	3.3855	699.77	0.021688	2.2606e-05	0.092410	supercritical
538.69	354.00	114.02	0.0087705	1162.5	1473.0	5.0033	2.5761	3.3878	700.11	0.021527	2.2616e-05	0.092565	supercritical
539.69	354.00	113.79	0.0087881	1165.3	1476.4	5.0096	2.5796	3.3901	700.45	0.021365	2.2627e-05	0.092722	supercritical
540.69	354.00	113.56	0.0088057	1168.0	1479.8	5.0158	2.5832	3.3924	700.79	0.021204	2.2638e-05	0.092878	supercritical
541.69	354.00	113.34	0.0088233	1170.8	1483.2	5.0221	2.5867	3.3947	701.13	0.021044	2.2649e-05	0.093035	supercritical
542.69	354.00	113.11	0.0088409	1173.6	1486.6	5.0284	2.5902	3.3970	701.47	0.020884	2.2660e-05	0.093193	supercritical
543.69	354.00	112.89	0.0088585	1176.4	1490.0	5.0346	2.5938	3.3993	701.81	0.020724	2.2671e-05	0.093350	supercritical
544.69	354.00	112.66	0.0088761	1179.1	1493.4	5.0409	2.5973	3.4016	702.16	0.020565	2.2682e-05	0.093509	supercritical
545.69	354.00	112.44	0.0088937	1181.9	1496.8	5.0471	2.6008	3.4040	702.50	0.020406	2.2693e-05	0.093667	supercritical
546.69	354.00	112.22	0.0089113	1184.7	1500.2	5.0533	2.6044	3.4063	702.84	0.020248	2.2704e-05	0.093827	supercritical
547.69	354.00	112.00	0.0089288	1187.5	1503.6	5.0596	2.6079	3.4087	703.19	0.020090	2.2715e-05	0.093986	supercritical
548.69	354.00	111.78	0.0089464	1190.3	1507.0	5.0658	2.6114	3.4110	703.53	0.019933	2.2727e-05	0.094146	supercritical
549.69	354.00	111.56	0.0089639	1193.1	1510.4	5.0720	2.6150	3.4134	703.88	0.019776	2.2738e-05	0.094307	supercritical
550.69	354.00	111.34	0.0089814	1195.9	1513.8	5.0782	2.6185	3.4157	704.22	0.019620	2.2749e-05	0.094467	supercritical
551.69	354.00	111.12	0.0089990	1198.7	1517.2	5.0844	2.6220	3.4181	704.57	0.019464	2.2761e-05	0.094629	supercritical
552.69	354.00	110.91	0.0090165	1201.5	1520.6	5.0906	2.6256	3.4205	704.91	0.019309	2.2772e-05	0.094790	supercritical
553.69	354.00	110.69	0.0090340	1204.3	1524.1	5.0968	2.6291	3.4229	705.26	0.019154	2.2784e-05	0.094952	supercritical
554.69	354.00	110.48	0.0090515	1207.1	1527.5	5.1030	2.6327	3.4253	705.61	0.018999	2.2796e-05	0.095115	supercritical
555.69	354.00	110.27	0.0090689	1209.9	1530.9	5.1091	2.6362	3.4277	705.96	0.018845	2.2808e-05	0.095277	supercritical
556.69	354.00	110.05	0.0090864	1212.7	1534.3	5.1153	2.6397	3.4301	706.30	0.018692	2.2819e-05	0.095440	supercritical
557.69	354.00	109.84	0.0091039	1215.5	1537.8	5.1215	2.6433	3.4325	706.65	0.018539	2.2831e-05	0.095604	supercritical
558.69	354.00	109.63	0.0091214	1218.3	1541.2	5.1276	2.6468	3.4350	707.00	0.018386	2.2843e-05	0.095768	supercritical
559.69	354.00	109.42	0.0091388	1221.1	1544.6	5.1338	2.6503	3.4374	707.35	0.018234	2.2855e-05	0.095932	supercritical
560.69	354.00	109.21	0.0091563	1224.0	1548.1	5.1399	2.6539	3.4398	707.70	0.018083	2.2867e-05	0.096097	supercritical
561.69	354.00	109.01	0.0091737	1226.8	1551.5	5.1460	2.6574	3.4423	708.05	0.017932	2.2879e-05	0.096262	supercritical
562.69	354.00	108.80	0.0091911	1229.6	1555.0	5.1522	2.6609	3.4447	708.40	0.017781	2.2891e-05	0.096428	supercritical
563.69	354.00	108.59	0.0092085	1232.4	1558.4	5.1583	2.6645	3.4472	708.75	0.017631	2.2904e-05	0.096594	supercritical
564.69	354.00	108.39	0.0092259	1235.3	1561.9	5.1644	2.6680	3.4496	709.11	0.017481	2.2916e-05	0.096760	supercritical
565.69	354.00	108.19	0.0092433	1238.1	1565.3	5.1705	2.6715	3.4521	709.46	0.017332	2.2928e-05	0.096926	supercritical
566.69	354.00	107.98	0.0092607	1240.9	1568.8	5.1766	2.6751	3.4546	709.81	0.017183	2.2940e-05	0.097093	supercritical
567.69	354.00	107.78	0.0092781	1243.8	1572.2	5.1827	2.6786	3.4571	710.16	0.017035	2.2953e-05	0.097261	supercritical
568.69	354.00	107.58	0.0092955	1246.6	1575.7	5.1888	2.6821	3.4596	710.52	0.016888	2.2965e-05	0.097428	supercritical
569.69	354.00	107.38	0.0093129	1249.5	1579.1	5.1949	2.6857	3.4621	710.87	0.016740	2.2978e-05	0.097596	supercritical
570.69	354.00	107.18	0.0093302	1252.3	1582.6	5.2009	2.6892	3.4646	711.22	0.016594	2.2990e-05	0.097765	supercritical
571.69	354.00	106.98	0.0093476	1255.2	1586.1	5.2070	2.6927	3.4671	711.58	0.016447	2.3003e-05	0.097934	supercritical
572.69	354.00	106.78	0.0093649	1258.0	1589.5	5.2131	2.6962	3.4696	711.93	0.016302	2.3016e-05	0.098103	supercritical
573.69	354.00	106.58	0.0093823	1260.9	1593.0	5.2191	2.6998	3.4721	712.29	0.016156	2.3028e-05	0.098272	supercritical
574.69	354.00	106.39	0.0093996	1263.7	1596.5	5.2252	2.7033	3.4746	712.64	0.016011	2.3041e-05	0.098442	supercritical
575.69	354.00	106.19	0.0094169	1266.6	1600.0	5.2312	2.7068	3.4772	713.00	0.015867	2.3054e-05	0.098612	supercritical
576.69	354.00	106.00	0.0094342	1269.5	1603.4	5.2372	2.7104	3.4797	713.35	0.015723	2.3067e-05	0.098783	supercritical
577.69	354.00	105.80	0.0094515	1272.3	1606.9	5.2433	2.7139	3.4822	713.71	0.015580	2.3079e-05	0.098954	supercritical
578.69	354.00	105.61	0.0094688	1275.2	1610.4	5.2493	2.7174	3.4848	714.06	0.015437	2.3092e-05	0.099125	supercritical
579.69	354.00	105.42	0.0094861	1278.1	1613.9	5.2553	2.7209	3.4873	714.42	0.015295	2.3105e-05	0.099296	supercritical
580.69	354.00	105.23	0.0095034	1281.0	1617.4	5.2613	2.7245	3.4899	714.78	0.015153	2.3118e-05	0.099468	supercritical
581.69	354.00	105.03	0.0095207	1283.8	1620.9	5.2673	2.7280	3.4924	715.13	0.015012	2.3131e-05	0.099640	supercritical
582.69	354.00	104.84	0.0095379	1286.7	1624.4	5.2733	2.7315	3.4950	715.49	0.014871	2.3145e-05	0.099813	supercritical
583.69	354.00	104.66	0.0095552	1289.6	1627.9	5.2793	2.7350	3.4976	715.85	0.014730	2.3158e-05	0.099986	supercritical
584.69	354.00	104.47	0.0095724	1292.5	1631.4	5.2853	2.7386	3.5001	716.21	0.014590	2.3171e-05	0.10016	supercritical
585.69	354.00	104.28	0.0095897	1295.4	1634.9	5.2913	2.7421	3.5027	716.56	0.014451	2.3184e-05	0.10033	supercritical
586.69	354.00	104.09	0.0096069	1298.3	1638.4	5.2973	2.7456	3.5053	716.92	0.014312	2.3197e-05	0.10051	supercritical
587.69	354.00	103.91	0.0096241	1301.2	1641.9	5.3033	2.7491	3.5079	717.28	0.014173	2.3211e-05	0.10068	supercritical
588.69	354.00	103.72	0.0096414	1304.1	1645.4	5.3092	2.7526	3.5105	717.64	0.014035	2.3224e-05	0.10086	supercritical
589.69	354.00	103.54	0.0096586	1307.0	1648.9	5.3152	2.7561	3.5131	718.00	0.013898	2.3238e-05	0.10103	supercritical
590.69	354.00	103.35	0.0096758	1309.9	1652.4	5.3211	2.7597	3.5157	718.36	0.013761	2.3251e-05	0.10120	supercritical
591.69	354.00	103.17	0.0096930	1312.8	1655.9	5.3271	2.7632	3.5183	718.72	0.013624	2.3264e-05	0.10138	supercritical
592.69	354.00	102.99	0.0097101	1315.7	1659.4	5.3330	2.7667	3.5209	719.08	0.013488	2.3278e-05	0.10156	supercritical
593.69	354.00	102.80	0.0097273	1318.6	1663.0	5.3390	2.7702	3.5235	719.44	0.013353	2.3292e-05	0.10173	supercritical
594.69	354.00	102.62	0.0097445	1321.5	1666.5	5.3449	2.7737	3.5262	719.80	0.013218	2.3305e-05	0.10191	supercritical
595.69	354.00	102.44	0.0097617	1324.5	1670.0	5.3508	2.7772	3.5288	720.16	0.013083	2.3319e-05	0.10209	supercritical
596.69	354.00	102.26	0.0097788	1327.4	1673.5	5.3567	2.7807	3.5314	720.52	0.012949	2.3332e-05	0.10226	supercritical
597.69	354.00	102.08	0.0097960	1330.3	1677.1	5.3627	2.7843	3.5340	720.88	0.012815	2.3346e-05	0.10244	supercritical
598.69	354.00	101.90	0.0098131	1333.2	1680.6	5.3686	2.7878	3.5367	721.24	0.012682	2.3360e-05	0.10262	supercritical
599.69	354.00	101.73	0.0098303	1336.2	1684.2	5.3745	2.7913	3.5393	721.60	0.012549	2.3374e-05	0.10279	supercritical
600.69	354.00	101.55	0.0098474	1339.1	1687.7	5.3804	2.7948	3.5420	721.96	0.012417	2.3388e-05	0.10297	supercritical
601.69	354.00	101.37	0.0098645	1342.0	1691.2	5.3863	2.7983	3.5446	722.32	0.012285	2.3401e-05	0.10315	supercritical
602.69	354.00	101.20	0.0098816	1345.0	1694.8	5.3922	2.8018	3.5473	722.68	0.012154	2.3415e-05	0.10333	supercritical
603.69	354.00	101.02	0.0098987	1347.9	1698.3	5.3980	2.8053	3.5499	723.04	0.012023	2.3429e-05	0.10351	supercritical
604.69	354.00	100.85	0.0099158	1350.9	1701.9	5.4039	2.8088	3.5526	723.41	0.011893	2.3443e-05	0.10369	supercritical
605.69	354.00	100.68	0.0099329	1353.8	1705.4	5.4098	2.8123	3.5552	723.77	0.011763	2.3457e-05	0.10387	supercritical
606.69	354.00	100.50	0.0099500	1356.8	1709.0	5.4157	2.8158	3.5579	724.13	0.011634	2.3471e-05	0.10405	supercritical
607.69	354.00	100.33	0.0099671	1359.7	1712.6	5.4215	2.8193	3.5606	724.49	0.011505	2.3485e-05	0.10423	supercritical
608.69	354.00	100.16	0.0099842	1362.7	1716.1	5.4274	2.8228	3.5633	724.86	0.011376	2.3499e-05	0.10441	supercritical
609.69	354.00	99.988	0.010001	1365.6	1719.7	5.4332	2.8263	3.5659	725.22	0.011249	2.3514e-05	0.10459	supercritical
610.69	354.00	99.817	0.010018	1368.6	1723.2	5.4391	2.8298	3.5686	725.58	0.011121	2.3528e-05	0.10477	supercritical
611.69	354.00	99.648	0.010035	1371.6	1726.8	5.4449	2.8333	3.5713	725.94	0.010994	2.3542e-05	0.10495	supercritical
612.69	354.00	99.479	0.010052	1374.5	1730.4	5.4507	2.8368	3.5740	726.31	0.010867	2.3556e-05	0.10513	supercritical
613.69	354.00	99.311	0.010069	1377.5	1734.0	5.4566	2.8403	3.5767	726.67	0.010741	2.3570e-05	0.10532	supercritical
614.69	354.00	99.143	0.010086	1380.5	1737.5	5.4624	2.8438	3.5794	727.03	0.010616	2.3585e-05	0.10550	supercritical
615.69	354.00	98.976	0.010103	1383.5	1741.1	5.4682	2.8472	3.5821	727.40	0.010491	2.3599e-05	0.10568	supercritical
616.69	354.00	98.809	0.010120	1386.4	1744.7	5.4740	2.8507	3.5848	727.76	0.010366	2.3613e-05	0.10586	supercritical
617.69	354.00	98.644	0.010138	1389.4	1748.3	5.4798	2.8542	3.5875	728.12	0.010242	2.3628e-05	0.10605	supercritical
618.69	354.00	98.478	0.010155	1392.4	1751.9	5.4857	2.8577	3.5902	728.49	0.010118	2.3642e-05	0.10623	supercritical
619.69	354.00	98.314	0.010172	1395.4	1755.5	5.4915	2.8612	3.5929	728.85	0.0099946	2.3657e-05	0.10641	supercritical
620.69	354.00	98.150	0.010188	1398.4	1759.1	5.4973	2.8647	3.5956	729.22	0.0098717	2.3671e-05	0.10660	supercritical
621.69	354.00	97.987	0.010205	1401.4	1762.7	5.5030	2.8682	3.5983	729.58	0.0097493	2.3686e-05	0.10678	supercritical
622.69	354.00	97.824	0.010222	1404.4	1766.3	5.5088	2.8716	3.6010	729.94	0.0096274	2.3700e-05	0.10696	supercritical
623.69	354.00	97.662	0.010239	1407.4	1769.9	5.5146	2.8751	3.6038	730.31	0.0095059	2.3715e-05	0.10715	supercritical
624.69	354.00	97.500	0.010256	1410.4	1773.5	5.5204	2.8786	3.6065	730.67	0.0093849	2.3729e-05	0.10733	supercritical