Temperature (K)	Pressure (bar)	Density (kg/m3)	Volume (m3/kg)	Internal Energy (kJ/kg)	Enthalpy (kJ/kg)	Entropy (J/g*K)	Cv (J/g*K)	Cp (J/g*K)	Sound Spd. (m/s)	Joule-Thomson (K/bar)	Viscosity (Pa*s)	Therm. Cond. (W/m*K)	Phase
90.694	726.00	486.94	0.0020536	-99.463	49.631	-1.0717	2.3003	3.2005	1906.0	-0.052819	0.00046665	0.26539	liquid
108.69	726.00	470.10	0.0021272	-47.438	107.00	-0.49465	2.2178	3.1777	1810.1	-0.052643	0.00023597	0.24975	liquid
109.69	726.00	469.18	0.0021314	-44.564	110.17	-0.46555	2.2139	3.1769	1804.7	-0.052617	0.00022941	0.24878	liquid
110.69	726.00	468.26	0.0021356	-41.693	113.35	-0.43673	2.2099	3.1760	1799.3	-0.052590	0.00022321	0.24780	liquid
111.69	726.00	467.34	0.0021398	-38.823	116.53	-0.40817	2.2060	3.1752	1793.9	-0.052562	0.00021734	0.24682	liquid
112.69	726.00	466.42	0.0021440	-35.954	119.70	-0.37987	2.2021	3.1744	1788.5	-0.052533	0.00021178	0.24583	liquid
113.69	726.00	465.50	0.0021482	-33.088	122.87	-0.35183	2.1982	3.1735	1783.1	-0.052503	0.00020650	0.24483	liquid
114.69	726.00	464.58	0.0021525	-30.223	126.05	-0.32404	2.1944	3.1727	1777.8	-0.052473	0.00020149	0.24384	liquid
115.69	726.00	463.66	0.0021567	-27.360	129.22	-0.29650	2.1905	3.1718	1772.4	-0.052442	0.00019673	0.24283	liquid
116.69	726.00	462.75	0.0021610	-24.499	132.39	-0.26921	2.1867	3.1710	1767.0	-0.052410	0.00019219	0.24183	liquid
117.69	726.00	461.83	0.0021653	-21.639	135.56	-0.24215	2.1829	3.1701	1761.7	-0.052378	0.00018788	0.24082	liquid
118.69	726.00	460.92	0.0021696	-18.781	138.73	-0.21534	2.1792	3.1692	1756.3	-0.052344	0.00018377	0.23980	liquid
119.69	726.00	460.00	0.0021739	-15.925	141.90	-0.18875	2.1754	3.1684	1751.0	-0.052310	0.00017984	0.23879	liquid
120.69	726.00	459.09	0.0021782	-13.071	145.07	-0.16239	2.1717	3.1675	1745.7	-0.052275	0.00017610	0.23777	liquid
121.69	726.00	458.18	0.0021826	-10.219	148.24	-0.13626	2.1680	3.1666	1740.3	-0.052240	0.00017251	0.23675	liquid
122.69	726.00	457.27	0.0021869	-7.3684	151.40	-0.11035	2.1643	3.1656	1735.0	-0.052204	0.00016909	0.23573	liquid
123.69	726.00	456.36	0.0021913	-4.5199	154.57	-0.084660	2.1606	3.1647	1729.7	-0.052167	0.00016581	0.23471	liquid
124.69	726.00	455.45	0.0021956	-1.6732	157.73	-0.059181	2.1569	3.1638	1724.5	-0.052129	0.00016266	0.23368	liquid
125.69	726.00	454.54	0.0022000	1.1715	160.89	-0.033914	2.1533	3.1628	1719.2	-0.052091	0.00015965	0.23266	liquid
126.69	726.00	453.63	0.0022044	4.0142	164.06	-0.0088541	2.1497	3.1619	1713.9	-0.052052	0.00015675	0.23164	liquid
127.69	726.00	452.72	0.0022089	6.8551	167.22	0.016001	2.1461	3.1609	1708.7	-0.052012	0.00015397	0.23061	liquid
128.69	726.00	451.82	0.0022133	9.6939	170.38	0.040655	2.1425	3.1600	1703.5	-0.051972	0.00015130	0.22959	liquid
129.69	726.00	450.91	0.0022177	12.531	173.54	0.065111	2.1390	3.1590	1698.3	-0.051931	0.00014873	0.22857	liquid
130.69	726.00	450.01	0.0022222	15.366	176.70	0.089371	2.1354	3.1580	1693.1	-0.051889	0.00014625	0.22754	liquid
131.69	726.00	449.10	0.0022267	18.199	179.85	0.11344	2.1319	3.1570	1687.9	-0.051846	0.00014386	0.22652	liquid
132.69	726.00	448.20	0.0022311	21.029	183.01	0.13732	2.1284	3.1561	1682.7	-0.051802	0.00014156	0.22550	liquid
133.69	726.00	447.30	0.0022356	23.858	186.17	0.16101	2.1249	3.1551	1677.5	-0.051758	0.00013934	0.22448	liquid
134.69	726.00	446.40	0.0022402	26.685	189.32	0.18452	2.1215	3.1541	1672.4	-0.051713	0.00013720	0.22346	liquid
135.69	726.00	445.50	0.0022447	29.510	192.47	0.20784	2.1180	3.1531	1667.3	-0.051667	0.00013513	0.22245	liquid
136.69	726.00	444.60	0.0022492	32.332	195.63	0.23099	2.1146	3.1520	1662.2	-0.051620	0.00013313	0.22143	liquid
137.69	726.00	443.70	0.0022538	35.153	198.78	0.25396	2.1112	3.1510	1657.1	-0.051573	0.00013119	0.22042	liquid
138.69	726.00	442.80	0.0022584	37.971	201.93	0.27676	2.1079	3.1500	1652.0	-0.051524	0.00012932	0.21941	liquid
139.69	726.00	441.90	0.0022630	40.788	205.08	0.29939	2.1045	3.1490	1646.9	-0.051475	0.00012750	0.21840	liquid
140.69	726.00	441.00	0.0022676	43.602	208.23	0.32184	2.1012	3.1480	1641.9	-0.051425	0.00012574	0.21740	liquid
141.69	726.00	440.11	0.0022722	46.414	211.37	0.34414	2.0979	3.1470	1636.9	-0.051374	0.00012403	0.21639	liquid
142.69	726.00	439.21	0.0022768	49.224	214.52	0.36626	2.0947	3.1459	1631.8	-0.051322	0.00012238	0.21539	liquid
143.69	726.00	438.32	0.0022815	52.032	217.67	0.38823	2.0914	3.1449	1626.8	-0.051269	0.00012077	0.21440	liquid
144.69	726.00	437.42	0.0022861	54.838	220.81	0.41004	2.0882	3.1439	1621.9	-0.051215	0.00011921	0.21340	liquid
145.69	726.00	436.53	0.0022908	57.642	223.95	0.43169	2.0850	3.1429	1616.9	-0.051161	0.00011769	0.21241	liquid
146.69	726.00	435.64	0.0022955	60.443	227.10	0.45318	2.0818	3.1418	1612.0	-0.051105	0.00011621	0.21143	liquid
147.69	726.00	434.74	0.0023002	63.243	230.24	0.47452	2.0787	3.1408	1607.0	-0.051049	0.00011478	0.21044	liquid
148.69	726.00	433.85	0.0023049	66.040	233.38	0.49571	2.0755	3.1398	1602.1	-0.050991	0.00011338	0.20946	liquid
149.69	726.00	432.96	0.0023097	68.835	236.52	0.51675	2.0725	3.1388	1597.2	-0.050933	0.00011202	0.20848	liquid
150.69	726.00	432.07	0.0023144	71.628	239.66	0.53765	2.0694	3.1378	1592.4	-0.050874	0.00011070	0.20751	liquid
151.69	726.00	431.18	0.0023192	74.418	242.79	0.55840	2.0663	3.1368	1587.5	-0.050813	0.00010940	0.20654	liquid
152.69	726.00	430.29	0.0023240	77.207	245.93	0.57901	2.0633	3.1357	1582.7	-0.050752	0.00010815	0.20558	liquid
153.69	726.00	429.41	0.0023288	79.993	249.06	0.59947	2.0603	3.1347	1577.9	-0.050690	0.00010692	0.20461	liquid
154.69	726.00	428.52	0.0023336	82.777	252.20	0.61980	2.0574	3.1337	1573.1	-0.050627	0.00010572	0.20366	liquid
155.69	726.00	427.63	0.0023385	85.560	255.33	0.63999	2.0544	3.1327	1568.3	-0.050563	0.00010455	0.20270	liquid
156.69	726.00	426.75	0.0023433	88.339	258.46	0.66004	2.0515	3.1318	1563.5	-0.050498	0.00010341	0.20175	liquid
157.69	726.00	425.86	0.0023482	91.117	261.59	0.67996	2.0486	3.1308	1558.8	-0.050432	0.00010229	0.20081	liquid
158.69	726.00	424.98	0.0023531	93.893	264.73	0.69975	2.0458	3.1298	1554.0	-0.050364	0.00010121	0.19987	liquid
159.69	726.00	424.09	0.0023580	96.666	267.85	0.71941	2.0430	3.1288	1549.3	-0.050296	0.00010014	0.19893	liquid
160.69	726.00	423.21	0.0023629	99.437	270.98	0.73893	2.0402	3.1278	1544.7	-0.050227	9.9099e-05	0.19800	liquid
161.69	726.00	422.33	0.0023678	102.21	274.11	0.75834	2.0374	3.1269	1540.0	-0.050157	9.8080e-05	0.19707	liquid
162.69	726.00	421.45	0.0023728	104.97	277.24	0.77761	2.0346	3.1259	1535.3	-0.050086	9.7084e-05	0.19615	liquid
163.69	726.00	420.57	0.0023777	107.74	280.36	0.79676	2.0319	3.1250	1530.7	-0.050014	9.6108e-05	0.19523	liquid
164.69	726.00	419.69	0.0023827	110.50	283.49	0.81579	2.0292	3.1240	1526.1	-0.049940	9.5153e-05	0.19432	liquid
165.69	726.00	418.81	0.0023877	113.26	286.61	0.83470	2.0266	3.1231	1521.5	-0.049866	9.4218e-05	0.19341	liquid
166.69	726.00	417.93	0.0023928	116.02	289.73	0.85349	2.0239	3.1221	1516.9	-0.049791	9.3303e-05	0.19251	liquid
167.69	726.00	417.05	0.0023978	118.77	292.85	0.87216	2.0213	3.1212	1512.4	-0.049714	9.2405e-05	0.19161	liquid
168.69	726.00	416.17	0.0024028	121.53	295.97	0.89071	2.0188	3.1203	1507.8	-0.049637	9.1526e-05	0.19072	liquid
169.69	726.00	415.30	0.0024079	124.28	299.09	0.90915	2.0162	3.1194	1503.3	-0.049559	9.0664e-05	0.18983	liquid
170.69	726.00	414.42	0.0024130	127.03	302.21	0.92748	2.0137	3.1185	1498.8	-0.049479	8.9818e-05	0.18894	liquid
171.69	726.00	413.55	0.0024181	129.78	305.33	0.94569	2.0112	3.1176	1494.3	-0.049398	8.8989e-05	0.18806	liquid
172.69	726.00	412.67	0.0024232	132.52	308.45	0.96380	2.0088	3.1167	1489.9	-0.049317	8.8176e-05	0.18719	liquid
173.69	726.00	411.80	0.0024284	135.27	311.57	0.98179	2.0063	3.1158	1485.4	-0.049234	8.7378e-05	0.18632	liquid
174.69	726.00	410.93	0.0024335	138.01	314.68	0.99967	2.0039	3.1149	1481.0	-0.049151	8.6595e-05	0.18546	liquid
175.69	726.00	410.05	0.0024387	140.74	317.79	1.0175	2.0016	3.1141	1476.6	-0.049066	8.5826e-05	0.18460	liquid
176.69	726.00	409.18	0.0024439	143.48	320.91	1.0351	1.9992	3.1132	1472.2	-0.048980	8.5071e-05	0.18374	liquid
177.69	726.00	408.31	0.0024491	146.22	324.02	1.0527	1.9969	3.1124	1467.9	-0.048893	8.4329e-05	0.18290	liquid
178.69	726.00	407.44	0.0024543	148.95	327.13	1.0702	1.9947	3.1116	1463.5	-0.048805	8.3601e-05	0.18205	liquid
179.69	726.00	406.57	0.0024596	151.68	330.24	1.0875	1.9924	3.1107	1459.2	-0.048716	8.2886e-05	0.18121	liquid
180.69	726.00	405.70	0.0024648	154.41	333.35	1.1048	1.9902	3.1099	1454.9	-0.048626	8.2183e-05	0.18038	liquid
181.69	726.00	404.84	0.0024701	157.13	336.46	1.1219	1.9880	3.1091	1450.6	-0.048535	8.1492e-05	0.17955	liquid
182.69	726.00	403.97	0.0024754	159.86	339.57	1.1390	1.9858	3.1083	1446.3	-0.048443	8.0813e-05	0.17873	liquid
183.69	726.00	403.11	0.0024807	162.58	342.68	1.1560	1.9837	3.1075	1442.1	-0.048350	8.0146e-05	0.17791	liquid
184.69	726.00	402.24	0.0024861	165.30	345.79	1.1728	1.9816	3.1068	1437.9	-0.048256	7.9490e-05	0.17710	liquid
185.69	726.00	401.38	0.0024914	168.02	348.89	1.1896	1.9795	3.1060	1433.7	-0.048160	7.8844e-05	0.17630	liquid
186.69	726.00	400.51	0.0024968	170.73	352.00	1.2063	1.9775	3.1052	1429.5	-0.048064	7.8209e-05	0.17550	liquid
187.69	726.00	399.65	0.0025022	173.45	355.11	1.2229	1.9755	3.1045	1425.3	-0.047967	7.7585e-05	0.17470	liquid
188.69	726.00	398.79	0.0025076	176.16	358.21	1.2394	1.9735	3.1038	1421.2	-0.047868	7.6970e-05	0.17391	liquid
189.69	726.00	397.93	0.0025130	178.87	361.31	1.2558	1.9716	3.1030	1417.0	-0.047769	7.6366e-05	0.17313	liquid
190.69	726.00	397.07	0.0025185	181.57	364.42	1.2721	1.9697	3.1023	1412.9	-0.047669	7.5771e-05	0.17235	supercritical
191.69	726.00	396.21	0.0025239	184.28	367.52	1.2883	1.9678	3.1016	1408.8	-0.047567	7.5185e-05	0.17157	supercritical
192.69	726.00	395.35	0.0025294	186.98	370.62	1.3044	1.9659	3.1009	1404.8	-0.047465	7.4609e-05	0.17080	supercritical
193.69	726.00	394.49	0.0025349	189.69	373.72	1.3205	1.9641	3.1002	1400.7	-0.047361	7.4041e-05	0.17004	supercritical
194.69	726.00	393.64	0.0025404	192.38	376.82	1.3365	1.9623	3.0996	1396.7	-0.047257	7.3483e-05	0.16928	supercritical
195.69	726.00	392.78	0.0025459	195.08	379.92	1.3523	1.9605	3.0989	1392.7	-0.047151	7.2932e-05	0.16852	supercritical
196.69	726.00	391.93	0.0025515	197.78	383.02	1.3681	1.9588	3.0983	1388.7	-0.047045	7.2390e-05	0.16778	supercritical
197.69	726.00	391.07	0.0025571	200.47	386.11	1.3838	1.9571	3.0976	1384.7	-0.046937	7.1857e-05	0.16703	supercritical
198.69	726.00	390.22	0.0025627	203.16	389.21	1.3995	1.9554	3.0970	1380.8	-0.046829	7.1331e-05	0.16630	supercritical
199.69	726.00	389.37	0.0025683	205.85	392.31	1.4150	1.9538	3.0964	1376.8	-0.046719	7.0813e-05	0.16556	supercritical
200.69	726.00	388.52	0.0025739	208.54	395.40	1.4305	1.9522	3.0958	1372.9	-0.046609	7.0302e-05	0.16484	supercritical
201.69	726.00	387.67	0.0025795	211.23	398.50	1.4459	1.9506	3.0952	1369.0	-0.046498	6.9799e-05	0.16411	supercritical
202.69	726.00	386.82	0.0025852	213.91	401.59	1.4612	1.9491	3.0946	1365.2	-0.046385	6.9304e-05	0.16340	supercritical
203.69	726.00	385.97	0.0025909	216.59	404.69	1.4764	1.9476	3.0940	1361.3	-0.046272	6.8815e-05	0.16269	supercritical
204.69	726.00	385.12	0.0025966	219.27	407.78	1.4915	1.9461	3.0934	1357.5	-0.046158	6.8334e-05	0.16198	supercritical
205.69	726.00	384.27	0.0026023	221.95	410.88	1.5066	1.9446	3.0929	1353.7	-0.046042	6.7859e-05	0.16128	supercritical
206.69	726.00	383.43	0.0026080	224.62	413.97	1.5216	1.9432	3.0924	1349.9	-0.045926	6.7391e-05	0.16059	supercritical
207.69	726.00	382.58	0.0026138	227.30	417.06	1.5365	1.9418	3.0918	1346.1	-0.045809	6.6929e-05	0.15990	supercritical
208.69	726.00	381.74	0.0026196	229.97	420.15	1.5514	1.9405	3.0913	1342.4	-0.045691	6.6474e-05	0.15921	supercritical
209.69	726.00	380.90	0.0026254	232.64	423.24	1.5662	1.9391	3.0908	1338.6	-0.045573	6.6026e-05	0.15853	supercritical
210.69	726.00	380.06	0.0026312	235.31	426.33	1.5809	1.9378	3.0903	1334.9	-0.045453	6.5583e-05	0.15786	supercritical
211.69	726.00	379.22	0.0026370	237.98	429.42	1.5955	1.9366	3.0898	1331.2	-0.045332	6.5147e-05	0.15719	supercritical
212.69	726.00	378.38	0.0026429	240.64	432.51	1.6101	1.9354	3.0894	1327.5	-0.045211	6.4716e-05	0.15653	supercritical
213.69	726.00	377.54	0.0026487	243.31	435.60	1.6246	1.9342	3.0889	1323.9	-0.045088	6.4292e-05	0.15587	supercritical
214.69	726.00	376.70	0.0026546	245.97	438.69	1.6390	1.9330	3.0885	1320.3	-0.044965	6.3873e-05	0.15522	supercritical
215.69	726.00	375.87	0.0026605	248.63	441.78	1.6533	1.9319	3.0880	1316.6	-0.044841	6.3459e-05	0.15457	supercritical
216.69	726.00	375.03	0.0026664	251.28	444.87	1.6676	1.9307	3.0876	1313.0	-0.044716	6.3052e-05	0.15393	supercritical
217.69	726.00	374.20	0.0026724	253.94	447.96	1.6818	1.9297	3.0872	1309.5	-0.044591	6.2649e-05	0.15329	supercritical
218.69	726.00	373.36	0.0026783	256.59	451.04	1.6960	1.9286	3.0868	1305.9	-0.044464	6.2252e-05	0.15266	supercritical
219.69	726.00	372.53	0.0026843	259.25	454.13	1.7101	1.9276	3.0864	1302.4	-0.044337	6.1860e-05	0.15203	supercritical
220.69	726.00	371.70	0.0026903	261.90	457.21	1.7241	1.9266	3.0860	1298.9	-0.044209	6.1474e-05	0.15141	supercritical
221.69	726.00	370.87	0.0026963	264.55	460.30	1.7380	1.9257	3.0857	1295.4	-0.044080	6.1092e-05	0.15080	supercritical
222.69	726.00	370.04	0.0027024	267.19	463.39	1.7519	1.9248	3.0853	1291.9	-0.043950	6.0715e-05	0.15019	supercritical
223.69	726.00	369.22	0.0027084	269.84	466.47	1.7657	1.9239	3.0850	1288.4	-0.043820	6.0343e-05	0.14958	supercritical
224.69	726.00	368.39	0.0027145	272.48	469.56	1.7795	1.9230	3.0846	1285.0	-0.043689	5.9976e-05	0.14898	supercritical
225.69	726.00	367.57	0.0027206	275.12	472.64	1.7932	1.9222	3.0843	1281.6	-0.043557	5.9614e-05	0.14838	supercritical
226.69	726.00	366.74	0.0027267	277.77	475.72	1.8068	1.9214	3.0840	1278.2	-0.043424	5.9256e-05	0.14779	supercritical
227.69	726.00	365.92	0.0027328	280.40	478.81	1.8204	1.9207	3.0837	1274.8	-0.043291	5.8903e-05	0.14721	supercritical
228.69	726.00	365.10	0.0027390	283.04	481.89	1.8339	1.9199	3.0834	1271.4	-0.043157	5.8554e-05	0.14663	supercritical
229.69	726.00	364.28	0.0027452	285.68	484.98	1.8474	1.9192	3.0832	1268.1	-0.043022	5.8209e-05	0.14605	supercritical
230.69	726.00	363.46	0.0027513	288.31	488.06	1.8608	1.9186	3.0829	1264.8	-0.042887	5.7869e-05	0.14548	supercritical
231.69	726.00	362.64	0.0027576	290.94	491.14	1.8741	1.9179	3.0827	1261.5	-0.042751	5.7533e-05	0.14492	supercritical
232.69	726.00	361.82	0.0027638	293.57	494.22	1.8874	1.9173	3.0824	1258.2	-0.042615	5.7201e-05	0.14435	supercritical
233.69	726.00	361.01	0.0027700	296.20	497.31	1.9006	1.9168	3.0822	1254.9	-0.042477	5.6874e-05	0.14380	supercritical
234.69	726.00	360.19	0.0027763	298.83	500.39	1.9137	1.9162	3.0820	1251.7	-0.042340	5.6550e-05	0.14325	supercritical
235.69	726.00	359.38	0.0027826	301.46	503.47	1.9268	1.9157	3.0818	1248.4	-0.042201	5.6230e-05	0.14270	supercritical
236.69	726.00	358.57	0.0027889	304.08	506.55	1.9399	1.9152	3.0816	1245.2	-0.042062	5.5914e-05	0.14216	supercritical
237.69	726.00	357.76	0.0027952	306.70	509.63	1.9529	1.9148	3.0814	1242.1	-0.041923	5.5602e-05	0.14163	supercritical
238.69	726.00	356.95	0.0028015	309.33	512.71	1.9658	1.9144	3.0812	1238.9	-0.041783	5.5294e-05	0.14110	supercritical
239.69	726.00	356.14	0.0028079	311.95	515.80	1.9787	1.9140	3.0811	1235.7	-0.041642	5.4990e-05	0.14057	supercritical
240.69	726.00	355.34	0.0028142	314.56	518.88	1.9915	1.9136	3.0809	1232.6	-0.041501	5.4689e-05	0.14005	supercritical
241.69	726.00	354.53	0.0028206	317.18	521.96	2.0043	1.9133	3.0808	1229.5	-0.041360	5.4392e-05	0.13953	supercritical
242.69	726.00	353.73	0.0028270	319.80	525.04	2.0170	1.9130	3.0807	1226.4	-0.041217	5.4098e-05	0.13902	supercritical
243.69	726.00	352.93	0.0028334	322.41	528.12	2.0297	1.9127	3.0806	1223.3	-0.041075	5.3808e-05	0.13851	supercritical
244.69	726.00	352.13	0.0028399	325.02	531.20	2.0423	1.9125	3.0805	1220.3	-0.040932	5.3521e-05	0.13801	supercritical
245.69	726.00	351.33	0.0028464	327.64	534.28	2.0549	1.9123	3.0804	1217.3	-0.040789	5.3238e-05	0.13751	supercritical
246.69	726.00	350.53	0.0028528	330.24	537.36	2.0674	1.9121	3.0803	1214.2	-0.040645	5.2958e-05	0.13702	supercritical
247.69	726.00	349.73	0.0028593	332.85	540.44	2.0798	1.9120	3.0802	1211.2	-0.040500	5.2681e-05	0.13653	supercritical
248.69	726.00	348.94	0.0028658	335.46	543.52	2.0923	1.9119	3.0802	1208.3	-0.040356	5.2408e-05	0.13605	supercritical
249.69	726.00	348.14	0.0028724	338.07	546.60	2.1046	1.9118	3.0801	1205.3	-0.040211	5.2138e-05	0.13557	supercritical
250.69	726.00	347.35	0.0028789	340.67	549.68	2.1169	1.9117	3.0801	1202.4	-0.040065	5.1870e-05	0.13510	supercritical
251.69	726.00	346.56	0.0028855	343.27	552.76	2.1292	1.9117	3.0801	1199.4	-0.039920	5.1606e-05	0.13463	supercritical
252.69	726.00	345.77	0.0028921	345.88	555.84	2.1414	1.9117	3.0801	1196.5	-0.039774	5.1346e-05	0.13416	supercritical
253.69	726.00	344.98	0.0028987	348.48	558.92	2.1536	1.9117	3.0801	1193.7	-0.039627	5.1088e-05	0.13370	supercritical
254.69	726.00	344.20	0.0029053	351.08	562.00	2.1657	1.9118	3.0801	1190.8	-0.039481	5.0833e-05	0.13325	supercritical
255.69	726.00	343.41	0.0029120	353.67	565.08	2.1778	1.9119	3.0801	1188.0	-0.039334	5.0581e-05	0.13279	supercritical
256.69	726.00	342.63	0.0029186	356.27	568.16	2.1898	1.9120	3.0801	1185.1	-0.039187	5.0331e-05	0.13235	supercritical
257.69	726.00	341.85	0.0029253	358.87	571.24	2.2018	1.9122	3.0802	1182.3	-0.039039	5.0085e-05	0.13190	supercritical
258.69	726.00	341.06	0.0029320	361.46	574.32	2.2137	1.9124	3.0802	1179.5	-0.038892	4.9842e-05	0.13147	supercritical
259.69	726.00	340.29	0.0029387	364.05	577.40	2.2256	1.9126	3.0803	1176.8	-0.038744	4.9601e-05	0.13103	supercritical
260.69	726.00	339.51	0.0029454	366.64	580.48	2.2374	1.9128	3.0804	1174.0	-0.038596	4.9363e-05	0.13060	supercritical
261.69	726.00	338.73	0.0029522	369.24	583.56	2.2492	1.9131	3.0805	1171.3	-0.038448	4.9128e-05	0.13018	supercritical
262.69	726.00	337.96	0.0029589	371.82	586.64	2.2609	1.9134	3.0806	1168.6	-0.038299	4.8895e-05	0.12976	supercritical
263.69	726.00	337.19	0.0029657	374.41	589.72	2.2727	1.9137	3.0807	1165.9	-0.038151	4.8665e-05	0.12934	supercritical
264.69	726.00	336.41	0.0029725	377.00	592.81	2.2843	1.9141	3.0808	1163.2	-0.038002	4.8437e-05	0.12893	supercritical
265.69	726.00	335.64	0.0029793	379.59	595.89	2.2959	1.9144	3.0809	1160.5	-0.037854	4.8213e-05	0.12853	supercritical
266.69	726.00	334.88	0.0029862	382.17	598.97	2.3075	1.9149	3.0811	1157.9	-0.037705	4.7990e-05	0.12812	supercritical
267.69	726.00	334.11	0.0029930	384.76	602.05	2.3190	1.9153	3.0812	1155.3	-0.037556	4.7770e-05	0.12772	supercritical
268.69	726.00	333.35	0.0029999	387.34	605.13	2.3305	1.9158	3.0814	1152.7	-0.037407	4.7553e-05	0.12733	supercritical
269.69	726.00	332.58	0.0030068	389.92	608.21	2.3420	1.9163	3.0816	1150.1	-0.037258	4.7338e-05	0.12694	supercritical
270.69	726.00	331.82	0.0030137	392.50	611.29	2.3534	1.9168	3.0818	1147.5	-0.037109	4.7125e-05	0.12655	supercritical
271.69	726.00	331.06	0.0030206	395.08	614.37	2.3647	1.9173	3.0820	1145.0	-0.036960	4.6915e-05	0.12617	supercritical
272.69	726.00	330.30	0.0030275	397.66	617.46	2.3761	1.9179	3.0822	1142.4	-0.036811	4.6707e-05	0.12579	supercritical
273.69	726.00	329.55	0.0030345	400.24	620.54	2.3873	1.9185	3.0824	1139.9	-0.036662	4.6501e-05	0.12542	supercritical
274.69	726.00	328.79	0.0030414	402.81	623.62	2.3986	1.9192	3.0826	1137.4	-0.036513	4.6298e-05	0.12505	supercritical
275.69	726.00	328.04	0.0030484	405.39	626.70	2.4098	1.9198	3.0829	1134.9	-0.036365	4.6097e-05	0.12468	supercritical
276.69	726.00	327.29	0.0030554	407.96	629.79	2.4210	1.9205	3.0831	1132.5	-0.036216	4.5898e-05	0.12432	supercritical
277.69	726.00	326.54	0.0030624	410.54	632.87	2.4321	1.9212	3.0834	1130.0	-0.036067	4.5701e-05	0.12396	supercritical
278.69	726.00	325.79	0.0030695	413.11	635.95	2.4432	1.9220	3.0836	1127.6	-0.035919	4.5506e-05	0.12361	supercritical
279.69	726.00	325.04	0.0030765	415.68	639.04	2.4542	1.9227	3.0839	1125.2	-0.035770	4.5314e-05	0.12326	supercritical
280.69	726.00	324.30	0.0030836	418.25	642.12	2.4652	1.9235	3.0842	1122.8	-0.035622	4.5123e-05	0.12292	supercritical
281.69	726.00	323.56	0.0030907	420.82	645.21	2.4762	1.9244	3.0845	1120.4	-0.035474	4.4935e-05	0.12257	supercritical
282.69	726.00	322.81	0.0030978	423.39	648.29	2.4871	1.9252	3.0848	1118.1	-0.035326	4.4749e-05	0.12224	supercritical
283.69	726.00	322.08	0.0031049	425.96	651.38	2.4980	1.9261	3.0851	1115.7	-0.035178	4.4564e-05	0.12190	supercritical
284.69	726.00	321.34	0.0031120	428.53	654.46	2.5089	1.9270	3.0855	1113.4	-0.035030	4.4382e-05	0.12157	supercritical
285.69	726.00	320.60	0.0031191	431.10	657.55	2.5197	1.9279	3.0858	1111.1	-0.034883	4.4202e-05	0.12125	supercritical
286.69	726.00	319.87	0.0031263	433.66	660.63	2.5305	1.9289	3.0862	1108.8	-0.034736	4.4023e-05	0.12092	supercritical
287.69	726.00	319.14	0.0031335	436.23	663.72	2.5412	1.9298	3.0865	1106.6	-0.034589	4.3847e-05	0.12061	supercritical
288.69	726.00	318.41	0.0031407	438.79	666.81	2.5519	1.9308	3.0869	1104.3	-0.034442	4.3672e-05	0.12029	supercritical
289.69	726.00	317.68	0.0031479	441.36	669.89	2.5626	1.9319	3.0873	1102.1	-0.034296	4.3500e-05	0.11998	supercritical
290.69	726.00	316.95	0.0031551	443.92	672.98	2.5732	1.9329	3.0877	1099.8	-0.034150	4.3329e-05	0.11967	supercritical
291.69	726.00	316.22	0.0031623	446.48	676.07	2.5838	1.9340	3.0881	1097.6	-0.034004	4.3160e-05	0.11937	supercritical
292.69	726.00	315.50	0.0031696	449.05	679.16	2.5944	1.9351	3.0885	1095.5	-0.033859	4.2992e-05	0.11907	supercritical
293.69	726.00	314.78	0.0031768	451.61	682.25	2.6049	1.9362	3.0889	1093.3	-0.033714	4.2827e-05	0.11877	supercritical
294.69	726.00	314.06	0.0031841	454.17	685.33	2.6154	1.9374	3.0894	1091.1	-0.033569	4.2663e-05	0.11848	supercritical
295.69	726.00	313.34	0.0031914	456.73	688.42	2.6259	1.9386	3.0898	1089.0	-0.033424	4.2502e-05	0.11819	supercritical
296.69	726.00	312.63	0.0031987	459.29	691.51	2.6363	1.9398	3.0903	1086.9	-0.033280	4.2341e-05	0.11791	supercritical
297.69	726.00	311.91	0.0032060	461.85	694.60	2.6467	1.9410	3.0907	1084.8	-0.033137	4.2183e-05	0.11762	supercritical
298.69	726.00	311.20	0.0032134	464.41	697.70	2.6571	1.9422	3.0912	1082.7	-0.032994	4.2026e-05	0.11734	supercritical
299.69	726.00	310.49	0.0032207	466.96	700.79	2.6674	1.9435	3.0917	1080.6	-0.032851	4.1871e-05	0.11707	supercritical
300.69	726.00	309.78	0.0032281	469.52	703.88	2.6777	1.9448	3.0922	1078.6	-0.032708	4.1718e-05	0.11680	supercritical
301.69	726.00	309.08	0.0032354	472.08	706.97	2.6880	1.9461	3.0927	1076.5	-0.032567	4.1566e-05	0.11653	supercritical
302.69	726.00	308.37	0.0032428	474.63	710.06	2.6982	1.9475	3.0932	1074.5	-0.032425	4.1415e-05	0.11627	supercritical
303.69	726.00	307.67	0.0032502	477.19	713.16	2.7084	1.9488	3.0937	1072.5	-0.032284	4.1267e-05	0.11600	supercritical
304.69	726.00	306.97	0.0032577	479.74	716.25	2.7186	1.9502	3.0943	1070.5	-0.032144	4.1120e-05	0.11575	supercritical
305.69	726.00	306.27	0.0032651	482.30	719.35	2.7288	1.9516	3.0948	1068.6	-0.032004	4.0974e-05	0.11549	supercritical
306.69	726.00	305.57	0.0032726	484.85	722.44	2.7389	1.9531	3.0954	1066.6	-0.031864	4.0830e-05	0.11524	supercritical
307.69	726.00	304.88	0.0032800	487.41	725.54	2.7489	1.9545	3.0959	1064.7	-0.031725	4.0688e-05	0.11499	supercritical
308.69	726.00	304.18	0.0032875	489.96	728.63	2.7590	1.9560	3.0965	1062.7	-0.031587	4.0547e-05	0.11475	supercritical
309.69	726.00	303.49	0.0032950	492.51	731.73	2.7690	1.9575	3.0971	1060.8	-0.031449	4.0407e-05	0.11451	supercritical
310.69	726.00	302.80	0.0033025	495.07	734.83	2.7790	1.9590	3.0977	1058.9	-0.031311	4.0269e-05	0.11427	supercritical
311.69	726.00	302.12	0.0033100	497.62	737.93	2.7889	1.9606	3.0983	1057.1	-0.031174	4.0133e-05	0.11404	supercritical
312.69	726.00	301.43	0.0033175	500.17	741.02	2.7989	1.9621	3.0989	1055.2	-0.031038	3.9997e-05	0.11380	supercritical
313.69	726.00	300.75	0.0033251	502.72	744.12	2.8088	1.9637	3.0995	1053.4	-0.030903	3.9864e-05	0.11358	supercritical
314.69	726.00	300.07	0.0033326	505.28	747.22	2.8186	1.9653	3.1002	1051.5	-0.030768	3.9731e-05	0.11335	supercritical
315.69	726.00	299.39	0.0033402	507.83	750.32	2.8285	1.9670	3.1008	1049.7	-0.030633	3.9601e-05	0.11313	supercritical
316.69	726.00	298.71	0.0033478	510.38	753.42	2.8383	1.9686	3.1015	1047.9	-0.030499	3.9471e-05	0.11291	supercritical
317.69	726.00	298.03	0.0033553	512.93	756.53	2.8481	1.9703	3.1021	1046.1	-0.030366	3.9343e-05	0.11269	supercritical
318.69	726.00	297.36	0.0033629	515.48	759.63	2.8578	1.9720	3.1028	1044.4	-0.030233	3.9216e-05	0.11248	supercritical
319.69	726.00	296.69	0.0033706	518.03	762.73	2.8675	1.9737	3.1035	1042.6	-0.030102	3.9090e-05	0.11227	supercritical
320.69	726.00	296.02	0.0033782	520.58	765.84	2.8772	1.9754	3.1042	1040.9	-0.029970	3.8966e-05	0.11207	supercritical
321.69	726.00	295.35	0.0033858	523.13	768.94	2.8869	1.9772	3.1049	1039.1	-0.029840	3.8843e-05	0.11186	supercritical
322.69	726.00	294.68	0.0033935	525.68	772.05	2.8965	1.9789	3.1056	1037.4	-0.029710	3.8722e-05	0.11166	supercritical
323.69	726.00	294.02	0.0034011	528.23	775.15	2.9061	1.9807	3.1063	1035.7	-0.029580	3.8601e-05	0.11146	supercritical
324.69	726.00	293.36	0.0034088	530.78	778.26	2.9157	1.9825	3.1071	1034.0	-0.029452	3.8482e-05	0.11127	supercritical
325.69	726.00	292.70	0.0034165	533.33	781.37	2.9253	1.9844	3.1078	1032.4	-0.029324	3.8364e-05	0.11108	supercritical
326.69	726.00	292.04	0.0034242	535.88	784.47	2.9348	1.9862	3.1086	1030.7	-0.029197	3.8248e-05	0.11089	supercritical
327.69	726.00	291.38	0.0034319	538.43	787.58	2.9443	1.9881	3.1093	1029.1	-0.029070	3.8132e-05	0.11070	supercritical
328.69	726.00	290.73	0.0034396	540.98	790.69	2.9538	1.9900	3.1101	1027.5	-0.028945	3.8018e-05	0.11052	supercritical
329.69	726.00	290.08	0.0034474	543.52	793.80	2.9632	1.9919	3.1109	1025.9	-0.028820	3.7905e-05	0.11034	supercritical
330.69	726.00	289.43	0.0034551	546.07	796.91	2.9726	1.9938	3.1117	1024.3	-0.028695	3.7793e-05	0.11016	supercritical
331.69	726.00	288.78	0.0034629	548.62	800.03	2.9820	1.9958	3.1125	1022.7	-0.028572	3.7682e-05	0.10999	supercritical
332.69	726.00	288.13	0.0034706	551.17	803.14	2.9914	1.9977	3.1133	1021.1	-0.028449	3.7573e-05	0.10982	supercritical
333.69	726.00	287.49	0.0034784	553.72	806.25	3.0008	1.9997	3.1141	1019.6	-0.028327	3.7464e-05	0.10965	supercritical
334.69	726.00	286.85	0.0034862	556.27	809.37	3.0101	2.0017	3.1150	1018.0	-0.028206	3.7357e-05	0.10948	supercritical
335.69	726.00	286.21	0.0034940	558.82	812.48	3.0194	2.0038	3.1158	1016.5	-0.028085	3.7251e-05	0.10932	supercritical
336.69	726.00	285.57	0.0035018	561.37	815.60	3.0286	2.0058	3.1167	1015.0	-0.027966	3.7146e-05	0.10916	supercritical
337.69	726.00	284.93	0.0035096	563.92	818.72	3.0379	2.0078	3.1175	1013.5	-0.027847	3.7042e-05	0.10900	supercritical
338.69	726.00	284.30	0.0035174	566.47	821.83	3.0471	2.0099	3.1184	1012.0	-0.027729	3.6939e-05	0.10884	supercritical
339.69	726.00	283.67	0.0035253	569.02	824.95	3.0563	2.0120	3.1193	1010.5	-0.027611	3.6837e-05	0.10869	supercritical
340.69	726.00	283.04	0.0035331	571.57	828.07	3.0655	2.0141	3.1202	1009.1	-0.027495	3.6736e-05	0.10854	supercritical
341.69	726.00	282.41	0.0035410	574.12	831.19	3.0746	2.0162	3.1211	1007.6	-0.027379	3.6637e-05	0.10839	supercritical
342.69	726.00	281.78	0.0035488	576.67	834.32	3.0837	2.0184	3.1220	1006.2	-0.027264	3.6538e-05	0.10825	supercritical
343.69	726.00	281.16	0.0035567	579.22	837.44	3.0928	2.0205	3.1229	1004.8	-0.027150	3.6440e-05	0.10810	supercritical
344.69	726.00	280.54	0.0035646	581.77	840.56	3.1019	2.0227	3.1239	1003.4	-0.027037	3.6344e-05	0.10796	supercritical
345.69	726.00	279.92	0.0035725	584.32	843.69	3.1110	2.0249	3.1248	1002.0	-0.026924	3.6248e-05	0.10783	supercritical
346.69	726.00	279.30	0.0035804	586.87	846.81	3.1200	2.0271	3.1258	1000.6	-0.026812	3.6154e-05	0.10769	supercritical
347.69	726.00	278.68	0.0035883	589.43	849.94	3.1290	2.0293	3.1267	999.22	-0.026702	3.6060e-05	0.10756	supercritical
348.69	726.00	278.07	0.0035962	591.98	853.06	3.1380	2.0316	3.1277	997.86	-0.026592	3.5967e-05	0.10743	supercritical
349.69	726.00	277.46	0.0036042	594.53	856.19	3.1469	2.0338	3.1287	996.52	-0.026483	3.5876e-05	0.10730	supercritical
350.69	726.00	276.85	0.0036121	597.08	859.32	3.1559	2.0361	3.1297	995.19	-0.026374	3.5785e-05	0.10717	supercritical
351.69	726.00	276.24	0.0036201	599.64	862.45	3.1648	2.0384	3.1307	993.87	-0.026267	3.5695e-05	0.10705	supercritical
352.69	726.00	275.63	0.0036280	602.19	865.58	3.1737	2.0407	3.1317	992.57	-0.026160	3.5606e-05	0.10693	supercritical
353.69	726.00	275.03	0.0036360	604.74	868.71	3.1825	2.0430	3.1327	991.27	-0.026054	3.5518e-05	0.10681	supercritical
354.69	726.00	274.43	0.0036440	607.30	871.85	3.1914	2.0454	3.1337	989.99	-0.025949	3.5431e-05	0.10670	supercritical
355.69	726.00	273.83	0.0036520	609.85	874.98	3.2002	2.0477	3.1348	988.72	-0.025845	3.5345e-05	0.10658	supercritical
356.69	726.00	273.23	0.0036599	612.41	878.12	3.2090	2.0501	3.1358	987.47	-0.025742	3.5260e-05	0.10647	supercritical
357.69	726.00	272.63	0.0036679	614.96	881.25	3.2178	2.0524	3.1369	986.22	-0.025640	3.5175e-05	0.10636	supercritical
358.69	726.00	272.04	0.0036760	617.52	884.39	3.2266	2.0548	3.1380	984.99	-0.025538	3.5092e-05	0.10626	supercritical
359.69	726.00	271.45	0.0036840	620.07	887.53	3.2353	2.0572	3.1390	983.77	-0.025438	3.5009e-05	0.10615	supercritical
360.69	726.00	270.86	0.0036920	622.63	890.67	3.2440	2.0597	3.1401	982.56	-0.025338	3.4928e-05	0.10605	supercritical
361.69	726.00	270.27	0.0037000	625.19	893.81	3.2527	2.0621	3.1412	981.36	-0.025239	3.4847e-05	0.10595	supercritical
362.69	726.00	269.68	0.0037081	627.75	896.95	3.2614	2.0646	3.1423	980.18	-0.025141	3.4767e-05	0.10585	supercritical
363.69	726.00	269.10	0.0037161	630.30	900.10	3.2700	2.0670	3.1435	979.01	-0.025044	3.4688e-05	0.10576	supercritical
364.69	726.00	268.52	0.0037242	632.86	903.24	3.2787	2.0695	3.1446	977.84	-0.024947	3.4609e-05	0.10566	supercritical
365.69	726.00	267.94	0.0037322	635.42	906.38	3.2873	2.0720	3.1457	976.69	-0.024852	3.4532e-05	0.10557	supercritical
366.69	726.00	267.36	0.0037403	637.98	909.53	3.2959	2.0745	3.1469	975.55	-0.024757	3.4455e-05	0.10548	supercritical
367.69	726.00	266.78	0.0037484	640.54	912.68	3.3044	2.0770	3.1480	974.42	-0.024664	3.4379e-05	0.10540	supercritical
368.69	726.00	266.21	0.0037565	643.11	915.83	3.3130	2.0795	3.1492	973.30	-0.024571	3.4304e-05	0.10531	supercritical
369.69	726.00	265.63	0.0037646	645.67	918.98	3.3215	2.0821	3.1504	972.20	-0.024479	3.4230e-05	0.10523	supercritical
370.69	726.00	265.06	0.0037727	648.23	922.13	3.3300	2.0846	3.1516	971.10	-0.024388	3.4156e-05	0.10515	supercritical
371.69	726.00	264.50	0.0037808	650.79	925.28	3.3385	2.0872	3.1528	970.02	-0.024297	3.4083e-05	0.10507	supercritical
372.69	726.00	263.93	0.0037889	653.36	928.43	3.3470	2.0898	3.1540	968.94	-0.024208	3.4011e-05	0.10499	supercritical
373.69	726.00	263.36	0.0037970	655.92	931.59	3.3555	2.0924	3.1552	967.88	-0.024120	3.3940e-05	0.10492	supercritical
374.69	726.00	262.80	0.0038051	658.49	934.74	3.3639	2.0950	3.1564	966.83	-0.024032	3.3869e-05	0.10485	supercritical
375.69	726.00	262.24	0.0038133	661.06	937.90	3.3723	2.0976	3.1577	965.79	-0.023945	3.3800e-05	0.10478	supercritical
376.69	726.00	261.68	0.0038214	663.62	941.06	3.3807	2.1002	3.1589	964.76	-0.023859	3.3730e-05	0.10471	supercritical
377.69	726.00	261.13	0.0038296	666.19	944.22	3.3891	2.1029	3.1602	963.73	-0.023774	3.3662e-05	0.10464	supercritical
378.69	726.00	260.57	0.0038377	668.76	947.38	3.3974	2.1055	3.1614	962.72	-0.023690	3.3595e-05	0.10458	supercritical
379.69	726.00	260.02	0.0038459	671.33	950.54	3.4058	2.1082	3.1627	961.72	-0.023607	3.3528e-05	0.10451	supercritical
380.69	726.00	259.47	0.0038540	673.90	953.70	3.4141	2.1109	3.1640	960.73	-0.023524	3.3461e-05	0.10445	supercritical
381.69	726.00	258.92	0.0038622	676.47	956.87	3.4224	2.1136	3.1653	959.75	-0.023443	3.3396e-05	0.10439	supercritical
382.69	726.00	258.37	0.0038704	679.04	960.04	3.4307	2.1163	3.1666	958.79	-0.023362	3.3331e-05	0.10434	supercritical
383.69	726.00	257.83	0.0038786	681.62	963.20	3.4389	2.1190	3.1679	957.83	-0.023282	3.3267e-05	0.10428	supercritical
384.69	726.00	257.28	0.0038868	684.19	966.37	3.4472	2.1217	3.1692	956.88	-0.023203	3.3204e-05	0.10423	supercritical
385.69	726.00	256.74	0.0038950	686.77	969.54	3.4554	2.1244	3.1706	955.94	-0.023125	3.3141e-05	0.10418	supercritical
386.69	726.00	256.20	0.0039032	689.34	972.71	3.4636	2.1272	3.1719	955.01	-0.023048	3.3079e-05	0.10413	supercritical
387.69	726.00	255.66	0.0039114	691.92	975.88	3.4718	2.1299	3.1732	954.09	-0.022971	3.3017e-05	0.10408	supercritical
388.69	726.00	255.13	0.0039196	694.50	979.06	3.4800	2.1327	3.1746	953.17	-0.022896	3.2956e-05	0.10403	supercritical
389.69	726.00	254.60	0.0039278	697.08	982.23	3.4882	2.1355	3.1760	952.27	-0.022821	3.2896e-05	0.10399	supercritical
390.69	726.00	254.06	0.0039360	699.66	985.41	3.4963	2.1383	3.1774	951.38	-0.022747	3.2837e-05	0.10394	supercritical
391.69	726.00	253.53	0.0039442	702.24	988.59	3.5044	2.1411	3.1787	950.50	-0.022674	3.2778e-05	0.10390	supercritical
392.69	726.00	253.01	0.0039525	704.82	991.77	3.5125	2.1439	3.1801	949.63	-0.022602	3.2720e-05	0.10386	supercritical
393.69	726.00	252.48	0.0039607	707.40	994.95	3.5206	2.1467	3.1815	948.76	-0.022530	3.2662e-05	0.10383	supercritical
394.69	726.00	251.96	0.0039690	709.98	998.13	3.5287	2.1495	3.1830	947.91	-0.022460	3.2605e-05	0.10379	supercritical
395.69	726.00	251.43	0.0039772	712.57	1001.3	3.5367	2.1524	3.1844	947.06	-0.022390	3.2549e-05	0.10376	supercritical
396.69	726.00	250.91	0.0039855	715.16	1004.5	3.5448	2.1552	3.1858	946.23	-0.022321	3.2493e-05	0.10372	supercritical
397.69	726.00	250.39	0.0039937	717.74	1007.7	3.5528	2.1581	3.1873	945.40	-0.022253	3.2438e-05	0.10369	supercritical
398.69	726.00	249.88	0.0040020	720.33	1010.9	3.5608	2.1609	3.1887	944.58	-0.022186	3.2383e-05	0.10367	supercritical
399.69	726.00	249.36	0.0040102	722.92	1014.1	3.5688	2.1638	3.1902	943.77	-0.022119	3.2329e-05	0.10364	supercritical
400.69	726.00	248.85	0.0040185	725.51	1017.3	3.5768	2.1667	3.1917	942.97	-0.022054	3.2276e-05	0.10361	supercritical
401.69	726.00	248.34	0.0040268	728.10	1020.4	3.5847	2.1696	3.1931	942.18	-0.021989	3.2223e-05	0.10359	supercritical
402.69	726.00	247.83	0.0040351	730.70	1023.6	3.5927	2.1725	3.1946	941.40	-0.021925	3.2171e-05	0.10357	supercritical
403.69	726.00	247.32	0.0040433	733.29	1026.8	3.6006	2.1754	3.1961	940.63	-0.021862	3.2119e-05	0.10354	supercritical
404.69	726.00	246.81	0.0040516	735.88	1030.0	3.6085	2.1783	3.1976	939.86	-0.021799	3.2068e-05	0.10352	supercritical
405.69	726.00	246.31	0.0040599	738.48	1033.2	3.6164	2.1813	3.1992	939.10	-0.021738	3.2017e-05	0.10351	supercritical
406.69	726.00	245.81	0.0040682	741.08	1036.4	3.6243	2.1842	3.2007	938.35	-0.021677	3.1967e-05	0.10349	supercritical
407.69	726.00	245.31	0.0040765	743.68	1039.6	3.6321	2.1871	3.2022	937.61	-0.021617	3.1918e-05	0.10348	supercritical
408.69	726.00	244.81	0.0040848	746.28	1042.8	3.6400	2.1901	3.2038	936.88	-0.021557	3.1869e-05	0.10346	supercritical
409.69	726.00	244.31	0.0040931	748.88	1046.0	3.6478	2.1931	3.2053	936.16	-0.021499	3.1820e-05	0.10345	supercritical
410.69	726.00	243.82	0.0041014	751.48	1049.2	3.6556	2.1960	3.2069	935.44	-0.021441	3.1772e-05	0.10344	supercritical
411.69	726.00	243.32	0.0041098	754.09	1052.5	3.6634	2.1990	3.2085	934.73	-0.021384	3.1725e-05	0.10343	supercritical
412.69	726.00	242.83	0.0041181	756.69	1055.7	3.6712	2.2020	3.2100	934.03	-0.021328	3.1678e-05	0.10342	supercritical
413.69	726.00	242.34	0.0041264	759.30	1058.9	3.6790	2.2050	3.2116	933.34	-0.021273	3.1632e-05	0.10342	supercritical
414.69	726.00	241.85	0.0041347	761.91	1062.1	3.6868	2.2080	3.2132	932.66	-0.021218	3.1586e-05	0.10341	supercritical
415.69	726.00	241.37	0.0041430	764.52	1065.3	3.6945	2.2110	3.2148	931.98	-0.021164	3.1540e-05	0.10341	supercritical
416.69	726.00	240.88	0.0041514	767.13	1068.5	3.7022	2.2140	3.2164	931.32	-0.021111	3.1496e-05	0.10341	supercritical
417.69	726.00	240.40	0.0041597	769.74	1071.7	3.7099	2.2171	3.2181	930.65	-0.021058	3.1451e-05	0.10341	supercritical
418.69	726.00	239.92	0.0041681	772.35	1075.0	3.7176	2.2201	3.2197	930.00	-0.021007	3.1407e-05	0.10341	supercritical
419.69	726.00	239.44	0.0041764	774.97	1078.2	3.7253	2.2231	3.2213	929.36	-0.020956	3.1364e-05	0.10341	supercritical
420.69	726.00	238.96	0.0041847	777.58	1081.4	3.7330	2.2262	3.2230	928.72	-0.020906	3.1321e-05	0.10342	supercritical
421.69	726.00	238.49	0.0041931	780.20	1084.6	3.7406	2.2292	3.2247	928.09	-0.020856	3.1279e-05	0.10342	supercritical
422.69	726.00	238.01	0.0042014	782.82	1087.8	3.7483	2.2323	3.2263	927.47	-0.020807	3.1237e-05	0.10343	supercritical
423.69	726.00	237.54	0.0042098	785.44	1091.1	3.7559	2.2354	3.2280	926.85	-0.020759	3.1195e-05	0.10344	supercritical
424.69	726.00	237.07	0.0042181	788.06	1094.3	3.7635	2.2384	3.2297	926.24	-0.020712	3.1154e-05	0.10345	supercritical
425.69	726.00	236.60	0.0042265	790.69	1097.5	3.7711	2.2415	3.2314	925.64	-0.020665	3.1114e-05	0.10346	supercritical
426.69	726.00	236.14	0.0042349	793.31	1100.8	3.7787	2.2446	3.2331	925.05	-0.020619	3.1074e-05	0.10347	supercritical
427.69	726.00	235.67	0.0042432	795.94	1104.0	3.7863	2.2477	3.2348	924.46	-0.020574	3.1034e-05	0.10349	supercritical
428.69	726.00	235.21	0.0042516	798.57	1107.2	3.7938	2.2508	3.2365	923.88	-0.020530	3.0995e-05	0.10350	supercritical
429.69	726.00	234.74	0.0042600	801.20	1110.5	3.8014	2.2539	3.2382	923.31	-0.020486	3.0956e-05	0.10352	supercritical
430.69	726.00	234.28	0.0042683	803.83	1113.7	3.8089	2.2570	3.2400	922.74	-0.020443	3.0918e-05	0.10353	supercritical
431.69	726.00	233.82	0.0042767	806.46	1117.0	3.8164	2.2602	3.2417	922.19	-0.020400	3.0880e-05	0.10355	supercritical
432.69	726.00	233.37	0.0042851	809.10	1120.2	3.8239	2.2633	3.2435	921.63	-0.020358	3.0842e-05	0.10357	supercritical
433.69	726.00	232.91	0.0042935	811.73	1123.4	3.8314	2.2664	3.2452	921.09	-0.020317	3.0805e-05	0.10359	supercritical
434.69	726.00	232.46	0.0043018	814.37	1126.7	3.8389	2.2696	3.2470	920.55	-0.020277	3.0769e-05	0.10362	supercritical
435.69	726.00	232.01	0.0043102	817.01	1129.9	3.8463	2.2727	3.2488	920.02	-0.020237	3.0732e-05	0.10364	supercritical
436.69	726.00	231.56	0.0043186	819.65	1133.2	3.8538	2.2759	3.2506	919.49	-0.020198	3.0697e-05	0.10366	supercritical
437.69	726.00	231.11	0.0043270	822.29	1136.4	3.8612	2.2790	3.2524	918.98	-0.020159	3.0661e-05	0.10369	supercritical
438.69	726.00	230.66	0.0043354	824.94	1139.7	3.8687	2.2822	3.2542	918.46	-0.020121	3.0626e-05	0.10372	supercritical
439.69	726.00	230.21	0.0043438	827.58	1142.9	3.8761	2.2854	3.2560	917.96	-0.020084	3.0592e-05	0.10375	supercritical
440.69	726.00	229.77	0.0043522	830.23	1146.2	3.8835	2.2885	3.2578	917.46	-0.020047	3.0558e-05	0.10378	supercritical
441.69	726.00	229.33	0.0043606	832.88	1149.5	3.8908	2.2917	3.2596	916.97	-0.020011	3.0524e-05	0.10381	supercritical
442.69	726.00	228.89	0.0043690	835.53	1152.7	3.8982	2.2949	3.2615	916.48	-0.019976	3.0490e-05	0.10384	supercritical
443.69	726.00	228.45	0.0043774	838.18	1156.0	3.9056	2.2981	3.2633	916.00	-0.019941	3.0457e-05	0.10387	supercritical
444.69	726.00	228.01	0.0043858	840.84	1159.2	3.9129	2.3013	3.2652	915.53	-0.019907	3.0425e-05	0.10391	supercritical
445.69	726.00	227.57	0.0043942	843.49	1162.5	3.9203	2.3045	3.2670	915.06	-0.019873	3.0393e-05	0.10394	supercritical
446.69	726.00	227.14	0.0044026	846.15	1165.8	3.9276	2.3077	3.2689	914.60	-0.019841	3.0361e-05	0.10398	supercritical
447.69	726.00	226.71	0.0044110	848.81	1169.0	3.9349	2.3109	3.2708	914.14	-0.019808	3.0329e-05	0.10402	supercritical
448.69	726.00	226.28	0.0044194	851.47	1172.3	3.9422	2.3141	3.2726	913.69	-0.019776	3.0298e-05	0.10406	supercritical
449.69	726.00	225.85	0.0044278	854.14	1175.6	3.9495	2.3173	3.2745	913.25	-0.019745	3.0268e-05	0.10410	supercritical
450.69	726.00	225.42	0.0044362	856.80	1178.9	3.9568	2.3206	3.2764	912.81	-0.019715	3.0237e-05	0.10414	supercritical
451.69	726.00	224.99	0.0044446	859.47	1182.1	3.9640	2.3238	3.2783	912.38	-0.019685	3.0207e-05	0.10418	supercritical
452.69	726.00	224.57	0.0044530	862.14	1185.4	3.9713	2.3270	3.2802	911.95	-0.019655	3.0178e-05	0.10422	supercritical
453.69	726.00	224.14	0.0044614	864.81	1188.7	3.9785	2.3303	3.2822	911.53	-0.019626	3.0148e-05	0.10427	supercritical
454.69	726.00	223.72	0.0044698	867.48	1192.0	3.9858	2.3335	3.2841	911.12	-0.019598	3.0119e-05	0.10431	supercritical
455.69	726.00	223.30	0.0044783	870.15	1195.3	3.9930	2.3368	3.2860	910.71	-0.019570	3.0091e-05	0.10436	supercritical
456.69	726.00	222.88	0.0044867	872.83	1198.6	4.0002	2.3400	3.2880	910.30	-0.019543	3.0062e-05	0.10441	supercritical
457.69	726.00	222.47	0.0044951	875.51	1201.9	4.0074	2.3433	3.2899	909.91	-0.019517	3.0035e-05	0.10446	supercritical
458.69	726.00	222.05	0.0045035	878.19	1205.1	4.0145	2.3465	3.2919	909.51	-0.019490	3.0007e-05	0.10451	supercritical
459.69	726.00	221.63	0.0045119	880.87	1208.4	4.0217	2.3498	3.2938	909.13	-0.019465	2.9980e-05	0.10456	supercritical
460.69	726.00	221.22	0.0045203	883.55	1211.7	4.0289	2.3531	3.2958	908.75	-0.019440	2.9953e-05	0.10461	supercritical
461.69	726.00	220.81	0.0045288	886.24	1215.0	4.0360	2.3564	3.2978	908.37	-0.019415	2.9926e-05	0.10466	supercritical
462.69	726.00	220.40	0.0045372	888.92	1218.3	4.0432	2.3596	3.2998	908.00	-0.019391	2.9900e-05	0.10471	supercritical
463.69	726.00	219.99	0.0045456	891.61	1221.6	4.0503	2.3629	3.3018	907.63	-0.019368	2.9874e-05	0.10477	supercritical
464.69	726.00	219.59	0.0045540	894.30	1224.9	4.0574	2.3662	3.3038	907.27	-0.019345	2.9849e-05	0.10482	supercritical
465.69	726.00	219.18	0.0045625	897.00	1228.2	4.0645	2.3695	3.3058	906.92	-0.019323	2.9823e-05	0.10488	supercritical
466.69	726.00	218.78	0.0045709	899.69	1231.5	4.0716	2.3728	3.3078	906.57	-0.019301	2.9798e-05	0.10494	supercritical
467.69	726.00	218.37	0.0045793	902.39	1234.8	4.0787	2.3761	3.3098	906.22	-0.019279	2.9774e-05	0.10500	supercritical
468.69	726.00	217.97	0.0045877	905.09	1238.2	4.0858	2.3794	3.3118	905.88	-0.019258	2.9749e-05	0.10506	supercritical
469.69	726.00	217.57	0.0045962	907.79	1241.5	4.0928	2.3827	3.3139	905.55	-0.019238	2.9725e-05	0.10512	supercritical
470.69	726.00	217.17	0.0046046	910.49	1244.8	4.0999	2.3860	3.3159	905.22	-0.019218	2.9702e-05	0.10518	supercritical
471.69	726.00	216.78	0.0046130	913.20	1248.1	4.1069	2.3893	3.3180	904.89	-0.019198	2.9678e-05	0.10524	supercritical
472.69	726.00	216.38	0.0046215	915.90	1251.4	4.1139	2.3926	3.3200	904.58	-0.019179	2.9655e-05	0.10531	supercritical
473.69	726.00	215.99	0.0046299	918.61	1254.7	4.1210	2.3959	3.3221	904.26	-0.019161	2.9632e-05	0.10537	supercritical
474.69	726.00	215.60	0.0046383	921.33	1258.1	4.1280	2.3993	3.3242	903.95	-0.019143	2.9610e-05	0.10543	supercritical
475.69	726.00	215.20	0.0046468	924.04	1261.4	4.1350	2.4026	3.3262	903.64	-0.019125	2.9588e-05	0.10550	supercritical
476.69	726.00	214.81	0.0046552	926.75	1264.7	4.1419	2.4059	3.3283	903.34	-0.019108	2.9566e-05	0.10557	supercritical
477.69	726.00	214.43	0.0046636	929.47	1268.0	4.1489	2.4092	3.3304	903.05	-0.019091	2.9544e-05	0.10564	supercritical
478.69	726.00	214.04	0.0046720	932.19	1271.4	4.1559	2.4126	3.3325	902.76	-0.019075	2.9523e-05	0.10570	supercritical
479.69	726.00	213.65	0.0046805	934.91	1274.7	4.1628	2.4159	3.3346	902.47	-0.019059	2.9501e-05	0.10577	supercritical
480.69	726.00	213.27	0.0046889	937.63	1278.0	4.1698	2.4192	3.3367	902.19	-0.019043	2.9481e-05	0.10585	supercritical
481.69	726.00	212.89	0.0046973	940.36	1281.4	4.1767	2.4226	3.3388	901.91	-0.019028	2.9460e-05	0.10592	supercritical
482.69	726.00	212.50	0.0047058	943.09	1284.7	4.1837	2.4259	3.3410	901.64	-0.019014	2.9440e-05	0.10599	supercritical
483.69	726.00	212.12	0.0047142	945.82	1288.1	4.1906	2.4293	3.3431	901.37	-0.019000	2.9420e-05	0.10606	supercritical
484.69	726.00	211.75	0.0047226	948.55	1291.4	4.1975	2.4326	3.3452	901.10	-0.018986	2.9400e-05	0.10614	supercritical
485.69	726.00	211.37	0.0047311	951.28	1294.8	4.2044	2.4360	3.3474	900.84	-0.018973	2.9381e-05	0.10621	supercritical
486.69	726.00	210.99	0.0047395	954.02	1298.1	4.2113	2.4393	3.3495	900.59	-0.018960	2.9361e-05	0.10629	supercritical
487.69	726.00	210.62	0.0047479	956.76	1301.5	4.2181	2.4427	3.3517	900.34	-0.018947	2.9343e-05	0.10636	supercritical
488.69	726.00	210.24	0.0047564	959.50	1304.8	4.2250	2.4461	3.3538	900.09	-0.018935	2.9324e-05	0.10644	supercritical
489.69	726.00	209.87	0.0047648	962.24	1308.2	4.2319	2.4494	3.3560	899.85	-0.018923	2.9305e-05	0.10652	supercritical
490.69	726.00	209.50	0.0047732	964.99	1311.5	4.2387	2.4528	3.3582	899.61	-0.018912	2.9287e-05	0.10660	supercritical
491.69	726.00	209.13	0.0047817	967.73	1314.9	4.2456	2.4562	3.3604	899.37	-0.018901	2.9269e-05	0.10668	supercritical
492.69	726.00	208.76	0.0047901	970.48	1318.2	4.2524	2.4595	3.3625	899.14	-0.018890	2.9252e-05	0.10676	supercritical
493.69	726.00	208.40	0.0047985	973.23	1321.6	4.2592	2.4629	3.3647	898.92	-0.018880	2.9234e-05	0.10684	supercritical
494.69	726.00	208.03	0.0048070	975.99	1325.0	4.2660	2.4663	3.3669	898.70	-0.018870	2.9217e-05	0.10692	supercritical
495.69	726.00	207.67	0.0048154	978.74	1328.3	4.2728	2.4697	3.3691	898.48	-0.018861	2.9200e-05	0.10701	supercritical
496.69	726.00	207.30	0.0048238	981.50	1331.7	4.2796	2.4730	3.3713	898.26	-0.018852	2.9184e-05	0.10709	supercritical
497.69	726.00	206.94	0.0048323	984.26	1335.1	4.2864	2.4764	3.3736	898.05	-0.018843	2.9167e-05	0.10718	supercritical
498.69	726.00	206.58	0.0048407	987.02	1338.5	4.2932	2.4798	3.3758	897.85	-0.018835	2.9151e-05	0.10726	supercritical
499.69	726.00	206.22	0.0048491	989.79	1341.8	4.2999	2.4832	3.3780	897.65	-0.018827	2.9135e-05	0.10735	supercritical
500.69	726.00	205.86	0.0048576	992.56	1345.2	4.3067	2.4866	3.3802	897.45	-0.018819	2.9119e-05	0.10744	supercritical
501.69	726.00	205.51	0.0048660	995.33	1348.6	4.3134	2.4900	3.3825	897.25	-0.018812	2.9104e-05	0.10752	supercritical
502.69	726.00	205.15	0.0048744	998.10	1352.0	4.3202	2.4933	3.3847	897.06	-0.018805	2.9088e-05	0.10761	supercritical
503.69	726.00	204.80	0.0048829	1000.9	1355.4	4.3269	2.4967	3.3870	896.88	-0.018798	2.9073e-05	0.10770	supercritical
504.69	726.00	204.45	0.0048913	1003.6	1358.8	4.3336	2.5001	3.3892	896.69	-0.018792	2.9059e-05	0.10779	supercritical
505.69	726.00	204.09	0.0048997	1006.4	1362.1	4.3403	2.5035	3.3915	896.51	-0.018786	2.9044e-05	0.10788	supercritical
506.69	726.00	203.74	0.0049081	1009.2	1365.5	4.3470	2.5069	3.3938	896.34	-0.018780	2.9030e-05	0.10797	supercritical
507.69	726.00	203.39	0.0049166	1012.0	1368.9	4.3537	2.5103	3.3960	896.16	-0.018775	2.9016e-05	0.10807	supercritical
508.69	726.00	203.05	0.0049250	1014.8	1372.3	4.3604	2.5137	3.3983	896.00	-0.018770	2.9002e-05	0.10816	supercritical
509.69	726.00	202.70	0.0049334	1017.6	1375.7	4.3671	2.5171	3.4006	895.83	-0.018765	2.8988e-05	0.10825	supercritical
510.69	726.00	202.35	0.0049419	1020.4	1379.1	4.3738	2.5205	3.4029	895.67	-0.018761	2.8974e-05	0.10835	supercritical
511.69	726.00	202.01	0.0049503	1023.1	1382.5	4.3804	2.5239	3.4052	895.51	-0.018757	2.8961e-05	0.10844	supercritical
512.69	726.00	201.67	0.0049587	1025.9	1385.9	4.3871	2.5273	3.4075	895.36	-0.018753	2.8948e-05	0.10854	supercritical
513.69	726.00	201.32	0.0049671	1028.7	1389.3	4.3937	2.5308	3.4098	895.20	-0.018749	2.8935e-05	0.10864	supercritical
514.69	726.00	200.98	0.0049756	1031.5	1392.8	4.4003	2.5342	3.4121	895.06	-0.018746	2.8923e-05	0.10873	supercritical
515.69	726.00	200.64	0.0049840	1034.3	1396.2	4.4070	2.5376	3.4144	894.91	-0.018743	2.8910e-05	0.10883	supercritical
516.69	726.00	200.30	0.0049924	1037.1	1399.6	4.4136	2.5410	3.4167	894.77	-0.018740	2.8898e-05	0.10893	supercritical
517.69	726.00	199.97	0.0050008	1039.9	1403.0	4.4202	2.5444	3.4190	894.63	-0.018738	2.8886e-05	0.10903	supercritical
518.69	726.00	199.63	0.0050093	1042.8	1406.4	4.4268	2.5478	3.4214	894.50	-0.018736	2.8874e-05	0.10913	supercritical
519.69	726.00	199.30	0.0050177	1045.6	1409.8	4.4334	2.5512	3.4237	894.37	-0.018734	2.8862e-05	0.10923	supercritical
520.69	726.00	198.96	0.0050261	1048.4	1413.3	4.4400	2.5546	3.4260	894.24	-0.018733	2.8851e-05	0.10933	supercritical
521.69	726.00	198.63	0.0050345	1051.2	1416.7	4.4465	2.5581	3.4284	894.12	-0.018731	2.8840e-05	0.10943	supercritical
522.69	726.00	198.30	0.0050429	1054.0	1420.1	4.4531	2.5615	3.4307	894.00	-0.018730	2.8829e-05	0.10954	supercritical
523.69	726.00	197.97	0.0050513	1056.8	1423.6	4.4597	2.5649	3.4331	893.88	-0.018730	2.8818e-05	0.10964	supercritical
524.69	726.00	197.64	0.0050598	1059.7	1427.0	4.4662	2.5683	3.4354	893.76	-0.018729	2.8807e-05	0.10974	supercritical
525.69	726.00	197.31	0.0050682	1062.5	1430.4	4.4728	2.5718	3.4378	893.65	-0.018729	2.8797e-05	0.10985	supercritical
526.69	726.00	196.98	0.0050766	1065.3	1433.9	4.4793	2.5752	3.4402	893.54	-0.018729	2.8786e-05	0.10996	supercritical
527.69	726.00	196.66	0.0050850	1068.1	1437.3	4.4858	2.5786	3.4425	893.44	-0.018729	2.8776e-05	0.11006	supercritical
528.69	726.00	196.33	0.0050934	1071.0	1440.8	4.4923	2.5820	3.4449	893.33	-0.018730	2.8766e-05	0.11017	supercritical
529.69	726.00	196.01	0.0051018	1073.8	1444.2	4.4989	2.5854	3.4473	893.23	-0.018730	2.8756e-05	0.11028	supercritical
530.69	726.00	195.68	0.0051103	1076.6	1447.7	4.5054	2.5889	3.4497	893.14	-0.018731	2.8747e-05	0.11038	supercritical
531.69	726.00	195.36	0.0051187	1079.5	1451.1	4.5119	2.5923	3.4521	893.04	-0.018732	2.8738e-05	0.11049	supercritical
532.69	726.00	195.04	0.0051271	1082.3	1454.6	4.5183	2.5957	3.4545	892.95	-0.018734	2.8728e-05	0.11060	supercritical
533.69	726.00	194.72	0.0051355	1085.2	1458.0	4.5248	2.5992	3.4569	892.86	-0.018736	2.8719e-05	0.11071	supercritical
534.69	726.00	194.41	0.0051439	1088.0	1461.5	4.5313	2.6026	3.4593	892.78	-0.018737	2.8710e-05	0.11082	supercritical
535.69	726.00	194.09	0.0051523	1090.9	1464.9	4.5378	2.6060	3.4617	892.70	-0.018740	2.8702e-05	0.11093	supercritical
536.69	726.00	193.77	0.0051607	1093.7	1468.4	4.5442	2.6095	3.4641	892.62	-0.018742	2.8693e-05	0.11104	supercritical
537.69	726.00	193.46	0.0051691	1096.6	1471.9	4.5507	2.6129	3.4665	892.54	-0.018744	2.8685e-05	0.11116	supercritical
538.69	726.00	193.14	0.0051775	1099.4	1475.3	4.5571	2.6163	3.4689	892.47	-0.018747	2.8677e-05	0.11127	supercritical
539.69	726.00	192.83	0.0051859	1102.3	1478.8	4.5636	2.6197	3.4714	892.40	-0.018750	2.8669e-05	0.11138	supercritical
540.69	726.00	192.52	0.0051943	1105.2	1482.3	4.5700	2.6232	3.4738	892.33	-0.018753	2.8661e-05	0.11150	supercritical
541.69	726.00	192.21	0.0052027	1108.0	1485.7	4.5764	2.6266	3.4762	892.26	-0.018757	2.8653e-05	0.11161	supercritical
542.69	726.00	191.90	0.0052111	1110.9	1489.2	4.5828	2.6300	3.4787	892.20	-0.018760	2.8646e-05	0.11173	supercritical
543.69	726.00	191.59	0.0052195	1113.8	1492.7	4.5892	2.6335	3.4811	892.14	-0.018764	2.8638e-05	0.11184	supercritical
544.69	726.00	191.28	0.0052279	1116.6	1496.2	4.5956	2.6369	3.4835	892.08	-0.018768	2.8631e-05	0.11196	supercritical
545.69	726.00	190.97	0.0052363	1119.5	1499.7	4.6020	2.6404	3.4860	892.03	-0.018772	2.8624e-05	0.11208	supercritical
546.69	726.00	190.67	0.0052447	1122.4	1503.2	4.6084	2.6438	3.4884	891.97	-0.018777	2.8617e-05	0.11220	supercritical
547.69	726.00	190.36	0.0052531	1125.3	1506.6	4.6148	2.6472	3.4909	891.92	-0.018781	2.8611e-05	0.11231	supercritical
548.69	726.00	190.06	0.0052615	1128.2	1510.1	4.6211	2.6507	3.4934	891.88	-0.018786	2.8604e-05	0.11243	supercritical
549.69	726.00	189.76	0.0052699	1131.0	1513.6	4.6275	2.6541	3.4958	891.83	-0.018791	2.8598e-05	0.11255	supercritical
550.69	726.00	189.46	0.0052783	1133.9	1517.1	4.6339	2.6575	3.4983	891.79	-0.018796	2.8592e-05	0.11267	supercritical
551.69	726.00	189.15	0.0052867	1136.8	1520.6	4.6402	2.6610	3.5008	891.75	-0.018801	2.8585e-05	0.11279	supercritical
552.69	726.00	188.86	0.0052951	1139.7	1524.1	4.6466	2.6644	3.5032	891.71	-0.018807	2.8580e-05	0.11291	supercritical
553.69	726.00	188.56	0.0053035	1142.6	1527.6	4.6529	2.6678	3.5057	891.68	-0.018812	2.8574e-05	0.11303	supercritical
554.69	726.00	188.26	0.0053118	1145.5	1531.1	4.6592	2.6713	3.5082	891.65	-0.018818	2.8568e-05	0.11316	supercritical
555.69	726.00	187.96	0.0053202	1148.4	1534.7	4.6655	2.6747	3.5107	891.62	-0.018824	2.8563e-05	0.11328	supercritical
556.69	726.00	187.67	0.0053286	1151.3	1538.2	4.6719	2.6782	3.5132	891.59	-0.018830	2.8557e-05	0.11340	supercritical
557.69	726.00	187.37	0.0053370	1154.2	1541.7	4.6782	2.6816	3.5157	891.57	-0.018836	2.8552e-05	0.11353	supercritical
558.69	726.00	187.08	0.0053454	1157.1	1545.2	4.6845	2.6850	3.5182	891.54	-0.018843	2.8547e-05	0.11365	supercritical
559.69	726.00	186.78	0.0053538	1160.0	1548.7	4.6908	2.6885	3.5207	891.52	-0.018849	2.8542e-05	0.11377	supercritical
560.69	726.00	186.49	0.0053621	1162.9	1552.2	4.6970	2.6919	3.5232	891.50	-0.018856	2.8537e-05	0.11390	supercritical
561.69	726.00	186.20	0.0053705	1165.9	1555.8	4.7033	2.6953	3.5257	891.49	-0.018863	2.8533e-05	0.11403	supercritical
562.69	726.00	185.91	0.0053789	1168.8	1559.3	4.7096	2.6988	3.5282	891.48	-0.018870	2.8528e-05	0.11415	supercritical
563.69	726.00	185.62	0.0053873	1171.7	1562.8	4.7159	2.7022	3.5307	891.46	-0.018877	2.8524e-05	0.11428	supercritical
564.69	726.00	185.33	0.0053956	1174.6	1566.3	4.7221	2.7056	3.5333	891.46	-0.018884	2.8520e-05	0.11441	supercritical
565.69	726.00	185.05	0.0054040	1177.6	1569.9	4.7284	2.7091	3.5358	891.45	-0.018892	2.8516e-05	0.11453	supercritical
566.69	726.00	184.76	0.0054124	1180.5	1573.4	4.7346	2.7125	3.5383	891.44	-0.018899	2.8512e-05	0.11466	supercritical
567.69	726.00	184.48	0.0054208	1183.4	1577.0	4.7409	2.7160	3.5408	891.44	-0.018907	2.8508e-05	0.11479	supercritical
568.69	726.00	184.19	0.0054291	1186.3	1580.5	4.7471	2.7194	3.5434	891.44	-0.018915	2.8504e-05	0.11492	supercritical
569.69	726.00	183.91	0.0054375	1189.3	1584.0	4.7533	2.7228	3.5459	891.44	-0.018923	2.8501e-05	0.11505	supercritical
570.69	726.00	183.63	0.0054459	1192.2	1587.6	4.7596	2.7263	3.5484	891.45	-0.018931	2.8497e-05	0.11518	supercritical
571.69	726.00	183.34	0.0054542	1195.2	1591.1	4.7658	2.7297	3.5510	891.45	-0.018940	2.8494e-05	0.11531	supercritical
572.69	726.00	183.06	0.0054626	1198.1	1594.7	4.7720	2.7331	3.5535	891.46	-0.018948	2.8491e-05	0.11544	supercritical
573.69	726.00	182.78	0.0054709	1201.1	1598.3	4.7782	2.7366	3.5561	891.47	-0.018956	2.8488e-05	0.11558	supercritical
574.69	726.00	182.50	0.0054793	1204.0	1601.8	4.7844	2.7400	3.5586	891.48	-0.018965	2.8485e-05	0.11571	supercritical
575.69	726.00	182.23	0.0054877	1207.0	1605.4	4.7906	2.7434	3.5612	891.50	-0.018974	2.8482e-05	0.11584	supercritical
576.69	726.00	181.95	0.0054960	1209.9	1608.9	4.7967	2.7469	3.5637	891.52	-0.018983	2.8480e-05	0.11597	supercritical
577.69	726.00	181.67	0.0055044	1212.9	1612.5	4.8029	2.7503	3.5663	891.53	-0.018992	2.8477e-05	0.11611	supercritical
578.69	726.00	181.40	0.0055127	1215.8	1616.1	4.8091	2.7537	3.5689	891.56	-0.019001	2.8475e-05	0.11624	supercritical
579.69	726.00	181.12	0.0055211	1218.8	1619.6	4.8153	2.7572	3.5714	891.58	-0.019010	2.8472e-05	0.11638	supercritical
580.69	726.00	180.85	0.0055294	1221.8	1623.2	4.8214	2.7606	3.5740	891.60	-0.019019	2.8470e-05	0.11651	supercritical
581.69	726.00	180.58	0.0055378	1224.7	1626.8	4.8276	2.7640	3.5766	891.63	-0.019029	2.8468e-05	0.11665	supercritical
582.69	726.00	180.31	0.0055461	1227.7	1630.4	4.8337	2.7675	3.5791	891.66	-0.019038	2.8466e-05	0.11678	supercritical
583.69	726.00	180.03	0.0055545	1230.7	1633.9	4.8398	2.7709	3.5817	891.69	-0.019048	2.8464e-05	0.11692	supercritical
584.69	726.00	179.76	0.0055628	1233.7	1637.5	4.8460	2.7743	3.5843	891.72	-0.019058	2.8463e-05	0.11706	supercritical
585.69	726.00	179.50	0.0055712	1236.6	1641.1	4.8521	2.7777	3.5869	891.75	-0.019068	2.8461e-05	0.11719	supercritical
586.69	726.00	179.23	0.0055795	1239.6	1644.7	4.8582	2.7812	3.5895	891.79	-0.019078	2.8460e-05	0.11733	supercritical
587.69	726.00	178.96	0.0055879	1242.6	1648.3	4.8643	2.7846	3.5921	891.83	-0.019088	2.8458e-05	0.11747	supercritical
588.69	726.00	178.69	0.0055962	1245.6	1651.9	4.8705	2.7880	3.5947	891.87	-0.019098	2.8457e-05	0.11761	supercritical
589.69	726.00	178.43	0.0056045	1248.6	1655.5	4.8766	2.7915	3.5972	891.91	-0.019108	2.8456e-05	0.11775	supercritical
590.69	726.00	178.16	0.0056129	1251.6	1659.1	4.8827	2.7949	3.5998	891.95	-0.019119	2.8455e-05	0.11789	supercritical
591.69	726.00	177.90	0.0056212	1254.6	1662.7	4.8887	2.7983	3.6024	892.00	-0.019129	2.8454e-05	0.11803	supercritical
592.69	726.00	177.63	0.0056296	1257.6	1666.3	4.8948	2.8017	3.6050	892.04	-0.019139	2.8453e-05	0.11817	supercritical
593.69	726.00	177.37	0.0056379	1260.6	1669.9	4.9009	2.8052	3.6076	892.09	-0.019150	2.8453e-05	0.11831	supercritical
594.69	726.00	177.11	0.0056462	1263.6	1673.5	4.9070	2.8086	3.6103	892.14	-0.019161	2.8452e-05	0.11845	supercritical
595.69	726.00	176.85	0.0056546	1266.6	1677.1	4.9131	2.8120	3.6129	892.19	-0.019172	2.8452e-05	0.11859	supercritical
596.69	726.00	176.59	0.0056629	1269.6	1680.7	4.9191	2.8154	3.6155	892.25	-0.019182	2.8451e-05	0.11874	supercritical
597.69	726.00	176.33	0.0056712	1272.6	1684.3	4.9252	2.8188	3.6181	892.30	-0.019193	2.8451e-05	0.11888	supercritical
598.69	726.00	176.07	0.0056795	1275.6	1688.0	4.9312	2.8223	3.6207	892.36	-0.019204	2.8451e-05	0.11902	supercritical
599.69	726.00	175.81	0.0056879	1278.6	1691.6	4.9373	2.8257	3.6233	892.42	-0.019216	2.8451e-05	0.11917	supercritical
600.69	726.00	175.56	0.0056962	1281.7	1695.2	4.9433	2.8291	3.6259	892.48	-0.019227	2.8451e-05	0.11931	supercritical
601.69	726.00	175.30	0.0057045	1284.7	1698.8	4.9493	2.8325	3.6286	892.54	-0.019238	2.8451e-05	0.11945	supercritical
602.69	726.00	175.04	0.0057128	1287.7	1702.5	4.9554	2.8359	3.6312	892.60	-0.019249	2.8451e-05	0.11960	supercritical
603.69	726.00	174.79	0.0057211	1290.7	1706.1	4.9614	2.8393	3.6338	892.67	-0.019261	2.8452e-05	0.11974	supercritical
604.69	726.00	174.54	0.0057295	1293.8	1709.7	4.9674	2.8428	3.6364	892.74	-0.019272	2.8452e-05	0.11989	supercritical
605.69	726.00	174.28	0.0057378	1296.8	1713.4	4.9734	2.8462	3.6391	892.80	-0.019284	2.8453e-05	0.12004	supercritical
606.69	726.00	174.03	0.0057461	1299.8	1717.0	4.9794	2.8496	3.6417	892.87	-0.019295	2.8454e-05	0.12018	supercritical
607.69	726.00	173.78	0.0057544	1302.9	1720.7	4.9854	2.8530	3.6443	892.95	-0.019307	2.8454e-05	0.12033	supercritical
608.69	726.00	173.53	0.0057627	1305.9	1724.3	4.9914	2.8564	3.6470	893.02	-0.019319	2.8455e-05	0.12048	supercritical
609.69	726.00	173.28	0.0057710	1309.0	1727.9	4.9974	2.8598	3.6496	893.09	-0.019331	2.8456e-05	0.12062	supercritical
610.69	726.00	173.03	0.0057793	1312.0	1731.6	5.0034	2.8632	3.6523	893.17	-0.019342	2.8457e-05	0.12077	supercritical
611.69	726.00	172.78	0.0057876	1315.1	1735.2	5.0094	2.8666	3.6549	893.25	-0.019354	2.8458e-05	0.12092	supercritical
612.69	726.00	172.53	0.0057959	1318.1	1738.9	5.0153	2.8700	3.6575	893.33	-0.019366	2.8460e-05	0.12107	supercritical
613.69	726.00	172.29	0.0058042	1321.2	1742.6	5.0213	2.8734	3.6602	893.41	-0.019378	2.8461e-05	0.12122	supercritical
614.69	726.00	172.04	0.0058125	1324.2	1746.2	5.0273	2.8768	3.6628	893.49	-0.019391	2.8462e-05	0.12137	supercritical
615.69	726.00	171.80	0.0058208	1327.3	1749.9	5.0332	2.8803	3.6655	893.57	-0.019403	2.8464e-05	0.12152	supercritical
616.69	726.00	171.55	0.0058291	1330.4	1753.6	5.0392	2.8837	3.6681	893.66	-0.019415	2.8465e-05	0.12167	supercritical
617.69	726.00	171.31	0.0058374	1333.4	1757.2	5.0451	2.8871	3.6708	893.75	-0.019427	2.8467e-05	0.12182	supercritical
618.69	726.00	171.07	0.0058457	1336.5	1760.9	5.0511	2.8905	3.6735	893.83	-0.019440	2.8469e-05	0.12197	supercritical
619.69	726.00	170.82	0.0058540	1339.6	1764.6	5.0570	2.8939	3.6761	893.92	-0.019452	2.8471e-05	0.12212	supercritical
620.69	726.00	170.58	0.0058623	1342.6	1768.3	5.0629	2.8973	3.6788	894.01	-0.019464	2.8473e-05	0.12227	supercritical
621.69	726.00	170.34	0.0058706	1345.7	1771.9	5.0688	2.9007	3.6814	894.11	-0.019477	2.8475e-05	0.12243	supercritical
622.69	726.00	170.10	0.0058789	1348.8	1775.6	5.0748	2.9040	3.6841	894.20	-0.019489	2.8477e-05	0.12258	supercritical
623.69	726.00	169.86	0.0058872	1351.9	1779.3	5.0807	2.9074	3.6868	894.29	-0.019502	2.8479e-05	0.12273	supercritical
624.69	726.00	169.62	0.0058955	1355.0	1783.0	5.0866	2.9108	3.6894	894.39	-0.019514	2.8482e-05	0.12289	supercritical