Temperature (K)	Pressure (bar)	Density (kg/m3)	Volume (m3/kg)	Internal Energy (kJ/kg)	Enthalpy (kJ/kg)	Entropy (J/g*K)	Cv (J/g*K)	Cp (J/g*K)	Sound Spd. (m/s)	Joule-Thomson (K/bar)	Viscosity (Pa*s)	Therm. Cond. (W/m*K)	Phase
90.694	675.00	484.96	0.0020620	-98.176	41.010	-1.0510	2.2930	3.2043	1885.5	-0.052753	0.00044736	0.26200	liquid
107.69	675.00	468.78	0.0021332	-48.704	95.287	-0.50246	2.2138	3.1852	1792.5	-0.052478	0.00023531	0.24700	liquid
108.69	675.00	467.84	0.0021375	-45.809	98.472	-0.47303	2.2098	3.1845	1787.0	-0.052445	0.00022869	0.24602	liquid
109.69	675.00	466.90	0.0021418	-42.916	101.66	-0.44387	2.2057	3.1838	1781.4	-0.052411	0.00022243	0.24503	liquid
110.69	675.00	465.96	0.0021461	-40.024	104.84	-0.41498	2.2018	3.1831	1775.9	-0.052376	0.00021651	0.24404	liquid
111.69	675.00	465.02	0.0021505	-37.133	108.02	-0.38635	2.1978	3.1824	1770.4	-0.052341	0.00021090	0.24304	liquid
112.69	675.00	464.08	0.0021548	-34.245	111.20	-0.35799	2.1939	3.1818	1764.8	-0.052304	0.00020558	0.24203	liquid
113.69	675.00	463.14	0.0021592	-31.358	114.39	-0.32989	2.1900	3.1811	1759.3	-0.052266	0.00020053	0.24102	liquid
114.69	675.00	462.21	0.0021635	-28.472	117.57	-0.30203	2.1861	3.1804	1753.8	-0.052228	0.00019573	0.24001	liquid
115.69	675.00	461.27	0.0021679	-25.588	120.75	-0.27443	2.1822	3.1797	1748.2	-0.052189	0.00019117	0.23899	liquid
116.69	675.00	460.34	0.0021723	-22.706	123.93	-0.24706	2.1784	3.1790	1742.7	-0.052149	0.00018682	0.23797	liquid
117.69	675.00	459.40	0.0021767	-19.826	127.10	-0.21994	2.1746	3.1782	1737.2	-0.052108	0.00018268	0.23694	liquid
118.69	675.00	458.47	0.0021812	-16.947	130.28	-0.19305	2.1707	3.1775	1731.7	-0.052066	0.00017873	0.23591	liquid
119.69	675.00	457.54	0.0021856	-14.070	133.46	-0.16640	2.1670	3.1768	1726.3	-0.052023	0.00017495	0.23488	liquid
120.69	675.00	456.61	0.0021901	-11.195	136.64	-0.13997	2.1632	3.1760	1720.8	-0.051980	0.00017135	0.23385	liquid
121.69	675.00	455.67	0.0021946	-8.3209	139.81	-0.11377	2.1595	3.1753	1715.3	-0.051936	0.00016790	0.23282	liquid
122.69	675.00	454.74	0.0021990	-5.4491	142.99	-0.087785	2.1557	3.1745	1709.9	-0.051891	0.00016460	0.23178	liquid
123.69	675.00	453.81	0.0022035	-2.5791	146.16	-0.062020	2.1520	3.1737	1704.4	-0.051845	0.00016143	0.23075	liquid
124.69	675.00	452.89	0.0022081	0.28918	149.33	-0.036468	2.1483	3.1729	1699.0	-0.051799	0.00015840	0.22971	liquid
125.69	675.00	451.96	0.0022126	3.1556	152.51	-0.011127	2.1447	3.1721	1693.6	-0.051751	0.00015548	0.22868	liquid
126.69	675.00	451.03	0.0022171	6.0202	155.68	0.014007	2.1410	3.1713	1688.2	-0.051703	0.00015268	0.22764	liquid
127.69	675.00	450.10	0.0022217	8.8829	158.85	0.038937	2.1374	3.1705	1682.8	-0.051654	0.00014999	0.22660	liquid
128.69	675.00	449.18	0.0022263	11.744	162.02	0.063666	2.1338	3.1697	1677.4	-0.051604	0.00014740	0.22557	liquid
129.69	675.00	448.25	0.0022309	14.603	165.19	0.088197	2.1302	3.1689	1672.1	-0.051553	0.00014491	0.22453	liquid
130.69	675.00	447.33	0.0022355	17.460	168.36	0.11253	2.1267	3.1680	1666.7	-0.051501	0.00014251	0.22350	liquid
131.69	675.00	446.40	0.0022401	20.315	171.52	0.13668	2.1231	3.1672	1661.4	-0.051448	0.00014019	0.22246	liquid
132.69	675.00	445.48	0.0022448	23.168	174.69	0.16063	2.1196	3.1664	1656.1	-0.051395	0.00013796	0.22143	liquid
133.69	675.00	444.55	0.0022494	26.020	177.86	0.18440	2.1161	3.1655	1650.8	-0.051340	0.00013580	0.22040	liquid
134.69	675.00	443.63	0.0022541	28.869	181.02	0.20799	2.1126	3.1647	1645.5	-0.051285	0.00013371	0.21937	liquid
135.69	675.00	442.71	0.0022588	31.716	184.19	0.23139	2.1092	3.1638	1640.2	-0.051229	0.00013170	0.21834	liquid
136.69	675.00	441.79	0.0022635	34.562	187.35	0.25462	2.1058	3.1629	1635.0	-0.051171	0.00012975	0.21732	liquid
137.69	675.00	440.87	0.0022683	37.405	190.51	0.27767	2.1023	3.1621	1629.7	-0.051113	0.00012786	0.21629	liquid
138.69	675.00	439.95	0.0022730	40.247	193.67	0.30055	2.0990	3.1612	1624.5	-0.051054	0.00012603	0.21527	liquid
139.69	675.00	439.03	0.0022778	43.086	196.83	0.32326	2.0956	3.1603	1619.3	-0.050993	0.00012426	0.21425	liquid
140.69	675.00	438.11	0.0022825	45.923	199.99	0.34580	2.0923	3.1595	1614.1	-0.050932	0.00012254	0.21324	liquid
141.69	675.00	437.19	0.0022873	48.759	203.15	0.36817	2.0890	3.1586	1608.9	-0.050870	0.00012087	0.21222	liquid
142.69	675.00	436.27	0.0022921	51.592	206.31	0.39038	2.0857	3.1577	1603.8	-0.050807	0.00011925	0.21121	liquid
143.69	675.00	435.36	0.0022970	54.424	209.47	0.41243	2.0824	3.1568	1598.6	-0.050742	0.00011768	0.21021	liquid
144.69	675.00	434.44	0.0023018	57.253	212.63	0.43432	2.0792	3.1560	1593.5	-0.050677	0.00011615	0.20920	liquid
145.69	675.00	433.52	0.0023067	60.080	215.78	0.45605	2.0760	3.1551	1588.4	-0.050611	0.00011466	0.20820	liquid
146.69	675.00	432.61	0.0023116	62.905	218.94	0.47763	2.0728	3.1542	1583.3	-0.050543	0.00011321	0.20721	liquid
147.69	675.00	431.69	0.0023165	65.728	222.09	0.49906	2.0696	3.1534	1578.3	-0.050475	0.00011181	0.20621	liquid
148.69	675.00	430.78	0.0023214	68.549	225.24	0.52034	2.0665	3.1525	1573.2	-0.050405	0.00011044	0.20522	liquid
149.69	675.00	429.87	0.0023263	71.368	228.39	0.54146	2.0634	3.1516	1568.2	-0.050334	0.00010910	0.20424	liquid
150.69	675.00	428.95	0.0023313	74.185	231.55	0.56244	2.0603	3.1508	1563.2	-0.050262	0.00010780	0.20326	liquid
151.69	675.00	428.04	0.0023362	77.000	234.70	0.58328	2.0572	3.1499	1558.2	-0.050189	0.00010653	0.20228	liquid
152.69	675.00	427.13	0.0023412	79.813	237.85	0.60397	2.0542	3.1490	1553.2	-0.050115	0.00010530	0.20130	liquid
153.69	675.00	426.22	0.0023462	82.624	240.99	0.62453	2.0512	3.1482	1548.2	-0.050040	0.00010409	0.20033	liquid
154.69	675.00	425.31	0.0023512	85.432	244.14	0.64494	2.0482	3.1473	1543.3	-0.049964	0.00010291	0.19937	liquid
155.69	675.00	424.40	0.0023563	88.239	247.29	0.66522	2.0453	3.1465	1538.4	-0.049886	0.00010176	0.19841	liquid
156.69	675.00	423.49	0.0023614	91.043	250.43	0.68536	2.0424	3.1457	1533.5	-0.049807	0.00010064	0.19745	liquid
157.69	675.00	422.58	0.0023664	93.846	253.58	0.70537	2.0395	3.1448	1528.6	-0.049728	9.9543e-05	0.19650	liquid
158.69	675.00	421.67	0.0023715	96.646	256.72	0.72525	2.0366	3.1440	1523.7	-0.049647	9.8470e-05	0.19555	liquid
159.69	675.00	420.76	0.0023767	99.444	259.87	0.74499	2.0338	3.1432	1518.9	-0.049565	9.7421e-05	0.19461	liquid
160.69	675.00	419.85	0.0023818	102.24	263.01	0.76461	2.0310	3.1424	1514.1	-0.049481	9.6396e-05	0.19367	liquid
161.69	675.00	418.95	0.0023869	105.03	266.15	0.78410	2.0282	3.1415	1509.3	-0.049397	9.5392e-05	0.19273	liquid
162.69	675.00	418.04	0.0023921	107.83	269.29	0.80347	2.0255	3.1407	1504.5	-0.049311	9.4410e-05	0.19180	liquid
163.69	675.00	417.13	0.0023973	110.62	272.43	0.82271	2.0227	3.1399	1499.7	-0.049224	9.3449e-05	0.19088	liquid
164.69	675.00	416.23	0.0024025	113.40	275.57	0.84183	2.0201	3.1391	1494.9	-0.049136	9.2508e-05	0.18996	liquid
165.69	675.00	415.32	0.0024078	116.19	278.71	0.86083	2.0174	3.1384	1490.2	-0.049047	9.1586e-05	0.18904	liquid
166.69	675.00	414.42	0.0024130	118.97	281.85	0.87972	2.0148	3.1376	1485.5	-0.048956	9.0683e-05	0.18813	liquid
167.69	675.00	413.52	0.0024183	121.75	284.99	0.89848	2.0122	3.1368	1480.8	-0.048865	8.9798e-05	0.18723	liquid
168.69	675.00	412.61	0.0024236	124.53	288.12	0.91713	2.0096	3.1360	1476.1	-0.048772	8.8930e-05	0.18633	liquid
169.69	675.00	411.71	0.0024289	127.31	291.26	0.93566	2.0070	3.1353	1471.5	-0.048678	8.8080e-05	0.18543	liquid
170.69	675.00	410.81	0.0024342	130.09	294.39	0.95408	2.0045	3.1345	1466.9	-0.048582	8.7246e-05	0.18454	liquid
171.69	675.00	409.91	0.0024396	132.86	297.53	0.97239	2.0020	3.1338	1462.3	-0.048486	8.6428e-05	0.18366	liquid
172.69	675.00	409.01	0.0024449	135.63	300.66	0.99059	1.9996	3.1331	1457.7	-0.048388	8.5625e-05	0.18278	liquid
173.69	675.00	408.11	0.0024503	138.40	303.79	1.0087	1.9971	3.1323	1453.1	-0.048289	8.4838e-05	0.18191	liquid
174.69	675.00	407.21	0.0024557	141.17	306.93	1.0267	1.9947	3.1316	1448.5	-0.048189	8.4065e-05	0.18104	liquid
175.69	675.00	406.31	0.0024612	143.93	310.06	1.0445	1.9924	3.1309	1444.0	-0.048087	8.3306e-05	0.18017	liquid
176.69	675.00	405.42	0.0024666	146.69	313.19	1.0623	1.9900	3.1302	1439.5	-0.047985	8.2561e-05	0.17931	liquid
177.69	675.00	404.52	0.0024721	149.45	316.32	1.0800	1.9877	3.1295	1435.0	-0.047881	8.1829e-05	0.17846	liquid
178.69	675.00	403.62	0.0024776	152.21	319.45	1.0975	1.9855	3.1288	1430.5	-0.047776	8.1110e-05	0.17761	liquid
179.69	675.00	402.73	0.0024831	154.97	322.58	1.1150	1.9832	3.1282	1426.1	-0.047670	8.0404e-05	0.17677	liquid
180.69	675.00	401.83	0.0024886	157.72	325.70	1.1323	1.9810	3.1275	1421.7	-0.047562	7.9710e-05	0.17593	liquid
181.69	675.00	400.94	0.0024941	160.48	328.83	1.1496	1.9788	3.1268	1417.2	-0.047453	7.9028e-05	0.17510	liquid
182.69	675.00	400.04	0.0024997	163.23	331.96	1.1668	1.9766	3.1262	1412.8	-0.047343	7.8358e-05	0.17428	liquid
183.69	675.00	399.15	0.0025053	165.97	335.08	1.1838	1.9745	3.1255	1408.5	-0.047232	7.7699e-05	0.17345	liquid
184.69	675.00	398.26	0.0025109	168.72	338.21	1.2008	1.9724	3.1249	1404.1	-0.047120	7.7051e-05	0.17264	liquid
185.69	675.00	397.37	0.0025166	171.47	341.33	1.2177	1.9704	3.1243	1399.8	-0.047006	7.6414e-05	0.17183	liquid
186.69	675.00	396.48	0.0025222	174.21	344.46	1.2344	1.9683	3.1237	1395.5	-0.046892	7.5788e-05	0.17102	liquid
187.69	675.00	395.59	0.0025279	176.95	347.58	1.2511	1.9663	3.1231	1391.2	-0.046776	7.5171e-05	0.17023	liquid
188.69	675.00	394.70	0.0025336	179.69	350.70	1.2677	1.9643	3.1225	1386.9	-0.046658	7.4565e-05	0.16943	liquid
189.69	675.00	393.81	0.0025393	182.42	353.83	1.2842	1.9624	3.1219	1382.7	-0.046540	7.3968e-05	0.16865	liquid
190.69	675.00	392.92	0.0025450	185.16	356.95	1.3006	1.9605	3.1213	1378.5	-0.046421	7.3381e-05	0.16786	supercritical
191.69	675.00	392.04	0.0025508	187.89	360.07	1.3170	1.9586	3.1208	1374.3	-0.046300	7.2803e-05	0.16709	supercritical
192.69	675.00	391.15	0.0025566	190.62	363.19	1.3332	1.9568	3.1202	1370.1	-0.046178	7.2235e-05	0.16631	supercritical
193.69	675.00	390.26	0.0025624	193.35	366.31	1.3493	1.9549	3.1197	1365.9	-0.046055	7.1675e-05	0.16555	supercritical
194.69	675.00	389.38	0.0025682	196.07	369.43	1.3654	1.9532	3.1192	1361.8	-0.045931	7.1123e-05	0.16478	supercritical
195.69	675.00	388.49	0.0025740	198.80	372.55	1.3814	1.9514	3.1186	1357.6	-0.045805	7.0581e-05	0.16403	supercritical
196.69	675.00	387.61	0.0025799	201.52	375.67	1.3973	1.9497	3.1181	1353.5	-0.045679	7.0046e-05	0.16328	supercritical
197.69	675.00	386.73	0.0025858	204.24	378.78	1.4131	1.9480	3.1176	1349.4	-0.045551	6.9520e-05	0.16253	supercritical
198.69	675.00	385.85	0.0025917	206.96	381.90	1.4288	1.9463	3.1171	1345.4	-0.045422	6.9001e-05	0.16179	supercritical
199.69	675.00	384.97	0.0025976	209.68	385.02	1.4445	1.9447	3.1166	1341.3	-0.045292	6.8490e-05	0.16106	supercritical
200.69	675.00	384.09	0.0026036	212.39	388.13	1.4600	1.9431	3.1162	1337.3	-0.045161	6.7987e-05	0.16033	supercritical
201.69	675.00	383.21	0.0026095	215.11	391.25	1.4755	1.9415	3.1157	1333.3	-0.045029	6.7491e-05	0.15961	supercritical
202.69	675.00	382.33	0.0026155	217.82	394.37	1.4909	1.9400	3.1153	1329.3	-0.044896	6.7002e-05	0.15889	supercritical
203.69	675.00	381.45	0.0026216	220.53	397.48	1.5063	1.9385	3.1148	1325.4	-0.044761	6.6521e-05	0.15818	supercritical
204.69	675.00	380.58	0.0026276	223.23	400.59	1.5215	1.9370	3.1144	1321.4	-0.044626	6.6046e-05	0.15747	supercritical
205.69	675.00	379.70	0.0026336	225.94	403.71	1.5367	1.9356	3.1140	1317.5	-0.044489	6.5579e-05	0.15677	supercritical
206.69	675.00	378.83	0.0026397	228.64	406.82	1.5518	1.9342	3.1135	1313.6	-0.044352	6.5118e-05	0.15607	supercritical
207.69	675.00	377.95	0.0026458	231.34	409.94	1.5668	1.9328	3.1131	1309.8	-0.044213	6.4663e-05	0.15538	supercritical
208.69	675.00	377.08	0.0026519	234.04	413.05	1.5818	1.9314	3.1128	1305.9	-0.044073	6.4215e-05	0.15470	supercritical
209.69	675.00	376.21	0.0026581	236.74	416.16	1.5966	1.9301	3.1124	1302.1	-0.043933	6.3773e-05	0.15402	supercritical
210.69	675.00	375.34	0.0026643	239.44	419.27	1.6114	1.9288	3.1120	1298.2	-0.043791	6.3337e-05	0.15334	supercritical
211.69	675.00	374.47	0.0026704	242.13	422.39	1.6262	1.9276	3.1116	1294.5	-0.043648	6.2908e-05	0.15268	supercritical
212.69	675.00	373.60	0.0026767	244.82	425.50	1.6408	1.9264	3.1113	1290.7	-0.043504	6.2484e-05	0.15201	supercritical
213.69	675.00	372.73	0.0026829	247.51	428.61	1.6554	1.9252	3.1109	1286.9	-0.043359	6.2066e-05	0.15135	supercritical
214.69	675.00	371.87	0.0026891	250.20	431.72	1.6700	1.9240	3.1106	1283.2	-0.043214	6.1654e-05	0.15070	supercritical
215.69	675.00	371.00	0.0026954	252.89	434.83	1.6844	1.9229	3.1103	1279.5	-0.043067	6.1247e-05	0.15006	supercritical
216.69	675.00	370.14	0.0027017	255.57	437.94	1.6988	1.9218	3.1100	1275.8	-0.042919	6.0846e-05	0.14941	supercritical
217.69	675.00	369.27	0.0027080	258.26	441.05	1.7131	1.9207	3.1097	1272.1	-0.042771	6.0450e-05	0.14878	supercritical
218.69	675.00	368.41	0.0027144	260.94	444.16	1.7274	1.9197	3.1094	1268.5	-0.042621	6.0059e-05	0.14815	supercritical
219.69	675.00	367.55	0.0027207	263.62	447.27	1.7416	1.9187	3.1091	1264.9	-0.042471	5.9674e-05	0.14752	supercritical
220.69	675.00	366.69	0.0027271	266.30	450.38	1.7557	1.9177	3.1088	1261.3	-0.042320	5.9294e-05	0.14690	supercritical
221.69	675.00	365.83	0.0027335	268.97	453.49	1.7697	1.9168	3.1086	1257.7	-0.042168	5.8919e-05	0.14628	supercritical
222.69	675.00	364.97	0.0027400	271.65	456.59	1.7837	1.9159	3.1083	1254.1	-0.042014	5.8548e-05	0.14567	supercritical
223.69	675.00	364.11	0.0027464	274.32	459.70	1.7976	1.9150	3.1081	1250.6	-0.041861	5.8183e-05	0.14507	supercritical
224.69	675.00	363.26	0.0027529	276.99	462.81	1.8115	1.9142	3.1078	1247.0	-0.041706	5.7822e-05	0.14447	supercritical
225.69	675.00	362.40	0.0027594	279.66	465.92	1.8253	1.9133	3.1076	1243.5	-0.041550	5.7466e-05	0.14388	supercritical
226.69	675.00	361.55	0.0027659	282.33	469.03	1.8390	1.9126	3.1074	1240.1	-0.041394	5.7115e-05	0.14329	supercritical
227.69	675.00	360.69	0.0027724	284.99	472.13	1.8527	1.9118	3.1072	1236.6	-0.041237	5.6768e-05	0.14270	supercritical
228.69	675.00	359.84	0.0027790	287.66	475.24	1.8663	1.9111	3.1070	1233.2	-0.041079	5.6425e-05	0.14212	supercritical
229.69	675.00	358.99	0.0027856	290.32	478.35	1.8799	1.9104	3.1068	1229.7	-0.040921	5.6087e-05	0.14155	supercritical
230.69	675.00	358.14	0.0027922	292.98	481.45	1.8934	1.9098	3.1066	1226.3	-0.040761	5.5753e-05	0.14098	supercritical
231.69	675.00	357.30	0.0027988	295.64	484.56	1.9068	1.9091	3.1064	1223.0	-0.040601	5.5423e-05	0.14042	supercritical
232.69	675.00	356.45	0.0028054	298.30	487.67	1.9202	1.9085	3.1063	1219.6	-0.040440	5.5098e-05	0.13986	supercritical
233.69	675.00	355.60	0.0028121	300.95	490.77	1.9335	1.9080	3.1061	1216.3	-0.040279	5.4776e-05	0.13931	supercritical
234.69	675.00	354.76	0.0028188	303.61	493.88	1.9468	1.9075	3.1060	1213.0	-0.040117	5.4459e-05	0.13876	supercritical
235.69	675.00	353.92	0.0028255	306.26	496.98	1.9600	1.9070	3.1059	1209.7	-0.039954	5.4145e-05	0.13822	supercritical
236.69	675.00	353.08	0.0028323	308.91	500.09	1.9731	1.9065	3.1057	1206.4	-0.039791	5.3836e-05	0.13768	supercritical
237.69	675.00	352.24	0.0028390	311.56	503.20	1.9862	1.9061	3.1056	1203.1	-0.039627	5.3530e-05	0.13714	supercritical
238.69	675.00	351.40	0.0028458	314.21	506.30	1.9993	1.9056	3.1055	1199.9	-0.039462	5.3228e-05	0.13662	supercritical
239.69	675.00	350.56	0.0028526	316.86	509.41	2.0123	1.9053	3.1054	1196.7	-0.039297	5.2929e-05	0.13609	supercritical
240.69	675.00	349.72	0.0028594	319.50	512.51	2.0252	1.9049	3.1053	1193.5	-0.039131	5.2635e-05	0.13558	supercritical
241.69	675.00	348.89	0.0028662	322.15	515.62	2.0381	1.9046	3.1053	1190.3	-0.038965	5.2344e-05	0.13506	supercritical
242.69	675.00	348.06	0.0028731	324.79	518.72	2.0509	1.9043	3.1052	1187.2	-0.038798	5.2056e-05	0.13455	supercritical
243.69	675.00	347.22	0.0028800	327.43	521.83	2.0637	1.9041	3.1051	1184.0	-0.038631	5.1772e-05	0.13405	supercritical
244.69	675.00	346.39	0.0028869	330.07	524.93	2.0764	1.9039	3.1051	1180.9	-0.038463	5.1491e-05	0.13355	supercritical
245.69	675.00	345.56	0.0028938	332.70	528.04	2.0890	1.9037	3.1050	1177.8	-0.038295	5.1214e-05	0.13306	supercritical
246.69	675.00	344.74	0.0029008	335.34	531.14	2.1016	1.9035	3.1050	1174.8	-0.038127	5.0940e-05	0.13257	supercritical
247.69	675.00	343.91	0.0029077	337.98	534.25	2.1142	1.9034	3.1050	1171.7	-0.037958	5.0669e-05	0.13208	supercritical
248.69	675.00	343.08	0.0029147	340.61	537.35	2.1267	1.9033	3.1050	1168.7	-0.037788	5.0402e-05	0.13161	supercritical
249.69	675.00	342.26	0.0029218	343.24	540.46	2.1392	1.9032	3.1050	1165.7	-0.037618	5.0138e-05	0.13113	supercritical
250.69	675.00	341.44	0.0029288	345.87	543.56	2.1516	1.9032	3.1050	1162.7	-0.037448	4.9876e-05	0.13066	supercritical
251.69	675.00	340.62	0.0029358	348.50	546.67	2.1639	1.9031	3.1050	1159.7	-0.037278	4.9618e-05	0.13020	supercritical
252.69	675.00	339.80	0.0029429	351.13	549.77	2.1763	1.9032	3.1050	1156.8	-0.037107	4.9363e-05	0.12973	supercritical
253.69	675.00	338.98	0.0029500	353.75	552.88	2.1885	1.9032	3.1050	1153.9	-0.036936	4.9111e-05	0.12928	supercritical
254.69	675.00	338.17	0.0029571	356.38	555.98	2.2007	1.9033	3.1051	1151.0	-0.036765	4.8862e-05	0.12883	supercritical
255.69	675.00	337.35	0.0029643	359.00	559.09	2.2129	1.9034	3.1051	1148.1	-0.036593	4.8616e-05	0.12838	supercritical
256.69	675.00	336.54	0.0029714	361.62	562.19	2.2250	1.9035	3.1052	1145.2	-0.036421	4.8373e-05	0.12794	supercritical
257.69	675.00	335.73	0.0029786	364.24	565.30	2.2371	1.9037	3.1052	1142.4	-0.036249	4.8132e-05	0.12750	supercritical
258.69	675.00	334.92	0.0029858	366.86	568.40	2.2491	1.9039	3.1053	1139.5	-0.036077	4.7895e-05	0.12707	supercritical
259.69	675.00	334.11	0.0029930	369.48	571.51	2.2611	1.9041	3.1054	1136.7	-0.035905	4.7660e-05	0.12664	supercritical
260.69	675.00	333.30	0.0030003	372.10	574.61	2.2730	1.9044	3.1055	1133.9	-0.035732	4.7428e-05	0.12622	supercritical
261.69	675.00	332.50	0.0030075	374.71	577.72	2.2849	1.9047	3.1055	1131.2	-0.035560	4.7198e-05	0.12580	supercritical
262.69	675.00	331.69	0.0030148	377.33	580.83	2.2968	1.9050	3.1056	1128.4	-0.035387	4.6971e-05	0.12538	supercritical
263.69	675.00	330.89	0.0030221	379.94	583.93	2.3086	1.9053	3.1058	1125.7	-0.035214	4.6747e-05	0.12497	supercritical
264.69	675.00	330.09	0.0030294	382.55	587.04	2.3203	1.9057	3.1059	1123.0	-0.035041	4.6525e-05	0.12457	supercritical
265.69	675.00	329.29	0.0030368	385.16	590.14	2.3320	1.9061	3.1060	1120.3	-0.034868	4.6306e-05	0.12416	supercritical
266.69	675.00	328.50	0.0030442	387.77	593.25	2.3437	1.9065	3.1061	1117.6	-0.034695	4.6089e-05	0.12377	supercritical
267.69	675.00	327.70	0.0030515	390.38	596.36	2.3553	1.9070	3.1063	1115.0	-0.034522	4.5875e-05	0.12337	supercritical
268.69	675.00	326.91	0.0030589	392.98	599.46	2.3669	1.9074	3.1064	1112.4	-0.034349	4.5663e-05	0.12299	supercritical
269.69	675.00	326.12	0.0030664	395.59	602.57	2.3785	1.9080	3.1066	1109.7	-0.034176	4.5454e-05	0.12260	supercritical
270.69	675.00	325.33	0.0030738	398.19	605.68	2.3900	1.9085	3.1068	1107.2	-0.034003	4.5247e-05	0.12222	supercritical
271.69	675.00	324.54	0.0030813	400.80	608.78	2.4014	1.9091	3.1069	1104.6	-0.033831	4.5042e-05	0.12185	supercritical
272.69	675.00	323.76	0.0030888	403.40	611.89	2.4128	1.9097	3.1071	1102.0	-0.033658	4.4840e-05	0.12147	supercritical
273.69	675.00	322.97	0.0030963	406.00	615.00	2.4242	1.9103	3.1073	1099.5	-0.033485	4.4640e-05	0.12111	supercritical
274.69	675.00	322.19	0.0031038	408.60	618.10	2.4355	1.9109	3.1075	1097.0	-0.033313	4.4442e-05	0.12074	supercritical
275.69	675.00	321.41	0.0031113	411.20	621.21	2.4468	1.9116	3.1077	1094.5	-0.033141	4.4246e-05	0.12038	supercritical
276.69	675.00	320.63	0.0031189	413.80	624.32	2.4581	1.9123	3.1079	1092.0	-0.032969	4.4053e-05	0.12003	supercritical
277.69	675.00	319.85	0.0031265	416.39	627.43	2.4693	1.9130	3.1082	1089.6	-0.032797	4.3862e-05	0.11968	supercritical
278.69	675.00	319.08	0.0031340	418.99	630.54	2.4805	1.9138	3.1084	1087.1	-0.032625	4.3673e-05	0.11933	supercritical
279.69	675.00	318.30	0.0031417	421.58	633.64	2.4916	1.9146	3.1086	1084.7	-0.032454	4.3486e-05	0.11899	supercritical
280.69	675.00	317.53	0.0031493	424.17	636.75	2.5027	1.9154	3.1089	1082.3	-0.032282	4.3301e-05	0.11865	supercritical
281.69	675.00	316.76	0.0031570	426.77	639.86	2.5138	1.9162	3.1091	1079.9	-0.032112	4.3118e-05	0.11832	supercritical
282.69	675.00	315.99	0.0031646	429.36	642.97	2.5248	1.9171	3.1094	1077.6	-0.031941	4.2937e-05	0.11798	supercritical
283.69	675.00	315.23	0.0031723	431.95	646.08	2.5357	1.9180	3.1097	1075.2	-0.031771	4.2758e-05	0.11766	supercritical
284.69	675.00	314.46	0.0031800	434.54	649.19	2.5467	1.9189	3.1099	1072.9	-0.031601	4.2581e-05	0.11733	supercritical
285.69	675.00	313.70	0.0031878	437.13	652.30	2.5576	1.9198	3.1102	1070.6	-0.031431	4.2406e-05	0.11702	supercritical
286.69	675.00	312.94	0.0031955	439.71	655.41	2.5685	1.9208	3.1105	1068.3	-0.031262	4.2234e-05	0.11670	supercritical
287.69	675.00	312.18	0.0032033	442.30	658.52	2.5793	1.9218	3.1108	1066.0	-0.031093	4.2062e-05	0.11639	supercritical
288.69	675.00	311.43	0.0032110	444.89	661.63	2.5901	1.9228	3.1111	1063.8	-0.030925	4.1893e-05	0.11608	supercritical
289.69	675.00	310.67	0.0032188	447.47	664.74	2.6008	1.9238	3.1114	1061.5	-0.030757	4.1726e-05	0.11578	supercritical
290.69	675.00	309.92	0.0032267	450.06	667.86	2.6116	1.9249	3.1118	1059.3	-0.030589	4.1561e-05	0.11548	supercritical
291.69	675.00	309.17	0.0032345	452.64	670.97	2.6223	1.9260	3.1121	1057.1	-0.030422	4.1397e-05	0.11518	supercritical
292.69	675.00	308.42	0.0032423	455.22	674.08	2.6329	1.9271	3.1124	1055.0	-0.030256	4.1235e-05	0.11489	supercritical
293.69	675.00	307.67	0.0032502	457.80	677.19	2.6435	1.9282	3.1128	1052.8	-0.030090	4.1075e-05	0.11460	supercritical
294.69	675.00	306.93	0.0032581	460.38	680.30	2.6541	1.9294	3.1131	1050.7	-0.029924	4.0917e-05	0.11432	supercritical
295.69	675.00	306.18	0.0032660	462.96	683.42	2.6647	1.9306	3.1135	1048.5	-0.029759	4.0760e-05	0.11403	supercritical
296.69	675.00	305.44	0.0032739	465.54	686.53	2.6752	1.9318	3.1139	1046.4	-0.029595	4.0605e-05	0.11376	supercritical
297.69	675.00	304.71	0.0032819	468.12	689.65	2.6856	1.9330	3.1143	1044.3	-0.029431	4.0452e-05	0.11348	supercritical
298.69	675.00	303.97	0.0032898	470.70	692.76	2.6961	1.9343	3.1147	1042.3	-0.029267	4.0301e-05	0.11321	supercritical
299.69	675.00	303.23	0.0032978	473.28	695.88	2.7065	1.9356	3.1151	1040.2	-0.029105	4.0151e-05	0.11295	supercritical
300.69	675.00	302.50	0.0033058	475.85	698.99	2.7169	1.9369	3.1155	1038.2	-0.028943	4.0003e-05	0.11268	supercritical
301.69	675.00	301.77	0.0033138	478.43	702.11	2.7272	1.9382	3.1159	1036.2	-0.028781	3.9856e-05	0.11242	supercritical
302.69	675.00	301.04	0.0033218	481.00	705.22	2.7375	1.9396	3.1163	1034.2	-0.028620	3.9711e-05	0.11217	supercritical
303.69	675.00	300.32	0.0033298	483.58	708.34	2.7478	1.9410	3.1167	1032.2	-0.028460	3.9568e-05	0.11191	supercritical
304.69	675.00	299.59	0.0033379	486.15	711.46	2.7581	1.9424	3.1172	1030.2	-0.028301	3.9426e-05	0.11166	supercritical
305.69	675.00	298.87	0.0033459	488.72	714.57	2.7683	1.9438	3.1176	1028.3	-0.028142	3.9285e-05	0.11142	supercritical
306.69	675.00	298.15	0.0033540	491.29	717.69	2.7785	1.9452	3.1181	1026.3	-0.027984	3.9147e-05	0.11117	supercritical
307.69	675.00	297.43	0.0033621	493.87	720.81	2.7886	1.9467	3.1185	1024.4	-0.027826	3.9009e-05	0.11093	supercritical
308.69	675.00	296.71	0.0033702	496.44	723.93	2.7987	1.9482	3.1190	1022.5	-0.027670	3.8873e-05	0.11070	supercritical
309.69	675.00	296.00	0.0033784	499.01	727.05	2.8088	1.9497	3.1195	1020.6	-0.027514	3.8739e-05	0.11047	supercritical
310.69	675.00	295.29	0.0033865	501.58	730.17	2.8189	1.9512	3.1200	1018.7	-0.027359	3.8606e-05	0.11024	supercritical
311.69	675.00	294.58	0.0033947	504.15	733.29	2.8289	1.9528	3.1204	1016.9	-0.027204	3.8475e-05	0.11001	supercritical
312.69	675.00	293.87	0.0034029	506.72	736.41	2.8389	1.9544	3.1209	1015.1	-0.027051	3.8345e-05	0.10979	supercritical
313.69	675.00	293.17	0.0034110	509.28	739.53	2.8489	1.9560	3.1215	1013.2	-0.026898	3.8216e-05	0.10957	supercritical
314.69	675.00	292.46	0.0034192	511.85	742.65	2.8588	1.9576	3.1220	1011.4	-0.026746	3.8089e-05	0.10935	supercritical
315.69	675.00	291.76	0.0034275	514.42	745.77	2.8687	1.9592	3.1225	1009.7	-0.026595	3.7963e-05	0.10914	supercritical
316.69	675.00	291.06	0.0034357	516.99	748.90	2.8786	1.9609	3.1230	1007.9	-0.026445	3.7839e-05	0.10893	supercritical
317.69	675.00	290.36	0.0034439	519.55	752.02	2.8884	1.9626	3.1236	1006.1	-0.026295	3.7716e-05	0.10872	supercritical
318.69	675.00	289.67	0.0034522	522.12	755.14	2.8982	1.9643	3.1241	1004.4	-0.026147	3.7594e-05	0.10852	supercritical
319.69	675.00	288.98	0.0034605	524.68	758.27	2.9080	1.9660	3.1247	1002.7	-0.025999	3.7473e-05	0.10832	supercritical
320.69	675.00	288.29	0.0034688	527.25	761.39	2.9178	1.9678	3.1253	1001.0	-0.025852	3.7354e-05	0.10812	supercritical
321.69	675.00	287.60	0.0034771	529.81	764.52	2.9275	1.9695	3.1258	999.29	-0.025706	3.7236e-05	0.10792	supercritical
322.69	675.00	286.91	0.0034854	532.38	767.64	2.9372	1.9713	3.1264	997.61	-0.025561	3.7119e-05	0.10773	supercritical
323.69	675.00	286.23	0.0034937	534.94	770.77	2.9469	1.9731	3.1270	995.95	-0.025417	3.7004e-05	0.10754	supercritical
324.69	675.00	285.55	0.0035021	537.51	773.90	2.9565	1.9749	3.1276	994.31	-0.025274	3.6890e-05	0.10736	supercritical
325.69	675.00	284.87	0.0035104	540.07	777.03	2.9662	1.9768	3.1282	992.68	-0.025131	3.6777e-05	0.10717	supercritical
326.69	675.00	284.19	0.0035188	542.64	780.15	2.9758	1.9787	3.1289	991.07	-0.024990	3.6665e-05	0.10699	supercritical
327.69	675.00	283.51	0.0035272	545.20	783.28	2.9853	1.9805	3.1295	989.47	-0.024850	3.6555e-05	0.10682	supercritical
328.69	675.00	282.84	0.0035356	547.76	786.41	2.9949	1.9824	3.1301	987.89	-0.024710	3.6446e-05	0.10664	supercritical
329.69	675.00	282.17	0.0035440	550.32	789.54	3.0044	1.9844	3.1308	986.32	-0.024572	3.6337e-05	0.10647	supercritical
330.69	675.00	281.50	0.0035524	552.89	792.68	3.0138	1.9863	3.1314	984.77	-0.024434	3.6231e-05	0.10630	supercritical
331.69	675.00	280.83	0.0035609	555.45	795.81	3.0233	1.9883	3.1321	983.23	-0.024298	3.6125e-05	0.10614	supercritical
332.69	675.00	280.17	0.0035693	558.01	798.94	3.0327	1.9902	3.1328	981.71	-0.024162	3.6020e-05	0.10597	supercritical
333.69	675.00	279.50	0.0035778	560.57	802.07	3.0421	1.9922	3.1335	980.20	-0.024027	3.5917e-05	0.10581	supercritical
334.69	675.00	278.84	0.0035862	563.14	805.21	3.0515	1.9942	3.1342	978.71	-0.023894	3.5814e-05	0.10566	supercritical
335.69	675.00	278.19	0.0035947	565.70	808.34	3.0609	1.9963	3.1349	977.23	-0.023761	3.5713e-05	0.10550	supercritical
336.69	675.00	277.53	0.0036032	568.26	811.48	3.0702	1.9983	3.1356	975.76	-0.023630	3.5613e-05	0.10535	supercritical
337.69	675.00	276.88	0.0036117	570.82	814.61	3.0795	2.0004	3.1363	974.31	-0.023499	3.5514e-05	0.10520	supercritical
338.69	675.00	276.23	0.0036202	573.38	817.75	3.0888	2.0025	3.1370	972.87	-0.023370	3.5415e-05	0.10505	supercritical
339.69	675.00	275.58	0.0036288	575.94	820.89	3.0980	2.0046	3.1377	971.45	-0.023241	3.5318e-05	0.10491	supercritical
340.69	675.00	274.93	0.0036373	578.51	824.02	3.1072	2.0067	3.1385	970.04	-0.023114	3.5222e-05	0.10477	supercritical
341.69	675.00	274.28	0.0036459	581.07	827.16	3.1164	2.0088	3.1392	968.65	-0.022987	3.5128e-05	0.10463	supercritical
342.69	675.00	273.64	0.0036544	583.63	830.30	3.1256	2.0110	3.1400	967.27	-0.022862	3.5034e-05	0.10449	supercritical
343.69	675.00	273.00	0.0036630	586.19	833.44	3.1348	2.0132	3.1408	965.90	-0.022738	3.4941e-05	0.10436	supercritical
344.69	675.00	272.36	0.0036716	588.75	836.58	3.1439	2.0153	3.1416	964.54	-0.022614	3.4849e-05	0.10423	supercritical
345.69	675.00	271.73	0.0036802	591.31	839.73	3.1530	2.0176	3.1424	963.20	-0.022492	3.4758e-05	0.10410	supercritical
346.69	675.00	271.09	0.0036888	593.88	842.87	3.1621	2.0198	3.1432	961.88	-0.022371	3.4668e-05	0.10397	supercritical
347.69	675.00	270.46	0.0036974	596.44	846.01	3.1711	2.0220	3.1440	960.56	-0.022251	3.4579e-05	0.10385	supercritical
348.69	675.00	269.83	0.0037060	599.00	849.16	3.1802	2.0243	3.1448	959.26	-0.022132	3.4491e-05	0.10373	supercritical
349.69	675.00	269.20	0.0037147	601.56	852.30	3.1892	2.0265	3.1456	957.97	-0.022014	3.4404e-05	0.10361	supercritical
350.69	675.00	268.58	0.0037233	604.12	855.45	3.1981	2.0288	3.1465	956.70	-0.021897	3.4318e-05	0.10349	supercritical
351.69	675.00	267.96	0.0037320	606.69	858.60	3.2071	2.0311	3.1473	955.44	-0.021782	3.4233e-05	0.10338	supercritical
352.69	675.00	267.33	0.0037406	609.25	861.74	3.2160	2.0334	3.1482	954.19	-0.021667	3.4149e-05	0.10327	supercritical
353.69	675.00	266.72	0.0037493	611.81	864.89	3.2250	2.0358	3.1490	952.95	-0.021553	3.4065e-05	0.10316	supercritical
354.69	675.00	266.10	0.0037580	614.38	868.04	3.2338	2.0381	3.1499	951.73	-0.021441	3.3983e-05	0.10305	supercritical
355.69	675.00	265.48	0.0037667	616.94	871.19	3.2427	2.0405	3.1508	950.52	-0.021329	3.3902e-05	0.10295	supercritical
356.69	675.00	264.87	0.0037754	619.50	874.34	3.2516	2.0428	3.1517	949.32	-0.021219	3.3821e-05	0.10284	supercritical
357.69	675.00	264.26	0.0037841	622.07	877.49	3.2604	2.0452	3.1526	948.14	-0.021110	3.3741e-05	0.10274	supercritical
358.69	675.00	263.65	0.0037928	624.63	880.65	3.2692	2.0476	3.1535	946.96	-0.021002	3.3662e-05	0.10265	supercritical
359.69	675.00	263.05	0.0038016	627.20	883.80	3.2780	2.0500	3.1544	945.80	-0.020895	3.3584e-05	0.10255	supercritical
360.69	675.00	262.45	0.0038103	629.76	886.96	3.2867	2.0525	3.1554	944.66	-0.020789	3.3507e-05	0.10246	supercritical
361.69	675.00	261.84	0.0038191	632.33	890.11	3.2955	2.0549	3.1563	943.52	-0.020684	3.3431e-05	0.10237	supercritical
362.69	675.00	261.25	0.0038278	634.89	893.27	3.3042	2.0574	3.1573	942.39	-0.020580	3.3355e-05	0.10228	supercritical
363.69	675.00	260.65	0.0038366	637.46	896.43	3.3129	2.0599	3.1582	941.28	-0.020477	3.3281e-05	0.10219	supercritical
364.69	675.00	260.05	0.0038454	640.02	899.59	3.3216	2.0623	3.1592	940.18	-0.020376	3.3207e-05	0.10211	supercritical
365.69	675.00	259.46	0.0038541	642.59	902.75	3.3302	2.0648	3.1602	939.09	-0.020275	3.3134e-05	0.10203	supercritical
366.69	675.00	258.87	0.0038629	645.16	905.91	3.3388	2.0674	3.1612	938.01	-0.020176	3.3061e-05	0.10194	supercritical
367.69	675.00	258.28	0.0038717	647.73	909.07	3.3474	2.0699	3.1622	936.95	-0.020078	3.2990e-05	0.10187	supercritical
368.69	675.00	257.70	0.0038805	650.29	912.23	3.3560	2.0724	3.1632	935.89	-0.019981	3.2919e-05	0.10179	supercritical
369.69	675.00	257.11	0.0038894	652.86	915.39	3.3646	2.0750	3.1642	934.85	-0.019884	3.2849e-05	0.10172	supercritical
370.69	675.00	256.53	0.0038982	655.43	918.56	3.3732	2.0775	3.1652	933.82	-0.019789	3.2780e-05	0.10164	supercritical
371.69	675.00	255.95	0.0039070	658.00	921.72	3.3817	2.0801	3.1663	932.80	-0.019695	3.2712e-05	0.10157	supercritical
372.69	675.00	255.37	0.0039158	660.57	924.89	3.3902	2.0827	3.1673	931.79	-0.019603	3.2644e-05	0.10151	supercritical
373.69	675.00	254.80	0.0039247	663.14	928.06	3.3987	2.0853	3.1684	930.79	-0.019511	3.2577e-05	0.10144	supercritical
374.69	675.00	254.22	0.0039335	665.71	931.23	3.4071	2.0879	3.1695	929.80	-0.019420	3.2511e-05	0.10138	supercritical
375.69	675.00	253.65	0.0039424	668.29	934.40	3.4156	2.0906	3.1705	928.82	-0.019330	3.2446e-05	0.10131	supercritical
376.69	675.00	253.08	0.0039513	670.86	937.57	3.4240	2.0932	3.1716	927.86	-0.019242	3.2381e-05	0.10125	supercritical
377.69	675.00	252.52	0.0039601	673.43	940.74	3.4324	2.0959	3.1727	926.90	-0.019154	3.2317e-05	0.10120	supercritical
378.69	675.00	251.95	0.0039690	676.01	943.91	3.4408	2.0985	3.1738	925.96	-0.019068	3.2254e-05	0.10114	supercritical
379.69	675.00	251.39	0.0039779	678.58	947.09	3.4492	2.1012	3.1749	925.02	-0.018983	3.2191e-05	0.10109	supercritical
380.69	675.00	250.83	0.0039868	681.16	950.26	3.4576	2.1039	3.1761	924.10	-0.018898	3.2129e-05	0.10103	supercritical
381.69	675.00	250.27	0.0039957	683.73	953.44	3.4659	2.1066	3.1772	923.19	-0.018815	3.2068e-05	0.10098	supercritical
382.69	675.00	249.71	0.0040046	686.31	956.62	3.4742	2.1093	3.1784	922.28	-0.018733	3.2007e-05	0.10093	supercritical
383.69	675.00	249.16	0.0040135	688.89	959.80	3.4825	2.1120	3.1795	921.39	-0.018652	3.1947e-05	0.10089	supercritical
384.69	675.00	248.61	0.0040224	691.46	962.98	3.4908	2.1148	3.1807	920.51	-0.018572	3.1888e-05	0.10084	supercritical
385.69	675.00	248.06	0.0040314	694.04	966.16	3.4990	2.1175	3.1819	919.64	-0.018493	3.1830e-05	0.10080	supercritical
386.69	675.00	247.51	0.0040403	696.62	969.34	3.5073	2.1203	3.1831	918.77	-0.018415	3.1772e-05	0.10076	supercritical
387.69	675.00	246.96	0.0040492	699.20	972.53	3.5155	2.1230	3.1843	917.92	-0.018338	3.1715e-05	0.10072	supercritical
388.69	675.00	246.42	0.0040582	701.78	975.71	3.5237	2.1258	3.1855	917.08	-0.018262	3.1658e-05	0.10068	supercritical
389.69	675.00	245.88	0.0040671	704.37	978.90	3.5319	2.1286	3.1867	916.24	-0.018187	3.1602e-05	0.10064	supercritical
390.69	675.00	245.34	0.0040761	706.95	982.08	3.5401	2.1314	3.1879	915.42	-0.018114	3.1547e-05	0.10061	supercritical
391.69	675.00	244.80	0.0040850	709.53	985.27	3.5482	2.1342	3.1892	914.61	-0.018041	3.1492e-05	0.10058	supercritical
392.69	675.00	244.26	0.0040940	712.12	988.46	3.5563	2.1370	3.1904	913.80	-0.017969	3.1438e-05	0.10055	supercritical
393.69	675.00	243.73	0.0041029	714.70	991.65	3.5645	2.1399	3.1917	913.01	-0.017898	3.1384e-05	0.10052	supercritical
394.69	675.00	243.20	0.0041119	717.29	994.85	3.5726	2.1427	3.1929	912.22	-0.017829	3.1331e-05	0.10049	supercritical
395.69	675.00	242.67	0.0041209	719.88	998.04	3.5806	2.1455	3.1942	911.44	-0.017760	3.1279e-05	0.10046	supercritical
396.69	675.00	242.14	0.0041299	722.47	1001.2	3.5887	2.1484	3.1955	910.68	-0.017692	3.1227e-05	0.10044	supercritical
397.69	675.00	241.61	0.0041389	725.06	1004.4	3.5967	2.1513	3.1968	909.92	-0.017625	3.1176e-05	0.10042	supercritical
398.69	675.00	241.09	0.0041479	727.65	1007.6	3.6048	2.1541	3.1981	909.17	-0.017560	3.1126e-05	0.10040	supercritical
399.69	675.00	240.57	0.0041569	730.24	1010.8	3.6128	2.1570	3.1994	908.43	-0.017495	3.1076e-05	0.10038	supercritical
400.69	675.00	240.05	0.0041659	732.83	1014.0	3.6208	2.1599	3.2007	907.70	-0.017431	3.1026e-05	0.10036	supercritical
401.69	675.00	239.53	0.0041749	735.42	1017.2	3.6288	2.1628	3.2021	906.98	-0.017368	3.0978e-05	0.10034	supercritical
402.69	675.00	239.01	0.0041839	738.02	1020.4	3.6367	2.1658	3.2034	906.26	-0.017307	3.0929e-05	0.10033	supercritical
403.69	675.00	238.50	0.0041929	740.61	1023.6	3.6447	2.1687	3.2048	905.56	-0.017246	3.0882e-05	0.10031	supercritical
404.69	675.00	237.99	0.0042019	743.21	1026.8	3.6526	2.1716	3.2061	904.86	-0.017186	3.0834e-05	0.10030	supercritical
405.69	675.00	237.48	0.0042109	745.81	1030.0	3.6605	2.1745	3.2075	904.17	-0.017127	3.0788e-05	0.10029	supercritical
406.69	675.00	236.97	0.0042200	748.41	1033.3	3.6684	2.1775	3.2089	903.49	-0.017069	3.0742e-05	0.10028	supercritical
407.69	675.00	236.46	0.0042290	751.01	1036.5	3.6763	2.1805	3.2103	902.82	-0.017012	3.0696e-05	0.10028	supercritical
408.69	675.00	235.96	0.0042380	753.61	1039.7	3.6842	2.1834	3.2117	902.16	-0.016956	3.0651e-05	0.10027	supercritical
409.69	675.00	235.46	0.0042471	756.21	1042.9	3.6920	2.1864	3.2131	901.50	-0.016900	3.0606e-05	0.10027	supercritical
410.69	675.00	234.96	0.0042561	758.81	1046.1	3.6998	2.1894	3.2145	900.86	-0.016846	3.0562e-05	0.10027	supercritical
411.69	675.00	234.46	0.0042652	761.42	1049.3	3.7077	2.1924	3.2160	900.22	-0.016793	3.0519e-05	0.10026	supercritical
412.69	675.00	233.96	0.0042742	764.02	1052.5	3.7155	2.1954	3.2174	899.59	-0.016740	3.0476e-05	0.10026	supercritical
413.69	675.00	233.47	0.0042833	766.63	1055.8	3.7233	2.1984	3.2189	898.97	-0.016689	3.0433e-05	0.10027	supercritical
414.69	675.00	232.97	0.0042923	769.24	1059.0	3.7310	2.2014	3.2203	898.35	-0.016638	3.0391e-05	0.10027	supercritical
415.69	675.00	232.48	0.0043014	771.85	1062.2	3.7388	2.2044	3.2218	897.75	-0.016588	3.0350e-05	0.10027	supercritical
416.69	675.00	231.99	0.0043104	774.46	1065.4	3.7465	2.2074	3.2233	897.15	-0.016539	3.0309e-05	0.10028	supercritical
417.69	675.00	231.51	0.0043195	777.07	1068.6	3.7543	2.2105	3.2248	896.56	-0.016491	3.0268e-05	0.10029	supercritical
418.69	675.00	231.02	0.0043286	779.69	1071.9	3.7620	2.2135	3.2263	895.97	-0.016444	3.0228e-05	0.10030	supercritical
419.69	675.00	230.54	0.0043376	782.30	1075.1	3.7697	2.2166	3.2278	895.40	-0.016398	3.0189e-05	0.10031	supercritical
420.69	675.00	230.06	0.0043467	784.92	1078.3	3.7774	2.2196	3.2293	894.83	-0.016352	3.0149e-05	0.10032	supercritical
421.69	675.00	229.58	0.0043558	787.53	1081.6	3.7850	2.2227	3.2308	894.27	-0.016308	3.0111e-05	0.10033	supercritical
422.69	675.00	229.10	0.0043649	790.15	1084.8	3.7927	2.2258	3.2324	893.71	-0.016264	3.0073e-05	0.10035	supercritical
423.69	675.00	228.63	0.0043740	792.77	1088.0	3.8003	2.2289	3.2339	893.17	-0.016221	3.0035e-05	0.10036	supercritical
424.69	675.00	228.15	0.0043831	795.39	1091.2	3.8079	2.2320	3.2355	892.63	-0.016179	2.9997e-05	0.10038	supercritical
425.69	675.00	227.68	0.0043921	798.02	1094.5	3.8156	2.2350	3.2371	892.10	-0.016138	2.9961e-05	0.10040	supercritical
426.69	675.00	227.21	0.0044012	800.64	1097.7	3.8232	2.2381	3.2386	891.57	-0.016098	2.9924e-05	0.10042	supercritical
427.69	675.00	226.74	0.0044103	803.27	1101.0	3.8307	2.2413	3.2402	891.05	-0.016058	2.9888e-05	0.10044	supercritical
428.69	675.00	226.27	0.0044194	805.89	1104.2	3.8383	2.2444	3.2418	890.54	-0.016019	2.9853e-05	0.10046	supercritical
429.69	675.00	225.81	0.0044285	808.52	1107.4	3.8459	2.2475	3.2434	890.04	-0.015981	2.9817e-05	0.10048	supercritical
430.69	675.00	225.35	0.0044376	811.15	1110.7	3.8534	2.2506	3.2450	889.54	-0.015944	2.9783e-05	0.10051	supercritical
431.69	675.00	224.88	0.0044467	813.78	1113.9	3.8609	2.2538	3.2467	889.05	-0.015908	2.9748e-05	0.10053	supercritical
432.69	675.00	224.42	0.0044558	816.42	1117.2	3.8684	2.2569	3.2483	888.57	-0.015872	2.9715e-05	0.10056	supercritical
433.69	675.00	223.97	0.0044649	819.05	1120.4	3.8759	2.2600	3.2499	888.09	-0.015837	2.9681e-05	0.10059	supercritical
434.69	675.00	223.51	0.0044741	821.69	1123.7	3.8834	2.2632	3.2516	887.62	-0.015803	2.9648e-05	0.10062	supercritical
435.69	675.00	223.06	0.0044832	824.32	1126.9	3.8909	2.2663	3.2532	887.16	-0.015770	2.9615e-05	0.10065	supercritical
436.69	675.00	222.60	0.0044923	826.96	1130.2	3.8984	2.2695	3.2549	886.70	-0.015737	2.9583e-05	0.10068	supercritical
437.69	675.00	222.15	0.0045014	829.60	1133.4	3.9058	2.2727	3.2566	886.25	-0.015705	2.9551e-05	0.10071	supercritical
438.69	675.00	221.70	0.0045105	832.24	1136.7	3.9132	2.2759	3.2583	885.81	-0.015674	2.9520e-05	0.10075	supercritical
439.69	675.00	221.26	0.0045196	834.89	1140.0	3.9207	2.2790	3.2600	885.37	-0.015644	2.9489e-05	0.10078	supercritical
440.69	675.00	220.81	0.0045287	837.53	1143.2	3.9281	2.2822	3.2617	884.94	-0.015614	2.9458e-05	0.10082	supercritical
441.69	675.00	220.37	0.0045379	840.18	1146.5	3.9355	2.2854	3.2634	884.51	-0.015585	2.9428e-05	0.10086	supercritical
442.69	675.00	219.93	0.0045470	842.83	1149.8	3.9429	2.2886	3.2651	884.09	-0.015557	2.9398e-05	0.10090	supercritical
443.69	675.00	219.49	0.0045561	845.48	1153.0	3.9502	2.2918	3.2668	883.68	-0.015530	2.9368e-05	0.10094	supercritical
444.69	675.00	219.05	0.0045652	848.13	1156.3	3.9576	2.2950	3.2686	883.27	-0.015503	2.9339e-05	0.10098	supercritical
445.69	675.00	218.61	0.0045744	850.78	1159.6	3.9649	2.2982	3.2703	882.87	-0.015477	2.9310e-05	0.10102	supercritical
446.69	675.00	218.17	0.0045835	853.44	1162.8	3.9723	2.3015	3.2721	882.48	-0.015451	2.9282e-05	0.10106	supercritical
447.69	675.00	217.74	0.0045926	856.10	1166.1	3.9796	2.3047	3.2739	882.09	-0.015426	2.9254e-05	0.10111	supercritical
448.69	675.00	217.31	0.0046018	858.75	1169.4	3.9869	2.3079	3.2756	881.71	-0.015402	2.9226e-05	0.10115	supercritical
449.69	675.00	216.88	0.0046109	861.41	1172.6	3.9942	2.3111	3.2774	881.33	-0.015379	2.9199e-05	0.10120	supercritical
450.69	675.00	216.45	0.0046200	864.08	1175.9	4.0015	2.3144	3.2792	880.96	-0.015356	2.9172e-05	0.10125	supercritical
451.69	675.00	216.02	0.0046292	866.74	1179.2	4.0087	2.3176	3.2810	880.59	-0.015334	2.9145e-05	0.10130	supercritical
452.69	675.00	215.60	0.0046383	869.40	1182.5	4.0160	2.3209	3.2828	880.23	-0.015313	2.9119e-05	0.10135	supercritical
453.69	675.00	215.17	0.0046474	872.07	1185.8	4.0232	2.3241	3.2846	879.88	-0.015292	2.9093e-05	0.10140	supercritical
454.69	675.00	214.75	0.0046566	874.74	1189.1	4.0305	2.3274	3.2865	879.53	-0.015272	2.9067e-05	0.10145	supercritical
455.69	675.00	214.33	0.0046657	877.41	1192.3	4.0377	2.3306	3.2883	879.19	-0.015252	2.9042e-05	0.10150	supercritical
456.69	675.00	213.91	0.0046748	880.08	1195.6	4.0449	2.3339	3.2901	878.85	-0.015233	2.9017e-05	0.10156	supercritical
457.69	675.00	213.49	0.0046840	882.76	1198.9	4.0521	2.3372	3.2920	878.52	-0.015215	2.8992e-05	0.10161	supercritical
458.69	675.00	213.08	0.0046931	885.43	1202.2	4.0593	2.3404	3.2938	878.19	-0.015197	2.8968e-05	0.10167	supercritical
459.69	675.00	212.66	0.0047023	888.11	1205.5	4.0665	2.3437	3.2957	877.87	-0.015180	2.8944e-05	0.10172	supercritical
460.69	675.00	212.25	0.0047114	890.79	1208.8	4.0736	2.3470	3.2976	877.55	-0.015163	2.8920e-05	0.10178	supercritical
461.69	675.00	211.84	0.0047205	893.47	1212.1	4.0808	2.3503	3.2995	877.24	-0.015147	2.8897e-05	0.10184	supercritical
462.69	675.00	211.43	0.0047297	896.16	1215.4	4.0879	2.3536	3.3014	876.93	-0.015132	2.8874e-05	0.10190	supercritical
463.69	675.00	211.02	0.0047388	898.84	1218.7	4.0950	2.3569	3.3033	876.63	-0.015117	2.8851e-05	0.10196	supercritical
464.69	675.00	210.62	0.0047480	901.53	1222.0	4.1022	2.3602	3.3052	876.34	-0.015103	2.8829e-05	0.10202	supercritical
465.69	675.00	210.21	0.0047571	904.22	1225.3	4.1093	2.3635	3.3071	876.04	-0.015089	2.8807e-05	0.10209	supercritical
466.69	675.00	209.81	0.0047663	906.91	1228.6	4.1164	2.3668	3.3090	875.76	-0.015076	2.8785e-05	0.10215	supercritical
467.69	675.00	209.41	0.0047754	909.60	1231.9	4.1234	2.3701	3.3109	875.48	-0.015063	2.8763e-05	0.10221	supercritical
468.69	675.00	209.01	0.0047845	912.30	1235.3	4.1305	2.3734	3.3129	875.20	-0.015051	2.8742e-05	0.10228	supercritical
469.69	675.00	208.61	0.0047937	914.99	1238.6	4.1376	2.3767	3.3148	874.93	-0.015040	2.8721e-05	0.10235	supercritical
470.69	675.00	208.21	0.0048028	917.69	1241.9	4.1446	2.3800	3.3168	874.66	-0.015029	2.8701e-05	0.10241	supercritical
471.69	675.00	207.81	0.0048120	920.39	1245.2	4.1517	2.3833	3.3187	874.40	-0.015018	2.8680e-05	0.10248	supercritical
472.69	675.00	207.42	0.0048211	923.09	1248.5	4.1587	2.3867	3.3207	874.14	-0.015008	2.8660e-05	0.10255	supercritical
473.69	675.00	207.03	0.0048303	925.80	1251.8	4.1657	2.3900	3.3227	873.89	-0.014999	2.8640e-05	0.10262	supercritical
474.69	675.00	206.64	0.0048394	928.50	1255.2	4.1727	2.3933	3.3247	873.64	-0.014990	2.8621e-05	0.10269	supercritical
475.69	675.00	206.25	0.0048486	931.21	1258.5	4.1797	2.3967	3.3267	873.40	-0.014981	2.8602e-05	0.10277	supercritical
476.69	675.00	205.86	0.0048577	933.92	1261.8	4.1867	2.4000	3.3287	873.16	-0.014974	2.8583e-05	0.10284	supercritical
477.69	675.00	205.47	0.0048668	936.64	1265.1	4.1937	2.4034	3.3307	872.93	-0.014966	2.8564e-05	0.10291	supercritical
478.69	675.00	205.09	0.0048760	939.35	1268.5	4.2007	2.4067	3.3327	872.70	-0.014959	2.8546e-05	0.10299	supercritical
479.69	675.00	204.70	0.0048851	942.07	1271.8	4.2076	2.4100	3.3347	872.47	-0.014953	2.8528e-05	0.10306	supercritical
480.69	675.00	204.32	0.0048943	944.79	1275.1	4.2146	2.4134	3.3368	872.25	-0.014947	2.8510e-05	0.10314	supercritical
481.69	675.00	203.94	0.0049034	947.51	1278.5	4.2215	2.4167	3.3388	872.04	-0.014941	2.8492e-05	0.10322	supercritical
482.69	675.00	203.56	0.0049126	950.23	1281.8	4.2284	2.4201	3.3408	871.82	-0.014936	2.8475e-05	0.10330	supercritical
483.69	675.00	203.18	0.0049217	952.95	1285.2	4.2353	2.4235	3.3429	871.62	-0.014931	2.8458e-05	0.10337	supercritical
484.69	675.00	202.80	0.0049309	955.68	1288.5	4.2423	2.4268	3.3449	871.41	-0.014927	2.8441e-05	0.10345	supercritical
485.69	675.00	202.43	0.0049400	958.41	1291.9	4.2492	2.4302	3.3470	871.21	-0.014923	2.8424e-05	0.10354	supercritical
486.69	675.00	202.06	0.0049491	961.14	1295.2	4.2560	2.4336	3.3491	871.02	-0.014920	2.8408e-05	0.10362	supercritical
487.69	675.00	201.68	0.0049583	963.87	1298.6	4.2629	2.4369	3.3512	870.83	-0.014917	2.8392e-05	0.10370	supercritical
488.69	675.00	201.31	0.0049674	966.61	1301.9	4.2698	2.4403	3.3532	870.64	-0.014914	2.8376e-05	0.10378	supercritical
489.69	675.00	200.94	0.0049766	969.34	1305.3	4.2766	2.4437	3.3553	870.46	-0.014912	2.8361e-05	0.10387	supercritical
490.69	675.00	200.57	0.0049857	972.08	1308.6	4.2835	2.4471	3.3574	870.28	-0.014911	2.8345e-05	0.10395	supercritical
491.69	675.00	200.21	0.0049948	974.83	1312.0	4.2903	2.4504	3.3596	870.10	-0.014909	2.8330e-05	0.10404	supercritical
492.69	675.00	199.84	0.0050040	977.57	1315.3	4.2971	2.4538	3.3617	869.93	-0.014909	2.8315e-05	0.10412	supercritical
493.69	675.00	199.48	0.0050131	980.32	1318.7	4.3040	2.4572	3.3638	869.77	-0.014908	2.8301e-05	0.10421	supercritical
494.69	675.00	199.11	0.0050223	983.06	1322.1	4.3108	2.4606	3.3659	869.60	-0.014908	2.8287e-05	0.10430	supercritical
495.69	675.00	198.75	0.0050314	985.81	1325.4	4.3176	2.4640	3.3680	869.44	-0.014908	2.8272e-05	0.10439	supercritical
496.69	675.00	198.39	0.0050405	988.57	1328.8	4.3244	2.4674	3.3702	869.29	-0.014909	2.8258e-05	0.10448	supercritical
497.69	675.00	198.03	0.0050497	991.32	1332.2	4.3311	2.4708	3.3723	869.14	-0.014910	2.8245e-05	0.10457	supercritical
498.69	675.00	197.67	0.0050588	994.08	1335.5	4.3379	2.4741	3.3745	868.99	-0.014912	2.8231e-05	0.10466	supercritical
499.69	675.00	197.32	0.0050679	996.84	1338.9	4.3447	2.4775	3.3767	868.84	-0.014913	2.8218e-05	0.10475	supercritical
500.69	675.00	196.96	0.0050771	999.60	1342.3	4.3514	2.4809	3.3788	868.70	-0.014916	2.8205e-05	0.10484	supercritical
501.69	675.00	196.61	0.0050862	1002.4	1345.7	4.3582	2.4843	3.3810	868.57	-0.014918	2.8192e-05	0.10494	supercritical
502.69	675.00	196.26	0.0050953	1005.1	1349.1	4.3649	2.4877	3.3832	868.43	-0.014921	2.8180e-05	0.10503	supercritical
503.69	675.00	195.91	0.0051045	1007.9	1352.4	4.3716	2.4912	3.3854	868.30	-0.014924	2.8167e-05	0.10512	supercritical
504.69	675.00	195.56	0.0051136	1010.7	1355.8	4.3784	2.4946	3.3876	868.18	-0.014928	2.8155e-05	0.10522	supercritical
505.69	675.00	195.21	0.0051227	1013.4	1359.2	4.3851	2.4980	3.3897	868.05	-0.014932	2.8143e-05	0.10532	supercritical
506.69	675.00	194.86	0.0051319	1016.2	1362.6	4.3918	2.5014	3.3920	867.93	-0.014936	2.8132e-05	0.10541	supercritical
507.69	675.00	194.51	0.0051410	1019.0	1366.0	4.3984	2.5048	3.3942	867.82	-0.014941	2.8120e-05	0.10551	supercritical
508.69	675.00	194.17	0.0051501	1021.8	1369.4	4.4051	2.5082	3.3964	867.70	-0.014946	2.8109e-05	0.10561	supercritical
509.69	675.00	193.83	0.0051592	1024.5	1372.8	4.4118	2.5116	3.3986	867.59	-0.014951	2.8098e-05	0.10571	supercritical
510.69	675.00	193.48	0.0051684	1027.3	1376.2	4.4185	2.5150	3.4008	867.49	-0.014956	2.8087e-05	0.10581	supercritical
511.69	675.00	193.14	0.0051775	1030.1	1379.6	4.4251	2.5184	3.4031	867.39	-0.014962	2.8076e-05	0.10591	supercritical
512.69	675.00	192.80	0.0051866	1032.9	1383.0	4.4318	2.5219	3.4053	867.29	-0.014968	2.8066e-05	0.10601	supercritical
513.69	675.00	192.47	0.0051957	1035.7	1386.4	4.4384	2.5253	3.4076	867.19	-0.014975	2.8055e-05	0.10611	supercritical
514.69	675.00	192.13	0.0052049	1038.5	1389.8	4.4450	2.5287	3.4098	867.10	-0.014982	2.8045e-05	0.10621	supercritical
515.69	675.00	191.79	0.0052140	1041.3	1393.2	4.4517	2.5321	3.4121	867.01	-0.014989	2.8035e-05	0.10632	supercritical
516.69	675.00	191.46	0.0052231	1044.1	1396.6	4.4583	2.5355	3.4143	866.92	-0.014996	2.8026e-05	0.10642	supercritical
517.69	675.00	191.12	0.0052322	1046.9	1400.1	4.4649	2.5390	3.4166	866.84	-0.015004	2.8016e-05	0.10652	supercritical
518.69	675.00	190.79	0.0052413	1049.7	1403.5	4.4715	2.5424	3.4189	866.76	-0.015011	2.8007e-05	0.10663	supercritical
519.69	675.00	190.46	0.0052504	1052.5	1406.9	4.4781	2.5458	3.4212	866.68	-0.015020	2.7998e-05	0.10674	supercritical
520.69	675.00	190.13	0.0052596	1055.3	1410.3	4.4846	2.5493	3.4234	866.61	-0.015028	2.7989e-05	0.10684	supercritical
521.69	675.00	189.80	0.0052687	1058.1	1413.7	4.4912	2.5527	3.4257	866.54	-0.015037	2.7980e-05	0.10695	supercritical
522.69	675.00	189.47	0.0052778	1060.9	1417.2	4.4978	2.5561	3.4280	866.47	-0.015046	2.7971e-05	0.10706	supercritical
523.69	675.00	189.15	0.0052869	1063.7	1420.6	4.5043	2.5595	3.4303	866.40	-0.015055	2.7963e-05	0.10717	supercritical
524.69	675.00	188.82	0.0052960	1066.6	1424.0	4.5109	2.5630	3.4326	866.34	-0.015064	2.7955e-05	0.10727	supercritical
525.69	675.00	188.50	0.0053051	1069.4	1427.5	4.5174	2.5664	3.4350	866.28	-0.015074	2.7947e-05	0.10738	supercritical
526.69	675.00	188.17	0.0053142	1072.2	1430.9	4.5239	2.5699	3.4373	866.23	-0.015084	2.7939e-05	0.10750	supercritical
527.69	675.00	187.85	0.0053233	1075.0	1434.3	4.5305	2.5733	3.4396	866.17	-0.015094	2.7931e-05	0.10761	supercritical
528.69	675.00	187.53	0.0053324	1077.8	1437.8	4.5370	2.5767	3.4419	866.12	-0.015105	2.7924e-05	0.10772	supercritical
529.69	675.00	187.21	0.0053415	1080.7	1441.2	4.5435	2.5802	3.4443	866.07	-0.015115	2.7916e-05	0.10783	supercritical
530.69	675.00	186.89	0.0053506	1083.5	1444.7	4.5500	2.5836	3.4466	866.03	-0.015126	2.7909e-05	0.10794	supercritical
531.69	675.00	186.58	0.0053597	1086.3	1448.1	4.5565	2.5870	3.4489	865.99	-0.015138	2.7902e-05	0.10806	supercritical
532.69	675.00	186.26	0.0053688	1089.2	1451.6	4.5629	2.5905	3.4513	865.95	-0.015149	2.7895e-05	0.10817	supercritical
533.69	675.00	185.95	0.0053779	1092.0	1455.0	4.5694	2.5939	3.4536	865.91	-0.015161	2.7889e-05	0.10829	supercritical
534.69	675.00	185.63	0.0053870	1094.9	1458.5	4.5759	2.5974	3.4560	865.88	-0.015172	2.7882e-05	0.10840	supercritical
535.69	675.00	185.32	0.0053961	1097.7	1461.9	4.5824	2.6008	3.4584	865.85	-0.015184	2.7876e-05	0.10852	supercritical
536.69	675.00	185.01	0.0054052	1100.5	1465.4	4.5888	2.6042	3.4607	865.82	-0.015197	2.7870e-05	0.10863	supercritical
537.69	675.00	184.70	0.0054143	1103.4	1468.9	4.5952	2.6077	3.4631	865.79	-0.015209	2.7864e-05	0.10875	supercritical
538.69	675.00	184.39	0.0054234	1106.2	1472.3	4.6017	2.6111	3.4655	865.77	-0.015222	2.7858e-05	0.10887	supercritical
539.69	675.00	184.08	0.0054325	1109.1	1475.8	4.6081	2.6146	3.4679	865.75	-0.015235	2.7852e-05	0.10899	supercritical
540.69	675.00	183.77	0.0054416	1111.9	1479.3	4.6145	2.6180	3.4703	865.73	-0.015248	2.7847e-05	0.10910	supercritical
541.69	675.00	183.46	0.0054506	1114.8	1482.7	4.6209	2.6215	3.4727	865.71	-0.015261	2.7841e-05	0.10922	supercritical
542.69	675.00	183.16	0.0054597	1117.7	1486.2	4.6274	2.6249	3.4751	865.70	-0.015274	2.7836e-05	0.10934	supercritical
543.69	675.00	182.86	0.0054688	1120.5	1489.7	4.6338	2.6283	3.4775	865.69	-0.015288	2.7831e-05	0.10946	supercritical
544.69	675.00	182.55	0.0054779	1123.4	1493.2	4.6401	2.6318	3.4799	865.68	-0.015302	2.7826e-05	0.10959	supercritical
545.69	675.00	182.25	0.0054870	1126.3	1496.6	4.6465	2.6352	3.4823	865.67	-0.015316	2.7821e-05	0.10971	supercritical
546.69	675.00	181.95	0.0054960	1129.1	1500.1	4.6529	2.6387	3.4847	865.67	-0.015330	2.7817e-05	0.10983	supercritical
547.69	675.00	181.65	0.0055051	1132.0	1503.6	4.6593	2.6421	3.4871	865.67	-0.015344	2.7812e-05	0.10995	supercritical
548.69	675.00	181.35	0.0055142	1134.9	1507.1	4.6656	2.6456	3.4895	865.67	-0.015359	2.7808e-05	0.11008	supercritical
549.69	675.00	181.05	0.0055233	1137.8	1510.6	4.6720	2.6490	3.4920	865.67	-0.015374	2.7804e-05	0.11020	supercritical
550.69	675.00	180.76	0.0055323	1140.6	1514.1	4.6784	2.6525	3.4944	865.68	-0.015388	2.7800e-05	0.11032	supercritical
551.69	675.00	180.46	0.0055414	1143.5	1517.6	4.6847	2.6559	3.4968	865.69	-0.015403	2.7796e-05	0.11045	supercritical
552.69	675.00	180.17	0.0055505	1146.4	1521.1	4.6910	2.6594	3.4993	865.70	-0.015419	2.7792e-05	0.11057	supercritical
553.69	675.00	179.87	0.0055595	1149.3	1524.6	4.6974	2.6628	3.5017	865.71	-0.015434	2.7788e-05	0.11070	supercritical
554.69	675.00	179.58	0.0055686	1152.2	1528.1	4.7037	2.6663	3.5042	865.73	-0.015449	2.7785e-05	0.11083	supercritical
555.69	675.00	179.29	0.0055777	1155.1	1531.6	4.7100	2.6697	3.5066	865.74	-0.015465	2.7782e-05	0.11095	supercritical
556.69	675.00	179.00	0.0055867	1158.0	1535.1	4.7163	2.6732	3.5091	865.76	-0.015481	2.7778e-05	0.11108	supercritical
557.69	675.00	178.71	0.0055958	1160.9	1538.6	4.7226	2.6766	3.5115	865.79	-0.015497	2.7775e-05	0.11121	supercritical
558.69	675.00	178.42	0.0056048	1163.8	1542.1	4.7289	2.6801	3.5140	865.81	-0.015513	2.7772e-05	0.11134	supercritical
559.69	675.00	178.13	0.0056139	1166.7	1545.6	4.7352	2.6835	3.5165	865.84	-0.015529	2.7770e-05	0.11147	supercritical
560.69	675.00	177.84	0.0056229	1169.6	1549.1	4.7415	2.6870	3.5190	865.86	-0.015545	2.7767e-05	0.11160	supercritical
561.69	675.00	177.56	0.0056320	1172.5	1552.7	4.7477	2.6904	3.5214	865.89	-0.015562	2.7764e-05	0.11173	supercritical
562.69	675.00	177.27	0.0056410	1175.4	1556.2	4.7540	2.6939	3.5239	865.93	-0.015578	2.7762e-05	0.11186	supercritical
563.69	675.00	176.99	0.0056501	1178.3	1559.7	4.7603	2.6973	3.5264	865.96	-0.015595	2.7760e-05	0.11199	supercritical
564.69	675.00	176.71	0.0056591	1181.2	1563.2	4.7665	2.7007	3.5289	866.00	-0.015612	2.7758e-05	0.11212	supercritical
565.69	675.00	176.42	0.0056682	1184.2	1566.8	4.7728	2.7042	3.5314	866.04	-0.015629	2.7756e-05	0.11225	supercritical
566.69	675.00	176.14	0.0056772	1187.1	1570.3	4.7790	2.7076	3.5339	866.08	-0.015646	2.7754e-05	0.11239	supercritical
567.69	675.00	175.86	0.0056863	1190.0	1573.8	4.7852	2.7111	3.5364	866.12	-0.015663	2.7752e-05	0.11252	supercritical
568.69	675.00	175.58	0.0056953	1192.9	1577.4	4.7914	2.7145	3.5389	866.16	-0.015681	2.7750e-05	0.11265	supercritical
569.69	675.00	175.30	0.0057043	1195.9	1580.9	4.7977	2.7180	3.5414	866.21	-0.015698	2.7749e-05	0.11279	supercritical
570.69	675.00	175.03	0.0057134	1198.8	1584.5	4.8039	2.7214	3.5439	866.26	-0.015716	2.7747e-05	0.11292	supercritical
571.69	675.00	174.75	0.0057224	1201.7	1588.0	4.8101	2.7249	3.5464	866.31	-0.015733	2.7746e-05	0.11306	supercritical
572.69	675.00	174.48	0.0057314	1204.7	1591.5	4.8163	2.7283	3.5489	866.36	-0.015751	2.7745e-05	0.11319	supercritical
573.69	675.00	174.20	0.0057405	1207.6	1595.1	4.8225	2.7318	3.5515	866.42	-0.015769	2.7744e-05	0.11333	supercritical
574.69	675.00	173.93	0.0057495	1210.6	1598.7	4.8287	2.7352	3.5540	866.47	-0.015787	2.7743e-05	0.11346	supercritical
575.69	675.00	173.66	0.0057585	1213.5	1602.2	4.8349	2.7387	3.5565	866.53	-0.015805	2.7742e-05	0.11360	supercritical
576.69	675.00	173.38	0.0057676	1216.5	1605.8	4.8410	2.7421	3.5590	866.59	-0.015823	2.7741e-05	0.11374	supercritical
577.69	675.00	173.11	0.0057766	1219.4	1609.3	4.8472	2.7455	3.5616	866.65	-0.015842	2.7741e-05	0.11388	supercritical
578.69	675.00	172.84	0.0057856	1222.4	1612.9	4.8534	2.7490	3.5641	866.72	-0.015860	2.7740e-05	0.11402	supercritical
579.69	675.00	172.57	0.0057946	1225.3	1616.5	4.8595	2.7524	3.5667	866.78	-0.015879	2.7740e-05	0.11415	supercritical
580.69	675.00	172.31	0.0058036	1228.3	1620.0	4.8657	2.7559	3.5692	866.85	-0.015897	2.7740e-05	0.11429	supercritical
581.69	675.00	172.04	0.0058127	1231.2	1623.6	4.8718	2.7593	3.5717	866.92	-0.015916	2.7740e-05	0.11443	supercritical
582.69	675.00	171.77	0.0058217	1234.2	1627.2	4.8779	2.7628	3.5743	866.99	-0.015934	2.7740e-05	0.11457	supercritical
583.69	675.00	171.51	0.0058307	1237.2	1630.7	4.8841	2.7662	3.5768	867.06	-0.015953	2.7740e-05	0.11471	supercritical
584.69	675.00	171.24	0.0058397	1240.1	1634.3	4.8902	2.7696	3.5794	867.14	-0.015972	2.7740e-05	0.11486	supercritical
585.69	675.00	170.98	0.0058487	1243.1	1637.9	4.8963	2.7731	3.5820	867.21	-0.015991	2.7740e-05	0.11500	supercritical
586.69	675.00	170.71	0.0058577	1246.1	1641.5	4.9024	2.7765	3.5845	867.29	-0.016010	2.7741e-05	0.11514	supercritical
587.69	675.00	170.45	0.0058667	1249.1	1645.1	4.9085	2.7799	3.5871	867.37	-0.016029	2.7741e-05	0.11528	supercritical
588.69	675.00	170.19	0.0058757	1252.0	1648.7	4.9146	2.7834	3.5897	867.45	-0.016049	2.7742e-05	0.11542	supercritical
589.69	675.00	169.93	0.0058847	1255.0	1652.2	4.9207	2.7868	3.5922	867.53	-0.016068	2.7743e-05	0.11557	supercritical
590.69	675.00	169.67	0.0058937	1258.0	1655.8	4.9268	2.7903	3.5948	867.62	-0.016087	2.7744e-05	0.11571	supercritical
591.69	675.00	169.41	0.0059027	1261.0	1659.4	4.9329	2.7937	3.5974	867.70	-0.016107	2.7745e-05	0.11585	supercritical
592.69	675.00	169.16	0.0059117	1264.0	1663.0	4.9390	2.7971	3.6000	867.79	-0.016126	2.7746e-05	0.11600	supercritical
593.69	675.00	168.90	0.0059207	1267.0	1666.6	4.9451	2.8006	3.6026	867.88	-0.016146	2.7747e-05	0.11614	supercritical
594.69	675.00	168.64	0.0059297	1270.0	1670.2	4.9511	2.8040	3.6051	867.97	-0.016165	2.7748e-05	0.11629	supercritical
595.69	675.00	168.39	0.0059387	1273.0	1673.8	4.9572	2.8074	3.6077	868.06	-0.016185	2.7749e-05	0.11644	supercritical
596.69	675.00	168.13	0.0059477	1276.0	1677.5	4.9632	2.8109	3.6103	868.15	-0.016205	2.7751e-05	0.11658	supercritical
597.69	675.00	167.88	0.0059567	1279.0	1681.1	4.9693	2.8143	3.6129	868.25	-0.016225	2.7752e-05	0.11673	supercritical
598.69	675.00	167.63	0.0059657	1282.0	1684.7	4.9753	2.8177	3.6155	868.35	-0.016245	2.7754e-05	0.11688	supercritical
599.69	675.00	167.37	0.0059746	1285.0	1688.3	4.9814	2.8211	3.6181	868.45	-0.016264	2.7756e-05	0.11702	supercritical
600.69	675.00	167.12	0.0059836	1288.0	1691.9	4.9874	2.8246	3.6207	868.55	-0.016284	2.7758e-05	0.11717	supercritical
601.69	675.00	166.87	0.0059926	1291.0	1695.5	4.9934	2.8280	3.6233	868.65	-0.016305	2.7759e-05	0.11732	supercritical
602.69	675.00	166.62	0.0060016	1294.1	1699.2	4.9994	2.8314	3.6259	868.75	-0.016325	2.7761e-05	0.11747	supercritical
603.69	675.00	166.37	0.0060105	1297.1	1702.8	5.0054	2.8349	3.6285	868.85	-0.016345	2.7764e-05	0.11762	supercritical
604.69	675.00	166.13	0.0060195	1300.1	1706.4	5.0114	2.8383	3.6311	868.96	-0.016365	2.7766e-05	0.11777	supercritical
605.69	675.00	165.88	0.0060285	1303.1	1710.1	5.0175	2.8417	3.6338	869.07	-0.016385	2.7768e-05	0.11792	supercritical
606.69	675.00	165.63	0.0060375	1306.2	1713.7	5.0234	2.8451	3.6364	869.18	-0.016405	2.7770e-05	0.11807	supercritical
607.69	675.00	165.39	0.0060464	1309.2	1717.3	5.0294	2.8485	3.6390	869.29	-0.016426	2.7773e-05	0.11822	supercritical
608.69	675.00	165.14	0.0060554	1312.2	1721.0	5.0354	2.8520	3.6416	869.40	-0.016446	2.7776e-05	0.11837	supercritical
609.69	675.00	164.90	0.0060644	1315.3	1724.6	5.0414	2.8554	3.6442	869.51	-0.016466	2.7778e-05	0.11852	supercritical
610.69	675.00	164.65	0.0060733	1318.3	1728.3	5.0474	2.8588	3.6469	869.62	-0.016487	2.7781e-05	0.11867	supercritical
611.69	675.00	164.41	0.0060823	1321.4	1731.9	5.0533	2.8622	3.6495	869.74	-0.016507	2.7784e-05	0.11882	supercritical
612.69	675.00	164.17	0.0060912	1324.4	1735.6	5.0593	2.8656	3.6521	869.86	-0.016528	2.7787e-05	0.11898	supercritical
613.69	675.00	163.93	0.0061002	1327.4	1739.2	5.0653	2.8691	3.6548	869.98	-0.016548	2.7790e-05	0.11913	supercritical
614.69	675.00	163.69	0.0061091	1330.5	1742.9	5.0712	2.8725	3.6574	870.10	-0.016569	2.7793e-05	0.11928	supercritical
615.69	675.00	163.45	0.0061181	1333.6	1746.5	5.0772	2.8759	3.6600	870.22	-0.016590	2.7796e-05	0.11944	supercritical
616.69	675.00	163.21	0.0061270	1336.6	1750.2	5.0831	2.8793	3.6627	870.34	-0.016610	2.7799e-05	0.11959	supercritical
617.69	675.00	162.97	0.0061360	1339.7	1753.8	5.0890	2.8827	3.6653	870.46	-0.016631	2.7803e-05	0.11974	supercritical
618.69	675.00	162.74	0.0061449	1342.7	1757.5	5.0950	2.8861	3.6679	870.59	-0.016652	2.7806e-05	0.11990	supercritical
619.69	675.00	162.50	0.0061539	1345.8	1761.2	5.1009	2.8895	3.6706	870.71	-0.016672	2.7810e-05	0.12005	supercritical
620.69	675.00	162.26	0.0061628	1348.9	1764.9	5.1068	2.8929	3.6732	870.84	-0.016693	2.7813e-05	0.12021	supercritical
621.69	675.00	162.03	0.0061718	1351.9	1768.5	5.1127	2.8963	3.6759	870.97	-0.016714	2.7817e-05	0.12037	supercritical
622.69	675.00	161.79	0.0061807	1355.0	1772.2	5.1186	2.8997	3.6785	871.10	-0.016735	2.7821e-05	0.12052	supercritical
623.69	675.00	161.56	0.0061896	1358.1	1775.9	5.1246	2.9032	3.6812	871.23	-0.016755	2.7824e-05	0.12068	supercritical
624.69	675.00	161.33	0.0061986	1361.2	1779.6	5.1305	2.9066	3.6838	871.36	-0.016776	2.7828e-05	0.12084	supercritical