Temperature (K)	Pressure (bar)	Density (kg/m3)	Volume (m3/kg)	Internal Energy (kJ/kg)	Enthalpy (kJ/kg)	Entropy (J/g*K)	Cv (J/g*K)	Cp (J/g*K)	Sound Spd. (m/s)	Joule-Thomson (K/bar)	Viscosity (Pa*s)	Therm. Cond. (W/m*K)	Phase
90.694	5.0000	451.79	0.0022134	-72.134	-71.027	-0.71312	2.1690	3.3651	1541.9	-0.048275	0.00019545	0.21162	liquid
91.694	5.0000	450.47	0.0022199	-68.770	-67.660	-0.67620	2.1625	3.3684	1532.9	-0.048061	0.00018958	0.21044	liquid
92.694	5.0000	449.13	0.0022265	-65.404	-64.290	-0.63965	2.1562	3.3720	1523.8	-0.047837	0.00018409	0.20924	liquid
93.694	5.0000	447.80	0.0022332	-62.033	-60.916	-0.60344	2.1501	3.3759	1514.6	-0.047605	0.00017893	0.20802	liquid
94.694	5.0000	446.45	0.0022399	-58.658	-57.538	-0.56758	2.1442	3.3800	1505.4	-0.047363	0.00017407	0.20679	liquid
95.694	5.0000	445.11	0.0022467	-55.280	-54.156	-0.53205	2.1384	3.3842	1496.2	-0.047113	0.00016947	0.20554	liquid
96.694	5.0000	443.75	0.0022535	-51.897	-50.770	-0.49685	2.1328	3.3887	1486.9	-0.046853	0.00016511	0.20428	liquid
97.694	5.0000	442.40	0.0022604	-48.509	-47.379	-0.46196	2.1272	3.3934	1477.5	-0.046585	0.00016096	0.20300	liquid
98.694	5.0000	441.03	0.0022674	-45.117	-43.983	-0.42737	2.1218	3.3982	1468.1	-0.046308	0.00015700	0.20171	liquid
99.694	5.0000	439.66	0.0022745	-41.720	-40.582	-0.39309	2.1165	3.4033	1458.6	-0.046022	0.00015322	0.20041	liquid
100.69	5.0000	438.28	0.0022816	-38.317	-37.176	-0.35910	2.1112	3.4085	1449.1	-0.045727	0.00014960	0.19910	liquid
101.69	5.0000	436.90	0.0022888	-34.910	-33.765	-0.32539	2.1060	3.4138	1439.6	-0.045422	0.00014612	0.19778	liquid
102.69	5.0000	435.51	0.0022961	-31.497	-30.349	-0.29196	2.1009	3.4193	1430.0	-0.045108	0.00014278	0.19645	liquid
103.69	5.0000	434.12	0.0023035	-28.078	-26.927	-0.25879	2.0959	3.4250	1420.3	-0.044784	0.00013956	0.19511	liquid
104.69	5.0000	432.72	0.0023110	-24.654	-23.499	-0.22589	2.0909	3.4308	1410.6	-0.044449	0.00013646	0.19376	liquid
105.69	5.0000	431.31	0.0023185	-21.224	-20.065	-0.19325	2.0860	3.4369	1400.9	-0.044105	0.00013346	0.19240	liquid
106.69	5.0000	429.89	0.0023262	-17.788	-16.625	-0.16086	2.0811	3.4430	1391.1	-0.043750	0.00013057	0.19104	liquid
107.69	5.0000	428.47	0.0023339	-14.346	-13.179	-0.12871	2.0763	3.4494	1381.3	-0.043383	0.00012776	0.18966	liquid
108.69	5.0000	427.03	0.0023417	-10.897	-9.7261	-0.096798	2.0715	3.4559	1371.5	-0.043006	0.00012505	0.18828	liquid
109.69	5.0000	425.59	0.0023497	-7.4417	-6.2669	-0.065118	2.0668	3.4626	1361.6	-0.042616	0.00012241	0.18690	liquid
110.69	5.0000	424.15	0.0023577	-3.9797	-2.8009	-0.033664	2.0621	3.4695	1351.6	-0.042214	0.00011986	0.18551	liquid
111.69	5.0000	422.69	0.0023658	-0.51073	0.67217	-0.0024300	2.0574	3.4766	1341.7	-0.041799	0.00011737	0.18411	liquid
112.69	5.0000	421.23	0.0023740	2.9654	4.1524	0.028590	2.0528	3.4839	1331.6	-0.041371	0.00011496	0.18271	liquid
113.69	5.0000	419.75	0.0023823	6.4488	7.6400	0.059401	2.0483	3.4914	1321.5	-0.040929	0.00011261	0.18130	liquid
114.69	5.0000	418.27	0.0023908	9.9399	11.135	0.090009	2.0438	3.4991	1311.4	-0.040473	0.00011032	0.17989	liquid
115.69	5.0000	416.78	0.0023993	13.439	14.638	0.12042	2.0393	3.5071	1301.3	-0.040002	0.00010810	0.17847	liquid
116.69	5.0000	415.28	0.0024080	16.945	18.149	0.15064	2.0348	3.5153	1291.0	-0.039515	0.00010593	0.17705	liquid
117.69	5.0000	413.77	0.0024168	20.461	21.669	0.18067	2.0304	3.5237	1280.8	-0.039012	0.00010381	0.17563	liquid
118.69	5.0000	412.25	0.0024257	23.984	25.197	0.21052	2.0261	3.5325	1270.5	-0.038491	0.00010175	0.17420	liquid
119.69	5.0000	410.72	0.0024348	27.517	28.734	0.24019	2.0218	3.5415	1260.1	-0.037953	9.9735e-05	0.17277	liquid
120.69	5.0000	409.17	0.0024439	31.058	32.280	0.26970	2.0175	3.5508	1249.7	-0.037396	9.7769e-05	0.17134	liquid
121.69	5.0000	407.62	0.0024533	34.609	35.836	0.29903	2.0133	3.5604	1239.2	-0.036820	9.5849e-05	0.16990	liquid
122.69	5.0000	406.05	0.0024627	38.170	39.401	0.32821	2.0091	3.5703	1228.7	-0.036223	9.3974e-05	0.16846	liquid
123.69	5.0000	404.48	0.0024723	41.740	42.976	0.35723	2.0049	3.5806	1218.1	-0.035605	9.2141e-05	0.16702	liquid
124.69	5.0000	402.89	0.0024821	45.321	46.562	0.38611	2.0009	3.5912	1207.4	-0.034965	9.0349e-05	0.16558	liquid
125.69	5.0000	401.28	0.0024920	48.913	50.159	0.41484	1.9968	3.6023	1196.7	-0.034301	8.8597e-05	0.16413	liquid
126.69	5.0000	399.67	0.0025021	52.516	53.767	0.44343	1.9928	3.6137	1186.0	-0.033612	8.6883e-05	0.16268	liquid
127.69	5.0000	398.04	0.0025123	56.130	57.386	0.47188	1.9888	3.6255	1175.1	-0.032898	8.5206e-05	0.16123	liquid
128.69	5.0000	396.39	0.0025227	59.757	61.018	0.50021	1.9849	3.6378	1164.2	-0.032156	8.3565e-05	0.15978	liquid
129.69	5.0000	394.73	0.0025334	63.396	64.662	0.52842	1.9811	3.6506	1153.3	-0.031385	8.1959e-05	0.15832	liquid
130.69	5.0000	393.06	0.0025441	67.047	68.320	0.55651	1.9773	3.6639	1142.2	-0.030584	8.0386e-05	0.15686	liquid
131.69	5.0000	391.37	0.0025551	70.713	71.990	0.58449	1.9735	3.6778	1131.1	-0.029751	7.8845e-05	0.15540	liquid
132.69	5.0000	389.66	0.0025663	74.392	75.675	0.61237	1.9699	3.6922	1119.9	-0.028885	7.7336e-05	0.15394	liquid
133.69	5.0000	387.94	0.0025778	78.086	79.375	0.64014	1.9662	3.7072	1108.6	-0.027983	7.5857e-05	0.15248	liquid
134.69	5.0000	386.19	0.0025894	81.795	83.090	0.66783	1.9627	3.7228	1097.2	-0.027043	7.4407e-05	0.15101	liquid
135.35	5.0000	385.04	0.0025972	84.241	85.540	0.68597	1.9603	3.7335	1089.7	-0.026404	7.3470e-05	0.15005	liquid
135.35	5.0000	8.0016	0.12497	481.31	543.79	4.0716	1.6959	2.5127	284.96	2.0905	5.2041e-06	0.015195	vapor
135.69	5.0000	7.9730	0.12542	481.94	544.66	4.0780	1.6928	2.5054	285.52	2.0767	5.2198e-06	0.015221	vapor
136.69	5.0000	7.8910	0.12673	483.79	547.15	4.0963	1.6848	2.4857	287.13	2.0380	5.2650e-06	0.015298	vapor
137.69	5.0000	7.8113	0.12802	485.62	549.63	4.1144	1.6778	2.4681	288.71	2.0013	5.3097e-06	0.015378	vapor
138.69	5.0000	7.7338	0.12930	487.44	552.09	4.1322	1.6716	2.4522	290.27	1.9663	5.3538e-06	0.015461	vapor
139.69	5.0000	7.6582	0.13058	489.24	554.53	4.1497	1.6661	2.4376	291.81	1.9329	5.3975e-06	0.015546	vapor
140.69	5.0000	7.5845	0.13185	491.04	556.96	4.1671	1.6611	2.4243	293.33	1.9008	5.4408e-06	0.015634	vapor
141.69	5.0000	7.5127	0.13311	492.83	559.38	4.1842	1.6566	2.4119	294.83	1.8700	5.4838e-06	0.015724	vapor
142.69	5.0000	7.4425	0.13436	494.61	561.79	4.2011	1.6525	2.4004	296.31	1.8403	5.5264e-06	0.015815	vapor
143.69	5.0000	7.3740	0.13561	496.38	564.18	4.2178	1.6487	2.3897	297.78	1.8116	5.5688e-06	0.015909	vapor
144.69	5.0000	7.3071	0.13685	498.14	566.57	4.2344	1.6452	2.3796	299.22	1.7839	5.6109e-06	0.016004	vapor
145.69	5.0000	7.2417	0.13809	499.90	568.94	4.2507	1.6420	2.3701	300.66	1.7571	5.6527e-06	0.016100	vapor
146.69	5.0000	7.1777	0.13932	501.65	571.31	4.2669	1.6389	2.3612	302.07	1.7310	5.6944e-06	0.016198	vapor
147.69	5.0000	7.1151	0.14055	503.39	573.66	4.2829	1.6361	2.3527	303.48	1.7057	5.7358e-06	0.016297	vapor
148.69	5.0000	7.0538	0.14177	505.13	576.01	4.2988	1.6334	2.3447	304.87	1.6811	5.7770e-06	0.016397	vapor
149.69	5.0000	6.9938	0.14298	506.86	578.35	4.3145	1.6309	2.3370	306.24	1.6572	5.8181e-06	0.016498	vapor
150.69	5.0000	6.9351	0.14419	508.59	580.69	4.3300	1.6285	2.3298	307.61	1.6339	5.8589e-06	0.016600	vapor
151.69	5.0000	6.8775	0.14540	510.31	583.01	4.3454	1.6263	2.3228	308.96	1.6113	5.8997e-06	0.016703	vapor
152.69	5.0000	6.8210	0.14661	512.03	585.33	4.3606	1.6241	2.3162	310.30	1.5892	5.9402e-06	0.016807	vapor
153.69	5.0000	6.7657	0.14780	513.74	587.65	4.3757	1.6221	2.3099	311.63	1.5676	5.9806e-06	0.016911	vapor
154.69	5.0000	6.7114	0.14900	515.45	589.95	4.3907	1.6202	2.3038	312.95	1.5466	6.0209e-06	0.017017	vapor
155.69	5.0000	6.6582	0.15019	517.16	592.25	4.4055	1.6183	2.2980	314.26	1.5261	6.0610e-06	0.017123	vapor
156.69	5.0000	6.6059	0.15138	518.86	594.55	4.4202	1.6166	2.2924	315.56	1.5061	6.1011e-06	0.017229	vapor
157.69	5.0000	6.5546	0.15256	520.56	596.84	4.4348	1.6149	2.2871	316.85	1.4866	6.1409e-06	0.017337	vapor
158.69	5.0000	6.5042	0.15375	522.25	599.12	4.4492	1.6133	2.2820	318.13	1.4675	6.1807e-06	0.017444	vapor
159.69	5.0000	6.4548	0.15492	523.94	601.40	4.4635	1.6118	2.2771	319.39	1.4488	6.2204e-06	0.017553	vapor
160.69	5.0000	6.4062	0.15610	525.63	603.68	4.4777	1.6104	2.2724	320.65	1.4306	6.2599e-06	0.017661	vapor
161.69	5.0000	6.3584	0.15727	527.31	605.95	4.4918	1.6090	2.2678	321.91	1.4127	6.2994e-06	0.017771	vapor
162.69	5.0000	6.3115	0.15844	528.99	608.21	4.5058	1.6077	2.2635	323.15	1.3953	6.3388e-06	0.017880	vapor
163.69	5.0000	6.2654	0.15961	530.67	610.47	4.5196	1.6065	2.2593	324.38	1.3782	6.3780e-06	0.017990	vapor
164.69	5.0000	6.2200	0.16077	532.35	612.73	4.5334	1.6053	2.2553	325.61	1.3616	6.4172e-06	0.018101	vapor
165.69	5.0000	6.1754	0.16193	534.02	614.98	4.5470	1.6042	2.2514	326.82	1.3452	6.4562e-06	0.018212	vapor
166.69	5.0000	6.1315	0.16309	535.69	617.23	4.5606	1.6032	2.2477	328.03	1.3292	6.4952e-06	0.018323	vapor
167.69	5.0000	6.0883	0.16425	537.36	619.48	4.5740	1.6021	2.2441	329.24	1.3136	6.5341e-06	0.018435	vapor
168.69	5.0000	6.0459	0.16540	539.02	621.72	4.5873	1.6012	2.2407	330.43	1.2982	6.5729e-06	0.018546	vapor
169.69	5.0000	6.0040	0.16655	540.68	623.96	4.6006	1.6003	2.2374	331.62	1.2832	6.6116e-06	0.018659	vapor
170.69	5.0000	5.9629	0.16770	542.35	626.20	4.6137	1.5994	2.2342	332.80	1.2685	6.6503e-06	0.018771	vapor
171.69	5.0000	5.9224	0.16885	544.00	628.43	4.6268	1.5986	2.2311	333.97	1.2541	6.6889e-06	0.018884	vapor
172.69	5.0000	5.8825	0.17000	545.66	630.66	4.6397	1.5979	2.2282	335.13	1.2400	6.7274e-06	0.018997	vapor
173.69	5.0000	5.8432	0.17114	547.32	632.89	4.6526	1.5971	2.2253	336.29	1.2261	6.7658e-06	0.019111	vapor
174.69	5.0000	5.8045	0.17228	548.97	635.11	4.6653	1.5965	2.2226	337.44	1.2125	6.8041e-06	0.019225	vapor
175.69	5.0000	5.7663	0.17342	550.62	637.33	4.6780	1.5958	2.2199	338.59	1.1992	6.8424e-06	0.019339	vapor
176.69	5.0000	5.7287	0.17456	552.27	639.55	4.6906	1.5952	2.2174	339.73	1.1861	6.8806e-06	0.019453	vapor
177.69	5.0000	5.6917	0.17569	553.92	641.77	4.7031	1.5947	2.2150	340.86	1.1733	6.9187e-06	0.019568	vapor
178.69	5.0000	5.6552	0.17683	555.57	643.98	4.7155	1.5941	2.2126	341.99	1.1607	6.9568e-06	0.019683	vapor
179.69	5.0000	5.6192	0.17796	557.21	646.19	4.7279	1.5937	2.2103	343.11	1.1484	6.9948e-06	0.019799	vapor
180.69	5.0000	5.5837	0.17909	558.86	648.40	4.7401	1.5932	2.2082	344.22	1.1362	7.0327e-06	0.019915	vapor
181.69	5.0000	5.5487	0.18022	560.50	650.61	4.7523	1.5928	2.2061	345.33	1.1243	7.0706e-06	0.020031	vapor
182.69	5.0000	5.5142	0.18135	562.14	652.81	4.7644	1.5924	2.2041	346.43	1.1126	7.1084e-06	0.020148	vapor
183.69	5.0000	5.4802	0.18247	563.78	655.02	4.7764	1.5921	2.2021	347.53	1.1011	7.1461e-06	0.020265	vapor
184.69	5.0000	5.4466	0.18360	565.42	657.22	4.7884	1.5917	2.2003	348.62	1.0898	7.1838e-06	0.020383	vapor
185.69	5.0000	5.4135	0.18472	567.06	659.42	4.8003	1.5915	2.1985	349.70	1.0788	7.2214e-06	0.020502	vapor
186.69	5.0000	5.3808	0.18584	568.69	661.61	4.8121	1.5912	2.1968	350.78	1.0679	7.2590e-06	0.020622	vapor
187.69	5.0000	5.3486	0.18696	570.33	663.81	4.8238	1.5910	2.1951	351.86	1.0571	7.2965e-06	0.020743	vapor
188.69	5.0000	5.3168	0.18808	571.96	666.00	4.8355	1.5908	2.1935	352.93	1.0466	7.3339e-06	0.020867	vapor
189.69	5.0000	5.2854	0.18920	573.60	668.20	4.8470	1.5906	2.1920	353.99	1.0362	7.3713e-06	0.020995	vapor
190.69	5.0000	5.2544	0.19032	575.23	670.39	4.8586	1.5905	2.1906	355.05	1.0260	7.4086e-06	0.021128	vapor
191.69	5.0000	5.2237	0.19143	576.86	672.58	4.8700	1.5904	2.1892	356.10	1.0160	7.4458e-06	0.021215	vapor
192.69	5.0000	5.1935	0.19255	578.49	674.77	4.8814	1.5903	2.1878	357.15	1.0061	7.4830e-06	0.021316	vapor
193.69	5.0000	5.1637	0.19366	580.12	676.95	4.8927	1.5903	2.1866	358.20	0.99644	7.5202e-06	0.021421	vapor
194.69	5.0000	5.1342	0.19477	581.75	679.14	4.9040	1.5903	2.1853	359.24	0.98689	7.5573e-06	0.021527	vapor
195.69	5.0000	5.1051	0.19588	583.38	681.33	4.9152	1.5903	2.1842	360.27	0.97749	7.5943e-06	0.021635	vapor
196.69	5.0000	5.0763	0.19699	585.01	683.51	4.9263	1.5903	2.1831	361.30	0.96823	7.6313e-06	0.021744	vapor
197.69	5.0000	5.0479	0.19810	586.64	685.69	4.9374	1.5904	2.1820	362.32	0.95912	7.6682e-06	0.021854	vapor
198.69	5.0000	5.0199	0.19921	588.27	687.87	4.9484	1.5905	2.1810	363.34	0.95014	7.7051e-06	0.021965	vapor
199.69	5.0000	4.9921	0.20031	589.90	690.05	4.9593	1.5906	2.1801	364.36	0.94130	7.7419e-06	0.022075	vapor
200.69	5.0000	4.9647	0.20142	591.52	692.23	4.9702	1.5907	2.1792	365.37	0.93259	7.7786e-06	0.022187	vapor
201.69	5.0000	4.9377	0.20252	593.15	694.41	4.9810	1.5909	2.1783	366.37	0.92401	7.8153e-06	0.022299	vapor
202.69	5.0000	4.9109	0.20363	594.78	696.59	4.9918	1.5911	2.1775	367.38	0.91556	7.8520e-06	0.022411	vapor
203.69	5.0000	4.8845	0.20473	596.40	698.77	5.0025	1.5913	2.1768	368.37	0.90723	7.8886e-06	0.022523	vapor
204.69	5.0000	4.8583	0.20583	598.03	700.94	5.0132	1.5915	2.1760	369.37	0.89901	7.9251e-06	0.022636	vapor
205.69	5.0000	4.8325	0.20693	599.65	703.12	5.0238	1.5918	2.1754	370.35	0.89092	7.9616e-06	0.022749	vapor
206.69	5.0000	4.8069	0.20803	601.28	705.29	5.0343	1.5921	2.1748	371.34	0.88294	7.9980e-06	0.022863	vapor
207.69	5.0000	4.7817	0.20913	602.90	707.47	5.0448	1.5924	2.1742	372.32	0.87507	8.0344e-06	0.022976	vapor
208.69	5.0000	4.7567	0.21023	604.53	709.64	5.0553	1.5927	2.1736	373.29	0.86731	8.0708e-06	0.023090	vapor
209.69	5.0000	4.7320	0.21133	606.15	711.82	5.0657	1.5931	2.1731	374.27	0.85966	8.1070e-06	0.023204	vapor
210.69	5.0000	4.7076	0.21242	607.78	713.99	5.0760	1.5934	2.1727	375.23	0.85211	8.1433e-06	0.023319	vapor
211.69	5.0000	4.6834	0.21352	609.40	716.16	5.0863	1.5938	2.1723	376.20	0.84467	8.1795e-06	0.023433	vapor
212.69	5.0000	4.6595	0.21461	611.03	718.33	5.0965	1.5943	2.1719	377.16	0.83732	8.2156e-06	0.023548	vapor
213.69	5.0000	4.6359	0.21571	612.65	720.50	5.1067	1.5947	2.1716	378.11	0.83007	8.2517e-06	0.023663	vapor
214.69	5.0000	4.6125	0.21680	614.28	722.68	5.1169	1.5952	2.1713	379.06	0.82292	8.2877e-06	0.023778	vapor
215.69	5.0000	4.5894	0.21789	615.90	724.85	5.1269	1.5957	2.1710	380.01	0.81586	8.3237e-06	0.023893	vapor
216.69	5.0000	4.5665	0.21899	617.53	727.02	5.1370	1.5962	2.1708	380.96	0.80889	8.3596e-06	0.024009	vapor
217.69	5.0000	4.5439	0.22008	619.15	729.19	5.1470	1.5968	2.1706	381.90	0.80201	8.3955e-06	0.024125	vapor
218.69	5.0000	4.5215	0.22117	620.78	731.36	5.1569	1.5973	2.1705	382.83	0.79522	8.4313e-06	0.024240	vapor
219.69	5.0000	4.4993	0.22226	622.40	733.53	5.1668	1.5979	2.1704	383.76	0.78851	8.4671e-06	0.024357	vapor
220.69	5.0000	4.4773	0.22335	624.03	735.70	5.1767	1.5985	2.1703	384.69	0.78189	8.5028e-06	0.024473	vapor
221.69	5.0000	4.4556	0.22444	625.65	737.87	5.1865	1.5992	2.1703	385.62	0.77535	8.5385e-06	0.024590	vapor
222.69	5.0000	4.4341	0.22552	627.28	740.04	5.1963	1.5998	2.1703	386.54	0.76889	8.5741e-06	0.024706	vapor
223.69	5.0000	4.4128	0.22661	628.91	742.21	5.2060	1.6005	2.1704	387.46	0.76251	8.6097e-06	0.024823	vapor
224.69	5.0000	4.3918	0.22770	630.53	744.38	5.2157	1.6012	2.1704	388.37	0.75621	8.6452e-06	0.024940	vapor
225.69	5.0000	4.3709	0.22878	632.16	746.55	5.2253	1.6020	2.1705	389.28	0.74998	8.6807e-06	0.025058	vapor
226.69	5.0000	4.3503	0.22987	633.79	748.72	5.2349	1.6027	2.1707	390.19	0.74383	8.7161e-06	0.025175	vapor
227.69	5.0000	4.3299	0.23095	635.42	750.89	5.2445	1.6035	2.1709	391.09	0.73775	8.7515e-06	0.025293	vapor
228.69	5.0000	4.3096	0.23204	637.05	753.06	5.2540	1.6043	2.1711	391.99	0.73174	8.7868e-06	0.025411	vapor
229.69	5.0000	4.2896	0.23312	638.67	755.24	5.2634	1.6051	2.1713	392.89	0.72580	8.8221e-06	0.025529	vapor
230.69	5.0000	4.2698	0.23421	640.30	757.41	5.2729	1.6059	2.1716	393.78	0.71993	8.8573e-06	0.025647	vapor
231.69	5.0000	4.2501	0.23529	641.93	759.58	5.2823	1.6068	2.1719	394.67	0.71413	8.8925e-06	0.025766	vapor
232.69	5.0000	4.2306	0.23637	643.57	761.75	5.2916	1.6077	2.1723	395.56	0.70840	8.9277e-06	0.025885	vapor
233.69	5.0000	4.2114	0.23745	645.20	763.92	5.3009	1.6086	2.1726	396.44	0.70273	8.9628e-06	0.026004	vapor
234.69	5.0000	4.1923	0.23853	646.83	766.10	5.3102	1.6095	2.1730	397.32	0.69712	8.9978e-06	0.026123	vapor
235.69	5.0000	4.1734	0.23961	648.46	768.27	5.3195	1.6105	2.1735	398.19	0.69158	9.0328e-06	0.026242	vapor
236.69	5.0000	4.1546	0.24069	650.10	770.44	5.3287	1.6115	2.1739	399.07	0.68609	9.0678e-06	0.026362	vapor
237.69	5.0000	4.1361	0.24177	651.73	772.62	5.3378	1.6125	2.1744	399.94	0.68067	9.1027e-06	0.026482	vapor
238.69	5.0000	4.1177	0.24285	653.37	774.79	5.3470	1.6135	2.1750	400.80	0.67531	9.1375e-06	0.026602	vapor
239.69	5.0000	4.0995	0.24393	655.00	776.97	5.3561	1.6145	2.1755	401.67	0.67001	9.1723e-06	0.026722	vapor
240.69	5.0000	4.0815	0.24501	656.64	779.14	5.3651	1.6156	2.1761	402.52	0.66476	9.2071e-06	0.026843	vapor
241.69	5.0000	4.0636	0.24609	658.28	781.32	5.3741	1.6167	2.1768	403.38	0.65957	9.2418e-06	0.026963	vapor
242.69	5.0000	4.0459	0.24717	659.91	783.50	5.3831	1.6178	2.1774	404.23	0.65443	9.2765e-06	0.027084	vapor
243.69	5.0000	4.0283	0.24824	661.55	785.67	5.3921	1.6189	2.1781	405.09	0.64935	9.3111e-06	0.027206	vapor
244.69	5.0000	4.0109	0.24932	663.19	787.85	5.4010	1.6201	2.1788	405.93	0.64433	9.3457e-06	0.027327	vapor
245.69	5.0000	3.9937	0.25039	664.83	790.03	5.4099	1.6213	2.1795	406.78	0.63935	9.3802e-06	0.027449	vapor
246.69	5.0000	3.9766	0.25147	666.48	792.21	5.4187	1.6225	2.1803	407.62	0.63443	9.4147e-06	0.027571	vapor
247.69	5.0000	3.9597	0.25255	668.12	794.39	5.4276	1.6237	2.1811	408.45	0.62956	9.4491e-06	0.027693	vapor
248.69	5.0000	3.9429	0.25362	669.76	796.57	5.4364	1.6249	2.1819	409.29	0.62474	9.4835e-06	0.027815	vapor
249.69	5.0000	3.9263	0.25469	671.41	798.76	5.4451	1.6262	2.1828	410.12	0.61997	9.5179e-06	0.027938	vapor
250.69	5.0000	3.9098	0.25577	673.06	800.94	5.4538	1.6275	2.1837	410.95	0.61524	9.5522e-06	0.028061	vapor
251.69	5.0000	3.8934	0.25684	674.70	803.12	5.4625	1.6288	2.1846	411.78	0.61057	9.5864e-06	0.028184	vapor
252.69	5.0000	3.8772	0.25792	676.35	805.31	5.4712	1.6301	2.1855	412.60	0.60594	9.6206e-06	0.028308	vapor
253.69	5.0000	3.8612	0.25899	678.00	807.50	5.4798	1.6315	2.1865	413.42	0.60136	9.6548e-06	0.028431	vapor
254.69	5.0000	3.8452	0.26006	679.65	809.68	5.4884	1.6328	2.1875	414.24	0.59682	9.6889e-06	0.028555	vapor
255.69	5.0000	3.8295	0.26113	681.30	811.87	5.4970	1.6342	2.1885	415.05	0.59233	9.7230e-06	0.028680	vapor
256.69	5.0000	3.8138	0.26221	682.96	814.06	5.5056	1.6357	2.1896	415.86	0.58788	9.7570e-06	0.028804	vapor
257.69	5.0000	3.7983	0.26328	684.61	816.25	5.5141	1.6371	2.1906	416.67	0.58348	9.7910e-06	0.028929	vapor
258.69	5.0000	3.7829	0.26435	686.27	818.44	5.5226	1.6386	2.1918	417.48	0.57912	9.8249e-06	0.029054	vapor
259.69	5.0000	3.7676	0.26542	687.92	820.63	5.5310	1.6400	2.1929	418.28	0.57480	9.8588e-06	0.029179	vapor
260.69	5.0000	3.7525	0.26649	689.58	822.83	5.5394	1.6415	2.1940	419.08	0.57052	9.8927e-06	0.029305	vapor
261.69	5.0000	3.7375	0.26756	691.24	825.02	5.5478	1.6431	2.1952	419.88	0.56628	9.9265e-06	0.029430	vapor
262.69	5.0000	3.7226	0.26863	692.90	827.22	5.5562	1.6446	2.1964	420.67	0.56209	9.9602e-06	0.029557	vapor
263.69	5.0000	3.7079	0.26970	694.56	829.41	5.5646	1.6462	2.1977	421.46	0.55793	9.9940e-06	0.029683	vapor
264.69	5.0000	3.6932	0.27077	696.23	831.61	5.5729	1.6478	2.1989	422.25	0.55382	1.0028e-05	0.029810	vapor
265.69	5.0000	3.6787	0.27184	697.89	833.81	5.5812	1.6494	2.2002	423.04	0.54974	1.0061e-05	0.029937	vapor
266.69	5.0000	3.6643	0.27290	699.56	836.01	5.5895	1.6510	2.2015	423.82	0.54570	1.0095e-05	0.030064	vapor
267.69	5.0000	3.6500	0.27397	701.23	838.21	5.5977	1.6527	2.2029	424.60	0.54170	1.0128e-05	0.030191	vapor
268.69	5.0000	3.6358	0.27504	702.90	840.42	5.6059	1.6543	2.2043	425.38	0.53773	1.0162e-05	0.030319	vapor
269.69	5.0000	3.6218	0.27611	704.57	842.62	5.6141	1.6560	2.2056	426.16	0.53380	1.0195e-05	0.030447	vapor
270.69	5.0000	3.6078	0.27718	706.24	844.83	5.6223	1.6577	2.2071	426.93	0.52991	1.0229e-05	0.030576	vapor
271.69	5.0000	3.5940	0.27824	707.92	847.04	5.6304	1.6595	2.2085	427.70	0.52605	1.0262e-05	0.030705	vapor
272.69	5.0000	3.5803	0.27931	709.59	849.25	5.6385	1.6612	2.2100	428.47	0.52223	1.0295e-05	0.030834	vapor
273.69	5.0000	3.5666	0.28038	711.27	851.46	5.6466	1.6630	2.2115	429.23	0.51845	1.0329e-05	0.030963	vapor
274.69	5.0000	3.5531	0.28144	712.95	853.67	5.6547	1.6648	2.2130	430.00	0.51469	1.0362e-05	0.031092	vapor
275.69	5.0000	3.5397	0.28251	714.63	855.88	5.6627	1.6666	2.2145	430.76	0.51098	1.0395e-05	0.031222	vapor
276.69	5.0000	3.5264	0.28357	716.31	858.10	5.6708	1.6685	2.2161	431.51	0.50729	1.0428e-05	0.031353	vapor
277.69	5.0000	3.5132	0.28464	718.00	860.32	5.6787	1.6703	2.2177	432.27	0.50364	1.0461e-05	0.031483	vapor
278.69	5.0000	3.5001	0.28570	719.68	862.53	5.6867	1.6722	2.2193	433.02	0.50002	1.0494e-05	0.031614	vapor
279.69	5.0000	3.4871	0.28677	721.37	864.75	5.6947	1.6741	2.2209	433.77	0.49643	1.0527e-05	0.031745	vapor
280.69	5.0000	3.4742	0.28783	723.06	866.98	5.7026	1.6760	2.2226	434.52	0.49288	1.0560e-05	0.031877	vapor
281.69	5.0000	3.4614	0.28890	724.75	869.20	5.7105	1.6779	2.2243	435.26	0.48935	1.0593e-05	0.032008	vapor
282.69	5.0000	3.4487	0.28996	726.44	871.42	5.7184	1.6799	2.2260	436.01	0.48586	1.0626e-05	0.032140	vapor
283.69	5.0000	3.4361	0.29103	728.14	873.65	5.7263	1.6819	2.2277	436.75	0.48239	1.0659e-05	0.032273	vapor
284.69	5.0000	3.4236	0.29209	729.84	875.88	5.7341	1.6839	2.2294	437.49	0.47896	1.0692e-05	0.032406	vapor
285.69	5.0000	3.4112	0.29315	731.53	878.11	5.7419	1.6859	2.2312	438.22	0.47556	1.0725e-05	0.032539	vapor
286.69	5.0000	3.3989	0.29422	733.23	880.34	5.7497	1.6879	2.2330	438.96	0.47219	1.0757e-05	0.032672	vapor
287.69	5.0000	3.3866	0.29528	734.94	882.58	5.7575	1.6900	2.2348	439.69	0.46884	1.0790e-05	0.032806	vapor
288.69	5.0000	3.3745	0.29634	736.64	884.81	5.7653	1.6920	2.2367	440.42	0.46553	1.0823e-05	0.032940	vapor
289.69	5.0000	3.3624	0.29740	738.35	887.05	5.7730	1.6941	2.2385	441.14	0.46224	1.0855e-05	0.033074	vapor
290.69	5.0000	3.3505	0.29847	740.06	889.29	5.7807	1.6962	2.2404	441.87	0.45898	1.0888e-05	0.033209	vapor
291.69	5.0000	3.3386	0.29953	741.77	891.53	5.7884	1.6984	2.2423	442.59	0.45575	1.0920e-05	0.033344	vapor
292.69	5.0000	3.3268	0.30059	743.48	893.77	5.7961	1.7005	2.2442	443.31	0.45255	1.0953e-05	0.033479	vapor
293.69	5.0000	3.3151	0.30165	745.19	896.02	5.8037	1.7027	2.2462	444.03	0.44937	1.0985e-05	0.033614	vapor
294.69	5.0000	3.3035	0.30271	746.91	898.27	5.8114	1.7049	2.2482	444.74	0.44622	1.1018e-05	0.033750	vapor
295.69	5.0000	3.2919	0.30377	748.63	900.52	5.8190	1.7071	2.2502	445.46	0.44310	1.1050e-05	0.033887	vapor
296.69	5.0000	3.2805	0.30483	750.35	902.77	5.8266	1.7093	2.2522	446.17	0.44000	1.1082e-05	0.034023	vapor
297.69	5.0000	3.2691	0.30590	752.07	905.02	5.8342	1.7115	2.2542	446.88	0.43693	1.1115e-05	0.034160	vapor
298.69	5.0000	3.2578	0.30696	753.80	907.27	5.8417	1.7138	2.2563	447.58	0.43388	1.1147e-05	0.034298	vapor
299.69	5.0000	3.2466	0.30802	755.52	909.53	5.8493	1.7161	2.2583	448.29	0.43086	1.1179e-05	0.034435	vapor
300.69	5.0000	3.2354	0.30908	757.25	911.79	5.8568	1.7184	2.2604	448.99	0.42787	1.1211e-05	0.034573	vapor
301.69	5.0000	3.2244	0.31014	758.98	914.05	5.8643	1.7207	2.2625	449.69	0.42490	1.1243e-05	0.034712	vapor
302.69	5.0000	3.2134	0.31120	760.72	916.32	5.8718	1.7230	2.2647	450.39	0.42195	1.1275e-05	0.034850	vapor
303.69	5.0000	3.2025	0.31226	762.45	918.58	5.8793	1.7254	2.2668	451.09	0.41903	1.1308e-05	0.034989	vapor
304.69	5.0000	3.1917	0.31331	764.19	920.85	5.8867	1.7277	2.2690	451.78	0.41613	1.1340e-05	0.035129	vapor
305.69	5.0000	3.1809	0.31437	765.93	923.12	5.8942	1.7301	2.2712	452.47	0.41326	1.1371e-05	0.035268	vapor
306.69	5.0000	3.1702	0.31543	767.68	925.39	5.9016	1.7325	2.2734	453.16	0.41041	1.1403e-05	0.035408	vapor
307.69	5.0000	3.1596	0.31649	769.42	927.67	5.9090	1.7349	2.2757	453.85	0.40758	1.1435e-05	0.035549	vapor
308.69	5.0000	3.1491	0.31755	771.17	929.94	5.9164	1.7374	2.2779	454.54	0.40478	1.1467e-05	0.035689	vapor
309.69	5.0000	3.1386	0.31861	772.92	932.22	5.9238	1.7398	2.2802	455.22	0.40200	1.1499e-05	0.035830	vapor
310.69	5.0000	3.1283	0.31967	774.67	934.50	5.9311	1.7423	2.2825	455.91	0.39924	1.1531e-05	0.035972	vapor
311.69	5.0000	3.1179	0.32073	776.43	936.79	5.9385	1.7448	2.2848	456.59	0.39650	1.1562e-05	0.036113	vapor
312.69	5.0000	3.1077	0.32178	778.18	939.07	5.9458	1.7473	2.2871	457.26	0.39379	1.1594e-05	0.036255	vapor
313.69	5.0000	3.0975	0.32284	779.94	941.36	5.9531	1.7498	2.2894	457.94	0.39110	1.1626e-05	0.036398	vapor
314.69	5.0000	3.0874	0.32390	781.70	943.65	5.9604	1.7523	2.2918	458.62	0.38843	1.1657e-05	0.036541	vapor
315.69	5.0000	3.0773	0.32496	783.47	945.95	5.9677	1.7549	2.2942	459.29	0.38578	1.1689e-05	0.036684	vapor
316.69	5.0000	3.0674	0.32601	785.23	948.24	5.9749	1.7574	2.2966	459.96	0.38315	1.1720e-05	0.036827	vapor
317.69	5.0000	3.0574	0.32707	787.00	950.54	5.9822	1.7600	2.2990	460.63	0.38054	1.1752e-05	0.036971	vapor
318.69	5.0000	3.0476	0.32813	788.78	952.84	5.9894	1.7626	2.3015	461.30	0.37796	1.1783e-05	0.037115	vapor
319.69	5.0000	3.0378	0.32918	790.55	955.14	5.9966	1.7652	2.3039	461.96	0.37539	1.1815e-05	0.037259	vapor
320.69	5.0000	3.0281	0.33024	792.33	957.45	6.0038	1.7678	2.3064	462.62	0.37285	1.1846e-05	0.037404	vapor
321.69	5.0000	3.0184	0.33130	794.11	959.75	6.0110	1.7705	2.3089	463.29	0.37032	1.1877e-05	0.037549	vapor
322.69	5.0000	3.0088	0.33235	795.89	962.06	6.0182	1.7731	2.3114	463.95	0.36782	1.1909e-05	0.037695	vapor
323.69	5.0000	2.9993	0.33341	797.67	964.38	6.0253	1.7758	2.3139	464.60	0.36533	1.1940e-05	0.037841	vapor
324.69	5.0000	2.9898	0.33447	799.46	966.69	6.0325	1.7785	2.3164	465.26	0.36287	1.1971e-05	0.037987	vapor
325.69	5.0000	2.9804	0.33552	801.25	969.01	6.0396	1.7812	2.3190	465.92	0.36042	1.2002e-05	0.038134	vapor
326.69	5.0000	2.9711	0.33658	803.04	971.33	6.0467	1.7839	2.3216	466.57	0.35800	1.2033e-05	0.038280	vapor
327.69	5.0000	2.9618	0.33763	804.84	973.65	6.0538	1.7867	2.3241	467.22	0.35559	1.2065e-05	0.038428	vapor
328.69	5.0000	2.9526	0.33869	806.63	975.98	6.0609	1.7894	2.3267	467.87	0.35320	1.2096e-05	0.038575	vapor
329.69	5.0000	2.9434	0.33974	808.43	978.31	6.0679	1.7922	2.3294	468.52	0.35083	1.2127e-05	0.038723	vapor
330.69	5.0000	2.9343	0.34080	810.24	980.64	6.0750	1.7950	2.3320	469.16	0.34848	1.2158e-05	0.038872	vapor
331.69	5.0000	2.9252	0.34185	812.04	982.97	6.0821	1.7977	2.3347	469.81	0.34614	1.2189e-05	0.039020	vapor
332.69	5.0000	2.9162	0.34291	813.85	985.31	6.0891	1.8005	2.3373	470.45	0.34383	1.2220e-05	0.039169	vapor
333.69	5.0000	2.9073	0.34396	815.66	987.65	6.0961	1.8034	2.3400	471.09	0.34153	1.2250e-05	0.039319	vapor
334.69	5.0000	2.8984	0.34502	817.48	989.99	6.1031	1.8062	2.3427	471.73	0.33925	1.2281e-05	0.039468	vapor
335.69	5.0000	2.8896	0.34607	819.29	992.33	6.1101	1.8090	2.3454	472.37	0.33699	1.2312e-05	0.039618	vapor
336.69	5.0000	2.8808	0.34713	821.11	994.68	6.1171	1.8119	2.3481	473.01	0.33475	1.2343e-05	0.039769	vapor
337.69	5.0000	2.8721	0.34818	822.94	997.03	6.1240	1.8148	2.3509	473.64	0.33252	1.2374e-05	0.039919	vapor
338.69	5.0000	2.8634	0.34924	824.76	999.38	6.1310	1.8177	2.3536	474.28	0.33031	1.2404e-05	0.040070	vapor
339.69	5.0000	2.8548	0.35029	826.59	1001.7	6.1379	1.8206	2.3564	474.91	0.32812	1.2435e-05	0.040222	vapor
340.69	5.0000	2.8462	0.35134	828.42	1004.1	6.1449	1.8235	2.3592	475.54	0.32594	1.2466e-05	0.040374	vapor
341.69	5.0000	2.8377	0.35240	830.25	1006.5	6.1518	1.8264	2.3620	476.17	0.32378	1.2496e-05	0.040526	vapor
342.69	5.0000	2.8292	0.35345	832.09	1008.8	6.1587	1.8293	2.3648	476.79	0.32164	1.2527e-05	0.040678	vapor
343.69	5.0000	2.8208	0.35451	833.93	1011.2	6.1656	1.8323	2.3676	477.42	0.31951	1.2557e-05	0.040831	vapor
344.69	5.0000	2.8125	0.35556	835.77	1013.6	6.1725	1.8352	2.3705	478.04	0.31740	1.2588e-05	0.040984	vapor
345.69	5.0000	2.8042	0.35661	837.62	1015.9	6.1794	1.8382	2.3733	478.67	0.31531	1.2618e-05	0.041138	vapor
346.69	5.0000	2.7959	0.35767	839.47	1018.3	6.1862	1.8412	2.3762	479.29	0.31323	1.2648e-05	0.041291	vapor
347.69	5.0000	2.7877	0.35872	841.32	1020.7	6.1931	1.8442	2.3791	479.91	0.31117	1.2679e-05	0.041446	vapor
348.69	5.0000	2.7795	0.35977	843.17	1023.1	6.1999	1.8472	2.3820	480.52	0.30912	1.2709e-05	0.041600	vapor
349.69	5.0000	2.7714	0.36082	845.03	1025.4	6.2067	1.8502	2.3849	481.14	0.30709	1.2739e-05	0.041755	vapor
350.69	5.0000	2.7634	0.36188	846.89	1027.8	6.2135	1.8533	2.3878	481.76	0.30508	1.2770e-05	0.041910	vapor
351.69	5.0000	2.7554	0.36293	848.75	1030.2	6.2203	1.8563	2.3907	482.37	0.30308	1.2800e-05	0.042066	vapor
352.69	5.0000	2.7474	0.36398	850.62	1032.6	6.2271	1.8594	2.3937	482.98	0.30109	1.2830e-05	0.042221	vapor
353.69	5.0000	2.7395	0.36503	852.49	1035.0	6.2339	1.8624	2.3966	483.59	0.29912	1.2860e-05	0.042378	vapor
354.69	5.0000	2.7316	0.36609	854.36	1037.4	6.2407	1.8655	2.3996	484.20	0.29716	1.2890e-05	0.042534	vapor
355.69	5.0000	2.7238	0.36714	856.23	1039.8	6.2474	1.8686	2.4026	484.81	0.29522	1.2921e-05	0.042691	vapor
356.69	5.0000	2.7160	0.36819	858.11	1042.2	6.2542	1.8717	2.4056	485.42	0.29330	1.2951e-05	0.042848	vapor
357.69	5.0000	2.7082	0.36924	859.99	1044.6	6.2609	1.8748	2.4086	486.02	0.29139	1.2981e-05	0.043006	vapor
358.69	5.0000	2.7006	0.37029	861.88	1047.0	6.2677	1.8780	2.4116	486.63	0.28949	1.3011e-05	0.043164	vapor
359.69	5.0000	2.6929	0.37135	863.76	1049.4	6.2744	1.8811	2.4147	487.23	0.28761	1.3041e-05	0.043322	vapor
360.69	5.0000	2.6853	0.37240	865.65	1051.9	6.2811	1.8842	2.4177	487.83	0.28574	1.3070e-05	0.043481	vapor
361.69	5.0000	2.6777	0.37345	867.55	1054.3	6.2878	1.8874	2.4208	488.43	0.28388	1.3100e-05	0.043640	vapor
362.69	5.0000	2.6702	0.37450	869.44	1056.7	6.2945	1.8906	2.4238	489.03	0.28204	1.3130e-05	0.043799	vapor
363.69	5.0000	2.6627	0.37555	871.34	1059.1	6.3012	1.8937	2.4269	489.63	0.28021	1.3160e-05	0.043958	vapor
364.69	5.0000	2.6553	0.37660	873.25	1061.5	6.3078	1.8969	2.4300	490.23	0.27840	1.3190e-05	0.044118	vapor
365.69	5.0000	2.6479	0.37765	875.15	1064.0	6.3145	1.9001	2.4331	490.82	0.27660	1.3220e-05	0.044278	vapor
366.69	5.0000	2.6406	0.37871	877.06	1066.4	6.3211	1.9033	2.4362	491.42	0.27481	1.3249e-05	0.044439	vapor
367.69	5.0000	2.6333	0.37976	878.97	1068.9	6.3278	1.9065	2.4393	492.01	0.27304	1.3279e-05	0.044600	vapor
368.69	5.0000	2.6260	0.38081	880.89	1071.3	6.3344	1.9098	2.4424	492.60	0.27128	1.3309e-05	0.044761	vapor
369.69	5.0000	2.6188	0.38186	882.81	1073.7	6.3410	1.9130	2.4456	493.19	0.26953	1.3338e-05	0.044923	vapor
370.69	5.0000	2.6116	0.38291	884.73	1076.2	6.3476	1.9162	2.4487	493.78	0.26780	1.3368e-05	0.045085	vapor
371.69	5.0000	2.6044	0.38396	886.65	1078.6	6.3542	1.9195	2.4519	494.37	0.26607	1.3397e-05	0.045247	vapor
372.69	5.0000	2.5973	0.38501	888.58	1081.1	6.3608	1.9228	2.4551	494.95	0.26436	1.3427e-05	0.045409	vapor
373.69	5.0000	2.5903	0.38606	890.51	1083.5	6.3674	1.9260	2.4583	495.54	0.26267	1.3456e-05	0.045572	vapor
374.69	5.0000	2.5832	0.38711	892.45	1086.0	6.3740	1.9293	2.4614	496.12	0.26098	1.3486e-05	0.045735	vapor
375.69	5.0000	2.5763	0.38816	894.39	1088.5	6.3805	1.9326	2.4646	496.71	0.25931	1.3515e-05	0.045899	vapor
376.69	5.0000	2.5693	0.38921	896.33	1090.9	6.3871	1.9359	2.4679	497.29	0.25765	1.3545e-05	0.046063	vapor
377.69	5.0000	2.5624	0.39026	898.27	1093.4	6.3936	1.9392	2.4711	497.87	0.25600	1.3574e-05	0.046227	vapor
378.69	5.0000	2.5555	0.39131	900.22	1095.9	6.4002	1.9425	2.4743	498.45	0.25437	1.3603e-05	0.046391	vapor
379.69	5.0000	2.5487	0.39236	902.17	1098.4	6.4067	1.9459	2.4775	499.03	0.25275	1.3632e-05	0.046556	vapor
380.69	5.0000	2.5419	0.39341	904.13	1100.8	6.4132	1.9492	2.4808	499.61	0.25113	1.3662e-05	0.046721	vapor
381.69	5.0000	2.5351	0.39446	906.08	1103.3	6.4197	1.9525	2.4841	500.18	0.24953	1.3691e-05	0.046887	vapor
382.69	5.0000	2.5284	0.39551	908.04	1105.8	6.4262	1.9559	2.4873	500.76	0.24795	1.3720e-05	0.047052	vapor
383.69	5.0000	2.5217	0.39656	910.01	1108.3	6.4327	1.9592	2.4906	501.33	0.24637	1.3749e-05	0.047218	vapor
384.69	5.0000	2.5150	0.39761	911.98	1110.8	6.4392	1.9626	2.4939	501.90	0.24481	1.3778e-05	0.047385	vapor
385.69	5.0000	2.5084	0.39866	913.95	1113.3	6.4457	1.9660	2.4972	502.48	0.24325	1.3807e-05	0.047552	vapor
386.69	5.0000	2.5018	0.39971	915.92	1115.8	6.4522	1.9694	2.5005	503.05	0.24171	1.3837e-05	0.047719	vapor
387.69	5.0000	2.4953	0.40076	917.90	1118.3	6.4586	1.9727	2.5038	503.62	0.24018	1.3866e-05	0.047886	vapor
388.69	5.0000	2.4888	0.40181	919.88	1120.8	6.4651	1.9761	2.5071	504.18	0.23866	1.3895e-05	0.048054	vapor
389.69	5.0000	2.4823	0.40286	921.86	1123.3	6.4715	1.9795	2.5104	504.75	0.23715	1.3924e-05	0.048221	vapor
390.69	5.0000	2.4758	0.40390	923.85	1125.8	6.4780	1.9830	2.5138	505.32	0.23565	1.3952e-05	0.048390	vapor
391.69	5.0000	2.4694	0.40495	925.84	1128.3	6.4844	1.9864	2.5171	505.88	0.23416	1.3981e-05	0.048558	vapor
392.69	5.0000	2.4630	0.40600	927.84	1130.8	6.4908	1.9898	2.5204	506.45	0.23269	1.4010e-05	0.048727	vapor
393.69	5.0000	2.4567	0.40705	929.83	1133.4	6.4972	1.9932	2.5238	507.01	0.23122	1.4039e-05	0.048896	vapor
394.69	5.0000	2.4504	0.40810	931.83	1135.9	6.5037	1.9967	2.5272	507.57	0.22976	1.4068e-05	0.049066	vapor
395.69	5.0000	2.4441	0.40915	933.84	1138.4	6.5101	2.0001	2.5305	508.14	0.22832	1.4097e-05	0.049236	vapor
396.69	5.0000	2.4379	0.41020	935.85	1140.9	6.5164	2.0036	2.5339	508.70	0.22688	1.4125e-05	0.049406	vapor
397.69	5.0000	2.4316	0.41125	937.86	1143.5	6.5228	2.0070	2.5373	509.26	0.22546	1.4154e-05	0.049576	vapor
398.69	5.0000	2.4255	0.41229	939.87	1146.0	6.5292	2.0105	2.5407	509.81	0.22405	1.4183e-05	0.049747	vapor
399.69	5.0000	2.4193	0.41334	941.89	1148.6	6.5356	2.0140	2.5441	510.37	0.22264	1.4211e-05	0.049918	vapor
400.69	5.0000	2.4132	0.41439	943.91	1151.1	6.5419	2.0174	2.5475	510.93	0.22125	1.4240e-05	0.050089	vapor
401.69	5.0000	2.4071	0.41544	945.94	1153.7	6.5483	2.0209	2.5509	511.48	0.21986	1.4269e-05	0.050261	vapor
402.69	5.0000	2.4010	0.41649	947.97	1156.2	6.5546	2.0244	2.5543	512.04	0.21849	1.4297e-05	0.050433	vapor
403.69	5.0000	2.3950	0.41754	950.00	1158.8	6.5610	2.0279	2.5578	512.59	0.21712	1.4326e-05	0.050605	vapor
404.69	5.0000	2.3890	0.41858	952.03	1161.3	6.5673	2.0314	2.5612	513.15	0.21577	1.4354e-05	0.050777	vapor
405.69	5.0000	2.3830	0.41963	954.07	1163.9	6.5736	2.0349	2.5646	513.70	0.21442	1.4383e-05	0.050950	vapor
406.69	5.0000	2.3771	0.42068	956.12	1166.5	6.5799	2.0384	2.5681	514.25	0.21309	1.4411e-05	0.051123	vapor
407.69	5.0000	2.3712	0.42173	958.16	1169.0	6.5863	2.0420	2.5715	514.80	0.21176	1.4439e-05	0.051296	vapor
408.69	5.0000	2.3653	0.42277	960.21	1171.6	6.5926	2.0455	2.5750	515.35	0.21044	1.4468e-05	0.051470	vapor
409.69	5.0000	2.3595	0.42382	962.26	1174.2	6.5989	2.0490	2.5785	515.90	0.20914	1.4496e-05	0.051644	vapor
410.69	5.0000	2.3537	0.42487	964.32	1176.8	6.6052	2.0526	2.5819	516.44	0.20784	1.4525e-05	0.051818	vapor
411.69	5.0000	2.3479	0.42592	966.38	1179.3	6.6114	2.0561	2.5854	516.99	0.20655	1.4553e-05	0.051993	vapor
412.69	5.0000	2.3421	0.42696	968.44	1181.9	6.6177	2.0596	2.5889	517.53	0.20527	1.4581e-05	0.052168	vapor
413.69	5.0000	2.3364	0.42801	970.51	1184.5	6.6240	2.0632	2.5924	518.08	0.20400	1.4609e-05	0.052343	vapor
414.69	5.0000	2.3307	0.42906	972.58	1187.1	6.6302	2.0668	2.5959	518.62	0.20274	1.4637e-05	0.052518	vapor
415.69	5.0000	2.3250	0.43011	974.66	1189.7	6.6365	2.0703	2.5994	519.17	0.20148	1.4666e-05	0.052694	vapor
416.69	5.0000	2.3194	0.43115	976.73	1192.3	6.6427	2.0739	2.6029	519.71	0.20024	1.4694e-05	0.052870	vapor
417.69	5.0000	2.3137	0.43220	978.81	1194.9	6.6490	2.0775	2.6064	520.25	0.19900	1.4722e-05	0.053046	vapor
418.69	5.0000	2.3081	0.43325	980.90	1197.5	6.6552	2.0810	2.6099	520.79	0.19777	1.4750e-05	0.053222	vapor
419.69	5.0000	2.3026	0.43430	982.99	1200.1	6.6615	2.0846	2.6134	521.33	0.19656	1.4778e-05	0.053399	vapor
420.69	5.0000	2.2970	0.43534	985.08	1202.7	6.6677	2.0882	2.6170	521.87	0.19535	1.4806e-05	0.053576	vapor
421.69	5.0000	2.2915	0.43639	987.17	1205.4	6.6739	2.0918	2.6205	522.41	0.19414	1.4834e-05	0.053754	vapor
422.69	5.0000	2.2860	0.43744	989.27	1208.0	6.6801	2.0954	2.6240	522.94	0.19295	1.4862e-05	0.053931	vapor
423.69	5.0000	2.2806	0.43848	991.37	1210.6	6.6863	2.0990	2.6276	523.48	0.19177	1.4890e-05	0.054109	vapor
424.69	5.0000	2.2752	0.43953	993.48	1213.2	6.6925	2.1026	2.6311	524.01	0.19059	1.4918e-05	0.054287	vapor
425.69	5.0000	2.2698	0.44058	995.59	1215.9	6.6987	2.1062	2.6347	524.55	0.18942	1.4946e-05	0.054466	vapor
426.69	5.0000	2.2644	0.44162	997.70	1218.5	6.7049	2.1098	2.6382	525.08	0.18826	1.4974e-05	0.054644	vapor
427.69	5.0000	2.2590	0.44267	999.82	1221.2	6.7111	2.1134	2.6418	525.62	0.18711	1.5001e-05	0.054823	vapor
428.69	5.0000	2.2537	0.44372	1001.9	1223.8	6.7172	2.1171	2.6454	526.15	0.18596	1.5029e-05	0.055003	vapor
429.69	5.0000	2.2484	0.44476	1004.1	1226.4	6.7234	2.1207	2.6489	526.68	0.18482	1.5057e-05	0.055182	vapor
430.69	5.0000	2.2431	0.44581	1006.2	1229.1	6.7296	2.1243	2.6525	527.21	0.18370	1.5085e-05	0.055362	vapor
431.69	5.0000	2.2379	0.44686	1008.3	1231.8	6.7357	2.1279	2.6561	527.74	0.18257	1.5112e-05	0.055542	vapor
432.69	5.0000	2.2326	0.44790	1010.5	1234.4	6.7419	2.1316	2.6597	528.27	0.18146	1.5140e-05	0.055722	vapor
433.69	5.0000	2.2274	0.44895	1012.6	1237.1	6.7480	2.1352	2.6633	528.80	0.18036	1.5168e-05	0.055903	vapor
434.69	5.0000	2.2222	0.44999	1014.7	1239.7	6.7542	2.1389	2.6668	529.32	0.17926	1.5195e-05	0.056084	vapor
435.69	5.0000	2.2171	0.45104	1016.9	1242.4	6.7603	2.1425	2.6704	529.85	0.17817	1.5223e-05	0.056265	vapor
436.69	5.0000	2.2120	0.45209	1019.0	1245.1	6.7664	2.1462	2.6740	530.38	0.17708	1.5250e-05	0.056446	vapor
437.69	5.0000	2.2069	0.45313	1021.2	1247.8	6.7725	2.1498	2.6776	530.90	0.17601	1.5278e-05	0.056628	vapor
438.69	5.0000	2.2018	0.45418	1023.3	1250.4	6.7787	2.1535	2.6812	531.43	0.17494	1.5305e-05	0.056810	vapor
439.69	5.0000	2.1967	0.45522	1025.5	1253.1	6.7848	2.1571	2.6849	531.95	0.17388	1.5333e-05	0.056992	vapor
440.69	5.0000	2.1917	0.45627	1027.7	1255.8	6.7909	2.1608	2.6885	532.47	0.17282	1.5360e-05	0.057174	vapor
441.69	5.0000	2.1867	0.45732	1029.8	1258.5	6.7970	2.1645	2.6921	533.00	0.17178	1.5388e-05	0.057357	vapor
442.69	5.0000	2.1817	0.45836	1032.0	1261.2	6.8031	2.1681	2.6957	533.52	0.17074	1.5415e-05	0.057540	vapor
443.69	5.0000	2.1767	0.45941	1034.2	1263.9	6.8091	2.1718	2.6993	534.04	0.16970	1.5443e-05	0.057723	vapor
444.69	5.0000	2.1718	0.46045	1036.4	1266.6	6.8152	2.1755	2.7030	534.56	0.16868	1.5470e-05	0.057907	vapor
445.69	5.0000	2.1668	0.46150	1038.5	1269.3	6.8213	2.1792	2.7066	535.08	0.16766	1.5497e-05	0.058090	vapor
446.69	5.0000	2.1620	0.46255	1040.7	1272.0	6.8274	2.1828	2.7102	535.60	0.16665	1.5525e-05	0.058274	vapor
447.69	5.0000	2.1571	0.46359	1042.9	1274.7	6.8334	2.1865	2.7139	536.12	0.16564	1.5552e-05	0.058458	vapor
448.69	5.0000	2.1522	0.46464	1045.1	1277.4	6.8395	2.1902	2.7175	536.63	0.16464	1.5579e-05	0.058643	vapor
449.69	5.0000	2.1474	0.46568	1047.3	1280.1	6.8456	2.1939	2.7211	537.15	0.16365	1.5606e-05	0.058827	vapor
450.69	5.0000	2.1426	0.46673	1049.5	1282.9	6.8516	2.1976	2.7248	537.67	0.16267	1.5633e-05	0.059012	vapor
451.69	5.0000	2.1378	0.46777	1051.7	1285.6	6.8576	2.2013	2.7284	538.18	0.16169	1.5661e-05	0.059198	vapor
452.69	5.0000	2.1330	0.46882	1053.9	1288.3	6.8637	2.2050	2.7321	538.70	0.16072	1.5688e-05	0.059383	vapor
453.69	5.0000	2.1283	0.46986	1056.1	1291.1	6.8697	2.2087	2.7357	539.21	0.15975	1.5715e-05	0.059569	vapor
454.69	5.0000	2.1236	0.47091	1058.3	1293.8	6.8757	2.2124	2.7394	539.72	0.15879	1.5742e-05	0.059754	vapor
455.69	5.0000	2.1189	0.47195	1060.6	1296.5	6.8818	2.2161	2.7431	540.24	0.15784	1.5769e-05	0.059941	vapor
456.69	5.0000	2.1142	0.47300	1062.8	1299.3	6.8878	2.2198	2.7467	540.75	0.15690	1.5796e-05	0.060127	vapor
457.69	5.0000	2.1095	0.47404	1065.0	1302.0	6.8938	2.2235	2.7504	541.26	0.15596	1.5823e-05	0.060314	vapor
458.69	5.0000	2.1049	0.47509	1067.2	1304.8	6.8998	2.2272	2.7541	541.77	0.15502	1.5850e-05	0.060500	vapor
459.69	5.0000	2.1002	0.47613	1069.5	1307.5	6.9058	2.2309	2.7577	542.28	0.15410	1.5877e-05	0.060688	vapor
460.69	5.0000	2.0956	0.47718	1071.7	1310.3	6.9118	2.2346	2.7614	542.79	0.15317	1.5904e-05	0.060875	vapor
461.69	5.0000	2.0911	0.47822	1073.9	1313.1	6.9178	2.2384	2.7651	543.30	0.15226	1.5931e-05	0.061062	vapor
462.69	5.0000	2.0865	0.47927	1076.2	1315.8	6.9238	2.2421	2.7687	543.81	0.15135	1.5958e-05	0.061250	vapor
463.69	5.0000	2.0820	0.48031	1078.4	1318.6	6.9298	2.2458	2.7724	544.32	0.15045	1.5984e-05	0.061438	vapor
464.69	5.0000	2.0775	0.48136	1080.7	1321.4	6.9357	2.2495	2.7761	544.82	0.14955	1.6011e-05	0.061627	vapor
465.69	5.0000	2.0730	0.48240	1082.9	1324.2	6.9417	2.2533	2.7798	545.33	0.14866	1.6038e-05	0.061815	vapor
466.69	5.0000	2.0685	0.48345	1085.2	1326.9	6.9477	2.2570	2.7835	545.83	0.14777	1.6065e-05	0.062004	vapor
467.69	5.0000	2.0640	0.48449	1087.5	1329.7	6.9536	2.2607	2.7872	546.34	0.14690	1.6091e-05	0.062193	vapor
468.69	5.0000	2.0596	0.48554	1089.7	1332.5	6.9596	2.2644	2.7908	546.84	0.14602	1.6118e-05	0.062382	vapor
469.69	5.0000	2.0552	0.48658	1092.0	1335.3	6.9655	2.2682	2.7945	547.35	0.14515	1.6145e-05	0.062571	vapor
470.69	5.0000	2.0507	0.48763	1094.3	1338.1	6.9715	2.2719	2.7982	547.85	0.14429	1.6171e-05	0.062761	vapor
471.69	5.0000	2.0464	0.48867	1096.6	1340.9	6.9774	2.2756	2.8019	548.35	0.14344	1.6198e-05	0.062951	vapor
472.69	5.0000	2.0420	0.48972	1098.8	1343.7	6.9834	2.2794	2.8056	548.86	0.14258	1.6225e-05	0.063141	vapor
473.69	5.0000	2.0377	0.49076	1101.1	1346.5	6.9893	2.2831	2.8093	549.36	0.14174	1.6251e-05	0.063331	vapor
474.69	5.0000	2.0333	0.49180	1103.4	1349.3	6.9952	2.2868	2.8130	549.86	0.14090	1.6278e-05	0.063522	vapor
475.69	5.0000	2.0290	0.49285	1105.7	1352.1	7.0012	2.2906	2.8167	550.36	0.14007	1.6304e-05	0.063713	vapor
476.69	5.0000	2.0247	0.49389	1108.0	1355.0	7.0071	2.2943	2.8204	550.86	0.13924	1.6331e-05	0.063903	vapor
477.69	5.0000	2.0205	0.49494	1110.3	1357.8	7.0130	2.2981	2.8241	551.36	0.13841	1.6357e-05	0.064095	vapor
478.69	5.0000	2.0162	0.49598	1112.6	1360.6	7.0189	2.3018	2.8278	551.86	0.13759	1.6384e-05	0.064286	vapor
479.69	5.0000	2.0120	0.49703	1114.9	1363.4	7.0248	2.3056	2.8315	552.35	0.13678	1.6410e-05	0.064478	vapor
480.69	5.0000	2.0077	0.49807	1117.2	1366.3	7.0307	2.3093	2.8352	552.85	0.13597	1.6437e-05	0.064670	vapor
481.69	5.0000	2.0035	0.49911	1119.5	1369.1	7.0366	2.3130	2.8389	553.35	0.13517	1.6463e-05	0.064862	vapor
482.69	5.0000	1.9994	0.50016	1121.9	1371.9	7.0425	2.3168	2.8427	553.84	0.13437	1.6489e-05	0.065054	vapor
483.69	5.0000	1.9952	0.50120	1124.2	1374.8	7.0484	2.3205	2.8464	554.34	0.13358	1.6516e-05	0.065246	vapor
484.69	5.0000	1.9911	0.50225	1126.5	1377.6	7.0543	2.3243	2.8501	554.83	0.13280	1.6542e-05	0.065439	vapor
485.69	5.0000	1.9869	0.50329	1128.8	1380.5	7.0601	2.3280	2.8538	555.33	0.13201	1.6568e-05	0.065632	vapor
486.69	5.0000	1.9828	0.50433	1131.2	1383.3	7.0660	2.3318	2.8575	555.82	0.13124	1.6595e-05	0.065825	vapor
487.69	5.0000	1.9787	0.50538	1133.5	1386.2	7.0719	2.3355	2.8612	556.32	0.13046	1.6621e-05	0.066018	vapor
488.69	5.0000	1.9746	0.50642	1135.9	1389.1	7.0777	2.3393	2.8649	556.81	0.12970	1.6647e-05	0.066212	vapor
489.69	5.0000	1.9706	0.50747	1138.2	1391.9	7.0836	2.3430	2.8687	557.30	0.12894	1.6673e-05	0.066406	vapor
490.69	5.0000	1.9665	0.50851	1140.5	1394.8	7.0895	2.3468	2.8724	557.79	0.12818	1.6699e-05	0.066600	vapor
491.69	5.0000	1.9625	0.50955	1142.9	1397.7	7.0953	2.3505	2.8761	558.29	0.12743	1.6726e-05	0.066794	vapor
492.69	5.0000	1.9585	0.51060	1145.3	1400.6	7.1012	2.3543	2.8798	558.78	0.12668	1.6752e-05	0.066988	vapor
493.69	5.0000	1.9545	0.51164	1147.6	1403.4	7.1070	2.3581	2.8835	559.27	0.12594	1.6778e-05	0.067183	vapor
494.69	5.0000	1.9505	0.51269	1150.0	1406.3	7.1128	2.3618	2.8873	559.76	0.12520	1.6804e-05	0.067378	vapor
495.69	5.0000	1.9466	0.51373	1152.3	1409.2	7.1187	2.3656	2.8910	560.25	0.12446	1.6830e-05	0.067573	vapor
496.69	5.0000	1.9426	0.51477	1154.7	1412.1	7.1245	2.3693	2.8947	560.73	0.12374	1.6856e-05	0.067768	vapor
497.69	5.0000	1.9387	0.51582	1157.1	1415.0	7.1303	2.3731	2.8984	561.22	0.12301	1.6882e-05	0.067963	vapor
498.69	5.0000	1.9348	0.51686	1159.5	1417.9	7.1362	2.3768	2.9021	561.71	0.12229	1.6908e-05	0.068159	vapor
499.69	5.0000	1.9309	0.51790	1161.9	1420.8	7.1420	2.3806	2.9059	562.20	0.12158	1.6934e-05	0.068355	vapor
500.69	5.0000	1.9270	0.51895	1164.2	1423.7	7.1478	2.3844	2.9096	562.68	0.12087	1.6960e-05	0.068551	vapor
501.69	5.0000	1.9231	0.51999	1166.6	1426.6	7.1536	2.3881	2.9133	563.17	0.12016	1.6986e-05	0.068747	vapor
502.69	5.0000	1.9193	0.52103	1169.0	1429.5	7.1594	2.3919	2.9170	563.66	0.11946	1.7012e-05	0.068943	vapor
503.69	5.0000	1.9154	0.52208	1171.4	1432.5	7.1652	2.3956	2.9208	564.14	0.11876	1.7037e-05	0.069140	vapor
504.69	5.0000	1.9116	0.52312	1173.8	1435.4	7.1710	2.3994	2.9245	564.62	0.11807	1.7063e-05	0.069336	vapor
505.69	5.0000	1.9078	0.52416	1176.2	1438.3	7.1768	2.4031	2.9282	565.11	0.11738	1.7089e-05	0.069533	vapor
506.69	5.0000	1.9040	0.52521	1178.6	1441.2	7.1826	2.4069	2.9320	565.59	0.11670	1.7115e-05	0.069731	vapor
507.69	5.0000	1.9002	0.52625	1181.0	1444.2	7.1884	2.4107	2.9357	566.08	0.11602	1.7141e-05	0.069928	vapor
508.69	5.0000	1.8965	0.52729	1183.5	1447.1	7.1941	2.4144	2.9394	566.56	0.11534	1.7166e-05	0.070125	vapor
509.69	5.0000	1.8927	0.52834	1185.9	1450.0	7.1999	2.4182	2.9431	567.04	0.11467	1.7192e-05	0.070323	vapor
510.69	5.0000	1.8890	0.52938	1188.3	1453.0	7.2057	2.4219	2.9469	567.52	0.11400	1.7218e-05	0.070521	vapor
511.69	5.0000	1.8853	0.53042	1190.7	1455.9	7.2115	2.4257	2.9506	568.00	0.11334	1.7243e-05	0.070719	vapor
512.69	5.0000	1.8816	0.53147	1193.2	1458.9	7.2172	2.4295	2.9543	568.48	0.11268	1.7269e-05	0.070917	vapor
513.69	5.0000	1.8779	0.53251	1195.6	1461.9	7.2230	2.4332	2.9580	568.96	0.11203	1.7295e-05	0.071116	vapor
514.69	5.0000	1.8742	0.53355	1198.0	1464.8	7.2287	2.4370	2.9618	569.44	0.11137	1.7320e-05	0.071315	vapor
515.69	5.0000	1.8706	0.53460	1200.5	1467.8	7.2345	2.4407	2.9655	569.92	0.11073	1.7346e-05	0.071513	vapor
516.69	5.0000	1.8669	0.53564	1202.9	1470.7	7.2402	2.4445	2.9692	570.40	0.11008	1.7371e-05	0.071712	vapor
517.69	5.0000	1.8633	0.53668	1205.4	1473.7	7.2460	2.4482	2.9730	570.88	0.10945	1.7397e-05	0.071912	vapor
518.69	5.0000	1.8597	0.53772	1207.8	1476.7	7.2517	2.4520	2.9767	571.36	0.10881	1.7423e-05	0.072111	vapor
519.69	5.0000	1.8561	0.53877	1210.3	1479.7	7.2575	2.4558	2.9804	571.83	0.10818	1.7448e-05	0.072311	vapor
520.69	5.0000	1.8525	0.53981	1212.7	1482.6	7.2632	2.4595	2.9841	572.31	0.10755	1.7473e-05	0.072510	vapor
521.69	5.0000	1.8489	0.54085	1215.2	1485.6	7.2689	2.4633	2.9879	572.79	0.10693	1.7499e-05	0.072710	vapor
522.69	5.0000	1.8454	0.54190	1217.7	1488.6	7.2746	2.4670	2.9916	573.26	0.10631	1.7524e-05	0.072911	vapor
523.69	5.0000	1.8418	0.54294	1220.1	1491.6	7.2804	2.4708	2.9953	573.74	0.10569	1.7550e-05	0.073111	vapor
524.69	5.0000	1.8383	0.54398	1222.6	1494.6	7.2861	2.4745	2.9991	574.21	0.10508	1.7575e-05	0.073311	vapor
525.69	5.0000	1.8348	0.54502	1225.1	1497.6	7.2918	2.4783	3.0028	574.69	0.10447	1.7600e-05	0.073512	vapor
526.69	5.0000	1.8313	0.54607	1227.6	1500.6	7.2975	2.4820	3.0065	575.16	0.10387	1.7626e-05	0.073713	vapor
527.69	5.0000	1.8278	0.54711	1230.1	1503.6	7.3032	2.4858	3.0102	575.63	0.10327	1.7651e-05	0.073914	vapor
528.69	5.0000	1.8243	0.54815	1232.6	1506.6	7.3089	2.4895	3.0140	576.11	0.10267	1.7676e-05	0.074115	vapor
529.69	5.0000	1.8208	0.54919	1235.1	1509.7	7.3146	2.4933	3.0177	576.58	0.10208	1.7702e-05	0.074316	vapor
530.69	5.0000	1.8174	0.55024	1237.6	1512.7	7.3203	2.4970	3.0214	577.05	0.10149	1.7727e-05	0.074518	vapor
531.69	5.0000	1.8140	0.55128	1240.1	1515.7	7.3260	2.5008	3.0251	577.52	0.10090	1.7752e-05	0.074720	vapor
532.69	5.0000	1.8105	0.55232	1242.6	1518.7	7.3317	2.5045	3.0289	578.00	0.10032	1.7777e-05	0.074921	vapor
533.69	5.0000	1.8071	0.55337	1245.1	1521.8	7.3374	2.5083	3.0326	578.47	0.099738	1.7803e-05	0.075124	vapor
534.69	5.0000	1.8037	0.55441	1247.6	1524.8	7.3431	2.5120	3.0363	578.94	0.099163	1.7828e-05	0.075326	vapor
535.69	5.0000	1.8003	0.55545	1250.1	1527.8	7.3487	2.5158	3.0400	579.41	0.098590	1.7853e-05	0.075528	vapor
536.69	5.0000	1.7970	0.55649	1252.6	1530.9	7.3544	2.5195	3.0437	579.88	0.098021	1.7878e-05	0.075731	vapor
537.69	5.0000	1.7936	0.55753	1255.1	1533.9	7.3601	2.5233	3.0475	580.35	0.097456	1.7903e-05	0.075933	vapor
538.69	5.0000	1.7903	0.55858	1257.7	1537.0	7.3657	2.5270	3.0512	580.81	0.096893	1.7928e-05	0.076136	vapor
539.69	5.0000	1.7869	0.55962	1260.2	1540.0	7.3714	2.5308	3.0549	581.28	0.096335	1.7953e-05	0.076339	vapor
540.69	5.0000	1.7836	0.56066	1262.7	1543.1	7.3771	2.5345	3.0586	581.75	0.095779	1.7978e-05	0.076543	vapor
541.69	5.0000	1.7803	0.56170	1265.3	1546.1	7.3827	2.5383	3.0623	582.22	0.095227	1.8003e-05	0.076746	vapor
542.69	5.0000	1.7770	0.56275	1267.8	1549.2	7.3884	2.5420	3.0661	582.68	0.094678	1.8028e-05	0.076950	vapor
543.69	5.0000	1.7737	0.56379	1270.4	1552.3	7.3940	2.5457	3.0698	583.15	0.094132	1.8053e-05	0.077153	vapor
544.69	5.0000	1.7704	0.56483	1272.9	1555.3	7.3997	2.5495	3.0735	583.62	0.093590	1.8078e-05	0.077357	vapor
545.69	5.0000	1.7672	0.56587	1275.5	1558.4	7.4053	2.5532	3.0772	584.08	0.093051	1.8103e-05	0.077561	vapor
546.69	5.0000	1.7639	0.56692	1278.0	1561.5	7.4109	2.5570	3.0809	584.55	0.092515	1.8128e-05	0.077765	vapor
547.69	5.0000	1.7607	0.56796	1280.6	1564.6	7.4166	2.5607	3.0846	585.01	0.091982	1.8153e-05	0.077970	vapor
548.69	5.0000	1.7575	0.56900	1283.2	1567.7	7.4222	2.5644	3.0883	585.48	0.091452	1.8178e-05	0.078174	vapor
549.69	5.0000	1.7543	0.57004	1285.7	1570.8	7.4278	2.5682	3.0921	585.94	0.090926	1.8203e-05	0.078379	vapor
550.69	5.0000	1.7511	0.57108	1288.3	1573.8	7.4335	2.5719	3.0958	586.40	0.090403	1.8228e-05	0.078584	vapor
551.69	5.0000	1.7479	0.57213	1290.9	1576.9	7.4391	2.5756	3.0995	586.87	0.089882	1.8252e-05	0.078789	vapor
552.69	5.0000	1.7447	0.57317	1293.5	1580.0	7.4447	2.5794	3.1032	587.33	0.089365	1.8277e-05	0.078994	vapor
553.69	5.0000	1.7415	0.57421	1296.0	1583.2	7.4503	2.5831	3.1069	587.79	0.088851	1.8302e-05	0.079199	vapor
554.69	5.0000	1.7384	0.57525	1298.6	1586.3	7.4559	2.5868	3.1106	588.25	0.088340	1.8327e-05	0.079405	vapor
555.69	5.0000	1.7352	0.57629	1301.2	1589.4	7.4615	2.5906	3.1143	588.72	0.087831	1.8351e-05	0.079611	vapor
556.69	5.0000	1.7321	0.57734	1303.8	1592.5	7.4671	2.5943	3.1180	589.18	0.087326	1.8376e-05	0.079816	vapor
557.69	5.0000	1.7290	0.57838	1306.4	1595.6	7.4727	2.5980	3.1217	589.64	0.086824	1.8401e-05	0.080022	vapor
558.69	5.0000	1.7259	0.57942	1309.0	1598.7	7.4783	2.6017	3.1254	590.10	0.086324	1.8425e-05	0.080228	vapor
559.69	5.0000	1.7228	0.58046	1311.6	1601.9	7.4839	2.6055	3.1291	590.56	0.085828	1.8450e-05	0.080435	vapor
560.69	5.0000	1.7197	0.58150	1314.2	1605.0	7.4895	2.6092	3.1328	591.02	0.085334	1.8475e-05	0.080641	vapor
561.69	5.0000	1.7166	0.58255	1316.9	1608.1	7.4951	2.6129	3.1365	591.48	0.084844	1.8499e-05	0.080848	vapor
562.69	5.0000	1.7135	0.58359	1319.5	1611.3	7.5007	2.6166	3.1402	591.94	0.084356	1.8524e-05	0.081054	vapor
563.69	5.0000	1.7105	0.58463	1322.1	1614.4	7.5062	2.6203	3.1439	592.39	0.083871	1.8548e-05	0.081261	vapor
564.69	5.0000	1.7074	0.58567	1324.7	1617.6	7.5118	2.6241	3.1476	592.85	0.083388	1.8573e-05	0.081468	vapor
565.69	5.0000	1.7044	0.58671	1327.3	1620.7	7.5174	2.6278	3.1513	593.31	0.082909	1.8598e-05	0.081675	vapor
566.69	5.0000	1.7014	0.58776	1330.0	1623.9	7.5230	2.6315	3.1550	593.77	0.082432	1.8622e-05	0.081883	vapor
567.69	5.0000	1.6984	0.58880	1332.6	1627.0	7.5285	2.6352	3.1587	594.22	0.081958	1.8647e-05	0.082090	vapor
568.69	5.0000	1.6954	0.58984	1335.3	1630.2	7.5341	2.6389	3.1624	594.68	0.081487	1.8671e-05	0.082298	vapor
569.69	5.0000	1.6924	0.59088	1337.9	1633.3	7.5397	2.6426	3.1661	595.14	0.081019	1.8695e-05	0.082505	vapor
570.69	5.0000	1.6894	0.59192	1340.5	1636.5	7.5452	2.6463	3.1698	595.59	0.080553	1.8720e-05	0.082713	vapor
571.69	5.0000	1.6864	0.59296	1343.2	1639.7	7.5508	2.6501	3.1735	596.05	0.080090	1.8744e-05	0.082921	vapor
572.69	5.0000	1.6835	0.59401	1345.8	1642.9	7.5563	2.6538	3.1771	596.50	0.079629	1.8769e-05	0.083129	vapor
573.69	5.0000	1.6805	0.59505	1348.5	1646.0	7.5619	2.6575	3.1808	596.96	0.079171	1.8793e-05	0.083338	vapor
574.69	5.0000	1.6776	0.59609	1351.2	1649.2	7.5674	2.6612	3.1845	597.41	0.078716	1.8817e-05	0.083546	vapor
575.69	5.0000	1.6747	0.59713	1353.8	1652.4	7.5729	2.6649	3.1882	597.86	0.078263	1.8842e-05	0.083755	vapor
576.69	5.0000	1.6718	0.59817	1356.5	1655.6	7.5785	2.6686	3.1919	598.32	0.077813	1.8866e-05	0.083963	vapor
577.69	5.0000	1.6689	0.59921	1359.2	1658.8	7.5840	2.6723	3.1955	598.77	0.077366	1.8890e-05	0.084172	vapor
578.69	5.0000	1.6660	0.60025	1361.9	1662.0	7.5895	2.6760	3.1992	599.22	0.076921	1.8915e-05	0.084381	vapor
579.69	5.0000	1.6631	0.60130	1364.5	1665.2	7.5951	2.6797	3.2029	599.67	0.076478	1.8939e-05	0.084591	vapor
580.69	5.0000	1.6602	0.60234	1367.2	1668.4	7.6006	2.6834	3.2066	600.13	0.076038	1.8963e-05	0.084800	vapor
581.69	5.0000	1.6573	0.60338	1369.9	1671.6	7.6061	2.6870	3.2102	600.58	0.075601	1.8987e-05	0.085009	vapor
582.69	5.0000	1.6545	0.60442	1372.6	1674.8	7.6116	2.6907	3.2139	601.03	0.075166	1.9012e-05	0.085219	vapor
583.69	5.0000	1.6516	0.60546	1375.3	1678.0	7.6171	2.6944	3.2176	601.48	0.074733	1.9036e-05	0.085429	vapor
584.69	5.0000	1.6488	0.60650	1378.0	1681.2	7.6226	2.6981	3.2213	601.93	0.074303	1.9060e-05	0.085638	vapor
585.69	5.0000	1.6460	0.60754	1380.7	1684.5	7.6282	2.7018	3.2249	602.38	0.073876	1.9084e-05	0.085848	vapor
586.69	5.0000	1.6432	0.60859	1383.4	1687.7	7.6337	2.7055	3.2286	602.83	0.073450	1.9108e-05	0.086058	vapor
587.69	5.0000	1.6403	0.60963	1386.1	1690.9	7.6392	2.7092	3.2323	603.28	0.073027	1.9132e-05	0.086269	vapor
588.69	5.0000	1.6375	0.61067	1388.8	1694.2	7.6447	2.7129	3.2359	603.73	0.072607	1.9156e-05	0.086479	vapor
589.69	5.0000	1.6348	0.61171	1391.5	1697.4	7.6502	2.7165	3.2396	604.18	0.072189	1.9180e-05	0.086690	vapor
590.69	5.0000	1.6320	0.61275	1394.3	1700.6	7.6556	2.7202	3.2432	604.63	0.071773	1.9204e-05	0.086900	vapor
591.69	5.0000	1.6292	0.61379	1397.0	1703.9	7.6611	2.7239	3.2469	605.07	0.071359	1.9228e-05	0.087111	vapor
592.69	5.0000	1.6265	0.61483	1399.7	1707.1	7.6666	2.7276	3.2506	605.52	0.070948	1.9252e-05	0.087322	vapor
593.69	5.0000	1.6237	0.61588	1402.4	1710.4	7.6721	2.7312	3.2542	605.97	0.070539	1.9276e-05	0.087533	vapor
594.69	5.0000	1.6210	0.61692	1405.2	1713.6	7.6776	2.7349	3.2579	606.41	0.070132	1.9300e-05	0.087744	vapor
595.69	5.0000	1.6182	0.61796	1407.9	1716.9	7.6831	2.7386	3.2615	606.86	0.069728	1.9324e-05	0.087955	vapor
596.69	5.0000	1.6155	0.61900	1410.7	1720.2	7.6885	2.7422	3.2652	607.31	0.069326	1.9348e-05	0.088167	vapor
597.69	5.0000	1.6128	0.62004	1413.4	1723.4	7.6940	2.7459	3.2688	607.75	0.068926	1.9372e-05	0.088378	vapor
598.69	5.0000	1.6101	0.62108	1416.2	1726.7	7.6995	2.7496	3.2725	608.20	0.068528	1.9396e-05	0.088590	vapor
599.69	5.0000	1.6074	0.62212	1418.9	1730.0	7.7049	2.7532	3.2761	608.64	0.068133	1.9420e-05	0.088802	vapor
600.69	5.0000	1.6047	0.62316	1421.7	1733.3	7.7104	2.7569	3.2797	609.09	0.067739	1.9444e-05	0.089014	vapor
601.69	5.0000	1.6020	0.62420	1424.4	1736.5	7.7159	2.7606	3.2834	609.53	0.067348	1.9468e-05	0.089226	vapor
602.69	5.0000	1.5994	0.62525	1427.2	1739.8	7.7213	2.7642	3.2870	609.98	0.066959	1.9492e-05	0.089438	vapor
603.69	5.0000	1.5967	0.62629	1430.0	1743.1	7.7268	2.7679	3.2907	610.42	0.066572	1.9515e-05	0.089651	vapor
604.69	5.0000	1.5941	0.62733	1432.7	1746.4	7.7322	2.7715	3.2943	610.86	0.066187	1.9539e-05	0.089863	vapor
605.69	5.0000	1.5914	0.62837	1435.5	1749.7	7.7377	2.7752	3.2979	611.31	0.065805	1.9563e-05	0.090076	vapor
606.69	5.0000	1.5888	0.62941	1438.3	1753.0	7.7431	2.7788	3.3016	611.75	0.065424	1.9587e-05	0.090288	vapor
607.69	5.0000	1.5862	0.63045	1441.1	1756.3	7.7485	2.7825	3.3052	612.19	0.065046	1.9610e-05	0.090501	vapor
608.69	5.0000	1.5836	0.63149	1443.9	1759.6	7.7540	2.7861	3.3088	612.63	0.064669	1.9634e-05	0.090714	vapor
609.69	5.0000	1.5809	0.63253	1446.6	1762.9	7.7594	2.7898	3.3125	613.07	0.064295	1.9658e-05	0.090927	vapor
610.69	5.0000	1.5783	0.63357	1449.4	1766.2	7.7648	2.7934	3.3161	613.52	0.063922	1.9682e-05	0.091140	vapor
611.69	5.0000	1.5758	0.63461	1452.2	1769.5	7.7703	2.7970	3.3197	613.96	0.063552	1.9705e-05	0.091354	vapor
612.69	5.0000	1.5732	0.63566	1455.0	1772.9	7.7757	2.8007	3.3233	614.40	0.063184	1.9729e-05	0.091567	vapor
613.69	5.0000	1.5706	0.63670	1457.8	1776.2	7.7811	2.8043	3.3269	614.84	0.062817	1.9753e-05	0.091780	vapor
614.69	5.0000	1.5680	0.63774	1460.7	1779.5	7.7865	2.8079	3.3306	615.28	0.062453	1.9776e-05	0.091994	vapor
615.69	5.0000	1.5655	0.63878	1463.5	1782.9	7.7920	2.8116	3.3342	615.72	0.062091	1.9800e-05	0.092208	vapor
616.69	5.0000	1.5629	0.63982	1466.3	1786.2	7.7974	2.8152	3.3378	616.16	0.061730	1.9823e-05	0.092422	vapor
617.69	5.0000	1.5604	0.64086	1469.1	1789.5	7.8028	2.8188	3.3414	616.60	0.061372	1.9847e-05	0.092636	vapor
618.69	5.0000	1.5579	0.64190	1471.9	1792.9	7.8082	2.8225	3.3450	617.03	0.061015	1.9870e-05	0.092850	vapor
619.69	5.0000	1.5554	0.64294	1474.7	1796.2	7.8136	2.8261	3.3486	617.47	0.060661	1.9894e-05	0.093064	vapor
620.69	5.0000	1.5528	0.64398	1477.6	1799.6	7.8190	2.8297	3.3522	617.91	0.060308	1.9917e-05	0.093279	vapor
621.69	5.0000	1.5503	0.64502	1480.4	1802.9	7.8244	2.8333	3.3558	618.35	0.059957	1.9941e-05	0.093493	vapor
622.69	5.0000	1.5478	0.64606	1483.3	1806.3	7.8298	2.8369	3.3594	618.79	0.059608	1.9964e-05	0.093708	vapor
623.69	5.0000	1.5453	0.64710	1486.1	1809.6	7.8352	2.8406	3.3630	619.22	0.059261	1.9988e-05	0.093922	vapor
624.69	5.0000	1.5429	0.64815	1488.9	1813.0	7.8406	2.8442	3.3666	619.66	0.058916	2.0011e-05	0.094137	vapor