Temperature (K)	Pressure (bar)	Density (kg/m3)	Volume (m3/kg)	Internal Energy (kJ/kg)	Enthalpy (kJ/kg)	Entropy (J/g*K)	Cv (J/g*K)	Cp (J/g*K)	Sound Spd. (m/s)	Joule-Thomson (K/bar)	Viscosity (Pa*s)	Therm. Cond. (W/m*K)	Phase
90.694	365.00	471.63	0.0021203	-88.680	-11.288	-0.91330	2.2440	3.2447	1747.2	-0.051798	0.00033118	0.24033	liquid
100.69	365.00	460.84	0.0021699	-58.051	21.152	-0.57399	2.1911	3.2453	1681.4	-0.051096	0.00022942	0.23051	liquid
101.69	365.00	459.76	0.0021750	-54.991	24.397	-0.54192	2.1864	3.2458	1674.7	-0.051008	0.00022248	0.22945	liquid
102.69	365.00	458.68	0.0021802	-51.932	27.643	-0.51016	2.1818	3.2464	1668.0	-0.050917	0.00021594	0.22839	liquid
103.69	365.00	457.60	0.0021853	-48.873	30.890	-0.47869	2.1772	3.2470	1661.3	-0.050824	0.00020977	0.22732	liquid
104.69	365.00	456.52	0.0021905	-45.815	34.137	-0.44753	2.1727	3.2477	1654.5	-0.050728	0.00020393	0.22624	liquid
105.69	365.00	455.44	0.0021957	-42.756	37.385	-0.41665	2.1683	3.2483	1647.8	-0.050630	0.00019841	0.22515	liquid
106.69	365.00	454.36	0.0022009	-39.699	40.634	-0.38606	2.1638	3.2490	1641.1	-0.050530	0.00019317	0.22405	liquid
107.69	365.00	453.28	0.0022062	-36.641	43.884	-0.35575	2.1595	3.2497	1634.3	-0.050427	0.00018821	0.22295	liquid
108.69	365.00	452.20	0.0022114	-33.584	47.134	-0.32571	2.1551	3.2504	1627.6	-0.050322	0.00018349	0.22184	liquid
109.69	365.00	451.11	0.0022167	-30.527	50.384	-0.29593	2.1508	3.2511	1620.8	-0.050215	0.00017899	0.22073	liquid
110.69	365.00	450.03	0.0022221	-27.470	53.636	-0.26643	2.1466	3.2519	1614.1	-0.050106	0.00017472	0.21961	liquid
111.69	365.00	448.94	0.0022275	-24.414	56.888	-0.23718	2.1423	3.2526	1607.3	-0.049995	0.00017064	0.21849	liquid
112.69	365.00	447.86	0.0022329	-21.358	60.141	-0.20818	2.1381	3.2533	1600.6	-0.049882	0.00016674	0.21736	liquid
113.69	365.00	446.77	0.0022383	-18.302	63.395	-0.17944	2.1340	3.2541	1593.9	-0.049766	0.00016302	0.21623	liquid
114.69	365.00	445.68	0.0022437	-15.247	66.649	-0.15094	2.1298	3.2548	1587.1	-0.049648	0.00015946	0.21510	liquid
115.69	365.00	444.60	0.0022492	-12.192	69.904	-0.12268	2.1257	3.2556	1580.4	-0.049528	0.00015605	0.21396	liquid
116.69	365.00	443.51	0.0022547	-9.1379	73.160	-0.094660	2.1216	3.2563	1573.6	-0.049406	0.00015278	0.21282	liquid
117.69	365.00	442.42	0.0022603	-6.0839	76.417	-0.066871	2.1175	3.2571	1566.9	-0.049281	0.00014964	0.21168	liquid
118.69	365.00	441.33	0.0022659	-3.0302	79.674	-0.039311	2.1135	3.2578	1560.2	-0.049155	0.00014662	0.21054	liquid
119.69	365.00	440.24	0.0022715	0.023079	82.933	-0.011976	2.1095	3.2586	1553.5	-0.049025	0.00014373	0.20940	liquid
120.69	365.00	439.15	0.0022771	3.0759	86.192	0.015139	2.1055	3.2593	1546.8	-0.048894	0.00014094	0.20826	liquid
121.69	365.00	438.05	0.0022828	6.1283	89.451	0.042035	2.1015	3.2601	1540.1	-0.048760	0.00013825	0.20711	liquid
122.69	365.00	436.96	0.0022885	9.1803	92.712	0.068718	2.0976	3.2609	1533.4	-0.048623	0.00013567	0.20597	liquid
123.69	365.00	435.87	0.0022943	12.232	95.973	0.095191	2.0937	3.2616	1526.7	-0.048484	0.00013317	0.20482	liquid
124.69	365.00	434.77	0.0023001	15.283	99.235	0.12146	2.0898	3.2624	1520.0	-0.048343	0.00013076	0.20368	liquid
125.69	365.00	433.67	0.0023059	18.333	102.50	0.14752	2.0859	3.2632	1513.4	-0.048199	0.00012844	0.20254	liquid
126.69	365.00	432.58	0.0023117	21.383	105.76	0.17338	2.0821	3.2640	1506.7	-0.048052	0.00012619	0.20140	liquid
127.69	365.00	431.48	0.0023176	24.433	109.03	0.19904	2.0783	3.2647	1500.1	-0.047903	0.00012401	0.20025	liquid
128.69	365.00	430.38	0.0023235	27.482	112.29	0.22451	2.0745	3.2655	1493.4	-0.047751	0.00012191	0.19912	liquid
129.69	365.00	429.28	0.0023295	30.530	115.56	0.24979	2.0708	3.2663	1486.8	-0.047596	0.00011987	0.19798	liquid
130.69	365.00	428.18	0.0023355	33.578	118.82	0.27489	2.0670	3.2671	1480.2	-0.047438	0.00011790	0.19684	liquid
131.69	365.00	427.07	0.0023415	36.626	122.09	0.29979	2.0633	3.2680	1473.6	-0.047278	0.00011598	0.19571	liquid
132.69	365.00	425.97	0.0023476	39.673	125.36	0.32452	2.0596	3.2688	1467.0	-0.047114	0.00011413	0.19457	liquid
133.69	365.00	424.87	0.0023537	42.719	128.63	0.34906	2.0560	3.2696	1460.4	-0.046948	0.00011232	0.19345	liquid
134.69	365.00	423.76	0.0023598	45.765	131.90	0.37343	2.0524	3.2705	1453.9	-0.046779	0.00011057	0.19232	liquid
135.69	365.00	422.65	0.0023660	48.810	135.17	0.39762	2.0488	3.2714	1447.3	-0.046606	0.00010887	0.19119	liquid
136.69	365.00	421.54	0.0023722	51.855	138.44	0.42165	2.0452	3.2722	1440.8	-0.046431	0.00010722	0.19007	liquid
137.69	365.00	420.44	0.0023785	54.899	141.71	0.44550	2.0417	3.2731	1434.3	-0.046252	0.00010561	0.18896	liquid
138.69	365.00	419.33	0.0023848	57.943	144.99	0.46919	2.0382	3.2740	1427.8	-0.046070	0.00010405	0.18784	liquid
139.69	365.00	418.21	0.0023911	60.986	148.26	0.49271	2.0347	3.2749	1421.3	-0.045885	0.00010253	0.18673	liquid
140.69	365.00	417.10	0.0023975	64.029	151.54	0.51608	2.0312	3.2759	1414.8	-0.045697	0.00010105	0.18562	liquid
141.69	365.00	415.99	0.0024039	67.071	154.81	0.53928	2.0278	3.2768	1408.3	-0.045505	9.9602e-05	0.18452	liquid
142.69	365.00	414.87	0.0024104	70.112	158.09	0.56233	2.0244	3.2778	1401.9	-0.045310	9.8196e-05	0.18342	liquid
143.69	365.00	413.75	0.0024169	73.153	161.37	0.58522	2.0211	3.2788	1395.5	-0.045112	9.6824e-05	0.18232	liquid
144.69	365.00	412.64	0.0024234	76.193	164.65	0.60797	2.0177	3.2797	1389.1	-0.044910	9.5487e-05	0.18123	liquid
145.69	365.00	411.52	0.0024300	79.233	167.93	0.63056	2.0144	3.2808	1382.7	-0.044704	9.4183e-05	0.18014	liquid
146.69	365.00	410.40	0.0024367	82.272	171.21	0.65300	2.0111	3.2818	1376.3	-0.044495	9.2910e-05	0.17906	liquid
147.69	365.00	409.28	0.0024433	85.311	174.49	0.67530	2.0079	3.2828	1369.9	-0.044282	9.1667e-05	0.17798	liquid
148.69	365.00	408.15	0.0024501	88.348	177.78	0.69746	2.0047	3.2839	1363.6	-0.044066	9.0453e-05	0.17690	liquid
149.69	365.00	407.03	0.0024568	91.386	181.06	0.71947	2.0015	3.2850	1357.2	-0.043846	8.9268e-05	0.17583	liquid
150.69	365.00	405.90	0.0024636	94.423	184.35	0.74135	1.9984	3.2861	1350.9	-0.043622	8.8110e-05	0.17477	liquid
151.69	365.00	404.78	0.0024705	97.459	187.63	0.76309	1.9952	3.2872	1344.6	-0.043395	8.6979e-05	0.17371	liquid
152.69	365.00	403.65	0.0024774	100.49	190.92	0.78469	1.9922	3.2884	1338.3	-0.043163	8.5872e-05	0.17265	liquid
153.69	365.00	402.52	0.0024844	103.53	194.21	0.80616	1.9891	3.2895	1332.1	-0.042928	8.4790e-05	0.17160	liquid
154.69	365.00	401.39	0.0024914	106.56	197.50	0.82750	1.9861	3.2907	1325.8	-0.042688	8.3732e-05	0.17056	liquid
155.69	365.00	400.25	0.0024984	109.60	200.79	0.84870	1.9831	3.2919	1319.6	-0.042445	8.2697e-05	0.16952	liquid
156.69	365.00	399.12	0.0025055	112.63	204.08	0.86978	1.9801	3.2931	1313.4	-0.042198	8.1684e-05	0.16848	liquid
157.69	365.00	397.98	0.0025127	115.66	207.38	0.89074	1.9772	3.2944	1307.2	-0.041946	8.0693e-05	0.16745	liquid
158.69	365.00	396.85	0.0025199	118.70	210.67	0.91156	1.9743	3.2956	1301.0	-0.041691	7.9722e-05	0.16643	liquid
159.69	365.00	395.71	0.0025271	121.73	213.97	0.93227	1.9714	3.2969	1294.9	-0.041431	7.8771e-05	0.16541	liquid
160.69	365.00	394.57	0.0025344	124.76	217.27	0.95286	1.9686	3.2982	1288.8	-0.041167	7.7840e-05	0.16439	liquid
161.69	365.00	393.43	0.0025417	127.79	220.56	0.97332	1.9658	3.2995	1282.6	-0.040899	7.6928e-05	0.16338	liquid
162.69	365.00	392.29	0.0025491	130.82	223.86	0.99367	1.9630	3.3009	1276.6	-0.040627	7.6035e-05	0.16238	liquid
163.69	365.00	391.15	0.0025566	133.85	227.17	1.0139	1.9603	3.3023	1270.5	-0.040350	7.5159e-05	0.16139	liquid
164.69	365.00	390.00	0.0025641	136.88	230.47	1.0340	1.9576	3.3036	1264.4	-0.040069	7.4301e-05	0.16039	liquid
165.69	365.00	388.85	0.0025717	139.91	233.77	1.0540	1.9549	3.3050	1258.4	-0.039784	7.3459e-05	0.15941	liquid
166.69	365.00	387.71	0.0025793	142.94	237.08	1.0739	1.9523	3.3065	1252.4	-0.039494	7.2634e-05	0.15843	liquid
167.69	365.00	386.56	0.0025869	145.96	240.39	1.0937	1.9496	3.3079	1246.4	-0.039199	7.1825e-05	0.15746	liquid
168.69	365.00	385.41	0.0025947	148.99	243.70	1.1134	1.9471	3.3094	1240.5	-0.038901	7.1031e-05	0.15649	liquid
169.69	365.00	384.26	0.0026024	152.02	247.01	1.1329	1.9445	3.3109	1234.5	-0.038597	7.0252e-05	0.15553	liquid
170.69	365.00	383.10	0.0026103	155.04	250.32	1.1524	1.9420	3.3124	1228.6	-0.038289	6.9488e-05	0.15457	liquid
171.69	365.00	381.95	0.0026182	158.07	253.63	1.1717	1.9396	3.3139	1222.7	-0.037977	6.8738e-05	0.15362	liquid
172.69	365.00	380.79	0.0026261	161.09	256.94	1.1910	1.9371	3.3155	1216.8	-0.037659	6.8002e-05	0.15268	liquid
173.69	365.00	379.63	0.0026341	164.12	260.26	1.2101	1.9347	3.3170	1211.0	-0.037337	6.7279e-05	0.15174	liquid
174.69	365.00	378.48	0.0026422	167.14	263.58	1.2292	1.9323	3.3186	1205.1	-0.037011	6.6570e-05	0.15081	liquid
175.69	365.00	377.32	0.0026503	170.16	266.90	1.2481	1.9300	3.3202	1199.3	-0.036679	6.5873e-05	0.14988	liquid
176.69	365.00	376.15	0.0026585	173.18	270.22	1.2670	1.9277	3.3218	1193.6	-0.036343	6.5189e-05	0.14896	liquid
177.69	365.00	374.99	0.0026667	176.21	273.54	1.2857	1.9254	3.3235	1187.8	-0.036002	6.4517e-05	0.14805	liquid
178.69	365.00	373.83	0.0026750	179.23	276.87	1.3044	1.9232	3.3251	1182.1	-0.035656	6.3857e-05	0.14714	liquid
179.69	365.00	372.66	0.0026834	182.25	280.19	1.3229	1.9210	3.3268	1176.4	-0.035306	6.3208e-05	0.14624	liquid
180.69	365.00	371.50	0.0026918	185.27	283.52	1.3414	1.9188	3.3285	1170.7	-0.034950	6.2571e-05	0.14535	liquid
181.69	365.00	370.33	0.0027003	188.29	286.85	1.3598	1.9166	3.3302	1165.0	-0.034590	6.1945e-05	0.14446	liquid
182.69	365.00	369.16	0.0027089	191.31	290.18	1.3781	1.9145	3.3319	1159.4	-0.034225	6.1330e-05	0.14358	liquid
183.69	365.00	367.99	0.0027175	194.33	293.51	1.3963	1.9125	3.3337	1153.8	-0.033855	6.0725e-05	0.14271	liquid
184.69	365.00	366.81	0.0027262	197.34	296.85	1.4144	1.9104	3.3354	1148.2	-0.033479	6.0130e-05	0.14184	liquid
185.69	365.00	365.64	0.0027349	200.36	300.18	1.4324	1.9084	3.3372	1142.6	-0.033099	5.9545e-05	0.14098	liquid
186.69	365.00	364.47	0.0027437	203.38	303.52	1.4503	1.9064	3.3390	1137.1	-0.032714	5.8970e-05	0.14013	liquid
187.69	365.00	363.29	0.0027526	206.39	306.86	1.4682	1.9045	3.3408	1131.6	-0.032324	5.8405e-05	0.13928	liquid
188.69	365.00	362.12	0.0027616	209.41	310.20	1.4859	1.9026	3.3426	1126.1	-0.031929	5.7849e-05	0.13844	liquid
189.69	365.00	360.94	0.0027706	212.42	313.55	1.5036	1.9007	3.3444	1120.7	-0.031529	5.7302e-05	0.13761	liquid
190.69	365.00	359.76	0.0027796	215.44	316.89	1.5212	1.8989	3.3462	1115.2	-0.031124	5.6764e-05	0.13679	supercritical
191.69	365.00	358.58	0.0027888	218.45	320.24	1.5387	1.8971	3.3480	1109.8	-0.030714	5.6235e-05	0.13596	supercritical
192.69	365.00	357.40	0.0027980	221.46	323.59	1.5561	1.8953	3.3499	1104.5	-0.030299	5.5714e-05	0.13514	supercritical
193.69	365.00	356.21	0.0028073	224.47	326.94	1.5734	1.8936	3.3517	1099.1	-0.029879	5.5202e-05	0.13433	supercritical
194.69	365.00	355.03	0.0028167	227.48	330.29	1.5907	1.8919	3.3536	1093.8	-0.029454	5.4698e-05	0.13352	supercritical
195.69	365.00	353.85	0.0028261	230.49	333.65	1.6079	1.8902	3.3554	1088.6	-0.029023	5.4202e-05	0.13272	supercritical
196.69	365.00	352.66	0.0028356	233.50	337.00	1.6250	1.8886	3.3573	1083.3	-0.028588	5.3713e-05	0.13193	supercritical
197.69	365.00	351.47	0.0028452	236.51	340.36	1.6420	1.8870	3.3592	1078.1	-0.028148	5.3233e-05	0.13114	supercritical
198.69	365.00	350.29	0.0028548	239.52	343.72	1.6590	1.8854	3.3610	1072.9	-0.027703	5.2760e-05	0.13036	supercritical
199.69	365.00	349.10	0.0028645	242.53	347.08	1.6759	1.8839	3.3629	1067.7	-0.027253	5.2294e-05	0.12959	supercritical
200.69	365.00	347.91	0.0028743	245.53	350.45	1.6927	1.8824	3.3648	1062.6	-0.026798	5.1835e-05	0.12882	supercritical
201.69	365.00	346.72	0.0028842	248.54	353.81	1.7094	1.8809	3.3667	1057.5	-0.026338	5.1384e-05	0.12806	supercritical
202.69	365.00	345.53	0.0028941	251.54	357.18	1.7261	1.8795	3.3685	1052.4	-0.025873	5.0939e-05	0.12731	supercritical
203.69	365.00	344.34	0.0029041	254.55	360.55	1.7426	1.8781	3.3704	1047.4	-0.025403	5.0501e-05	0.12656	supercritical
204.69	365.00	343.14	0.0029142	257.55	363.92	1.7591	1.8767	3.3723	1042.4	-0.024929	5.0070e-05	0.12582	supercritical
205.69	365.00	341.95	0.0029244	260.55	367.29	1.7756	1.8754	3.3741	1037.4	-0.024449	4.9645e-05	0.12509	supercritical
206.69	365.00	340.76	0.0029346	263.55	370.67	1.7920	1.8741	3.3760	1032.5	-0.023965	4.9227e-05	0.12436	supercritical
207.69	365.00	339.56	0.0029450	266.55	374.05	1.8082	1.8728	3.3778	1027.6	-0.023476	4.8815e-05	0.12364	supercritical
208.69	365.00	338.37	0.0029554	269.55	377.43	1.8245	1.8716	3.3797	1022.7	-0.022983	4.8409e-05	0.12293	supercritical
209.69	365.00	337.17	0.0029659	272.55	380.81	1.8406	1.8704	3.3815	1017.8	-0.022484	4.8009e-05	0.12222	supercritical
210.69	365.00	335.98	0.0029764	275.55	384.19	1.8567	1.8692	3.3834	1013.0	-0.021981	4.7615e-05	0.12152	supercritical
211.69	365.00	334.78	0.0029870	278.55	387.57	1.8728	1.8681	3.3852	1008.2	-0.021474	4.7227e-05	0.12083	supercritical
212.69	365.00	333.58	0.0029978	281.54	390.96	1.8887	1.8670	3.3870	1003.5	-0.020962	4.6845e-05	0.12014	supercritical
213.69	365.00	332.39	0.0030086	284.53	394.35	1.9046	1.8659	3.3888	998.79	-0.020445	4.6468e-05	0.11946	supercritical
214.69	365.00	331.19	0.0030194	287.53	397.74	1.9204	1.8649	3.3905	994.11	-0.019924	4.6097e-05	0.11878	supercritical
215.69	365.00	329.99	0.0030304	290.52	401.13	1.9362	1.8639	3.3923	989.47	-0.019399	4.5731e-05	0.11812	supercritical
216.69	365.00	328.79	0.0030414	293.51	404.52	1.9519	1.8629	3.3940	984.87	-0.018869	4.5370e-05	0.11745	supercritical
217.69	365.00	327.59	0.0030526	296.50	407.92	1.9675	1.8620	3.3957	980.30	-0.018335	4.5014e-05	0.11680	supercritical
218.69	365.00	326.40	0.0030638	299.48	411.31	1.9831	1.8611	3.3974	975.76	-0.017797	4.4664e-05	0.11615	supercritical
219.69	365.00	325.20	0.0030750	302.47	414.71	1.9986	1.8602	3.3991	971.26	-0.017255	4.4319e-05	0.11551	supercritical
220.69	365.00	324.00	0.0030864	305.46	418.11	2.0140	1.8593	3.4008	966.80	-0.016710	4.3978e-05	0.11488	supercritical
221.69	365.00	322.80	0.0030979	308.44	421.51	2.0294	1.8585	3.4024	962.37	-0.016160	4.3643e-05	0.11425	supercritical
222.69	365.00	321.61	0.0031094	311.42	424.91	2.0447	1.8578	3.4040	957.98	-0.015606	4.3312e-05	0.11363	supercritical
223.69	365.00	320.41	0.0031210	314.40	428.32	2.0600	1.8570	3.4056	953.62	-0.015049	4.2986e-05	0.11301	supercritical
224.69	365.00	319.21	0.0031327	317.38	431.73	2.0752	1.8563	3.4071	949.30	-0.014487	4.2665e-05	0.11240	supercritical
225.69	365.00	318.01	0.0031445	320.36	435.13	2.0903	1.8556	3.4086	945.02	-0.013923	4.2348e-05	0.11180	supercritical
226.69	365.00	316.82	0.0031564	323.34	438.54	2.1054	1.8550	3.4101	940.78	-0.013355	4.2035e-05	0.11120	supercritical
227.69	365.00	315.62	0.0031683	326.31	441.95	2.1204	1.8544	3.4116	936.57	-0.012784	4.1727e-05	0.11061	supercritical
228.69	365.00	314.43	0.0031804	329.28	445.37	2.1353	1.8538	3.4130	932.40	-0.012209	4.1424e-05	0.11003	supercritical
229.69	365.00	313.23	0.0031925	332.25	448.78	2.1502	1.8533	3.4144	928.27	-0.011631	4.1124e-05	0.10946	supercritical
230.69	365.00	312.04	0.0032047	335.22	452.20	2.1651	1.8527	3.4157	924.18	-0.011051	4.0829e-05	0.10889	supercritical
231.69	365.00	310.85	0.0032170	338.19	455.61	2.1798	1.8522	3.4170	920.12	-0.010467	4.0538e-05	0.10832	supercritical
232.69	365.00	309.65	0.0032294	341.16	459.03	2.1946	1.8518	3.4183	916.11	-0.0098806	4.0251e-05	0.10777	supercritical
233.69	365.00	308.46	0.0032419	344.12	462.45	2.2092	1.8514	3.4195	912.13	-0.0092916	3.9968e-05	0.10721	supercritical
234.69	365.00	307.27	0.0032544	347.08	465.87	2.2238	1.8510	3.4207	908.19	-0.0087000	3.9689e-05	0.10667	supercritical
235.69	365.00	306.08	0.0032671	350.04	469.29	2.2384	1.8506	3.4219	904.29	-0.0081061	3.9414e-05	0.10613	supercritical
236.69	365.00	304.90	0.0032798	353.00	472.71	2.2529	1.8503	3.4230	900.42	-0.0075099	3.9142e-05	0.10560	supercritical
237.69	365.00	303.71	0.0032926	355.96	476.14	2.2673	1.8500	3.4240	896.60	-0.0069115	3.8875e-05	0.10508	supercritical
238.69	365.00	302.53	0.0033055	358.91	479.56	2.2817	1.8497	3.4251	892.82	-0.0063112	3.8611e-05	0.10456	supercritical
239.69	365.00	301.34	0.0033185	361.86	482.99	2.2960	1.8495	3.4260	889.07	-0.0057090	3.8351e-05	0.10404	supercritical
240.69	365.00	300.16	0.0033316	364.81	486.41	2.3103	1.8493	3.4269	885.37	-0.0051051	3.8094e-05	0.10354	supercritical
241.69	365.00	298.98	0.0033447	367.76	489.84	2.3245	1.8491	3.4278	881.70	-0.0044996	3.7841e-05	0.10304	supercritical
242.69	365.00	297.80	0.0033580	370.70	493.27	2.3386	1.8489	3.4286	878.07	-0.0038926	3.7592e-05	0.10254	supercritical
243.69	365.00	296.62	0.0033713	373.64	496.70	2.3527	1.8488	3.4294	874.48	-0.0032844	3.7346e-05	0.10206	supercritical
244.69	365.00	295.45	0.0033847	376.58	500.13	2.3668	1.8487	3.4301	870.94	-0.0026751	3.7103e-05	0.10157	supercritical
245.69	365.00	294.27	0.0033982	379.52	503.56	2.3808	1.8487	3.4308	867.43	-0.0020647	3.6864e-05	0.10110	supercritical
246.69	365.00	293.10	0.0034118	382.46	506.99	2.3947	1.8486	3.4314	863.96	-0.0014536	3.6628e-05	0.10063	supercritical
247.69	365.00	291.93	0.0034255	385.39	510.42	2.4086	1.8486	3.4319	860.53	-0.00084175	3.6395e-05	0.10017	supercritical
248.69	365.00	290.76	0.0034392	388.32	513.85	2.4224	1.8487	3.4325	857.14	-0.00022940	3.6166e-05	0.099710	supercritical
249.69	365.00	289.60	0.0034531	391.25	517.28	2.4362	1.8487	3.4329	853.79	0.00038330	3.5940e-05	0.099260	supercritical
250.69	365.00	288.43	0.0034670	394.17	520.72	2.4499	1.8488	3.4333	850.48	0.00099620	3.5716e-05	0.098815	supercritical
251.69	365.00	287.27	0.0034810	397.10	524.15	2.4636	1.8489	3.4336	847.21	0.0016091	3.5496e-05	0.098376	supercritical
252.69	365.00	286.12	0.0034951	400.01	527.59	2.4772	1.8491	3.4339	843.98	0.0022220	3.5280e-05	0.097943	supercritical
253.69	365.00	284.96	0.0035093	402.93	531.02	2.4908	1.8492	3.4341	840.78	0.0028345	3.5066e-05	0.097516	supercritical
254.69	365.00	283.81	0.0035235	405.84	534.45	2.5043	1.8494	3.4343	837.63	0.0034465	3.4855e-05	0.097095	supercritical
255.69	365.00	282.66	0.0035379	408.76	537.89	2.5177	1.8497	3.4344	834.52	0.0040580	3.4647e-05	0.096679	supercritical
256.69	365.00	281.51	0.0035523	411.66	541.32	2.5311	1.8499	3.4344	831.44	0.0046687	3.4442e-05	0.096270	supercritical
257.69	365.00	280.36	0.0035668	414.57	544.76	2.5445	1.8502	3.4344	828.41	0.0052784	3.4240e-05	0.095866	supercritical
258.69	365.00	279.22	0.0035814	417.47	548.19	2.5578	1.8505	3.4343	825.41	0.0058870	3.4040e-05	0.095468	supercritical
259.69	365.00	278.08	0.0035960	420.37	551.63	2.5710	1.8509	3.4342	822.46	0.0064943	3.3844e-05	0.095076	supercritical
260.69	365.00	276.95	0.0036108	423.27	555.06	2.5842	1.8512	3.4340	819.54	0.0071001	3.3650e-05	0.094690	supercritical
261.69	365.00	275.82	0.0036256	426.16	558.49	2.5974	1.8516	3.4338	816.66	0.0077044	3.3459e-05	0.094309	supercritical
262.69	365.00	274.69	0.0036405	429.05	561.93	2.6105	1.8520	3.4335	813.82	0.0083068	3.3270e-05	0.093934	supercritical
263.69	365.00	273.56	0.0036555	431.93	565.36	2.6235	1.8525	3.4331	811.02	0.0089074	3.3085e-05	0.093564	supercritical
264.69	365.00	272.44	0.0036706	434.82	568.79	2.6365	1.8530	3.4327	808.26	0.0095057	3.2902e-05	0.093200	supercritical
265.69	365.00	271.32	0.0036857	437.70	572.23	2.6495	1.8535	3.4322	805.54	0.010102	3.2721e-05	0.092842	supercritical
266.69	365.00	270.20	0.0037009	440.57	575.66	2.6624	1.8540	3.4316	802.85	0.010696	3.2543e-05	0.092489	supercritical
267.69	365.00	269.09	0.0037162	443.45	579.09	2.6752	1.8546	3.4310	800.20	0.011287	3.2368e-05	0.092141	supercritical
268.69	365.00	267.98	0.0037316	446.32	582.52	2.6880	1.8552	3.4304	797.59	0.011875	3.2195e-05	0.091799	supercritical
269.69	365.00	266.88	0.0037470	449.18	585.95	2.7007	1.8558	3.4296	795.02	0.012460	3.2025e-05	0.091462	supercritical
270.69	365.00	265.78	0.0037625	452.05	589.38	2.7134	1.8564	3.4289	792.49	0.013043	3.1857e-05	0.091130	supercritical
271.69	365.00	264.68	0.0037781	454.91	592.81	2.7261	1.8571	3.4280	789.99	0.013622	3.1691e-05	0.090804	supercritical
272.69	365.00	263.59	0.0037938	457.76	596.23	2.7387	1.8578	3.4271	787.53	0.014197	3.1528e-05	0.090483	supercritical
273.69	365.00	262.50	0.0038095	460.61	599.66	2.7512	1.8585	3.4262	785.11	0.014769	3.1367e-05	0.090167	supercritical
274.69	365.00	261.42	0.0038253	463.46	603.09	2.7637	1.8592	3.4252	782.72	0.015338	3.1209e-05	0.089856	supercritical
275.69	365.00	260.34	0.0038412	466.31	606.51	2.7761	1.8600	3.4241	780.37	0.015902	3.1053e-05	0.089550	supercritical
276.69	365.00	259.26	0.0038571	469.15	609.94	2.7885	1.8608	3.4230	778.05	0.016463	3.0899e-05	0.089249	supercritical
277.69	365.00	258.19	0.0038731	471.99	613.36	2.8009	1.8616	3.4218	775.78	0.017019	3.0747e-05	0.088953	supercritical
278.69	365.00	257.12	0.0038892	474.82	616.78	2.8132	1.8624	3.4206	773.53	0.017571	3.0598e-05	0.088663	supercritical
279.69	365.00	256.06	0.0039054	477.65	620.20	2.8254	1.8633	3.4193	771.33	0.018119	3.0451e-05	0.088377	supercritical
280.69	365.00	255.00	0.0039216	480.48	623.62	2.8376	1.8642	3.4180	769.15	0.018662	3.0306e-05	0.088096	supercritical
281.69	365.00	253.95	0.0039378	483.30	627.03	2.8498	1.8651	3.4167	767.02	0.019201	3.0163e-05	0.087819	supercritical
282.69	365.00	252.90	0.0039542	486.12	630.45	2.8619	1.8660	3.4152	764.92	0.019735	3.0022e-05	0.087548	supercritical
283.69	365.00	251.85	0.0039706	488.94	633.87	2.8739	1.8670	3.4138	762.85	0.020263	2.9883e-05	0.087281	supercritical
284.69	365.00	250.81	0.0039871	491.75	637.28	2.8860	1.8680	3.4123	760.81	0.020787	2.9746e-05	0.087019	supercritical
285.69	365.00	249.78	0.0040036	494.56	640.69	2.8979	1.8690	3.4107	758.81	0.021306	2.9612e-05	0.086762	supercritical
286.69	365.00	248.75	0.0040202	497.36	644.10	2.9098	1.8700	3.4091	756.85	0.021819	2.9479e-05	0.086509	supercritical
287.69	365.00	247.72	0.0040368	500.16	647.51	2.9217	1.8711	3.4075	754.91	0.022327	2.9348e-05	0.086260	supercritical
288.69	365.00	246.70	0.0040535	502.96	650.91	2.9335	1.8722	3.4058	753.01	0.022829	2.9220e-05	0.086016	supercritical
289.69	365.00	245.68	0.0040703	505.75	654.32	2.9453	1.8733	3.4041	751.15	0.023326	2.9093e-05	0.085777	supercritical
290.69	365.00	244.67	0.0040871	508.54	657.72	2.9570	1.8744	3.4023	749.31	0.023817	2.8968e-05	0.085542	supercritical
291.69	365.00	243.67	0.0041040	511.33	661.12	2.9687	1.8756	3.4005	747.51	0.024303	2.8845e-05	0.085311	supercritical
292.69	365.00	242.67	0.0041209	514.11	664.52	2.9803	1.8767	3.3986	745.74	0.024782	2.8724e-05	0.085085	supercritical
293.69	365.00	241.67	0.0041379	516.89	667.92	2.9919	1.8779	3.3968	744.00	0.025255	2.8604e-05	0.084863	supercritical
294.69	365.00	240.68	0.0041549	519.66	671.32	3.0035	1.8792	3.3949	742.29	0.025723	2.8487e-05	0.084645	supercritical
295.69	365.00	239.69	0.0041720	522.43	674.71	3.0150	1.8804	3.3929	740.61	0.026184	2.8371e-05	0.084431	supercritical
296.69	365.00	238.71	0.0041892	525.20	678.10	3.0264	1.8817	3.3909	738.96	0.026639	2.8257e-05	0.084221	supercritical
297.69	365.00	237.74	0.0042063	527.96	681.49	3.0378	1.8830	3.3889	737.34	0.027088	2.8145e-05	0.084016	supercritical
298.69	365.00	236.77	0.0042236	530.72	684.88	3.0492	1.8843	3.3869	735.75	0.027530	2.8035e-05	0.083814	supercritical
299.69	365.00	235.80	0.0042409	533.48	688.27	3.0605	1.8856	3.3848	734.19	0.027966	2.7926e-05	0.083617	supercritical
300.69	365.00	234.84	0.0042582	536.23	691.65	3.0718	1.8870	3.3828	732.66	0.028396	2.7819e-05	0.083423	supercritical
301.69	365.00	233.89	0.0042756	538.97	695.03	3.0830	1.8884	3.3806	731.16	0.028819	2.7714e-05	0.083233	supercritical
302.69	365.00	232.94	0.0042930	541.72	698.41	3.0942	1.8898	3.3785	729.69	0.029235	2.7610e-05	0.083047	supercritical
303.69	365.00	231.99	0.0043105	544.46	701.79	3.1053	1.8912	3.3764	728.25	0.029645	2.7508e-05	0.082865	supercritical
304.69	365.00	231.05	0.0043280	547.19	705.16	3.1164	1.8926	3.3742	726.83	0.030048	2.7407e-05	0.082687	supercritical
305.69	365.00	230.12	0.0043455	549.93	708.54	3.1275	1.8941	3.3720	725.44	0.030445	2.7308e-05	0.082512	supercritical
306.69	365.00	229.19	0.0043631	552.65	711.91	3.1385	1.8956	3.3698	724.08	0.030834	2.7211e-05	0.082342	supercritical
307.69	365.00	228.27	0.0043808	555.38	715.28	3.1494	1.8971	3.3675	722.74	0.031217	2.7115e-05	0.082174	supercritical
308.69	365.00	227.35	0.0043984	558.10	718.64	3.1604	1.8986	3.3653	721.43	0.031593	2.7021e-05	0.082011	supercritical
309.69	365.00	226.44	0.0044161	560.82	722.01	3.1712	1.9002	3.3630	720.15	0.031963	2.6928e-05	0.081851	supercritical
310.69	365.00	225.54	0.0044339	563.53	725.37	3.1821	1.9018	3.3608	718.89	0.032325	2.6836e-05	0.081694	supercritical
311.69	365.00	224.63	0.0044517	566.24	728.73	3.1929	1.9034	3.3585	717.66	0.032681	2.6746e-05	0.081541	supercritical
312.69	365.00	223.74	0.0044695	568.95	732.09	3.2036	1.9050	3.3562	716.45	0.033029	2.6658e-05	0.081391	supercritical
313.69	365.00	222.85	0.0044874	571.65	735.44	3.2143	1.9066	3.3539	715.27	0.033371	2.6571e-05	0.081245	supercritical
314.69	365.00	221.96	0.0045052	574.35	738.79	3.2250	1.9083	3.3516	714.11	0.033706	2.6485e-05	0.081102	supercritical
315.69	365.00	221.08	0.0045232	577.05	742.14	3.2356	1.9099	3.3493	712.97	0.034034	2.6401e-05	0.080962	supercritical
316.69	365.00	220.21	0.0045411	579.74	745.49	3.2462	1.9116	3.3470	711.86	0.034355	2.6318e-05	0.080826	supercritical
317.69	365.00	219.34	0.0045591	582.43	748.84	3.2568	1.9134	3.3447	710.77	0.034669	2.6236e-05	0.080693	supercritical
318.69	365.00	218.48	0.0045771	585.12	752.18	3.2673	1.9151	3.3423	709.71	0.034976	2.6156e-05	0.080563	supercritical
319.69	365.00	217.62	0.0045952	587.80	755.52	3.2778	1.9169	3.3400	708.67	0.035276	2.6077e-05	0.080436	supercritical
320.69	365.00	216.77	0.0046132	590.48	758.86	3.2882	1.9186	3.3377	707.65	0.035570	2.5999e-05	0.080313	supercritical
321.69	365.00	215.92	0.0046313	593.16	762.20	3.2986	1.9204	3.3354	706.65	0.035856	2.5923e-05	0.080192	supercritical
322.69	365.00	215.08	0.0046495	595.83	765.53	3.3089	1.9222	3.3331	705.67	0.036136	2.5847e-05	0.080075	supercritical
323.69	365.00	214.24	0.0046676	598.50	768.87	3.3192	1.9241	3.3307	704.72	0.036409	2.5773e-05	0.079960	supercritical
324.69	365.00	213.41	0.0046858	601.16	772.19	3.3295	1.9259	3.3284	703.79	0.036675	2.5701e-05	0.079849	supercritical
325.69	365.00	212.58	0.0047040	603.83	775.52	3.3397	1.9278	3.3261	702.87	0.036934	2.5629e-05	0.079741	supercritical
326.69	365.00	211.76	0.0047222	606.49	778.85	3.3499	1.9297	3.3238	701.98	0.037187	2.5559e-05	0.079635	supercritical
327.69	365.00	210.95	0.0047405	609.14	782.17	3.3601	1.9316	3.3216	701.11	0.037432	2.5490e-05	0.079532	supercritical
328.69	365.00	210.14	0.0047587	611.80	785.49	3.3702	1.9336	3.3193	700.26	0.037671	2.5422e-05	0.079433	supercritical
329.69	365.00	209.33	0.0047770	614.45	788.81	3.3803	1.9355	3.3170	699.43	0.037903	2.5355e-05	0.079336	supercritical
330.69	365.00	208.54	0.0047954	617.09	792.12	3.3903	1.9375	3.3148	698.61	0.038129	2.5289e-05	0.079241	supercritical
331.69	365.00	207.74	0.0048137	619.74	795.44	3.4003	1.9395	3.3125	697.82	0.038348	2.5224e-05	0.079150	supercritical
332.69	365.00	206.95	0.0048320	622.38	798.75	3.4103	1.9415	3.3103	697.04	0.038561	2.5161e-05	0.079061	supercritical
333.69	365.00	206.17	0.0048504	625.02	802.06	3.4202	1.9435	3.3081	696.29	0.038766	2.5098e-05	0.078975	supercritical
334.69	365.00	205.39	0.0048688	627.65	805.37	3.4301	1.9455	3.3059	695.55	0.038966	2.5037e-05	0.078892	supercritical
335.69	365.00	204.62	0.0048872	630.29	808.67	3.4400	1.9476	3.3037	694.83	0.039159	2.4976e-05	0.078811	supercritical
336.69	365.00	203.85	0.0049056	632.92	811.97	3.4498	1.9497	3.3015	694.12	0.039345	2.4917e-05	0.078733	supercritical
337.69	365.00	203.08	0.0049241	635.55	815.27	3.4596	1.9518	3.2994	693.44	0.039526	2.4858e-05	0.078658	supercritical
338.69	365.00	202.33	0.0049425	638.17	818.57	3.4693	1.9539	3.2972	692.77	0.039699	2.4801e-05	0.078585	supercritical
339.69	365.00	201.57	0.0049610	640.79	821.87	3.4791	1.9560	3.2951	692.12	0.039867	2.4745e-05	0.078514	supercritical
340.69	365.00	200.83	0.0049794	643.41	825.16	3.4887	1.9582	3.2930	691.48	0.040029	2.4689e-05	0.078447	supercritical
341.69	365.00	200.08	0.0049979	646.03	828.45	3.4984	1.9603	3.2910	690.86	0.040184	2.4635e-05	0.078381	supercritical
342.69	365.00	199.34	0.0050164	648.64	831.74	3.5080	1.9625	3.2889	690.26	0.040333	2.4581e-05	0.078318	supercritical
343.69	365.00	198.61	0.0050350	651.26	835.03	3.5176	1.9647	3.2869	689.67	0.040476	2.4529e-05	0.078258	supercritical
344.69	365.00	197.88	0.0050535	653.87	838.32	3.5271	1.9669	3.2849	689.10	0.040613	2.4477e-05	0.078199	supercritical
345.69	365.00	197.16	0.0050720	656.47	841.60	3.5366	1.9692	3.2829	688.54	0.040745	2.4426e-05	0.078143	supercritical
346.69	365.00	196.44	0.0050906	659.08	844.88	3.5461	1.9714	3.2809	688.00	0.040870	2.4377e-05	0.078090	supercritical
347.69	365.00	195.73	0.0051091	661.68	848.16	3.5556	1.9737	3.2790	687.47	0.040990	2.4328e-05	0.078039	supercritical
348.69	365.00	195.02	0.0051277	664.28	851.44	3.5650	1.9760	3.2771	686.96	0.041104	2.4280e-05	0.077990	supercritical
349.69	365.00	194.32	0.0051463	666.88	854.72	3.5744	1.9783	3.2752	686.46	0.041212	2.4232e-05	0.077943	supercritical
350.69	365.00	193.62	0.0051648	669.47	857.99	3.5837	1.9806	3.2733	685.98	0.041315	2.4186e-05	0.077899	supercritical
351.69	365.00	192.92	0.0051834	672.07	861.26	3.5930	1.9829	3.2715	685.51	0.041412	2.4140e-05	0.077857	supercritical
352.69	365.00	192.23	0.0052020	674.66	864.53	3.6023	1.9853	3.2697	685.05	0.041503	2.4096e-05	0.077817	supercritical
353.69	365.00	191.55	0.0052206	677.25	867.80	3.6116	1.9876	3.2679	684.61	0.041589	2.4052e-05	0.077779	supercritical
354.69	365.00	190.87	0.0052392	679.84	871.07	3.6208	1.9900	3.2661	684.18	0.041670	2.4008e-05	0.077743	supercritical
355.69	365.00	190.19	0.0052578	682.42	874.34	3.6300	1.9924	3.2644	683.76	0.041746	2.3966e-05	0.077710	supercritical
356.69	365.00	189.52	0.0052764	685.01	877.60	3.6392	1.9948	3.2627	683.35	0.041816	2.3925e-05	0.077678	supercritical
357.69	365.00	188.85	0.0052951	687.59	880.86	3.6483	1.9973	3.2610	682.96	0.041881	2.3884e-05	0.077649	supercritical
358.69	365.00	188.19	0.0053137	690.17	884.12	3.6574	1.9997	3.2594	682.58	0.041941	2.3844e-05	0.077622	supercritical
359.69	365.00	187.54	0.0053323	692.75	887.38	3.6665	2.0022	3.2578	682.21	0.041996	2.3804e-05	0.077596	supercritical
360.69	365.00	186.88	0.0053509	695.33	890.64	3.6755	2.0046	3.2562	681.86	0.042047	2.3766e-05	0.077573	supercritical
361.69	365.00	186.23	0.0053696	697.90	893.89	3.6845	2.0071	3.2546	681.52	0.042092	2.3728e-05	0.077552	supercritical
362.69	365.00	185.59	0.0053882	700.48	897.15	3.6935	2.0096	3.2531	681.18	0.042132	2.3691e-05	0.077533	supercritical
363.69	365.00	184.95	0.0054069	703.05	900.40	3.7025	2.0121	3.2516	680.86	0.042168	2.3654e-05	0.077515	supercritical
364.69	365.00	184.32	0.0054255	705.62	903.65	3.7114	2.0147	3.2502	680.55	0.042199	2.3618e-05	0.077500	supercritical
365.69	365.00	183.68	0.0054441	708.19	906.90	3.7203	2.0172	3.2488	680.25	0.042226	2.3583e-05	0.077487	supercritical
366.69	365.00	183.06	0.0054628	710.76	910.15	3.7292	2.0198	3.2474	679.97	0.042247	2.3549e-05	0.077475	supercritical
367.69	365.00	182.44	0.0054814	713.32	913.39	3.7380	2.0223	3.2460	679.69	0.042265	2.3515e-05	0.077465	supercritical
368.69	365.00	181.82	0.0055000	715.89	916.64	3.7468	2.0249	3.2447	679.42	0.042278	2.3482e-05	0.077458	supercritical
369.69	365.00	181.20	0.0055187	718.45	919.88	3.7556	2.0275	3.2434	679.17	0.042287	2.3450e-05	0.077452	supercritical
370.69	365.00	180.59	0.0055373	721.01	923.13	3.7644	2.0301	3.2421	678.92	0.042291	2.3418e-05	0.077447	supercritical
371.69	365.00	179.99	0.0055560	723.57	926.37	3.7731	2.0328	3.2408	678.68	0.042292	2.3387e-05	0.077445	supercritical
372.69	365.00	179.39	0.0055746	726.13	929.61	3.7818	2.0354	3.2396	678.46	0.042288	2.3356e-05	0.077445	supercritical
373.69	365.00	178.79	0.0055932	728.69	932.85	3.7905	2.0381	3.2385	678.24	0.042280	2.3326e-05	0.077446	supercritical
374.69	365.00	178.19	0.0056118	731.25	936.08	3.7991	2.0407	3.2373	678.03	0.042268	2.3297e-05	0.077449	supercritical
375.69	365.00	177.60	0.0056305	733.81	939.32	3.8078	2.0434	3.2362	677.83	0.042252	2.3268e-05	0.077454	supercritical
376.69	365.00	177.02	0.0056491	736.36	942.56	3.8164	2.0461	3.2351	677.64	0.042233	2.3240e-05	0.077460	supercritical
377.69	365.00	176.44	0.0056677	738.92	945.79	3.8249	2.0488	3.2341	677.46	0.042209	2.3212e-05	0.077468	supercritical
378.69	365.00	175.86	0.0056863	741.47	949.02	3.8335	2.0515	3.2331	677.29	0.042182	2.3185e-05	0.077478	supercritical
379.69	365.00	175.29	0.0057050	744.03	952.26	3.8420	2.0543	3.2321	677.13	0.042151	2.3159e-05	0.077490	supercritical
380.69	365.00	174.72	0.0057236	746.58	955.49	3.8505	2.0570	3.2312	676.98	0.042117	2.3133e-05	0.077503	supercritical
381.69	365.00	174.15	0.0057422	749.13	958.72	3.8590	2.0598	3.2302	676.83	0.042079	2.3107e-05	0.077517	supercritical
382.69	365.00	173.59	0.0057608	751.68	961.95	3.8674	2.0625	3.2294	676.69	0.042038	2.3082e-05	0.077534	supercritical
383.69	365.00	173.03	0.0057794	754.23	965.18	3.8759	2.0653	3.2285	676.56	0.041993	2.3058e-05	0.077552	supercritical
384.69	365.00	172.47	0.0057980	756.78	968.41	3.8843	2.0681	3.2277	676.44	0.041945	2.3034e-05	0.077572	supercritical
385.69	365.00	171.92	0.0058166	759.33	971.63	3.8926	2.0709	3.2269	676.33	0.041894	2.3011e-05	0.077593	supercritical
386.69	365.00	171.38	0.0058351	761.88	974.86	3.9010	2.0737	3.2262	676.23	0.041839	2.2988e-05	0.077616	supercritical
387.69	365.00	170.83	0.0058537	764.43	978.09	3.9093	2.0765	3.2255	676.13	0.041781	2.2966e-05	0.077640	supercritical
388.69	365.00	170.29	0.0058723	766.97	981.31	3.9176	2.0794	3.2248	676.04	0.041721	2.2944e-05	0.077666	supercritical
389.69	365.00	169.75	0.0058909	769.52	984.54	3.9259	2.0822	3.2241	675.95	0.041657	2.2923e-05	0.077693	supercritical
390.69	365.00	169.22	0.0059094	772.07	987.76	3.9342	2.0851	3.2235	675.88	0.041590	2.2902e-05	0.077722	supercritical
391.69	365.00	168.69	0.0059280	774.61	990.98	3.9424	2.0880	3.2229	675.81	0.041520	2.2881e-05	0.077752	supercritical
392.69	365.00	168.17	0.0059465	777.16	994.21	3.9506	2.0908	3.2223	675.75	0.041448	2.2862e-05	0.077784	supercritical
393.69	365.00	167.64	0.0059651	779.70	997.43	3.9588	2.0937	3.2218	675.69	0.041373	2.2842e-05	0.077817	supercritical
394.69	365.00	167.12	0.0059836	782.25	1000.6	3.9670	2.0966	3.2213	675.65	0.041294	2.2823e-05	0.077852	supercritical
395.69	365.00	166.61	0.0060021	784.79	1003.9	3.9752	2.0996	3.2209	675.60	0.041214	2.2805e-05	0.077888	supercritical
396.69	365.00	166.10	0.0060206	787.34	1007.1	3.9833	2.1025	3.2204	675.57	0.041130	2.2786e-05	0.077926	supercritical
397.69	365.00	165.59	0.0060392	789.88	1010.3	3.9914	2.1054	3.2200	675.54	0.041045	2.2769e-05	0.077965	supercritical
398.69	365.00	165.08	0.0060577	792.43	1013.5	3.9995	2.1084	3.2197	675.52	0.040956	2.2751e-05	0.078005	supercritical
399.69	365.00	164.58	0.0060762	794.97	1016.8	4.0075	2.1113	3.2193	675.50	0.040865	2.2735e-05	0.078047	supercritical
400.69	365.00	164.08	0.0060946	797.51	1020.0	4.0156	2.1143	3.2190	675.49	0.040772	2.2718e-05	0.078090	supercritical
401.69	365.00	163.58	0.0061131	800.06	1023.2	4.0236	2.1173	3.2188	675.49	0.040676	2.2702e-05	0.078135	supercritical
402.69	365.00	163.09	0.0061316	802.60	1026.4	4.0316	2.1202	3.2185	675.49	0.040579	2.2687e-05	0.078181	supercritical
403.69	365.00	162.60	0.0061501	805.15	1029.6	4.0396	2.1232	3.2183	675.50	0.040478	2.2671e-05	0.078228	supercritical
404.69	365.00	162.11	0.0061685	807.69	1032.8	4.0476	2.1262	3.2181	675.51	0.040376	2.2657e-05	0.078276	supercritical
405.69	365.00	161.63	0.0061870	810.24	1036.1	4.0555	2.1293	3.2180	675.53	0.040272	2.2642e-05	0.078326	supercritical
406.69	365.00	161.15	0.0062054	812.78	1039.3	4.0634	2.1323	3.2179	675.56	0.040165	2.2628e-05	0.078377	supercritical
407.69	365.00	160.67	0.0062238	815.33	1042.5	4.0713	2.1353	3.2178	675.59	0.040056	2.2614e-05	0.078430	supercritical
408.69	365.00	160.20	0.0062423	817.87	1045.7	4.0792	2.1383	3.2177	675.63	0.039946	2.2601e-05	0.078483	supercritical
409.69	365.00	159.73	0.0062607	820.42	1048.9	4.0871	2.1414	3.2177	675.67	0.039833	2.2588e-05	0.078538	supercritical
410.69	365.00	159.26	0.0062791	822.96	1052.2	4.0949	2.1444	3.2177	675.71	0.039719	2.2576e-05	0.078595	supercritical
411.69	365.00	158.79	0.0062975	825.51	1055.4	4.1027	2.1475	3.2177	675.77	0.039603	2.2564e-05	0.078652	supercritical
412.69	365.00	158.33	0.0063159	828.06	1058.6	4.1105	2.1506	3.2178	675.82	0.039484	2.2552e-05	0.078711	supercritical
413.69	365.00	157.87	0.0063342	830.60	1061.8	4.1183	2.1537	3.2179	675.88	0.039365	2.2540e-05	0.078771	supercritical
414.69	365.00	157.42	0.0063526	833.15	1065.0	4.1261	2.1568	3.2180	675.95	0.039243	2.2529e-05	0.078832	supercritical
415.69	365.00	156.96	0.0063710	835.70	1068.2	4.1339	2.1599	3.2181	676.02	0.039120	2.2518e-05	0.078894	supercritical
416.69	365.00	156.51	0.0063893	838.25	1071.5	4.1416	2.1630	3.2183	676.10	0.038995	2.2508e-05	0.078957	supercritical
417.69	365.00	156.06	0.0064077	840.80	1074.7	4.1493	2.1661	3.2185	676.18	0.038868	2.2498e-05	0.079022	supercritical
418.69	365.00	155.62	0.0064260	843.35	1077.9	4.1570	2.1692	3.2187	676.26	0.038740	2.2488e-05	0.079088	supercritical
419.69	365.00	155.18	0.0064443	845.90	1081.1	4.1647	2.1723	3.2190	676.35	0.038610	2.2478e-05	0.079155	supercritical
420.69	365.00	154.74	0.0064626	848.45	1084.3	4.1723	2.1755	3.2193	676.45	0.038479	2.2469e-05	0.079223	supercritical
421.69	365.00	154.30	0.0064809	851.00	1087.6	4.1800	2.1786	3.2196	676.54	0.038347	2.2460e-05	0.079292	supercritical
422.69	365.00	153.86	0.0064992	853.55	1090.8	4.1876	2.1818	3.2199	676.65	0.038213	2.2452e-05	0.079362	supercritical
423.69	365.00	153.43	0.0065175	856.10	1094.0	4.1952	2.1849	3.2203	676.75	0.038078	2.2443e-05	0.079434	supercritical
424.69	365.00	153.00	0.0065358	858.66	1097.2	4.2028	2.1881	3.2207	676.86	0.037941	2.2435e-05	0.079507	supercritical
425.69	365.00	152.58	0.0065540	861.21	1100.4	4.2104	2.1913	3.2211	676.98	0.037803	2.2428e-05	0.079580	supercritical
426.69	365.00	152.15	0.0065723	863.77	1103.7	4.2179	2.1945	3.2216	677.10	0.037664	2.2420e-05	0.079655	supercritical
427.69	365.00	151.73	0.0065905	866.32	1106.9	4.2255	2.1977	3.2220	677.22	0.037524	2.2413e-05	0.079731	supercritical
428.69	365.00	151.31	0.0066088	868.88	1110.1	4.2330	2.2009	3.2225	677.35	0.037382	2.2406e-05	0.079808	supercritical
429.69	365.00	150.90	0.0066270	871.44	1113.3	4.2405	2.2041	3.2231	677.48	0.037240	2.2400e-05	0.079886	supercritical
430.69	365.00	150.48	0.0066452	874.00	1116.5	4.2480	2.2073	3.2236	677.61	0.037096	2.2394e-05	0.079965	supercritical
431.69	365.00	150.07	0.0066634	876.56	1119.8	4.2555	2.2105	3.2242	677.75	0.036951	2.2388e-05	0.080045	supercritical
432.69	365.00	149.67	0.0066816	879.12	1123.0	4.2629	2.2137	3.2248	677.89	0.036805	2.2382e-05	0.080126	supercritical
433.69	365.00	149.26	0.0066998	881.68	1126.2	4.2704	2.2169	3.2254	678.04	0.036658	2.2377e-05	0.080208	supercritical
434.69	365.00	148.86	0.0067179	884.24	1129.4	4.2778	2.2202	3.2261	678.19	0.036510	2.2371e-05	0.080291	supercritical
435.69	365.00	148.45	0.0067361	886.80	1132.7	4.2852	2.2234	3.2267	678.34	0.036362	2.2366e-05	0.080375	supercritical
436.69	365.00	148.06	0.0067542	889.37	1135.9	4.2926	2.2267	3.2274	678.49	0.036212	2.2362e-05	0.080460	supercritical
437.69	365.00	147.66	0.0067724	891.93	1139.1	4.3000	2.2299	3.2282	678.65	0.036061	2.2357e-05	0.080546	supercritical
438.69	365.00	147.26	0.0067905	894.50	1142.4	4.3074	2.2332	3.2289	678.82	0.035910	2.2353e-05	0.080633	supercritical
439.69	365.00	146.87	0.0068086	897.07	1145.6	4.3147	2.2365	3.2297	678.98	0.035757	2.2349e-05	0.080721	supercritical
440.69	365.00	146.48	0.0068267	899.64	1148.8	4.3221	2.2397	3.2305	679.15	0.035604	2.2346e-05	0.080810	supercritical
441.69	365.00	146.10	0.0068448	902.21	1152.0	4.3294	2.2430	3.2313	679.32	0.035450	2.2342e-05	0.080900	supercritical
442.69	365.00	145.71	0.0068629	904.78	1155.3	4.3367	2.2463	3.2321	679.50	0.035296	2.2339e-05	0.080991	supercritical
443.69	365.00	145.33	0.0068810	907.35	1158.5	4.3440	2.2496	3.2330	679.67	0.035141	2.2336e-05	0.081083	supercritical
444.69	365.00	144.95	0.0068990	909.93	1161.7	4.3513	2.2529	3.2339	679.86	0.034985	2.2333e-05	0.081176	supercritical
445.69	365.00	144.57	0.0069171	912.50	1165.0	4.3585	2.2562	3.2348	680.04	0.034828	2.2331e-05	0.081270	supercritical
446.69	365.00	144.19	0.0069351	915.08	1168.2	4.3658	2.2595	3.2357	680.23	0.034671	2.2329e-05	0.081364	supercritical
447.69	365.00	143.82	0.0069532	917.66	1171.4	4.3730	2.2628	3.2367	680.42	0.034513	2.2327e-05	0.081460	supercritical
448.69	365.00	143.45	0.0069712	920.24	1174.7	4.3803	2.2661	3.2377	680.61	0.034354	2.2325e-05	0.081556	supercritical
449.69	365.00	143.08	0.0069892	922.82	1177.9	4.3875	2.2694	3.2387	680.80	0.034195	2.2323e-05	0.081653	supercritical
450.69	365.00	142.71	0.0070072	925.40	1181.2	4.3947	2.2728	3.2397	681.00	0.034035	2.2322e-05	0.081752	supercritical
451.69	365.00	142.34	0.0070252	927.98	1184.4	4.4018	2.2761	3.2407	681.20	0.033875	2.2320e-05	0.081851	supercritical
452.69	365.00	141.98	0.0070432	930.57	1187.6	4.4090	2.2794	3.2418	681.41	0.033715	2.2319e-05	0.081951	supercritical
453.69	365.00	141.62	0.0070611	933.16	1190.9	4.4162	2.2828	3.2429	681.61	0.033554	2.2319e-05	0.082051	supercritical
454.69	365.00	141.26	0.0070791	935.74	1194.1	4.4233	2.2861	3.2440	681.82	0.033392	2.2318e-05	0.082153	supercritical
455.69	365.00	140.90	0.0070970	938.33	1197.4	4.4304	2.2895	3.2451	682.03	0.033230	2.2318e-05	0.082256	supercritical
456.69	365.00	140.55	0.0071150	940.92	1200.6	4.4375	2.2928	3.2463	682.24	0.033068	2.2318e-05	0.082359	supercritical
457.69	365.00	140.20	0.0071329	943.52	1203.9	4.4446	2.2962	3.2474	682.46	0.032905	2.2318e-05	0.082463	supercritical
458.69	365.00	139.84	0.0071508	946.11	1207.1	4.4517	2.2995	3.2486	682.68	0.032742	2.2318e-05	0.082568	supercritical
459.69	365.00	139.50	0.0071687	948.71	1210.4	4.4588	2.3029	3.2498	682.90	0.032578	2.2318e-05	0.082674	supercritical
460.69	365.00	139.15	0.0071866	951.30	1213.6	4.4659	2.3063	3.2510	683.12	0.032414	2.2319e-05	0.082781	supercritical
461.69	365.00	138.80	0.0072045	953.90	1216.9	4.4729	2.3096	3.2523	683.35	0.032250	2.2320e-05	0.082888	supercritical
462.69	365.00	138.46	0.0072224	956.50	1220.1	4.4800	2.3130	3.2535	683.57	0.032086	2.2321e-05	0.082996	supercritical
463.69	365.00	138.12	0.0072402	959.11	1223.4	4.4870	2.3164	3.2548	683.80	0.031921	2.2322e-05	0.083105	supercritical
464.69	365.00	137.78	0.0072581	961.71	1226.6	4.4940	2.3198	3.2561	684.04	0.031756	2.2323e-05	0.083215	supercritical
465.69	365.00	137.44	0.0072759	964.31	1229.9	4.5010	2.3232	3.2574	684.27	0.031591	2.2324e-05	0.083326	supercritical
466.69	365.00	137.10	0.0072937	966.92	1233.1	4.5080	2.3266	3.2588	684.51	0.031426	2.2326e-05	0.083437	supercritical
467.69	365.00	136.77	0.0073116	969.53	1236.4	4.5150	2.3300	3.2601	684.74	0.031260	2.2328e-05	0.083549	supercritical
468.69	365.00	136.44	0.0073294	972.14	1239.7	4.5219	2.3334	3.2615	684.98	0.031094	2.2330e-05	0.083662	supercritical
469.69	365.00	136.11	0.0073472	974.75	1242.9	4.5289	2.3368	3.2629	685.23	0.030928	2.2332e-05	0.083776	supercritical
470.69	365.00	135.78	0.0073649	977.37	1246.2	4.5358	2.3402	3.2643	685.47	0.030762	2.2335e-05	0.083890	supercritical
471.69	365.00	135.45	0.0073827	979.99	1249.5	4.5428	2.3436	3.2657	685.72	0.030596	2.2337e-05	0.084005	supercritical
472.69	365.00	135.13	0.0074005	982.60	1252.7	4.5497	2.3470	3.2672	685.96	0.030430	2.2340e-05	0.084121	supercritical
473.69	365.00	134.80	0.0074182	985.22	1256.0	4.5566	2.3505	3.2686	686.21	0.030263	2.2343e-05	0.084238	supercritical
474.69	365.00	134.48	0.0074360	987.85	1259.3	4.5635	2.3539	3.2701	686.47	0.030097	2.2346e-05	0.084355	supercritical
475.69	365.00	134.16	0.0074537	990.47	1262.5	4.5704	2.3573	3.2716	686.72	0.029930	2.2349e-05	0.084473	supercritical
476.69	365.00	133.84	0.0074714	993.09	1265.8	4.5772	2.3607	3.2731	686.98	0.029763	2.2352e-05	0.084592	supercritical
477.69	365.00	133.53	0.0074891	995.72	1269.1	4.5841	2.3642	3.2747	687.23	0.029596	2.2355e-05	0.084712	supercritical
478.69	365.00	133.21	0.0075068	998.35	1272.4	4.5909	2.3676	3.2762	687.49	0.029430	2.2359e-05	0.084832	supercritical
479.69	365.00	132.90	0.0075245	1001.0	1275.6	4.5978	2.3710	3.2778	687.75	0.029263	2.2363e-05	0.084953	supercritical
480.69	365.00	132.59	0.0075422	1003.6	1278.9	4.6046	2.3745	3.2793	688.02	0.029096	2.2367e-05	0.085074	supercritical
481.69	365.00	132.28	0.0075599	1006.3	1282.2	4.6114	2.3779	3.2809	688.28	0.028929	2.2371e-05	0.085197	supercritical
482.69	365.00	131.97	0.0075775	1008.9	1285.5	4.6182	2.3814	3.2825	688.55	0.028762	2.2375e-05	0.085320	supercritical
483.69	365.00	131.66	0.0075952	1011.5	1288.8	4.6250	2.3848	3.2842	688.81	0.028596	2.2379e-05	0.085443	supercritical
484.69	365.00	131.36	0.0076128	1014.2	1292.0	4.6318	2.3883	3.2858	689.08	0.028429	2.2384e-05	0.085568	supercritical
485.69	365.00	131.05	0.0076305	1016.8	1295.3	4.6386	2.3917	3.2875	689.35	0.028262	2.2388e-05	0.085693	supercritical
486.69	365.00	130.75	0.0076481	1019.5	1298.6	4.6453	2.3952	3.2891	689.62	0.028095	2.2393e-05	0.085818	supercritical
487.69	365.00	130.45	0.0076657	1022.1	1301.9	4.6521	2.3986	3.2908	689.90	0.027929	2.2398e-05	0.085944	supercritical
488.69	365.00	130.15	0.0076833	1024.8	1305.2	4.6588	2.4021	3.2925	690.17	0.027762	2.2403e-05	0.086071	supercritical
489.69	365.00	129.86	0.0077009	1027.4	1308.5	4.6656	2.4056	3.2942	690.45	0.027596	2.2408e-05	0.086199	supercritical
490.69	365.00	129.56	0.0077185	1030.1	1311.8	4.6723	2.4090	3.2959	690.73	0.027430	2.2413e-05	0.086327	supercritical
491.69	365.00	129.27	0.0077360	1032.7	1315.1	4.6790	2.4125	3.2977	691.01	0.027264	2.2419e-05	0.086456	supercritical
492.69	365.00	128.97	0.0077536	1035.4	1318.4	4.6857	2.4160	3.2994	691.29	0.027097	2.2424e-05	0.086586	supercritical
493.69	365.00	128.68	0.0077711	1038.0	1321.7	4.6924	2.4195	3.3012	691.57	0.026932	2.2430e-05	0.086716	supercritical
494.69	365.00	128.39	0.0077887	1040.7	1325.0	4.6991	2.4229	3.3030	691.85	0.026766	2.2436e-05	0.086847	supercritical
495.69	365.00	128.10	0.0078062	1043.4	1328.3	4.7058	2.4264	3.3048	692.14	0.026600	2.2442e-05	0.086978	supercritical
496.69	365.00	127.82	0.0078237	1046.0	1331.6	4.7124	2.4299	3.3066	692.43	0.026435	2.2448e-05	0.087110	supercritical
497.69	365.00	127.53	0.0078412	1048.7	1334.9	4.7191	2.4334	3.3084	692.71	0.026269	2.2454e-05	0.087243	supercritical
498.69	365.00	127.25	0.0078587	1051.4	1338.2	4.7257	2.4369	3.3103	693.00	0.026104	2.2460e-05	0.087376	supercritical
499.69	365.00	126.96	0.0078762	1054.0	1341.5	4.7323	2.4404	3.3121	693.29	0.025939	2.2466e-05	0.087510	supercritical
500.69	365.00	126.68	0.0078937	1056.7	1344.8	4.7390	2.4438	3.3140	693.58	0.025775	2.2473e-05	0.087644	supercritical
501.69	365.00	126.40	0.0079111	1059.4	1348.1	4.7456	2.4473	3.3159	693.88	0.025610	2.2480e-05	0.087779	supercritical
502.69	365.00	126.13	0.0079286	1062.1	1351.5	4.7522	2.4508	3.3178	694.17	0.025446	2.2486e-05	0.087915	supercritical
503.69	365.00	125.85	0.0079460	1064.8	1354.8	4.7588	2.4543	3.3197	694.47	0.025282	2.2493e-05	0.088051	supercritical
504.69	365.00	125.57	0.0079635	1067.4	1358.1	4.7654	2.4578	3.3216	694.76	0.025118	2.2500e-05	0.088187	supercritical
505.69	365.00	125.30	0.0079809	1070.1	1361.4	4.7719	2.4613	3.3235	695.06	0.024954	2.2507e-05	0.088325	supercritical
506.69	365.00	125.03	0.0079983	1072.8	1364.7	4.7785	2.4648	3.3254	695.36	0.024791	2.2514e-05	0.088463	supercritical
507.69	365.00	124.75	0.0080157	1075.5	1368.1	4.7851	2.4683	3.3274	695.66	0.024628	2.2522e-05	0.088601	supercritical
508.69	365.00	124.48	0.0080331	1078.2	1371.4	4.7916	2.4718	3.3294	695.96	0.024465	2.2529e-05	0.088740	supercritical
509.69	365.00	124.22	0.0080505	1080.9	1374.7	4.7982	2.4753	3.3313	696.26	0.024302	2.2536e-05	0.088880	supercritical
510.69	365.00	123.95	0.0080679	1083.6	1378.1	4.8047	2.4788	3.3333	696.56	0.024140	2.2544e-05	0.089020	supercritical
511.69	365.00	123.68	0.0080853	1086.3	1381.4	4.8112	2.4823	3.3353	696.87	0.023977	2.2552e-05	0.089160	supercritical
512.69	365.00	123.42	0.0081026	1089.0	1384.7	4.8177	2.4858	3.3373	697.17	0.023816	2.2560e-05	0.089302	supercritical
513.69	365.00	123.15	0.0081200	1091.7	1388.1	4.8242	2.4894	3.3393	697.48	0.023654	2.2567e-05	0.089443	supercritical
514.69	365.00	122.89	0.0081373	1094.4	1391.4	4.8307	2.4929	3.3414	697.78	0.023493	2.2575e-05	0.089586	supercritical
515.69	365.00	122.63	0.0081546	1097.1	1394.8	4.8372	2.4964	3.3434	698.09	0.023332	2.2583e-05	0.089728	supercritical
516.69	365.00	122.37	0.0081720	1099.8	1398.1	4.8437	2.4999	3.3455	698.40	0.023171	2.2592e-05	0.089872	supercritical
517.69	365.00	122.11	0.0081893	1102.5	1401.4	4.8502	2.5034	3.3475	698.71	0.023011	2.2600e-05	0.090016	supercritical
518.69	365.00	121.85	0.0082066	1105.3	1404.8	4.8566	2.5069	3.3496	699.02	0.022851	2.2608e-05	0.090160	supercritical
519.69	365.00	121.60	0.0082239	1108.0	1408.1	4.8631	2.5104	3.3517	699.33	0.022691	2.2617e-05	0.090305	supercritical
520.69	365.00	121.34	0.0082411	1110.7	1411.5	4.8695	2.5139	3.3538	699.65	0.022532	2.2625e-05	0.090450	supercritical
521.69	365.00	121.09	0.0082584	1113.4	1414.9	4.8760	2.5175	3.3559	699.96	0.022373	2.2634e-05	0.090596	supercritical
522.69	365.00	120.84	0.0082757	1116.1	1418.2	4.8824	2.5210	3.3580	700.28	0.022214	2.2643e-05	0.090743	supercritical
523.69	365.00	120.58	0.0082929	1118.9	1421.6	4.8888	2.5245	3.3601	700.59	0.022055	2.2651e-05	0.090889	supercritical
524.69	365.00	120.33	0.0083102	1121.6	1424.9	4.8952	2.5280	3.3623	700.91	0.021897	2.2660e-05	0.091037	supercritical
525.69	365.00	120.09	0.0083274	1124.3	1428.3	4.9016	2.5315	3.3644	701.22	0.021740	2.2669e-05	0.091185	supercritical
526.69	365.00	119.84	0.0083447	1127.1	1431.7	4.9080	2.5351	3.3666	701.54	0.021582	2.2678e-05	0.091333	supercritical
527.69	365.00	119.59	0.0083619	1129.8	1435.0	4.9144	2.5386	3.3687	701.86	0.021425	2.2688e-05	0.091482	supercritical
528.69	365.00	119.34	0.0083791	1132.6	1438.4	4.9208	2.5421	3.3709	702.18	0.021269	2.2697e-05	0.091632	supercritical
529.69	365.00	119.10	0.0083963	1135.3	1441.8	4.9272	2.5456	3.3731	702.50	0.021112	2.2706e-05	0.091781	supercritical
530.69	365.00	118.86	0.0084135	1138.1	1445.1	4.9335	2.5492	3.3753	702.82	0.020956	2.2716e-05	0.091932	supercritical
531.69	365.00	118.61	0.0084307	1140.8	1448.5	4.9399	2.5527	3.3775	703.14	0.020801	2.2725e-05	0.092083	supercritical
532.69	365.00	118.37	0.0084478	1143.6	1451.9	4.9462	2.5562	3.3797	703.47	0.020646	2.2735e-05	0.092234	supercritical
533.69	365.00	118.13	0.0084650	1146.3	1455.3	4.9526	2.5597	3.3819	703.79	0.020491	2.2744e-05	0.092386	supercritical
534.69	365.00	117.89	0.0084821	1149.1	1458.7	4.9589	2.5633	3.3842	704.11	0.020336	2.2754e-05	0.092538	supercritical
535.69	365.00	117.66	0.0084993	1151.8	1462.0	4.9652	2.5668	3.3864	704.44	0.020182	2.2764e-05	0.092690	supercritical
536.69	365.00	117.42	0.0085164	1154.6	1465.4	4.9715	2.5703	3.3886	704.76	0.020029	2.2774e-05	0.092844	supercritical
537.69	365.00	117.18	0.0085336	1157.4	1468.8	4.9779	2.5739	3.3909	705.09	0.019875	2.2784e-05	0.092997	supercritical
538.69	365.00	116.95	0.0085507	1160.1	1472.2	4.9842	2.5774	3.3932	705.42	0.019722	2.2794e-05	0.093151	supercritical
539.69	365.00	116.72	0.0085678	1162.9	1475.6	4.9905	2.5809	3.3954	705.74	0.019570	2.2804e-05	0.093306	supercritical
540.69	365.00	116.48	0.0085849	1165.7	1479.0	4.9967	2.5844	3.3977	706.07	0.019418	2.2814e-05	0.093461	supercritical
541.69	365.00	116.25	0.0086020	1168.4	1482.4	5.0030	2.5880	3.4000	706.40	0.019266	2.2824e-05	0.093616	supercritical
542.69	365.00	116.02	0.0086191	1171.2	1485.8	5.0093	2.5915	3.4023	706.73	0.019115	2.2835e-05	0.093772	supercritical
543.69	365.00	115.79	0.0086361	1174.0	1489.2	5.0156	2.5950	3.4046	707.06	0.018964	2.2845e-05	0.093928	supercritical
544.69	365.00	115.56	0.0086532	1176.8	1492.6	5.0218	2.5986	3.4069	707.39	0.018813	2.2856e-05	0.094085	supercritical
545.69	365.00	115.34	0.0086703	1179.6	1496.0	5.0281	2.6021	3.4092	707.72	0.018663	2.2866e-05	0.094242	supercritical
546.69	365.00	115.11	0.0086873	1182.3	1499.4	5.0343	2.6056	3.4116	708.05	0.018513	2.2877e-05	0.094400	supercritical
547.69	365.00	114.88	0.0087044	1185.1	1502.8	5.0406	2.6092	3.4139	708.39	0.018364	2.2887e-05	0.094558	supercritical
548.69	365.00	114.66	0.0087214	1187.9	1506.3	5.0468	2.6127	3.4163	708.72	0.018215	2.2898e-05	0.094716	supercritical
549.69	365.00	114.44	0.0087384	1190.7	1509.7	5.0530	2.6162	3.4186	709.05	0.018067	2.2909e-05	0.094875	supercritical
550.69	365.00	114.21	0.0087554	1193.5	1513.1	5.0592	2.6198	3.4210	709.39	0.017919	2.2920e-05	0.095034	supercritical
551.69	365.00	113.99	0.0087724	1196.3	1516.5	5.0654	2.6233	3.4233	709.72	0.017771	2.2931e-05	0.095194	supercritical
552.69	365.00	113.77	0.0087894	1199.1	1519.9	5.0716	2.6268	3.4257	710.06	0.017624	2.2942e-05	0.095354	supercritical
553.69	365.00	113.55	0.0088064	1201.9	1523.4	5.0778	2.6304	3.4281	710.39	0.017477	2.2953e-05	0.095514	supercritical
554.69	365.00	113.33	0.0088234	1204.8	1526.8	5.0840	2.6339	3.4305	710.73	0.017331	2.2964e-05	0.095675	supercritical
555.69	365.00	113.12	0.0088404	1207.6	1530.2	5.0902	2.6374	3.4329	711.07	0.017185	2.2975e-05	0.095836	supercritical
556.69	365.00	112.90	0.0088574	1210.4	1533.7	5.0964	2.6409	3.4353	711.41	0.017039	2.2986e-05	0.095998	supercritical
557.69	365.00	112.68	0.0088743	1213.2	1537.1	5.1025	2.6445	3.4377	711.74	0.016894	2.2998e-05	0.096160	supercritical
558.69	365.00	112.47	0.0088913	1216.0	1540.5	5.1087	2.6480	3.4401	712.08	0.016750	2.3009e-05	0.096323	supercritical
559.69	365.00	112.26	0.0089082	1218.8	1544.0	5.1149	2.6515	3.4425	712.42	0.016605	2.3021e-05	0.096485	supercritical
560.69	365.00	112.04	0.0089251	1221.7	1547.4	5.1210	2.6551	3.4449	712.76	0.016462	2.3032e-05	0.096649	supercritical
561.69	365.00	111.83	0.0089421	1224.5	1550.9	5.1271	2.6586	3.4474	713.10	0.016318	2.3044e-05	0.096812	supercritical
562.69	365.00	111.62	0.0089590	1227.3	1554.3	5.1333	2.6621	3.4498	713.44	0.016175	2.3055e-05	0.096976	supercritical
563.69	365.00	111.41	0.0089759	1230.2	1557.8	5.1394	2.6657	3.4523	713.78	0.016033	2.3067e-05	0.097141	supercritical
564.69	365.00	111.20	0.0089928	1233.0	1561.2	5.1455	2.6692	3.4547	714.12	0.015891	2.3079e-05	0.097305	supercritical
565.69	365.00	110.99	0.0090097	1235.8	1564.7	5.1516	2.6727	3.4572	714.46	0.015749	2.3090e-05	0.097471	supercritical
566.69	365.00	110.78	0.0090266	1238.7	1568.1	5.1577	2.6762	3.4597	714.81	0.015608	2.3102e-05	0.097636	supercritical
567.69	365.00	110.58	0.0090435	1241.5	1571.6	5.1638	2.6798	3.4621	715.15	0.015467	2.3114e-05	0.097802	supercritical
568.69	365.00	110.37	0.0090603	1244.4	1575.1	5.1699	2.6833	3.4646	715.49	0.015327	2.3126e-05	0.097968	supercritical
569.69	365.00	110.17	0.0090772	1247.2	1578.5	5.1760	2.6868	3.4671	715.84	0.015187	2.3138e-05	0.098135	supercritical
570.69	365.00	109.96	0.0090940	1250.1	1582.0	5.1821	2.6904	3.4696	716.18	0.015048	2.3150e-05	0.098302	supercritical
571.69	365.00	109.76	0.0091109	1252.9	1585.5	5.1882	2.6939	3.4721	716.52	0.014909	2.3162e-05	0.098469	supercritical
572.69	365.00	109.56	0.0091277	1255.8	1588.9	5.1943	2.6974	3.4746	716.87	0.014770	2.3174e-05	0.098637	supercritical
573.69	365.00	109.35	0.0091446	1258.6	1592.4	5.2003	2.7009	3.4771	717.21	0.014632	2.3187e-05	0.098805	supercritical
574.69	365.00	109.15	0.0091614	1261.5	1595.9	5.2064	2.7045	3.4796	717.56	0.014495	2.3199e-05	0.098974	supercritical
575.69	365.00	108.95	0.0091782	1264.4	1599.4	5.2124	2.7080	3.4821	717.90	0.014357	2.3211e-05	0.099142	supercritical
576.69	365.00	108.75	0.0091950	1267.2	1602.9	5.2185	2.7115	3.4846	718.25	0.014221	2.3224e-05	0.099312	supercritical
577.69	365.00	108.56	0.0092118	1270.1	1606.4	5.2245	2.7150	3.4872	718.60	0.014084	2.3236e-05	0.099481	supercritical
578.69	365.00	108.36	0.0092286	1273.0	1609.8	5.2306	2.7186	3.4897	718.94	0.013949	2.3248e-05	0.099651	supercritical
579.69	365.00	108.16	0.0092454	1275.9	1613.3	5.2366	2.7221	3.4922	719.29	0.013813	2.3261e-05	0.099821	supercritical
580.69	365.00	107.97	0.0092622	1278.8	1616.8	5.2426	2.7256	3.4948	719.64	0.013678	2.3273e-05	0.099992	supercritical
581.69	365.00	107.77	0.0092789	1281.6	1620.3	5.2486	2.7291	3.4973	719.99	0.013544	2.3286e-05	0.10016	supercritical
582.69	365.00	107.58	0.0092957	1284.5	1623.8	5.2546	2.7326	3.4999	720.33	0.013409	2.3299e-05	0.10033	supercritical
583.69	365.00	107.38	0.0093124	1287.4	1627.3	5.2606	2.7362	3.5024	720.68	0.013276	2.3311e-05	0.10051	supercritical
584.69	365.00	107.19	0.0093292	1290.3	1630.8	5.2666	2.7397	3.5050	721.03	0.013143	2.3324e-05	0.10068	supercritical
585.69	365.00	107.00	0.0093459	1293.2	1634.3	5.2726	2.7432	3.5076	721.38	0.013010	2.3337e-05	0.10085	supercritical
586.69	365.00	106.81	0.0093627	1296.1	1637.8	5.2786	2.7467	3.5102	721.73	0.012878	2.3350e-05	0.10102	supercritical
587.69	365.00	106.62	0.0093794	1299.0	1641.4	5.2846	2.7502	3.5127	722.08	0.012746	2.3363e-05	0.10119	supercritical
588.69	365.00	106.43	0.0093961	1301.9	1644.9	5.2906	2.7537	3.5153	722.43	0.012614	2.3376e-05	0.10137	supercritical
589.69	365.00	106.24	0.0094128	1304.8	1648.4	5.2965	2.7573	3.5179	722.78	0.012483	2.3388e-05	0.10154	supercritical
590.69	365.00	106.05	0.0094295	1307.7	1651.9	5.3025	2.7608	3.5205	723.13	0.012353	2.3401e-05	0.10172	supercritical
591.69	365.00	105.86	0.0094462	1310.6	1655.4	5.3084	2.7643	3.5231	723.48	0.012223	2.3415e-05	0.10189	supercritical
592.69	365.00	105.68	0.0094629	1313.6	1658.9	5.3144	2.7678	3.5257	723.83	0.012093	2.3428e-05	0.10206	supercritical
593.69	365.00	105.49	0.0094796	1316.5	1662.5	5.3203	2.7713	3.5283	724.18	0.011964	2.3441e-05	0.10224	supercritical
594.69	365.00	105.30	0.0094963	1319.4	1666.0	5.3263	2.7748	3.5309	724.53	0.011835	2.3454e-05	0.10241	supercritical
595.69	365.00	105.12	0.0095129	1322.3	1669.5	5.3322	2.7783	3.5335	724.89	0.011707	2.3467e-05	0.10259	supercritical
596.69	365.00	104.94	0.0095296	1325.2	1673.1	5.3381	2.7818	3.5361	725.24	0.011579	2.3480e-05	0.10276	supercritical
597.69	365.00	104.75	0.0095462	1328.2	1676.6	5.3441	2.7853	3.5388	725.59	0.011452	2.3494e-05	0.10294	supercritical
598.69	365.00	104.57	0.0095629	1331.1	1680.1	5.3500	2.7888	3.5414	725.94	0.011325	2.3507e-05	0.10312	supercritical
599.69	365.00	104.39	0.0095795	1334.0	1683.7	5.3559	2.7923	3.5440	726.30	0.011198	2.3520e-05	0.10329	supercritical
600.69	365.00	104.21	0.0095962	1337.0	1687.2	5.3618	2.7958	3.5466	726.65	0.011072	2.3534e-05	0.10347	supercritical
601.69	365.00	104.03	0.0096128	1339.9	1690.8	5.3677	2.7993	3.5493	727.00	0.010946	2.3547e-05	0.10365	supercritical
602.69	365.00	103.85	0.0096294	1342.9	1694.3	5.3736	2.8029	3.5519	727.35	0.010821	2.3561e-05	0.10383	supercritical
603.69	365.00	103.67	0.0096460	1345.8	1697.9	5.3795	2.8064	3.5546	727.71	0.010696	2.3574e-05	0.10400	supercritical
604.69	365.00	103.49	0.0096626	1348.8	1701.4	5.3854	2.8099	3.5572	728.06	0.010572	2.3588e-05	0.10418	supercritical
605.69	365.00	103.31	0.0096792	1351.7	1705.0	5.3913	2.8133	3.5599	728.42	0.010448	2.3601e-05	0.10436	supercritical
606.69	365.00	103.14	0.0096958	1354.7	1708.6	5.3971	2.8168	3.5625	728.77	0.010324	2.3615e-05	0.10454	supercritical
607.69	365.00	102.96	0.0097124	1357.6	1712.1	5.4030	2.8203	3.5652	729.13	0.010201	2.3629e-05	0.10472	supercritical
608.69	365.00	102.79	0.0097290	1360.6	1715.7	5.4089	2.8238	3.5679	729.48	0.010079	2.3642e-05	0.10490	supercritical
609.69	365.00	102.61	0.0097455	1363.6	1719.3	5.4147	2.8273	3.5705	729.83	0.0099567	2.3656e-05	0.10508	supercritical
610.69	365.00	102.44	0.0097621	1366.5	1722.8	5.4206	2.8308	3.5732	730.19	0.0098349	2.3670e-05	0.10526	supercritical
611.69	365.00	102.26	0.0097787	1369.5	1726.4	5.4264	2.8343	3.5759	730.55	0.0097136	2.3684e-05	0.10544	supercritical
612.69	365.00	102.09	0.0097952	1372.5	1730.0	5.4323	2.8378	3.5785	730.90	0.0095928	2.3697e-05	0.10562	supercritical
613.69	365.00	101.92	0.0098118	1375.4	1733.6	5.4381	2.8413	3.5812	731.26	0.0094724	2.3711e-05	0.10580	supercritical
614.69	365.00	101.75	0.0098283	1378.4	1737.1	5.4439	2.8448	3.5839	731.61	0.0093524	2.3725e-05	0.10598	supercritical
615.69	365.00	101.58	0.0098448	1381.4	1740.7	5.4498	2.8483	3.5866	731.97	0.0092328	2.3739e-05	0.10616	supercritical
616.69	365.00	101.41	0.0098613	1384.4	1744.3	5.4556	2.8518	3.5893	732.32	0.0091137	2.3753e-05	0.10634	supercritical
617.69	365.00	101.24	0.0098779	1387.4	1747.9	5.4614	2.8552	3.5920	732.68	0.0089950	2.3767e-05	0.10652	supercritical
618.69	365.00	101.07	0.0098944	1390.4	1751.5	5.4672	2.8587	3.5947	733.04	0.0088767	2.3781e-05	0.10670	supercritical
619.69	365.00	100.90	0.0099109	1393.4	1755.1	5.4730	2.8622	3.5974	733.39	0.0087588	2.3795e-05	0.10689	supercritical
620.69	365.00	100.73	0.0099274	1396.4	1758.7	5.4788	2.8657	3.6001	733.75	0.0086414	2.3809e-05	0.10707	supercritical
621.69	365.00	100.56	0.0099439	1399.4	1762.3	5.4846	2.8692	3.6028	734.11	0.0085244	2.3823e-05	0.10725	supercritical
622.69	365.00	100.40	0.0099604	1402.4	1765.9	5.4904	2.8726	3.6055	734.46	0.0084078	2.3838e-05	0.10744	supercritical
623.69	365.00	100.23	0.0099768	1405.4	1769.5	5.4962	2.8761	3.6082	734.82	0.0082917	2.3852e-05	0.10762	supercritical
624.69	365.00	100.07	0.0099933	1408.4	1773.1	5.5020	2.8796	3.6109	735.18	0.0081760	2.3866e-05	0.10780	supercritical