Temperature (K)	Pressure (bar)	Density (kg/m3)	Volume (m3/kg)	Internal Energy (kJ/kg)	Enthalpy (kJ/kg)	Entropy (J/g*K)	Cv (J/g*K)	Cp (J/g*K)	Sound Spd. (m/s)	Joule-Thomson (K/bar)	Viscosity (Pa*s)	Therm. Cond. (W/m*K)	Phase
90.694	420.00	474.18	0.0021089	-90.609	-2.0355	-0.93951	2.2534	3.2348	1773.7	-0.052055	0.00035172	0.24433	liquid
101.69	420.00	462.61	0.0021616	-57.267	33.522	-0.56946	2.1965	3.2324	1704.0	-0.051422	0.00023359	0.23377	liquid
102.69	420.00	461.56	0.0021666	-54.241	36.754	-0.53783	2.1920	3.2327	1697.5	-0.051347	0.00022653	0.23274	liquid
103.69	420.00	460.51	0.0021715	-51.216	39.987	-0.50650	2.1875	3.2329	1691.1	-0.051269	0.00021988	0.23169	liquid
104.69	420.00	459.46	0.0021765	-48.192	43.220	-0.47547	2.1830	3.2333	1684.6	-0.051190	0.00021361	0.23064	liquid
105.69	420.00	458.41	0.0021815	-45.168	46.454	-0.44474	2.1786	3.2336	1678.1	-0.051108	0.00020767	0.22958	liquid
106.69	420.00	457.36	0.0021865	-42.145	49.687	-0.41428	2.1743	3.2339	1671.7	-0.051025	0.00020206	0.22851	liquid
107.69	420.00	456.30	0.0021915	-39.122	52.922	-0.38411	2.1699	3.2343	1665.2	-0.050939	0.00019674	0.22743	liquid
108.69	420.00	455.25	0.0021966	-36.100	56.156	-0.35422	2.1657	3.2347	1658.7	-0.050852	0.00019169	0.22635	liquid
109.69	420.00	454.20	0.0022017	-33.079	59.391	-0.32459	2.1614	3.2350	1652.2	-0.050763	0.00018690	0.22527	liquid
110.69	420.00	453.15	0.0022068	-30.059	62.626	-0.29523	2.1572	3.2354	1645.7	-0.050672	0.00018233	0.22417	liquid
111.69	420.00	452.10	0.0022119	-27.039	65.862	-0.26613	2.1530	3.2358	1639.3	-0.050580	0.00017799	0.22308	liquid
112.69	420.00	451.04	0.0022171	-24.020	69.098	-0.23729	2.1489	3.2362	1632.8	-0.050485	0.00017385	0.22198	liquid
113.69	420.00	449.99	0.0022223	-21.001	72.334	-0.20870	2.1448	3.2366	1626.3	-0.050389	0.00016990	0.22087	liquid
114.69	420.00	448.94	0.0022275	-17.984	75.571	-0.18036	2.1407	3.2370	1619.8	-0.050291	0.00016613	0.21976	liquid
115.69	420.00	447.88	0.0022327	-14.967	78.808	-0.15225	2.1366	3.2373	1613.4	-0.050191	0.00016252	0.21865	liquid
116.69	420.00	446.83	0.0022380	-11.950	82.046	-0.12439	2.1326	3.2377	1606.9	-0.050089	0.00015906	0.21754	liquid
117.69	420.00	445.77	0.0022433	-8.9348	85.283	-0.096762	2.1286	3.2381	1600.5	-0.049986	0.00015575	0.21642	liquid
118.69	420.00	444.72	0.0022486	-5.9201	88.522	-0.069364	2.1246	3.2385	1594.0	-0.049880	0.00015258	0.21531	liquid
119.69	420.00	443.66	0.0022540	-2.9061	91.760	-0.042193	2.1206	3.2388	1587.6	-0.049773	0.00014953	0.21419	liquid
120.69	420.00	442.61	0.0022593	0.10708	94.999	-0.015244	2.1167	3.2392	1581.2	-0.049664	0.00014660	0.21307	liquid
121.69	420.00	441.55	0.0022647	3.1194	98.239	0.011485	2.1127	3.2396	1574.7	-0.049553	0.00014379	0.21195	liquid
122.69	420.00	440.49	0.0022702	6.1310	101.48	0.037998	2.1088	3.2399	1568.3	-0.049439	0.00014108	0.21083	liquid
123.69	420.00	439.44	0.0022756	9.1417	104.72	0.064299	2.1050	3.2403	1561.9	-0.049324	0.00013847	0.20971	liquid
124.69	420.00	438.38	0.0022811	12.152	107.96	0.090391	2.1011	3.2406	1555.5	-0.049207	0.00013595	0.20859	liquid
125.69	420.00	437.32	0.0022867	15.160	111.20	0.11628	2.0973	3.2410	1549.2	-0.049088	0.00013353	0.20747	liquid
126.69	420.00	436.26	0.0022922	18.169	114.44	0.14196	2.0935	3.2414	1542.8	-0.048967	0.00013119	0.20635	liquid
127.69	420.00	435.20	0.0022978	21.176	117.68	0.16745	2.0897	3.2417	1536.4	-0.048844	0.00012892	0.20523	liquid
128.69	420.00	434.14	0.0023034	24.182	120.92	0.19274	2.0860	3.2421	1530.1	-0.048718	0.00012674	0.20412	liquid
129.69	420.00	433.08	0.0023090	27.187	124.17	0.21783	2.0823	3.2424	1523.8	-0.048591	0.00012462	0.20300	liquid
130.69	420.00	432.02	0.0023147	30.192	127.41	0.24274	2.0786	3.2428	1517.5	-0.048461	0.00012257	0.20189	liquid
131.69	420.00	430.96	0.0023204	33.195	130.65	0.26746	2.0749	3.2432	1511.1	-0.048329	0.00012059	0.20078	liquid
132.69	420.00	429.90	0.0023261	36.198	133.90	0.29199	2.0712	3.2436	1504.9	-0.048194	0.00011867	0.19967	liquid
133.69	420.00	428.83	0.0023319	39.200	137.14	0.31635	2.0676	3.2439	1498.6	-0.048058	0.00011681	0.19856	liquid
134.69	420.00	427.77	0.0023377	42.200	140.38	0.34052	2.0640	3.2443	1492.3	-0.047919	0.00011500	0.19746	liquid
135.69	420.00	426.71	0.0023435	45.200	143.63	0.36452	2.0605	3.2447	1486.1	-0.047777	0.00011325	0.19636	liquid
136.69	420.00	425.64	0.0023494	48.198	146.87	0.38835	2.0569	3.2451	1479.8	-0.047633	0.00011154	0.19526	liquid
137.69	420.00	424.58	0.0023553	51.196	150.12	0.41200	2.0534	3.2455	1473.6	-0.047487	0.00010989	0.19416	liquid
138.69	420.00	423.51	0.0023612	54.193	153.36	0.43549	2.0499	3.2459	1467.4	-0.047338	0.00010828	0.19307	liquid
139.69	420.00	422.44	0.0023672	57.189	156.61	0.45881	2.0465	3.2463	1461.2	-0.047187	0.00010671	0.19198	liquid
140.69	420.00	421.38	0.0023732	60.183	159.86	0.48197	2.0430	3.2467	1455.0	-0.047033	0.00010519	0.19089	liquid
141.69	420.00	420.31	0.0023792	63.177	163.10	0.50496	2.0396	3.2472	1448.9	-0.046877	0.00010371	0.18981	liquid
142.69	420.00	419.24	0.0023853	66.169	166.35	0.52780	2.0363	3.2476	1442.7	-0.046718	0.00010227	0.18873	liquid
143.69	420.00	418.17	0.0023914	69.161	169.60	0.55048	2.0329	3.2481	1436.6	-0.046556	0.00010086	0.18766	liquid
144.69	420.00	417.10	0.0023975	72.152	172.85	0.57301	2.0296	3.2485	1430.5	-0.046391	9.9491e-05	0.18658	liquid
145.69	420.00	416.03	0.0024037	75.141	176.10	0.59538	2.0263	3.2490	1424.4	-0.046224	9.8155e-05	0.18552	liquid
146.69	420.00	414.96	0.0024099	78.130	179.35	0.61761	2.0231	3.2495	1418.4	-0.046054	9.6852e-05	0.18445	liquid
147.69	420.00	413.88	0.0024161	81.117	182.59	0.63969	2.0198	3.2500	1412.3	-0.045882	9.5582e-05	0.18340	liquid
148.69	420.00	412.81	0.0024224	84.104	185.85	0.66162	2.0166	3.2505	1406.3	-0.045706	9.4341e-05	0.18234	liquid
149.69	420.00	411.74	0.0024287	87.089	189.10	0.68341	2.0135	3.2510	1400.2	-0.045528	9.3130e-05	0.18129	liquid
150.69	420.00	410.66	0.0024351	90.073	192.35	0.70506	2.0103	3.2515	1394.2	-0.045347	9.1948e-05	0.18025	liquid
151.69	420.00	409.59	0.0024415	93.056	195.60	0.72656	2.0072	3.2521	1388.3	-0.045163	9.0793e-05	0.17921	liquid
152.69	420.00	408.51	0.0024479	96.039	198.85	0.74793	2.0041	3.2526	1382.3	-0.044976	8.9664e-05	0.17817	liquid
153.69	420.00	407.43	0.0024544	99.020	202.10	0.76917	2.0011	3.2532	1376.3	-0.044786	8.8560e-05	0.17714	liquid
154.69	420.00	406.36	0.0024609	102.00	205.36	0.79027	1.9981	3.2538	1370.4	-0.044592	8.7482e-05	0.17612	liquid
155.69	420.00	405.28	0.0024674	104.98	208.61	0.81123	1.9951	3.2543	1364.5	-0.044396	8.6427e-05	0.17510	liquid
156.69	420.00	404.20	0.0024740	107.96	211.87	0.83207	1.9921	3.2550	1358.6	-0.044197	8.5395e-05	0.17408	liquid
157.69	420.00	403.12	0.0024807	110.93	215.12	0.85278	1.9892	3.2556	1352.7	-0.043995	8.4385e-05	0.17307	liquid
158.69	420.00	402.04	0.0024873	113.91	218.38	0.87336	1.9863	3.2562	1346.9	-0.043790	8.3396e-05	0.17207	liquid
159.69	420.00	400.96	0.0024940	116.88	221.63	0.89382	1.9834	3.2568	1341.1	-0.043581	8.2429e-05	0.17107	liquid
160.69	420.00	399.87	0.0025008	119.86	224.89	0.91415	1.9806	3.2575	1335.3	-0.043370	8.1481e-05	0.17007	liquid
161.69	420.00	398.79	0.0025076	122.83	228.15	0.93436	1.9778	3.2582	1329.5	-0.043155	8.0553e-05	0.16908	liquid
162.69	420.00	397.71	0.0025144	125.80	231.41	0.95445	1.9750	3.2589	1323.7	-0.042937	7.9645e-05	0.16810	liquid
163.69	420.00	396.62	0.0025213	128.77	234.67	0.97442	1.9723	3.2596	1318.0	-0.042716	7.8754e-05	0.16712	liquid
164.69	420.00	395.54	0.0025282	131.74	237.93	0.99428	1.9696	3.2603	1312.2	-0.042492	7.7881e-05	0.16615	liquid
165.69	420.00	394.45	0.0025352	134.71	241.19	1.0140	1.9669	3.2610	1306.5	-0.042264	7.7025e-05	0.16518	liquid
166.69	420.00	393.36	0.0025422	137.68	244.45	1.0336	1.9643	3.2618	1300.8	-0.042033	7.6187e-05	0.16422	liquid
167.69	420.00	392.28	0.0025492	140.64	247.71	1.0532	1.9617	3.2625	1295.2	-0.041799	7.5364e-05	0.16327	liquid
168.69	420.00	391.19	0.0025563	143.61	250.97	1.0726	1.9591	3.2633	1289.5	-0.041561	7.4557e-05	0.16232	liquid
169.69	420.00	390.10	0.0025634	146.57	254.24	1.0918	1.9565	3.2641	1283.9	-0.041320	7.3766e-05	0.16137	liquid
170.69	420.00	389.01	0.0025706	149.54	257.50	1.1110	1.9540	3.2649	1278.3	-0.041076	7.2990e-05	0.16043	liquid
171.69	420.00	387.92	0.0025779	152.50	260.77	1.1301	1.9515	3.2657	1272.7	-0.040828	7.2228e-05	0.15950	liquid
172.69	420.00	386.83	0.0025851	155.46	264.03	1.1491	1.9491	3.2665	1267.2	-0.040577	7.1480e-05	0.15858	liquid
173.69	420.00	385.74	0.0025924	158.42	267.30	1.1679	1.9467	3.2673	1261.7	-0.040322	7.0746e-05	0.15766	liquid
174.69	420.00	384.64	0.0025998	161.38	270.57	1.1867	1.9443	3.2682	1256.2	-0.040064	7.0026e-05	0.15674	liquid
175.69	420.00	383.55	0.0026072	164.33	273.84	1.2053	1.9419	3.2690	1250.7	-0.039803	6.9318e-05	0.15583	liquid
176.69	420.00	382.46	0.0026147	167.29	277.11	1.2239	1.9396	3.2699	1245.2	-0.039538	6.8624e-05	0.15493	liquid
177.69	420.00	381.36	0.0026222	170.24	280.38	1.2424	1.9373	3.2708	1239.8	-0.039269	6.7941e-05	0.15404	liquid
178.69	420.00	380.27	0.0026297	173.20	283.65	1.2607	1.9351	3.2717	1234.4	-0.038997	6.7271e-05	0.15315	liquid
179.69	420.00	379.17	0.0026373	176.15	286.92	1.2790	1.9328	3.2726	1229.0	-0.038722	6.6613e-05	0.15226	liquid
180.69	420.00	378.07	0.0026450	179.10	290.19	1.2971	1.9306	3.2735	1223.6	-0.038443	6.5966e-05	0.15139	liquid
181.69	420.00	376.98	0.0026527	182.05	293.47	1.3152	1.9285	3.2745	1218.3	-0.038161	6.5330e-05	0.15051	liquid
182.69	420.00	375.88	0.0026604	185.00	296.74	1.3332	1.9264	3.2754	1212.9	-0.037875	6.4705e-05	0.14965	liquid
183.69	420.00	374.78	0.0026682	187.95	300.02	1.3511	1.9243	3.2764	1207.7	-0.037585	6.4091e-05	0.14879	liquid
184.69	420.00	373.68	0.0026761	190.90	303.29	1.3689	1.9222	3.2773	1202.4	-0.037292	6.3487e-05	0.14794	liquid
185.69	420.00	372.58	0.0026840	193.85	306.57	1.3866	1.9202	3.2783	1197.1	-0.036996	6.2893e-05	0.14709	liquid
186.69	420.00	371.48	0.0026919	196.79	309.85	1.4042	1.9182	3.2793	1191.9	-0.036696	6.2309e-05	0.14626	liquid
187.69	420.00	370.38	0.0026999	199.73	313.13	1.4217	1.9162	3.2803	1186.7	-0.036392	6.1735e-05	0.14542	liquid
188.69	420.00	369.28	0.0027080	202.68	316.41	1.4391	1.9143	3.2813	1181.6	-0.036085	6.1171e-05	0.14460	liquid
189.69	420.00	368.18	0.0027161	205.62	319.69	1.4565	1.9124	3.2823	1176.4	-0.035774	6.0615e-05	0.14378	liquid
190.69	420.00	367.08	0.0027242	208.56	322.98	1.4737	1.9105	3.2833	1171.3	-0.035460	6.0069e-05	0.14297	supercritical
191.69	420.00	365.97	0.0027324	211.50	326.26	1.4909	1.9087	3.2843	1166.2	-0.035142	5.9532e-05	0.14216	supercritical
192.69	420.00	364.87	0.0027407	214.44	329.54	1.5080	1.9069	3.2853	1161.2	-0.034821	5.9003e-05	0.14135	supercritical
193.69	420.00	363.77	0.0027490	217.37	332.83	1.5250	1.9051	3.2864	1156.1	-0.034497	5.8483e-05	0.14055	supercritical
194.69	420.00	362.66	0.0027574	220.31	336.12	1.5419	1.9034	3.2874	1151.1	-0.034168	5.7971e-05	0.13976	supercritical
195.69	420.00	361.56	0.0027658	223.24	339.41	1.5588	1.9017	3.2885	1146.1	-0.033837	5.7467e-05	0.13898	supercritical
196.69	420.00	360.46	0.0027743	226.18	342.69	1.5755	1.9000	3.2895	1141.2	-0.033501	5.6971e-05	0.13820	supercritical
197.69	420.00	359.35	0.0027828	229.11	345.98	1.5922	1.8984	3.2906	1136.3	-0.033163	5.6482e-05	0.13742	supercritical
198.69	420.00	358.25	0.0027914	232.04	349.28	1.6088	1.8968	3.2916	1131.4	-0.032821	5.6002e-05	0.13666	supercritical
199.69	420.00	357.14	0.0028000	234.97	352.57	1.6253	1.8952	3.2927	1126.5	-0.032475	5.5528e-05	0.13590	supercritical
200.69	420.00	356.04	0.0028087	237.90	355.86	1.6418	1.8937	3.2937	1121.6	-0.032126	5.5062e-05	0.13514	supercritical
201.69	420.00	354.93	0.0028175	240.82	359.16	1.6582	1.8922	3.2948	1116.8	-0.031774	5.4603e-05	0.13440	supercritical
202.69	420.00	353.82	0.0028263	243.75	362.45	1.6745	1.8907	3.2959	1112.0	-0.031418	5.4151e-05	0.13366	supercritical
203.69	420.00	352.72	0.0028351	246.67	365.75	1.6907	1.8893	3.2969	1107.3	-0.031059	5.3706e-05	0.13292	supercritical
204.69	420.00	351.61	0.0028440	249.59	369.04	1.7068	1.8879	3.2980	1102.6	-0.030696	5.3268e-05	0.13219	supercritical
205.69	420.00	350.51	0.0028530	252.52	372.34	1.7229	1.8865	3.2991	1097.8	-0.030331	5.2836e-05	0.13147	supercritical
206.69	420.00	349.40	0.0028621	255.44	375.64	1.7389	1.8852	3.3001	1093.2	-0.029961	5.2411e-05	0.13076	supercritical
207.69	420.00	348.29	0.0028712	258.35	378.94	1.7548	1.8839	3.3012	1088.5	-0.029589	5.1992e-05	0.13005	supercritical
208.69	420.00	347.19	0.0028803	261.27	382.24	1.7707	1.8826	3.3022	1083.9	-0.029214	5.1579e-05	0.12934	supercritical
209.69	420.00	346.08	0.0028895	264.19	385.55	1.7865	1.8814	3.3033	1079.3	-0.028835	5.1173e-05	0.12865	supercritical
210.69	420.00	344.97	0.0028988	267.10	388.85	1.8022	1.8802	3.3043	1074.8	-0.028453	5.0772e-05	0.12796	supercritical
211.69	420.00	343.87	0.0029081	270.02	392.16	1.8179	1.8790	3.3054	1070.3	-0.028068	5.0377e-05	0.12727	supercritical
212.69	420.00	342.76	0.0029175	272.93	395.46	1.8334	1.8779	3.3064	1065.8	-0.027680	4.9988e-05	0.12659	supercritical
213.69	420.00	341.66	0.0029269	275.84	398.77	1.8490	1.8768	3.3074	1061.3	-0.027289	4.9604e-05	0.12592	supercritical
214.69	420.00	340.55	0.0029364	278.75	402.08	1.8644	1.8757	3.3085	1056.9	-0.026895	4.9226e-05	0.12526	supercritical
215.69	420.00	339.44	0.0029460	281.65	405.39	1.8798	1.8746	3.3095	1052.5	-0.026498	4.8854e-05	0.12460	supercritical
216.69	420.00	338.34	0.0029556	284.56	408.70	1.8951	1.8736	3.3105	1048.1	-0.026098	4.8486e-05	0.12395	supercritical
217.69	420.00	337.23	0.0029653	287.46	412.01	1.9103	1.8727	3.3115	1043.7	-0.025696	4.8124e-05	0.12330	supercritical
218.69	420.00	336.13	0.0029750	290.37	415.32	1.9255	1.8717	3.3125	1039.4	-0.025290	4.7768e-05	0.12266	supercritical
219.69	420.00	335.03	0.0029848	293.27	418.63	1.9406	1.8708	3.3135	1035.2	-0.024882	4.7416e-05	0.12202	supercritical
220.69	420.00	333.92	0.0029947	296.17	421.95	1.9557	1.8699	3.3144	1030.9	-0.024471	4.7069e-05	0.12140	supercritical
221.69	420.00	332.82	0.0030046	299.07	425.26	1.9707	1.8691	3.3154	1026.7	-0.024057	4.6727e-05	0.12077	supercritical
222.69	420.00	331.72	0.0030146	301.96	428.58	1.9856	1.8683	3.3163	1022.5	-0.023641	4.6390e-05	0.12016	supercritical
223.69	420.00	330.61	0.0030247	304.86	431.89	2.0004	1.8675	3.3172	1018.4	-0.023222	4.6057e-05	0.11955	supercritical
224.69	420.00	329.51	0.0030348	307.75	435.21	2.0152	1.8667	3.3182	1014.2	-0.022801	4.5730e-05	0.11895	supercritical
225.69	420.00	328.41	0.0030449	310.64	438.53	2.0300	1.8660	3.3191	1010.1	-0.022378	4.5406e-05	0.11835	supercritical
226.69	420.00	327.31	0.0030552	313.53	441.85	2.0447	1.8653	3.3199	1006.1	-0.021952	4.5088e-05	0.11776	supercritical
227.69	420.00	326.21	0.0030655	316.42	445.17	2.0593	1.8647	3.3208	1002.1	-0.021524	4.4773e-05	0.11717	supercritical
228.69	420.00	325.12	0.0030758	319.31	448.49	2.0738	1.8641	3.3217	998.07	-0.021093	4.4463e-05	0.11660	supercritical
229.69	420.00	324.02	0.0030862	322.19	451.81	2.0883	1.8635	3.3225	994.11	-0.020661	4.4157e-05	0.11602	supercritical
230.69	420.00	322.92	0.0030967	325.07	455.14	2.1028	1.8629	3.3233	990.18	-0.020226	4.3856e-05	0.11546	supercritical
231.69	420.00	321.83	0.0031073	327.95	458.46	2.1171	1.8624	3.3241	986.28	-0.019789	4.3558e-05	0.11490	supercritical
232.69	420.00	320.73	0.0031179	330.83	461.78	2.1314	1.8619	3.3249	982.42	-0.019351	4.3265e-05	0.11434	supercritical
233.69	420.00	319.64	0.0031285	333.71	465.11	2.1457	1.8614	3.3256	978.59	-0.018911	4.2976e-05	0.11379	supercritical
234.69	420.00	318.55	0.0031393	336.59	468.44	2.1599	1.8610	3.3263	974.79	-0.018469	4.2690e-05	0.11325	supercritical
235.69	420.00	317.46	0.0031500	339.46	471.76	2.1741	1.8606	3.3271	971.03	-0.018025	4.2409e-05	0.11271	supercritical
236.69	420.00	316.37	0.0031609	342.33	475.09	2.1881	1.8602	3.3277	967.30	-0.017579	4.2131e-05	0.11218	supercritical
237.69	420.00	315.28	0.0031718	345.20	478.42	2.2022	1.8599	3.3284	963.60	-0.017132	4.1857e-05	0.11166	supercritical
238.69	420.00	314.19	0.0031828	348.07	481.75	2.2161	1.8596	3.3290	959.94	-0.016684	4.1586e-05	0.11114	supercritical
239.69	420.00	313.10	0.0031938	350.93	485.08	2.2301	1.8593	3.3297	956.31	-0.016234	4.1320e-05	0.11063	supercritical
240.69	420.00	312.02	0.0032049	353.80	488.41	2.2439	1.8590	3.3303	952.71	-0.015783	4.1057e-05	0.11012	supercritical
241.69	420.00	310.94	0.0032161	356.66	491.74	2.2577	1.8588	3.3308	949.15	-0.015331	4.0797e-05	0.10962	supercritical
242.69	420.00	309.86	0.0032273	359.52	495.07	2.2715	1.8586	3.3314	945.62	-0.014878	4.0541e-05	0.10912	supercritical
243.69	420.00	308.78	0.0032386	362.38	498.40	2.2852	1.8585	3.3319	942.12	-0.014424	4.0288e-05	0.10864	supercritical
244.69	420.00	307.70	0.0032499	365.23	501.73	2.2988	1.8584	3.3324	938.66	-0.013969	4.0039e-05	0.10815	supercritical
245.69	420.00	306.62	0.0032614	368.09	505.06	2.3124	1.8583	3.3328	935.23	-0.013513	3.9793e-05	0.10767	supercritical
246.69	420.00	305.55	0.0032728	370.94	508.40	2.3260	1.8582	3.3333	931.83	-0.013056	3.9551e-05	0.10720	supercritical
247.69	420.00	304.47	0.0032844	373.79	511.73	2.3394	1.8582	3.3337	928.47	-0.012599	3.9311e-05	0.10674	supercritical
248.69	420.00	303.40	0.0032960	376.63	515.06	2.3529	1.8582	3.3340	925.14	-0.012141	3.9075e-05	0.10627	supercritical
249.69	420.00	302.33	0.0033076	379.48	518.40	2.3663	1.8582	3.3344	921.84	-0.011683	3.8842e-05	0.10582	supercritical
250.69	420.00	301.27	0.0033193	382.32	521.73	2.3796	1.8582	3.3347	918.58	-0.011224	3.8612e-05	0.10537	supercritical
251.69	420.00	300.20	0.0033311	385.16	525.07	2.3929	1.8583	3.3350	915.35	-0.010765	3.8385e-05	0.10493	supercritical
252.69	420.00	299.14	0.0033429	388.00	528.40	2.4061	1.8584	3.3352	912.15	-0.010306	3.8161e-05	0.10449	supercritical
253.69	420.00	298.08	0.0033548	390.83	531.74	2.4193	1.8586	3.3355	908.99	-0.0098469	3.7940e-05	0.10405	supercritical
254.69	420.00	297.02	0.0033668	393.67	535.07	2.4324	1.8588	3.3357	905.86	-0.0093878	3.7722e-05	0.10363	supercritical
255.69	420.00	295.96	0.0033788	396.50	538.41	2.4455	1.8590	3.3358	902.77	-0.0089288	3.7507e-05	0.10321	supercritical
256.69	420.00	294.91	0.0033909	399.33	541.74	2.4585	1.8592	3.3360	899.70	-0.0084701	3.7295e-05	0.10279	supercritical
257.69	420.00	293.85	0.0034030	402.15	545.08	2.4714	1.8594	3.3361	896.67	-0.0080118	3.7086e-05	0.10238	supercritical
258.69	420.00	292.80	0.0034152	404.98	548.42	2.4844	1.8597	3.3361	893.68	-0.0075538	3.6879e-05	0.10197	supercritical
259.69	420.00	291.76	0.0034275	407.80	551.75	2.4972	1.8600	3.3362	890.72	-0.0070964	3.6675e-05	0.10157	supercritical
260.69	420.00	290.71	0.0034398	410.62	555.09	2.5101	1.8604	3.3362	887.79	-0.0066397	3.6474e-05	0.10118	supercritical
261.69	420.00	289.67	0.0034522	413.43	558.43	2.5228	1.8608	3.3362	884.89	-0.0061836	3.6276e-05	0.10079	supercritical
262.69	420.00	288.63	0.0034646	416.25	561.76	2.5356	1.8612	3.3361	882.03	-0.0057284	3.6080e-05	0.10041	supercritical
263.69	420.00	287.59	0.0034771	419.06	565.10	2.5482	1.8616	3.3360	879.19	-0.0052741	3.5886e-05	0.10003	supercritical
264.69	420.00	286.56	0.0034897	421.87	568.43	2.5609	1.8620	3.3359	876.40	-0.0048209	3.5696e-05	0.099653	supercritical
265.69	420.00	285.53	0.0035023	424.67	571.77	2.5734	1.8625	3.3357	873.63	-0.0043688	3.5508e-05	0.099284	supercritical
266.69	420.00	284.50	0.0035149	427.48	575.11	2.5860	1.8630	3.3356	870.90	-0.0039179	3.5322e-05	0.098921	supercritical
267.69	420.00	283.48	0.0035276	430.28	578.44	2.5985	1.8636	3.3354	868.20	-0.0034683	3.5139e-05	0.098563	supercritical
268.69	420.00	282.45	0.0035404	433.08	581.78	2.6109	1.8641	3.3351	865.53	-0.0030202	3.4958e-05	0.098210	supercritical
269.69	420.00	281.43	0.0035532	435.87	585.11	2.6233	1.8647	3.3348	862.89	-0.0025736	3.4780e-05	0.097862	supercritical
270.69	420.00	280.42	0.0035661	438.67	588.45	2.6356	1.8654	3.3345	860.29	-0.0021286	3.4604e-05	0.097518	supercritical
271.69	420.00	279.40	0.0035791	441.46	591.78	2.6479	1.8660	3.3342	857.71	-0.0016853	3.4430e-05	0.097180	supercritical
272.69	420.00	278.39	0.0035921	444.25	595.11	2.6602	1.8667	3.3338	855.17	-0.0012438	3.4259e-05	0.096847	supercritical
273.69	420.00	277.38	0.0036051	447.03	598.45	2.6724	1.8674	3.3334	852.66	-0.00080421	3.4090e-05	0.096519	supercritical
274.69	420.00	276.38	0.0036182	449.82	601.78	2.6845	1.8681	3.3330	850.19	-0.00036662	3.3924e-05	0.096195	supercritical
275.69	420.00	275.38	0.0036314	452.60	605.11	2.6966	1.8689	3.3325	847.74	6.8890e-05	3.3759e-05	0.095877	supercritical
276.69	420.00	274.38	0.0036446	455.37	608.45	2.7087	1.8696	3.3320	845.32	0.00050222	3.3597e-05	0.095563	supercritical
277.69	420.00	273.39	0.0036578	458.15	611.78	2.7207	1.8704	3.3315	842.94	0.00093329	3.3437e-05	0.095254	supercritical
278.69	420.00	272.39	0.0036711	460.92	615.11	2.7327	1.8713	3.3310	840.59	0.0013620	3.3279e-05	0.094949	supercritical
279.69	420.00	271.41	0.0036845	463.69	618.44	2.7446	1.8721	3.3304	838.26	0.0017883	3.3123e-05	0.094650	supercritical
280.69	420.00	270.42	0.0036979	466.46	621.77	2.7565	1.8730	3.3298	835.97	0.0022120	3.2969e-05	0.094354	supercritical
281.69	420.00	269.44	0.0037114	469.22	625.10	2.7683	1.8739	3.3292	833.71	0.0026331	3.2818e-05	0.094064	supercritical
282.69	420.00	268.46	0.0037249	471.98	628.43	2.7801	1.8748	3.3285	831.48	0.0030515	3.2668e-05	0.093778	supercritical
283.69	420.00	267.49	0.0037384	474.74	631.76	2.7919	1.8758	3.3278	829.27	0.0034672	3.2521e-05	0.093497	supercritical
284.69	420.00	266.52	0.0037521	477.50	635.08	2.8036	1.8768	3.3271	827.10	0.0038799	3.2375e-05	0.093220	supercritical
285.69	420.00	265.55	0.0037657	480.25	638.41	2.8153	1.8778	3.3264	824.96	0.0042898	3.2231e-05	0.092947	supercritical
286.69	420.00	264.59	0.0037794	483.00	641.74	2.8269	1.8788	3.3256	822.84	0.0046966	3.2090e-05	0.092679	supercritical
287.69	420.00	263.63	0.0037932	485.75	645.06	2.8385	1.8799	3.3248	820.76	0.0051003	3.1950e-05	0.092416	supercritical
288.69	420.00	262.68	0.0038070	488.49	648.39	2.8500	1.8810	3.3240	818.70	0.0055008	3.1812e-05	0.092156	supercritical
289.69	420.00	261.72	0.0038208	491.24	651.71	2.8615	1.8821	3.3232	816.68	0.0058981	3.1676e-05	0.091901	supercritical
290.69	420.00	260.78	0.0038347	493.98	655.03	2.8729	1.8832	3.3223	814.68	0.0062921	3.1542e-05	0.091650	supercritical
291.69	420.00	259.83	0.0038486	496.71	658.35	2.8844	1.8843	3.3214	812.71	0.0066827	3.1410e-05	0.091404	supercritical
292.69	420.00	258.89	0.0038626	499.45	661.68	2.8957	1.8855	3.3205	810.76	0.0070698	3.1280e-05	0.091161	supercritical
293.69	420.00	257.96	0.0038766	502.18	665.00	2.9070	1.8867	3.3196	808.85	0.0074534	3.1151e-05	0.090923	supercritical
294.69	420.00	257.02	0.0038907	504.91	668.31	2.9183	1.8880	3.3186	806.96	0.0078335	3.1024e-05	0.090689	supercritical
295.69	420.00	256.10	0.0039048	507.63	671.63	2.9296	1.8892	3.3177	805.10	0.0082098	3.0899e-05	0.090459	supercritical
296.69	420.00	255.17	0.0039189	510.35	674.95	2.9408	1.8905	3.3167	803.27	0.0085825	3.0776e-05	0.090233	supercritical
297.69	420.00	254.25	0.0039331	513.07	678.27	2.9519	1.8918	3.3157	801.47	0.0089514	3.0654e-05	0.090011	supercritical
298.69	420.00	253.33	0.0039474	515.79	681.58	2.9630	1.8931	3.3147	799.69	0.0093165	3.0534e-05	0.089792	supercritical
299.69	420.00	252.42	0.0039616	518.51	684.90	2.9741	1.8944	3.3136	797.94	0.0096777	3.0416e-05	0.089578	supercritical
300.69	420.00	251.51	0.0039759	521.22	688.21	2.9852	1.8958	3.3126	796.21	0.010035	3.0299e-05	0.089368	supercritical
301.69	420.00	250.61	0.0039903	523.93	691.52	2.9962	1.8972	3.3115	794.51	0.010388	3.0184e-05	0.089161	supercritical
302.69	420.00	249.71	0.0040047	526.64	694.83	3.0071	1.8986	3.3104	792.84	0.010738	3.0071e-05	0.088959	supercritical
303.69	420.00	248.81	0.0040191	529.34	698.14	3.0180	1.9000	3.3093	791.19	0.011083	2.9959e-05	0.088760	supercritical
304.69	420.00	247.92	0.0040336	532.04	701.45	3.0289	1.9015	3.3082	789.57	0.011424	2.9848e-05	0.088564	supercritical
305.69	420.00	247.03	0.0040480	534.74	704.76	3.0397	1.9029	3.3071	787.97	0.011761	2.9740e-05	0.088373	supercritical
306.69	420.00	246.15	0.0040626	537.44	708.06	3.0505	1.9044	3.3059	786.40	0.012094	2.9632e-05	0.088185	supercritical
307.69	420.00	245.27	0.0040771	540.13	711.37	3.0613	1.9060	3.3048	784.85	0.012422	2.9527e-05	0.088001	supercritical
308.69	420.00	244.39	0.0040918	542.82	714.67	3.0720	1.9075	3.3036	783.33	0.012746	2.9422e-05	0.087820	supercritical
309.69	420.00	243.52	0.0041064	545.51	717.98	3.0827	1.9091	3.3024	781.83	0.013066	2.9320e-05	0.087643	supercritical
310.69	420.00	242.66	0.0041211	548.19	721.28	3.0933	1.9106	3.3012	780.35	0.013382	2.9218e-05	0.087469	supercritical
311.69	420.00	241.79	0.0041358	550.88	724.58	3.1040	1.9122	3.3000	778.90	0.013693	2.9118e-05	0.087299	supercritical
312.69	420.00	240.94	0.0041505	553.56	727.88	3.1145	1.9139	3.2988	777.47	0.014000	2.9020e-05	0.087132	supercritical
313.69	420.00	240.08	0.0041653	556.24	731.18	3.1251	1.9155	3.2976	776.06	0.014302	2.8923e-05	0.086968	supercritical
314.69	420.00	239.23	0.0041801	558.91	734.47	3.1355	1.9172	3.2964	774.68	0.014600	2.8827e-05	0.086808	supercritical
315.69	420.00	238.39	0.0041949	561.58	737.77	3.1460	1.9189	3.2952	773.32	0.014894	2.8733e-05	0.086651	supercritical
316.69	420.00	237.54	0.0042097	564.25	741.06	3.1564	1.9206	3.2940	771.99	0.015183	2.8640e-05	0.086498	supercritical
317.69	420.00	236.71	0.0042246	566.92	744.36	3.1668	1.9223	3.2927	770.67	0.015467	2.8548e-05	0.086348	supercritical
318.69	420.00	235.87	0.0042395	569.59	747.65	3.1772	1.9240	3.2915	769.38	0.015747	2.8458e-05	0.086201	supercritical
319.69	420.00	235.05	0.0042545	572.25	750.94	3.1875	1.9258	3.2903	768.11	0.016023	2.8369e-05	0.086057	supercritical
320.69	420.00	234.22	0.0042695	574.91	754.23	3.1977	1.9276	3.2890	766.86	0.016294	2.8281e-05	0.085916	supercritical
321.69	420.00	233.40	0.0042845	577.57	757.52	3.2080	1.9294	3.2878	765.63	0.016560	2.8195e-05	0.085779	supercritical
322.69	420.00	232.59	0.0042995	580.23	760.81	3.2182	1.9312	3.2865	764.42	0.016822	2.8109e-05	0.085644	supercritical
323.69	420.00	231.78	0.0043145	582.88	764.09	3.2283	1.9331	3.2853	763.23	0.017079	2.8025e-05	0.085513	supercritical
324.69	420.00	230.97	0.0043296	585.53	767.38	3.2385	1.9349	3.2841	762.06	0.017332	2.7943e-05	0.085384	supercritical
325.69	420.00	230.17	0.0043447	588.18	770.66	3.2486	1.9368	3.2828	760.92	0.017580	2.7861e-05	0.085259	supercritical
326.69	420.00	229.37	0.0043598	590.83	773.94	3.2586	1.9387	3.2816	759.79	0.017824	2.7781e-05	0.085137	supercritical
327.69	420.00	228.57	0.0043750	593.47	777.22	3.2687	1.9407	3.2804	758.69	0.018063	2.7701e-05	0.085017	supercritical
328.69	420.00	227.78	0.0043901	596.12	780.50	3.2787	1.9426	3.2791	757.60	0.018297	2.7623e-05	0.084900	supercritical
329.69	420.00	227.00	0.0044053	598.76	783.78	3.2886	1.9446	3.2779	756.53	0.018527	2.7546e-05	0.084787	supercritical
330.69	420.00	226.22	0.0044206	601.40	787.06	3.2985	1.9465	3.2767	755.48	0.018752	2.7471e-05	0.084676	supercritical
331.69	420.00	225.44	0.0044358	604.03	790.33	3.3084	1.9485	3.2755	754.45	0.018973	2.7396e-05	0.084567	supercritical
332.69	420.00	224.67	0.0044510	606.67	793.61	3.3183	1.9506	3.2743	753.44	0.019189	2.7322e-05	0.084462	supercritical
333.69	420.00	223.90	0.0044663	609.30	796.88	3.3281	1.9526	3.2731	752.45	0.019401	2.7250e-05	0.084359	supercritical
334.69	420.00	223.13	0.0044816	611.93	800.16	3.3379	1.9546	3.2719	751.48	0.019608	2.7179e-05	0.084259	supercritical
335.69	420.00	222.37	0.0044969	614.56	803.43	3.3477	1.9567	3.2707	750.52	0.019810	2.7108e-05	0.084162	supercritical
336.69	420.00	221.62	0.0045123	617.18	806.70	3.3574	1.9588	3.2695	749.58	0.020008	2.7039e-05	0.084068	supercritical
337.69	420.00	220.87	0.0045276	619.81	809.97	3.3671	1.9609	3.2683	748.66	0.020202	2.6971e-05	0.083976	supercritical
338.69	420.00	220.12	0.0045430	622.43	813.23	3.3768	1.9630	3.2672	747.76	0.020391	2.6904e-05	0.083886	supercritical
339.69	420.00	219.38	0.0045584	625.05	816.50	3.3864	1.9652	3.2660	746.87	0.020576	2.6837e-05	0.083799	supercritical
340.69	420.00	218.64	0.0045738	627.67	819.77	3.3960	1.9673	3.2649	746.00	0.020756	2.6772e-05	0.083715	supercritical
341.69	420.00	217.90	0.0045892	630.28	823.03	3.4055	1.9695	3.2637	745.14	0.020932	2.6708e-05	0.083633	supercritical
342.69	420.00	217.17	0.0046047	632.90	826.29	3.4151	1.9717	3.2626	744.31	0.021103	2.6645e-05	0.083554	supercritical
343.69	420.00	216.45	0.0046201	635.51	829.55	3.4246	1.9739	3.2615	743.49	0.021270	2.6582e-05	0.083477	supercritical
344.69	420.00	215.72	0.0046356	638.12	832.82	3.4341	1.9761	3.2604	742.68	0.021433	2.6521e-05	0.083403	supercritical
345.69	420.00	215.01	0.0046511	640.73	836.08	3.4435	1.9784	3.2593	741.89	0.021591	2.6461e-05	0.083331	supercritical
346.69	420.00	214.29	0.0046666	643.34	839.33	3.4529	1.9806	3.2583	741.12	0.021745	2.6401e-05	0.083262	supercritical
347.69	420.00	213.58	0.0046821	645.95	842.59	3.4623	1.9829	3.2572	740.36	0.021895	2.6343e-05	0.083194	supercritical
348.69	420.00	212.88	0.0046976	648.55	845.85	3.4717	1.9852	3.2562	739.62	0.022040	2.6285e-05	0.083130	supercritical
349.69	420.00	212.17	0.0047131	651.15	849.10	3.4810	1.9875	3.2552	738.89	0.022182	2.6228e-05	0.083067	supercritical
350.69	420.00	211.48	0.0047287	653.76	852.36	3.4903	1.9898	3.2542	738.18	0.022319	2.6172e-05	0.083007	supercritical
351.69	420.00	210.78	0.0047442	656.36	855.61	3.4995	1.9921	3.2532	737.48	0.022452	2.6117e-05	0.082949	supercritical
352.69	420.00	210.09	0.0047598	658.95	858.87	3.5088	1.9945	3.2522	736.80	0.022580	2.6063e-05	0.082893	supercritical
353.69	420.00	209.41	0.0047754	661.55	862.12	3.5180	1.9969	3.2512	736.13	0.022705	2.6010e-05	0.082840	supercritical
354.69	420.00	208.73	0.0047910	664.15	865.37	3.5272	1.9992	3.2503	735.47	0.022826	2.5957e-05	0.082788	supercritical
355.69	420.00	208.05	0.0048066	666.74	868.62	3.5363	2.0016	3.2494	734.83	0.022942	2.5905e-05	0.082739	supercritical
356.69	420.00	207.37	0.0048222	669.33	871.87	3.5454	2.0041	3.2485	734.20	0.023055	2.5854e-05	0.082692	supercritical
357.69	420.00	206.70	0.0048378	671.93	875.11	3.5545	2.0065	3.2476	733.59	0.023164	2.5804e-05	0.082647	supercritical
358.69	420.00	206.04	0.0048535	674.52	878.36	3.5636	2.0089	3.2467	732.99	0.023268	2.5755e-05	0.082605	supercritical
359.69	420.00	205.38	0.0048691	677.11	881.61	3.5726	2.0114	3.2458	732.40	0.023369	2.5706e-05	0.082564	supercritical
360.69	420.00	204.72	0.0048847	679.69	884.85	3.5816	2.0139	3.2450	731.82	0.023466	2.5659e-05	0.082525	supercritical
361.69	420.00	204.06	0.0049004	682.28	888.10	3.5906	2.0163	3.2442	731.26	0.023559	2.5612e-05	0.082489	supercritical
362.69	420.00	203.41	0.0049161	684.87	891.34	3.5996	2.0188	3.2434	730.71	0.023649	2.5566e-05	0.082454	supercritical
363.69	420.00	202.77	0.0049317	687.45	894.59	3.6085	2.0214	3.2426	730.17	0.023734	2.5520e-05	0.082422	supercritical
364.69	420.00	202.13	0.0049474	690.04	897.83	3.6174	2.0239	3.2419	729.65	0.023816	2.5475e-05	0.082391	supercritical
365.69	420.00	201.49	0.0049631	692.62	901.07	3.6263	2.0264	3.2411	729.13	0.023895	2.5431e-05	0.082363	supercritical
366.69	420.00	200.85	0.0049788	695.20	904.31	3.6351	2.0290	3.2404	728.63	0.023969	2.5388e-05	0.082336	supercritical
367.69	420.00	200.22	0.0049945	697.78	907.55	3.6440	2.0316	3.2397	728.14	0.024040	2.5345e-05	0.082311	supercritical
368.69	420.00	199.59	0.0050102	700.36	910.79	3.6528	2.0341	3.2391	727.66	0.024108	2.5303e-05	0.082289	supercritical
369.69	420.00	198.97	0.0050259	702.94	914.03	3.6615	2.0367	3.2384	727.19	0.024172	2.5262e-05	0.082268	supercritical
370.69	420.00	198.35	0.0050416	705.52	917.27	3.6703	2.0393	3.2378	726.74	0.024232	2.5222e-05	0.082249	supercritical
371.69	420.00	197.73	0.0050573	708.09	920.50	3.6790	2.0420	3.2372	726.29	0.024289	2.5182e-05	0.082232	supercritical
372.69	420.00	197.12	0.0050731	710.67	923.74	3.6877	2.0446	3.2366	725.86	0.024343	2.5142e-05	0.082216	supercritical
373.69	420.00	196.51	0.0050888	713.25	926.98	3.6964	2.0473	3.2360	725.44	0.024393	2.5104e-05	0.082203	supercritical
374.69	420.00	195.90	0.0051045	715.82	930.21	3.7050	2.0499	3.2355	725.03	0.024440	2.5066e-05	0.082191	supercritical
375.69	420.00	195.30	0.0051203	718.40	933.45	3.7136	2.0526	3.2350	724.62	0.024484	2.5029e-05	0.082181	supercritical
376.69	420.00	194.70	0.0051360	720.97	936.68	3.7222	2.0553	3.2345	724.23	0.024524	2.4992e-05	0.082173	supercritical
377.69	420.00	194.11	0.0051517	723.54	939.92	3.7308	2.0580	3.2340	723.85	0.024561	2.4956e-05	0.082167	supercritical
378.69	420.00	193.52	0.0051675	726.12	943.15	3.7394	2.0607	3.2335	723.48	0.024595	2.4920e-05	0.082162	supercritical
379.69	420.00	192.93	0.0051832	728.69	946.38	3.7479	2.0634	3.2331	723.12	0.024626	2.4886e-05	0.082159	supercritical
380.69	420.00	192.35	0.0051990	731.26	949.62	3.7564	2.0662	3.2327	722.77	0.024654	2.4851e-05	0.082158	supercritical
381.69	420.00	191.76	0.0052147	733.83	952.85	3.7649	2.0689	3.2323	722.43	0.024679	2.4818e-05	0.082158	supercritical
382.69	420.00	191.19	0.0052305	736.40	956.08	3.7733	2.0717	3.2320	722.09	0.024701	2.4785e-05	0.082160	supercritical
383.69	420.00	190.61	0.0052462	738.97	959.31	3.7818	2.0744	3.2316	721.77	0.024720	2.4752e-05	0.082164	supercritical
384.69	420.00	190.04	0.0052620	741.54	962.54	3.7902	2.0772	3.2313	721.46	0.024736	2.4720e-05	0.082169	supercritical
385.69	420.00	189.47	0.0052778	744.11	965.78	3.7986	2.0800	3.2310	721.15	0.024749	2.4689e-05	0.082176	supercritical
386.69	420.00	188.91	0.0052935	746.68	969.01	3.8069	2.0828	3.2307	720.86	0.024760	2.4658e-05	0.082185	supercritical
387.69	420.00	188.35	0.0053093	749.25	972.24	3.8153	2.0856	3.2305	720.57	0.024767	2.4628e-05	0.082195	supercritical
388.69	420.00	187.79	0.0053250	751.82	975.47	3.8236	2.0885	3.2303	720.29	0.024772	2.4598e-05	0.082207	supercritical
389.69	420.00	187.24	0.0053408	754.38	978.70	3.8319	2.0913	3.2301	720.02	0.024774	2.4569e-05	0.082220	supercritical
390.69	420.00	186.69	0.0053565	756.95	981.93	3.8402	2.0941	3.2299	719.76	0.024773	2.4540e-05	0.082235	supercritical
391.69	420.00	186.14	0.0053723	759.52	985.16	3.8484	2.0970	3.2298	719.51	0.024770	2.4512e-05	0.082252	supercritical
392.69	420.00	185.60	0.0053881	762.09	988.39	3.8567	2.0999	3.2296	719.27	0.024765	2.4484e-05	0.082269	supercritical
393.69	420.00	185.05	0.0054038	764.66	991.62	3.8649	2.1028	3.2295	719.03	0.024756	2.4457e-05	0.082289	supercritical
394.69	420.00	184.52	0.0054196	767.22	994.85	3.8731	2.1057	3.2294	718.80	0.024745	2.4430e-05	0.082310	supercritical
395.69	420.00	183.98	0.0054353	769.79	998.08	3.8812	2.1086	3.2294	718.58	0.024732	2.4404e-05	0.082332	supercritical
396.69	420.00	183.45	0.0054511	772.36	1001.3	3.8894	2.1115	3.2294	718.37	0.024716	2.4378e-05	0.082356	supercritical
397.69	420.00	182.92	0.0054668	774.93	1004.5	3.8975	2.1144	3.2294	718.16	0.024698	2.4353e-05	0.082381	supercritical
398.69	420.00	182.40	0.0054826	777.49	1007.8	3.9056	2.1173	3.2294	717.97	0.024678	2.4329e-05	0.082408	supercritical
399.69	420.00	181.87	0.0054983	780.06	1011.0	3.9137	2.1203	3.2294	717.78	0.024655	2.4304e-05	0.082436	supercritical
400.69	420.00	181.35	0.0055141	782.63	1014.2	3.9218	2.1232	3.2295	717.60	0.024630	2.4281e-05	0.082466	supercritical
401.69	420.00	180.84	0.0055298	785.20	1017.5	3.9298	2.1262	3.2295	717.42	0.024603	2.4257e-05	0.082497	supercritical
402.69	420.00	180.32	0.0055456	787.77	1020.7	3.9379	2.1291	3.2297	717.25	0.024573	2.4234e-05	0.082529	supercritical
403.69	420.00	179.81	0.0055613	790.34	1023.9	3.9459	2.1321	3.2298	717.09	0.024542	2.4212e-05	0.082563	supercritical
404.69	420.00	179.31	0.0055771	792.90	1027.1	3.9539	2.1351	3.2299	716.94	0.024508	2.4190e-05	0.082598	supercritical
405.69	420.00	178.80	0.0055928	795.47	1030.4	3.9618	2.1381	3.2301	716.79	0.024472	2.4168e-05	0.082635	supercritical
406.69	420.00	178.30	0.0056085	798.04	1033.6	3.9698	2.1411	3.2303	716.65	0.024434	2.4147e-05	0.082673	supercritical
407.69	420.00	177.80	0.0056243	800.61	1036.8	3.9777	2.1441	3.2305	716.52	0.024395	2.4126e-05	0.082712	supercritical
408.69	420.00	177.31	0.0056400	803.18	1040.1	3.9856	2.1472	3.2308	716.39	0.024353	2.4106e-05	0.082752	supercritical
409.69	420.00	176.81	0.0056557	805.75	1043.3	3.9935	2.1502	3.2311	716.27	0.024309	2.4086e-05	0.082794	supercritical
410.69	420.00	176.32	0.0056714	808.32	1046.5	4.0014	2.1532	3.2314	716.15	0.024263	2.4067e-05	0.082837	supercritical
411.69	420.00	175.84	0.0056871	810.90	1049.8	4.0093	2.1563	3.2317	716.05	0.024216	2.4048e-05	0.082881	supercritical
412.69	420.00	175.35	0.0057029	813.47	1053.0	4.0171	2.1593	3.2320	715.94	0.024166	2.4029e-05	0.082927	supercritical
413.69	420.00	174.87	0.0057186	816.04	1056.2	4.0249	2.1624	3.2324	715.85	0.024115	2.4011e-05	0.082974	supercritical
414.69	420.00	174.39	0.0057343	818.61	1059.5	4.0327	2.1655	3.2328	715.76	0.024062	2.3993e-05	0.083022	supercritical
415.69	420.00	173.91	0.0057500	821.19	1062.7	4.0405	2.1686	3.2332	715.67	0.024007	2.3975e-05	0.083071	supercritical
416.69	420.00	173.44	0.0057657	823.76	1065.9	4.0483	2.1717	3.2336	715.60	0.023951	2.3958e-05	0.083122	supercritical
417.69	420.00	172.97	0.0057814	826.34	1069.2	4.0560	2.1748	3.2341	715.52	0.023893	2.3941e-05	0.083174	supercritical
418.69	420.00	172.50	0.0057970	828.91	1072.4	4.0638	2.1779	3.2345	715.46	0.023833	2.3925e-05	0.083227	supercritical
419.69	420.00	172.04	0.0058127	831.49	1075.6	4.0715	2.1810	3.2350	715.40	0.023772	2.3909e-05	0.083281	supercritical
420.69	420.00	171.57	0.0058284	834.06	1078.9	4.0792	2.1841	3.2355	715.34	0.023709	2.3893e-05	0.083336	supercritical
421.69	420.00	171.11	0.0058441	836.64	1082.1	4.0869	2.1872	3.2361	715.29	0.023644	2.3878e-05	0.083393	supercritical
422.69	420.00	170.66	0.0058598	839.22	1085.3	4.0945	2.1904	3.2366	715.25	0.023578	2.3863e-05	0.083451	supercritical
423.69	420.00	170.20	0.0058754	841.80	1088.6	4.1022	2.1935	3.2372	715.21	0.023511	2.3848e-05	0.083510	supercritical
424.69	420.00	169.75	0.0058911	844.38	1091.8	4.1098	2.1967	3.2378	715.17	0.023442	2.3834e-05	0.083570	supercritical
425.69	420.00	169.30	0.0059067	846.96	1095.0	4.1174	2.1998	3.2385	715.15	0.023372	2.3820e-05	0.083631	supercritical
426.69	420.00	168.85	0.0059224	849.54	1098.3	4.1250	2.2030	3.2391	715.12	0.023300	2.3806e-05	0.083693	supercritical
427.69	420.00	168.41	0.0059380	852.12	1101.5	4.1326	2.2062	3.2398	715.10	0.023227	2.3793e-05	0.083757	supercritical
428.69	420.00	167.96	0.0059537	854.71	1104.8	4.1402	2.2093	3.2405	715.09	0.023152	2.3780e-05	0.083821	supercritical
429.69	420.00	167.52	0.0059693	857.29	1108.0	4.1477	2.2125	3.2412	715.08	0.023077	2.3767e-05	0.083887	supercritical
430.69	420.00	167.09	0.0059849	859.88	1111.2	4.1553	2.2157	3.2419	715.08	0.023000	2.3755e-05	0.083954	supercritical
431.69	420.00	166.65	0.0060006	862.46	1114.5	4.1628	2.2189	3.2427	715.08	0.022921	2.3743e-05	0.084021	supercritical
432.69	420.00	166.22	0.0060162	865.05	1117.7	4.1703	2.2221	3.2434	715.08	0.022842	2.3731e-05	0.084090	supercritical
433.69	420.00	165.79	0.0060318	867.64	1121.0	4.1778	2.2253	3.2442	715.09	0.022761	2.3720e-05	0.084160	supercritical
434.69	420.00	165.36	0.0060474	870.23	1124.2	4.1853	2.2285	3.2451	715.11	0.022680	2.3709e-05	0.084231	supercritical
435.69	420.00	164.93	0.0060630	872.82	1127.5	4.1927	2.2318	3.2459	715.13	0.022597	2.3698e-05	0.084303	supercritical
436.69	420.00	164.51	0.0060786	875.41	1130.7	4.2002	2.2350	3.2467	715.15	0.022512	2.3688e-05	0.084377	supercritical
437.69	420.00	164.09	0.0060942	878.00	1134.0	4.2076	2.2382	3.2476	715.18	0.022427	2.3678e-05	0.084451	supercritical
438.69	420.00	163.67	0.0061098	880.59	1137.2	4.2150	2.2415	3.2485	715.21	0.022341	2.3668e-05	0.084526	supercritical
439.69	420.00	163.26	0.0061254	883.19	1140.5	4.2224	2.2447	3.2494	715.25	0.022254	2.3658e-05	0.084602	supercritical
440.69	420.00	162.84	0.0061409	885.78	1143.7	4.2298	2.2480	3.2504	715.29	0.022165	2.3649e-05	0.084679	supercritical
441.69	420.00	162.43	0.0061565	888.38	1147.0	4.2371	2.2512	3.2513	715.33	0.022076	2.3640e-05	0.084757	supercritical
442.69	420.00	162.02	0.0061721	890.98	1150.2	4.2445	2.2545	3.2523	715.38	0.021986	2.3631e-05	0.084837	supercritical
443.69	420.00	161.61	0.0061876	893.58	1153.5	4.2518	2.2578	3.2533	715.43	0.021895	2.3622e-05	0.084917	supercritical
444.69	420.00	161.21	0.0062032	896.18	1156.7	4.2592	2.2610	3.2543	715.49	0.021803	2.3614e-05	0.084998	supercritical
445.69	420.00	160.81	0.0062187	898.78	1160.0	4.2665	2.2643	3.2553	715.55	0.021710	2.3606e-05	0.085080	supercritical
446.69	420.00	160.40	0.0062342	901.38	1163.2	4.2738	2.2676	3.2564	715.61	0.021616	2.3598e-05	0.085163	supercritical
447.69	420.00	160.01	0.0062498	903.99	1166.5	4.2811	2.2709	3.2575	715.68	0.021521	2.3591e-05	0.085247	supercritical
448.69	420.00	159.61	0.0062653	906.60	1169.7	4.2883	2.2742	3.2585	715.75	0.021425	2.3584e-05	0.085332	supercritical
449.69	420.00	159.22	0.0062808	909.20	1173.0	4.2956	2.2775	3.2597	715.83	0.021329	2.3577e-05	0.085418	supercritical
450.69	420.00	158.82	0.0062963	911.81	1176.3	4.3028	2.2808	3.2608	715.91	0.021232	2.3570e-05	0.085505	supercritical
451.69	420.00	158.43	0.0063118	914.42	1179.5	4.3101	2.2841	3.2619	715.99	0.021134	2.3563e-05	0.085592	supercritical
452.69	420.00	158.04	0.0063273	917.03	1182.8	4.3173	2.2874	3.2631	716.08	0.021035	2.3557e-05	0.085681	supercritical
453.69	420.00	157.66	0.0063428	919.65	1186.0	4.3245	2.2908	3.2643	716.17	0.020936	2.3551e-05	0.085770	supercritical
454.69	420.00	157.28	0.0063583	922.26	1189.3	4.3317	2.2941	3.2655	716.26	0.020836	2.3545e-05	0.085861	supercritical
455.69	420.00	156.89	0.0063738	924.88	1192.6	4.3388	2.2974	3.2667	716.36	0.020735	2.3540e-05	0.085952	supercritical
456.69	420.00	156.51	0.0063892	927.49	1195.8	4.3460	2.3007	3.2679	716.45	0.020633	2.3535e-05	0.086044	supercritical
457.69	420.00	156.14	0.0064047	930.11	1199.1	4.3531	2.3041	3.2691	716.56	0.020531	2.3530e-05	0.086137	supercritical
458.69	420.00	155.76	0.0064202	932.73	1202.4	4.3603	2.3074	3.2704	716.66	0.020429	2.3525e-05	0.086231	supercritical
459.69	420.00	155.39	0.0064356	935.36	1205.7	4.3674	2.3108	3.2717	716.77	0.020325	2.3520e-05	0.086326	supercritical
460.69	420.00	155.01	0.0064510	937.98	1208.9	4.3745	2.3141	3.2730	716.89	0.020221	2.3516e-05	0.086422	supercritical
461.69	420.00	154.64	0.0064665	940.61	1212.2	4.3816	2.3175	3.2743	717.00	0.020117	2.3512e-05	0.086518	supercritical
462.69	420.00	154.28	0.0064819	943.23	1215.5	4.3887	2.3208	3.2756	717.12	0.020012	2.3508e-05	0.086616	supercritical
463.69	420.00	153.91	0.0064973	945.86	1218.7	4.3958	2.3242	3.2770	717.24	0.019906	2.3504e-05	0.086714	supercritical
464.69	420.00	153.54	0.0065128	948.49	1222.0	4.4028	2.3276	3.2784	717.37	0.019800	2.3500e-05	0.086813	supercritical
465.69	420.00	153.18	0.0065282	951.12	1225.3	4.4099	2.3309	3.2797	717.50	0.019693	2.3497e-05	0.086913	supercritical
466.69	420.00	152.82	0.0065436	953.76	1228.6	4.4169	2.3343	3.2811	717.63	0.019586	2.3494e-05	0.087014	supercritical
467.69	420.00	152.46	0.0065590	956.39	1231.9	4.4239	2.3377	3.2826	717.76	0.019478	2.3491e-05	0.087115	supercritical
468.69	420.00	152.11	0.0065743	959.03	1235.2	4.4310	2.3411	3.2840	717.90	0.019370	2.3488e-05	0.087218	supercritical
469.69	420.00	151.75	0.0065897	961.67	1238.4	4.4380	2.3445	3.2854	718.04	0.019262	2.3486e-05	0.087321	supercritical
470.69	420.00	151.40	0.0066051	964.31	1241.7	4.4449	2.3479	3.2869	718.18	0.019153	2.3484e-05	0.087425	supercritical
471.69	420.00	151.05	0.0066205	966.95	1245.0	4.4519	2.3512	3.2884	718.32	0.019044	2.3482e-05	0.087529	supercritical
472.69	420.00	150.70	0.0066358	969.59	1248.3	4.4589	2.3546	3.2899	718.47	0.018934	2.3480e-05	0.087635	supercritical
473.69	420.00	150.35	0.0066512	972.24	1251.6	4.4658	2.3580	3.2914	718.62	0.018824	2.3478e-05	0.087741	supercritical
474.69	420.00	150.00	0.0066665	974.89	1254.9	4.4728	2.3614	3.2929	718.77	0.018713	2.3476e-05	0.087848	supercritical
475.69	420.00	149.66	0.0066819	977.54	1258.2	4.4797	2.3649	3.2944	718.93	0.018602	2.3475e-05	0.087956	supercritical
476.69	420.00	149.32	0.0066972	980.19	1261.5	4.4866	2.3683	3.2960	719.09	0.018491	2.3474e-05	0.088064	supercritical
477.69	420.00	148.98	0.0067125	982.84	1264.8	4.4935	2.3717	3.2976	719.25	0.018380	2.3473e-05	0.088174	supercritical
478.69	420.00	148.64	0.0067278	985.50	1268.1	4.5004	2.3751	3.2991	719.41	0.018268	2.3472e-05	0.088284	supercritical
479.69	420.00	148.30	0.0067431	988.15	1271.4	4.5073	2.3785	3.3007	719.57	0.018156	2.3471e-05	0.088394	supercritical
480.69	420.00	147.96	0.0067584	990.81	1274.7	4.5142	2.3819	3.3023	719.74	0.018043	2.3471e-05	0.088506	supercritical
481.69	420.00	147.63	0.0067737	993.47	1278.0	4.5211	2.3854	3.3040	719.91	0.017930	2.3471e-05	0.088618	supercritical
482.69	420.00	147.30	0.0067890	996.14	1281.3	4.5279	2.3888	3.3056	720.08	0.017817	2.3471e-05	0.088731	supercritical
483.69	420.00	146.97	0.0068043	998.80	1284.6	4.5348	2.3922	3.3073	720.26	0.017704	2.3471e-05	0.088845	supercritical
484.69	420.00	146.64	0.0068196	1001.5	1287.9	4.5416	2.3956	3.3089	720.43	0.017591	2.3471e-05	0.088959	supercritical
485.69	420.00	146.31	0.0068349	1004.1	1291.2	4.5484	2.3991	3.3106	720.61	0.017477	2.3471e-05	0.089074	supercritical
486.69	420.00	145.98	0.0068501	1006.8	1294.5	4.5552	2.4025	3.3123	720.80	0.017363	2.3472e-05	0.089190	supercritical
487.69	420.00	145.66	0.0068654	1009.5	1297.8	4.5620	2.4060	3.3140	720.98	0.017249	2.3473e-05	0.089307	supercritical
488.69	420.00	145.34	0.0068806	1012.2	1301.1	4.5688	2.4094	3.3157	721.16	0.017135	2.3474e-05	0.089424	supercritical
489.69	420.00	145.01	0.0068959	1014.8	1304.5	4.5756	2.4129	3.3174	721.35	0.017020	2.3475e-05	0.089542	supercritical
490.69	420.00	144.70	0.0069111	1017.5	1307.8	4.5824	2.4163	3.3192	721.54	0.016906	2.3476e-05	0.089660	supercritical
491.69	420.00	144.38	0.0069263	1020.2	1311.1	4.5891	2.4198	3.3210	721.73	0.016791	2.3477e-05	0.089780	supercritical
492.69	420.00	144.06	0.0069415	1022.9	1314.4	4.5959	2.4232	3.3227	721.93	0.016676	2.3479e-05	0.089899	supercritical
493.69	420.00	143.75	0.0069567	1025.6	1317.7	4.6026	2.4267	3.3245	722.12	0.016561	2.3480e-05	0.090020	supercritical
494.69	420.00	143.43	0.0069719	1028.2	1321.1	4.6093	2.4301	3.3263	722.32	0.016445	2.3482e-05	0.090141	supercritical
495.69	420.00	143.12	0.0069871	1030.9	1324.4	4.6161	2.4336	3.3281	722.52	0.016330	2.3484e-05	0.090263	supercritical
496.69	420.00	142.81	0.0070023	1033.6	1327.7	4.6228	2.4370	3.3299	722.72	0.016215	2.3486e-05	0.090386	supercritical
497.69	420.00	142.50	0.0070175	1036.3	1331.1	4.6295	2.4405	3.3318	722.93	0.016099	2.3489e-05	0.090509	supercritical
498.69	420.00	142.19	0.0070327	1039.0	1334.4	4.6362	2.4440	3.3336	723.13	0.015984	2.3491e-05	0.090633	supercritical
499.69	420.00	141.89	0.0070478	1041.7	1337.7	4.6428	2.4474	3.3355	723.34	0.015868	2.3493e-05	0.090757	supercritical
500.69	420.00	141.58	0.0070630	1044.4	1341.1	4.6495	2.4509	3.3373	723.55	0.015752	2.3496e-05	0.090882	supercritical
501.69	420.00	141.28	0.0070782	1047.1	1344.4	4.6562	2.4544	3.3392	723.76	0.015636	2.3499e-05	0.091008	supercritical
502.69	420.00	140.98	0.0070933	1049.8	1347.7	4.6628	2.4578	3.3411	723.97	0.015520	2.3502e-05	0.091135	supercritical
503.69	420.00	140.68	0.0071084	1052.5	1351.1	4.6695	2.4613	3.3430	724.19	0.015404	2.3505e-05	0.091262	supercritical
504.69	420.00	140.38	0.0071236	1055.2	1354.4	4.6761	2.4648	3.3449	724.41	0.015288	2.3508e-05	0.091389	supercritical
505.69	420.00	140.08	0.0071387	1057.9	1357.8	4.6827	2.4683	3.3468	724.62	0.015172	2.3512e-05	0.091518	supercritical
506.69	420.00	139.79	0.0071538	1060.7	1361.1	4.6893	2.4718	3.3488	724.84	0.015056	2.3515e-05	0.091646	supercritical
507.69	420.00	139.49	0.0071689	1063.4	1364.5	4.6959	2.4752	3.3507	725.06	0.014940	2.3519e-05	0.091776	supercritical
508.69	420.00	139.20	0.0071840	1066.1	1367.8	4.7025	2.4787	3.3527	725.29	0.014824	2.3522e-05	0.091906	supercritical
509.69	420.00	138.91	0.0071991	1068.8	1371.2	4.7091	2.4822	3.3547	725.51	0.014708	2.3526e-05	0.092036	supercritical
510.69	420.00	138.62	0.0072142	1071.5	1374.5	4.7157	2.4857	3.3566	725.74	0.014592	2.3530e-05	0.092168	supercritical
511.69	420.00	138.33	0.0072293	1074.3	1377.9	4.7223	2.4892	3.3586	725.97	0.014476	2.3535e-05	0.092300	supercritical
512.69	420.00	138.04	0.0072444	1077.0	1381.2	4.7288	2.4927	3.3606	726.20	0.014360	2.3539e-05	0.092432	supercritical
513.69	420.00	137.75	0.0072594	1079.7	1384.6	4.7354	2.4962	3.3626	726.43	0.014244	2.3543e-05	0.092565	supercritical
514.69	420.00	137.47	0.0072745	1082.4	1388.0	4.7419	2.4996	3.3647	726.66	0.014128	2.3548e-05	0.092698	supercritical
515.69	420.00	137.18	0.0072896	1085.2	1391.3	4.7484	2.5031	3.3667	726.89	0.014012	2.3552e-05	0.092833	supercritical
516.69	420.00	136.90	0.0073046	1087.9	1394.7	4.7550	2.5066	3.3687	727.13	0.013896	2.3557e-05	0.092967	supercritical
517.69	420.00	136.62	0.0073196	1090.6	1398.1	4.7615	2.5101	3.3708	727.37	0.013780	2.3562e-05	0.093103	supercritical
518.69	420.00	136.34	0.0073347	1093.4	1401.4	4.7680	2.5136	3.3729	727.61	0.013664	2.3567e-05	0.093238	supercritical
519.69	420.00	136.06	0.0073497	1096.1	1404.8	4.7745	2.5171	3.3749	727.85	0.013549	2.3572e-05	0.093375	supercritical
520.69	420.00	135.78	0.0073647	1098.9	1408.2	4.7810	2.5206	3.3770	728.09	0.013433	2.3577e-05	0.093512	supercritical
521.69	420.00	135.51	0.0073797	1101.6	1411.6	4.7875	2.5241	3.3791	728.33	0.013318	2.3582e-05	0.093649	supercritical
522.69	420.00	135.23	0.0073947	1104.4	1415.0	4.7939	2.5276	3.3812	728.57	0.013202	2.3588e-05	0.093787	supercritical
523.69	420.00	134.96	0.0074097	1107.1	1418.3	4.8004	2.5311	3.3833	728.82	0.013087	2.3593e-05	0.093926	supercritical
524.69	420.00	134.69	0.0074247	1109.9	1421.7	4.8069	2.5346	3.3854	729.07	0.012972	2.3599e-05	0.094065	supercritical
525.69	420.00	134.41	0.0074397	1112.6	1425.1	4.8133	2.5381	3.3876	729.31	0.012856	2.3605e-05	0.094204	supercritical
526.69	420.00	134.14	0.0074547	1115.4	1428.5	4.8197	2.5416	3.3897	729.56	0.012741	2.3611e-05	0.094345	supercritical
527.69	420.00	133.88	0.0074697	1118.2	1431.9	4.8262	2.5451	3.3918	729.81	0.012626	2.3616e-05	0.094485	supercritical
528.69	420.00	133.61	0.0074846	1120.9	1435.3	4.8326	2.5486	3.3940	730.07	0.012512	2.3623e-05	0.094626	supercritical
529.69	420.00	133.34	0.0074996	1123.7	1438.7	4.8390	2.5521	3.3962	730.32	0.012397	2.3629e-05	0.094768	supercritical
530.69	420.00	133.08	0.0075145	1126.5	1442.1	4.8454	2.5556	3.3983	730.57	0.012282	2.3635e-05	0.094910	supercritical
531.69	420.00	132.81	0.0075295	1129.2	1445.5	4.8518	2.5592	3.4005	730.83	0.012168	2.3641e-05	0.095053	supercritical
532.69	420.00	132.55	0.0075444	1132.0	1448.9	4.8582	2.5627	3.4027	731.09	0.012054	2.3648e-05	0.095196	supercritical
533.69	420.00	132.29	0.0075593	1134.8	1452.3	4.8646	2.5662	3.4049	731.34	0.011940	2.3654e-05	0.095340	supercritical
534.69	420.00	132.03	0.0075743	1137.6	1455.7	4.8710	2.5697	3.4071	731.60	0.011826	2.3661e-05	0.095484	supercritical
535.69	420.00	131.77	0.0075892	1140.3	1459.1	4.8773	2.5732	3.4093	731.86	0.011712	2.3668e-05	0.095629	supercritical
536.69	420.00	131.51	0.0076041	1143.1	1462.5	4.8837	2.5767	3.4116	732.12	0.011598	2.3675e-05	0.095774	supercritical
537.69	420.00	131.25	0.0076190	1145.9	1465.9	4.8901	2.5802	3.4138	732.39	0.011484	2.3682e-05	0.095920	supercritical
538.69	420.00	131.00	0.0076339	1148.7	1469.3	4.8964	2.5837	3.4160	732.65	0.011371	2.3689e-05	0.096066	supercritical
539.69	420.00	130.74	0.0076488	1151.5	1472.7	4.9027	2.5872	3.4183	732.92	0.011258	2.3696e-05	0.096213	supercritical
540.69	420.00	130.49	0.0076636	1154.3	1476.2	4.9091	2.5907	3.4205	733.18	0.011145	2.3703e-05	0.096360	supercritical
541.69	420.00	130.23	0.0076785	1157.1	1479.6	4.9154	2.5943	3.4228	733.45	0.011032	2.3710e-05	0.096508	supercritical
542.69	420.00	129.98	0.0076934	1159.9	1483.0	4.9217	2.5978	3.4251	733.72	0.010919	2.3718e-05	0.096656	supercritical
543.69	420.00	129.73	0.0077083	1162.7	1486.4	4.9280	2.6013	3.4273	733.99	0.010807	2.3725e-05	0.096804	supercritical
544.69	420.00	129.48	0.0077231	1165.5	1489.9	4.9343	2.6048	3.4296	734.26	0.010694	2.3733e-05	0.096953	supercritical
545.69	420.00	129.23	0.0077380	1168.3	1493.3	4.9406	2.6083	3.4319	734.53	0.010582	2.3740e-05	0.097103	supercritical
546.69	420.00	128.99	0.0077528	1171.1	1496.7	4.9469	2.6118	3.4342	734.80	0.010470	2.3748e-05	0.097253	supercritical
547.69	420.00	128.74	0.0077676	1173.9	1500.2	4.9532	2.6153	3.4365	735.07	0.010359	2.3756e-05	0.097403	supercritical
548.69	420.00	128.49	0.0077825	1176.7	1503.6	4.9594	2.6188	3.4388	735.35	0.010247	2.3764e-05	0.097554	supercritical
549.69	420.00	128.25	0.0077973	1179.6	1507.0	4.9657	2.6224	3.4412	735.62	0.010136	2.3772e-05	0.097706	supercritical
550.69	420.00	128.01	0.0078121	1182.4	1510.5	4.9720	2.6259	3.4435	735.90	0.010025	2.3780e-05	0.097857	supercritical
551.69	420.00	127.76	0.0078269	1185.2	1513.9	4.9782	2.6294	3.4458	736.17	0.0099136	2.3788e-05	0.098010	supercritical
552.69	420.00	127.52	0.0078417	1188.0	1517.4	4.9845	2.6329	3.4482	736.45	0.0098028	2.3796e-05	0.098162	supercritical
553.69	420.00	127.28	0.0078565	1190.8	1520.8	4.9907	2.6364	3.4505	736.73	0.0096923	2.3805e-05	0.098316	supercritical
554.69	420.00	127.04	0.0078713	1193.7	1524.3	4.9969	2.6399	3.4529	737.01	0.0095820	2.3813e-05	0.098469	supercritical
555.69	420.00	126.81	0.0078861	1196.5	1527.7	5.0031	2.6434	3.4552	737.29	0.0094719	2.3821e-05	0.098623	supercritical
556.69	420.00	126.57	0.0079009	1199.3	1531.2	5.0094	2.6470	3.4576	737.57	0.0093621	2.3830e-05	0.098778	supercritical
557.69	420.00	126.33	0.0079156	1202.2	1534.6	5.0156	2.6505	3.4600	737.85	0.0092525	2.3839e-05	0.098932	supercritical
558.69	420.00	126.10	0.0079304	1205.0	1538.1	5.0218	2.6540	3.4624	738.14	0.0091430	2.3847e-05	0.099088	supercritical
559.69	420.00	125.86	0.0079452	1207.9	1541.6	5.0280	2.6575	3.4648	738.42	0.0090339	2.3856e-05	0.099243	supercritical
560.69	420.00	125.63	0.0079599	1210.7	1545.0	5.0341	2.6610	3.4672	738.70	0.0089249	2.3865e-05	0.099400	supercritical
561.69	420.00	125.40	0.0079747	1213.6	1548.5	5.0403	2.6645	3.4696	738.99	0.0088162	2.3874e-05	0.099556	supercritical
562.69	420.00	125.17	0.0079894	1216.4	1552.0	5.0465	2.6680	3.4720	739.28	0.0087077	2.3883e-05	0.099713	supercritical
563.69	420.00	124.94	0.0080041	1219.3	1555.4	5.0527	2.6715	3.4744	739.56	0.0085995	2.3892e-05	0.099870	supercritical
564.69	420.00	124.71	0.0080188	1222.1	1558.9	5.0588	2.6751	3.4768	739.85	0.0084915	2.3901e-05	0.10003	supercritical
565.69	420.00	124.48	0.0080336	1225.0	1562.4	5.0650	2.6786	3.4792	740.14	0.0083837	2.3910e-05	0.10019	supercritical
566.69	420.00	124.25	0.0080483	1227.9	1565.9	5.0711	2.6821	3.4817	740.43	0.0082762	2.3920e-05	0.10034	supercritical
567.69	420.00	124.02	0.0080630	1230.7	1569.4	5.0773	2.6856	3.4841	740.72	0.0081689	2.3929e-05	0.10050	supercritical
568.69	420.00	123.80	0.0080777	1233.6	1572.8	5.0834	2.6891	3.4865	741.01	0.0080619	2.3938e-05	0.10066	supercritical
569.69	420.00	123.57	0.0080924	1236.5	1576.3	5.0895	2.6926	3.4890	741.30	0.0079551	2.3948e-05	0.10082	supercritical
570.69	420.00	123.35	0.0081071	1239.3	1579.8	5.0956	2.6961	3.4914	741.59	0.0078486	2.3958e-05	0.10098	supercritical
571.69	420.00	123.13	0.0081218	1242.2	1583.3	5.1018	2.6996	3.4939	741.89	0.0077423	2.3967e-05	0.10114	supercritical
572.69	420.00	122.90	0.0081364	1245.1	1586.8	5.1079	2.7031	3.4964	742.18	0.0076363	2.3977e-05	0.10130	supercritical
573.69	420.00	122.68	0.0081511	1248.0	1590.3	5.1140	2.7066	3.4988	742.48	0.0075306	2.3987e-05	0.10147	supercritical
574.69	420.00	122.46	0.0081658	1250.8	1593.8	5.1201	2.7102	3.5013	742.77	0.0074250	2.3996e-05	0.10163	supercritical
575.69	420.00	122.24	0.0081804	1253.7	1597.3	5.1262	2.7137	3.5038	743.07	0.0073198	2.4006e-05	0.10179	supercritical
576.69	420.00	122.02	0.0081951	1256.6	1600.8	5.1322	2.7172	3.5063	743.36	0.0072148	2.4016e-05	0.10195	supercritical
577.69	420.00	121.81	0.0082097	1259.5	1604.3	5.1383	2.7207	3.5088	743.66	0.0071101	2.4026e-05	0.10212	supercritical
578.69	420.00	121.59	0.0082244	1262.4	1607.8	5.1444	2.7242	3.5113	743.96	0.0070056	2.4036e-05	0.10228	supercritical
579.69	420.00	121.37	0.0082390	1265.3	1611.3	5.1505	2.7277	3.5138	744.26	0.0069015	2.4046e-05	0.10244	supercritical
580.69	420.00	121.16	0.0082536	1268.2	1614.9	5.1565	2.7312	3.5163	744.55	0.0067975	2.4057e-05	0.10261	supercritical
581.69	420.00	120.94	0.0082682	1271.1	1618.4	5.1626	2.7347	3.5188	744.85	0.0066939	2.4067e-05	0.10277	supercritical
582.69	420.00	120.73	0.0082829	1274.0	1621.9	5.1686	2.7382	3.5213	745.15	0.0065905	2.4077e-05	0.10294	supercritical
583.69	420.00	120.52	0.0082975	1276.9	1625.4	5.1746	2.7417	3.5238	745.46	0.0064874	2.4088e-05	0.10310	supercritical
584.69	420.00	120.31	0.0083121	1279.8	1628.9	5.1807	2.7452	3.5263	745.76	0.0063845	2.4098e-05	0.10327	supercritical
585.69	420.00	120.10	0.0083267	1282.8	1632.5	5.1867	2.7487	3.5289	746.06	0.0062819	2.4109e-05	0.10343	supercritical
586.69	420.00	119.89	0.0083413	1285.7	1636.0	5.1927	2.7522	3.5314	746.36	0.0061796	2.4119e-05	0.10360	supercritical
587.69	420.00	119.68	0.0083559	1288.6	1639.5	5.1987	2.7557	3.5340	746.67	0.0060776	2.4130e-05	0.10376	supercritical
588.69	420.00	119.47	0.0083704	1291.5	1643.1	5.2048	2.7592	3.5365	746.97	0.0059758	2.4140e-05	0.10393	supercritical
589.69	420.00	119.26	0.0083850	1294.4	1646.6	5.2108	2.7627	3.5390	747.27	0.0058743	2.4151e-05	0.10410	supercritical
590.69	420.00	119.05	0.0083996	1297.4	1650.2	5.2168	2.7662	3.5416	747.58	0.0057731	2.4162e-05	0.10427	supercritical
591.69	420.00	118.85	0.0084141	1300.3	1653.7	5.2228	2.7697	3.5442	747.88	0.0056722	2.4173e-05	0.10443	supercritical
592.69	420.00	118.64	0.0084287	1303.2	1657.2	5.2287	2.7732	3.5467	748.19	0.0055716	2.4184e-05	0.10460	supercritical
593.69	420.00	118.44	0.0084433	1306.2	1660.8	5.2347	2.7767	3.5493	748.50	0.0054712	2.4195e-05	0.10477	supercritical
594.69	420.00	118.23	0.0084578	1309.1	1664.3	5.2407	2.7802	3.5519	748.80	0.0053711	2.4206e-05	0.10494	supercritical
595.69	420.00	118.03	0.0084723	1312.1	1667.9	5.2467	2.7837	3.5544	749.11	0.0052713	2.4217e-05	0.10511	supercritical
596.69	420.00	117.83	0.0084869	1315.0	1671.4	5.2526	2.7872	3.5570	749.42	0.0051718	2.4228e-05	0.10528	supercritical
597.69	420.00	117.63	0.0085014	1317.9	1675.0	5.2586	2.7907	3.5596	749.73	0.0050725	2.4239e-05	0.10545	supercritical
598.69	420.00	117.43	0.0085159	1320.9	1678.6	5.2645	2.7941	3.5622	750.04	0.0049735	2.4250e-05	0.10562	supercritical
599.69	420.00	117.23	0.0085304	1323.9	1682.1	5.2705	2.7976	3.5648	750.35	0.0048749	2.4261e-05	0.10579	supercritical
600.69	420.00	117.03	0.0085450	1326.8	1685.7	5.2764	2.8011	3.5674	750.66	0.0047765	2.4273e-05	0.10596	supercritical
601.69	420.00	116.83	0.0085595	1329.8	1689.3	5.2824	2.8046	3.5700	750.97	0.0046783	2.4284e-05	0.10613	supercritical
602.69	420.00	116.63	0.0085740	1332.7	1692.8	5.2883	2.8081	3.5726	751.28	0.0045805	2.4295e-05	0.10630	supercritical
603.69	420.00	116.44	0.0085885	1335.7	1696.4	5.2942	2.8116	3.5752	751.59	0.0044830	2.4307e-05	0.10648	supercritical
604.69	420.00	116.24	0.0086029	1338.7	1700.0	5.3001	2.8151	3.5778	751.90	0.0043857	2.4318e-05	0.10665	supercritical
605.69	420.00	116.04	0.0086174	1341.6	1703.6	5.3061	2.8186	3.5804	752.21	0.0042887	2.4330e-05	0.10682	supercritical
606.69	420.00	115.85	0.0086319	1344.6	1707.1	5.3120	2.8220	3.5830	752.53	0.0041920	2.4341e-05	0.10699	supercritical
607.69	420.00	115.66	0.0086464	1347.6	1710.7	5.3179	2.8255	3.5856	752.84	0.0040956	2.4353e-05	0.10717	supercritical
608.69	420.00	115.46	0.0086608	1350.6	1714.3	5.3238	2.8290	3.5883	753.15	0.0039995	2.4365e-05	0.10734	supercritical
609.69	420.00	115.27	0.0086753	1353.5	1717.9	5.3297	2.8325	3.5909	753.47	0.0039037	2.4376e-05	0.10751	supercritical
610.69	420.00	115.08	0.0086898	1356.5	1721.5	5.3355	2.8360	3.5935	753.78	0.0038081	2.4388e-05	0.10769	supercritical
611.69	420.00	114.89	0.0087042	1359.5	1725.1	5.3414	2.8394	3.5961	754.10	0.0037129	2.4400e-05	0.10786	supercritical
612.69	420.00	114.70	0.0087187	1362.5	1728.7	5.3473	2.8429	3.5988	754.41	0.0036179	2.4412e-05	0.10804	supercritical
613.69	420.00	114.51	0.0087331	1365.5	1732.3	5.3532	2.8464	3.6014	754.73	0.0035232	2.4424e-05	0.10821	supercritical
614.69	420.00	114.32	0.0087475	1368.5	1735.9	5.3590	2.8498	3.6041	755.04	0.0034288	2.4436e-05	0.10839	supercritical
615.69	420.00	114.13	0.0087620	1371.5	1739.5	5.3649	2.8533	3.6067	755.36	0.0033347	2.4448e-05	0.10856	supercritical
616.69	420.00	113.94	0.0087764	1374.5	1743.1	5.3708	2.8568	3.6094	755.68	0.0032409	2.4460e-05	0.10874	supercritical
617.69	420.00	113.76	0.0087908	1377.5	1746.7	5.3766	2.8603	3.6120	755.99	0.0031473	2.4472e-05	0.10892	supercritical
618.69	420.00	113.57	0.0088052	1380.5	1750.3	5.3825	2.8637	3.6147	756.31	0.0030541	2.4484e-05	0.10909	supercritical
619.69	420.00	113.38	0.0088196	1383.5	1754.0	5.3883	2.8672	3.6173	756.63	0.0029611	2.4496e-05	0.10927	supercritical
620.69	420.00	113.20	0.0088340	1386.5	1757.6	5.3941	2.8707	3.6200	756.95	0.0028685	2.4508e-05	0.10945	supercritical
621.69	420.00	113.01	0.0088484	1389.6	1761.2	5.4000	2.8741	3.6227	757.27	0.0027761	2.4520e-05	0.10962	supercritical
622.69	420.00	112.83	0.0088628	1392.6	1764.8	5.4058	2.8776	3.6253	757.59	0.0026840	2.4533e-05	0.10980	supercritical
623.69	420.00	112.65	0.0088772	1395.6	1768.4	5.4116	2.8810	3.6280	757.90	0.0025922	2.4545e-05	0.10998	supercritical
624.69	420.00	112.47	0.0088916	1398.6	1772.1	5.4174	2.8845	3.6307	758.22	0.0025007	2.4557e-05	0.11016	supercritical