Temperature (K)	Pressure (bar)	Density (kg/m3)	Volume (m3/kg)	Internal Energy (kJ/kg)	Enthalpy (kJ/kg)	Entropy (J/g*K)	Cv (J/g*K)	Cp (J/g*K)	Sound Spd. (m/s)	Joule-Thomson (K/bar)	Viscosity (Pa*s)	Therm. Cond. (W/m*K)	Phase
90.694	237.00	465.27	0.0021493	-83.674	-32.735	-0.84853	2.2204	3.2743	1681.4	-0.050984	0.00028333	0.23069	liquid
96.694	237.00	458.38	0.0021816	-64.783	-13.078	-0.63866	2.1861	3.2789	1638.0	-0.050363	0.00022822	0.22450	liquid
97.694	237.00	457.22	0.0021871	-61.633	-9.7989	-0.60491	2.1809	3.2802	1630.7	-0.050244	0.00022102	0.22341	liquid
98.694	237.00	456.07	0.0021926	-58.484	-6.5181	-0.57150	2.1758	3.2815	1623.3	-0.050120	0.00021426	0.22232	liquid
99.694	237.00	454.92	0.0021982	-55.334	-3.2359	-0.53841	2.1708	3.2829	1615.9	-0.049992	0.00020790	0.22121	liquid
100.69	237.00	453.76	0.0022038	-52.183	0.047753	-0.50564	2.1659	3.2844	1608.5	-0.049861	0.00020190	0.22009	liquid
101.69	237.00	452.60	0.0022095	-49.031	3.3329	-0.47317	2.1611	3.2859	1601.1	-0.049725	0.00019623	0.21896	liquid
102.69	237.00	451.44	0.0022151	-45.879	6.6196	-0.44101	2.1563	3.2875	1593.7	-0.049587	0.00019087	0.21782	liquid
103.69	237.00	450.28	0.0022209	-42.726	9.9079	-0.40915	2.1516	3.2891	1586.2	-0.049444	0.00018578	0.21668	liquid
104.69	237.00	449.11	0.0022266	-39.573	13.198	-0.37757	2.1469	3.2908	1578.7	-0.049299	0.00018095	0.21552	liquid
105.69	237.00	447.95	0.0022324	-36.418	16.490	-0.34628	2.1423	3.2925	1571.3	-0.049149	0.00017636	0.21436	liquid
106.69	237.00	446.78	0.0022382	-33.263	19.783	-0.31527	2.1377	3.2943	1563.8	-0.048996	0.00017199	0.21320	liquid
107.69	237.00	445.61	0.0022441	-30.107	23.078	-0.28453	2.1332	3.2960	1556.3	-0.048840	0.00016783	0.21202	liquid
108.69	237.00	444.44	0.0022500	-26.950	26.375	-0.25405	2.1287	3.2978	1548.8	-0.048680	0.00016385	0.21084	liquid
109.69	237.00	443.27	0.0022560	-23.792	29.674	-0.22384	2.1243	3.2997	1541.3	-0.048517	0.00016005	0.20966	liquid
110.69	237.00	442.10	0.0022619	-20.634	32.974	-0.19389	2.1199	3.3015	1533.7	-0.048350	0.00015641	0.20847	liquid
111.69	237.00	440.92	0.0022680	-17.474	36.277	-0.16419	2.1155	3.3034	1526.2	-0.048180	0.00015293	0.20727	liquid
112.69	237.00	439.74	0.0022741	-14.314	39.581	-0.13474	2.1112	3.3053	1518.7	-0.048006	0.00014959	0.20608	liquid
113.69	237.00	438.56	0.0022802	-11.153	42.888	-0.10553	2.1069	3.3072	1511.2	-0.047828	0.00014638	0.20488	liquid
114.69	237.00	437.38	0.0022863	-7.9906	46.196	-0.076559	2.1026	3.3092	1503.6	-0.047646	0.00014330	0.20367	liquid
115.69	237.00	436.19	0.0022926	-4.8276	49.506	-0.047823	2.0983	3.3112	1496.1	-0.047461	0.00014034	0.20247	liquid
116.69	237.00	435.01	0.0022988	-1.6637	52.818	-0.019317	2.0941	3.3132	1488.6	-0.047271	0.00013748	0.20126	liquid
117.69	237.00	433.82	0.0023051	1.5011	56.132	0.0089622	2.0899	3.3152	1481.0	-0.047078	0.00013473	0.20005	liquid
118.69	237.00	432.63	0.0023115	4.6669	59.449	0.037020	2.0858	3.3172	1473.5	-0.046880	0.00013208	0.19884	liquid
119.69	237.00	431.43	0.0023179	7.8336	62.767	0.064859	2.0817	3.3193	1466.0	-0.046678	0.00012952	0.19763	liquid
120.69	237.00	430.24	0.0023243	11.001	66.087	0.092484	2.0776	3.3214	1458.4	-0.046472	0.00012704	0.19641	liquid
121.69	237.00	429.04	0.0023308	14.170	69.410	0.11990	2.0735	3.3235	1450.9	-0.046262	0.00012465	0.19520	liquid
122.69	237.00	427.84	0.0023373	17.339	72.734	0.14711	2.0694	3.3257	1443.4	-0.046047	0.00012234	0.19399	liquid
123.69	237.00	426.63	0.0023439	20.510	76.061	0.17411	2.0654	3.3279	1435.9	-0.045828	0.00012010	0.19278	liquid
124.69	237.00	425.43	0.0023506	23.681	79.390	0.20092	2.0614	3.3301	1428.3	-0.045604	0.00011793	0.19156	liquid
125.69	237.00	424.22	0.0023573	26.854	82.721	0.22752	2.0575	3.3323	1420.8	-0.045375	0.00011583	0.19035	liquid
126.69	237.00	423.01	0.0023640	30.027	86.055	0.25394	2.0536	3.3346	1413.3	-0.045142	0.00011380	0.18914	liquid
127.69	237.00	421.79	0.0023708	33.202	89.390	0.28017	2.0497	3.3369	1405.8	-0.044903	0.00011182	0.18793	liquid
128.69	237.00	420.58	0.0023777	36.377	92.729	0.30621	2.0458	3.3393	1398.3	-0.044660	0.00010990	0.18673	liquid
129.69	237.00	419.36	0.0023846	39.554	96.069	0.33206	2.0420	3.3417	1390.8	-0.044411	0.00010804	0.18552	liquid
130.69	237.00	418.13	0.0023916	42.732	99.412	0.35774	2.0381	3.3441	1383.3	-0.044157	0.00010622	0.18432	liquid
131.69	237.00	416.91	0.0023986	45.910	102.76	0.38324	2.0344	3.3466	1375.8	-0.043897	0.00010446	0.18311	liquid
132.69	237.00	415.68	0.0024057	49.090	106.11	0.40856	2.0306	3.3491	1368.3	-0.043632	0.00010275	0.18192	liquid
133.69	237.00	414.45	0.0024128	52.271	109.46	0.43372	2.0269	3.3516	1360.8	-0.043362	0.00010108	0.18072	liquid
134.69	237.00	413.21	0.0024201	55.453	112.81	0.45870	2.0232	3.3542	1353.4	-0.043085	9.9459e-05	0.17952	liquid
135.69	237.00	411.98	0.0024273	58.636	116.16	0.48352	2.0195	3.3569	1345.9	-0.042803	9.7879e-05	0.17833	liquid
136.69	237.00	410.74	0.0024347	61.821	119.52	0.50818	2.0159	3.3596	1338.5	-0.042514	9.6339e-05	0.17714	liquid
137.69	237.00	409.49	0.0024420	65.007	122.88	0.53268	2.0123	3.3623	1331.0	-0.042220	9.4838e-05	0.17596	liquid
138.69	237.00	408.25	0.0024495	68.194	126.25	0.55702	2.0088	3.3651	1323.6	-0.041919	9.3375e-05	0.17478	liquid
139.69	237.00	407.00	0.0024570	71.382	129.61	0.58120	2.0052	3.3679	1316.1	-0.041611	9.1948e-05	0.17360	liquid
140.69	237.00	405.74	0.0024646	74.571	132.98	0.60524	2.0017	3.3708	1308.7	-0.041298	9.0556e-05	0.17242	liquid
141.69	237.00	404.49	0.0024723	77.762	136.35	0.62912	1.9983	3.3737	1301.3	-0.040977	8.9198e-05	0.17125	liquid
142.69	237.00	403.23	0.0024800	80.954	139.73	0.65286	1.9948	3.3767	1293.9	-0.040650	8.7872e-05	0.17008	liquid
143.69	237.00	401.96	0.0024878	84.148	143.11	0.67645	1.9914	3.3798	1286.5	-0.040315	8.6577e-05	0.16892	liquid
144.69	237.00	400.70	0.0024957	87.343	146.49	0.69990	1.9881	3.3829	1279.1	-0.039974	8.5312e-05	0.16776	liquid
145.69	237.00	399.43	0.0025036	90.539	149.87	0.72321	1.9847	3.3860	1271.7	-0.039625	8.4076e-05	0.16661	liquid
146.69	237.00	398.15	0.0025116	93.737	153.26	0.74638	1.9814	3.3893	1264.3	-0.039269	8.2868e-05	0.16546	liquid
147.69	237.00	396.87	0.0025197	96.936	156.65	0.76942	1.9782	3.3925	1257.0	-0.038906	8.1687e-05	0.16431	liquid
148.69	237.00	395.59	0.0025279	100.14	160.05	0.79232	1.9750	3.3959	1249.6	-0.038534	8.0533e-05	0.16317	liquid
149.69	237.00	394.31	0.0025361	103.34	163.44	0.81510	1.9718	3.3993	1242.3	-0.038155	7.9404e-05	0.16203	liquid
150.69	237.00	393.02	0.0025444	106.54	166.85	0.83774	1.9686	3.4027	1234.9	-0.037768	7.8300e-05	0.16090	liquid
151.69	237.00	391.73	0.0025528	109.75	170.25	0.86026	1.9655	3.4063	1227.6	-0.037372	7.7219e-05	0.15977	liquid
152.69	237.00	390.43	0.0025613	112.96	173.66	0.88265	1.9624	3.4099	1220.3	-0.036969	7.6161e-05	0.15865	liquid
153.69	237.00	389.13	0.0025698	116.16	177.07	0.90492	1.9593	3.4135	1213.0	-0.036557	7.5126e-05	0.15753	liquid
154.69	237.00	387.82	0.0025785	119.37	180.49	0.92707	1.9563	3.4172	1205.7	-0.036136	7.4113e-05	0.15641	liquid
155.69	237.00	386.52	0.0025872	122.59	183.90	0.94910	1.9533	3.4210	1198.5	-0.035706	7.3120e-05	0.15531	liquid
156.69	237.00	385.20	0.0025960	125.80	187.33	0.97102	1.9504	3.4249	1191.2	-0.035268	7.2148e-05	0.15420	liquid
157.69	237.00	383.89	0.0026049	129.02	190.75	0.99282	1.9475	3.4288	1184.0	-0.034820	7.1196e-05	0.15310	liquid
158.69	237.00	382.57	0.0026139	132.23	194.18	1.0145	1.9446	3.4328	1176.7	-0.034363	7.0263e-05	0.15201	liquid
159.69	237.00	381.24	0.0026230	135.45	197.62	1.0361	1.9417	3.4369	1169.5	-0.033896	6.9348e-05	0.15093	liquid
160.69	237.00	379.91	0.0026322	138.68	201.06	1.0575	1.9389	3.4410	1162.3	-0.033420	6.8452e-05	0.14984	liquid
161.69	237.00	378.58	0.0026415	141.90	204.50	1.0789	1.9362	3.4452	1155.1	-0.032934	6.7573e-05	0.14877	liquid
162.69	237.00	377.24	0.0026508	145.12	207.95	1.1002	1.9334	3.4495	1147.9	-0.032438	6.6712e-05	0.14770	liquid
163.69	237.00	375.90	0.0026603	148.35	211.40	1.1213	1.9307	3.4539	1140.8	-0.031932	6.5867e-05	0.14663	liquid
164.69	237.00	374.55	0.0026699	151.58	214.86	1.1424	1.9281	3.4583	1133.6	-0.031415	6.5038e-05	0.14557	liquid
165.69	237.00	373.20	0.0026795	154.81	218.32	1.1633	1.9254	3.4628	1126.5	-0.030888	6.4225e-05	0.14452	liquid
166.69	237.00	371.85	0.0026893	158.05	221.78	1.1842	1.9229	3.4674	1119.4	-0.030350	6.3428e-05	0.14347	liquid
167.69	237.00	370.48	0.0026992	161.28	225.25	1.2049	1.9203	3.4720	1112.3	-0.029801	6.2645e-05	0.14243	liquid
168.69	237.00	369.12	0.0027091	164.52	228.73	1.2256	1.9178	3.4768	1105.2	-0.029241	6.1877e-05	0.14140	liquid
169.69	237.00	367.75	0.0027192	167.76	232.21	1.2461	1.9153	3.4816	1098.2	-0.028669	6.1123e-05	0.14037	liquid
170.69	237.00	366.38	0.0027294	171.00	235.69	1.2666	1.9129	3.4864	1091.1	-0.028086	6.0383e-05	0.13934	liquid
171.69	237.00	365.00	0.0027397	174.25	239.18	1.2870	1.9105	3.4914	1084.1	-0.027491	5.9656e-05	0.13832	liquid
172.69	237.00	363.61	0.0027502	177.49	242.67	1.3073	1.9081	3.4964	1077.1	-0.026885	5.8943e-05	0.13731	liquid
173.69	237.00	362.23	0.0027607	180.74	246.17	1.3275	1.9058	3.5015	1070.1	-0.026266	5.8242e-05	0.13631	liquid
174.69	237.00	360.83	0.0027714	183.99	249.68	1.3476	1.9035	3.5067	1063.1	-0.025635	5.7554e-05	0.13531	liquid
175.69	237.00	359.44	0.0027821	187.25	253.18	1.3676	1.9013	3.5119	1056.2	-0.024992	5.6878e-05	0.13432	liquid
176.69	237.00	358.03	0.0027930	190.50	256.70	1.3876	1.8991	3.5173	1049.3	-0.024336	5.6213e-05	0.13333	liquid
177.69	237.00	356.62	0.0028041	193.76	260.22	1.4074	1.8969	3.5227	1042.4	-0.023667	5.5560e-05	0.13235	liquid
178.69	237.00	355.21	0.0028152	197.02	263.74	1.4272	1.8948	3.5281	1035.5	-0.022985	5.4919e-05	0.13138	liquid
179.69	237.00	353.79	0.0028265	200.29	267.28	1.4469	1.8927	3.5337	1028.6	-0.022289	5.4288e-05	0.13041	liquid
180.69	237.00	352.37	0.0028379	203.55	270.81	1.4666	1.8906	3.5393	1021.8	-0.021581	5.3668e-05	0.12945	liquid
181.69	237.00	350.94	0.0028495	206.82	274.35	1.4861	1.8886	3.5450	1015.0	-0.020858	5.3059e-05	0.12850	liquid
182.69	237.00	349.51	0.0028611	210.09	277.90	1.5056	1.8866	3.5507	1008.2	-0.020122	5.2460e-05	0.12756	liquid
183.69	237.00	348.07	0.0028730	213.37	281.46	1.5250	1.8847	3.5566	1001.5	-0.019371	5.1871e-05	0.12662	liquid
184.69	237.00	346.63	0.0028849	216.64	285.02	1.5443	1.8827	3.5625	994.73	-0.018607	5.1292e-05	0.12569	liquid
185.69	237.00	345.18	0.0028970	219.92	288.58	1.5635	1.8809	3.5684	988.02	-0.017828	5.0722e-05	0.12477	liquid
186.69	237.00	343.73	0.0029093	223.20	292.15	1.5827	1.8790	3.5745	981.35	-0.017034	5.0161e-05	0.12386	liquid
187.69	237.00	342.27	0.0029217	226.49	295.73	1.6018	1.8773	3.5805	974.70	-0.016226	4.9610e-05	0.12295	liquid
188.69	237.00	340.81	0.0029342	229.77	299.31	1.6209	1.8755	3.5867	968.08	-0.015403	4.9068e-05	0.12206	liquid
189.69	237.00	339.34	0.0029469	233.06	302.90	1.6399	1.8738	3.5929	961.49	-0.014565	4.8534e-05	0.12118	liquid
190.69	237.00	337.86	0.0029598	236.35	306.50	1.6588	1.8721	3.5992	954.93	-0.013711	4.8009e-05	0.12031	supercritical
191.69	237.00	336.39	0.0029728	239.65	310.10	1.6776	1.8705	3.6055	948.41	-0.012842	4.7492e-05	0.11940	supercritical
192.69	237.00	334.90	0.0029860	242.94	313.71	1.6964	1.8689	3.6119	941.91	-0.011957	4.6983e-05	0.11851	supercritical
193.69	237.00	333.41	0.0029993	246.24	317.33	1.7151	1.8673	3.6183	935.45	-0.011057	4.6483e-05	0.11763	supercritical
194.69	237.00	331.92	0.0030128	249.54	320.95	1.7337	1.8658	3.6248	929.02	-0.010141	4.5990e-05	0.11676	supercritical
195.69	237.00	330.42	0.0030265	252.85	324.57	1.7523	1.8643	3.6313	922.63	-0.0092084	4.5505e-05	0.11589	supercritical
196.69	237.00	328.91	0.0030403	256.15	328.21	1.7709	1.8628	3.6378	916.27	-0.0082601	4.5027e-05	0.11504	supercritical
197.69	237.00	327.40	0.0030543	259.46	331.85	1.7893	1.8614	3.6444	909.95	-0.0072955	4.4556e-05	0.11419	supercritical
198.69	237.00	325.89	0.0030685	262.77	335.50	1.8077	1.8600	3.6511	903.67	-0.0063146	4.4093e-05	0.11335	supercritical
199.69	237.00	324.37	0.0030829	266.09	339.15	1.8261	1.8587	3.6577	897.43	-0.0053173	4.3637e-05	0.11251	supercritical
200.69	237.00	322.85	0.0030974	269.40	342.81	1.8444	1.8574	3.6644	891.22	-0.0043035	4.3188e-05	0.11168	supercritical
201.69	237.00	321.32	0.0031122	272.72	346.48	1.8626	1.8561	3.6711	885.06	-0.0032731	4.2746e-05	0.11087	supercritical
202.69	237.00	319.78	0.0031271	276.04	350.16	1.8808	1.8549	3.6778	878.93	-0.0022260	4.2310e-05	0.11005	supercritical
203.69	237.00	318.24	0.0031422	279.37	353.84	1.8989	1.8537	3.6845	872.85	-0.0011623	4.1881e-05	0.10925	supercritical
204.69	237.00	316.70	0.0031575	282.69	357.52	1.9169	1.8526	3.6913	866.81	-8.1897e-05	4.1458e-05	0.10845	supercritical
205.69	237.00	315.15	0.0031731	286.02	361.22	1.9349	1.8514	3.6980	860.82	0.0010152	4.1042e-05	0.10766	supercritical
206.69	237.00	313.60	0.0031888	289.35	364.92	1.9529	1.8503	3.7047	854.87	0.0021291	4.0631e-05	0.10688	supercritical
207.69	237.00	312.04	0.0032047	292.68	368.63	1.9708	1.8493	3.7114	848.97	0.0032596	4.0227e-05	0.10610	supercritical
208.69	237.00	310.48	0.0032208	296.01	372.34	1.9886	1.8483	3.7181	843.11	0.0044068	3.9829e-05	0.10534	supercritical
209.69	237.00	308.92	0.0032371	299.35	376.07	2.0064	1.8473	3.7248	837.30	0.0055706	3.9437e-05	0.10458	supercritical
210.69	237.00	307.35	0.0032536	302.68	379.79	2.0242	1.8464	3.7314	831.54	0.0067508	3.9050e-05	0.10382	supercritical
211.69	237.00	305.77	0.0032704	306.02	383.53	2.0418	1.8455	3.7380	825.83	0.0079476	3.8669e-05	0.10308	supercritical
212.69	237.00	304.20	0.0032874	309.36	387.27	2.0595	1.8446	3.7446	820.18	0.0091606	3.8294e-05	0.10234	supercritical
213.69	237.00	302.61	0.0033045	312.70	391.02	2.0771	1.8437	3.7511	814.57	0.010390	3.7924e-05	0.10162	supercritical
214.69	237.00	301.03	0.0033219	316.04	394.77	2.0946	1.8429	3.7576	809.02	0.011635	3.7560e-05	0.10089	supercritical
215.69	237.00	299.44	0.0033395	319.39	398.53	2.1121	1.8422	3.7640	803.52	0.012896	3.7201e-05	0.10018	supercritical
216.69	237.00	297.85	0.0033574	322.73	402.30	2.1295	1.8414	3.7703	798.08	0.014173	3.6847e-05	0.099476	supercritical
217.69	237.00	296.26	0.0033755	326.07	406.07	2.1469	1.8407	3.7765	792.69	0.015465	3.6498e-05	0.098779	supercritical
218.69	237.00	294.66	0.0033938	329.42	409.85	2.1642	1.8400	3.7826	787.36	0.016772	3.6155e-05	0.098089	supercritical
219.69	237.00	293.06	0.0034123	332.77	413.64	2.1815	1.8394	3.7887	782.08	0.018094	3.5816e-05	0.097408	supercritical
220.69	237.00	291.45	0.0034311	336.11	417.43	2.1987	1.8388	3.7946	776.87	0.019430	3.5483e-05	0.096735	supercritical
221.69	237.00	289.85	0.0034501	339.46	421.23	2.2158	1.8382	3.8004	771.71	0.020781	3.5155e-05	0.096070	supercritical
222.69	237.00	288.24	0.0034693	342.81	425.03	2.2330	1.8376	3.8061	766.62	0.022146	3.4831e-05	0.095413	supercritical
223.69	237.00	286.63	0.0034888	346.15	428.84	2.2500	1.8371	3.8117	761.58	0.023524	3.4512e-05	0.094764	supercritical
224.69	237.00	285.02	0.0035085	349.50	432.65	2.2670	1.8366	3.8171	756.61	0.024915	3.4198e-05	0.094123	supercritical
225.69	237.00	283.41	0.0035285	352.85	436.47	2.2840	1.8362	3.8224	751.70	0.026318	3.3888e-05	0.093490	supercritical
226.69	237.00	281.79	0.0035487	356.19	440.30	2.3009	1.8357	3.8275	746.86	0.027734	3.3584e-05	0.092866	supercritical
227.69	237.00	280.18	0.0035692	359.54	444.13	2.3178	1.8353	3.8324	742.08	0.029161	3.3283e-05	0.092250	supercritical
228.69	237.00	278.56	0.0035899	362.88	447.96	2.3346	1.8350	3.8372	737.37	0.030599	3.2988e-05	0.091642	supercritical
229.69	237.00	276.94	0.0036108	366.23	451.80	2.3513	1.8346	3.8417	732.72	0.032047	3.2696e-05	0.091042	supercritical
230.69	237.00	275.33	0.0036320	369.57	455.65	2.3680	1.8343	3.8461	728.13	0.033506	3.2410e-05	0.090451	supercritical
231.69	237.00	273.71	0.0036535	372.91	459.50	2.3847	1.8340	3.8503	723.62	0.034973	3.2127e-05	0.089868	supercritical
232.69	237.00	272.09	0.0036752	376.24	463.35	2.4013	1.8337	3.8542	719.17	0.036449	3.1849e-05	0.089293	supercritical
233.69	237.00	270.48	0.0036972	379.58	467.20	2.4178	1.8335	3.8579	714.79	0.037933	3.1575e-05	0.088727	supercritical
234.69	237.00	268.86	0.0037194	382.91	471.06	2.4343	1.8333	3.8614	710.49	0.039423	3.1306e-05	0.088169	supercritical
235.69	237.00	267.25	0.0037418	386.24	474.93	2.4507	1.8331	3.8647	706.25	0.040920	3.1040e-05	0.087619	supercritical
236.69	237.00	265.64	0.0037645	389.57	478.79	2.4671	1.8330	3.8676	702.08	0.042422	3.0779e-05	0.087077	supercritical
237.69	237.00	264.03	0.0037875	392.90	482.66	2.4834	1.8328	3.8704	697.98	0.043929	3.0522e-05	0.086544	supercritical
238.69	237.00	262.42	0.0038107	396.22	486.53	2.4996	1.8327	3.8728	693.95	0.045440	3.0270e-05	0.086018	supercritical
239.69	237.00	260.81	0.0038342	399.54	490.41	2.5158	1.8326	3.8750	690.00	0.046953	3.0021e-05	0.085502	supercritical
240.69	237.00	259.21	0.0038579	402.85	494.28	2.5320	1.8326	3.8770	686.11	0.048468	2.9776e-05	0.084993	supercritical
241.69	237.00	257.61	0.0038819	406.16	498.16	2.5480	1.8325	3.8786	682.30	0.049985	2.9536e-05	0.084492	supercritical
242.69	237.00	256.01	0.0039061	409.47	502.04	2.5641	1.8325	3.8799	678.57	0.051501	2.9299e-05	0.084000	supercritical
243.69	237.00	254.42	0.0039305	412.77	505.92	2.5800	1.8325	3.8810	674.90	0.053017	2.9066e-05	0.083516	supercritical
244.69	237.00	252.83	0.0039552	416.06	509.80	2.5959	1.8326	3.8817	671.31	0.054530	2.8837e-05	0.083040	supercritical
245.69	237.00	251.25	0.0039801	419.35	513.68	2.6117	1.8326	3.8821	667.79	0.056041	2.8613e-05	0.082572	supercritical
246.69	237.00	249.67	0.0040053	422.64	517.57	2.6275	1.8327	3.8822	664.34	0.057548	2.8392e-05	0.082111	supercritical
247.69	237.00	248.09	0.0040307	425.92	521.45	2.6432	1.8328	3.8820	660.97	0.059050	2.8174e-05	0.081659	supercritical
248.69	237.00	246.53	0.0040564	429.19	525.33	2.6589	1.8329	3.8815	657.67	0.060547	2.7961e-05	0.081215	supercritical
249.69	237.00	244.96	0.0040822	432.46	529.21	2.6744	1.8331	3.8807	654.44	0.062036	2.7751e-05	0.080778	supercritical
250.69	237.00	243.41	0.0041083	435.72	533.09	2.6899	1.8332	3.8796	651.29	0.063518	2.7546e-05	0.080350	supercritical
251.69	237.00	241.86	0.0041347	438.98	536.97	2.7054	1.8334	3.8781	648.21	0.064991	2.7343e-05	0.079929	supercritical
252.69	237.00	240.31	0.0041612	442.23	540.85	2.7208	1.8336	3.8763	645.20	0.066455	2.7145e-05	0.079515	supercritical
253.69	237.00	238.78	0.0041880	445.47	544.72	2.7361	1.8339	3.8743	642.26	0.067908	2.6950e-05	0.079110	supercritical
254.69	237.00	237.25	0.0042150	448.70	548.60	2.7513	1.8341	3.8719	639.40	0.069350	2.6759e-05	0.078711	supercritical
255.69	237.00	235.73	0.0042422	451.93	552.47	2.7665	1.8344	3.8692	636.60	0.070779	2.6571e-05	0.078321	supercritical
256.69	237.00	234.21	0.0042696	455.14	556.33	2.7816	1.8347	3.8661	633.88	0.072196	2.6387e-05	0.077937	supercritical
257.69	237.00	232.71	0.0042972	458.36	560.20	2.7966	1.8350	3.8628	631.23	0.073598	2.6206e-05	0.077561	supercritical
258.69	237.00	231.21	0.0043250	461.56	564.06	2.8115	1.8353	3.8592	628.64	0.074985	2.6029e-05	0.077192	supercritical
259.69	237.00	229.73	0.0043530	464.75	567.92	2.8264	1.8357	3.8554	626.13	0.076357	2.5855e-05	0.076830	supercritical
260.69	237.00	228.25	0.0043812	467.94	571.77	2.8412	1.8360	3.8512	623.68	0.077713	2.5685e-05	0.076475	supercritical
261.69	237.00	226.78	0.0044096	471.11	575.62	2.8560	1.8364	3.8467	621.30	0.079051	2.5518e-05	0.076127	supercritical
262.69	237.00	225.32	0.0044381	474.28	579.46	2.8706	1.8368	3.8420	618.99	0.080372	2.5355e-05	0.075786	supercritical
263.69	237.00	223.87	0.0044669	477.44	583.30	2.8852	1.8372	3.8370	616.74	0.081675	2.5194e-05	0.075452	supercritical
264.69	237.00	222.43	0.0044958	480.59	587.14	2.8997	1.8377	3.8318	614.56	0.082958	2.5037e-05	0.075125	supercritical
265.69	237.00	221.00	0.0045249	483.73	590.97	2.9142	1.8381	3.8263	612.44	0.084222	2.4883e-05	0.074804	supercritical
266.69	237.00	219.58	0.0045541	486.86	594.79	2.9285	1.8386	3.8206	610.39	0.085466	2.4732e-05	0.074489	supercritical
267.69	237.00	218.17	0.0045835	489.98	598.61	2.9428	1.8391	3.8147	608.39	0.086690	2.4585e-05	0.074181	supercritical
268.69	237.00	216.78	0.0046130	493.09	602.42	2.9570	1.8396	3.8085	606.46	0.087892	2.4440e-05	0.073880	supercritical
269.69	237.00	215.39	0.0046427	496.19	606.22	2.9712	1.8402	3.8022	604.59	0.089073	2.4298e-05	0.073584	supercritical
270.69	237.00	214.01	0.0046726	499.28	610.02	2.9852	1.8407	3.7956	602.78	0.090232	2.4160e-05	0.073295	supercritical
271.69	237.00	212.65	0.0047026	502.37	613.82	2.9992	1.8413	3.7889	601.02	0.091369	2.4024e-05	0.073012	supercritical
272.69	237.00	211.30	0.0047327	505.44	617.60	3.0131	1.8419	3.7819	599.32	0.092482	2.3891e-05	0.072735	supercritical
273.69	237.00	209.95	0.0047629	508.50	621.38	3.0270	1.8425	3.7748	597.67	0.093573	2.3762e-05	0.072464	supercritical
274.69	237.00	208.62	0.0047933	511.55	625.15	3.0407	1.8431	3.7676	596.09	0.094641	2.3634e-05	0.072199	supercritical
275.69	237.00	207.31	0.0048238	514.59	628.92	3.0544	1.8438	3.7601	594.55	0.095685	2.3510e-05	0.071939	supercritical
276.69	237.00	206.00	0.0048544	517.62	632.67	3.0680	1.8445	3.7526	593.07	0.096705	2.3388e-05	0.071685	supercritical
277.69	237.00	204.70	0.0048851	520.64	636.42	3.0815	1.8451	3.7449	591.63	0.097701	2.3270e-05	0.071437	supercritical
278.69	237.00	203.42	0.0049159	523.65	640.16	3.0950	1.8458	3.7370	590.25	0.098672	2.3153e-05	0.071194	supercritical
279.69	237.00	202.15	0.0049468	526.65	643.89	3.1083	1.8466	3.7291	588.92	0.099619	2.3039e-05	0.070957	supercritical
280.69	237.00	200.89	0.0049779	529.64	647.62	3.1216	1.8473	3.7211	587.63	0.10054	2.2928e-05	0.070725	supercritical
281.69	237.00	199.64	0.0050090	532.62	651.34	3.1348	1.8481	3.7129	586.39	0.10144	2.2820e-05	0.070498	supercritical
282.69	237.00	198.41	0.0050402	535.59	655.05	3.1480	1.8489	3.7047	585.20	0.10231	2.2713e-05	0.070277	supercritical
283.69	237.00	197.18	0.0050714	538.55	658.75	3.1611	1.8497	3.6963	584.05	0.10316	2.2609e-05	0.070061	supercritical
284.69	237.00	195.97	0.0051028	541.50	662.44	3.1740	1.8505	3.6880	582.95	0.10398	2.2508e-05	0.069849	supercritical
285.69	237.00	194.77	0.0051342	544.44	666.12	3.1870	1.8513	3.6795	581.89	0.10478	2.2409e-05	0.069643	supercritical
286.69	237.00	193.58	0.0051657	547.37	669.80	3.1998	1.8522	3.6710	580.87	0.10556	2.2312e-05	0.069442	supercritical
287.69	237.00	192.41	0.0051973	550.29	673.46	3.2126	1.8531	3.6624	579.89	0.10630	2.2217e-05	0.069245	supercritical
288.69	237.00	191.24	0.0052289	553.20	677.12	3.2253	1.8540	3.6538	578.95	0.10703	2.2125e-05	0.069054	supercritical
289.69	237.00	190.09	0.0052606	556.09	680.77	3.2379	1.8549	3.6452	578.05	0.10773	2.2035e-05	0.068867	supercritical
290.69	237.00	188.95	0.0052924	558.98	684.41	3.2504	1.8559	3.6365	577.19	0.10840	2.1946e-05	0.068685	supercritical
291.69	237.00	187.82	0.0053241	561.86	688.04	3.2629	1.8569	3.6279	576.36	0.10905	2.1860e-05	0.068507	supercritical
292.69	237.00	186.71	0.0053560	564.73	691.67	3.2753	1.8579	3.6192	575.57	0.10968	2.1776e-05	0.068334	supercritical
293.69	237.00	185.60	0.0053879	567.59	695.28	3.2876	1.8589	3.6105	574.82	0.11028	2.1694e-05	0.068165	supercritical
294.69	237.00	184.51	0.0054198	570.44	698.89	3.2999	1.8599	3.6018	574.09	0.11085	2.1614e-05	0.068001	supercritical
295.69	237.00	183.43	0.0054517	573.28	702.49	3.3121	1.8610	3.5931	573.41	0.11141	2.1536e-05	0.067841	supercritical
296.69	237.00	182.36	0.0054837	576.11	706.07	3.3242	1.8621	3.5844	572.75	0.11193	2.1459e-05	0.067686	supercritical
297.69	237.00	181.30	0.0055158	578.93	709.65	3.3362	1.8632	3.5758	572.13	0.11244	2.1385e-05	0.067534	supercritical
298.69	237.00	180.25	0.0055478	581.74	713.23	3.3482	1.8643	3.5671	571.54	0.11292	2.1312e-05	0.067387	supercritical
299.69	237.00	179.22	0.0055799	584.55	716.79	3.3601	1.8654	3.5585	570.97	0.11338	2.1241e-05	0.067244	supercritical
300.69	237.00	178.19	0.0056120	587.34	720.34	3.3720	1.8666	3.5500	570.44	0.11382	2.1172e-05	0.067105	supercritical
301.69	237.00	177.18	0.0056441	590.12	723.89	3.3837	1.8678	3.5414	569.94	0.11423	2.1105e-05	0.066970	supercritical
302.69	237.00	176.17	0.0056762	592.90	727.43	3.3954	1.8690	3.5330	569.46	0.11462	2.1039e-05	0.066840	supercritical
303.69	237.00	175.18	0.0057083	595.67	730.95	3.4071	1.8703	3.5245	569.01	0.11499	2.0975e-05	0.066713	supercritical
304.69	237.00	174.20	0.0057405	598.43	734.48	3.4187	1.8716	3.5162	568.58	0.11534	2.0912e-05	0.066590	supercritical
305.69	237.00	173.23	0.0057726	601.18	737.99	3.4302	1.8729	3.5078	568.19	0.11566	2.0851e-05	0.066470	supercritical
306.69	237.00	172.27	0.0058048	603.92	741.49	3.4416	1.8742	3.4996	567.81	0.11597	2.0791e-05	0.066355	supercritical
307.69	237.00	171.32	0.0058369	606.65	744.99	3.4530	1.8755	3.4914	567.46	0.11625	2.0733e-05	0.066243	supercritical
308.69	237.00	170.38	0.0058691	609.38	748.47	3.4643	1.8769	3.4833	567.14	0.11652	2.0677e-05	0.066135	supercritical
309.69	237.00	169.46	0.0059013	612.09	751.95	3.4756	1.8783	3.4752	566.83	0.11676	2.0622e-05	0.066031	supercritical
310.69	237.00	168.54	0.0059334	614.80	755.42	3.4867	1.8797	3.4673	566.55	0.11699	2.0568e-05	0.065930	supercritical
311.69	237.00	167.63	0.0059656	617.50	758.89	3.4979	1.8811	3.4594	566.29	0.11719	2.0516e-05	0.065833	supercritical
312.69	237.00	166.73	0.0059977	620.20	762.34	3.5089	1.8826	3.4516	566.05	0.11738	2.0465e-05	0.065739	supercritical
313.69	237.00	165.84	0.0060298	622.88	765.79	3.5199	1.8841	3.4438	565.83	0.11755	2.0415e-05	0.065649	supercritical
314.69	237.00	164.96	0.0060620	625.56	769.23	3.5309	1.8856	3.4362	565.63	0.11770	2.0367e-05	0.065562	supercritical
315.69	237.00	164.09	0.0060941	628.23	772.66	3.5418	1.8871	3.4286	565.45	0.11783	2.0320e-05	0.065478	supercritical
316.69	237.00	163.23	0.0061262	630.90	776.09	3.5526	1.8887	3.4211	565.29	0.11794	2.0274e-05	0.065398	supercritical
317.69	237.00	162.38	0.0061582	633.56	779.51	3.5634	1.8902	3.4138	565.15	0.11804	2.0229e-05	0.065321	supercritical
318.69	237.00	161.54	0.0061903	636.21	782.92	3.5741	1.8918	3.4065	565.02	0.11812	2.0186e-05	0.065247	supercritical
319.69	237.00	160.71	0.0062223	638.85	786.32	3.5848	1.8935	3.3993	564.92	0.11818	2.0144e-05	0.065177	supercritical
320.69	237.00	159.89	0.0062544	641.49	789.71	3.5954	1.8951	3.3922	564.83	0.11823	2.0103e-05	0.065109	supercritical
321.69	237.00	159.07	0.0062864	644.12	793.10	3.6059	1.8968	3.3852	564.75	0.11826	2.0063e-05	0.065045	supercritical
322.69	237.00	158.27	0.0063183	646.74	796.48	3.6164	1.8985	3.3783	564.69	0.11828	2.0024e-05	0.064984	supercritical
323.69	237.00	157.47	0.0063503	649.36	799.86	3.6269	1.9002	3.3715	564.65	0.11828	1.9986e-05	0.064926	supercritical
324.69	237.00	156.69	0.0063822	651.97	803.23	3.6373	1.9020	3.3648	564.62	0.11826	1.9949e-05	0.064871	supercritical
325.69	237.00	155.91	0.0064141	654.57	806.59	3.6476	1.9037	3.3582	564.60	0.11824	1.9913e-05	0.064818	supercritical
326.69	237.00	155.14	0.0064460	657.17	809.94	3.6579	1.9055	3.3517	564.60	0.11819	1.9879e-05	0.064769	supercritical
327.69	237.00	154.37	0.0064778	659.77	813.29	3.6681	1.9073	3.3453	564.61	0.11814	1.9845e-05	0.064723	supercritical
328.69	237.00	153.62	0.0065096	662.36	816.63	3.6783	1.9092	3.3390	564.64	0.11807	1.9812e-05	0.064679	supercritical
329.69	237.00	152.87	0.0065414	664.94	819.97	3.6884	1.9110	3.3328	564.68	0.11799	1.9780e-05	0.064638	supercritical
330.69	237.00	152.13	0.0065732	667.52	823.30	3.6985	1.9129	3.3267	564.73	0.11790	1.9749e-05	0.064600	supercritical
331.69	237.00	151.40	0.0066049	670.09	826.62	3.7085	1.9148	3.3207	564.79	0.11779	1.9719e-05	0.064565	supercritical
332.69	237.00	150.68	0.0066366	672.65	829.94	3.7185	1.9167	3.3148	564.87	0.11767	1.9690e-05	0.064532	supercritical
333.69	237.00	149.96	0.0066682	675.22	833.25	3.7285	1.9187	3.3090	564.95	0.11754	1.9662e-05	0.064502	supercritical
334.69	237.00	149.26	0.0066999	677.77	836.56	3.7384	1.9207	3.3033	565.05	0.11740	1.9635e-05	0.064475	supercritical
335.69	237.00	148.56	0.0067314	680.32	839.86	3.7482	1.9227	3.2977	565.16	0.11725	1.9608e-05	0.064450	supercritical
336.69	237.00	147.86	0.0067630	682.87	843.15	3.7580	1.9247	3.2922	565.28	0.11708	1.9582e-05	0.064428	supercritical
337.69	237.00	147.18	0.0067945	685.41	846.44	3.7678	1.9267	3.2868	565.41	0.11691	1.9557e-05	0.064408	supercritical
338.69	237.00	146.50	0.0068260	687.95	849.73	3.7775	1.9288	3.2815	565.55	0.11672	1.9533e-05	0.064391	supercritical
339.69	237.00	145.83	0.0068574	690.49	853.01	3.7871	1.9308	3.2763	565.70	0.11653	1.9510e-05	0.064376	supercritical
340.69	237.00	145.16	0.0068888	693.02	856.28	3.7968	1.9329	3.2712	565.85	0.11633	1.9487e-05	0.064364	supercritical
341.69	237.00	144.50	0.0069202	695.54	859.55	3.8063	1.9351	3.2662	566.02	0.11612	1.9465e-05	0.064354	supercritical
342.69	237.00	143.85	0.0069516	698.06	862.81	3.8159	1.9372	3.2614	566.20	0.11589	1.9444e-05	0.064347	supercritical
343.69	237.00	143.21	0.0069828	700.58	866.07	3.8254	1.9394	3.2566	566.38	0.11566	1.9423e-05	0.064341	supercritical
344.69	237.00	142.57	0.0070141	703.09	869.33	3.8348	1.9415	3.2519	566.57	0.11542	1.9404e-05	0.064338	supercritical
345.69	237.00	141.94	0.0070453	705.60	872.58	3.8442	1.9437	3.2473	566.77	0.11518	1.9385e-05	0.064338	supercritical
346.69	237.00	141.31	0.0070765	708.11	875.82	3.8536	1.9460	3.2428	566.98	0.11492	1.9366e-05	0.064339	supercritical
347.69	237.00	140.69	0.0071076	710.61	879.06	3.8630	1.9482	3.2383	567.20	0.11466	1.9348e-05	0.064343	supercritical
348.69	237.00	140.08	0.0071387	713.11	882.30	3.8723	1.9505	3.2340	567.42	0.11439	1.9331e-05	0.064349	supercritical
349.69	237.00	139.47	0.0071698	715.61	885.53	3.8815	1.9527	3.2298	567.65	0.11411	1.9315e-05	0.064357	supercritical
350.69	237.00	138.87	0.0072008	718.10	888.76	3.8907	1.9550	3.2257	567.89	0.11383	1.9299e-05	0.064367	supercritical
351.69	237.00	138.28	0.0072318	720.59	891.98	3.8999	1.9573	3.2216	568.13	0.11354	1.9283e-05	0.064379	supercritical
352.69	237.00	137.69	0.0072628	723.07	895.20	3.9090	1.9597	3.2177	568.38	0.11324	1.9269e-05	0.064394	supercritical
353.69	237.00	137.11	0.0072937	725.56	898.42	3.9181	1.9620	3.2138	568.64	0.11293	1.9255e-05	0.064410	supercritical
354.69	237.00	136.53	0.0073245	728.04	901.63	3.9272	1.9644	3.2101	568.90	0.11262	1.9241e-05	0.064428	supercritical
355.69	237.00	135.96	0.0073553	730.52	904.84	3.9362	1.9668	3.2064	569.17	0.11231	1.9228e-05	0.064449	supercritical
356.69	237.00	135.39	0.0073861	732.99	908.04	3.9452	1.9692	3.2028	569.45	0.11199	1.9215e-05	0.064471	supercritical
357.69	237.00	134.83	0.0074169	735.46	911.24	3.9542	1.9716	3.1993	569.73	0.11166	1.9203e-05	0.064495	supercritical
358.69	237.00	134.27	0.0074476	737.93	914.44	3.9631	1.9741	3.1959	570.01	0.11132	1.9192e-05	0.064522	supercritical
359.69	237.00	133.72	0.0074782	740.40	917.63	3.9720	1.9765	3.1925	570.31	0.11099	1.9181e-05	0.064550	supercritical
360.69	237.00	133.18	0.0075089	742.87	920.83	3.9809	1.9790	3.1893	570.60	0.11064	1.9171e-05	0.064579	supercritical
361.69	237.00	132.64	0.0075394	745.33	924.01	3.9897	1.9815	3.1861	570.90	0.11030	1.9161e-05	0.064611	supercritical
362.69	237.00	132.10	0.0075700	747.79	927.20	3.9985	1.9840	3.1830	571.21	0.10994	1.9151e-05	0.064645	supercritical
363.69	237.00	131.57	0.0076005	750.25	930.38	4.0073	1.9865	3.1800	571.52	0.10959	1.9142e-05	0.064680	supercritical
364.69	237.00	131.05	0.0076309	752.70	933.56	4.0160	1.9891	3.1771	571.84	0.10922	1.9134e-05	0.064717	supercritical
365.69	237.00	130.53	0.0076614	755.16	936.73	4.0247	1.9916	3.1742	572.16	0.10886	1.9126e-05	0.064756	supercritical
366.69	237.00	130.01	0.0076917	757.61	939.91	4.0334	1.9942	3.1715	572.48	0.10849	1.9118e-05	0.064797	supercritical
367.69	237.00	129.50	0.0077221	760.06	943.08	4.0420	1.9968	3.1688	572.81	0.10812	1.9111e-05	0.064839	supercritical
368.69	237.00	128.99	0.0077524	762.51	946.24	4.0506	1.9994	3.1662	573.15	0.10774	1.9104e-05	0.064883	supercritical
369.69	237.00	128.49	0.0077826	764.96	949.41	4.0592	2.0020	3.1636	573.48	0.10736	1.9098e-05	0.064928	supercritical
370.69	237.00	127.99	0.0078128	767.41	952.57	4.0677	2.0047	3.1612	573.82	0.10698	1.9092e-05	0.064976	supercritical
371.69	237.00	127.50	0.0078430	769.85	955.73	4.0762	2.0073	3.1588	574.17	0.10659	1.9087e-05	0.065025	supercritical
372.69	237.00	127.01	0.0078732	772.29	958.89	4.0847	2.0100	3.1564	574.52	0.10620	1.9081e-05	0.065075	supercritical
373.69	237.00	126.53	0.0079033	774.74	962.04	4.0932	2.0127	3.1542	574.87	0.10581	1.9077e-05	0.065127	supercritical
374.69	237.00	126.05	0.0079333	777.18	965.20	4.1016	2.0154	3.1520	575.23	0.10541	1.9072e-05	0.065181	supercritical
375.69	237.00	125.58	0.0079633	779.62	968.35	4.1100	2.0181	3.1499	575.59	0.10501	1.9068e-05	0.065236	supercritical
376.69	237.00	125.10	0.0079933	782.05	971.50	4.1183	2.0208	3.1479	575.95	0.10461	1.9065e-05	0.065292	supercritical
377.69	237.00	124.64	0.0080233	784.49	974.64	4.1267	2.0236	3.1459	576.31	0.10421	1.9062e-05	0.065350	supercritical
378.69	237.00	124.17	0.0080532	786.93	977.79	4.1350	2.0263	3.1440	576.68	0.10380	1.9059e-05	0.065410	supercritical
379.69	237.00	123.72	0.0080830	789.36	980.93	4.1433	2.0291	3.1422	577.05	0.10339	1.9056e-05	0.065471	supercritical
380.69	237.00	123.26	0.0081129	791.80	984.07	4.1516	2.0319	3.1404	577.43	0.10298	1.9054e-05	0.065534	supercritical
381.69	237.00	122.81	0.0081426	794.23	987.21	4.1598	2.0347	3.1387	577.80	0.10257	1.9052e-05	0.065598	supercritical
382.69	237.00	122.36	0.0081724	796.66	990.35	4.1680	2.0375	3.1370	578.18	0.10216	1.9051e-05	0.065663	supercritical
383.69	237.00	121.92	0.0082021	799.10	993.49	4.1762	2.0403	3.1355	578.57	0.10174	1.9050e-05	0.065730	supercritical
384.69	237.00	121.48	0.0082318	801.53	996.62	4.1843	2.0431	3.1340	578.95	0.10133	1.9049e-05	0.065798	supercritical
385.69	237.00	121.04	0.0082614	803.96	999.75	4.1925	2.0460	3.1325	579.34	0.10091	1.9048e-05	0.065867	supercritical
386.69	237.00	120.61	0.0082910	806.39	1002.9	4.2006	2.0488	3.1311	579.73	0.10049	1.9048e-05	0.065938	supercritical
387.69	237.00	120.18	0.0083206	808.82	1006.0	4.2087	2.0517	3.1298	580.12	0.10006	1.9048e-05	0.066010	supercritical
388.69	237.00	119.76	0.0083501	811.25	1009.1	4.2167	2.0546	3.1285	580.52	0.099641	1.9048e-05	0.066084	supercritical
389.69	237.00	119.34	0.0083796	813.68	1012.3	4.2248	2.0575	3.1273	580.92	0.099216	1.9049e-05	0.066158	supercritical
390.69	237.00	118.92	0.0084090	816.11	1015.4	4.2328	2.0604	3.1261	581.32	0.098791	1.9050e-05	0.066234	supercritical
391.69	237.00	118.51	0.0084384	818.54	1018.5	4.2408	2.0633	3.1250	581.72	0.098364	1.9051e-05	0.066312	supercritical
392.69	237.00	118.09	0.0084678	820.96	1021.7	4.2487	2.0663	3.1240	582.12	0.097937	1.9053e-05	0.066390	supercritical
393.69	237.00	117.69	0.0084971	823.39	1024.8	4.2567	2.0692	3.1230	582.53	0.097508	1.9055e-05	0.066470	supercritical
394.69	237.00	117.28	0.0085264	825.82	1027.9	4.2646	2.0722	3.1220	582.93	0.097079	1.9057e-05	0.066551	supercritical
395.69	237.00	116.88	0.0085557	828.25	1031.0	4.2725	2.0751	3.1212	583.34	0.096649	1.9059e-05	0.066633	supercritical
396.69	237.00	116.48	0.0085849	830.68	1034.1	4.2804	2.0781	3.1203	583.75	0.096218	1.9061e-05	0.066717	supercritical
397.69	237.00	116.09	0.0086141	833.10	1037.3	4.2882	2.0811	3.1196	584.17	0.095787	1.9064e-05	0.066801	supercritical
398.69	237.00	115.70	0.0086433	835.53	1040.4	4.2961	2.0841	3.1188	584.58	0.095355	1.9067e-05	0.066887	supercritical
399.69	237.00	115.31	0.0086724	837.96	1043.5	4.3039	2.0871	3.1182	585.00	0.094923	1.9071e-05	0.066974	supercritical
400.69	237.00	114.92	0.0087015	840.39	1046.6	4.3117	2.0901	3.1175	585.42	0.094490	1.9074e-05	0.067062	supercritical
401.69	237.00	114.54	0.0087305	842.82	1049.7	4.3194	2.0932	3.1170	585.84	0.094057	1.9078e-05	0.067151	supercritical
402.69	237.00	114.16	0.0087595	845.25	1052.8	4.3272	2.0962	3.1164	586.26	0.093624	1.9082e-05	0.067241	supercritical
403.69	237.00	113.78	0.0087885	847.68	1056.0	4.3349	2.0993	3.1160	586.68	0.093190	1.9086e-05	0.067333	supercritical
404.69	237.00	113.41	0.0088175	850.11	1059.1	4.3426	2.1023	3.1155	587.10	0.092757	1.9091e-05	0.067425	supercritical
405.69	237.00	113.04	0.0088464	852.54	1062.2	4.3503	2.1054	3.1151	587.53	0.092323	1.9095e-05	0.067519	supercritical
406.69	237.00	112.67	0.0088753	854.97	1065.3	4.3580	2.1085	3.1148	587.95	0.091889	1.9100e-05	0.067613	supercritical
407.69	237.00	112.31	0.0089041	857.40	1068.4	4.3656	2.1116	3.1145	588.38	0.091455	1.9105e-05	0.067709	supercritical
408.69	237.00	111.95	0.0089329	859.83	1071.5	4.3733	2.1147	3.1143	588.81	0.091021	1.9111e-05	0.067806	supercritical
409.69	237.00	111.59	0.0089617	862.26	1074.7	4.3809	2.1178	3.1141	589.24	0.090588	1.9116e-05	0.067904	supercritical
410.69	237.00	111.23	0.0089904	864.69	1077.8	4.3885	2.1209	3.1139	589.67	0.090154	1.9122e-05	0.068002	supercritical
411.69	237.00	110.88	0.0090191	867.13	1080.9	4.3960	2.1240	3.1138	590.11	0.089721	1.9128e-05	0.068102	supercritical
412.69	237.00	110.52	0.0090478	869.56	1084.0	4.4036	2.1272	3.1137	590.54	0.089288	1.9134e-05	0.068203	supercritical
413.69	237.00	110.18	0.0090765	872.00	1087.1	4.4111	2.1303	3.1137	590.98	0.088855	1.9140e-05	0.068305	supercritical
414.69	237.00	109.83	0.0091051	874.43	1090.2	4.4187	2.1335	3.1137	591.41	0.088423	1.9147e-05	0.068407	supercritical
415.69	237.00	109.49	0.0091337	876.87	1093.3	4.4261	2.1366	3.1137	591.85	0.087990	1.9154e-05	0.068511	supercritical
416.69	237.00	109.14	0.0091622	879.31	1096.5	4.4336	2.1398	3.1138	592.29	0.087559	1.9161e-05	0.068616	supercritical
417.69	237.00	108.81	0.0091907	881.74	1099.6	4.4411	2.1430	3.1140	592.73	0.087128	1.9168e-05	0.068721	supercritical
418.69	237.00	108.47	0.0092192	884.18	1102.7	4.4485	2.1461	3.1141	593.17	0.086697	1.9175e-05	0.068828	supercritical
419.69	237.00	108.14	0.0092477	886.62	1105.8	4.4560	2.1493	3.1144	593.61	0.086267	1.9182e-05	0.068935	supercritical
420.69	237.00	107.80	0.0092761	889.06	1108.9	4.4634	2.1525	3.1146	594.05	0.085837	1.9190e-05	0.069044	supercritical
421.69	237.00	107.48	0.0093045	891.51	1112.0	4.4708	2.1558	3.1149	594.49	0.085408	1.9198e-05	0.069153	supercritical
422.69	237.00	107.15	0.0093328	893.95	1115.1	4.4782	2.1590	3.1152	594.93	0.084980	1.9206e-05	0.069263	supercritical
423.69	237.00	106.82	0.0093611	896.39	1118.3	4.4855	2.1622	3.1156	595.38	0.084552	1.9214e-05	0.069374	supercritical
424.69	237.00	106.50	0.0093894	898.84	1121.4	4.4929	2.1654	3.1160	595.82	0.084125	1.9222e-05	0.069486	supercritical
425.69	237.00	106.18	0.0094177	901.28	1124.5	4.5002	2.1687	3.1164	596.27	0.083699	1.9230e-05	0.069599	supercritical
426.69	237.00	105.87	0.0094459	903.73	1127.6	4.5075	2.1719	3.1169	596.71	0.083274	1.9239e-05	0.069713	supercritical
427.69	237.00	105.55	0.0094741	906.18	1130.7	4.5148	2.1752	3.1174	597.16	0.082849	1.9248e-05	0.069827	supercritical
428.69	237.00	105.24	0.0095023	908.63	1133.8	4.5221	2.1784	3.1179	597.61	0.082425	1.9256e-05	0.069943	supercritical
429.69	237.00	104.93	0.0095305	911.08	1137.0	4.5293	2.1817	3.1185	598.06	0.082002	1.9265e-05	0.070059	supercritical
430.69	237.00	104.62	0.0095586	913.53	1140.1	4.5366	2.1850	3.1191	598.51	0.081580	1.9275e-05	0.070176	supercritical
431.69	237.00	104.31	0.0095867	915.99	1143.2	4.5438	2.1883	3.1197	598.96	0.081159	1.9284e-05	0.070294	supercritical
432.69	237.00	104.01	0.0096147	918.44	1146.3	4.5511	2.1916	3.1204	599.41	0.080738	1.9293e-05	0.070413	supercritical
433.69	237.00	103.70	0.0096428	920.90	1149.4	4.5583	2.1949	3.1211	599.86	0.080319	1.9303e-05	0.070532	supercritical
434.69	237.00	103.40	0.0096708	923.36	1152.6	4.5654	2.1982	3.1218	600.31	0.079900	1.9313e-05	0.070652	supercritical
435.69	237.00	103.11	0.0096987	925.82	1155.7	4.5726	2.2015	3.1226	600.76	0.079483	1.9323e-05	0.070773	supercritical
436.69	237.00	102.81	0.0097267	928.28	1158.8	4.5798	2.2048	3.1234	601.21	0.079067	1.9333e-05	0.070895	supercritical
437.69	237.00	102.52	0.0097546	930.74	1161.9	4.5869	2.2081	3.1242	601.66	0.078651	1.9343e-05	0.071018	supercritical
438.69	237.00	102.22	0.0097825	933.20	1165.0	4.5941	2.2114	3.1251	602.12	0.078237	1.9353e-05	0.071141	supercritical
439.69	237.00	101.93	0.0098103	935.67	1168.2	4.6012	2.2148	3.1260	602.57	0.077824	1.9363e-05	0.071265	supercritical
440.69	237.00	101.64	0.0098382	938.14	1171.3	4.6083	2.2181	3.1269	603.02	0.077411	1.9374e-05	0.071390	supercritical
441.69	237.00	101.36	0.0098660	940.60	1174.4	4.6154	2.2214	3.1278	603.48	0.077000	1.9384e-05	0.071516	supercritical
442.69	237.00	101.07	0.0098937	943.07	1177.6	4.6224	2.2248	3.1288	603.93	0.076590	1.9395e-05	0.071642	supercritical
443.69	237.00	100.79	0.0099215	945.55	1180.7	4.6295	2.2281	3.1298	604.39	0.076182	1.9406e-05	0.071769	supercritical
444.69	237.00	100.51	0.0099492	948.02	1183.8	4.6365	2.2315	3.1308	604.84	0.075774	1.9417e-05	0.071897	supercritical
445.69	237.00	100.23	0.0099769	950.49	1186.9	4.6436	2.2349	3.1319	605.30	0.075367	1.9428e-05	0.072026	supercritical
446.69	237.00	99.954	0.010005	952.97	1190.1	4.6506	2.2382	3.1330	605.76	0.074962	1.9439e-05	0.072155	supercritical
447.69	237.00	99.679	0.010032	955.45	1193.2	4.6576	2.2416	3.1341	606.21	0.074558	1.9451e-05	0.072285	supercritical
448.69	237.00	99.405	0.010060	957.93	1196.3	4.6646	2.2450	3.1352	606.67	0.074155	1.9462e-05	0.072415	supercritical
449.69	237.00	99.133	0.010087	960.41	1199.5	4.6716	2.2484	3.1364	607.13	0.073753	1.9474e-05	0.072547	supercritical
450.69	237.00	98.863	0.010115	962.89	1202.6	4.6785	2.2518	3.1376	607.58	0.073353	1.9485e-05	0.072679	supercritical
451.69	237.00	98.595	0.010143	965.38	1205.8	4.6855	2.2552	3.1388	608.04	0.072954	1.9497e-05	0.072811	supercritical
452.69	237.00	98.328	0.010170	967.87	1208.9	4.6924	2.2586	3.1400	608.50	0.072556	1.9509e-05	0.072945	supercritical
453.69	237.00	98.063	0.010198	970.36	1212.0	4.6994	2.2620	3.1413	608.96	0.072159	1.9521e-05	0.073079	supercritical
454.69	237.00	97.800	0.010225	972.85	1215.2	4.7063	2.2654	3.1426	609.41	0.071764	1.9533e-05	0.073213	supercritical
455.69	237.00	97.538	0.010252	975.34	1218.3	4.7132	2.2688	3.1439	609.87	0.071370	1.9545e-05	0.073349	supercritical
456.69	237.00	97.278	0.010280	977.84	1221.5	4.7201	2.2722	3.1452	610.33	0.070977	1.9557e-05	0.073485	supercritical
457.69	237.00	97.020	0.010307	980.33	1224.6	4.7270	2.2757	3.1466	610.79	0.070586	1.9570e-05	0.073621	supercritical
458.69	237.00	96.763	0.010335	982.83	1227.8	4.7338	2.2791	3.1479	611.25	0.070196	1.9582e-05	0.073758	supercritical
459.69	237.00	96.507	0.010362	985.33	1230.9	4.7407	2.2825	3.1494	611.71	0.069807	1.9595e-05	0.073896	supercritical
460.69	237.00	96.254	0.010389	987.84	1234.1	4.7475	2.2860	3.1508	612.17	0.069420	1.9607e-05	0.074035	supercritical
461.69	237.00	96.002	0.010416	990.34	1237.2	4.7544	2.2894	3.1522	612.62	0.069034	1.9620e-05	0.074174	supercritical
462.69	237.00	95.751	0.010444	992.85	1240.4	4.7612	2.2928	3.1537	613.08	0.068649	1.9633e-05	0.074314	supercritical
463.69	237.00	95.502	0.010471	995.36	1243.5	4.7680	2.2963	3.1552	613.54	0.068265	1.9646e-05	0.074454	supercritical
464.69	237.00	95.254	0.010498	997.87	1246.7	4.7748	2.2997	3.1567	614.00	0.067883	1.9659e-05	0.074595	supercritical
465.69	237.00	95.008	0.010525	1000.4	1249.8	4.7816	2.3032	3.1582	614.46	0.067503	1.9672e-05	0.074736	supercritical
466.69	237.00	94.764	0.010553	1002.9	1253.0	4.7884	2.3067	3.1598	614.92	0.067124	1.9685e-05	0.074878	supercritical
467.69	237.00	94.520	0.010580	1005.4	1256.2	4.7951	2.3101	3.1614	615.38	0.066746	1.9698e-05	0.075021	supercritical
468.69	237.00	94.279	0.010607	1007.9	1259.3	4.8019	2.3136	3.1629	615.84	0.066369	1.9712e-05	0.075164	supercritical
469.69	237.00	94.039	0.010634	1010.5	1262.5	4.8086	2.3171	3.1646	616.30	0.065994	1.9725e-05	0.075308	supercritical
470.69	237.00	93.800	0.010661	1013.0	1265.6	4.8154	2.3205	3.1662	616.76	0.065621	1.9739e-05	0.075453	supercritical
471.69	237.00	93.562	0.010688	1015.5	1268.8	4.8221	2.3240	3.1678	617.22	0.065248	1.9752e-05	0.075598	supercritical
472.69	237.00	93.326	0.010715	1018.0	1272.0	4.8288	2.3275	3.1695	617.68	0.064877	1.9766e-05	0.075743	supercritical
473.69	237.00	93.092	0.010742	1020.6	1275.1	4.8355	2.3310	3.1712	618.14	0.064508	1.9779e-05	0.075889	supercritical
474.69	237.00	92.858	0.010769	1023.1	1278.3	4.8422	2.3345	3.1729	618.60	0.064140	1.9793e-05	0.076036	supercritical
475.69	237.00	92.626	0.010796	1025.6	1281.5	4.8489	2.3379	3.1746	619.06	0.063773	1.9807e-05	0.076183	supercritical
476.69	237.00	92.396	0.010823	1028.2	1284.7	4.8555	2.3414	3.1764	619.52	0.063408	1.9821e-05	0.076331	supercritical
477.69	237.00	92.167	0.010850	1030.7	1287.8	4.8622	2.3449	3.1782	619.98	0.063044	1.9835e-05	0.076479	supercritical
478.69	237.00	91.939	0.010877	1033.2	1291.0	4.8688	2.3484	3.1799	620.44	0.062682	1.9849e-05	0.076628	supercritical
479.69	237.00	91.712	0.010904	1035.8	1294.2	4.8755	2.3519	3.1817	620.90	0.062321	1.9863e-05	0.076777	supercritical
480.69	237.00	91.487	0.010931	1038.3	1297.4	4.8821	2.3554	3.1836	621.36	0.061961	1.9878e-05	0.076927	supercritical
481.69	237.00	91.263	0.010957	1040.9	1300.6	4.8887	2.3590	3.1854	621.82	0.061603	1.9892e-05	0.077077	supercritical
482.69	237.00	91.040	0.010984	1043.4	1303.8	4.8953	2.3625	3.1872	622.28	0.061247	1.9906e-05	0.077228	supercritical
483.69	237.00	90.819	0.011011	1046.0	1306.9	4.9019	2.3660	3.1891	622.74	0.060892	1.9921e-05	0.077380	supercritical
484.69	237.00	90.598	0.011038	1048.5	1310.1	4.9085	2.3695	3.1910	623.20	0.060538	1.9935e-05	0.077532	supercritical
485.69	237.00	90.379	0.011064	1051.1	1313.3	4.9151	2.3730	3.1929	623.66	0.060185	1.9950e-05	0.077684	supercritical
486.69	237.00	90.162	0.011091	1053.7	1316.5	4.9217	2.3765	3.1948	624.12	0.059834	1.9964e-05	0.077837	supercritical
487.69	237.00	89.945	0.011118	1056.2	1319.7	4.9282	2.3800	3.1967	624.58	0.059485	1.9979e-05	0.077990	supercritical
488.69	237.00	89.730	0.011145	1058.8	1322.9	4.9348	2.3836	3.1987	625.04	0.059137	1.9994e-05	0.078144	supercritical
489.69	237.00	89.515	0.011171	1061.4	1326.1	4.9413	2.3871	3.2006	625.50	0.058790	2.0008e-05	0.078299	supercritical
490.69	237.00	89.302	0.011198	1063.9	1329.3	4.9478	2.3906	3.2026	625.96	0.058445	2.0023e-05	0.078453	supercritical
491.69	237.00	89.091	0.011225	1066.5	1332.5	4.9544	2.3942	3.2046	626.42	0.058101	2.0038e-05	0.078609	supercritical
492.69	237.00	88.880	0.011251	1069.1	1335.7	4.9609	2.3977	3.2066	626.88	0.057759	2.0053e-05	0.078765	supercritical
493.69	237.00	88.670	0.011278	1071.7	1338.9	4.9674	2.4012	3.2086	627.34	0.057418	2.0068e-05	0.078921	supercritical
494.69	237.00	88.462	0.011304	1074.2	1342.1	4.9739	2.4048	3.2107	627.79	0.057079	2.0083e-05	0.079078	supercritical
495.69	237.00	88.255	0.011331	1076.8	1345.4	4.9804	2.4083	3.2127	628.25	0.056741	2.0098e-05	0.079235	supercritical
496.69	237.00	88.049	0.011357	1079.4	1348.6	4.9868	2.4118	3.2148	628.71	0.056404	2.0114e-05	0.079393	supercritical
497.69	237.00	87.844	0.011384	1082.0	1351.8	4.9933	2.4154	3.2168	629.17	0.056069	2.0129e-05	0.079551	supercritical
498.69	237.00	87.640	0.011410	1084.6	1355.0	4.9998	2.4189	3.2189	629.63	0.055735	2.0144e-05	0.079709	supercritical
499.69	237.00	87.437	0.011437	1087.2	1358.2	5.0062	2.4225	3.2210	630.09	0.055403	2.0159e-05	0.079868	supercritical
500.69	237.00	87.235	0.011463	1089.8	1361.4	5.0127	2.4260	3.2232	630.55	0.055072	2.0175e-05	0.080028	supercritical
501.69	237.00	87.034	0.011490	1092.4	1364.7	5.0191	2.4296	3.2253	631.00	0.054742	2.0190e-05	0.080188	supercritical
502.69	237.00	86.835	0.011516	1095.0	1367.9	5.0255	2.4331	3.2274	631.46	0.054414	2.0206e-05	0.080348	supercritical
503.69	237.00	86.636	0.011543	1097.6	1371.1	5.0319	2.4367	3.2296	631.92	0.054088	2.0221e-05	0.080509	supercritical
504.69	237.00	86.439	0.011569	1100.2	1374.4	5.0383	2.4402	3.2317	632.38	0.053762	2.0237e-05	0.080670	supercritical
505.69	237.00	86.242	0.011595	1102.8	1377.6	5.0447	2.4438	3.2339	632.83	0.053439	2.0253e-05	0.080832	supercritical
506.69	237.00	86.047	0.011622	1105.4	1380.8	5.0511	2.4474	3.2361	633.29	0.053116	2.0268e-05	0.080994	supercritical
507.69	237.00	85.852	0.011648	1108.0	1384.1	5.0575	2.4509	3.2383	633.75	0.052795	2.0284e-05	0.081157	supercritical
508.69	237.00	85.659	0.011674	1110.6	1387.3	5.0639	2.4545	3.2405	634.21	0.052476	2.0300e-05	0.081320	supercritical
509.69	237.00	85.467	0.011700	1113.2	1390.5	5.0703	2.4580	3.2428	634.66	0.052157	2.0316e-05	0.081483	supercritical
510.69	237.00	85.275	0.011727	1115.9	1393.8	5.0766	2.4616	3.2450	635.12	0.051841	2.0332e-05	0.081647	supercritical
511.69	237.00	85.085	0.011753	1118.5	1397.0	5.0830	2.4652	3.2473	635.58	0.051525	2.0347e-05	0.081811	supercritical
512.69	237.00	84.895	0.011779	1121.1	1400.3	5.0893	2.4687	3.2495	636.03	0.051211	2.0363e-05	0.081976	supercritical
513.69	237.00	84.707	0.011805	1123.7	1403.5	5.0956	2.4723	3.2518	636.49	0.050898	2.0379e-05	0.082141	supercritical
514.69	237.00	84.519	0.011832	1126.4	1406.8	5.1020	2.4759	3.2541	636.94	0.050587	2.0395e-05	0.082306	supercritical
515.69	237.00	84.333	0.011858	1129.0	1410.0	5.1083	2.4794	3.2564	637.40	0.050277	2.0412e-05	0.082472	supercritical
516.69	237.00	84.147	0.011884	1131.6	1413.3	5.1146	2.4830	3.2587	637.86	0.049969	2.0428e-05	0.082638	supercritical
517.69	237.00	83.962	0.011910	1134.3	1416.6	5.1209	2.4866	3.2610	638.31	0.049662	2.0444e-05	0.082805	supercritical
518.69	237.00	83.778	0.011936	1136.9	1419.8	5.1272	2.4901	3.2633	638.77	0.049356	2.0460e-05	0.082972	supercritical
519.69	237.00	83.596	0.011962	1139.6	1423.1	5.1335	2.4937	3.2657	639.22	0.049052	2.0476e-05	0.083139	supercritical
520.69	237.00	83.414	0.011988	1142.2	1426.4	5.1398	2.4973	3.2680	639.68	0.048749	2.0493e-05	0.083307	supercritical
521.69	237.00	83.233	0.012015	1144.9	1429.6	5.1460	2.5009	3.2704	640.13	0.048447	2.0509e-05	0.083475	supercritical
522.69	237.00	83.053	0.012041	1147.5	1432.9	5.1523	2.5044	3.2727	640.58	0.048147	2.0525e-05	0.083643	supercritical
523.69	237.00	82.873	0.012067	1150.2	1436.2	5.1586	2.5080	3.2751	641.04	0.047848	2.0542e-05	0.083812	supercritical
524.69	237.00	82.695	0.012093	1152.8	1439.4	5.1648	2.5116	3.2775	641.49	0.047550	2.0558e-05	0.083982	supercritical
525.69	237.00	82.517	0.012119	1155.5	1442.7	5.1710	2.5152	3.2799	641.95	0.047254	2.0575e-05	0.084151	supercritical
526.69	237.00	82.341	0.012145	1158.2	1446.0	5.1773	2.5187	3.2823	642.40	0.046959	2.0591e-05	0.084321	supercritical
527.69	237.00	82.165	0.012171	1160.8	1449.3	5.1835	2.5223	3.2847	642.85	0.046665	2.0608e-05	0.084492	supercritical
528.69	237.00	81.990	0.012197	1163.5	1452.6	5.1897	2.5259	3.2871	643.31	0.046373	2.0624e-05	0.084662	supercritical
529.69	237.00	81.816	0.012223	1166.2	1455.9	5.1959	2.5295	3.2896	643.76	0.046082	2.0641e-05	0.084833	supercritical
530.69	237.00	81.643	0.012248	1168.9	1459.2	5.2022	2.5330	3.2920	644.21	0.045792	2.0658e-05	0.085005	supercritical
531.69	237.00	81.471	0.012274	1171.5	1462.4	5.2084	2.5366	3.2945	644.66	0.045504	2.0674e-05	0.085177	supercritical
532.69	237.00	81.299	0.012300	1174.2	1465.7	5.2145	2.5402	3.2969	645.12	0.045217	2.0691e-05	0.085349	supercritical
533.69	237.00	81.128	0.012326	1176.9	1469.0	5.2207	2.5438	3.2994	645.57	0.044931	2.0708e-05	0.085521	supercritical
534.69	237.00	80.958	0.012352	1179.6	1472.3	5.2269	2.5474	3.3019	646.02	0.044647	2.0724e-05	0.085694	supercritical
535.69	237.00	80.789	0.012378	1182.3	1475.6	5.2331	2.5510	3.3043	646.47	0.044364	2.0741e-05	0.085868	supercritical
536.69	237.00	80.621	0.012404	1185.0	1478.9	5.2392	2.5545	3.3068	646.92	0.044082	2.0758e-05	0.086041	supercritical
537.69	237.00	80.454	0.012430	1187.7	1482.3	5.2454	2.5581	3.3093	647.37	0.043802	2.0775e-05	0.086215	supercritical
538.69	237.00	80.287	0.012455	1190.4	1485.6	5.2516	2.5617	3.3118	647.82	0.043522	2.0792e-05	0.086389	supercritical
539.69	237.00	80.121	0.012481	1193.1	1488.9	5.2577	2.5653	3.3144	648.28	0.043245	2.0809e-05	0.086564	supercritical
540.69	237.00	79.956	0.012507	1195.8	1492.2	5.2638	2.5689	3.3169	648.73	0.042968	2.0826e-05	0.086739	supercritical
541.69	237.00	79.792	0.012533	1198.5	1495.5	5.2700	2.5724	3.3194	649.18	0.042693	2.0843e-05	0.086914	supercritical
542.69	237.00	79.628	0.012558	1201.2	1498.8	5.2761	2.5760	3.3220	649.63	0.042418	2.0860e-05	0.087090	supercritical
543.69	237.00	79.465	0.012584	1203.9	1502.2	5.2822	2.5796	3.3245	650.07	0.042146	2.0877e-05	0.087266	supercritical
544.69	237.00	79.303	0.012610	1206.6	1505.5	5.2883	2.5832	3.3271	650.52	0.041874	2.0894e-05	0.087442	supercritical
545.69	237.00	79.142	0.012636	1209.3	1508.8	5.2944	2.5868	3.3296	650.97	0.041604	2.0911e-05	0.087618	supercritical
546.69	237.00	78.981	0.012661	1212.1	1512.1	5.3005	2.5904	3.3322	651.42	0.041335	2.0928e-05	0.087795	supercritical
547.69	237.00	78.822	0.012687	1214.8	1515.5	5.3066	2.5939	3.3348	651.87	0.041067	2.0945e-05	0.087972	supercritical
548.69	237.00	78.662	0.012713	1217.5	1518.8	5.3127	2.5975	3.3373	652.32	0.040800	2.0962e-05	0.088150	supercritical
549.69	237.00	78.504	0.012738	1220.3	1522.1	5.3188	2.6011	3.3399	652.77	0.040535	2.0980e-05	0.088328	supercritical
550.69	237.00	78.346	0.012764	1223.0	1525.5	5.3249	2.6047	3.3425	653.21	0.040271	2.0997e-05	0.088506	supercritical
551.69	237.00	78.190	0.012789	1225.7	1528.8	5.3309	2.6083	3.3451	653.66	0.040008	2.1014e-05	0.088684	supercritical
552.69	237.00	78.033	0.012815	1228.5	1532.2	5.3370	2.6118	3.3477	654.11	0.039746	2.1031e-05	0.088863	supercritical
553.69	237.00	77.878	0.012841	1231.2	1535.5	5.3430	2.6154	3.3504	654.56	0.039486	2.1049e-05	0.089042	supercritical
554.69	237.00	77.723	0.012866	1234.0	1538.9	5.3491	2.6190	3.3530	655.00	0.039226	2.1066e-05	0.089222	supercritical
555.69	237.00	77.569	0.012892	1236.7	1542.2	5.3551	2.6226	3.3556	655.45	0.038968	2.1083e-05	0.089401	supercritical
556.69	237.00	77.416	0.012917	1239.5	1545.6	5.3612	2.6262	3.3582	655.90	0.038711	2.1101e-05	0.089581	supercritical
557.69	237.00	77.263	0.012943	1242.2	1549.0	5.3672	2.6298	3.3609	656.34	0.038456	2.1118e-05	0.089762	supercritical
558.69	237.00	77.111	0.012968	1245.0	1552.3	5.3732	2.6333	3.3635	656.79	0.038201	2.1136e-05	0.089942	supercritical
559.69	237.00	76.959	0.012994	1247.7	1555.7	5.3792	2.6369	3.3662	657.23	0.037948	2.1153e-05	0.090123	supercritical
560.69	237.00	76.809	0.013019	1250.5	1559.0	5.3852	2.6405	3.3689	657.68	0.037696	2.1170e-05	0.090304	supercritical
561.69	237.00	76.659	0.013045	1253.3	1562.4	5.3913	2.6441	3.3715	658.12	0.037445	2.1188e-05	0.090486	supercritical
562.69	237.00	76.509	0.013070	1256.0	1565.8	5.3972	2.6476	3.3742	658.57	0.037195	2.1205e-05	0.090667	supercritical
563.69	237.00	76.361	0.013096	1258.8	1569.2	5.4032	2.6512	3.3769	659.01	0.036946	2.1223e-05	0.090849	supercritical
564.69	237.00	76.213	0.013121	1261.6	1572.5	5.4092	2.6548	3.3795	659.46	0.036699	2.1240e-05	0.091032	supercritical
565.69	237.00	76.065	0.013147	1264.3	1575.9	5.4152	2.6584	3.3822	659.90	0.036453	2.1258e-05	0.091214	supercritical
566.69	237.00	75.918	0.013172	1267.1	1579.3	5.4212	2.6620	3.3849	660.34	0.036207	2.1276e-05	0.091397	supercritical
567.69	237.00	75.772	0.013197	1269.9	1582.7	5.4272	2.6655	3.3876	660.79	0.035963	2.1293e-05	0.091580	supercritical
568.69	237.00	75.627	0.013223	1272.7	1586.1	5.4331	2.6691	3.3903	661.23	0.035721	2.1311e-05	0.091764	supercritical
569.69	237.00	75.482	0.013248	1275.5	1589.5	5.4391	2.6727	3.3930	661.67	0.035479	2.1329e-05	0.091948	supercritical
570.69	237.00	75.338	0.013274	1278.3	1592.9	5.4450	2.6763	3.3958	662.12	0.035238	2.1346e-05	0.092132	supercritical
571.69	237.00	75.194	0.013299	1281.1	1596.3	5.4510	2.6798	3.3985	662.56	0.034999	2.1364e-05	0.092316	supercritical
572.69	237.00	75.051	0.013324	1283.9	1599.7	5.4569	2.6834	3.4012	663.00	0.034760	2.1382e-05	0.092500	supercritical
573.69	237.00	74.909	0.013350	1286.7	1603.1	5.4629	2.6870	3.4039	663.44	0.034523	2.1399e-05	0.092685	supercritical
574.69	237.00	74.767	0.013375	1289.5	1606.5	5.4688	2.6905	3.4067	663.88	0.034287	2.1417e-05	0.092870	supercritical
575.69	237.00	74.626	0.013400	1292.3	1609.9	5.4747	2.6941	3.4094	664.33	0.034052	2.1435e-05	0.093056	supercritical
576.69	237.00	74.485	0.013425	1295.1	1613.3	5.4806	2.6977	3.4121	664.77	0.033818	2.1453e-05	0.093241	supercritical
577.69	237.00	74.345	0.013451	1297.9	1616.7	5.4865	2.7013	3.4149	665.21	0.033585	2.1470e-05	0.093427	supercritical
578.69	237.00	74.206	0.013476	1300.7	1620.1	5.4925	2.7048	3.4176	665.65	0.033353	2.1488e-05	0.093613	supercritical
579.69	237.00	74.067	0.013501	1303.6	1623.5	5.4984	2.7084	3.4204	666.09	0.033123	2.1506e-05	0.093800	supercritical
580.69	237.00	73.929	0.013526	1306.4	1627.0	5.5043	2.7120	3.4232	666.53	0.032893	2.1524e-05	0.093986	supercritical
581.69	237.00	73.791	0.013552	1309.2	1630.4	5.5102	2.7155	3.4259	666.97	0.032664	2.1542e-05	0.094173	supercritical
582.69	237.00	73.654	0.013577	1312.0	1633.8	5.5160	2.7191	3.4287	667.41	0.032437	2.1560e-05	0.094360	supercritical
583.69	237.00	73.518	0.013602	1314.9	1637.2	5.5219	2.7227	3.4315	667.84	0.032210	2.1577e-05	0.094548	supercritical
584.69	237.00	73.382	0.013627	1317.7	1640.7	5.5278	2.7262	3.4343	668.28	0.031985	2.1595e-05	0.094735	supercritical
585.69	237.00	73.247	0.013652	1320.5	1644.1	5.5337	2.7298	3.4370	668.72	0.031761	2.1613e-05	0.094923	supercritical
586.69	237.00	73.112	0.013678	1323.4	1647.6	5.5395	2.7333	3.4398	669.16	0.031538	2.1631e-05	0.095112	supercritical
587.69	237.00	72.978	0.013703	1326.2	1651.0	5.5454	2.7369	3.4426	669.60	0.031315	2.1649e-05	0.095300	supercritical
588.69	237.00	72.844	0.013728	1329.1	1654.4	5.5512	2.7405	3.4454	670.04	0.031094	2.1667e-05	0.095489	supercritical
589.69	237.00	72.711	0.013753	1331.9	1657.9	5.5571	2.7440	3.4482	670.47	0.030874	2.1685e-05	0.095678	supercritical
590.69	237.00	72.578	0.013778	1334.8	1661.3	5.5629	2.7476	3.4510	670.91	0.030655	2.1703e-05	0.095867	supercritical
591.69	237.00	72.446	0.013803	1337.6	1664.8	5.5688	2.7511	3.4538	671.35	0.030437	2.1721e-05	0.096056	supercritical
592.69	237.00	72.315	0.013828	1340.5	1668.2	5.5746	2.7547	3.4566	671.78	0.030220	2.1739e-05	0.096246	supercritical
593.69	237.00	72.184	0.013854	1343.4	1671.7	5.5804	2.7582	3.4594	672.22	0.030004	2.1757e-05	0.096436	supercritical
594.69	237.00	72.053	0.013879	1346.2	1675.2	5.5863	2.7618	3.4623	672.65	0.029789	2.1775e-05	0.096626	supercritical
595.69	237.00	71.923	0.013904	1349.1	1678.6	5.5921	2.7653	3.4651	673.09	0.029575	2.1793e-05	0.096816	supercritical
596.69	237.00	71.794	0.013929	1352.0	1682.1	5.5979	2.7689	3.4679	673.53	0.029362	2.1811e-05	0.097007	supercritical
597.69	237.00	71.665	0.013954	1354.9	1685.6	5.6037	2.7724	3.4707	673.96	0.029150	2.1829e-05	0.097198	supercritical
598.69	237.00	71.537	0.013979	1357.7	1689.0	5.6095	2.7760	3.4736	674.40	0.028939	2.1847e-05	0.097389	supercritical
599.69	237.00	71.409	0.014004	1360.6	1692.5	5.6153	2.7795	3.4764	674.83	0.028728	2.1865e-05	0.097580	supercritical
600.69	237.00	71.282	0.014029	1363.5	1696.0	5.6211	2.7831	3.4792	675.26	0.028519	2.1884e-05	0.097771	supercritical
601.69	237.00	71.155	0.014054	1366.4	1699.5	5.6269	2.7866	3.4821	675.70	0.028311	2.1902e-05	0.097963	supercritical
602.69	237.00	71.029	0.014079	1369.3	1702.9	5.6327	2.7902	3.4849	676.13	0.028104	2.1920e-05	0.098155	supercritical
603.69	237.00	70.903	0.014104	1372.2	1706.4	5.6385	2.7937	3.4878	676.57	0.027898	2.1938e-05	0.098347	supercritical
604.69	237.00	70.778	0.014129	1375.1	1709.9	5.6442	2.7973	3.4906	677.00	0.027693	2.1956e-05	0.098540	supercritical
605.69	237.00	70.653	0.014154	1378.0	1713.4	5.6500	2.8008	3.4935	677.43	0.027488	2.1974e-05	0.098732	supercritical
606.69	237.00	70.528	0.014179	1380.9	1716.9	5.6558	2.8043	3.4963	677.86	0.027285	2.1992e-05	0.098925	supercritical
607.69	237.00	70.405	0.014204	1383.8	1720.4	5.6615	2.8079	3.4992	678.30	0.027083	2.2011e-05	0.099118	supercritical
608.69	237.00	70.281	0.014229	1386.7	1723.9	5.6673	2.8114	3.5020	678.73	0.026881	2.2029e-05	0.099311	supercritical
609.69	237.00	70.158	0.014253	1389.6	1727.4	5.6730	2.8149	3.5049	679.16	0.026681	2.2047e-05	0.099505	supercritical
610.69	237.00	70.036	0.014278	1392.5	1730.9	5.6788	2.8185	3.5078	679.59	0.026481	2.2065e-05	0.099699	supercritical
611.69	237.00	69.914	0.014303	1395.4	1734.4	5.6845	2.8220	3.5106	680.02	0.026283	2.2084e-05	0.099893	supercritical
612.69	237.00	69.793	0.014328	1398.4	1737.9	5.6903	2.8255	3.5135	680.45	0.026085	2.2102e-05	0.10009	supercritical
613.69	237.00	69.672	0.014353	1401.3	1741.5	5.6960	2.8291	3.5164	680.88	0.025888	2.2120e-05	0.10028	supercritical
614.69	237.00	69.551	0.014378	1404.2	1745.0	5.7017	2.8326	3.5193	681.31	0.025692	2.2138e-05	0.10048	supercritical
615.69	237.00	69.431	0.014403	1407.1	1748.5	5.7075	2.8361	3.5221	681.74	0.025497	2.2157e-05	0.10067	supercritical
616.69	237.00	69.312	0.014428	1410.1	1752.0	5.7132	2.8396	3.5250	682.17	0.025303	2.2175e-05	0.10087	supercritical
617.69	237.00	69.193	0.014452	1413.0	1755.5	5.7189	2.8432	3.5279	682.60	0.025110	2.2193e-05	0.10106	supercritical
618.69	237.00	69.074	0.014477	1416.0	1759.1	5.7246	2.8467	3.5308	683.03	0.024918	2.2211e-05	0.10126	supercritical
619.69	237.00	68.956	0.014502	1418.9	1762.6	5.7303	2.8502	3.5337	683.46	0.024727	2.2230e-05	0.10145	supercritical
620.69	237.00	68.838	0.014527	1421.9	1766.1	5.7360	2.8537	3.5366	683.89	0.024536	2.2248e-05	0.10165	supercritical
621.69	237.00	68.721	0.014552	1424.8	1769.7	5.7417	2.8572	3.5395	684.32	0.024346	2.2266e-05	0.10184	supercritical
622.69	237.00	68.604	0.014576	1427.8	1773.2	5.7474	2.8608	3.5424	684.75	0.024158	2.2285e-05	0.10204	supercritical
623.69	237.00	68.487	0.014601	1430.7	1776.8	5.7531	2.8643	3.5453	685.17	0.023970	2.2303e-05	0.10224	supercritical
624.69	237.00	68.371	0.014626	1433.7	1780.3	5.7588	2.8678	3.5482	685.60	0.023783	2.2321e-05	0.10243	supercritical