Temperature (K)	Pressure (bar)	Density (kg/m3)	Volume (m3/kg)	Internal Energy (kJ/kg)	Enthalpy (kJ/kg)	Entropy (J/g*K)	Cv (J/g*K)	Cp (J/g*K)	Sound Spd. (m/s)	Joule-Thomson (K/bar)	Viscosity (Pa*s)	Therm. Cond. (W/m*K)	Phase
90.694	844.00	491.33	0.0020353	-102.20	69.577	-1.1178	2.3167	3.1941	1951.6	-0.052905	0.00051162	0.27309	liquid
111.69	844.00	472.43	0.0021167	-42.397	136.25	-0.45636	2.2241	3.1614	1845.8	-0.052961	0.00023218	0.25536	liquid
112.69	844.00	471.55	0.0021207	-39.570	139.41	-0.42819	2.2203	3.1603	1840.7	-0.052947	0.00022604	0.25441	liquid
113.69	844.00	470.67	0.0021246	-36.746	142.57	-0.40028	2.2165	3.1592	1835.6	-0.052933	0.00022023	0.25344	liquid
114.69	844.00	469.79	0.0021286	-33.924	145.73	-0.37262	2.2127	3.1581	1830.5	-0.052918	0.00021472	0.25248	liquid
115.69	844.00	468.91	0.0021326	-31.103	148.89	-0.34520	2.2090	3.1569	1825.4	-0.052903	0.00020949	0.25151	liquid
116.69	844.00	468.03	0.0021366	-28.285	152.05	-0.31804	2.2053	3.1558	1820.4	-0.052887	0.00020452	0.25053	liquid
117.69	844.00	467.15	0.0021406	-25.468	155.20	-0.29112	2.2015	3.1546	1815.3	-0.052871	0.00019979	0.24955	liquid
118.69	844.00	466.27	0.0021447	-22.653	158.36	-0.26443	2.1978	3.1535	1810.2	-0.052853	0.00019530	0.24857	liquid
119.69	844.00	465.40	0.0021487	-19.841	161.51	-0.23798	2.1942	3.1523	1805.2	-0.052836	0.00019102	0.24759	liquid
120.69	844.00	464.53	0.0021527	-17.030	164.66	-0.21176	2.1905	3.1511	1800.2	-0.052818	0.00018694	0.24660	liquid
121.69	844.00	463.65	0.0021568	-14.222	167.81	-0.18576	2.1868	3.1499	1795.2	-0.052799	0.00018304	0.24561	liquid
122.69	844.00	462.78	0.0021608	-11.415	170.96	-0.15999	2.1832	3.1488	1790.1	-0.052780	0.00017932	0.24462	liquid
123.69	844.00	461.91	0.0021649	-8.6106	174.11	-0.13443	2.1796	3.1476	1785.2	-0.052760	0.00017577	0.24362	liquid
124.69	844.00	461.04	0.0021690	-5.8081	177.26	-0.10909	2.1760	3.1463	1780.2	-0.052739	0.00017237	0.24263	liquid
125.69	844.00	460.17	0.0021731	-3.0078	180.40	-0.083968	2.1724	3.1451	1775.2	-0.052718	0.00016911	0.24163	liquid
126.69	844.00	459.31	0.0021772	-0.20954	183.55	-0.059050	2.1688	3.1439	1770.2	-0.052697	0.00016599	0.24063	liquid
127.69	844.00	458.44	0.0021813	2.5866	186.69	-0.034337	2.1653	3.1427	1765.3	-0.052675	0.00016300	0.23964	liquid
128.69	844.00	457.58	0.0021854	5.3806	189.83	-0.0098268	2.1618	3.1414	1760.4	-0.052653	0.00016013	0.23864	liquid
129.69	844.00	456.71	0.0021896	8.1725	192.97	0.014484	2.1583	3.1402	1755.4	-0.052629	0.00015737	0.23764	liquid
130.69	844.00	455.85	0.0021937	10.962	196.11	0.038599	2.1548	3.1389	1750.5	-0.052606	0.00015471	0.23664	liquid
131.69	844.00	454.99	0.0021979	13.750	199.25	0.062520	2.1513	3.1377	1745.6	-0.052582	0.00015216	0.23565	liquid
132.69	844.00	454.13	0.0022020	16.535	202.39	0.086251	2.1479	3.1364	1740.8	-0.052557	0.00014971	0.23465	liquid
133.69	844.00	453.27	0.0022062	19.318	205.52	0.10979	2.1444	3.1351	1735.9	-0.052532	0.00014734	0.23365	liquid
134.69	844.00	452.41	0.0022104	22.099	208.66	0.13315	2.1410	3.1339	1731.0	-0.052506	0.00014506	0.23266	liquid
135.69	844.00	451.55	0.0022146	24.878	211.79	0.15633	2.1376	3.1326	1726.2	-0.052479	0.00014286	0.23167	liquid
136.69	844.00	450.69	0.0022188	27.655	214.92	0.17932	2.1343	3.1313	1721.4	-0.052452	0.00014073	0.23068	liquid
137.69	844.00	449.84	0.0022230	30.429	218.05	0.20214	2.1309	3.1300	1716.6	-0.052424	0.00013868	0.22969	liquid
138.69	844.00	448.98	0.0022273	33.201	221.18	0.22479	2.1276	3.1287	1711.8	-0.052396	0.00013670	0.22870	liquid
139.69	844.00	448.13	0.0022315	35.971	224.31	0.24726	2.1243	3.1274	1707.0	-0.052367	0.00013478	0.22771	liquid
140.69	844.00	447.27	0.0022358	38.738	227.44	0.26956	2.1210	3.1261	1702.3	-0.052338	0.00013292	0.22673	liquid
141.69	844.00	446.42	0.0022400	41.504	230.56	0.29170	2.1177	3.1248	1697.5	-0.052307	0.00013112	0.22575	liquid
142.69	844.00	445.57	0.0022443	44.267	233.69	0.31367	2.1145	3.1235	1692.8	-0.052276	0.00012938	0.22477	liquid
143.69	844.00	444.72	0.0022486	47.027	236.81	0.33548	2.1113	3.1222	1688.1	-0.052245	0.00012769	0.22379	liquid
144.69	844.00	443.87	0.0022529	49.786	239.93	0.35713	2.1081	3.1209	1683.4	-0.052213	0.00012605	0.22281	liquid
145.69	844.00	443.02	0.0022572	52.542	243.05	0.37862	2.1049	3.1196	1678.7	-0.052180	0.00012446	0.22184	liquid
146.69	844.00	442.18	0.0022615	55.296	246.17	0.39995	2.1018	3.1184	1674.1	-0.052146	0.00012291	0.22087	liquid
147.69	844.00	441.33	0.0022659	58.047	249.29	0.42114	2.0987	3.1171	1669.5	-0.052112	0.00012141	0.21991	liquid
148.69	844.00	440.48	0.0022702	60.797	252.40	0.44216	2.0956	3.1158	1664.8	-0.052077	0.00011995	0.21895	liquid
149.69	844.00	439.64	0.0022746	63.544	255.52	0.46304	2.0925	3.1145	1660.2	-0.052042	0.00011853	0.21799	liquid
150.69	844.00	438.80	0.0022790	66.289	258.63	0.48378	2.0894	3.1132	1655.6	-0.052005	0.00011715	0.21703	liquid
151.69	844.00	437.95	0.0022834	69.031	261.75	0.50436	2.0864	3.1119	1651.1	-0.051968	0.00011580	0.21608	liquid
152.69	844.00	437.11	0.0022878	71.771	264.86	0.52481	2.0834	3.1106	1646.5	-0.051931	0.00011449	0.21513	liquid
153.69	844.00	436.27	0.0022922	74.509	267.97	0.54511	2.0804	3.1093	1642.0	-0.051892	0.00011322	0.21419	liquid
154.69	844.00	435.43	0.0022966	77.244	271.08	0.56527	2.0775	3.1081	1637.5	-0.051853	0.00011197	0.21324	liquid
155.69	844.00	434.59	0.0023010	79.978	274.18	0.58529	2.0746	3.1068	1633.0	-0.051813	0.00011076	0.21231	liquid
156.69	844.00	433.75	0.0023055	82.708	277.29	0.60518	2.0717	3.1055	1628.5	-0.051773	0.00010957	0.21137	liquid
157.69	844.00	432.92	0.0023099	85.437	280.39	0.62493	2.0688	3.1043	1624.0	-0.051731	0.00010842	0.21044	liquid
158.69	844.00	432.08	0.0023144	88.163	283.50	0.64455	2.0660	3.1030	1619.6	-0.051689	0.00010729	0.20952	liquid
159.69	844.00	431.24	0.0023189	90.887	286.60	0.66404	2.0632	3.1018	1615.1	-0.051646	0.00010618	0.20860	liquid
160.69	844.00	430.41	0.0023234	93.609	289.70	0.68340	2.0604	3.1005	1610.7	-0.051603	0.00010511	0.20768	liquid
161.69	844.00	429.58	0.0023279	96.329	292.80	0.70263	2.0576	3.0993	1606.3	-0.051558	0.00010405	0.20676	liquid
162.69	844.00	428.74	0.0023324	99.046	295.90	0.72173	2.0549	3.0980	1601.9	-0.051513	0.00010302	0.20585	liquid
163.69	844.00	427.91	0.0023369	101.76	299.00	0.74071	2.0522	3.0968	1597.6	-0.051467	0.00010201	0.20495	liquid
164.69	844.00	427.08	0.0023415	104.47	302.09	0.75957	2.0495	3.0956	1593.2	-0.051421	0.00010103	0.20405	liquid
165.69	844.00	426.25	0.0023460	107.18	305.19	0.77830	2.0469	3.0944	1588.9	-0.051373	0.00010006	0.20315	liquid
166.69	844.00	425.42	0.0023506	109.89	308.28	0.79692	2.0442	3.0932	1584.6	-0.051325	9.9117e-05	0.20226	liquid
167.69	844.00	424.59	0.0023552	112.60	311.38	0.81542	2.0416	3.0920	1580.3	-0.051276	9.8191e-05	0.20137	liquid
168.69	844.00	423.77	0.0023598	115.30	314.47	0.83380	2.0391	3.0908	1576.1	-0.051226	9.7284e-05	0.20049	liquid
169.69	844.00	422.94	0.0023644	118.00	317.56	0.85206	2.0365	3.0896	1571.8	-0.051176	9.6395e-05	0.19961	liquid
170.69	844.00	422.12	0.0023690	120.70	320.65	0.87021	2.0340	3.0885	1567.6	-0.051124	9.5524e-05	0.19874	liquid
171.69	844.00	421.29	0.0023737	123.40	323.73	0.88825	2.0315	3.0873	1563.3	-0.051072	9.4669e-05	0.19787	liquid
172.69	844.00	420.47	0.0023783	126.09	326.82	0.90617	2.0291	3.0862	1559.2	-0.051019	9.3832e-05	0.19701	liquid
173.69	844.00	419.65	0.0023830	128.78	329.91	0.92399	2.0267	3.0850	1555.0	-0.050966	9.3010e-05	0.19615	liquid
174.69	844.00	418.82	0.0023876	131.47	332.99	0.94170	2.0243	3.0839	1550.8	-0.050911	9.2203e-05	0.19529	liquid
175.69	844.00	418.00	0.0023923	134.16	336.07	0.95930	2.0219	3.0828	1546.7	-0.050856	9.1412e-05	0.19445	liquid
176.69	844.00	417.18	0.0023970	136.85	339.16	0.97679	2.0196	3.0816	1542.5	-0.050800	9.0635e-05	0.19360	liquid
177.69	844.00	416.37	0.0024017	139.53	342.24	0.99418	2.0172	3.0805	1538.4	-0.050743	8.9871e-05	0.19276	liquid
178.69	844.00	415.55	0.0024065	142.21	345.32	1.0115	2.0150	3.0794	1534.3	-0.050685	8.9122e-05	0.19193	liquid
179.69	844.00	414.73	0.0024112	144.89	348.40	1.0286	2.0127	3.0784	1530.3	-0.050627	8.8386e-05	0.19110	liquid
180.69	844.00	413.92	0.0024160	147.57	351.47	1.0457	2.0105	3.0773	1526.2	-0.050567	8.7663e-05	0.19027	liquid
181.69	844.00	413.10	0.0024207	150.24	354.55	1.0627	2.0083	3.0762	1522.2	-0.050507	8.6952e-05	0.18945	liquid
182.69	844.00	412.29	0.0024255	152.91	357.63	1.0796	2.0061	3.0752	1518.2	-0.050446	8.6253e-05	0.18863	liquid
183.69	844.00	411.47	0.0024303	155.58	360.70	1.0964	2.0040	3.0741	1514.2	-0.050385	8.5566e-05	0.18782	liquid
184.69	844.00	410.66	0.0024351	158.25	363.77	1.1131	2.0019	3.0731	1510.2	-0.050322	8.4891e-05	0.18702	liquid
185.69	844.00	409.85	0.0024399	160.92	366.85	1.1296	1.9998	3.0721	1506.2	-0.050259	8.4227e-05	0.18622	liquid
186.69	844.00	409.04	0.0024447	163.58	369.92	1.1461	1.9978	3.0711	1502.3	-0.050195	8.3574e-05	0.18542	liquid
187.69	844.00	408.23	0.0024496	166.24	372.99	1.1625	1.9958	3.0701	1498.4	-0.050130	8.2931e-05	0.18463	liquid
188.69	844.00	407.42	0.0024544	168.90	376.06	1.1789	1.9938	3.0691	1494.4	-0.050065	8.2299e-05	0.18385	liquid
189.69	844.00	406.62	0.0024593	171.56	379.13	1.1951	1.9918	3.0682	1490.6	-0.049998	8.1677e-05	0.18307	liquid
190.69	844.00	405.81	0.0024642	174.22	382.20	1.2112	1.9899	3.0672	1486.7	-0.049931	8.1064e-05	0.18229	supercritical
191.69	844.00	405.01	0.0024691	176.87	385.26	1.2272	1.9880	3.0662	1482.8	-0.049863	8.0461e-05	0.18152	supercritical
192.69	844.00	404.20	0.0024740	179.52	388.33	1.2432	1.9861	3.0653	1479.0	-0.049794	7.9868e-05	0.18076	supercritical
193.69	844.00	403.40	0.0024789	182.17	391.39	1.2591	1.9843	3.0644	1475.2	-0.049725	7.9283e-05	0.18000	supercritical
194.69	844.00	402.60	0.0024839	184.82	394.46	1.2748	1.9825	3.0635	1471.4	-0.049655	7.8708e-05	0.17924	supercritical
195.69	844.00	401.80	0.0024888	187.46	397.52	1.2905	1.9807	3.0626	1467.6	-0.049584	7.8141e-05	0.17849	supercritical
196.69	844.00	401.00	0.0024938	190.11	400.58	1.3061	1.9790	3.0617	1463.8	-0.049512	7.7582e-05	0.17775	supercritical
197.69	844.00	400.20	0.0024988	192.75	403.64	1.3217	1.9773	3.0608	1460.1	-0.049439	7.7032e-05	0.17701	supercritical
198.69	844.00	399.40	0.0025038	195.39	406.70	1.3371	1.9756	3.0600	1456.4	-0.049366	7.6490e-05	0.17627	supercritical
199.69	844.00	398.60	0.0025088	198.02	409.76	1.3525	1.9739	3.0591	1452.6	-0.049292	7.5956e-05	0.17554	supercritical
200.69	844.00	397.81	0.0025138	200.66	412.82	1.3677	1.9723	3.0583	1448.9	-0.049217	7.5430e-05	0.17482	supercritical
201.69	844.00	397.01	0.0025188	203.29	415.88	1.3829	1.9707	3.0575	1445.3	-0.049141	7.4911e-05	0.17410	supercritical
202.69	844.00	396.22	0.0025239	205.92	418.94	1.3981	1.9692	3.0567	1441.6	-0.049065	7.4399e-05	0.17338	supercritical
203.69	844.00	395.43	0.0025289	208.55	421.99	1.4131	1.9676	3.0559	1438.0	-0.048988	7.3895e-05	0.17267	supercritical
204.69	844.00	394.63	0.0025340	211.18	425.05	1.4281	1.9661	3.0551	1434.4	-0.048910	7.3398e-05	0.17197	supercritical
205.69	844.00	393.84	0.0025391	213.81	428.10	1.4430	1.9647	3.0544	1430.7	-0.048831	7.2908e-05	0.17127	supercritical
206.69	844.00	393.05	0.0025442	216.43	431.16	1.4578	1.9632	3.0536	1427.2	-0.048752	7.2425e-05	0.17057	supercritical
207.69	844.00	392.27	0.0025493	219.05	434.21	1.4725	1.9618	3.0529	1423.6	-0.048672	7.1948e-05	0.16988	supercritical
208.69	844.00	391.48	0.0025544	221.67	437.26	1.4872	1.9605	3.0522	1420.0	-0.048591	7.1478e-05	0.16920	supercritical
209.69	844.00	390.69	0.0025596	224.29	440.32	1.5018	1.9591	3.0515	1416.5	-0.048510	7.1014e-05	0.16852	supercritical
210.69	844.00	389.91	0.0025647	226.90	443.37	1.5163	1.9578	3.0508	1413.0	-0.048428	7.0556e-05	0.16785	supercritical
211.69	844.00	389.12	0.0025699	229.52	446.42	1.5307	1.9565	3.0501	1409.5	-0.048345	7.0105e-05	0.16718	supercritical
212.69	844.00	388.34	0.0025751	232.13	449.47	1.5451	1.9553	3.0494	1406.0	-0.048261	6.9660e-05	0.16651	supercritical
213.69	844.00	387.56	0.0025803	234.74	452.52	1.5594	1.9541	3.0488	1402.6	-0.048177	6.9220e-05	0.16585	supercritical
214.69	844.00	386.78	0.0025855	237.35	455.56	1.5736	1.9529	3.0482	1399.1	-0.048092	6.8786e-05	0.16520	supercritical
215.69	844.00	386.00	0.0025907	239.96	458.61	1.5878	1.9517	3.0475	1395.7	-0.048006	6.8358e-05	0.16455	supercritical
216.69	844.00	385.22	0.0025959	242.56	461.66	1.6019	1.9506	3.0469	1392.3	-0.047920	6.7936e-05	0.16391	supercritical
217.69	844.00	384.44	0.0026012	245.17	464.71	1.6159	1.9495	3.0463	1388.9	-0.047833	6.7519e-05	0.16327	supercritical
218.69	844.00	383.67	0.0026064	247.77	467.75	1.6299	1.9484	3.0458	1385.5	-0.047746	6.7107e-05	0.16263	supercritical
219.69	844.00	382.89	0.0026117	250.37	470.80	1.6438	1.9474	3.0452	1382.1	-0.047657	6.6701e-05	0.16200	supercritical
220.69	844.00	382.12	0.0026170	252.97	473.84	1.6576	1.9464	3.0447	1378.8	-0.047568	6.6300e-05	0.16138	supercritical
221.69	844.00	381.35	0.0026223	255.57	476.89	1.6714	1.9454	3.0441	1375.5	-0.047479	6.5903e-05	0.16076	supercritical
222.69	844.00	380.57	0.0026276	258.16	479.93	1.6851	1.9445	3.0436	1372.2	-0.047389	6.5512e-05	0.16014	supercritical
223.69	844.00	379.80	0.0026329	260.75	482.97	1.6987	1.9436	3.0431	1368.9	-0.047298	6.5126e-05	0.15953	supercritical
224.69	844.00	379.03	0.0026383	263.35	486.02	1.7123	1.9427	3.0426	1365.6	-0.047207	6.4745e-05	0.15893	supercritical
225.69	844.00	378.27	0.0026436	265.94	489.06	1.7258	1.9419	3.0422	1362.3	-0.047115	6.4368e-05	0.15833	supercritical
226.69	844.00	377.50	0.0026490	268.52	492.10	1.7392	1.9411	3.0417	1359.1	-0.047022	6.3996e-05	0.15773	supercritical
227.69	844.00	376.73	0.0026544	271.11	495.14	1.7526	1.9403	3.0413	1355.9	-0.046929	6.3628e-05	0.15714	supercritical
228.69	844.00	375.97	0.0026598	273.70	498.18	1.7659	1.9395	3.0408	1352.7	-0.046835	6.3265e-05	0.15656	supercritical
229.69	844.00	375.21	0.0026652	276.28	501.22	1.7792	1.9388	3.0404	1349.5	-0.046741	6.2907e-05	0.15598	supercritical
230.69	844.00	374.45	0.0026706	278.86	504.26	1.7924	1.9381	3.0400	1346.3	-0.046646	6.2553e-05	0.15540	supercritical
231.69	844.00	373.68	0.0026761	281.45	507.30	1.8056	1.9375	3.0396	1343.2	-0.046551	6.2203e-05	0.15483	supercritical
232.69	844.00	372.93	0.0026815	284.02	510.34	1.8186	1.9368	3.0393	1340.0	-0.046455	6.1857e-05	0.15426	supercritical
233.69	844.00	372.17	0.0026870	286.60	513.38	1.8317	1.9362	3.0389	1336.9	-0.046358	6.1515e-05	0.15370	supercritical
234.69	844.00	371.41	0.0026924	289.18	516.42	1.8447	1.9357	3.0386	1333.8	-0.046261	6.1178e-05	0.15314	supercritical
235.69	844.00	370.65	0.0026979	291.75	519.46	1.8576	1.9351	3.0383	1330.7	-0.046164	6.0844e-05	0.15259	supercritical
236.69	844.00	369.90	0.0027034	294.33	522.50	1.8704	1.9346	3.0380	1327.7	-0.046066	6.0515e-05	0.15204	supercritical
237.69	844.00	369.15	0.0027089	296.90	525.54	1.8832	1.9342	3.0377	1324.6	-0.045967	6.0189e-05	0.15150	supercritical
238.69	844.00	368.39	0.0027145	299.47	528.57	1.8960	1.9337	3.0374	1321.6	-0.045868	5.9867e-05	0.15096	supercritical
239.69	844.00	367.64	0.0027200	302.04	531.61	1.9087	1.9333	3.0371	1318.6	-0.045769	5.9549e-05	0.15043	supercritical
240.69	844.00	366.90	0.0027256	304.61	534.65	1.9213	1.9329	3.0369	1315.6	-0.045669	5.9234e-05	0.14990	supercritical
241.69	844.00	366.15	0.0027311	307.18	537.68	1.9339	1.9326	3.0367	1312.6	-0.045568	5.8924e-05	0.14938	supercritical
242.69	844.00	365.40	0.0027367	309.74	540.72	1.9465	1.9322	3.0365	1309.6	-0.045468	5.8616e-05	0.14886	supercritical
243.69	844.00	364.65	0.0027423	312.31	543.76	1.9590	1.9319	3.0363	1306.7	-0.045366	5.8313e-05	0.14834	supercritical
244.69	844.00	363.91	0.0027479	314.87	546.79	1.9714	1.9317	3.0361	1303.7	-0.045265	5.8012e-05	0.14783	supercritical
245.69	844.00	363.17	0.0027535	317.43	549.83	1.9838	1.9315	3.0359	1300.8	-0.045162	5.7716e-05	0.14732	supercritical
246.69	844.00	362.43	0.0027592	319.99	552.87	1.9961	1.9313	3.0358	1297.9	-0.045060	5.7422e-05	0.14682	supercritical
247.69	844.00	361.69	0.0027648	322.55	555.90	2.0084	1.9311	3.0356	1295.0	-0.044957	5.7132e-05	0.14632	supercritical
248.69	844.00	360.95	0.0027705	325.11	558.94	2.0206	1.9309	3.0355	1292.2	-0.044854	5.6845e-05	0.14583	supercritical
249.69	844.00	360.21	0.0027762	327.66	561.97	2.0328	1.9308	3.0354	1289.3	-0.044750	5.6562e-05	0.14534	supercritical
250.69	844.00	359.47	0.0027818	330.22	565.01	2.0449	1.9308	3.0353	1286.5	-0.044646	5.6281e-05	0.14486	supercritical
251.69	844.00	358.74	0.0027875	332.77	568.04	2.0570	1.9307	3.0352	1283.7	-0.044541	5.6004e-05	0.14438	supercritical
252.69	844.00	358.01	0.0027932	335.33	571.08	2.0690	1.9307	3.0352	1280.9	-0.044437	5.5730e-05	0.14391	supercritical
253.69	844.00	357.27	0.0027990	337.88	574.11	2.0810	1.9307	3.0351	1278.1	-0.044332	5.5459e-05	0.14343	supercritical
254.69	844.00	356.54	0.0028047	340.43	577.15	2.0930	1.9307	3.0351	1275.3	-0.044226	5.5191e-05	0.14297	supercritical
255.69	844.00	355.81	0.0028105	342.98	580.18	2.1049	1.9308	3.0351	1272.5	-0.044120	5.4926e-05	0.14251	supercritical
256.69	844.00	355.09	0.0028162	345.53	583.22	2.1167	1.9309	3.0351	1269.8	-0.044014	5.4663e-05	0.14205	supercritical
257.69	844.00	354.36	0.0028220	348.08	586.25	2.1285	1.9310	3.0351	1267.1	-0.043908	5.4404e-05	0.14160	supercritical
258.69	844.00	353.63	0.0028278	350.62	589.29	2.1403	1.9312	3.0351	1264.4	-0.043801	5.4148e-05	0.14115	supercritical
259.69	844.00	352.91	0.0028336	353.17	592.32	2.1520	1.9314	3.0352	1261.7	-0.043694	5.3894e-05	0.14070	supercritical
260.69	844.00	352.19	0.0028394	355.71	595.36	2.1636	1.9316	3.0352	1259.0	-0.043587	5.3643e-05	0.14026	supercritical
261.69	844.00	351.47	0.0028452	358.26	598.39	2.1753	1.9318	3.0353	1256.4	-0.043480	5.3395e-05	0.13982	supercritical
262.69	844.00	350.75	0.0028510	360.80	601.43	2.1868	1.9321	3.0354	1253.7	-0.043372	5.3149e-05	0.13939	supercritical
263.69	844.00	350.03	0.0028569	363.34	604.46	2.1984	1.9324	3.0355	1251.1	-0.043264	5.2906e-05	0.13896	supercritical
264.69	844.00	349.31	0.0028627	365.88	607.50	2.2099	1.9327	3.0356	1248.5	-0.043156	5.2666e-05	0.13854	supercritical
265.69	844.00	348.60	0.0028686	368.42	610.54	2.2213	1.9331	3.0358	1245.9	-0.043048	5.2429e-05	0.13812	supercritical
266.69	844.00	347.89	0.0028745	370.96	613.57	2.2327	1.9335	3.0359	1243.3	-0.042940	5.2193e-05	0.13771	supercritical
267.69	844.00	347.17	0.0028804	373.50	616.61	2.2441	1.9339	3.0361	1240.8	-0.042831	5.1961e-05	0.13729	supercritical
268.69	844.00	346.46	0.0028863	376.04	619.64	2.2554	1.9343	3.0363	1238.2	-0.042722	5.1731e-05	0.13689	supercritical
269.69	844.00	345.75	0.0028922	378.58	622.68	2.2667	1.9348	3.0365	1235.7	-0.042613	5.1503e-05	0.13648	supercritical
270.69	844.00	345.05	0.0028982	381.11	625.72	2.2779	1.9353	3.0367	1233.2	-0.042504	5.1278e-05	0.13608	supercritical
271.69	844.00	344.34	0.0029041	383.65	628.75	2.2891	1.9358	3.0369	1230.7	-0.042395	5.1055e-05	0.13569	supercritical
272.69	844.00	343.64	0.0029101	386.18	631.79	2.3003	1.9364	3.0371	1228.2	-0.042285	5.0835e-05	0.13530	supercritical
273.69	844.00	342.93	0.0029160	388.72	634.83	2.3114	1.9369	3.0374	1225.7	-0.042176	5.0616e-05	0.13491	supercritical
274.69	844.00	342.23	0.0029220	391.25	637.87	2.3225	1.9375	3.0377	1223.3	-0.042066	5.0400e-05	0.13453	supercritical
275.69	844.00	341.53	0.0029280	393.78	640.90	2.3335	1.9382	3.0379	1220.8	-0.041956	5.0187e-05	0.13415	supercritical
276.69	844.00	340.83	0.0029340	396.31	643.94	2.3445	1.9388	3.0382	1218.4	-0.041846	4.9976e-05	0.13377	supercritical
277.69	844.00	340.13	0.0029400	398.84	646.98	2.3555	1.9395	3.0385	1216.0	-0.041737	4.9766e-05	0.13340	supercritical
278.69	844.00	339.44	0.0029460	401.37	650.02	2.3664	1.9402	3.0389	1213.6	-0.041627	4.9559e-05	0.13303	supercritical
279.69	844.00	338.74	0.0029521	403.90	653.06	2.3773	1.9410	3.0392	1211.2	-0.041517	4.9355e-05	0.13267	supercritical
280.69	844.00	338.05	0.0029581	406.43	656.10	2.3881	1.9417	3.0396	1208.9	-0.041407	4.9152e-05	0.13231	supercritical
281.69	844.00	337.36	0.0029642	408.96	659.14	2.3989	1.9425	3.0399	1206.5	-0.041296	4.8951e-05	0.13195	supercritical
282.69	844.00	336.67	0.0029703	411.49	662.18	2.4097	1.9434	3.0403	1204.2	-0.041186	4.8753e-05	0.13160	supercritical
283.69	844.00	335.98	0.0029763	414.01	665.22	2.4204	1.9442	3.0407	1201.9	-0.041076	4.8556e-05	0.13125	supercritical
284.69	844.00	335.30	0.0029824	416.54	668.26	2.4311	1.9451	3.0411	1199.6	-0.040966	4.8362e-05	0.13090	supercritical
285.69	844.00	334.61	0.0029885	419.07	671.30	2.4418	1.9460	3.0416	1197.3	-0.040856	4.8170e-05	0.13056	supercritical
286.69	844.00	333.93	0.0029947	421.59	674.34	2.4524	1.9469	3.0420	1195.0	-0.040746	4.7979e-05	0.13022	supercritical
287.69	844.00	333.25	0.0030008	424.12	677.38	2.4630	1.9478	3.0425	1192.8	-0.040636	4.7791e-05	0.12989	supercritical
288.69	844.00	332.57	0.0030069	426.64	680.43	2.4736	1.9488	3.0429	1190.5	-0.040526	4.7604e-05	0.12956	supercritical
289.69	844.00	331.89	0.0030131	429.17	683.47	2.4841	1.9498	3.0434	1188.3	-0.040416	4.7420e-05	0.12923	supercritical
290.69	844.00	331.21	0.0030192	431.69	686.51	2.4946	1.9508	3.0439	1186.1	-0.040306	4.7237e-05	0.12891	supercritical
291.69	844.00	330.53	0.0030254	434.21	689.56	2.5050	1.9519	3.0444	1183.9	-0.040196	4.7056e-05	0.12859	supercritical
292.69	844.00	329.86	0.0030316	436.74	692.60	2.5155	1.9530	3.0449	1181.7	-0.040086	4.6877e-05	0.12827	supercritical
293.69	844.00	329.19	0.0030378	439.26	695.65	2.5259	1.9541	3.0455	1179.5	-0.039977	4.6700e-05	0.12796	supercritical
294.69	844.00	328.52	0.0030440	441.78	698.69	2.5362	1.9552	3.0460	1177.4	-0.039867	4.6524e-05	0.12765	supercritical
295.69	844.00	327.85	0.0030502	444.30	701.74	2.5465	1.9563	3.0466	1175.2	-0.039758	4.6351e-05	0.12735	supercritical
296.69	844.00	327.18	0.0030564	446.82	704.79	2.5568	1.9575	3.0472	1173.1	-0.039648	4.6179e-05	0.12704	supercritical
297.69	844.00	326.51	0.0030627	449.35	707.83	2.5671	1.9587	3.0478	1171.0	-0.039539	4.6009e-05	0.12675	supercritical
298.69	844.00	325.85	0.0030689	451.87	710.88	2.5773	1.9599	3.0484	1168.9	-0.039430	4.5840e-05	0.12645	supercritical
299.69	844.00	325.19	0.0030752	454.39	713.93	2.5875	1.9612	3.0490	1166.8	-0.039321	4.5674e-05	0.12616	supercritical
300.69	844.00	324.52	0.0030814	456.91	716.98	2.5976	1.9625	3.0496	1164.8	-0.039212	4.5508e-05	0.12587	supercritical
301.69	844.00	323.87	0.0030877	459.43	720.03	2.6078	1.9637	3.0503	1162.7	-0.039104	4.5345e-05	0.12559	supercritical
302.69	844.00	323.21	0.0030940	461.95	723.08	2.6179	1.9651	3.0509	1160.7	-0.038995	4.5183e-05	0.12530	supercritical
303.69	844.00	322.55	0.0031003	464.47	726.13	2.6279	1.9664	3.0516	1158.7	-0.038887	4.5023e-05	0.12503	supercritical
304.69	844.00	321.90	0.0031066	466.99	729.18	2.6380	1.9678	3.0523	1156.6	-0.038779	4.4865e-05	0.12475	supercritical
305.69	844.00	321.24	0.0031129	469.51	732.24	2.6480	1.9691	3.0530	1154.6	-0.038671	4.4708e-05	0.12448	supercritical
306.69	844.00	320.59	0.0031192	472.03	735.29	2.6579	1.9705	3.0537	1152.7	-0.038563	4.4552e-05	0.12421	supercritical
307.69	844.00	319.94	0.0031256	474.55	738.34	2.6679	1.9720	3.0544	1150.7	-0.038456	4.4399e-05	0.12395	supercritical
308.69	844.00	319.29	0.0031319	477.06	741.40	2.6778	1.9734	3.0552	1148.7	-0.038349	4.4246e-05	0.12368	supercritical
309.69	844.00	318.65	0.0031383	479.58	744.45	2.6877	1.9749	3.0559	1146.8	-0.038242	4.4095e-05	0.12343	supercritical
310.69	844.00	318.00	0.0031446	482.10	747.51	2.6975	1.9764	3.0567	1144.9	-0.038135	4.3946e-05	0.12317	supercritical
311.69	844.00	317.36	0.0031510	484.62	750.57	2.7073	1.9779	3.0575	1143.0	-0.038029	4.3798e-05	0.12292	supercritical
312.69	844.00	316.72	0.0031574	487.14	753.63	2.7171	1.9795	3.0583	1141.1	-0.037922	4.3652e-05	0.12267	supercritical
313.69	844.00	316.08	0.0031638	489.66	756.68	2.7269	1.9810	3.0591	1139.2	-0.037816	4.3507e-05	0.12242	supercritical
314.69	844.00	315.44	0.0031702	492.18	759.74	2.7366	1.9826	3.0599	1137.3	-0.037711	4.3364e-05	0.12218	supercritical
315.69	844.00	314.80	0.0031766	494.70	762.80	2.7463	1.9842	3.0607	1135.4	-0.037605	4.3222e-05	0.12194	supercritical
316.69	844.00	314.17	0.0031830	497.22	765.86	2.7560	1.9858	3.0615	1133.6	-0.037500	4.3081e-05	0.12170	supercritical
317.69	844.00	313.53	0.0031895	499.74	768.93	2.7657	1.9875	3.0624	1131.8	-0.037395	4.2942e-05	0.12147	supercritical
318.69	844.00	312.90	0.0031959	502.26	771.99	2.7753	1.9891	3.0633	1129.9	-0.037291	4.2804e-05	0.12124	supercritical
319.69	844.00	312.27	0.0032023	504.78	775.05	2.7849	1.9908	3.0641	1128.1	-0.037187	4.2667e-05	0.12101	supercritical
320.69	844.00	311.64	0.0032088	507.30	778.12	2.7945	1.9925	3.0650	1126.4	-0.037083	4.2532e-05	0.12079	supercritical
321.69	844.00	311.02	0.0032153	509.82	781.18	2.8040	1.9943	3.0659	1124.6	-0.036979	4.2398e-05	0.12056	supercritical
322.69	844.00	310.39	0.0032217	512.34	784.25	2.8135	1.9960	3.0669	1122.8	-0.036876	4.2266e-05	0.12034	supercritical
323.69	844.00	309.77	0.0032282	514.86	787.32	2.8230	1.9978	3.0678	1121.1	-0.036773	4.2135e-05	0.12013	supercritical
324.69	844.00	309.15	0.0032347	517.38	790.39	2.8325	1.9996	3.0687	1119.3	-0.036671	4.2005e-05	0.11992	supercritical
325.69	844.00	308.53	0.0032412	519.90	793.45	2.8419	2.0014	3.0697	1117.6	-0.036569	4.1876e-05	0.11971	supercritical
326.69	844.00	307.91	0.0032477	522.42	796.52	2.8513	2.0032	3.0706	1115.9	-0.036467	4.1749e-05	0.11950	supercritical
327.69	844.00	307.29	0.0032542	524.94	799.60	2.8607	2.0050	3.0716	1114.2	-0.036365	4.1622e-05	0.11929	supercritical
328.69	844.00	306.68	0.0032608	527.46	802.67	2.8701	2.0069	3.0726	1112.5	-0.036264	4.1498e-05	0.11909	supercritical
329.69	844.00	306.06	0.0032673	529.98	805.74	2.8794	2.0088	3.0736	1110.8	-0.036164	4.1374e-05	0.11889	supercritical
330.69	844.00	305.45	0.0032738	532.50	808.82	2.8887	2.0107	3.0746	1109.1	-0.036063	4.1251e-05	0.11870	supercritical
331.69	844.00	304.84	0.0032804	535.02	811.89	2.8980	2.0126	3.0756	1107.5	-0.035963	4.1130e-05	0.11850	supercritical
332.69	844.00	304.23	0.0032870	537.55	814.97	2.9073	2.0145	3.0767	1105.9	-0.035864	4.1010e-05	0.11831	supercritical
333.69	844.00	303.63	0.0032935	540.07	818.04	2.9165	2.0165	3.0777	1104.2	-0.035765	4.0891e-05	0.11813	supercritical
334.69	844.00	303.02	0.0033001	542.59	821.12	2.9257	2.0185	3.0788	1102.6	-0.035666	4.0773e-05	0.11794	supercritical
335.69	844.00	302.42	0.0033067	545.12	824.20	2.9349	2.0205	3.0799	1101.0	-0.035568	4.0657e-05	0.11776	supercritical
336.69	844.00	301.82	0.0033133	547.64	827.28	2.9441	2.0225	3.0809	1099.4	-0.035470	4.0541e-05	0.11758	supercritical
337.69	844.00	301.22	0.0033199	550.17	830.36	2.9532	2.0245	3.0820	1097.9	-0.035372	4.0427e-05	0.11740	supercritical
338.69	844.00	300.62	0.0033265	552.69	833.45	2.9623	2.0266	3.0831	1096.3	-0.035275	4.0313e-05	0.11723	supercritical
339.69	844.00	300.02	0.0033331	555.22	836.53	2.9714	2.0286	3.0843	1094.7	-0.035179	4.0201e-05	0.11706	supercritical
340.69	844.00	299.43	0.0033397	557.74	839.61	2.9805	2.0307	3.0854	1093.2	-0.035082	4.0090e-05	0.11689	supercritical
341.69	844.00	298.83	0.0033463	560.27	842.70	2.9895	2.0328	3.0865	1091.7	-0.034987	3.9980e-05	0.11672	supercritical
342.69	844.00	298.24	0.0033530	562.80	845.79	2.9986	2.0349	3.0877	1090.1	-0.034891	3.9871e-05	0.11656	supercritical
343.69	844.00	297.65	0.0033596	565.32	848.88	3.0076	2.0371	3.0888	1088.6	-0.034797	3.9763e-05	0.11639	supercritical
344.69	844.00	297.06	0.0033663	567.85	851.97	3.0165	2.0392	3.0900	1087.2	-0.034702	3.9656e-05	0.11624	supercritical
345.69	844.00	296.48	0.0033729	570.38	855.06	3.0255	2.0414	3.0912	1085.7	-0.034608	3.9551e-05	0.11608	supercritical
346.69	844.00	295.89	0.0033796	572.91	858.15	3.0344	2.0436	3.0924	1084.2	-0.034515	3.9446e-05	0.11593	supercritical
347.69	844.00	295.31	0.0033863	575.44	861.24	3.0433	2.0458	3.0936	1082.7	-0.034422	3.9342e-05	0.11577	supercritical
348.69	844.00	294.73	0.0033930	577.97	864.33	3.0522	2.0480	3.0948	1081.3	-0.034329	3.9239e-05	0.11563	supercritical
349.69	844.00	294.15	0.0033996	580.50	867.43	3.0611	2.0502	3.0961	1079.9	-0.034237	3.9138e-05	0.11548	supercritical
350.69	844.00	293.57	0.0034063	583.03	870.53	3.0699	2.0524	3.0973	1078.4	-0.034146	3.9037e-05	0.11533	supercritical
351.69	844.00	292.99	0.0034130	585.56	873.62	3.0787	2.0547	3.0985	1077.0	-0.034054	3.8937e-05	0.11519	supercritical
352.69	844.00	292.42	0.0034197	588.10	876.72	3.0875	2.0570	3.0998	1075.6	-0.033964	3.8838e-05	0.11505	supercritical
353.69	844.00	291.85	0.0034265	590.63	879.82	3.0963	2.0593	3.1011	1074.2	-0.033874	3.8740e-05	0.11492	supercritical
354.69	844.00	291.28	0.0034332	593.17	882.93	3.1051	2.0616	3.1024	1072.9	-0.033784	3.8643e-05	0.11478	supercritical
355.69	844.00	290.71	0.0034399	595.70	886.03	3.1138	2.0639	3.1037	1071.5	-0.033695	3.8547e-05	0.11465	supercritical
356.69	844.00	290.14	0.0034466	598.24	889.13	3.1225	2.0663	3.1050	1070.1	-0.033606	3.8452e-05	0.11452	supercritical
357.69	844.00	289.57	0.0034534	600.77	892.24	3.1312	2.0686	3.1063	1068.8	-0.033518	3.8358e-05	0.11439	supercritical
358.69	844.00	289.01	0.0034601	603.31	895.35	3.1399	2.0710	3.1076	1067.5	-0.033431	3.8265e-05	0.11427	supercritical
359.69	844.00	288.44	0.0034669	605.85	898.45	3.1485	2.0734	3.1089	1066.1	-0.033343	3.8172e-05	0.11414	supercritical
360.69	844.00	287.88	0.0034736	608.39	901.56	3.1572	2.0758	3.1103	1064.8	-0.033257	3.8081e-05	0.11402	supercritical
361.69	844.00	287.32	0.0034804	610.93	904.67	3.1658	2.0782	3.1116	1063.5	-0.033171	3.7990e-05	0.11390	supercritical
362.69	844.00	286.76	0.0034872	613.47	907.79	3.1744	2.0806	3.1130	1062.2	-0.033085	3.7901e-05	0.11379	supercritical
363.69	844.00	286.21	0.0034940	616.01	910.90	3.1830	2.0830	3.1144	1061.0	-0.033000	3.7812e-05	0.11367	supercritical
364.69	844.00	285.65	0.0035007	618.55	914.02	3.1915	2.0855	3.1158	1059.7	-0.032915	3.7724e-05	0.11356	supercritical
365.69	844.00	285.10	0.0035075	621.10	917.13	3.2000	2.0879	3.1172	1058.4	-0.032831	3.7637e-05	0.11345	supercritical
366.69	844.00	284.55	0.0035143	623.64	920.25	3.2086	2.0904	3.1186	1057.2	-0.032748	3.7551e-05	0.11334	supercritical
367.69	844.00	284.00	0.0035211	626.19	923.37	3.2171	2.0929	3.1200	1055.9	-0.032665	3.7465e-05	0.11324	supercritical
368.69	844.00	283.45	0.0035279	628.73	926.49	3.2255	2.0954	3.1214	1054.7	-0.032582	3.7380e-05	0.11314	supercritical
369.69	844.00	282.91	0.0035347	631.28	929.61	3.2340	2.0979	3.1229	1053.5	-0.032500	3.7297e-05	0.11303	supercritical
370.69	844.00	282.36	0.0035416	633.83	932.74	3.2424	2.1005	3.1243	1052.3	-0.032419	3.7214e-05	0.11294	supercritical
371.69	844.00	281.82	0.0035484	636.38	935.86	3.2508	2.1030	3.1258	1051.1	-0.032338	3.7131e-05	0.11284	supercritical
372.69	844.00	281.28	0.0035552	638.93	938.99	3.2592	2.1056	3.1272	1049.9	-0.032257	3.7050e-05	0.11274	supercritical
373.69	844.00	280.74	0.0035621	641.48	942.12	3.2676	2.1081	3.1287	1048.7	-0.032178	3.6969e-05	0.11265	supercritical
374.69	844.00	280.20	0.0035689	644.03	945.24	3.2760	2.1107	3.1302	1047.6	-0.032098	3.6889e-05	0.11256	supercritical
375.69	844.00	279.66	0.0035757	646.58	948.38	3.2843	2.1133	3.1317	1046.4	-0.032019	3.6810e-05	0.11247	supercritical
376.69	844.00	279.13	0.0035826	649.14	951.51	3.2927	2.1159	3.1332	1045.3	-0.031941	3.6732e-05	0.11238	supercritical
377.69	844.00	278.59	0.0035895	651.69	954.64	3.3010	2.1185	3.1347	1044.1	-0.031863	3.6655e-05	0.11230	supercritical
378.69	844.00	278.06	0.0035963	654.25	957.78	3.3093	2.1212	3.1362	1043.0	-0.031786	3.6578e-05	0.11222	supercritical
379.69	844.00	277.53	0.0036032	656.81	960.91	3.3175	2.1238	3.1378	1041.9	-0.031710	3.6502e-05	0.11214	supercritical
380.69	844.00	277.00	0.0036101	659.36	964.05	3.3258	2.1265	3.1393	1040.8	-0.031633	3.6426e-05	0.11206	supercritical
381.69	844.00	276.48	0.0036169	661.92	967.19	3.3340	2.1291	3.1409	1039.7	-0.031558	3.6352e-05	0.11198	supercritical
382.69	844.00	275.95	0.0036238	664.49	970.33	3.3422	2.1318	3.1424	1038.6	-0.031483	3.6278e-05	0.11190	supercritical
383.69	844.00	275.43	0.0036307	667.05	973.48	3.3504	2.1345	3.1440	1037.5	-0.031408	3.6205e-05	0.11183	supercritical
384.69	844.00	274.91	0.0036376	669.61	976.62	3.3586	2.1372	3.1456	1036.4	-0.031334	3.6132e-05	0.11176	supercritical
385.69	844.00	274.39	0.0036445	672.17	979.77	3.3668	2.1399	3.1472	1035.4	-0.031261	3.6060e-05	0.11169	supercritical
386.69	844.00	273.87	0.0036514	674.74	982.92	3.3750	2.1426	3.1488	1034.3	-0.031188	3.5989e-05	0.11162	supercritical
387.69	844.00	273.35	0.0036583	677.31	986.07	3.3831	2.1454	3.1504	1033.3	-0.031116	3.5919e-05	0.11156	supercritical
388.69	844.00	272.84	0.0036652	679.88	989.22	3.3912	2.1481	3.1520	1032.3	-0.031044	3.5849e-05	0.11149	supercritical
389.69	844.00	272.32	0.0036721	682.44	992.37	3.3993	2.1508	3.1536	1031.2	-0.030973	3.5780e-05	0.11143	supercritical
390.69	844.00	271.81	0.0036790	685.01	995.53	3.4074	2.1536	3.1552	1030.2	-0.030902	3.5712e-05	0.11137	supercritical
391.69	844.00	271.30	0.0036860	687.59	998.68	3.4155	2.1564	3.1569	1029.2	-0.030832	3.5644e-05	0.11131	supercritical
392.69	844.00	270.79	0.0036929	690.16	1001.8	3.4235	2.1592	3.1585	1028.2	-0.030762	3.5577e-05	0.11125	supercritical
393.69	844.00	270.28	0.0036998	692.73	1005.0	3.4315	2.1620	3.1602	1027.2	-0.030693	3.5511e-05	0.11120	supercritical
394.69	844.00	269.78	0.0037068	695.31	1008.2	3.4396	2.1648	3.1619	1026.3	-0.030624	3.5445e-05	0.11115	supercritical
395.69	844.00	269.27	0.0037137	697.89	1011.3	3.4476	2.1676	3.1636	1025.3	-0.030556	3.5380e-05	0.11110	supercritical
396.69	844.00	268.77	0.0037206	700.46	1014.5	3.4556	2.1704	3.1652	1024.3	-0.030489	3.5315e-05	0.11105	supercritical
397.69	844.00	268.27	0.0037276	703.04	1017.7	3.4635	2.1732	3.1669	1023.4	-0.030422	3.5252e-05	0.11100	supercritical
398.69	844.00	267.77	0.0037345	705.63	1020.8	3.4715	2.1761	3.1686	1022.4	-0.030355	3.5188e-05	0.11095	supercritical
399.69	844.00	267.27	0.0037415	708.21	1024.0	3.4794	2.1789	3.1704	1021.5	-0.030289	3.5126e-05	0.11091	supercritical
400.69	844.00	266.78	0.0037485	710.79	1027.2	3.4873	2.1818	3.1721	1020.6	-0.030224	3.5064e-05	0.11086	supercritical
401.69	844.00	266.28	0.0037554	713.38	1030.3	3.4953	2.1847	3.1738	1019.7	-0.030159	3.5002e-05	0.11082	supercritical
402.69	844.00	265.79	0.0037624	715.96	1033.5	3.5031	2.1875	3.1756	1018.7	-0.030094	3.4942e-05	0.11078	supercritical
403.69	844.00	265.30	0.0037694	718.55	1036.7	3.5110	2.1904	3.1773	1017.8	-0.030031	3.4881e-05	0.11074	supercritical
404.69	844.00	264.81	0.0037763	721.14	1039.9	3.5189	2.1933	3.1791	1017.0	-0.029967	3.4822e-05	0.11071	supercritical
405.69	844.00	264.32	0.0037833	723.73	1043.0	3.5267	2.1962	3.1808	1016.1	-0.029905	3.4763e-05	0.11067	supercritical
406.69	844.00	263.83	0.0037903	726.32	1046.2	3.5346	2.1991	3.1826	1015.2	-0.029842	3.4704e-05	0.11064	supercritical
407.69	844.00	263.35	0.0037973	728.92	1049.4	3.5424	2.2021	3.1844	1014.3	-0.029781	3.4647e-05	0.11061	supercritical
408.69	844.00	262.86	0.0038043	731.51	1052.6	3.5502	2.2050	3.1862	1013.5	-0.029720	3.4589e-05	0.11058	supercritical
409.69	844.00	262.38	0.0038113	734.11	1055.8	3.5580	2.2079	3.1880	1012.6	-0.029659	3.4533e-05	0.11055	supercritical
410.69	844.00	261.90	0.0038183	736.71	1059.0	3.5658	2.2109	3.1898	1011.8	-0.029599	3.4476e-05	0.11052	supercritical
411.69	844.00	261.42	0.0038253	739.31	1062.2	3.5735	2.2138	3.1916	1010.9	-0.029539	3.4421e-05	0.11050	supercritical
412.69	844.00	260.94	0.0038323	741.91	1065.4	3.5813	2.2168	3.1934	1010.1	-0.029480	3.4366e-05	0.11047	supercritical
413.69	844.00	260.47	0.0038393	744.51	1068.5	3.5890	2.2198	3.1952	1009.3	-0.029421	3.4311e-05	0.11045	supercritical
414.69	844.00	259.99	0.0038463	747.12	1071.7	3.5967	2.2227	3.1971	1008.5	-0.029363	3.4257e-05	0.11043	supercritical
415.69	844.00	259.52	0.0038533	749.72	1074.9	3.6044	2.2257	3.1989	1007.7	-0.029306	3.4204e-05	0.11041	supercritical
416.69	844.00	259.05	0.0038603	752.33	1078.1	3.6121	2.2287	3.2008	1006.9	-0.029249	3.4151e-05	0.11039	supercritical
417.69	844.00	258.58	0.0038673	754.94	1081.3	3.6198	2.2317	3.2026	1006.1	-0.029192	3.4098e-05	0.11038	supercritical
418.69	844.00	258.11	0.0038743	757.55	1084.5	3.6274	2.2347	3.2045	1005.3	-0.029136	3.4046e-05	0.11036	supercritical
419.69	844.00	257.64	0.0038814	760.16	1087.8	3.6351	2.2378	3.2064	1004.5	-0.029080	3.3995e-05	0.11035	supercritical
420.69	844.00	257.18	0.0038884	762.78	1091.0	3.6427	2.2408	3.2083	1003.8	-0.029025	3.3944e-05	0.11034	supercritical
421.69	844.00	256.71	0.0038954	765.39	1094.2	3.6503	2.2438	3.2101	1003.0	-0.028971	3.3894e-05	0.11033	supercritical
422.69	844.00	256.25	0.0039025	768.01	1097.4	3.6579	2.2469	3.2120	1002.2	-0.028917	3.3844e-05	0.11032	supercritical
423.69	844.00	255.79	0.0039095	770.63	1100.6	3.6655	2.2499	3.2139	1001.5	-0.028863	3.3794e-05	0.11031	supercritical
424.69	844.00	255.33	0.0039165	773.25	1103.8	3.6731	2.2529	3.2159	1000.8	-0.028810	3.3746e-05	0.11030	supercritical
425.69	844.00	254.87	0.0039236	775.87	1107.0	3.6807	2.2560	3.2178	1000.0	-0.028758	3.3697e-05	0.11030	supercritical
426.69	844.00	254.41	0.0039306	778.50	1110.2	3.6882	2.2591	3.2197	999.31	-0.028706	3.3649e-05	0.11030	supercritical
427.69	844.00	253.96	0.0039377	781.12	1113.5	3.6958	2.2621	3.2216	998.59	-0.028654	3.3602e-05	0.11029	supercritical
428.69	844.00	253.50	0.0039447	783.75	1116.7	3.7033	2.2652	3.2236	997.88	-0.028603	3.3555e-05	0.11029	supercritical
429.69	844.00	253.05	0.0039518	786.38	1119.9	3.7108	2.2683	3.2255	997.18	-0.028552	3.3508e-05	0.11029	supercritical
430.69	844.00	252.60	0.0039588	789.01	1123.1	3.7183	2.2714	3.2275	996.48	-0.028502	3.3462e-05	0.11029	supercritical
431.69	844.00	252.15	0.0039659	791.64	1126.4	3.7258	2.2745	3.2295	995.80	-0.028453	3.3417e-05	0.11030	supercritical
432.69	844.00	251.70	0.0039729	794.28	1129.6	3.7333	2.2776	3.2314	995.11	-0.028404	3.3372e-05	0.11030	supercritical
433.69	844.00	251.26	0.0039800	796.92	1132.8	3.7407	2.2807	3.2334	994.44	-0.028355	3.3327e-05	0.11031	supercritical
434.69	844.00	250.81	0.0039871	799.55	1136.1	3.7482	2.2838	3.2354	993.77	-0.028307	3.3283e-05	0.11032	supercritical
435.69	844.00	250.37	0.0039941	802.19	1139.3	3.7556	2.2869	3.2374	993.11	-0.028259	3.3239e-05	0.11032	supercritical
436.69	844.00	249.92	0.0040012	804.84	1142.5	3.7630	2.2901	3.2394	992.46	-0.028212	3.3196e-05	0.11033	supercritical
437.69	844.00	249.48	0.0040083	807.48	1145.8	3.7704	2.2932	3.2414	991.81	-0.028165	3.3153e-05	0.11034	supercritical
438.69	844.00	249.04	0.0040154	810.12	1149.0	3.7778	2.2963	3.2434	991.17	-0.028118	3.3110e-05	0.11036	supercritical
439.69	844.00	248.61	0.0040224	812.77	1152.3	3.7852	2.2995	3.2454	990.53	-0.028073	3.3068e-05	0.11037	supercritical
440.69	844.00	248.17	0.0040295	815.42	1155.5	3.7926	2.3026	3.2475	989.90	-0.028027	3.3027e-05	0.11039	supercritical
441.69	844.00	247.73	0.0040366	818.07	1158.8	3.8000	2.3058	3.2495	989.28	-0.027982	3.2986e-05	0.11040	supercritical
442.69	844.00	247.30	0.0040437	820.73	1162.0	3.8073	2.3090	3.2515	988.67	-0.027938	3.2945e-05	0.11042	supercritical
443.69	844.00	246.87	0.0040507	823.38	1165.3	3.8147	2.3121	3.2536	988.06	-0.027894	3.2905e-05	0.11044	supercritical
444.69	844.00	246.44	0.0040578	826.04	1168.5	3.8220	2.3153	3.2556	987.45	-0.027850	3.2865e-05	0.11046	supercritical
445.69	844.00	246.01	0.0040649	828.70	1171.8	3.8293	2.3185	3.2577	986.86	-0.027807	3.2825e-05	0.11048	supercritical
446.69	844.00	245.58	0.0040720	831.36	1175.0	3.8366	2.3217	3.2598	986.27	-0.027764	3.2786e-05	0.11050	supercritical
447.69	844.00	245.15	0.0040791	834.02	1178.3	3.8439	2.3248	3.2618	985.68	-0.027722	3.2747e-05	0.11052	supercritical
448.69	844.00	244.73	0.0040862	836.68	1181.6	3.8512	2.3280	3.2639	985.10	-0.027680	3.2709e-05	0.11055	supercritical
449.69	844.00	244.30	0.0040933	839.35	1184.8	3.8584	2.3312	3.2660	984.53	-0.027639	3.2671e-05	0.11057	supercritical
450.69	844.00	243.88	0.0041004	842.02	1188.1	3.8657	2.3344	3.2681	983.96	-0.027598	3.2634e-05	0.11060	supercritical
451.69	844.00	243.46	0.0041075	844.69	1191.4	3.8730	2.3376	3.2702	983.40	-0.027557	3.2596e-05	0.11063	supercritical
452.69	844.00	243.04	0.0041146	847.36	1194.6	3.8802	2.3408	3.2723	982.85	-0.027517	3.2560e-05	0.11066	supercritical
453.69	844.00	242.62	0.0041217	850.03	1197.9	3.8874	2.3441	3.2744	982.30	-0.027477	3.2523e-05	0.11069	supercritical
454.69	844.00	242.20	0.0041288	852.71	1201.2	3.8946	2.3473	3.2765	981.76	-0.027438	3.2487e-05	0.11072	supercritical
455.69	844.00	241.79	0.0041359	855.39	1204.5	3.9018	2.3505	3.2787	981.22	-0.027399	3.2452e-05	0.11075	supercritical
456.69	844.00	241.37	0.0041430	858.07	1207.7	3.9090	2.3537	3.2808	980.69	-0.027361	3.2417e-05	0.11078	supercritical
457.69	844.00	240.96	0.0041501	860.75	1211.0	3.9162	2.3570	3.2829	980.17	-0.027323	3.2382e-05	0.11082	supercritical
458.69	844.00	240.55	0.0041572	863.43	1214.3	3.9234	2.3602	3.2851	979.65	-0.027285	3.2347e-05	0.11085	supercritical
459.69	844.00	240.14	0.0041643	866.12	1217.6	3.9305	2.3634	3.2872	979.13	-0.027248	3.2313e-05	0.11089	supercritical
460.69	844.00	239.73	0.0041714	868.81	1220.9	3.9377	2.3667	3.2894	978.63	-0.027211	3.2279e-05	0.11093	supercritical
461.69	844.00	239.32	0.0041785	871.50	1224.2	3.9448	2.3699	3.2915	978.12	-0.027175	3.2246e-05	0.11097	supercritical
462.69	844.00	238.91	0.0041857	874.19	1227.5	3.9519	2.3732	3.2937	977.63	-0.027139	3.2213e-05	0.11101	supercritical
463.69	844.00	238.51	0.0041928	876.88	1230.8	3.9590	2.3764	3.2959	977.13	-0.027103	3.2180e-05	0.11105	supercritical
464.69	844.00	238.10	0.0041999	879.58	1234.1	3.9661	2.3797	3.2981	976.65	-0.027068	3.2148e-05	0.11109	supercritical
465.69	844.00	237.70	0.0042070	882.28	1237.3	3.9732	2.3830	3.3002	976.17	-0.027033	3.2116e-05	0.11113	supercritical
466.69	844.00	237.30	0.0042141	884.98	1240.7	3.9803	2.3862	3.3024	975.69	-0.026999	3.2084e-05	0.11118	supercritical
467.69	844.00	236.90	0.0042212	887.68	1244.0	3.9874	2.3895	3.3046	975.22	-0.026965	3.2053e-05	0.11122	supercritical
468.69	844.00	236.50	0.0042284	890.39	1247.3	3.9944	2.3928	3.3068	974.76	-0.026931	3.2022e-05	0.11127	supercritical
469.69	844.00	236.10	0.0042355	893.09	1250.6	4.0015	2.3961	3.3090	974.30	-0.026898	3.1991e-05	0.11132	supercritical
470.69	844.00	235.70	0.0042426	895.80	1253.9	4.0085	2.3993	3.3113	973.84	-0.026865	3.1961e-05	0.11136	supercritical
471.69	844.00	235.31	0.0042497	898.51	1257.2	4.0156	2.4026	3.3135	973.39	-0.026832	3.1931e-05	0.11141	supercritical
472.69	844.00	234.92	0.0042569	901.23	1260.5	4.0226	2.4059	3.3157	972.95	-0.026800	3.1901e-05	0.11146	supercritical
473.69	844.00	234.52	0.0042640	903.94	1263.8	4.0296	2.4092	3.3179	972.51	-0.026768	3.1871e-05	0.11152	supercritical
474.69	844.00	234.13	0.0042711	906.66	1267.1	4.0366	2.4125	3.3202	972.08	-0.026737	3.1842e-05	0.11157	supercritical
475.69	844.00	233.74	0.0042782	909.38	1270.5	4.0436	2.4158	3.3224	971.65	-0.026706	3.1814e-05	0.11162	supercritical
476.69	844.00	233.35	0.0042854	912.10	1273.8	4.0506	2.4191	3.3247	971.22	-0.026675	3.1785e-05	0.11168	supercritical
477.69	844.00	232.96	0.0042925	914.83	1277.1	4.0575	2.4224	3.3269	970.80	-0.026645	3.1757e-05	0.11173	supercritical
478.69	844.00	232.58	0.0042996	917.55	1280.4	4.0645	2.4257	3.3292	970.39	-0.026615	3.1729e-05	0.11179	supercritical
479.69	844.00	232.19	0.0043068	920.28	1283.8	4.0714	2.4290	3.3314	969.98	-0.026585	3.1702e-05	0.11184	supercritical
480.69	844.00	231.81	0.0043139	923.01	1287.1	4.0784	2.4324	3.3337	969.58	-0.026556	3.1675e-05	0.11190	supercritical
481.69	844.00	231.43	0.0043210	925.74	1290.4	4.0853	2.4357	3.3360	969.18	-0.026527	3.1648e-05	0.11196	supercritical
482.69	844.00	231.05	0.0043282	928.48	1293.8	4.0922	2.4390	3.3382	968.78	-0.026499	3.1621e-05	0.11202	supercritical
483.69	844.00	230.67	0.0043353	931.22	1297.1	4.0991	2.4423	3.3405	968.39	-0.026471	3.1595e-05	0.11208	supercritical
484.69	844.00	230.29	0.0043424	933.95	1300.5	4.1060	2.4456	3.3428	968.01	-0.026443	3.1569e-05	0.11214	supercritical
485.69	844.00	229.91	0.0043496	936.70	1303.8	4.1129	2.4490	3.3451	967.62	-0.026415	3.1543e-05	0.11220	supercritical
486.69	844.00	229.53	0.0043567	939.44	1307.1	4.1198	2.4523	3.3474	967.25	-0.026388	3.1518e-05	0.11227	supercritical
487.69	844.00	229.16	0.0043638	942.19	1310.5	4.1267	2.4556	3.3497	966.88	-0.026361	3.1493e-05	0.11233	supercritical
488.69	844.00	228.78	0.0043710	944.94	1313.8	4.1335	2.4590	3.3520	966.51	-0.026335	3.1468e-05	0.11240	supercritical
489.69	844.00	228.41	0.0043781	947.69	1317.2	4.1404	2.4623	3.3543	966.15	-0.026308	3.1443e-05	0.11246	supercritical
490.69	844.00	228.04	0.0043852	950.44	1320.6	4.1472	2.4656	3.3567	965.79	-0.026282	3.1419e-05	0.11253	supercritical
491.69	844.00	227.67	0.0043924	953.19	1323.9	4.1541	2.4690	3.3590	965.44	-0.026257	3.1395e-05	0.11260	supercritical
492.69	844.00	227.30	0.0043995	955.95	1327.3	4.1609	2.4723	3.3613	965.09	-0.026232	3.1371e-05	0.11267	supercritical
493.69	844.00	226.93	0.0044067	958.71	1330.6	4.1677	2.4757	3.3636	964.74	-0.026207	3.1348e-05	0.11274	supercritical
494.69	844.00	226.56	0.0044138	961.47	1334.0	4.1745	2.4790	3.3660	964.40	-0.026182	3.1325e-05	0.11281	supercritical
495.69	844.00	226.20	0.0044210	964.24	1337.4	4.1813	2.4824	3.3683	964.07	-0.026158	3.1302e-05	0.11288	supercritical
496.69	844.00	225.83	0.0044281	967.00	1340.7	4.1881	2.4857	3.3707	963.73	-0.026134	3.1279e-05	0.11295	supercritical
497.69	844.00	225.47	0.0044352	969.77	1344.1	4.1949	2.4891	3.3730	963.41	-0.026110	3.1257e-05	0.11302	supercritical
498.69	844.00	225.10	0.0044424	972.55	1347.5	4.2017	2.4925	3.3754	963.08	-0.026087	3.1234e-05	0.11310	supercritical
499.69	844.00	224.74	0.0044495	975.32	1350.9	4.2084	2.4958	3.3777	962.76	-0.026064	3.1213e-05	0.11317	supercritical
500.69	844.00	224.38	0.0044567	978.10	1354.2	4.2152	2.4992	3.3801	962.45	-0.026041	3.1191e-05	0.11325	supercritical
501.69	844.00	224.02	0.0044638	980.87	1357.6	4.2219	2.5025	3.3825	962.14	-0.026018	3.1170e-05	0.11332	supercritical
502.69	844.00	223.67	0.0044709	983.65	1361.0	4.2287	2.5059	3.3848	961.83	-0.025996	3.1149e-05	0.11340	supercritical
503.69	844.00	223.31	0.0044781	986.44	1364.4	4.2354	2.5093	3.3872	961.53	-0.025974	3.1128e-05	0.11348	supercritical
504.69	844.00	222.95	0.0044852	989.22	1367.8	4.2421	2.5126	3.3896	961.23	-0.025953	3.1107e-05	0.11355	supercritical
505.69	844.00	222.60	0.0044924	992.01	1371.2	4.2488	2.5160	3.3920	960.93	-0.025931	3.1087e-05	0.11363	supercritical
506.69	844.00	222.25	0.0044995	994.80	1374.6	4.2555	2.5194	3.3944	960.64	-0.025910	3.1067e-05	0.11371	supercritical
507.69	844.00	221.89	0.0045067	997.59	1378.0	4.2622	2.5228	3.3968	960.36	-0.025889	3.1047e-05	0.11380	supercritical
508.69	844.00	221.54	0.0045138	1000.4	1381.4	4.2689	2.5261	3.3992	960.07	-0.025869	3.1027e-05	0.11388	supercritical
509.69	844.00	221.19	0.0045210	1003.2	1384.8	4.2756	2.5295	3.4016	959.79	-0.025849	3.1008e-05	0.11396	supercritical
510.69	844.00	220.84	0.0045281	1006.0	1388.2	4.2823	2.5329	3.4040	959.52	-0.025829	3.0989e-05	0.11404	supercritical
511.69	844.00	220.50	0.0045352	1008.8	1391.6	4.2889	2.5363	3.4064	959.25	-0.025809	3.0970e-05	0.11413	supercritical
512.69	844.00	220.15	0.0045424	1011.6	1395.0	4.2956	2.5397	3.4088	958.98	-0.025790	3.0951e-05	0.11421	supercritical
513.69	844.00	219.80	0.0045495	1014.4	1398.4	4.3022	2.5430	3.4112	958.72	-0.025771	3.0933e-05	0.11430	supercritical
514.69	844.00	219.46	0.0045567	1017.2	1401.8	4.3089	2.5464	3.4137	958.46	-0.025752	3.0914e-05	0.11438	supercritical
515.69	844.00	219.11	0.0045638	1020.0	1405.2	4.3155	2.5498	3.4161	958.20	-0.025733	3.0896e-05	0.11447	supercritical
516.69	844.00	218.77	0.0045710	1022.8	1408.6	4.3221	2.5532	3.4185	957.95	-0.025715	3.0879e-05	0.11456	supercritical
517.69	844.00	218.43	0.0045781	1025.7	1412.0	4.3287	2.5566	3.4210	957.70	-0.025697	3.0861e-05	0.11465	supercritical
518.69	844.00	218.09	0.0045853	1028.5	1415.5	4.3353	2.5600	3.4234	957.45	-0.025679	3.0844e-05	0.11474	supercritical
519.69	844.00	217.75	0.0045924	1031.3	1418.9	4.3419	2.5634	3.4259	957.21	-0.025661	3.0827e-05	0.11482	supercritical
520.69	844.00	217.41	0.0045996	1034.1	1422.3	4.3485	2.5668	3.4283	956.97	-0.025644	3.0810e-05	0.11492	supercritical
521.69	844.00	217.08	0.0046067	1036.9	1425.7	4.3551	2.5702	3.4308	956.74	-0.025627	3.0793e-05	0.11501	supercritical
522.69	844.00	216.74	0.0046138	1039.8	1429.2	4.3617	2.5736	3.4332	956.51	-0.025610	3.0777e-05	0.11510	supercritical
523.69	844.00	216.40	0.0046210	1042.6	1432.6	4.3682	2.5770	3.4357	956.28	-0.025593	3.0760e-05	0.11519	supercritical
524.69	844.00	216.07	0.0046281	1045.4	1436.1	4.3748	2.5803	3.4381	956.06	-0.025577	3.0744e-05	0.11528	supercritical
525.69	844.00	215.74	0.0046353	1048.3	1439.5	4.3813	2.5837	3.4406	955.84	-0.025561	3.0729e-05	0.11538	supercritical
526.69	844.00	215.40	0.0046424	1051.1	1442.9	4.3879	2.5871	3.4431	955.62	-0.025545	3.0713e-05	0.11547	supercritical
527.69	844.00	215.07	0.0046496	1054.0	1446.4	4.3944	2.5905	3.4456	955.40	-0.025529	3.0698e-05	0.11557	supercritical
528.69	844.00	214.74	0.0046567	1056.8	1449.8	4.4009	2.5939	3.4480	955.19	-0.025513	3.0683e-05	0.11567	supercritical
529.69	844.00	214.41	0.0046639	1059.6	1453.3	4.4075	2.5973	3.4505	954.99	-0.025498	3.0668e-05	0.11576	supercritical
530.69	844.00	214.09	0.0046710	1062.5	1456.7	4.4140	2.6008	3.4530	954.78	-0.025483	3.0653e-05	0.11586	supercritical
531.69	844.00	213.76	0.0046781	1065.3	1460.2	4.4205	2.6042	3.4555	954.58	-0.025468	3.0638e-05	0.11596	supercritical
532.69	844.00	213.43	0.0046853	1068.2	1463.6	4.4270	2.6076	3.4580	954.38	-0.025454	3.0624e-05	0.11606	supercritical
533.69	844.00	213.11	0.0046924	1071.1	1467.1	4.4335	2.6110	3.4605	954.19	-0.025440	3.0610e-05	0.11616	supercritical
534.69	844.00	212.79	0.0046996	1073.9	1470.6	4.4399	2.6144	3.4630	954.00	-0.025425	3.0596e-05	0.11626	supercritical
535.69	844.00	212.46	0.0047067	1076.8	1474.0	4.4464	2.6178	3.4655	953.81	-0.025411	3.0582e-05	0.11636	supercritical
536.69	844.00	212.14	0.0047139	1079.6	1477.5	4.4529	2.6212	3.4680	953.63	-0.025398	3.0568e-05	0.11646	supercritical
537.69	844.00	211.82	0.0047210	1082.5	1481.0	4.4593	2.6246	3.4705	953.45	-0.025384	3.0555e-05	0.11656	supercritical
538.69	844.00	211.50	0.0047281	1085.4	1484.4	4.4658	2.6280	3.4730	953.27	-0.025371	3.0542e-05	0.11666	supercritical
539.69	844.00	211.18	0.0047353	1088.2	1487.9	4.4722	2.6314	3.4755	953.09	-0.025358	3.0529e-05	0.11677	supercritical
540.69	844.00	210.86	0.0047424	1091.1	1491.4	4.4787	2.6348	3.4781	952.92	-0.025345	3.0516e-05	0.11687	supercritical
541.69	844.00	210.55	0.0047496	1094.0	1494.9	4.4851	2.6382	3.4806	952.75	-0.025332	3.0503e-05	0.11697	supercritical
542.69	844.00	210.23	0.0047567	1096.9	1498.3	4.4915	2.6416	3.4831	952.58	-0.025320	3.0491e-05	0.11708	supercritical
543.69	844.00	209.91	0.0047638	1099.8	1501.8	4.4979	2.6450	3.4856	952.42	-0.025308	3.0478e-05	0.11719	supercritical
544.69	844.00	209.60	0.0047710	1102.6	1505.3	4.5043	2.6485	3.4882	952.26	-0.025296	3.0466e-05	0.11729	supercritical
545.69	844.00	209.29	0.0047781	1105.5	1508.8	4.5107	2.6519	3.4907	952.10	-0.025284	3.0454e-05	0.11740	supercritical
546.69	844.00	208.98	0.0047853	1108.4	1512.3	4.5171	2.6553	3.4932	951.95	-0.025272	3.0443e-05	0.11751	supercritical
547.69	844.00	208.66	0.0047924	1111.3	1515.8	4.5235	2.6587	3.4958	951.80	-0.025260	3.0431e-05	0.11762	supercritical
548.69	844.00	208.35	0.0047995	1114.2	1519.3	4.5299	2.6621	3.4983	951.65	-0.025249	3.0420e-05	0.11772	supercritical
549.69	844.00	208.04	0.0048067	1117.1	1522.8	4.5363	2.6655	3.5009	951.50	-0.025238	3.0409e-05	0.11783	supercritical
550.69	844.00	207.74	0.0048138	1120.0	1526.3	4.5426	2.6689	3.5034	951.36	-0.025227	3.0398e-05	0.11794	supercritical
551.69	844.00	207.43	0.0048209	1122.9	1529.8	4.5490	2.6723	3.5060	951.22	-0.025216	3.0387e-05	0.11805	supercritical
552.69	844.00	207.12	0.0048281	1125.8	1533.3	4.5553	2.6758	3.5085	951.08	-0.025206	3.0376e-05	0.11817	supercritical
553.69	844.00	206.82	0.0048352	1128.7	1536.8	4.5617	2.6792	3.5111	950.95	-0.025195	3.0365e-05	0.11828	supercritical
554.69	844.00	206.51	0.0048423	1131.6	1540.3	4.5680	2.6826	3.5137	950.82	-0.025185	3.0355e-05	0.11839	supercritical
555.69	844.00	206.21	0.0048495	1134.5	1543.8	4.5744	2.6860	3.5162	950.69	-0.025175	3.0345e-05	0.11850	supercritical
556.69	844.00	205.90	0.0048566	1137.5	1547.4	4.5807	2.6894	3.5188	950.56	-0.025165	3.0335e-05	0.11862	supercritical
557.69	844.00	205.60	0.0048638	1140.4	1550.9	4.5870	2.6928	3.5214	950.44	-0.025155	3.0325e-05	0.11873	supercritical
558.69	844.00	205.30	0.0048709	1143.3	1554.4	4.5933	2.6962	3.5239	950.32	-0.025146	3.0315e-05	0.11885	supercritical
559.69	844.00	205.00	0.0048780	1146.2	1557.9	4.5996	2.6996	3.5265	950.20	-0.025136	3.0306e-05	0.11896	supercritical
560.69	844.00	204.70	0.0048851	1149.1	1561.4	4.6059	2.7031	3.5291	950.09	-0.025127	3.0296e-05	0.11908	supercritical
561.69	844.00	204.40	0.0048923	1152.1	1565.0	4.6122	2.7065	3.5317	949.97	-0.025118	3.0287e-05	0.11919	supercritical
562.69	844.00	204.11	0.0048994	1155.0	1568.5	4.6185	2.7099	3.5343	949.86	-0.025109	3.0278e-05	0.11931	supercritical
563.69	844.00	203.81	0.0049065	1157.9	1572.0	4.6248	2.7133	3.5369	949.75	-0.025101	3.0269e-05	0.11943	supercritical
564.69	844.00	203.51	0.0049137	1160.9	1575.6	4.6310	2.7167	3.5395	949.65	-0.025092	3.0261e-05	0.11954	supercritical
565.69	844.00	203.22	0.0049208	1163.8	1579.1	4.6373	2.7201	3.5420	949.55	-0.025084	3.0252e-05	0.11966	supercritical
566.69	844.00	202.93	0.0049279	1166.8	1582.7	4.6436	2.7235	3.5446	949.45	-0.025075	3.0244e-05	0.11978	supercritical
567.69	844.00	202.63	0.0049350	1169.7	1586.2	4.6498	2.7270	3.5472	949.35	-0.025067	3.0235e-05	0.11990	supercritical
568.69	844.00	202.34	0.0049422	1172.6	1589.8	4.6561	2.7304	3.5498	949.25	-0.025059	3.0227e-05	0.12002	supercritical
569.69	844.00	202.05	0.0049493	1175.6	1593.3	4.6623	2.7338	3.5524	949.16	-0.025051	3.0219e-05	0.12014	supercritical
570.69	844.00	201.76	0.0049564	1178.5	1596.9	4.6685	2.7372	3.5550	949.07	-0.025044	3.0211e-05	0.12026	supercritical
571.69	844.00	201.47	0.0049636	1181.5	1600.4	4.6748	2.7406	3.5577	948.98	-0.025036	3.0204e-05	0.12039	supercritical
572.69	844.00	201.18	0.0049707	1184.5	1604.0	4.6810	2.7440	3.5603	948.90	-0.025029	3.0196e-05	0.12051	supercritical
573.69	844.00	200.89	0.0049778	1187.4	1607.5	4.6872	2.7474	3.5629	948.82	-0.025022	3.0189e-05	0.12063	supercritical
574.69	844.00	200.60	0.0049849	1190.4	1611.1	4.6934	2.7508	3.5655	948.73	-0.025015	3.0181e-05	0.12075	supercritical
575.69	844.00	200.32	0.0049920	1193.3	1614.7	4.6996	2.7542	3.5681	948.66	-0.025008	3.0174e-05	0.12088	supercritical
576.69	844.00	200.03	0.0049992	1196.3	1618.2	4.7058	2.7577	3.5707	948.58	-0.025001	3.0167e-05	0.12100	supercritical
577.69	844.00	199.75	0.0050063	1199.3	1621.8	4.7120	2.7611	3.5733	948.51	-0.024994	3.0161e-05	0.12113	supercritical
578.69	844.00	199.47	0.0050134	1202.3	1625.4	4.7182	2.7645	3.5760	948.44	-0.024988	3.0154e-05	0.12125	supercritical
579.69	844.00	199.18	0.0050205	1205.2	1629.0	4.7243	2.7679	3.5786	948.37	-0.024981	3.0147e-05	0.12138	supercritical
580.69	844.00	198.90	0.0050276	1208.2	1632.6	4.7305	2.7713	3.5812	948.30	-0.024975	3.0141e-05	0.12150	supercritical
581.69	844.00	198.62	0.0050348	1211.2	1636.1	4.7367	2.7747	3.5839	948.24	-0.024969	3.0135e-05	0.12163	supercritical
582.69	844.00	198.34	0.0050419	1214.2	1639.7	4.7428	2.7781	3.5865	948.17	-0.024963	3.0129e-05	0.12176	supercritical
583.69	844.00	198.06	0.0050490	1217.2	1643.3	4.7490	2.7815	3.5891	948.11	-0.024957	3.0123e-05	0.12189	supercritical
584.69	844.00	197.78	0.0050561	1220.2	1646.9	4.7551	2.7849	3.5918	948.06	-0.024951	3.0117e-05	0.12201	supercritical
585.69	844.00	197.50	0.0050632	1223.2	1650.5	4.7613	2.7883	3.5944	948.00	-0.024946	3.0111e-05	0.12214	supercritical
586.69	844.00	197.23	0.0050703	1226.1	1654.1	4.7674	2.7917	3.5970	947.95	-0.024940	3.0105e-05	0.12227	supercritical
587.69	844.00	196.95	0.0050774	1229.1	1657.7	4.7735	2.7951	3.5997	947.90	-0.024935	3.0100e-05	0.12240	supercritical
588.69	844.00	196.67	0.0050846	1232.1	1661.3	4.7797	2.7985	3.6023	947.85	-0.024929	3.0095e-05	0.12253	supercritical
589.69	844.00	196.40	0.0050917	1235.2	1664.9	4.7858	2.8020	3.6050	947.80	-0.024924	3.0089e-05	0.12266	supercritical
590.69	844.00	196.13	0.0050988	1238.2	1668.5	4.7919	2.8054	3.6076	947.75	-0.024919	3.0084e-05	0.12279	supercritical
591.69	844.00	195.85	0.0051059	1241.2	1672.1	4.7980	2.8088	3.6103	947.71	-0.024914	3.0079e-05	0.12293	supercritical
592.69	844.00	195.58	0.0051130	1244.2	1675.7	4.8041	2.8122	3.6129	947.67	-0.024910	3.0075e-05	0.12306	supercritical
593.69	844.00	195.31	0.0051201	1247.2	1679.3	4.8102	2.8156	3.6156	947.63	-0.024905	3.0070e-05	0.12319	supercritical
594.69	844.00	195.04	0.0051272	1250.2	1682.9	4.8163	2.8190	3.6182	947.59	-0.024900	3.0065e-05	0.12332	supercritical
595.69	844.00	194.77	0.0051343	1253.2	1686.6	4.8223	2.8224	3.6209	947.56	-0.024896	3.0061e-05	0.12346	supercritical
596.69	844.00	194.50	0.0051414	1256.3	1690.2	4.8284	2.8258	3.6236	947.53	-0.024891	3.0056e-05	0.12359	supercritical
597.69	844.00	194.23	0.0051485	1259.3	1693.8	4.8345	2.8292	3.6262	947.50	-0.024887	3.0052e-05	0.12372	supercritical
598.69	844.00	193.96	0.0051556	1262.3	1697.4	4.8406	2.8326	3.6289	947.47	-0.024883	3.0048e-05	0.12386	supercritical
599.69	844.00	193.70	0.0051627	1265.3	1701.1	4.8466	2.8360	3.6315	947.44	-0.024879	3.0044e-05	0.12399	supercritical
600.69	844.00	193.43	0.0051698	1268.4	1704.7	4.8527	2.8393	3.6342	947.42	-0.024875	3.0040e-05	0.12413	supercritical
601.69	844.00	193.16	0.0051769	1271.4	1708.3	4.8587	2.8427	3.6369	947.39	-0.024871	3.0037e-05	0.12427	supercritical
602.69	844.00	192.90	0.0051840	1274.4	1712.0	4.8648	2.8461	3.6395	947.37	-0.024868	3.0033e-05	0.12440	supercritical
603.69	844.00	192.64	0.0051911	1277.5	1715.6	4.8708	2.8495	3.6422	947.35	-0.024864	3.0029e-05	0.12454	supercritical
604.69	844.00	192.37	0.0051982	1280.5	1719.3	4.8768	2.8529	3.6449	947.34	-0.024861	3.0026e-05	0.12468	supercritical
605.69	844.00	192.11	0.0052053	1283.6	1722.9	4.8828	2.8563	3.6476	947.32	-0.024857	3.0023e-05	0.12482	supercritical
606.69	844.00	191.85	0.0052124	1286.6	1726.6	4.8889	2.8597	3.6502	947.31	-0.024854	3.0020e-05	0.12495	supercritical
607.69	844.00	191.59	0.0052195	1289.7	1730.2	4.8949	2.8631	3.6529	947.30	-0.024851	3.0017e-05	0.12509	supercritical
608.69	844.00	191.33	0.0052266	1292.7	1733.9	4.9009	2.8665	3.6556	947.29	-0.024847	3.0014e-05	0.12523	supercritical
609.69	844.00	191.07	0.0052337	1295.8	1737.5	4.9069	2.8699	3.6583	947.28	-0.024844	3.0011e-05	0.12537	supercritical
610.69	844.00	190.81	0.0052408	1298.9	1741.2	4.9129	2.8733	3.6610	947.27	-0.024841	3.0008e-05	0.12551	supercritical
611.69	844.00	190.55	0.0052479	1301.9	1744.8	4.9189	2.8766	3.6636	947.27	-0.024839	3.0006e-05	0.12565	supercritical
612.69	844.00	190.30	0.0052550	1305.0	1748.5	4.9249	2.8800	3.6663	947.27	-0.024836	3.0003e-05	0.12579	supercritical
613.69	844.00	190.04	0.0052621	1308.1	1752.2	4.9308	2.8834	3.6690	947.27	-0.024833	3.0001e-05	0.12593	supercritical
614.69	844.00	189.78	0.0052692	1311.1	1755.8	4.9368	2.8868	3.6717	947.27	-0.024831	2.9998e-05	0.12607	supercritical
615.69	844.00	189.53	0.0052763	1314.2	1759.5	4.9428	2.8902	3.6744	947.27	-0.024828	2.9996e-05	0.12622	supercritical
616.69	844.00	189.27	0.0052833	1317.3	1763.2	4.9488	2.8936	3.6771	947.27	-0.024826	2.9994e-05	0.12636	supercritical
617.69	844.00	189.02	0.0052904	1320.4	1766.9	4.9547	2.8969	3.6798	947.28	-0.024823	2.9992e-05	0.12650	supercritical
618.69	844.00	188.77	0.0052975	1323.4	1770.6	4.9607	2.9003	3.6825	947.29	-0.024821	2.9990e-05	0.12665	supercritical
619.69	844.00	188.52	0.0053046	1326.5	1774.2	4.9666	2.9037	3.6852	947.30	-0.024819	2.9989e-05	0.12679	supercritical
620.69	844.00	188.26	0.0053117	1329.6	1777.9	4.9726	2.9071	3.6879	947.31	-0.024817	2.9987e-05	0.12693	supercritical
621.69	844.00	188.01	0.0053188	1332.7	1781.6	4.9785	2.9105	3.6906	947.32	-0.024815	2.9986e-05	0.12708	supercritical
622.69	844.00	187.76	0.0053259	1335.8	1785.3	4.9844	2.9138	3.6933	947.34	-0.024813	2.9984e-05	0.12722	supercritical
623.69	844.00	187.51	0.0053329	1338.9	1789.0	4.9904	2.9172	3.6960	947.35	-0.024811	2.9983e-05	0.12737	supercritical
624.69	844.00	187.27	0.0053400	1342.0	1792.7	4.9963	2.9206	3.6987	947.37	-0.024809	2.9981e-05	0.12751	supercritical