Temperature (K)	Pressure (bar)	Density (kg/m3)	Volume (m3/kg)	Internal Energy (kJ/kg)	Enthalpy (kJ/kg)	Entropy (J/g*K)	Cv (J/g*K)	Cp (J/g*K)	Sound Spd. (m/s)	Joule-Thomson (K/bar)	Viscosity (Pa*s)	Therm. Cond. (W/m*K)	Phase
90.694	150.00	460.56	0.0021713	-79.779	-47.210	-0.80091	2.2026	3.3013	1632.7	-0.050203	0.00025063	0.22382	liquid
94.694	150.00	455.74	0.0021943	-66.908	-33.994	-0.65831	2.1787	3.3072	1601.5	-0.049662	0.00021818	0.21950	liquid
95.694	150.00	454.52	0.0022001	-63.687	-30.686	-0.62356	2.1732	3.3091	1593.6	-0.049512	0.00021135	0.21838	liquid
96.694	150.00	453.31	0.0022060	-60.465	-27.375	-0.58915	2.1677	3.3112	1585.7	-0.049357	0.00020494	0.21725	liquid
97.694	150.00	452.09	0.0022119	-57.242	-24.063	-0.55507	2.1624	3.3133	1577.7	-0.049196	0.00019891	0.21611	liquid
98.694	150.00	450.88	0.0022179	-54.017	-20.749	-0.52131	2.1572	3.3156	1569.8	-0.049030	0.00019323	0.21495	liquid
99.694	150.00	449.65	0.0022239	-50.791	-17.432	-0.48788	2.1521	3.3179	1561.7	-0.048859	0.00018785	0.21378	liquid
100.69	150.00	448.43	0.0022300	-47.563	-14.113	-0.45475	2.1470	3.3204	1553.7	-0.048683	0.00018276	0.21260	liquid
101.69	150.00	447.20	0.0022361	-44.333	-10.791	-0.42192	2.1421	3.3229	1545.7	-0.048503	0.00017793	0.21141	liquid
102.69	150.00	445.97	0.0022423	-41.101	-7.4670	-0.38940	2.1372	3.3255	1537.6	-0.048317	0.00017335	0.21021	liquid
103.69	150.00	444.74	0.0022485	-37.868	-4.1402	-0.35716	2.1323	3.3282	1529.5	-0.048127	0.00016898	0.20901	liquid
104.69	150.00	443.51	0.0022548	-34.632	-0.81066	-0.32520	2.1275	3.3309	1521.4	-0.047931	0.00016482	0.20779	liquid
105.69	150.00	442.27	0.0022611	-31.394	2.5216	-0.29352	2.1228	3.3337	1513.2	-0.047731	0.00016084	0.20657	liquid
106.69	150.00	441.03	0.0022674	-28.155	5.8567	-0.26212	2.1181	3.3365	1505.1	-0.047526	0.00015704	0.20534	liquid
107.69	150.00	439.78	0.0022738	-24.913	9.1947	-0.23098	2.1135	3.3394	1496.9	-0.047315	0.00015340	0.20411	liquid
108.69	150.00	438.54	0.0022803	-21.669	12.536	-0.20010	2.1089	3.3424	1488.7	-0.047100	0.00014992	0.20286	liquid
109.69	150.00	437.29	0.0022868	-18.423	15.879	-0.16948	2.1044	3.3454	1480.5	-0.046879	0.00014657	0.20162	liquid
110.69	150.00	436.03	0.0022934	-15.175	19.226	-0.13910	2.0999	3.3484	1472.3	-0.046653	0.00014335	0.20037	liquid
111.69	150.00	434.77	0.0023000	-11.924	22.576	-0.10898	2.0954	3.3515	1464.1	-0.046421	0.00014026	0.19911	liquid
112.69	150.00	433.51	0.0023067	-8.6717	25.929	-0.079089	2.0909	3.3547	1455.9	-0.046184	0.00013728	0.19786	liquid
113.69	150.00	432.25	0.0023135	-5.4166	29.286	-0.049438	2.0865	3.3579	1447.6	-0.045942	0.00013441	0.19659	liquid
114.69	150.00	430.98	0.0023203	-2.1592	32.645	-0.020018	2.0822	3.3612	1439.4	-0.045693	0.00013164	0.19533	liquid
115.69	150.00	429.71	0.0023272	1.1006	36.008	0.0091753	2.0778	3.3645	1431.1	-0.045438	0.00012896	0.19406	liquid
116.69	150.00	428.43	0.0023341	4.3628	39.374	0.038146	2.0735	3.3679	1422.8	-0.045178	0.00012638	0.19279	liquid
117.69	150.00	427.15	0.0023411	7.6275	42.744	0.066899	2.0693	3.3714	1414.5	-0.044911	0.00012388	0.19152	liquid
118.69	150.00	425.87	0.0023482	10.895	46.117	0.095438	2.0650	3.3749	1406.3	-0.044637	0.00012146	0.19025	liquid
119.69	150.00	424.58	0.0023553	14.165	49.494	0.12377	2.0608	3.3785	1398.0	-0.044357	0.00011912	0.18898	liquid
120.69	150.00	423.29	0.0023625	17.437	52.874	0.15189	2.0566	3.3821	1389.7	-0.044070	0.00011685	0.18770	liquid
121.69	150.00	421.99	0.0023697	20.712	56.258	0.17981	2.0525	3.3858	1381.3	-0.043777	0.00011465	0.18643	liquid
122.69	150.00	420.69	0.0023771	23.990	59.646	0.20754	2.0484	3.3896	1373.0	-0.043475	0.00011251	0.18515	liquid
123.69	150.00	419.38	0.0023845	27.270	63.037	0.23507	2.0443	3.3934	1364.7	-0.043167	0.00011044	0.18388	liquid
124.69	150.00	418.07	0.0023919	30.554	66.433	0.26241	2.0402	3.3974	1356.4	-0.042851	0.00010842	0.18260	liquid
125.69	150.00	416.76	0.0023995	33.840	69.832	0.28956	2.0362	3.4014	1348.0	-0.042527	0.00010647	0.18133	liquid
126.69	150.00	415.44	0.0024071	37.129	73.235	0.31653	2.0322	3.4054	1339.7	-0.042195	0.00010456	0.18005	liquid
127.69	150.00	414.11	0.0024148	40.421	76.643	0.34332	2.0283	3.4096	1331.3	-0.041855	0.00010271	0.17878	liquid
128.69	150.00	412.79	0.0024226	43.716	80.055	0.36993	2.0243	3.4139	1323.0	-0.041507	0.00010091	0.17751	liquid
129.69	150.00	411.45	0.0024304	47.014	83.471	0.39637	2.0205	3.4182	1314.6	-0.041149	9.9155e-05	0.17624	liquid
130.69	150.00	410.11	0.0024384	50.316	86.891	0.42265	2.0166	3.4227	1306.2	-0.040783	9.7446e-05	0.17497	liquid
131.69	150.00	408.77	0.0024464	53.620	90.316	0.44875	2.0128	3.4272	1297.9	-0.040407	9.5781e-05	0.17370	liquid
132.69	150.00	407.42	0.0024545	56.928	93.745	0.47469	2.0090	3.4318	1289.5	-0.040022	9.4158e-05	0.17244	liquid
133.69	150.00	406.06	0.0024627	60.240	97.180	0.50048	2.0052	3.4366	1281.1	-0.039627	9.2575e-05	0.17117	liquid
134.69	150.00	404.70	0.0024709	63.554	100.62	0.52610	2.0015	3.4414	1272.7	-0.039222	9.1032e-05	0.16991	liquid
135.69	150.00	403.34	0.0024793	66.873	104.06	0.55158	1.9978	3.4464	1264.3	-0.038807	8.9526e-05	0.16866	liquid
136.69	150.00	401.97	0.0024878	70.195	107.51	0.57690	1.9942	3.4514	1255.9	-0.038381	8.8055e-05	0.16740	liquid
137.69	150.00	400.59	0.0024963	73.520	110.97	0.60208	1.9906	3.4566	1247.5	-0.037945	8.6620e-05	0.16615	liquid
138.69	150.00	399.20	0.0025050	76.850	114.42	0.62711	1.9870	3.4619	1239.1	-0.037497	8.5218e-05	0.16490	liquid
139.69	150.00	397.81	0.0025137	80.183	117.89	0.65200	1.9834	3.4673	1230.7	-0.037037	8.3849e-05	0.16365	liquid
140.69	150.00	396.42	0.0025226	83.521	121.36	0.67675	1.9799	3.4729	1222.3	-0.036566	8.2511e-05	0.16240	liquid
141.69	150.00	395.02	0.0025315	86.862	124.84	0.70137	1.9765	3.4786	1213.9	-0.036082	8.1203e-05	0.16116	liquid
142.69	150.00	393.61	0.0025406	90.207	128.32	0.72585	1.9730	3.4844	1205.4	-0.035585	7.9925e-05	0.15992	liquid
143.69	150.00	392.19	0.0025498	93.557	131.80	0.75021	1.9696	3.4903	1197.0	-0.035076	7.8675e-05	0.15869	liquid
144.69	150.00	390.77	0.0025591	96.911	135.30	0.77443	1.9663	3.4964	1188.6	-0.034553	7.7452e-05	0.15746	liquid
145.69	150.00	389.34	0.0025684	100.27	138.80	0.79854	1.9630	3.5027	1180.1	-0.034017	7.6256e-05	0.15623	liquid
146.69	150.00	387.90	0.0025780	103.63	142.30	0.82252	1.9597	3.5091	1171.7	-0.033466	7.5085e-05	0.15500	liquid
147.69	150.00	386.46	0.0025876	107.00	145.81	0.84638	1.9565	3.5156	1163.3	-0.032901	7.3940e-05	0.15378	liquid
148.69	150.00	385.01	0.0025973	110.37	149.33	0.87012	1.9533	3.5223	1154.8	-0.032321	7.2818e-05	0.15257	liquid
149.69	150.00	383.55	0.0026072	113.75	152.86	0.89376	1.9501	3.5292	1146.3	-0.031725	7.1720e-05	0.15135	liquid
150.69	150.00	382.09	0.0026172	117.13	156.39	0.91728	1.9470	3.5362	1137.9	-0.031114	7.0645e-05	0.15015	liquid
151.69	150.00	380.61	0.0026273	120.52	159.93	0.94069	1.9439	3.5435	1129.4	-0.030486	6.9591e-05	0.14894	liquid
152.69	150.00	379.13	0.0026376	123.92	163.48	0.96400	1.9409	3.5508	1121.0	-0.029841	6.8559e-05	0.14774	liquid
153.69	150.00	377.64	0.0026480	127.31	167.03	0.98720	1.9379	3.5584	1112.5	-0.029179	6.7548e-05	0.14654	liquid
154.69	150.00	376.14	0.0026586	130.72	170.60	1.0103	1.9349	3.5662	1104.0	-0.028499	6.6557e-05	0.14535	liquid
155.69	150.00	374.64	0.0026692	134.13	174.17	1.0333	1.9320	3.5741	1095.5	-0.027801	6.5585e-05	0.14416	liquid
156.69	150.00	373.12	0.0026801	137.54	177.74	1.0562	1.9292	3.5823	1087.1	-0.027083	6.4632e-05	0.14298	liquid
157.69	150.00	371.60	0.0026911	140.96	181.33	1.0790	1.9263	3.5906	1078.6	-0.026347	6.3698e-05	0.14180	liquid
158.69	150.00	370.07	0.0027022	144.39	184.93	1.1018	1.9236	3.5992	1070.1	-0.025589	6.2782e-05	0.14062	liquid
159.69	150.00	368.53	0.0027135	147.83	188.53	1.1244	1.9208	3.6080	1061.6	-0.024812	6.1883e-05	0.13945	liquid
160.69	150.00	366.97	0.0027250	151.27	192.14	1.1469	1.9181	3.6170	1053.1	-0.024012	6.1001e-05	0.13829	liquid
161.69	150.00	365.41	0.0027366	154.71	195.76	1.1694	1.9155	3.6262	1044.6	-0.023191	6.0135e-05	0.13713	liquid
162.69	150.00	363.84	0.0027484	158.17	199.39	1.1918	1.9129	3.6356	1036.2	-0.022347	5.9286e-05	0.13597	liquid
163.69	150.00	362.26	0.0027604	161.63	203.03	1.2141	1.9103	3.6453	1027.7	-0.021479	5.8452e-05	0.13482	liquid
164.69	150.00	360.67	0.0027726	165.10	206.69	1.2363	1.9078	3.6553	1019.2	-0.020587	5.7633e-05	0.13367	liquid
165.69	150.00	359.07	0.0027850	168.57	210.35	1.2585	1.9054	3.6654	1010.7	-0.019670	5.6829e-05	0.13253	liquid
166.69	150.00	357.46	0.0027975	172.05	214.02	1.2806	1.9030	3.6759	1002.2	-0.018728	5.6039e-05	0.13139	liquid
167.69	150.00	355.84	0.0028103	175.54	217.70	1.3026	1.9006	3.6866	993.68	-0.017759	5.5264e-05	0.13026	liquid
168.69	150.00	354.20	0.0028232	179.04	221.39	1.3245	1.8983	3.6975	985.19	-0.016763	5.4501e-05	0.12913	liquid
169.69	150.00	352.56	0.0028364	182.55	225.09	1.3464	1.8960	3.7088	976.70	-0.015738	5.3752e-05	0.12801	liquid
170.69	150.00	350.90	0.0028498	186.06	228.81	1.3683	1.8938	3.7203	968.21	-0.014684	5.3016e-05	0.12689	liquid
171.69	150.00	349.24	0.0028634	189.58	232.53	1.3900	1.8916	3.7321	959.72	-0.013600	5.2293e-05	0.12578	liquid
172.69	150.00	347.56	0.0028772	193.11	236.27	1.4117	1.8895	3.7442	951.24	-0.012485	5.1581e-05	0.12467	liquid
173.69	150.00	345.87	0.0028913	196.65	240.02	1.4334	1.8874	3.7566	942.76	-0.011339	5.0881e-05	0.12357	liquid
174.69	150.00	344.16	0.0029056	200.20	243.78	1.4550	1.8854	3.7693	934.28	-0.010159	5.0193e-05	0.12247	liquid
175.69	150.00	342.44	0.0029202	203.76	247.56	1.4765	1.8834	3.7824	925.81	-0.0089450	4.9516e-05	0.12138	liquid
176.69	150.00	340.72	0.0029350	207.32	251.35	1.4980	1.8815	3.7957	917.34	-0.0076960	4.8851e-05	0.12030	liquid
177.69	150.00	338.97	0.0029501	210.90	255.15	1.5195	1.8796	3.8094	908.88	-0.0064108	4.8195e-05	0.11922	liquid
178.69	150.00	337.22	0.0029655	214.49	258.97	1.5409	1.8778	3.8234	900.43	-0.0050882	4.7550e-05	0.11815	liquid
179.69	150.00	335.45	0.0029811	218.08	262.80	1.5623	1.8760	3.8378	891.99	-0.0037271	4.6916e-05	0.11708	liquid
180.69	150.00	333.66	0.0029971	221.69	266.64	1.5836	1.8743	3.8525	883.56	-0.0023261	4.6291e-05	0.11602	liquid
181.69	150.00	331.86	0.0030133	225.30	270.50	1.6049	1.8726	3.8675	875.14	-0.00088416	4.5675e-05	0.11497	liquid
182.69	150.00	330.05	0.0030298	228.93	274.38	1.6262	1.8710	3.8830	866.73	0.00060011	4.5069e-05	0.11392	liquid
183.69	150.00	328.22	0.0030467	232.57	278.27	1.6475	1.8695	3.8988	858.33	0.0021280	4.4472e-05	0.11289	liquid
184.69	150.00	326.38	0.0030639	236.22	282.18	1.6687	1.8680	3.9149	849.95	0.0037009	4.3884e-05	0.11186	liquid
185.69	150.00	324.52	0.0030815	239.88	286.10	1.6898	1.8665	3.9315	841.58	0.0053201	4.3305e-05	0.11084	liquid
186.69	150.00	322.65	0.0030994	243.55	290.04	1.7110	1.8651	3.9484	833.23	0.0069871	4.2734e-05	0.10983	liquid
187.69	150.00	320.76	0.0031176	247.23	294.00	1.7321	1.8638	3.9658	824.90	0.0087033	4.2171e-05	0.10883	liquid
188.69	150.00	318.85	0.0031363	250.93	297.97	1.7533	1.8625	3.9835	816.60	0.010470	4.1616e-05	0.10785	liquid
189.69	150.00	316.93	0.0031553	254.63	301.96	1.7744	1.8613	4.0016	808.31	0.012289	4.1069e-05	0.10690	liquid
190.69	150.00	314.99	0.0031747	258.35	305.97	1.7955	1.8601	4.0201	800.05	0.014162	4.0530e-05	0.10598	supercritical
191.69	150.00	313.03	0.0031946	262.09	310.00	1.8165	1.8590	4.0390	791.81	0.016090	3.9998e-05	0.10492	supercritical
192.69	150.00	311.06	0.0032148	265.83	314.05	1.8376	1.8579	4.0584	783.60	0.018075	3.9473e-05	0.10390	supercritical
193.69	150.00	309.07	0.0032356	269.59	318.12	1.8587	1.8569	4.0781	775.43	0.020118	3.8956e-05	0.10289	supercritical
194.69	150.00	307.06	0.0032567	273.36	322.21	1.8797	1.8559	4.0982	767.28	0.022221	3.8445e-05	0.10190	supercritical
195.69	150.00	305.03	0.0032784	277.14	326.32	1.9008	1.8550	4.1187	759.18	0.024386	3.7941e-05	0.10092	supercritical
196.69	150.00	302.98	0.0033005	280.94	330.45	1.9218	1.8542	4.1396	751.10	0.026614	3.7444e-05	0.099941	supercritical
197.69	150.00	300.92	0.0033231	284.75	334.60	1.9428	1.8534	4.1609	743.07	0.028906	3.6953e-05	0.098974	supercritical
198.69	150.00	298.84	0.0033463	288.57	338.77	1.9639	1.8526	4.1826	735.09	0.031265	3.6469e-05	0.098014	supercritical
199.69	150.00	296.74	0.0033700	292.41	342.96	1.9849	1.8519	4.2046	727.15	0.033691	3.5991e-05	0.097062	supercritical
200.69	150.00	294.62	0.0033942	296.26	347.18	2.0060	1.8513	4.2270	719.26	0.036187	3.5519e-05	0.096118	supercritical
201.69	150.00	292.48	0.0034191	300.13	351.42	2.0271	1.8507	4.2497	711.42	0.038753	3.5053e-05	0.095182	supercritical
202.69	150.00	290.32	0.0034445	304.01	355.68	2.0481	1.8501	4.2728	703.64	0.041391	3.4593e-05	0.094254	supercritical
203.69	150.00	288.14	0.0034705	307.90	359.96	2.0692	1.8497	4.2961	695.92	0.044103	3.4139e-05	0.093335	supercritical
204.69	150.00	285.95	0.0034972	311.81	364.27	2.0903	1.8492	4.3197	688.26	0.046889	3.3691e-05	0.092423	supercritical
205.69	150.00	283.73	0.0035245	315.73	368.60	2.1114	1.8488	4.3436	680.66	0.049751	3.3248e-05	0.091520	supercritical
206.69	150.00	281.50	0.0035525	319.67	372.96	2.1326	1.8485	4.3676	673.14	0.052689	3.2811e-05	0.090626	supercritical
207.69	150.00	279.24	0.0035811	323.62	377.34	2.1537	1.8482	4.3919	665.70	0.055705	3.2380e-05	0.089741	supercritical
208.69	150.00	276.97	0.0036105	327.58	381.74	2.1749	1.8479	4.4162	658.33	0.058798	3.1954e-05	0.088865	supercritical
209.69	150.00	274.68	0.0036406	331.56	386.17	2.1960	1.8477	4.4406	651.04	0.061970	3.1533e-05	0.087998	supercritical
210.69	150.00	272.37	0.0036715	335.55	390.62	2.2172	1.8475	4.4651	643.85	0.065220	3.1119e-05	0.087141	supercritical
211.69	150.00	270.04	0.0037031	339.55	395.10	2.2384	1.8473	4.4895	636.75	0.068548	3.0709e-05	0.086293	supercritical
212.69	150.00	267.70	0.0037356	343.57	399.60	2.2596	1.8472	4.5138	629.74	0.071953	3.0305e-05	0.085456	supercritical
213.69	150.00	265.34	0.0037688	347.60	404.13	2.2809	1.8471	4.5379	622.84	0.075435	2.9907e-05	0.084628	supercritical
214.69	150.00	262.96	0.0038029	351.63	408.68	2.3021	1.8470	4.5617	616.04	0.078992	2.9514e-05	0.083811	supercritical
215.69	150.00	260.57	0.0038378	355.68	413.25	2.3233	1.8469	4.5851	609.36	0.082622	2.9126e-05	0.083005	supercritical
216.69	150.00	258.16	0.0038736	359.74	417.85	2.3446	1.8469	4.6081	602.79	0.086324	2.8744e-05	0.082210	supercritical
217.69	150.00	255.74	0.0039103	363.81	422.47	2.3659	1.8469	4.6305	596.35	0.090093	2.8368e-05	0.081426	supercritical
218.69	150.00	253.30	0.0039478	367.89	427.11	2.3871	1.8469	4.6521	590.04	0.093927	2.7997e-05	0.080653	supercritical
219.69	150.00	250.86	0.0039863	371.98	431.77	2.4084	1.8469	4.6730	583.86	0.097821	2.7632e-05	0.079891	supercritical
220.69	150.00	248.40	0.0040257	376.07	436.45	2.4297	1.8469	4.6930	577.82	0.10177	2.7272e-05	0.079141	supercritical
221.69	150.00	245.94	0.0040661	380.16	441.16	2.4509	1.8469	4.7118	571.93	0.10577	2.6919e-05	0.078404	supercritical
222.69	150.00	243.46	0.0041074	384.27	445.88	2.4722	1.8469	4.7295	566.18	0.10982	2.6572e-05	0.077678	supercritical
223.69	150.00	240.99	0.0041496	388.37	450.61	2.4934	1.8469	4.7458	560.59	0.11390	2.6231e-05	0.076964	supercritical
224.69	150.00	238.50	0.0041928	392.48	455.37	2.5146	1.8469	4.7607	555.16	0.11802	2.5896e-05	0.076262	supercritical
225.69	150.00	236.02	0.0042370	396.58	460.14	2.5358	1.8469	4.7741	549.89	0.12216	2.5567e-05	0.075573	supercritical
226.69	150.00	233.53	0.0042820	400.68	464.92	2.5569	1.8469	4.7858	544.79	0.12632	2.5245e-05	0.074896	supercritical
227.69	150.00	231.05	0.0043281	404.79	469.71	2.5780	1.8468	4.7957	539.86	0.13049	2.4929e-05	0.074232	supercritical
228.69	150.00	228.57	0.0043750	408.88	474.51	2.5990	1.8468	4.8037	535.10	0.13466	2.4620e-05	0.073580	supercritical
229.69	150.00	226.10	0.0044229	412.97	479.31	2.6200	1.8467	4.8099	530.52	0.13882	2.4318e-05	0.072940	supercritical
230.69	150.00	223.63	0.0044717	417.05	484.13	2.6409	1.8466	4.8141	526.11	0.14298	2.4022e-05	0.072313	supercritical
231.69	150.00	221.17	0.0045213	421.12	488.94	2.6618	1.8465	4.8163	521.87	0.14711	2.3734e-05	0.071699	supercritical
232.69	150.00	218.73	0.0045719	425.18	493.76	2.6825	1.8464	4.8165	517.82	0.15121	2.3452e-05	0.071096	supercritical
233.69	150.00	216.30	0.0046232	429.22	498.57	2.7031	1.8462	4.8146	513.93	0.15528	2.3178e-05	0.070506	supercritical
234.69	150.00	213.89	0.0046754	433.25	503.39	2.7237	1.8460	4.8108	510.23	0.15930	2.2911e-05	0.069928	supercritical
235.69	150.00	211.49	0.0047284	437.27	508.19	2.7441	1.8458	4.8049	506.69	0.16328	2.2650e-05	0.069362	supercritical
236.69	150.00	209.11	0.0047821	441.26	512.99	2.7645	1.8456	4.7972	503.32	0.16720	2.2397e-05	0.068808	supercritical
237.69	150.00	206.76	0.0048365	445.24	517.79	2.7847	1.8453	4.7875	500.13	0.17106	2.2151e-05	0.068266	supercritical
238.69	150.00	204.43	0.0048917	449.19	522.57	2.8047	1.8451	4.7760	497.09	0.17485	2.1912e-05	0.067735	supercritical
239.69	150.00	202.12	0.0049475	453.13	527.34	2.8247	1.8447	4.7628	494.22	0.17857	2.1681e-05	0.067216	supercritical
240.69	150.00	199.84	0.0050039	457.04	532.09	2.8445	1.8444	4.7479	491.51	0.18221	2.1456e-05	0.066709	supercritical
241.69	150.00	197.59	0.0050609	460.92	536.83	2.8641	1.8440	4.7314	488.94	0.18577	2.1238e-05	0.066212	supercritical
242.69	150.00	195.37	0.0051185	464.78	541.56	2.8836	1.8437	4.7134	486.53	0.18924	2.1027e-05	0.065727	supercritical
243.69	150.00	193.18	0.0051766	468.61	546.26	2.9030	1.8432	4.6940	484.26	0.19262	2.0823e-05	0.065253	supercritical
244.69	150.00	191.02	0.0052352	472.42	550.94	2.9222	1.8428	4.6733	482.13	0.19591	2.0625e-05	0.064789	supercritical
245.69	150.00	188.89	0.0052942	476.19	555.61	2.9412	1.8424	4.6514	480.14	0.19910	2.0434e-05	0.064337	supercritical
246.69	150.00	186.79	0.0053537	479.94	560.25	2.9600	1.8419	4.6283	478.28	0.20218	2.0249e-05	0.063895	supercritical
247.69	150.00	184.72	0.0054135	483.66	564.86	2.9787	1.8414	4.6042	476.54	0.20517	2.0071e-05	0.063463	supercritical
248.69	150.00	182.69	0.0054736	487.35	569.45	2.9972	1.8409	4.5792	474.93	0.20805	1.9899e-05	0.063042	supercritical
249.69	150.00	180.70	0.0055341	491.01	574.02	3.0155	1.8403	4.5534	473.43	0.21082	1.9733e-05	0.062632	supercritical
250.69	150.00	178.74	0.0055948	494.64	578.56	3.0337	1.8398	4.5268	472.05	0.21348	1.9573e-05	0.062231	supercritical
251.69	150.00	176.81	0.0056558	498.24	583.07	3.0516	1.8392	4.4995	470.77	0.21603	1.9418e-05	0.061841	supercritical
252.69	150.00	174.92	0.0057170	501.81	587.56	3.0694	1.8387	4.4717	469.60	0.21847	1.9270e-05	0.061461	supercritical
253.69	150.00	173.06	0.0057784	505.34	592.02	3.0870	1.8381	4.4435	468.52	0.22080	1.9126e-05	0.061091	supercritical
254.69	150.00	171.24	0.0058399	508.85	596.45	3.1045	1.8376	4.4148	467.54	0.22302	1.8988e-05	0.060730	supercritical
255.69	150.00	169.45	0.0059015	512.32	600.85	3.1217	1.8370	4.3859	466.65	0.22513	1.8855e-05	0.060380	supercritical
256.69	150.00	167.69	0.0059633	515.77	605.22	3.1388	1.8364	4.3567	465.85	0.22713	1.8727e-05	0.060039	supercritical
257.69	150.00	165.97	0.0060251	519.18	609.56	3.1556	1.8359	4.3273	465.13	0.22901	1.8604e-05	0.059708	supercritical
258.69	150.00	164.29	0.0060870	522.57	613.87	3.1723	1.8353	4.2979	464.49	0.23080	1.8486e-05	0.059387	supercritical
259.69	150.00	162.63	0.0061488	525.92	618.16	3.1889	1.8348	4.2685	463.92	0.23247	1.8372e-05	0.059075	supercritical
260.69	150.00	161.01	0.0062107	529.25	622.41	3.2052	1.8342	4.2391	463.42	0.23404	1.8262e-05	0.058772	supercritical
261.69	150.00	159.42	0.0062726	532.55	626.63	3.2214	1.8337	4.2097	462.99	0.23550	1.8157e-05	0.058478	supercritical
262.69	150.00	157.87	0.0063344	535.81	630.83	3.2374	1.8332	4.1806	462.62	0.23687	1.8056e-05	0.058194	supercritical
263.69	150.00	156.34	0.0063962	539.05	635.00	3.2532	1.8328	4.1516	462.32	0.23813	1.7958e-05	0.057918	supercritical
264.69	150.00	154.85	0.0064579	542.26	639.13	3.2689	1.8323	4.1229	462.07	0.23930	1.7865e-05	0.057652	supercritical
265.69	150.00	153.39	0.0065195	545.45	643.24	3.2844	1.8319	4.0944	461.88	0.24038	1.7775e-05	0.057394	supercritical
266.69	150.00	151.95	0.0065811	548.61	647.32	3.2997	1.8315	4.0662	461.73	0.24136	1.7689e-05	0.057145	supercritical
267.69	150.00	150.55	0.0066425	551.74	651.37	3.3149	1.8311	4.0384	461.64	0.24225	1.7606e-05	0.056904	supercritical
268.69	150.00	149.17	0.0067038	554.84	655.40	3.3299	1.8308	4.0110	461.60	0.24306	1.7527e-05	0.056671	supercritical
269.69	150.00	147.82	0.0067649	557.92	659.40	3.3447	1.8305	3.9839	461.59	0.24379	1.7451e-05	0.056447	supercritical
270.69	150.00	146.50	0.0068260	560.98	663.37	3.3594	1.8302	3.9572	461.63	0.24443	1.7378e-05	0.056231	supercritical
271.69	150.00	145.20	0.0068868	564.01	667.31	3.3740	1.8299	3.9310	461.71	0.24500	1.7308e-05	0.056023	supercritical
272.69	150.00	143.94	0.0069476	567.02	671.23	3.3884	1.8297	3.9052	461.82	0.24549	1.7240e-05	0.055822	supercritical
273.69	150.00	142.69	0.0070081	570.00	675.12	3.4026	1.8296	3.8799	461.97	0.24590	1.7176e-05	0.055629	supercritical
274.69	150.00	141.47	0.0070685	572.96	678.99	3.4167	1.8294	3.8551	462.16	0.24625	1.7114e-05	0.055443	supercritical
275.69	150.00	140.28	0.0071287	575.90	682.83	3.4307	1.8293	3.8307	462.37	0.24653	1.7054e-05	0.055265	supercritical
276.69	150.00	139.11	0.0071887	578.82	686.65	3.4445	1.8293	3.8068	462.62	0.24674	1.6998e-05	0.055094	supercritical
277.69	150.00	137.96	0.0072485	581.72	690.45	3.4582	1.8293	3.7833	462.89	0.24690	1.6943e-05	0.054930	supercritical
278.69	150.00	136.83	0.0073082	584.59	694.22	3.4718	1.8293	3.7604	463.18	0.24699	1.6891e-05	0.054772	supercritical
279.69	150.00	135.73	0.0073676	587.45	697.97	3.4852	1.8293	3.7379	463.51	0.24702	1.6841e-05	0.054622	supercritical
280.69	150.00	134.65	0.0074269	590.29	701.69	3.4985	1.8295	3.7160	463.85	0.24700	1.6793e-05	0.054478	supercritical
281.69	150.00	133.58	0.0074860	593.11	705.40	3.5117	1.8296	3.6945	464.22	0.24693	1.6747e-05	0.054340	supercritical
282.69	150.00	132.54	0.0075448	595.91	709.08	3.5247	1.8298	3.6735	464.61	0.24681	1.6703e-05	0.054208	supercritical
283.69	150.00	131.52	0.0076035	598.69	712.75	3.5376	1.8300	3.6529	465.01	0.24664	1.6661e-05	0.054083	supercritical
284.69	150.00	130.52	0.0076619	601.46	716.39	3.5505	1.8303	3.6329	465.44	0.24642	1.6621e-05	0.053963	supercritical
285.69	150.00	129.53	0.0077202	604.21	720.01	3.5632	1.8306	3.6133	465.88	0.24616	1.6583e-05	0.053850	supercritical
286.69	150.00	128.56	0.0077782	606.94	723.62	3.5758	1.8310	3.5942	466.34	0.24585	1.6546e-05	0.053741	supercritical
287.69	150.00	127.61	0.0078361	609.66	727.20	3.5882	1.8314	3.5755	466.82	0.24551	1.6512e-05	0.053639	supercritical
288.69	150.00	126.68	0.0078937	612.36	730.77	3.6006	1.8318	3.5572	467.31	0.24512	1.6478e-05	0.053542	supercritical
289.69	150.00	125.77	0.0079512	615.05	734.31	3.6129	1.8323	3.5394	467.81	0.24470	1.6446e-05	0.053450	supercritical
290.69	150.00	124.87	0.0080084	617.72	737.85	3.6251	1.8329	3.5221	468.33	0.24424	1.6416e-05	0.053363	supercritical
291.69	150.00	123.99	0.0080655	620.38	741.36	3.6371	1.8334	3.5051	468.85	0.24375	1.6387e-05	0.053281	supercritical
292.69	150.00	123.12	0.0081223	623.02	744.86	3.6491	1.8341	3.4886	469.39	0.24323	1.6360e-05	0.053204	supercritical
293.69	150.00	122.26	0.0081790	625.65	748.34	3.6610	1.8347	3.4725	469.94	0.24268	1.6333e-05	0.053132	supercritical
294.69	150.00	121.43	0.0082354	628.27	751.80	3.6727	1.8354	3.4568	470.50	0.24210	1.6309e-05	0.053065	supercritical
295.69	150.00	120.60	0.0082916	630.88	755.25	3.6844	1.8362	3.4415	471.07	0.24149	1.6285e-05	0.053002	supercritical
296.69	150.00	119.79	0.0083477	633.47	758.68	3.6960	1.8369	3.4266	471.65	0.24086	1.6263e-05	0.052943	supercritical
297.69	150.00	119.00	0.0084036	636.05	762.10	3.7075	1.8378	3.4120	472.24	0.24020	1.6241e-05	0.052889	supercritical
298.69	150.00	118.21	0.0084592	638.62	765.51	3.7189	1.8386	3.3978	472.83	0.23951	1.6221e-05	0.052839	supercritical
299.69	150.00	117.44	0.0085147	641.18	768.90	3.7303	1.8395	3.3840	473.43	0.23881	1.6202e-05	0.052793	supercritical
300.69	150.00	116.69	0.0085700	643.73	772.28	3.7415	1.8405	3.3705	474.04	0.23808	1.6184e-05	0.052751	supercritical
301.69	150.00	115.94	0.0086251	646.26	775.64	3.7527	1.8414	3.3574	474.65	0.23733	1.6167e-05	0.052713	supercritical
302.69	150.00	115.21	0.0086800	648.79	778.99	3.7638	1.8425	3.3446	475.27	0.23657	1.6151e-05	0.052679	supercritical
303.69	150.00	114.49	0.0087347	651.31	782.33	3.7748	1.8435	3.3321	475.90	0.23578	1.6136e-05	0.052648	supercritical
304.69	150.00	113.78	0.0087892	653.82	785.66	3.7857	1.8446	3.3200	476.53	0.23498	1.6122e-05	0.052622	supercritical
305.69	150.00	113.08	0.0088436	656.32	788.97	3.7966	1.8457	3.3082	477.17	0.23416	1.6109e-05	0.052598	supercritical
306.69	150.00	112.39	0.0088978	658.81	792.27	3.8074	1.8469	3.2966	477.81	0.23333	1.6097e-05	0.052578	supercritical
307.69	150.00	111.71	0.0089518	661.29	795.56	3.8181	1.8481	3.2854	478.45	0.23248	1.6086e-05	0.052562	supercritical
308.69	150.00	111.04	0.0090056	663.76	798.84	3.8287	1.8494	3.2745	479.10	0.23161	1.6075e-05	0.052549	supercritical
309.69	150.00	110.38	0.0090593	666.22	802.11	3.8393	1.8506	3.2639	479.75	0.23074	1.6065e-05	0.052539	supercritical
310.69	150.00	109.74	0.0091127	668.68	805.37	3.8498	1.8519	3.2535	480.41	0.22985	1.6056e-05	0.052532	supercritical
311.69	150.00	109.10	0.0091661	671.13	808.62	3.8602	1.8533	3.2434	481.07	0.22895	1.6048e-05	0.052529	supercritical
312.69	150.00	108.47	0.0092192	673.57	811.86	3.8706	1.8547	3.2336	481.73	0.22804	1.6040e-05	0.052528	supercritical
313.69	150.00	107.85	0.0092722	676.00	815.09	3.8809	1.8561	3.2240	482.40	0.22712	1.6033e-05	0.052530	supercritical
314.69	150.00	107.24	0.0093250	678.43	818.31	3.8912	1.8575	3.2147	483.06	0.22619	1.6027e-05	0.052536	supercritical
315.69	150.00	106.64	0.0093777	680.85	821.52	3.9014	1.8590	3.2056	483.73	0.22525	1.6022e-05	0.052544	supercritical
316.69	150.00	106.04	0.0094302	683.26	824.72	3.9115	1.8605	3.1968	484.40	0.22430	1.6017e-05	0.052554	supercritical
317.69	150.00	105.46	0.0094825	685.67	827.91	3.9215	1.8620	3.1882	485.08	0.22335	1.6012e-05	0.052568	supercritical
318.69	150.00	104.88	0.0095347	688.07	831.09	3.9315	1.8636	3.1799	485.75	0.22239	1.6009e-05	0.052584	supercritical
319.69	150.00	104.31	0.0095867	690.47	834.27	3.9415	1.8652	3.1717	486.43	0.22142	1.6006e-05	0.052602	supercritical
320.69	150.00	103.75	0.0096386	692.86	837.44	3.9514	1.8669	3.1638	487.11	0.22044	1.6003e-05	0.052624	supercritical
321.69	150.00	103.20	0.0096903	695.24	840.60	3.9612	1.8685	3.1561	487.79	0.21946	1.6001e-05	0.052647	supercritical
322.69	150.00	102.65	0.0097419	697.62	843.75	3.9710	1.8702	3.1486	488.47	0.21847	1.6000e-05	0.052673	supercritical
323.69	150.00	102.11	0.0097933	699.99	846.89	3.9807	1.8719	3.1413	489.15	0.21748	1.5999e-05	0.052702	supercritical
324.69	150.00	101.58	0.0098446	702.36	850.03	3.9904	1.8737	3.1342	489.83	0.21648	1.5999e-05	0.052733	supercritical
325.69	150.00	101.05	0.0098958	704.73	853.16	4.0001	1.8755	3.1273	490.51	0.21548	1.5999e-05	0.052766	supercritical
326.69	150.00	100.54	0.0099468	707.09	856.29	4.0096	1.8773	3.1206	491.20	0.21448	1.6000e-05	0.052801	supercritical
327.69	150.00	100.02	0.0099976	709.44	859.40	4.0192	1.8791	3.1141	491.88	0.21347	1.6001e-05	0.052838	supercritical
328.69	150.00	99.519	0.010048	711.79	862.52	4.0286	1.8810	3.1078	492.56	0.21246	1.6002e-05	0.052878	supercritical
329.69	150.00	99.020	0.010099	714.14	865.62	4.0381	1.8829	3.1016	493.25	0.21145	1.6004e-05	0.052920	supercritical
330.69	150.00	98.528	0.010149	716.48	868.72	4.0474	1.8848	3.0957	493.93	0.21043	1.6007e-05	0.052963	supercritical
331.69	150.00	98.042	0.010200	718.82	871.81	4.0568	1.8868	3.0898	494.62	0.20941	1.6010e-05	0.053009	supercritical
332.69	150.00	97.562	0.010250	721.15	874.90	4.0661	1.8887	3.0842	495.30	0.20840	1.6013e-05	0.053057	supercritical
333.69	150.00	97.087	0.010300	723.48	877.98	4.0753	1.8907	3.0787	495.99	0.20737	1.6016e-05	0.053106	supercritical
334.69	150.00	96.619	0.010350	725.81	881.06	4.0845	1.8928	3.0734	496.67	0.20635	1.6021e-05	0.053158	supercritical
335.69	150.00	96.156	0.010400	728.13	884.13	4.0937	1.8948	3.0682	497.36	0.20533	1.6025e-05	0.053211	supercritical
336.69	150.00	95.699	0.010449	730.45	887.19	4.1028	1.8969	3.0632	498.04	0.20430	1.6030e-05	0.053266	supercritical
337.69	150.00	95.247	0.010499	732.77	890.25	4.1119	1.8990	3.0583	498.73	0.20328	1.6035e-05	0.053323	supercritical
338.69	150.00	94.801	0.010548	735.08	893.31	4.1209	1.9011	3.0536	499.41	0.20225	1.6041e-05	0.053382	supercritical
339.69	150.00	94.360	0.010598	737.39	896.36	4.1299	1.9033	3.0490	500.09	0.20123	1.6046e-05	0.053443	supercritical
340.69	150.00	93.924	0.010647	739.70	899.41	4.1389	1.9054	3.0446	500.78	0.20021	1.6053e-05	0.053505	supercritical
341.69	150.00	93.493	0.010696	742.01	902.45	4.1478	1.9076	3.0402	501.46	0.19918	1.6059e-05	0.053569	supercritical
342.69	150.00	93.067	0.010745	744.31	905.49	4.1567	1.9098	3.0361	502.14	0.19816	1.6066e-05	0.053634	supercritical
343.69	150.00	92.645	0.010794	746.61	908.52	4.1655	1.9121	3.0320	502.82	0.19713	1.6073e-05	0.053702	supercritical
344.69	150.00	92.229	0.010843	748.91	911.55	4.1743	1.9143	3.0281	503.50	0.19611	1.6081e-05	0.053770	supercritical
345.69	150.00	91.817	0.010891	751.21	914.58	4.1831	1.9166	3.0243	504.18	0.19509	1.6088e-05	0.053841	supercritical
346.69	150.00	91.410	0.010940	753.50	917.60	4.1918	1.9189	3.0206	504.86	0.19407	1.6097e-05	0.053912	supercritical
347.69	150.00	91.007	0.010988	755.80	920.62	4.2005	1.9212	3.0171	505.54	0.19305	1.6105e-05	0.053986	supercritical
348.69	150.00	90.609	0.011036	758.09	923.63	4.2092	1.9236	3.0136	506.22	0.19204	1.6114e-05	0.054061	supercritical
349.69	150.00	90.215	0.011085	760.38	926.65	4.2178	1.9260	3.0103	506.90	0.19102	1.6122e-05	0.054137	supercritical
350.69	150.00	89.825	0.011133	762.66	929.66	4.2264	1.9283	3.0071	507.57	0.19001	1.6132e-05	0.054214	supercritical
351.69	150.00	89.440	0.011181	764.95	932.66	4.2349	1.9308	3.0040	508.25	0.18900	1.6141e-05	0.054294	supercritical
352.69	150.00	89.058	0.011229	767.23	935.66	4.2435	1.9332	3.0010	508.92	0.18799	1.6151e-05	0.054374	supercritical
353.69	150.00	88.681	0.011276	769.52	938.66	4.2520	1.9356	2.9981	509.59	0.18698	1.6161e-05	0.054456	supercritical
354.69	150.00	88.307	0.011324	771.80	941.66	4.2604	1.9381	2.9953	510.27	0.18598	1.6171e-05	0.054539	supercritical
355.69	150.00	87.938	0.011372	774.08	944.65	4.2689	1.9406	2.9926	510.94	0.18497	1.6181e-05	0.054624	supercritical
356.69	150.00	87.572	0.011419	776.36	947.64	4.2772	1.9431	2.9900	511.61	0.18397	1.6192e-05	0.054709	supercritical
357.69	150.00	87.210	0.011467	778.64	950.63	4.2856	1.9456	2.9876	512.28	0.18298	1.6202e-05	0.054796	supercritical
358.69	150.00	86.852	0.011514	780.91	953.62	4.2940	1.9482	2.9852	512.95	0.18198	1.6213e-05	0.054885	supercritical
359.69	150.00	86.498	0.011561	783.19	956.60	4.3023	1.9507	2.9829	513.61	0.18099	1.6225e-05	0.054974	supercritical
360.69	150.00	86.147	0.011608	785.46	959.59	4.3105	1.9533	2.9807	514.28	0.18000	1.6236e-05	0.055065	supercritical
361.69	150.00	85.799	0.011655	787.74	962.57	4.3188	1.9559	2.9785	514.94	0.17902	1.6248e-05	0.055157	supercritical
362.69	150.00	85.455	0.011702	790.01	965.54	4.3270	1.9585	2.9765	515.61	0.17803	1.6260e-05	0.055250	supercritical
363.69	150.00	85.115	0.011749	792.29	968.52	4.3352	1.9611	2.9746	516.27	0.17705	1.6272e-05	0.055345	supercritical
364.69	150.00	84.777	0.011796	794.56	971.49	4.3434	1.9638	2.9727	516.93	0.17608	1.6284e-05	0.055440	supercritical
365.69	150.00	84.443	0.011842	796.83	974.46	4.3515	1.9664	2.9709	517.59	0.17510	1.6296e-05	0.055537	supercritical
366.69	150.00	84.113	0.011889	799.10	977.43	4.3596	1.9691	2.9692	518.25	0.17413	1.6309e-05	0.055635	supercritical
367.69	150.00	83.785	0.011935	801.37	980.40	4.3677	1.9718	2.9676	518.91	0.17317	1.6322e-05	0.055734	supercritical
368.69	150.00	83.461	0.011982	803.64	983.37	4.3758	1.9745	2.9661	519.57	0.17221	1.6335e-05	0.055834	supercritical
369.69	150.00	83.139	0.012028	805.91	986.33	4.3838	1.9773	2.9646	520.22	0.17125	1.6348e-05	0.055935	supercritical
370.69	150.00	82.821	0.012074	808.18	989.30	4.3918	1.9800	2.9632	520.88	0.17029	1.6361e-05	0.056037	supercritical
371.69	150.00	82.506	0.012120	810.45	992.26	4.3998	1.9828	2.9619	521.53	0.16934	1.6375e-05	0.056140	supercritical
372.69	150.00	82.193	0.012166	812.73	995.22	4.4077	1.9855	2.9607	522.18	0.16839	1.6388e-05	0.056244	supercritical
373.69	150.00	81.884	0.012212	815.00	998.18	4.4157	1.9883	2.9595	522.83	0.16744	1.6402e-05	0.056349	supercritical
374.69	150.00	81.577	0.012258	817.27	1001.1	4.4236	1.9911	2.9584	523.48	0.16650	1.6416e-05	0.056456	supercritical
375.69	150.00	81.273	0.012304	819.54	1004.1	4.4315	1.9939	2.9574	524.13	0.16557	1.6430e-05	0.056563	supercritical
376.69	150.00	80.972	0.012350	821.81	1007.1	4.4393	1.9968	2.9564	524.78	0.16463	1.6444e-05	0.056671	supercritical
377.69	150.00	80.674	0.012396	824.08	1010.0	4.4472	1.9996	2.9555	525.42	0.16370	1.6459e-05	0.056780	supercritical
378.69	150.00	80.378	0.012441	826.35	1013.0	4.4550	2.0025	2.9547	526.07	0.16278	1.6473e-05	0.056890	supercritical
379.69	150.00	80.085	0.012487	828.62	1015.9	4.4628	2.0053	2.9539	526.71	0.16185	1.6488e-05	0.057001	supercritical
380.69	150.00	79.795	0.012532	830.89	1018.9	4.4705	2.0082	2.9532	527.35	0.16094	1.6503e-05	0.057113	supercritical
381.69	150.00	79.507	0.012577	833.17	1021.8	4.4783	2.0111	2.9526	528.00	0.16002	1.6517e-05	0.057226	supercritical
382.69	150.00	79.222	0.012623	835.44	1024.8	4.4860	2.0140	2.9520	528.64	0.15911	1.6532e-05	0.057340	supercritical
383.69	150.00	78.939	0.012668	837.71	1027.7	4.4937	2.0170	2.9515	529.27	0.15821	1.6548e-05	0.057455	supercritical
384.69	150.00	78.659	0.012713	839.99	1030.7	4.5014	2.0199	2.9510	529.91	0.15730	1.6563e-05	0.057571	supercritical
385.69	150.00	78.381	0.012758	842.26	1033.6	4.5090	2.0229	2.9506	530.55	0.15641	1.6578e-05	0.057687	supercritical
386.69	150.00	78.105	0.012803	844.54	1036.6	4.5167	2.0258	2.9503	531.18	0.15551	1.6594e-05	0.057804	supercritical
387.69	150.00	77.832	0.012848	846.81	1039.5	4.5243	2.0288	2.9500	531.82	0.15462	1.6609e-05	0.057923	supercritical
388.69	150.00	77.561	0.012893	849.09	1042.5	4.5319	2.0318	2.9497	532.45	0.15374	1.6625e-05	0.058042	supercritical
389.69	150.00	77.293	0.012938	851.37	1045.4	4.5395	2.0348	2.9496	533.08	0.15286	1.6641e-05	0.058161	supercritical
390.69	150.00	77.026	0.012983	853.64	1048.4	4.5470	2.0378	2.9494	533.71	0.15198	1.6657e-05	0.058282	supercritical
391.69	150.00	76.762	0.013027	855.92	1051.3	4.5546	2.0408	2.9493	534.34	0.15110	1.6673e-05	0.058404	supercritical
392.69	150.00	76.500	0.013072	858.20	1054.3	4.5621	2.0439	2.9493	534.97	0.15023	1.6689e-05	0.058526	supercritical
393.69	150.00	76.240	0.013116	860.49	1057.2	4.5696	2.0469	2.9493	535.59	0.14937	1.6706e-05	0.058649	supercritical
394.69	150.00	75.983	0.013161	862.77	1060.2	4.5771	2.0500	2.9494	536.22	0.14851	1.6722e-05	0.058773	supercritical
395.69	150.00	75.727	0.013205	865.05	1063.1	4.5845	2.0530	2.9495	536.84	0.14765	1.6738e-05	0.058898	supercritical
396.69	150.00	75.474	0.013250	867.34	1066.1	4.5920	2.0561	2.9497	537.47	0.14680	1.6755e-05	0.059023	supercritical
397.69	150.00	75.222	0.013294	869.62	1069.0	4.5994	2.0592	2.9499	538.09	0.14595	1.6772e-05	0.059149	supercritical
398.69	150.00	74.973	0.013338	871.91	1072.0	4.6068	2.0623	2.9501	538.71	0.14511	1.6788e-05	0.059276	supercritical
399.69	150.00	74.726	0.013382	874.20	1074.9	4.6142	2.0654	2.9505	539.33	0.14427	1.6805e-05	0.059404	supercritical
400.69	150.00	74.480	0.013426	876.48	1077.9	4.6216	2.0685	2.9508	539.94	0.14343	1.6822e-05	0.059532	supercritical
401.69	150.00	74.237	0.013470	878.78	1080.8	4.6289	2.0716	2.9512	540.56	0.14260	1.6839e-05	0.059662	supercritical
402.69	150.00	73.995	0.013514	881.07	1083.8	4.6363	2.0748	2.9516	541.18	0.14177	1.6856e-05	0.059792	supercritical
403.69	150.00	73.755	0.013558	883.36	1086.7	4.6436	2.0779	2.9521	541.79	0.14095	1.6874e-05	0.059922	supercritical
404.69	150.00	73.518	0.013602	885.65	1089.7	4.6509	2.0811	2.9526	542.40	0.14013	1.6891e-05	0.060054	supercritical
405.69	150.00	73.282	0.013646	887.95	1092.6	4.6582	2.0843	2.9532	543.02	0.13931	1.6908e-05	0.060186	supercritical
406.69	150.00	73.047	0.013690	890.25	1095.6	4.6655	2.0874	2.9538	543.63	0.13850	1.6926e-05	0.060318	supercritical
407.69	150.00	72.815	0.013733	892.55	1098.5	4.6727	2.0906	2.9544	544.24	0.13770	1.6943e-05	0.060452	supercritical
408.69	150.00	72.584	0.013777	894.85	1101.5	4.6800	2.0938	2.9551	544.85	0.13689	1.6961e-05	0.060586	supercritical
409.69	150.00	72.355	0.013821	897.15	1104.5	4.6872	2.0970	2.9558	545.45	0.13610	1.6978e-05	0.060720	supercritical
410.69	150.00	72.128	0.013864	899.45	1107.4	4.6944	2.1002	2.9566	546.06	0.13530	1.6996e-05	0.060856	supercritical
411.69	150.00	71.903	0.013908	901.76	1110.4	4.7016	2.1035	2.9573	546.66	0.13451	1.7014e-05	0.060992	supercritical
412.69	150.00	71.679	0.013951	904.06	1113.3	4.7088	2.1067	2.9582	547.27	0.13373	1.7032e-05	0.061129	supercritical
413.69	150.00	71.457	0.013994	906.37	1116.3	4.7159	2.1099	2.9590	547.87	0.13294	1.7050e-05	0.061266	supercritical
414.69	150.00	71.236	0.014038	908.68	1119.2	4.7231	2.1132	2.9599	548.47	0.13217	1.7068e-05	0.061404	supercritical
415.69	150.00	71.018	0.014081	910.99	1122.2	4.7302	2.1164	2.9609	549.07	0.13139	1.7086e-05	0.061543	supercritical
416.69	150.00	70.800	0.014124	913.31	1125.2	4.7373	2.1197	2.9618	549.67	0.13062	1.7104e-05	0.061682	supercritical
417.69	150.00	70.585	0.014167	915.62	1128.1	4.7444	2.1230	2.9628	550.27	0.12986	1.7122e-05	0.061822	supercritical
418.69	150.00	70.371	0.014210	917.94	1131.1	4.7515	2.1262	2.9639	550.87	0.12910	1.7140e-05	0.061962	supercritical
419.69	150.00	70.158	0.014254	920.26	1134.1	4.7586	2.1295	2.9649	551.46	0.12834	1.7159e-05	0.062103	supercritical
420.69	150.00	69.947	0.014297	922.58	1137.0	4.7656	2.1328	2.9660	552.06	0.12759	1.7177e-05	0.062245	supercritical
421.69	150.00	69.738	0.014339	924.90	1140.0	4.7727	2.1361	2.9672	552.65	0.12684	1.7196e-05	0.062387	supercritical
422.69	150.00	69.529	0.014382	927.22	1143.0	4.7797	2.1394	2.9683	553.24	0.12609	1.7214e-05	0.062530	supercritical
423.69	150.00	69.323	0.014425	929.55	1145.9	4.7867	2.1427	2.9695	553.84	0.12535	1.7233e-05	0.062674	supercritical
424.69	150.00	69.118	0.014468	931.88	1148.9	4.7937	2.1461	2.9707	554.43	0.12462	1.7251e-05	0.062818	supercritical
425.69	150.00	68.914	0.014511	934.21	1151.9	4.8007	2.1494	2.9720	555.02	0.12388	1.7270e-05	0.062963	supercritical
426.69	150.00	68.712	0.014554	936.54	1154.8	4.8077	2.1527	2.9733	555.60	0.12315	1.7289e-05	0.063108	supercritical
427.69	150.00	68.511	0.014596	938.87	1157.8	4.8146	2.1561	2.9746	556.19	0.12243	1.7307e-05	0.063253	supercritical
428.69	150.00	68.312	0.014639	941.21	1160.8	4.8216	2.1594	2.9759	556.78	0.12171	1.7326e-05	0.063400	supercritical
429.69	150.00	68.113	0.014681	943.55	1163.8	4.8285	2.1628	2.9773	557.36	0.12099	1.7345e-05	0.063547	supercritical
430.69	150.00	67.917	0.014724	945.89	1166.7	4.8354	2.1661	2.9787	557.95	0.12028	1.7364e-05	0.063694	supercritical
431.69	150.00	67.721	0.014766	948.23	1169.7	4.8424	2.1695	2.9801	558.53	0.11957	1.7383e-05	0.063842	supercritical
432.69	150.00	67.527	0.014809	950.57	1172.7	4.8492	2.1729	2.9816	559.11	0.11886	1.7402e-05	0.063991	supercritical
433.69	150.00	67.335	0.014851	952.92	1175.7	4.8561	2.1763	2.9830	559.69	0.11816	1.7421e-05	0.064140	supercritical
434.69	150.00	67.143	0.014894	955.27	1178.7	4.8630	2.1797	2.9845	560.27	0.11747	1.7440e-05	0.064289	supercritical
435.69	150.00	66.953	0.014936	957.62	1181.7	4.8699	2.1830	2.9861	560.85	0.11677	1.7459e-05	0.064439	supercritical
436.69	150.00	66.764	0.014978	959.97	1184.6	4.8767	2.1864	2.9876	561.43	0.11608	1.7478e-05	0.064590	supercritical
437.69	150.00	66.576	0.015020	962.33	1187.6	4.8835	2.1898	2.9892	562.01	0.11540	1.7498e-05	0.064741	supercritical
438.69	150.00	66.390	0.015063	964.68	1190.6	4.8904	2.1933	2.9908	562.58	0.11471	1.7517e-05	0.064893	supercritical
439.69	150.00	66.205	0.015105	967.04	1193.6	4.8972	2.1967	2.9924	563.16	0.11404	1.7536e-05	0.065045	supercritical
440.69	150.00	66.021	0.015147	969.41	1196.6	4.9040	2.2001	2.9941	563.73	0.11336	1.7556e-05	0.065198	supercritical
441.69	150.00	65.838	0.015189	971.77	1199.6	4.9108	2.2035	2.9957	564.30	0.11269	1.7575e-05	0.065351	supercritical
442.69	150.00	65.656	0.015231	974.14	1202.6	4.9175	2.2069	2.9974	564.87	0.11202	1.7594e-05	0.065504	supercritical
443.69	150.00	65.476	0.015273	976.50	1205.6	4.9243	2.2104	2.9991	565.44	0.11136	1.7614e-05	0.065659	supercritical
444.69	150.00	65.297	0.015315	978.88	1208.6	4.9311	2.2138	3.0009	566.01	0.11070	1.7633e-05	0.065813	supercritical
445.69	150.00	65.119	0.015357	981.25	1211.6	4.9378	2.2173	3.0026	566.58	0.11004	1.7653e-05	0.065968	supercritical
446.69	150.00	64.942	0.015398	983.63	1214.6	4.9445	2.2207	3.0044	567.15	0.10939	1.7673e-05	0.066124	supercritical
447.69	150.00	64.766	0.015440	986.00	1217.6	4.9513	2.2242	3.0062	567.72	0.10874	1.7692e-05	0.066280	supercritical
448.69	150.00	64.591	0.015482	988.38	1220.6	4.9580	2.2276	3.0081	568.28	0.10810	1.7712e-05	0.066437	supercritical
449.69	150.00	64.417	0.015524	990.77	1223.6	4.9647	2.2311	3.0099	568.85	0.10746	1.7732e-05	0.066594	supercritical
450.69	150.00	64.245	0.015565	993.15	1226.6	4.9714	2.2346	3.0118	569.41	0.10682	1.7751e-05	0.066751	supercritical
451.69	150.00	64.073	0.015607	995.54	1229.6	4.9780	2.2380	3.0137	569.98	0.10619	1.7771e-05	0.066909	supercritical
452.69	150.00	63.903	0.015649	997.93	1232.7	4.9847	2.2415	3.0156	570.54	0.10556	1.7791e-05	0.067068	supercritical
453.69	150.00	63.734	0.015690	1000.3	1235.7	4.9914	2.2450	3.0175	571.10	0.10493	1.7811e-05	0.067226	supercritical
454.69	150.00	63.565	0.015732	1002.7	1238.7	4.9980	2.2485	3.0194	571.66	0.10431	1.7830e-05	0.067386	supercritical
455.69	150.00	63.398	0.015773	1005.1	1241.7	5.0046	2.2520	3.0214	572.22	0.10369	1.7850e-05	0.067545	supercritical
456.69	150.00	63.232	0.015815	1007.5	1244.7	5.0113	2.2555	3.0234	572.78	0.10307	1.7870e-05	0.067706	supercritical
457.69	150.00	63.066	0.015856	1009.9	1247.8	5.0179	2.2590	3.0254	573.33	0.10246	1.7890e-05	0.067866	supercritical
458.69	150.00	62.902	0.015898	1012.3	1250.8	5.0245	2.2625	3.0274	573.89	0.10185	1.7910e-05	0.068027	supercritical
459.69	150.00	62.739	0.015939	1014.7	1253.8	5.0311	2.2660	3.0294	574.45	0.10124	1.7930e-05	0.068189	supercritical
460.69	150.00	62.577	0.015980	1017.1	1256.8	5.0377	2.2695	3.0315	575.00	0.10064	1.7950e-05	0.068351	supercritical
461.69	150.00	62.415	0.016022	1019.6	1259.9	5.0442	2.2730	3.0336	575.56	0.10004	1.7970e-05	0.068513	supercritical
462.69	150.00	62.255	0.016063	1022.0	1262.9	5.0508	2.2765	3.0357	576.11	0.099443	1.7990e-05	0.068676	supercritical
463.69	150.00	62.096	0.016104	1024.4	1266.0	5.0574	2.2800	3.0378	576.66	0.098851	1.8010e-05	0.068839	supercritical
464.69	150.00	61.937	0.016145	1026.8	1269.0	5.0639	2.2836	3.0399	577.21	0.098262	1.8030e-05	0.069003	supercritical
465.69	150.00	61.780	0.016186	1029.2	1272.0	5.0704	2.2871	3.0420	577.76	0.097677	1.8051e-05	0.069167	supercritical
466.69	150.00	61.623	0.016228	1031.7	1275.1	5.0770	2.2906	3.0442	578.31	0.097094	1.8071e-05	0.069331	supercritical
467.69	150.00	61.468	0.016269	1034.1	1278.1	5.0835	2.2942	3.0463	578.86	0.096515	1.8091e-05	0.069496	supercritical
468.69	150.00	61.313	0.016310	1036.5	1281.2	5.0900	2.2977	3.0485	579.41	0.095940	1.8111e-05	0.069661	supercritical
469.69	150.00	61.159	0.016351	1039.0	1284.2	5.0965	2.3012	3.0507	579.95	0.095367	1.8131e-05	0.069827	supercritical
470.69	150.00	61.006	0.016392	1041.4	1287.3	5.1030	2.3048	3.0530	580.50	0.094798	1.8152e-05	0.069993	supercritical
471.69	150.00	60.854	0.016433	1043.8	1290.3	5.1095	2.3083	3.0552	581.05	0.094232	1.8172e-05	0.070159	supercritical
472.69	150.00	60.703	0.016474	1046.3	1293.4	5.1159	2.3119	3.0574	581.59	0.093669	1.8192e-05	0.070326	supercritical
473.69	150.00	60.553	0.016515	1048.7	1296.4	5.1224	2.3154	3.0597	582.13	0.093110	1.8212e-05	0.070493	supercritical
474.69	150.00	60.403	0.016555	1051.2	1299.5	5.1289	2.3190	3.0620	582.68	0.092553	1.8233e-05	0.070661	supercritical
475.69	150.00	60.255	0.016596	1053.6	1302.6	5.1353	2.3225	3.0643	583.22	0.092000	1.8253e-05	0.070829	supercritical
476.69	150.00	60.107	0.016637	1056.1	1305.6	5.1417	2.3261	3.0666	583.76	0.091450	1.8274e-05	0.070997	supercritical
477.69	150.00	59.960	0.016678	1058.5	1308.7	5.1482	2.3297	3.0689	584.30	0.090903	1.8294e-05	0.071166	supercritical
478.69	150.00	59.814	0.016719	1061.0	1311.8	5.1546	2.3332	3.0712	584.84	0.090359	1.8314e-05	0.071335	supercritical
479.69	150.00	59.669	0.016759	1063.4	1314.8	5.1610	2.3368	3.0736	585.38	0.089819	1.8335e-05	0.071505	supercritical
480.69	150.00	59.524	0.016800	1065.9	1317.9	5.1674	2.3404	3.0759	585.91	0.089281	1.8355e-05	0.071674	supercritical
481.69	150.00	59.380	0.016841	1068.4	1321.0	5.1738	2.3439	3.0783	586.45	0.088747	1.8376e-05	0.071845	supercritical
482.69	150.00	59.238	0.016881	1070.9	1324.1	5.1802	2.3475	3.0807	586.99	0.088215	1.8396e-05	0.072015	supercritical
483.69	150.00	59.095	0.016922	1073.3	1327.2	5.1866	2.3511	3.0831	587.52	0.087686	1.8417e-05	0.072186	supercritical
484.69	150.00	58.954	0.016962	1075.8	1330.2	5.1929	2.3547	3.0855	588.06	0.087161	1.8437e-05	0.072358	supercritical
485.69	150.00	58.814	0.017003	1078.3	1333.3	5.1993	2.3583	3.0879	588.59	0.086638	1.8458e-05	0.072529	supercritical
486.69	150.00	58.674	0.017043	1080.8	1336.4	5.2057	2.3618	3.0903	589.12	0.086119	1.8478e-05	0.072701	supercritical
487.69	150.00	58.535	0.017084	1083.2	1339.5	5.2120	2.3654	3.0928	589.65	0.085602	1.8499e-05	0.072874	supercritical
488.69	150.00	58.397	0.017124	1085.7	1342.6	5.2183	2.3690	3.0952	590.19	0.085089	1.8519e-05	0.073046	supercritical
489.69	150.00	58.259	0.017165	1088.2	1345.7	5.2247	2.3726	3.0977	590.72	0.084578	1.8540e-05	0.073219	supercritical
490.69	150.00	58.122	0.017205	1090.7	1348.8	5.2310	2.3762	3.1002	591.25	0.084070	1.8560e-05	0.073393	supercritical
491.69	150.00	57.986	0.017245	1093.2	1351.9	5.2373	2.3798	3.1027	591.77	0.083565	1.8581e-05	0.073567	supercritical
492.69	150.00	57.851	0.017286	1095.7	1355.0	5.2436	2.3834	3.1052	592.30	0.083063	1.8602e-05	0.073741	supercritical
493.69	150.00	57.716	0.017326	1098.2	1358.1	5.2499	2.3870	3.1077	592.83	0.082563	1.8622e-05	0.073915	supercritical
494.69	150.00	57.583	0.017366	1100.7	1361.2	5.2562	2.3906	3.1102	593.36	0.082067	1.8643e-05	0.074090	supercritical
495.69	150.00	57.449	0.017407	1103.2	1364.3	5.2625	2.3942	3.1128	593.88	0.081573	1.8664e-05	0.074265	supercritical
496.69	150.00	57.317	0.017447	1105.7	1367.4	5.2688	2.3978	3.1153	594.41	0.081082	1.8684e-05	0.074440	supercritical
497.69	150.00	57.185	0.017487	1108.2	1370.6	5.2750	2.4014	3.1179	594.93	0.080594	1.8705e-05	0.074616	supercritical
498.69	150.00	57.054	0.017527	1110.8	1373.7	5.2813	2.4050	3.1204	595.46	0.080109	1.8726e-05	0.074792	supercritical
499.69	150.00	56.924	0.017567	1113.3	1376.8	5.2875	2.4086	3.1230	595.98	0.079627	1.8746e-05	0.074969	supercritical
500.69	150.00	56.794	0.017607	1115.8	1379.9	5.2938	2.4122	3.1256	596.50	0.079147	1.8767e-05	0.075145	supercritical
501.69	150.00	56.665	0.017648	1118.3	1383.0	5.3000	2.4158	3.1282	597.02	0.078670	1.8788e-05	0.075322	supercritical
502.69	150.00	56.537	0.017688	1120.9	1386.2	5.3063	2.4194	3.1308	597.54	0.078195	1.8809e-05	0.075500	supercritical
503.69	150.00	56.409	0.017728	1123.4	1389.3	5.3125	2.4230	3.1334	598.06	0.077723	1.8829e-05	0.075678	supercritical
504.69	150.00	56.282	0.017768	1125.9	1392.4	5.3187	2.4266	3.1360	598.58	0.077254	1.8850e-05	0.075856	supercritical
505.69	150.00	56.156	0.017808	1128.5	1395.6	5.3249	2.4303	3.1386	599.10	0.076788	1.8871e-05	0.076034	supercritical
506.69	150.00	56.030	0.017848	1131.0	1398.7	5.3311	2.4339	3.1413	599.62	0.076324	1.8892e-05	0.076212	supercritical
507.69	150.00	55.905	0.017888	1133.5	1401.9	5.3373	2.4375	3.1439	600.14	0.075863	1.8912e-05	0.076391	supercritical
508.69	150.00	55.780	0.017928	1136.1	1405.0	5.3435	2.4411	3.1466	600.65	0.075404	1.8933e-05	0.076571	supercritical
509.69	150.00	55.656	0.017967	1138.6	1408.2	5.3497	2.4447	3.1493	601.17	0.074948	1.8954e-05	0.076750	supercritical
510.69	150.00	55.533	0.018007	1141.2	1411.3	5.3559	2.4483	3.1519	601.68	0.074495	1.8975e-05	0.076930	supercritical
511.69	150.00	55.410	0.018047	1143.8	1414.5	5.3620	2.4520	3.1546	602.20	0.074044	1.8996e-05	0.077110	supercritical
512.69	150.00	55.288	0.018087	1146.3	1417.6	5.3682	2.4556	3.1573	602.71	0.073596	1.9016e-05	0.077291	supercritical
513.69	150.00	55.167	0.018127	1148.9	1420.8	5.3743	2.4592	3.1600	603.22	0.073150	1.9037e-05	0.077471	supercritical
514.69	150.00	55.046	0.018167	1151.4	1423.9	5.3805	2.4628	3.1627	603.74	0.072706	1.9058e-05	0.077652	supercritical
515.69	150.00	54.926	0.018206	1154.0	1427.1	5.3866	2.4664	3.1654	604.25	0.072266	1.9079e-05	0.077834	supercritical
516.69	150.00	54.807	0.018246	1156.6	1430.3	5.3928	2.4701	3.1682	604.76	0.071827	1.9100e-05	0.078015	supercritical
517.69	150.00	54.687	0.018286	1159.2	1433.4	5.3989	2.4737	3.1709	605.27	0.071391	1.9121e-05	0.078197	supercritical
518.69	150.00	54.569	0.018325	1161.7	1436.6	5.4050	2.4773	3.1736	605.78	0.070958	1.9142e-05	0.078379	supercritical
519.69	150.00	54.451	0.018365	1164.3	1439.8	5.4111	2.4809	3.1764	606.29	0.070527	1.9162e-05	0.078562	supercritical
520.69	150.00	54.334	0.018405	1166.9	1443.0	5.4172	2.4846	3.1791	606.80	0.070098	1.9183e-05	0.078745	supercritical
521.69	150.00	54.217	0.018444	1169.5	1446.1	5.4233	2.4882	3.1819	607.30	0.069672	1.9204e-05	0.078928	supercritical
522.69	150.00	54.101	0.018484	1172.1	1449.3	5.4294	2.4918	3.1847	607.81	0.069248	1.9225e-05	0.079111	supercritical
523.69	150.00	53.986	0.018523	1174.7	1452.5	5.4355	2.4954	3.1875	608.32	0.068827	1.9246e-05	0.079295	supercritical
524.69	150.00	53.871	0.018563	1177.3	1455.7	5.4416	2.4991	3.1902	608.82	0.068407	1.9267e-05	0.079479	supercritical
525.69	150.00	53.756	0.018603	1179.9	1458.9	5.4477	2.5027	3.1930	609.33	0.067991	1.9288e-05	0.079663	supercritical
526.69	150.00	53.642	0.018642	1182.5	1462.1	5.4538	2.5063	3.1958	609.83	0.067576	1.9309e-05	0.079847	supercritical
527.69	150.00	53.529	0.018682	1185.1	1465.3	5.4598	2.5100	3.1986	610.34	0.067164	1.9330e-05	0.080032	supercritical
528.69	150.00	53.416	0.018721	1187.7	1468.5	5.4659	2.5136	3.2014	610.84	0.066754	1.9350e-05	0.080217	supercritical
529.69	150.00	53.304	0.018760	1190.3	1471.7	5.4719	2.5172	3.2043	611.34	0.066346	1.9371e-05	0.080402	supercritical
530.69	150.00	53.192	0.018800	1192.9	1474.9	5.4780	2.5209	3.2071	611.84	0.065941	1.9392e-05	0.080587	supercritical
531.69	150.00	53.081	0.018839	1195.5	1478.1	5.4840	2.5245	3.2099	612.34	0.065538	1.9413e-05	0.080773	supercritical
532.69	150.00	52.970	0.018879	1198.1	1481.3	5.4901	2.5281	3.2127	612.84	0.065137	1.9434e-05	0.080959	supercritical
533.69	150.00	52.860	0.018918	1200.8	1484.5	5.4961	2.5317	3.2156	613.34	0.064739	1.9455e-05	0.081146	supercritical
534.69	150.00	52.750	0.018957	1203.4	1487.7	5.5021	2.5354	3.2184	613.84	0.064342	1.9476e-05	0.081332	supercritical
535.69	150.00	52.641	0.018997	1206.0	1491.0	5.5081	2.5390	3.2213	614.34	0.063948	1.9497e-05	0.081519	supercritical
536.69	150.00	52.532	0.019036	1208.6	1494.2	5.5141	2.5426	3.2241	614.84	0.063556	1.9518e-05	0.081706	supercritical
537.69	150.00	52.424	0.019075	1211.3	1497.4	5.5201	2.5463	3.2270	615.34	0.063166	1.9539e-05	0.081893	supercritical
538.69	150.00	52.316	0.019114	1213.9	1500.6	5.5261	2.5499	3.2299	615.83	0.062778	1.9560e-05	0.082081	supercritical
539.69	150.00	52.209	0.019154	1216.6	1503.9	5.5321	2.5535	3.2327	616.33	0.062393	1.9581e-05	0.082269	supercritical
540.69	150.00	52.102	0.019193	1219.2	1507.1	5.5381	2.5572	3.2356	616.83	0.062009	1.9602e-05	0.082457	supercritical
541.69	150.00	51.996	0.019232	1221.9	1510.3	5.5441	2.5608	3.2385	617.32	0.061628	1.9623e-05	0.082645	supercritical
542.69	150.00	51.891	0.019271	1224.5	1513.6	5.5501	2.5644	3.2414	617.82	0.061249	1.9644e-05	0.082834	supercritical
543.69	150.00	51.785	0.019310	1227.2	1516.8	5.5560	2.5680	3.2443	618.31	0.060872	1.9665e-05	0.083022	supercritical
544.69	150.00	51.681	0.019350	1229.8	1520.1	5.5620	2.5717	3.2472	618.80	0.060496	1.9686e-05	0.083212	supercritical
545.69	150.00	51.576	0.019389	1232.5	1523.3	5.5680	2.5753	3.2501	619.30	0.060123	1.9707e-05	0.083401	supercritical
546.69	150.00	51.473	0.019428	1235.2	1526.6	5.5739	2.5789	3.2530	619.79	0.059753	1.9727e-05	0.083590	supercritical
547.69	150.00	51.369	0.019467	1237.8	1529.8	5.5799	2.5826	3.2559	620.28	0.059384	1.9748e-05	0.083780	supercritical
548.69	150.00	51.266	0.019506	1240.5	1533.1	5.5858	2.5862	3.2589	620.77	0.059017	1.9769e-05	0.083970	supercritical
549.69	150.00	51.164	0.019545	1243.2	1536.3	5.5917	2.5898	3.2618	621.26	0.058652	1.9790e-05	0.084161	supercritical
550.69	150.00	51.062	0.019584	1245.8	1539.6	5.5977	2.5934	3.2647	621.75	0.058289	1.9811e-05	0.084351	supercritical
551.69	150.00	50.960	0.019623	1248.5	1542.9	5.6036	2.5971	3.2677	622.24	0.057928	1.9832e-05	0.084542	supercritical
552.69	150.00	50.859	0.019662	1251.2	1546.1	5.6095	2.6007	3.2706	622.73	0.057569	1.9853e-05	0.084733	supercritical
553.69	150.00	50.759	0.019701	1253.9	1549.4	5.6154	2.6043	3.2735	623.21	0.057212	1.9874e-05	0.084924	supercritical
554.69	150.00	50.659	0.019740	1256.6	1552.7	5.6213	2.6079	3.2765	623.70	0.056857	1.9895e-05	0.085115	supercritical
555.69	150.00	50.559	0.019779	1259.3	1556.0	5.6272	2.6116	3.2794	624.19	0.056504	1.9916e-05	0.085307	supercritical
556.69	150.00	50.460	0.019818	1262.0	1559.2	5.6331	2.6152	3.2824	624.68	0.056153	1.9937e-05	0.085499	supercritical
557.69	150.00	50.361	0.019857	1264.7	1562.5	5.6390	2.6188	3.2854	625.16	0.055803	1.9958e-05	0.085691	supercritical
558.69	150.00	50.262	0.019896	1267.4	1565.8	5.6449	2.6224	3.2883	625.65	0.055456	1.9979e-05	0.085883	supercritical
559.69	150.00	50.164	0.019934	1270.1	1569.1	5.6508	2.6261	3.2913	626.13	0.055111	2.0000e-05	0.086076	supercritical
560.69	150.00	50.067	0.019973	1272.8	1572.4	5.6567	2.6297	3.2943	626.61	0.054767	2.0021e-05	0.086269	supercritical
561.69	150.00	49.970	0.020012	1275.5	1575.7	5.6626	2.6333	3.2972	627.10	0.054425	2.0042e-05	0.086462	supercritical
562.69	150.00	49.873	0.020051	1278.2	1579.0	5.6684	2.6369	3.3002	627.58	0.054085	2.0063e-05	0.086655	supercritical
563.69	150.00	49.777	0.020090	1281.0	1582.3	5.6743	2.6406	3.3032	628.06	0.053747	2.0084e-05	0.086849	supercritical
564.69	150.00	49.681	0.020129	1283.7	1585.6	5.6802	2.6442	3.3062	628.54	0.053411	2.0105e-05	0.087042	supercritical
565.69	150.00	49.585	0.020167	1286.4	1588.9	5.6860	2.6478	3.3092	629.03	0.053076	2.0126e-05	0.087236	supercritical
566.69	150.00	49.490	0.020206	1289.1	1592.2	5.6918	2.6514	3.3122	629.51	0.052744	2.0147e-05	0.087430	supercritical
567.69	150.00	49.395	0.020245	1291.9	1595.5	5.6977	2.6550	3.3152	629.99	0.052413	2.0168e-05	0.087625	supercritical
568.69	150.00	49.301	0.020284	1294.6	1598.9	5.7035	2.6587	3.3182	630.47	0.052084	2.0189e-05	0.087819	supercritical
569.69	150.00	49.207	0.020322	1297.3	1602.2	5.7094	2.6623	3.3212	630.95	0.051757	2.0210e-05	0.088014	supercritical
570.69	150.00	49.114	0.020361	1300.1	1605.5	5.7152	2.6659	3.3242	631.42	0.051431	2.0231e-05	0.088209	supercritical
571.69	150.00	49.021	0.020400	1302.8	1608.8	5.7210	2.6695	3.3272	631.90	0.051107	2.0252e-05	0.088404	supercritical
572.69	150.00	48.928	0.020438	1305.6	1612.1	5.7268	2.6731	3.3302	632.38	0.050785	2.0273e-05	0.088599	supercritical
573.69	150.00	48.836	0.020477	1308.3	1615.5	5.7326	2.6767	3.3332	632.86	0.050465	2.0293e-05	0.088795	supercritical
574.69	150.00	48.744	0.020515	1311.1	1618.8	5.7384	2.6803	3.3363	633.33	0.050146	2.0314e-05	0.088991	supercritical
575.69	150.00	48.652	0.020554	1313.8	1622.2	5.7443	2.6839	3.3393	633.81	0.049830	2.0335e-05	0.089187	supercritical
576.69	150.00	48.561	0.020593	1316.6	1625.5	5.7500	2.6876	3.3423	634.28	0.049514	2.0356e-05	0.089383	supercritical
577.69	150.00	48.470	0.020631	1319.4	1628.8	5.7558	2.6912	3.3453	634.76	0.049201	2.0377e-05	0.089579	supercritical
578.69	150.00	48.380	0.020670	1322.1	1632.2	5.7616	2.6948	3.3484	635.23	0.048889	2.0398e-05	0.089776	supercritical
579.69	150.00	48.290	0.020708	1324.9	1635.5	5.7674	2.6984	3.3514	635.71	0.048579	2.0419e-05	0.089973	supercritical
580.69	150.00	48.200	0.020747	1327.7	1638.9	5.7732	2.7020	3.3544	636.18	0.048270	2.0440e-05	0.090170	supercritical
581.69	150.00	48.111	0.020785	1330.5	1642.2	5.7790	2.7056	3.3575	636.65	0.047963	2.0461e-05	0.090367	supercritical
582.69	150.00	48.022	0.020824	1333.2	1645.6	5.7847	2.7092	3.3605	637.13	0.047658	2.0482e-05	0.090564	supercritical
583.69	150.00	47.933	0.020862	1336.0	1649.0	5.7905	2.7128	3.3636	637.60	0.047354	2.0503e-05	0.090762	supercritical
584.69	150.00	47.845	0.020901	1338.8	1652.3	5.7963	2.7164	3.3666	638.07	0.047052	2.0524e-05	0.090960	supercritical
585.69	150.00	47.757	0.020939	1341.6	1655.7	5.8020	2.7200	3.3697	638.54	0.046752	2.0545e-05	0.091158	supercritical
586.69	150.00	47.670	0.020978	1344.4	1659.1	5.8078	2.7236	3.3727	639.01	0.046453	2.0566e-05	0.091356	supercritical
587.69	150.00	47.583	0.021016	1347.2	1662.4	5.8135	2.7272	3.3758	639.48	0.046156	2.0587e-05	0.091554	supercritical
588.69	150.00	47.496	0.021054	1350.0	1665.8	5.8193	2.7308	3.3788	639.95	0.045860	2.0607e-05	0.091753	supercritical
589.69	150.00	47.409	0.021093	1352.8	1669.2	5.8250	2.7344	3.3819	640.42	0.045566	2.0628e-05	0.091952	supercritical
590.69	150.00	47.323	0.021131	1355.6	1672.6	5.8307	2.7380	3.3850	640.89	0.045273	2.0649e-05	0.092151	supercritical
591.69	150.00	47.238	0.021170	1358.4	1676.0	5.8365	2.7416	3.3880	641.35	0.044982	2.0670e-05	0.092350	supercritical
592.69	150.00	47.152	0.021208	1361.2	1679.4	5.8422	2.7452	3.3911	641.82	0.044693	2.0691e-05	0.092549	supercritical
593.69	150.00	47.067	0.021246	1364.1	1682.8	5.8479	2.7488	3.3942	642.29	0.044405	2.0712e-05	0.092749	supercritical
594.69	150.00	46.982	0.021285	1366.9	1686.1	5.8536	2.7524	3.3972	642.75	0.044118	2.0733e-05	0.092948	supercritical
595.69	150.00	46.898	0.021323	1369.7	1689.5	5.8593	2.7559	3.4003	643.22	0.043833	2.0754e-05	0.093148	supercritical
596.69	150.00	46.814	0.021361	1372.5	1692.9	5.8650	2.7595	3.4034	643.69	0.043550	2.0775e-05	0.093348	supercritical
597.69	150.00	46.730	0.021399	1375.4	1696.4	5.8707	2.7631	3.4065	644.15	0.043268	2.0796e-05	0.093549	supercritical
598.69	150.00	46.647	0.021438	1378.2	1699.8	5.8764	2.7667	3.4095	644.62	0.042987	2.0816e-05	0.093749	supercritical
599.69	150.00	46.564	0.021476	1381.0	1703.2	5.8821	2.7703	3.4126	645.08	0.042708	2.0837e-05	0.093950	supercritical
600.69	150.00	46.481	0.021514	1383.9	1706.6	5.8878	2.7739	3.4157	645.54	0.042431	2.0858e-05	0.094150	supercritical
601.69	150.00	46.398	0.021552	1386.7	1710.0	5.8935	2.7774	3.4188	646.01	0.042155	2.0879e-05	0.094351	supercritical
602.69	150.00	46.316	0.021591	1389.6	1713.4	5.8992	2.7810	3.4219	646.47	0.041880	2.0900e-05	0.094552	supercritical
603.69	150.00	46.235	0.021629	1392.4	1716.8	5.9048	2.7846	3.4250	646.93	0.041607	2.0921e-05	0.094754	supercritical
604.69	150.00	46.153	0.021667	1395.3	1720.3	5.9105	2.7882	3.4281	647.39	0.041335	2.0942e-05	0.094955	supercritical
605.69	150.00	46.072	0.021705	1398.1	1723.7	5.9162	2.7917	3.4311	647.85	0.041064	2.0963e-05	0.095157	supercritical
606.69	150.00	45.991	0.021743	1401.0	1727.1	5.9219	2.7953	3.4342	648.31	0.040795	2.0983e-05	0.095359	supercritical
607.69	150.00	45.911	0.021781	1403.8	1730.6	5.9275	2.7989	3.4373	648.77	0.040528	2.1004e-05	0.095561	supercritical
608.69	150.00	45.830	0.021820	1406.7	1734.0	5.9332	2.8025	3.4404	649.23	0.040261	2.1025e-05	0.095763	supercritical
609.69	150.00	45.750	0.021858	1409.6	1737.5	5.9388	2.8060	3.4435	649.69	0.039996	2.1046e-05	0.095965	supercritical
610.69	150.00	45.671	0.021896	1412.5	1740.9	5.9445	2.8096	3.4466	650.15	0.039733	2.1067e-05	0.096168	supercritical
611.69	150.00	45.591	0.021934	1415.3	1744.3	5.9501	2.8132	3.4497	650.61	0.039471	2.1088e-05	0.096371	supercritical
612.69	150.00	45.512	0.021972	1418.2	1747.8	5.9557	2.8167	3.4528	651.07	0.039210	2.1108e-05	0.096573	supercritical
613.69	150.00	45.434	0.022010	1421.1	1751.3	5.9614	2.8203	3.4559	651.53	0.038950	2.1129e-05	0.096776	supercritical
614.69	150.00	45.355	0.022048	1424.0	1754.7	5.9670	2.8239	3.4590	651.98	0.038692	2.1150e-05	0.096980	supercritical
615.69	150.00	45.277	0.022086	1426.9	1758.2	5.9726	2.8274	3.4621	652.44	0.038436	2.1171e-05	0.097183	supercritical
616.69	150.00	45.199	0.022124	1429.8	1761.6	5.9782	2.8310	3.4652	652.90	0.038180	2.1192e-05	0.097387	supercritical
617.69	150.00	45.122	0.022162	1432.7	1765.1	5.9839	2.8345	3.4683	653.35	0.037926	2.1212e-05	0.097590	supercritical
618.69	150.00	45.045	0.022200	1435.6	1768.6	5.9895	2.8381	3.4715	653.81	0.037673	2.1233e-05	0.097794	supercritical
619.69	150.00	44.968	0.022238	1438.5	1772.0	5.9951	2.8416	3.4746	654.26	0.037421	2.1254e-05	0.097998	supercritical
620.69	150.00	44.891	0.022276	1441.4	1775.5	6.0007	2.8452	3.4777	654.72	0.037171	2.1275e-05	0.098202	supercritical
621.69	150.00	44.815	0.022314	1444.3	1779.0	6.0063	2.8487	3.4808	655.17	0.036922	2.1296e-05	0.098407	supercritical
622.69	150.00	44.739	0.022352	1447.2	1782.5	6.0119	2.8523	3.4839	655.62	0.036674	2.1316e-05	0.098611	supercritical
623.69	150.00	44.663	0.022390	1450.1	1786.0	6.0175	2.8558	3.4870	656.08	0.036428	2.1337e-05	0.098816	supercritical
624.69	150.00	44.587	0.022428	1453.0	1789.5	6.0231	2.8594	3.4901	656.53	0.036183	2.1358e-05	0.099021	supercritical