Temperature (K)	Pressure (bar)	Density (kg/m3)	Volume (m3/kg)	Internal Energy (kJ/kg)	Enthalpy (kJ/kg)	Entropy (J/g*K)	Cv (J/g*K)	Cp (J/g*K)	Sound Spd. (m/s)	Joule-Thomson (K/bar)	Viscosity (Pa*s)	Therm. Cond. (W/m*K)	Phase
90.694	522.00	478.69	0.0020890	-93.885	15.162	-0.98593	2.2699	3.2199	1820.4	-0.052419	0.00038985	0.25156	liquid
103.69	522.00	465.58	0.0021478	-55.169	56.948	-0.55535	2.2054	3.2115	1743.1	-0.051925	0.00023845	0.23956	liquid
104.69	522.00	464.58	0.0021525	-52.200	60.160	-0.52453	2.2011	3.2113	1737.1	-0.051870	0.00023134	0.23855	liquid
105.69	522.00	463.58	0.0021571	-49.232	63.371	-0.49401	2.1968	3.2112	1731.0	-0.051813	0.00022463	0.23754	liquid
106.69	522.00	462.57	0.0021618	-46.265	66.582	-0.46377	2.1925	3.2110	1725.0	-0.051755	0.00021830	0.23651	liquid
107.69	522.00	461.57	0.0021665	-43.299	69.793	-0.43381	2.1883	3.2109	1718.9	-0.051695	0.00021232	0.23548	liquid
108.69	522.00	460.57	0.0021712	-40.334	73.004	-0.40414	2.1842	3.2108	1712.9	-0.051634	0.00020665	0.23444	liquid
109.69	522.00	459.57	0.0021760	-37.370	76.215	-0.37473	2.1800	3.2106	1706.8	-0.051571	0.00020128	0.23340	liquid
110.69	522.00	458.57	0.0021807	-34.408	79.425	-0.34560	2.1759	3.2105	1700.7	-0.051507	0.00019618	0.23235	liquid
111.69	522.00	457.56	0.0021855	-31.446	82.636	-0.31672	2.1718	3.2104	1694.7	-0.051442	0.00019134	0.23130	liquid
112.69	522.00	456.56	0.0021903	-28.486	85.846	-0.28811	2.1678	3.2102	1688.6	-0.051375	0.00018674	0.23024	liquid
113.69	522.00	455.56	0.0021951	-25.527	89.056	-0.25975	2.1637	3.2101	1682.6	-0.051307	0.00018236	0.22917	liquid
114.69	522.00	454.56	0.0021999	-22.569	92.266	-0.23164	2.1597	3.2100	1676.6	-0.051238	0.00017818	0.22811	liquid
115.69	522.00	453.56	0.0022048	-19.613	95.476	-0.20377	2.1557	3.2098	1670.5	-0.051167	0.00017420	0.22704	liquid
116.69	522.00	452.56	0.0022096	-16.657	98.686	-0.17615	2.1518	3.2097	1664.5	-0.051095	0.00017039	0.22596	liquid
117.69	522.00	451.56	0.0022145	-13.703	101.90	-0.14876	2.1479	3.2095	1658.5	-0.051022	0.00016676	0.22489	liquid
118.69	522.00	450.56	0.0022194	-10.750	105.10	-0.12161	2.1439	3.2093	1652.5	-0.050948	0.00016328	0.22381	liquid
119.69	522.00	449.56	0.0022244	-7.7983	108.31	-0.094684	2.1401	3.2092	1646.5	-0.050872	0.00015995	0.22273	liquid
120.69	522.00	448.57	0.0022293	-4.8479	111.52	-0.067984	2.1362	3.2090	1640.5	-0.050795	0.00015675	0.22165	liquid
121.69	522.00	447.57	0.0022343	-1.8988	114.73	-0.041507	2.1323	3.2088	1634.5	-0.050717	0.00015369	0.22057	liquid
122.69	522.00	446.57	0.0022393	1.0490	117.94	-0.015248	2.1285	3.2086	1628.5	-0.050637	0.00015075	0.21949	liquid
123.69	522.00	445.57	0.0022443	3.9954	121.15	0.010796	2.1247	3.2084	1622.6	-0.050556	0.00014792	0.21841	liquid
124.69	522.00	444.57	0.0022494	6.9405	124.36	0.036629	2.1210	3.2082	1616.6	-0.050474	0.00014520	0.21733	liquid
125.69	522.00	443.57	0.0022544	9.8842	127.57	0.062254	2.1172	3.2079	1610.7	-0.050390	0.00014259	0.21624	liquid
126.69	522.00	442.57	0.0022595	12.827	130.77	0.087674	2.1135	3.2077	1604.8	-0.050305	0.00014007	0.21516	liquid
127.69	522.00	441.57	0.0022646	15.767	133.98	0.11289	2.1098	3.2075	1598.9	-0.050219	0.00013764	0.21408	liquid
128.69	522.00	440.58	0.0022698	18.707	137.19	0.13791	2.1061	3.2073	1593.0	-0.050131	0.00013529	0.21300	liquid
129.69	522.00	439.58	0.0022749	21.645	140.40	0.16274	2.1024	3.2070	1587.1	-0.050041	0.00013303	0.21192	liquid
130.69	522.00	438.58	0.0022801	24.582	143.60	0.18737	2.0988	3.2068	1581.2	-0.049950	0.00013084	0.21085	liquid
131.69	522.00	437.58	0.0022853	27.517	146.81	0.21181	2.0952	3.2065	1575.4	-0.049858	0.00012873	0.20977	liquid
132.69	522.00	436.58	0.0022905	30.450	150.02	0.23607	2.0916	3.2063	1569.5	-0.049764	0.00012669	0.20870	liquid
133.69	522.00	435.58	0.0022958	33.383	153.22	0.26014	2.0880	3.2061	1563.7	-0.049669	0.00012471	0.20762	liquid
134.69	522.00	434.59	0.0023010	36.313	156.43	0.28403	2.0845	3.2058	1557.9	-0.049571	0.00012279	0.20655	liquid
135.69	522.00	433.59	0.0023063	39.242	159.63	0.30774	2.0809	3.2056	1552.1	-0.049473	0.00012094	0.20549	liquid
136.69	522.00	432.59	0.0023117	42.170	162.84	0.33128	2.0774	3.2053	1546.3	-0.049373	0.00011914	0.20442	liquid
137.69	522.00	431.59	0.0023170	45.096	166.04	0.35464	2.0740	3.2051	1540.6	-0.049271	0.00011739	0.20336	liquid
138.69	522.00	430.59	0.0023224	48.021	169.25	0.37783	2.0705	3.2048	1534.8	-0.049167	0.00011569	0.20230	liquid
139.69	522.00	429.60	0.0023278	50.944	172.45	0.40085	2.0671	3.2046	1529.1	-0.049062	0.00011405	0.20124	liquid
140.69	522.00	428.60	0.0023332	53.865	175.66	0.42371	2.0637	3.2043	1523.4	-0.048955	0.00011245	0.20019	liquid
141.69	522.00	427.60	0.0023386	56.785	178.86	0.44640	2.0604	3.2041	1517.7	-0.048846	0.00011089	0.19914	liquid
142.69	522.00	426.60	0.0023441	59.703	182.07	0.46894	2.0570	3.2038	1512.0	-0.048736	0.00010938	0.19809	liquid
143.69	522.00	425.60	0.0023496	62.620	185.27	0.49131	2.0537	3.2036	1506.3	-0.048624	0.00010791	0.19705	liquid
144.69	522.00	424.60	0.0023551	65.535	188.47	0.51353	2.0504	3.2034	1500.7	-0.048510	0.00010648	0.19601	liquid
145.69	522.00	423.61	0.0023607	68.449	191.68	0.53559	2.0472	3.2031	1495.1	-0.048395	0.00010508	0.19497	liquid
146.69	522.00	422.61	0.0023663	71.361	194.88	0.55750	2.0440	3.2029	1489.5	-0.048277	0.00010372	0.19394	liquid
147.69	522.00	421.61	0.0023719	74.271	198.08	0.57926	2.0408	3.2027	1483.9	-0.048158	0.00010240	0.19292	liquid
148.69	522.00	420.61	0.0023775	77.180	201.28	0.60087	2.0376	3.2025	1478.3	-0.048037	0.00010111	0.19189	liquid
149.69	522.00	419.61	0.0023832	80.087	204.49	0.62233	2.0344	3.2023	1472.7	-0.047914	9.9847e-05	0.19087	liquid
150.69	522.00	418.61	0.0023888	82.992	207.69	0.64365	2.0313	3.2021	1467.2	-0.047789	9.8618e-05	0.18986	liquid
151.69	522.00	417.62	0.0023945	85.896	210.89	0.66483	2.0282	3.2019	1461.7	-0.047662	9.7419e-05	0.18885	liquid
152.69	522.00	416.62	0.0024003	88.798	214.09	0.68587	2.0252	3.2017	1456.2	-0.047534	9.6247e-05	0.18784	liquid
153.69	522.00	415.62	0.0024061	91.699	217.29	0.70677	2.0221	3.2015	1450.7	-0.047403	9.5103e-05	0.18684	liquid
154.69	522.00	414.62	0.0024118	94.598	220.50	0.72753	2.0191	3.2013	1445.3	-0.047271	9.3985e-05	0.18584	liquid
155.69	522.00	413.62	0.0024177	97.495	223.70	0.74816	2.0162	3.2011	1439.8	-0.047136	9.2893e-05	0.18485	liquid
156.69	522.00	412.62	0.0024235	100.39	226.90	0.76865	2.0132	3.2010	1434.4	-0.047000	9.1824e-05	0.18386	liquid
157.69	522.00	411.62	0.0024294	103.28	230.10	0.78901	2.0103	3.2008	1429.0	-0.046862	9.0780e-05	0.18288	liquid
158.69	522.00	410.63	0.0024353	106.18	233.30	0.80924	2.0074	3.2006	1423.6	-0.046721	8.9758e-05	0.18191	liquid
159.69	522.00	409.63	0.0024412	109.07	236.50	0.82935	2.0046	3.2005	1418.3	-0.046579	8.8758e-05	0.18093	liquid
160.69	522.00	408.63	0.0024472	111.96	239.70	0.84933	2.0018	3.2004	1412.9	-0.046435	8.7779e-05	0.17997	liquid
161.69	522.00	407.63	0.0024532	114.84	242.90	0.86918	1.9990	3.2002	1407.6	-0.046288	8.6821e-05	0.17900	liquid
162.69	522.00	406.63	0.0024592	117.73	246.10	0.88891	1.9962	3.2001	1402.3	-0.046140	8.5883e-05	0.17805	liquid
163.69	522.00	405.63	0.0024653	120.61	249.30	0.90852	1.9935	3.2000	1397.0	-0.045989	8.4965e-05	0.17710	liquid
164.69	522.00	404.63	0.0024714	123.50	252.50	0.92801	1.9908	3.1999	1391.8	-0.045837	8.4064e-05	0.17615	liquid
165.69	522.00	403.63	0.0024775	126.38	255.70	0.94738	1.9881	3.1998	1386.5	-0.045682	8.3182e-05	0.17521	liquid
166.69	522.00	402.64	0.0024836	129.26	258.90	0.96663	1.9855	3.1997	1381.3	-0.045526	8.2318e-05	0.17427	liquid
167.69	522.00	401.64	0.0024898	132.13	262.10	0.98577	1.9828	3.1996	1376.1	-0.045367	8.1470e-05	0.17334	liquid
168.69	522.00	400.64	0.0024960	135.01	265.30	1.0048	1.9803	3.1996	1370.9	-0.045206	8.0639e-05	0.17242	liquid
169.69	522.00	399.64	0.0025023	137.88	268.50	1.0237	1.9777	3.1995	1365.8	-0.045043	7.9824e-05	0.17150	liquid
170.69	522.00	398.64	0.0025085	140.75	271.70	1.0425	1.9752	3.1995	1360.6	-0.044879	7.9024e-05	0.17059	liquid
171.69	522.00	397.64	0.0025148	143.63	274.90	1.0612	1.9727	3.1994	1355.5	-0.044711	7.8240e-05	0.16968	liquid
172.69	522.00	396.64	0.0025212	146.49	278.10	1.0798	1.9702	3.1994	1350.4	-0.044542	7.7470e-05	0.16878	liquid
173.69	522.00	395.65	0.0025275	149.36	281.30	1.0982	1.9678	3.1994	1345.4	-0.044371	7.6715e-05	0.16788	liquid
174.69	522.00	394.65	0.0025339	152.23	284.50	1.1166	1.9654	3.1994	1340.3	-0.044198	7.5973e-05	0.16699	liquid
175.69	522.00	393.65	0.0025403	155.09	287.70	1.1349	1.9631	3.1994	1335.3	-0.044022	7.5245e-05	0.16610	liquid
176.69	522.00	392.65	0.0025468	157.95	290.90	1.1530	1.9607	3.1994	1330.3	-0.043845	7.4530e-05	0.16522	liquid
177.69	522.00	391.65	0.0025533	160.81	294.10	1.1711	1.9584	3.1994	1325.3	-0.043665	7.3828e-05	0.16435	liquid
178.69	522.00	390.65	0.0025598	163.67	297.29	1.1890	1.9561	3.1994	1320.4	-0.043483	7.3138e-05	0.16348	liquid
179.69	522.00	389.66	0.0025664	166.53	300.49	1.2069	1.9539	3.1994	1315.4	-0.043299	7.2460e-05	0.16262	liquid
180.69	522.00	388.66	0.0025730	169.38	303.69	1.2247	1.9517	3.1995	1310.5	-0.043113	7.1794e-05	0.16176	liquid
181.69	522.00	387.66	0.0025796	172.24	306.89	1.2423	1.9495	3.1995	1305.6	-0.042924	7.1140e-05	0.16091	liquid
182.69	522.00	386.66	0.0025862	175.09	310.09	1.2599	1.9474	3.1996	1300.8	-0.042734	7.0497e-05	0.16007	liquid
183.69	522.00	385.67	0.0025929	177.94	313.29	1.2773	1.9453	3.1996	1295.9	-0.042542	6.9864e-05	0.15923	liquid
184.69	522.00	384.67	0.0025996	180.79	316.49	1.2947	1.9432	3.1997	1291.1	-0.042347	6.9243e-05	0.15840	liquid
185.69	522.00	383.67	0.0026064	183.64	319.69	1.3120	1.9411	3.1998	1286.3	-0.042150	6.8632e-05	0.15757	liquid
186.69	522.00	382.67	0.0026132	186.48	322.89	1.3292	1.9391	3.1998	1281.5	-0.041951	6.8031e-05	0.15675	liquid
187.69	522.00	381.68	0.0026200	189.33	326.09	1.3463	1.9371	3.1999	1276.8	-0.041750	6.7440e-05	0.15594	liquid
188.69	522.00	380.68	0.0026269	192.17	329.29	1.3633	1.9352	3.2000	1272.1	-0.041547	6.6858e-05	0.15513	liquid
189.69	522.00	379.68	0.0026338	195.01	332.49	1.3802	1.9333	3.2002	1267.3	-0.041342	6.6286e-05	0.15433	liquid
190.69	522.00	378.69	0.0026407	197.85	335.69	1.3970	1.9314	3.2003	1262.7	-0.041135	6.5723e-05	0.15354	supercritical
191.69	522.00	377.69	0.0026477	200.68	338.89	1.4137	1.9295	3.2004	1258.0	-0.040926	6.5170e-05	0.15274	supercritical
192.69	522.00	376.70	0.0026547	203.52	342.09	1.4304	1.9277	3.2005	1253.4	-0.040714	6.4625e-05	0.15195	supercritical
193.69	522.00	375.70	0.0026617	206.35	345.29	1.4470	1.9259	3.2007	1248.8	-0.040501	6.4089e-05	0.15117	supercritical
194.69	522.00	374.71	0.0026687	209.18	348.49	1.4635	1.9241	3.2008	1244.2	-0.040285	6.3561e-05	0.15040	supercritical
195.69	522.00	373.71	0.0026759	212.01	351.69	1.4798	1.9224	3.2010	1239.6	-0.040068	6.3041e-05	0.14963	supercritical
196.69	522.00	372.72	0.0026830	214.84	354.90	1.4962	1.9207	3.2011	1235.1	-0.039848	6.2530e-05	0.14886	supercritical
197.69	522.00	371.72	0.0026902	217.67	358.10	1.5124	1.9190	3.2013	1230.6	-0.039626	6.2026e-05	0.14811	supercritical
198.69	522.00	370.73	0.0026974	220.50	361.30	1.5286	1.9174	3.2014	1226.1	-0.039403	6.1530e-05	0.14736	supercritical
199.69	522.00	369.74	0.0027046	223.32	364.50	1.5446	1.9158	3.2016	1221.6	-0.039177	6.1042e-05	0.14661	supercritical
200.69	522.00	368.75	0.0027119	226.14	367.70	1.5606	1.9142	3.2018	1217.2	-0.038949	6.0561e-05	0.14587	supercritical
201.69	522.00	367.75	0.0027192	228.96	370.90	1.5765	1.9127	3.2020	1212.7	-0.038720	6.0087e-05	0.14514	supercritical
202.69	522.00	366.76	0.0027266	231.78	374.11	1.5924	1.9112	3.2022	1208.4	-0.038488	5.9621e-05	0.14441	supercritical
203.69	522.00	365.77	0.0027340	234.59	377.31	1.6081	1.9097	3.2024	1204.0	-0.038255	5.9161e-05	0.14369	supercritical
204.69	522.00	364.78	0.0027414	237.41	380.51	1.6238	1.9083	3.2026	1199.6	-0.038019	5.8708e-05	0.14298	supercritical
205.69	522.00	363.79	0.0027488	240.22	383.71	1.6394	1.9069	3.2028	1195.3	-0.037782	5.8262e-05	0.14227	supercritical
206.69	522.00	362.80	0.0027563	243.03	386.92	1.6550	1.9055	3.2030	1191.0	-0.037543	5.7823e-05	0.14156	supercritical
207.69	522.00	361.81	0.0027639	245.84	390.12	1.6704	1.9041	3.2032	1186.8	-0.037302	5.7390e-05	0.14087	supercritical
208.69	522.00	360.82	0.0027715	248.65	393.32	1.6858	1.9028	3.2034	1182.5	-0.037059	5.6963e-05	0.14018	supercritical
209.69	522.00	359.83	0.0027791	251.46	396.53	1.7011	1.9015	3.2036	1178.3	-0.036814	5.6542e-05	0.13949	supercritical
210.69	522.00	358.85	0.0027867	254.26	399.73	1.7164	1.9003	3.2039	1174.1	-0.036567	5.6127e-05	0.13881	supercritical
211.69	522.00	357.86	0.0027944	257.07	402.93	1.7315	1.8991	3.2041	1169.9	-0.036319	5.5719e-05	0.13814	supercritical
212.69	522.00	356.87	0.0028021	259.87	406.14	1.7466	1.8979	3.2043	1165.8	-0.036069	5.5316e-05	0.13747	supercritical
213.69	522.00	355.89	0.0028099	262.67	409.34	1.7617	1.8967	3.2046	1161.7	-0.035817	5.4918e-05	0.13681	supercritical
214.69	522.00	354.90	0.0028177	265.46	412.55	1.7766	1.8956	3.2048	1157.6	-0.035564	5.4527e-05	0.13615	supercritical
215.69	522.00	353.92	0.0028255	268.26	415.75	1.7915	1.8945	3.2050	1153.5	-0.035309	5.4141e-05	0.13550	supercritical
216.69	522.00	352.94	0.0028334	271.05	418.96	1.8063	1.8935	3.2053	1149.5	-0.035052	5.3760e-05	0.13485	supercritical
217.69	522.00	351.95	0.0028413	273.85	422.16	1.8211	1.8925	3.2055	1145.5	-0.034793	5.3385e-05	0.13422	supercritical
218.69	522.00	350.97	0.0028492	276.64	425.37	1.8358	1.8915	3.2058	1141.5	-0.034533	5.3014e-05	0.13358	supercritical
219.69	522.00	349.99	0.0028572	279.43	428.57	1.8504	1.8905	3.2060	1137.5	-0.034272	5.2649e-05	0.13295	supercritical
220.69	522.00	349.01	0.0028652	282.21	431.78	1.8650	1.8896	3.2062	1133.6	-0.034008	5.2289e-05	0.13233	supercritical
221.69	522.00	348.03	0.0028733	285.00	434.99	1.8795	1.8887	3.2065	1129.7	-0.033744	5.1934e-05	0.13172	supercritical
222.69	522.00	347.05	0.0028814	287.78	438.19	1.8939	1.8878	3.2067	1125.8	-0.033478	5.1584e-05	0.13111	supercritical
223.69	522.00	346.08	0.0028895	290.57	441.40	1.9083	1.8870	3.2070	1121.9	-0.033210	5.1238e-05	0.13050	supercritical
224.69	522.00	345.10	0.0028977	293.35	444.61	1.9226	1.8862	3.2072	1118.1	-0.032941	5.0897e-05	0.12990	supercritical
225.69	522.00	344.12	0.0029059	296.12	447.81	1.9368	1.8854	3.2075	1114.3	-0.032670	5.0561e-05	0.12931	supercritical
226.69	522.00	343.15	0.0029142	298.90	451.02	1.9510	1.8847	3.2077	1110.5	-0.032399	5.0229e-05	0.12872	supercritical
227.69	522.00	342.18	0.0029225	301.68	454.23	1.9651	1.8840	3.2079	1106.7	-0.032126	4.9902e-05	0.12814	supercritical
228.69	522.00	341.20	0.0029308	304.45	457.44	1.9792	1.8833	3.2082	1103.0	-0.031851	4.9579e-05	0.12757	supercritical
229.69	522.00	340.23	0.0029392	307.22	460.65	1.9932	1.8827	3.2084	1099.3	-0.031576	4.9260e-05	0.12700	supercritical
230.69	522.00	339.26	0.0029476	309.99	463.85	2.0071	1.8821	3.2087	1095.6	-0.031299	4.8946e-05	0.12643	supercritical
231.69	522.00	338.29	0.0029560	312.76	467.06	2.0210	1.8815	3.2089	1092.0	-0.031021	4.8636e-05	0.12587	supercritical
232.69	522.00	337.33	0.0029645	315.53	470.27	2.0348	1.8810	3.2091	1088.3	-0.030742	4.8329e-05	0.12532	supercritical
233.69	522.00	336.36	0.0029730	318.29	473.48	2.0486	1.8804	3.2094	1084.7	-0.030462	4.8027e-05	0.12477	supercritical
234.69	522.00	335.39	0.0029816	321.05	476.69	2.0623	1.8800	3.2096	1081.2	-0.030180	4.7729e-05	0.12423	supercritical
235.69	522.00	334.43	0.0029902	323.81	479.90	2.0759	1.8795	3.2098	1077.6	-0.029898	4.7435e-05	0.12369	supercritical
236.69	522.00	333.47	0.0029988	326.57	483.11	2.0895	1.8791	3.2100	1074.1	-0.029615	4.7144e-05	0.12316	supercritical
237.69	522.00	332.51	0.0030075	329.33	486.32	2.1030	1.8787	3.2103	1070.6	-0.029331	4.6857e-05	0.12263	supercritical
238.69	522.00	331.54	0.0030162	332.09	489.53	2.1165	1.8783	3.2105	1067.1	-0.029046	4.6574e-05	0.12211	supercritical
239.69	522.00	330.59	0.0030249	334.84	492.74	2.1299	1.8780	3.2107	1063.7	-0.028760	4.6295e-05	0.12159	supercritical
240.69	522.00	329.63	0.0030337	337.59	495.95	2.1433	1.8777	3.2109	1060.3	-0.028473	4.6019e-05	0.12108	supercritical
241.69	522.00	328.67	0.0030425	340.34	499.16	2.1566	1.8775	3.2111	1056.9	-0.028186	4.5747e-05	0.12058	supercritical
242.69	522.00	327.72	0.0030514	343.09	502.37	2.1699	1.8772	3.2113	1053.5	-0.027897	4.5478e-05	0.12008	supercritical
243.69	522.00	326.76	0.0030603	345.84	505.59	2.1831	1.8770	3.2115	1050.2	-0.027608	4.5213e-05	0.11959	supercritical
244.69	522.00	325.81	0.0030692	348.58	508.80	2.1962	1.8768	3.2117	1046.9	-0.027319	4.4951e-05	0.11910	supercritical
245.69	522.00	324.86	0.0030782	351.33	512.01	2.2093	1.8767	3.2119	1043.6	-0.027029	4.4692e-05	0.11861	supercritical
246.69	522.00	323.91	0.0030872	354.07	515.22	2.2224	1.8766	3.2120	1040.3	-0.026738	4.4437e-05	0.11813	supercritical
247.69	522.00	322.97	0.0030963	356.81	518.43	2.2354	1.8765	3.2122	1037.1	-0.026447	4.4185e-05	0.11766	supercritical
248.69	522.00	322.02	0.0031054	359.54	521.65	2.2483	1.8765	3.2124	1033.9	-0.026155	4.3936e-05	0.11719	supercritical
249.69	522.00	321.08	0.0031145	362.28	524.86	2.2612	1.8764	3.2126	1030.7	-0.025863	4.3690e-05	0.11673	supercritical
250.69	522.00	320.14	0.0031237	365.02	528.07	2.2741	1.8764	3.2127	1027.6	-0.025571	4.3448e-05	0.11627	supercritical
251.69	522.00	319.20	0.0031329	367.75	531.28	2.2868	1.8765	3.2129	1024.5	-0.025278	4.3208e-05	0.11582	supercritical
252.69	522.00	318.26	0.0031421	370.48	534.50	2.2996	1.8765	3.2130	1021.4	-0.024985	4.2972e-05	0.11537	supercritical
253.69	522.00	317.32	0.0031514	373.21	537.71	2.3123	1.8766	3.2132	1018.3	-0.024692	4.2738e-05	0.11493	supercritical
254.69	522.00	316.39	0.0031607	375.93	540.92	2.3249	1.8768	3.2133	1015.2	-0.024398	4.2507e-05	0.11450	supercritical
255.69	522.00	315.45	0.0031700	378.66	544.14	2.3375	1.8769	3.2134	1012.2	-0.024105	4.2279e-05	0.11406	supercritical
256.69	522.00	314.52	0.0031794	381.38	547.35	2.3501	1.8771	3.2135	1009.2	-0.023811	4.2054e-05	0.11364	supercritical
257.69	522.00	313.59	0.0031889	384.10	550.56	2.3626	1.8773	3.2137	1006.3	-0.023517	4.1832e-05	0.11321	supercritical
258.69	522.00	312.66	0.0031983	386.82	553.78	2.3750	1.8776	3.2138	1003.3	-0.023223	4.1613e-05	0.11280	supercritical
259.69	522.00	311.74	0.0032078	389.54	556.99	2.3874	1.8778	3.2139	1000.4	-0.022930	4.1396e-05	0.11238	supercritical
260.69	522.00	310.81	0.0032173	392.26	560.20	2.3997	1.8782	3.2140	997.52	-0.022636	4.1182e-05	0.11198	supercritical
261.69	522.00	309.89	0.0032269	394.97	563.42	2.4121	1.8785	3.2141	994.66	-0.022343	4.0971e-05	0.11157	supercritical
262.69	522.00	308.97	0.0032365	397.69	566.63	2.4243	1.8788	3.2141	991.82	-0.022050	4.0762e-05	0.11118	supercritical
263.69	522.00	308.06	0.0032462	400.40	569.85	2.4365	1.8792	3.2142	989.01	-0.021757	4.0556e-05	0.11078	supercritical
264.69	522.00	307.14	0.0032558	403.11	573.06	2.4487	1.8796	3.2143	986.22	-0.021464	4.0352e-05	0.11040	supercritical
265.69	522.00	306.23	0.0032656	405.81	576.28	2.4608	1.8801	3.2143	983.46	-0.021172	4.0151e-05	0.11001	supercritical
266.69	522.00	305.32	0.0032753	408.52	579.49	2.4729	1.8806	3.2144	980.73	-0.020880	3.9952e-05	0.10963	supercritical
267.69	522.00	304.41	0.0032851	411.22	582.70	2.4849	1.8811	3.2144	978.02	-0.020588	3.9756e-05	0.10926	supercritical
268.69	522.00	303.50	0.0032949	413.93	585.92	2.4969	1.8816	3.2145	975.33	-0.020297	3.9562e-05	0.10889	supercritical
269.69	522.00	302.59	0.0033047	416.63	589.13	2.5088	1.8822	3.2145	972.67	-0.020006	3.9371e-05	0.10853	supercritical
270.69	522.00	301.69	0.0033146	419.32	592.35	2.5207	1.8827	3.2145	970.04	-0.019716	3.9181e-05	0.10817	supercritical
271.69	522.00	300.79	0.0033246	422.02	595.56	2.5326	1.8833	3.2146	967.43	-0.019427	3.8995e-05	0.10781	supercritical
272.69	522.00	299.89	0.0033345	424.72	598.78	2.5444	1.8840	3.2146	964.85	-0.019138	3.8810e-05	0.10746	supercritical
273.69	522.00	299.00	0.0033445	427.41	601.99	2.5562	1.8847	3.2146	962.29	-0.018850	3.8628e-05	0.10711	supercritical
274.69	522.00	298.11	0.0033545	430.10	605.21	2.5679	1.8853	3.2146	959.76	-0.018563	3.8448e-05	0.10677	supercritical
275.69	522.00	297.21	0.0033646	432.79	608.42	2.5796	1.8861	3.2146	957.25	-0.018276	3.8270e-05	0.10644	supercritical
276.69	522.00	296.33	0.0033747	435.48	611.64	2.5912	1.8868	3.2146	954.77	-0.017991	3.8095e-05	0.10610	supercritical
277.69	522.00	295.44	0.0033848	438.16	614.85	2.6028	1.8876	3.2146	952.31	-0.017706	3.7921e-05	0.10577	supercritical
278.69	522.00	294.56	0.0033949	440.85	618.06	2.6144	1.8884	3.2145	949.88	-0.017422	3.7750e-05	0.10545	supercritical
279.69	522.00	293.67	0.0034051	443.53	621.28	2.6259	1.8892	3.2145	947.47	-0.017139	3.7580e-05	0.10513	supercritical
280.69	522.00	292.80	0.0034154	446.21	624.49	2.6374	1.8901	3.2145	945.08	-0.016857	3.7413e-05	0.10482	supercritical
281.69	522.00	291.92	0.0034256	448.89	627.71	2.6488	1.8910	3.2144	942.72	-0.016576	3.7248e-05	0.10450	supercritical
282.69	522.00	291.05	0.0034359	451.57	630.92	2.6602	1.8919	3.2144	940.38	-0.016297	3.7085e-05	0.10420	supercritical
283.69	522.00	290.17	0.0034462	454.24	634.14	2.6715	1.8928	3.2143	938.07	-0.016018	3.6924e-05	0.10390	supercritical
284.69	522.00	289.31	0.0034566	456.92	637.35	2.6828	1.8937	3.2143	935.78	-0.015741	3.6764e-05	0.10360	supercritical
285.69	522.00	288.44	0.0034669	459.59	640.57	2.6941	1.8947	3.2142	933.52	-0.015465	3.6607e-05	0.10330	supercritical
286.69	522.00	287.58	0.0034773	462.26	643.78	2.7053	1.8957	3.2141	931.27	-0.015190	3.6452e-05	0.10301	supercritical
287.69	522.00	286.71	0.0034878	464.93	646.99	2.7165	1.8968	3.2141	929.06	-0.014916	3.6298e-05	0.10273	supercritical
288.69	522.00	285.86	0.0034983	467.60	650.21	2.7277	1.8978	3.2140	926.86	-0.014644	3.6147e-05	0.10244	supercritical
289.69	522.00	285.00	0.0035088	470.26	653.42	2.7388	1.8989	3.2139	924.69	-0.014373	3.5997e-05	0.10217	supercritical
290.69	522.00	284.15	0.0035193	472.93	656.64	2.7499	1.9000	3.2138	922.54	-0.014103	3.5849e-05	0.10189	supercritical
291.69	522.00	283.30	0.0035299	475.59	659.85	2.7609	1.9011	3.2137	920.42	-0.013835	3.5703e-05	0.10162	supercritical
292.69	522.00	282.45	0.0035405	478.25	663.06	2.7719	1.9023	3.2136	918.32	-0.013569	3.5559e-05	0.10136	supercritical
293.69	522.00	281.61	0.0035511	480.91	666.28	2.7829	1.9035	3.2135	916.24	-0.013304	3.5416e-05	0.10110	supercritical
294.69	522.00	280.76	0.0035617	483.57	669.49	2.7938	1.9047	3.2134	914.18	-0.013040	3.5275e-05	0.10084	supercritical
295.69	522.00	279.92	0.0035724	486.22	672.70	2.8047	1.9059	3.2133	912.15	-0.012778	3.5136e-05	0.10058	supercritical
296.69	522.00	279.09	0.0035831	488.88	675.92	2.8155	1.9072	3.2132	910.14	-0.012518	3.4999e-05	0.10033	supercritical
297.69	522.00	278.25	0.0035938	491.53	679.13	2.8263	1.9084	3.2130	908.15	-0.012259	3.4863e-05	0.10009	supercritical
298.69	522.00	277.42	0.0036046	494.18	682.34	2.8371	1.9097	3.2129	906.18	-0.012002	3.4729e-05	0.099844	supercritical
299.69	522.00	276.59	0.0036154	496.83	685.55	2.8478	1.9111	3.2128	904.24	-0.011747	3.4596e-05	0.099605	supercritical
300.69	522.00	275.77	0.0036262	499.48	688.77	2.8585	1.9124	3.2127	902.32	-0.011494	3.4465e-05	0.099370	supercritical
301.69	522.00	274.95	0.0036371	502.13	691.98	2.8692	1.9138	3.2125	900.42	-0.011242	3.4336e-05	0.099139	supercritical
302.69	522.00	274.13	0.0036479	504.77	695.19	2.8798	1.9152	3.2124	898.54	-0.010992	3.4208e-05	0.098911	supercritical
303.69	522.00	273.31	0.0036588	507.41	698.41	2.8904	1.9166	3.2123	896.68	-0.010744	3.4082e-05	0.098687	supercritical
304.69	522.00	272.50	0.0036698	510.06	701.62	2.9010	1.9180	3.2121	894.84	-0.010498	3.3958e-05	0.098466	supercritical
305.69	522.00	271.69	0.0036807	512.70	704.83	2.9115	1.9195	3.2120	893.03	-0.010254	3.3835e-05	0.098249	supercritical
306.69	522.00	270.88	0.0036917	515.34	708.04	2.9220	1.9210	3.2119	891.23	-0.010012	3.3713e-05	0.098035	supercritical
307.69	522.00	270.07	0.0037027	517.97	711.25	2.9325	1.9225	3.2117	889.46	-0.0097712	3.3593e-05	0.097825	supercritical
308.69	522.00	269.27	0.0037137	520.61	714.46	2.9429	1.9240	3.2116	887.71	-0.0095329	3.3475e-05	0.097619	supercritical
309.69	522.00	268.47	0.0037248	523.24	717.68	2.9533	1.9256	3.2114	885.98	-0.0092966	3.3357e-05	0.097416	supercritical
310.69	522.00	267.68	0.0037358	525.88	720.89	2.9636	1.9271	3.2113	884.26	-0.0090623	3.3242e-05	0.097216	supercritical
311.69	522.00	266.88	0.0037469	528.51	724.10	2.9739	1.9287	3.2111	882.57	-0.0088300	3.3127e-05	0.097020	supercritical
312.69	522.00	266.09	0.0037581	531.14	727.31	2.9842	1.9303	3.2110	880.90	-0.0085998	3.3015e-05	0.096827	supercritical
313.69	522.00	265.31	0.0037692	533.77	730.52	2.9945	1.9320	3.2109	879.25	-0.0083718	3.2903e-05	0.096637	supercritical
314.69	522.00	264.52	0.0037804	536.40	733.73	3.0047	1.9336	3.2107	877.62	-0.0081458	3.2793e-05	0.096451	supercritical
315.69	522.00	263.74	0.0037916	539.02	736.94	3.0149	1.9353	3.2106	876.01	-0.0079220	3.2684e-05	0.096268	supercritical
316.69	522.00	262.97	0.0038028	541.65	740.15	3.0250	1.9370	3.2104	874.42	-0.0077003	3.2577e-05	0.096088	supercritical
317.69	522.00	262.19	0.0038140	544.27	743.36	3.0352	1.9387	3.2103	872.85	-0.0074809	3.2471e-05	0.095912	supercritical
318.69	522.00	261.42	0.0038253	546.89	746.57	3.0453	1.9404	3.2102	871.29	-0.0072636	3.2366e-05	0.095738	supercritical
319.69	522.00	260.65	0.0038366	549.51	749.78	3.0553	1.9422	3.2100	869.76	-0.0070485	3.2262e-05	0.095568	supercritical
320.69	522.00	259.88	0.0038479	552.13	752.99	3.0653	1.9440	3.2099	868.25	-0.0068357	3.2160e-05	0.095401	supercritical
321.69	522.00	259.12	0.0038592	554.75	756.20	3.0753	1.9458	3.2098	866.75	-0.0066251	3.2059e-05	0.095237	supercritical
322.69	522.00	258.36	0.0038705	557.37	759.41	3.0853	1.9476	3.2096	865.27	-0.0064167	3.1960e-05	0.095076	supercritical
323.69	522.00	257.61	0.0038819	559.99	762.62	3.0952	1.9494	3.2095	863.82	-0.0062107	3.1861e-05	0.094918	supercritical
324.69	522.00	256.85	0.0038933	562.60	765.83	3.1051	1.9513	3.2094	862.38	-0.0060069	3.1764e-05	0.094764	supercritical
325.69	522.00	256.10	0.0039047	565.22	769.04	3.1150	1.9532	3.2093	860.95	-0.0058054	3.1668e-05	0.094612	supercritical
326.69	522.00	255.35	0.0039161	567.83	772.25	3.1248	1.9551	3.2091	859.55	-0.0056062	3.1573e-05	0.094463	supercritical
327.69	522.00	254.61	0.0039276	570.44	775.46	3.1346	1.9570	3.2090	858.16	-0.0054094	3.1479e-05	0.094317	supercritical
328.69	522.00	253.87	0.0039390	573.05	778.67	3.1444	1.9589	3.2089	856.80	-0.0052149	3.1387e-05	0.094174	supercritical
329.69	522.00	253.13	0.0039505	575.66	781.88	3.1542	1.9609	3.2088	855.45	-0.0050227	3.1296e-05	0.094034	supercritical
330.69	522.00	252.40	0.0039620	578.27	785.09	3.1639	1.9628	3.2087	854.11	-0.0048329	3.1205e-05	0.093896	supercritical
331.69	522.00	251.66	0.0039735	580.88	788.29	3.1736	1.9648	3.2086	852.80	-0.0046454	3.1116e-05	0.093762	supercritical
332.69	522.00	250.94	0.0039851	583.48	791.50	3.1832	1.9668	3.2085	851.50	-0.0044603	3.1028e-05	0.093630	supercritical
333.69	522.00	250.21	0.0039966	586.09	794.71	3.1929	1.9689	3.2085	850.22	-0.0042776	3.0941e-05	0.093502	supercritical
334.69	522.00	249.49	0.0040082	588.69	797.92	3.2025	1.9709	3.2084	848.95	-0.0040972	3.0856e-05	0.093375	supercritical
335.69	522.00	248.77	0.0040198	591.29	801.13	3.2120	1.9730	3.2083	847.70	-0.0039192	3.0771e-05	0.093252	supercritical
336.69	522.00	248.05	0.0040314	593.90	804.34	3.2216	1.9751	3.2082	846.47	-0.0037436	3.0687e-05	0.093131	supercritical
337.69	522.00	247.34	0.0040430	596.50	807.54	3.2311	1.9771	3.2082	845.26	-0.0035704	3.0605e-05	0.093013	supercritical
338.69	522.00	246.63	0.0040547	599.10	810.75	3.2406	1.9793	3.2081	844.06	-0.0033996	3.0523e-05	0.092898	supercritical
339.69	522.00	245.92	0.0040663	601.70	813.96	3.2500	1.9814	3.2081	842.88	-0.0032312	3.0443e-05	0.092785	supercritical
340.69	522.00	245.22	0.0040780	604.30	817.17	3.2595	1.9835	3.2081	841.71	-0.0030652	3.0363e-05	0.092675	supercritical
341.69	522.00	244.52	0.0040897	606.89	820.38	3.2689	1.9857	3.2080	840.56	-0.0029016	3.0285e-05	0.092568	supercritical
342.69	522.00	243.82	0.0041014	609.49	823.59	3.2782	1.9879	3.2080	839.43	-0.0027404	3.0207e-05	0.092463	supercritical
343.69	522.00	243.12	0.0041131	612.09	826.79	3.2876	1.9901	3.2080	838.31	-0.0025816	3.0131e-05	0.092360	supercritical
344.69	522.00	242.43	0.0041249	614.68	830.00	3.2969	1.9923	3.2080	837.20	-0.0024252	3.0055e-05	0.092260	supercritical
345.69	522.00	241.74	0.0041366	617.28	833.21	3.3062	1.9945	3.2080	836.11	-0.0022712	2.9981e-05	0.092163	supercritical
346.69	522.00	241.06	0.0041484	619.87	836.42	3.3155	1.9968	3.2080	835.04	-0.0021195	2.9907e-05	0.092068	supercritical
347.69	522.00	240.38	0.0041601	622.47	839.63	3.3247	1.9991	3.2080	833.98	-0.0019703	2.9834e-05	0.091975	supercritical
348.69	522.00	239.70	0.0041719	625.06	842.83	3.3339	2.0013	3.2080	832.94	-0.0018235	2.9763e-05	0.091885	supercritical
349.69	522.00	239.02	0.0041837	627.65	846.04	3.3431	2.0036	3.2081	831.91	-0.0016790	2.9692e-05	0.091797	supercritical
350.69	522.00	238.35	0.0041956	630.24	849.25	3.3523	2.0059	3.2081	830.89	-0.0015369	2.9622e-05	0.091712	supercritical
351.69	522.00	237.68	0.0042074	632.83	852.46	3.3614	2.0083	3.2082	829.89	-0.0013972	2.9553e-05	0.091629	supercritical
352.69	522.00	237.01	0.0042192	635.42	855.67	3.3705	2.0106	3.2082	828.91	-0.0012599	2.9485e-05	0.091548	supercritical
353.69	522.00	236.35	0.0042311	638.01	858.87	3.3796	2.0130	3.2083	827.94	-0.0011249	2.9417e-05	0.091469	supercritical
354.69	522.00	235.69	0.0042429	640.60	862.08	3.3887	2.0154	3.2084	826.98	-0.00099230	2.9351e-05	0.091393	supercritical
355.69	522.00	235.03	0.0042548	643.19	865.29	3.3977	2.0177	3.2085	826.04	-0.00086204	2.9285e-05	0.091319	supercritical
356.69	522.00	234.37	0.0042667	645.78	868.50	3.4067	2.0201	3.2086	825.11	-0.00073412	2.9221e-05	0.091248	supercritical
357.69	522.00	233.72	0.0042786	648.36	871.71	3.4157	2.0226	3.2087	824.19	-0.00060854	2.9157e-05	0.091178	supercritical
358.69	522.00	233.07	0.0042905	650.95	874.92	3.4246	2.0250	3.2088	823.29	-0.00048529	2.9094e-05	0.091111	supercritical
359.69	522.00	232.43	0.0043025	653.54	878.13	3.4336	2.0274	3.2090	822.40	-0.00036435	2.9032e-05	0.091046	supercritical
360.69	522.00	231.78	0.0043144	656.12	881.33	3.4425	2.0299	3.2091	821.52	-0.00024573	2.8970e-05	0.090983	supercritical
361.69	522.00	231.14	0.0043263	658.71	884.54	3.4514	2.0324	3.2093	820.65	-0.00012940	2.8910e-05	0.090922	supercritical
362.69	522.00	230.51	0.0043383	661.29	887.75	3.4602	2.0349	3.2095	819.80	-1.5363e-05	2.8850e-05	0.090864	supercritical
363.69	522.00	229.87	0.0043503	663.88	890.96	3.4691	2.0374	3.2096	818.97	9.6396e-05	2.8791e-05	0.090807	supercritical
364.69	522.00	229.24	0.0043622	666.46	894.17	3.4779	2.0399	3.2098	818.14	0.00020589	2.8732e-05	0.090752	supercritical
365.69	522.00	228.61	0.0043742	669.05	897.38	3.4867	2.0424	3.2100	817.33	0.00031312	2.8675e-05	0.090700	supercritical
366.69	522.00	227.99	0.0043862	671.63	900.59	3.4954	2.0450	3.2103	816.53	0.00041811	2.8618e-05	0.090650	supercritical
367.69	522.00	227.37	0.0043982	674.22	903.80	3.5042	2.0475	3.2105	815.74	0.00052087	2.8562e-05	0.090601	supercritical
368.69	522.00	226.75	0.0044102	676.80	907.01	3.5129	2.0501	3.2107	814.96	0.00062140	2.8507e-05	0.090555	supercritical
369.69	522.00	226.13	0.0044222	679.38	910.22	3.5216	2.0527	3.2110	814.20	0.00071973	2.8452e-05	0.090510	supercritical
370.69	522.00	225.52	0.0044343	681.97	913.44	3.5303	2.0553	3.2113	813.44	0.00081586	2.8399e-05	0.090468	supercritical
371.69	522.00	224.91	0.0044463	684.55	916.65	3.5389	2.0579	3.2115	812.70	0.00090982	2.8346e-05	0.090427	supercritical
372.69	522.00	224.30	0.0044583	687.13	919.86	3.5475	2.0605	3.2118	811.97	0.0010016	2.8293e-05	0.090389	supercritical
373.69	522.00	223.69	0.0044704	689.72	923.07	3.5562	2.0631	3.2121	811.26	0.0010912	2.8242e-05	0.090352	supercritical
374.69	522.00	223.09	0.0044825	692.30	926.28	3.5647	2.0658	3.2125	810.55	0.0011787	2.8191e-05	0.090317	supercritical
375.69	522.00	222.49	0.0044945	694.88	929.50	3.5733	2.0685	3.2128	809.86	0.0012641	2.8140e-05	0.090284	supercritical
376.69	522.00	221.90	0.0045066	697.46	932.71	3.5818	2.0711	3.2131	809.17	0.0013473	2.8091e-05	0.090253	supercritical
377.69	522.00	221.30	0.0045187	700.05	935.92	3.5904	2.0738	3.2135	808.50	0.0014285	2.8042e-05	0.090224	supercritical
378.69	522.00	220.71	0.0045308	702.63	939.14	3.5989	2.0765	3.2139	807.84	0.0015076	2.7993e-05	0.090196	supercritical
379.69	522.00	220.13	0.0045429	705.21	942.35	3.6073	2.0792	3.2143	807.19	0.0015846	2.7946e-05	0.090171	supercritical
380.69	522.00	219.54	0.0045550	707.79	945.56	3.6158	2.0819	3.2147	806.55	0.0016596	2.7899e-05	0.090147	supercritical
381.69	522.00	218.96	0.0045671	710.38	948.78	3.6242	2.0847	3.2151	805.92	0.0017325	2.7853e-05	0.090125	supercritical
382.69	522.00	218.38	0.0045792	712.96	951.99	3.6326	2.0874	3.2155	805.30	0.0018034	2.7807e-05	0.090104	supercritical
383.69	522.00	217.80	0.0045913	715.54	955.21	3.6410	2.0902	3.2160	804.69	0.0018723	2.7762e-05	0.090086	supercritical
384.69	522.00	217.23	0.0046034	718.13	958.43	3.6494	2.0929	3.2164	804.09	0.0019393	2.7717e-05	0.090069	supercritical
385.69	522.00	216.66	0.0046156	720.71	961.64	3.6577	2.0957	3.2169	803.50	0.0020042	2.7673e-05	0.090054	supercritical
386.69	522.00	216.09	0.0046277	723.29	964.86	3.6661	2.0985	3.2174	802.92	0.0020673	2.7630e-05	0.090040	supercritical
387.69	522.00	215.52	0.0046399	725.88	968.08	3.6744	2.1013	3.2179	802.35	0.0021283	2.7587e-05	0.090029	supercritical
388.69	522.00	214.96	0.0046520	728.46	971.30	3.6827	2.1041	3.2184	801.79	0.0021875	2.7545e-05	0.090018	supercritical
389.69	522.00	214.40	0.0046641	731.05	974.51	3.6909	2.1069	3.2189	801.24	0.0022448	2.7504e-05	0.090010	supercritical
390.69	522.00	213.84	0.0046763	733.63	977.73	3.6992	2.1097	3.2194	800.70	0.0023002	2.7463e-05	0.090003	supercritical
391.69	522.00	213.29	0.0046885	736.22	980.95	3.7074	2.1126	3.2200	800.17	0.0023537	2.7423e-05	0.089998	supercritical
392.69	522.00	212.74	0.0047006	738.80	984.17	3.7156	2.1154	3.2206	799.65	0.0024054	2.7383e-05	0.089994	supercritical
393.69	522.00	212.19	0.0047128	741.39	987.39	3.7238	2.1183	3.2212	799.14	0.0024552	2.7344e-05	0.089992	supercritical
394.69	522.00	211.64	0.0047250	743.97	990.62	3.7320	2.1212	3.2218	798.64	0.0025032	2.7305e-05	0.089992	supercritical
395.69	522.00	211.10	0.0047372	746.56	993.84	3.7402	2.1241	3.2224	798.14	0.0025495	2.7267e-05	0.089993	supercritical
396.69	522.00	210.56	0.0047493	749.15	997.06	3.7483	2.1269	3.2230	797.66	0.0025939	2.7229e-05	0.089995	supercritical
397.69	522.00	210.02	0.0047615	751.73	1000.3	3.7564	2.1298	3.2236	797.18	0.0026366	2.7192e-05	0.090000	supercritical
398.69	522.00	209.48	0.0047737	754.32	1003.5	3.7645	2.1328	3.2243	796.71	0.0026776	2.7156e-05	0.090005	supercritical
399.69	522.00	208.95	0.0047859	756.91	1006.7	3.7726	2.1357	3.2250	796.25	0.0027169	2.7120e-05	0.090013	supercritical
400.69	522.00	208.42	0.0047981	759.50	1010.0	3.7806	2.1386	3.2257	795.80	0.0027544	2.7084e-05	0.090021	supercritical
401.69	522.00	207.89	0.0048103	762.09	1013.2	3.7887	2.1415	3.2264	795.36	0.0027903	2.7050e-05	0.090031	supercritical
402.69	522.00	207.36	0.0048225	764.68	1016.4	3.7967	2.1445	3.2271	794.93	0.0028244	2.7015e-05	0.090043	supercritical
403.69	522.00	206.84	0.0048347	767.27	1019.6	3.8047	2.1474	3.2278	794.50	0.0028570	2.6981e-05	0.090056	supercritical
404.69	522.00	206.32	0.0048469	769.86	1022.9	3.8127	2.1504	3.2286	794.09	0.0028879	2.6948e-05	0.090071	supercritical
405.69	522.00	205.80	0.0048591	772.45	1026.1	3.8207	2.1534	3.2293	793.68	0.0029172	2.6915e-05	0.090087	supercritical
406.69	522.00	205.28	0.0048713	775.04	1029.3	3.8286	2.1564	3.2301	793.28	0.0029449	2.6882e-05	0.090104	supercritical
407.69	522.00	204.77	0.0048835	777.63	1032.6	3.8365	2.1594	3.2309	792.89	0.0029710	2.6850e-05	0.090123	supercritical
408.69	522.00	204.26	0.0048957	780.23	1035.8	3.8445	2.1624	3.2317	792.50	0.0029956	2.6819e-05	0.090143	supercritical
409.69	522.00	203.75	0.0049080	782.82	1039.0	3.8524	2.1654	3.2325	792.12	0.0030186	2.6788e-05	0.090164	supercritical
410.69	522.00	203.24	0.0049202	785.42	1042.3	3.8602	2.1684	3.2333	791.75	0.0030401	2.6757e-05	0.090187	supercritical
411.69	522.00	202.74	0.0049324	788.01	1045.5	3.8681	2.1714	3.2342	791.39	0.0030601	2.6727e-05	0.090212	supercritical
412.69	522.00	202.24	0.0049446	790.61	1048.7	3.8760	2.1745	3.2351	791.04	0.0030786	2.6697e-05	0.090237	supercritical
413.69	522.00	201.74	0.0049568	793.21	1052.0	3.8838	2.1775	3.2359	790.69	0.0030957	2.6668e-05	0.090264	supercritical
414.69	522.00	201.24	0.0049691	795.81	1055.2	3.8916	2.1805	3.2368	790.35	0.0031113	2.6639e-05	0.090292	supercritical
415.69	522.00	200.75	0.0049813	798.41	1058.4	3.8994	2.1836	3.2377	790.02	0.0031254	2.6611e-05	0.090322	supercritical
416.69	522.00	200.26	0.0049935	801.01	1061.7	3.9072	2.1867	3.2387	789.69	0.0031382	2.6583e-05	0.090353	supercritical
417.69	522.00	199.77	0.0050058	803.61	1064.9	3.9149	2.1897	3.2396	789.37	0.0031495	2.6556e-05	0.090385	supercritical
418.69	522.00	199.28	0.0050180	806.21	1068.1	3.9227	2.1928	3.2406	789.06	0.0031595	2.6528e-05	0.090418	supercritical
419.69	522.00	198.80	0.0050302	808.81	1071.4	3.9304	2.1959	3.2415	788.76	0.0031682	2.6502e-05	0.090453	supercritical
420.69	522.00	198.32	0.0050424	811.41	1074.6	3.9381	2.1990	3.2425	788.46	0.0031754	2.6476e-05	0.090489	supercritical
421.69	522.00	197.84	0.0050547	814.02	1077.9	3.9458	2.2021	3.2435	788.17	0.0031814	2.6450e-05	0.090526	supercritical
422.69	522.00	197.36	0.0050669	816.62	1081.1	3.9535	2.2052	3.2445	787.89	0.0031860	2.6424e-05	0.090565	supercritical
423.69	522.00	196.88	0.0050791	819.23	1084.4	3.9612	2.2083	3.2455	787.61	0.0031894	2.6399e-05	0.090604	supercritical
424.69	522.00	196.41	0.0050914	821.84	1087.6	3.9688	2.2115	3.2466	787.34	0.0031915	2.6375e-05	0.090645	supercritical
425.69	522.00	195.94	0.0051036	824.45	1090.9	3.9765	2.2146	3.2476	787.07	0.0031923	2.6351e-05	0.090688	supercritical
426.69	522.00	195.47	0.0051158	827.06	1094.1	3.9841	2.2177	3.2487	786.81	0.0031919	2.6327e-05	0.090731	supercritical
427.69	522.00	195.01	0.0051281	829.67	1097.4	3.9917	2.2209	3.2498	786.56	0.0031903	2.6303e-05	0.090775	supercritical
428.69	522.00	194.54	0.0051403	832.28	1100.6	3.9993	2.2240	3.2509	786.32	0.0031874	2.6280e-05	0.090821	supercritical
429.69	522.00	194.08	0.0051525	834.89	1103.9	4.0069	2.2272	3.2520	786.08	0.0031834	2.6257e-05	0.090868	supercritical
430.69	522.00	193.62	0.0051648	837.51	1107.1	4.0144	2.2303	3.2531	785.84	0.0031782	2.6235e-05	0.090916	supercritical
431.69	522.00	193.16	0.0051770	840.12	1110.4	4.0220	2.2335	3.2543	785.62	0.0031719	2.6213e-05	0.090965	supercritical
432.69	522.00	192.71	0.0051892	842.74	1113.6	4.0295	2.2367	3.2554	785.39	0.0031644	2.6192e-05	0.091015	supercritical
433.69	522.00	192.25	0.0052015	845.36	1116.9	4.0370	2.2399	3.2566	785.18	0.0031558	2.6170e-05	0.091067	supercritical
434.69	522.00	191.80	0.0052137	847.97	1120.1	4.0445	2.2431	3.2578	784.97	0.0031461	2.6150e-05	0.091119	supercritical
435.69	522.00	191.35	0.0052259	850.59	1123.4	4.0520	2.2463	3.2590	784.76	0.0031353	2.6129e-05	0.091173	supercritical
436.69	522.00	190.91	0.0052381	853.22	1126.6	4.0595	2.2495	3.2602	784.57	0.0031235	2.6109e-05	0.091228	supercritical
437.69	522.00	190.46	0.0052504	855.84	1129.9	4.0669	2.2527	3.2614	784.37	0.0031105	2.6089e-05	0.091283	supercritical
438.69	522.00	190.02	0.0052626	858.46	1133.2	4.0744	2.2559	3.2627	784.19	0.0030966	2.6070e-05	0.091340	supercritical
439.69	522.00	189.58	0.0052748	861.09	1136.4	4.0818	2.2591	3.2639	784.00	0.0030816	2.6050e-05	0.091398	supercritical
440.69	522.00	189.14	0.0052871	863.71	1139.7	4.0892	2.2623	3.2652	783.83	0.0030656	2.6032e-05	0.091457	supercritical
441.69	522.00	188.71	0.0052993	866.34	1143.0	4.0966	2.2655	3.2665	783.66	0.0030486	2.6013e-05	0.091518	supercritical
442.69	522.00	188.27	0.0053115	868.97	1146.2	4.1040	2.2688	3.2678	783.49	0.0030307	2.5995e-05	0.091579	supercritical
443.69	522.00	187.84	0.0053237	871.60	1149.5	4.1114	2.2720	3.2691	783.33	0.0030118	2.5977e-05	0.091641	supercritical
444.69	522.00	187.41	0.0053359	874.23	1152.8	4.1188	2.2753	3.2704	783.18	0.0029919	2.5960e-05	0.091704	supercritical
445.69	522.00	186.98	0.0053482	876.87	1156.0	4.1261	2.2785	3.2717	783.03	0.0029711	2.5942e-05	0.091769	supercritical
446.69	522.00	186.55	0.0053604	879.50	1159.3	4.1334	2.2818	3.2731	782.88	0.0029494	2.5926e-05	0.091834	supercritical
447.69	522.00	186.13	0.0053726	882.14	1162.6	4.1408	2.2850	3.2744	782.74	0.0029268	2.5909e-05	0.091900	supercritical
448.69	522.00	185.71	0.0053848	884.77	1165.9	4.1481	2.2883	3.2758	782.61	0.0029033	2.5893e-05	0.091968	supercritical
449.69	522.00	185.29	0.0053970	887.41	1169.1	4.1554	2.2916	3.2772	782.48	0.0028789	2.5877e-05	0.092036	supercritical
450.69	522.00	184.87	0.0054092	890.05	1172.4	4.1626	2.2948	3.2786	782.35	0.0028537	2.5861e-05	0.092105	supercritical
451.69	522.00	184.45	0.0054214	892.70	1175.7	4.1699	2.2981	3.2800	782.23	0.0028276	2.5846e-05	0.092176	supercritical
452.69	522.00	184.04	0.0054336	895.34	1179.0	4.1772	2.3014	3.2814	782.12	0.0028007	2.5831e-05	0.092247	supercritical
453.69	522.00	183.63	0.0054458	897.98	1182.3	4.1844	2.3047	3.2829	782.01	0.0027730	2.5816e-05	0.092319	supercritical
454.69	522.00	183.22	0.0054580	900.63	1185.5	4.1916	2.3080	3.2843	781.90	0.0027444	2.5801e-05	0.092392	supercritical
455.69	522.00	182.81	0.0054702	903.28	1188.8	4.1989	2.3113	3.2858	781.80	0.0027151	2.5787e-05	0.092466	supercritical
456.69	522.00	182.40	0.0054824	905.93	1192.1	4.2061	2.3146	3.2873	781.70	0.0026850	2.5773e-05	0.092542	supercritical
457.69	522.00	182.00	0.0054946	908.58	1195.4	4.2133	2.3179	3.2888	781.61	0.0026542	2.5760e-05	0.092618	supercritical
458.69	522.00	181.59	0.0055068	911.23	1198.7	4.2204	2.3212	3.2903	781.52	0.0026226	2.5746e-05	0.092695	supercritical
459.69	522.00	181.19	0.0055190	913.89	1202.0	4.2276	2.3245	3.2918	781.44	0.0025902	2.5733e-05	0.092772	supercritical
460.69	522.00	180.79	0.0055312	916.54	1205.3	4.2348	2.3278	3.2933	781.36	0.0025572	2.5720e-05	0.092851	supercritical
461.69	522.00	180.39	0.0055434	919.20	1208.6	4.2419	2.3312	3.2948	781.28	0.0025234	2.5708e-05	0.092931	supercritical
462.69	522.00	180.00	0.0055556	921.86	1211.9	4.2490	2.3345	3.2964	781.21	0.0024889	2.5695e-05	0.093012	supercritical
463.69	522.00	179.60	0.0055678	924.52	1215.2	4.2561	2.3378	3.2980	781.14	0.0024538	2.5683e-05	0.093093	supercritical
464.69	522.00	179.21	0.0055800	927.18	1218.5	4.2633	2.3412	3.2995	781.08	0.0024180	2.5672e-05	0.093176	supercritical
465.69	522.00	178.82	0.0055921	929.85	1221.8	4.2703	2.3445	3.3011	781.02	0.0023815	2.5660e-05	0.093259	supercritical
466.69	522.00	178.43	0.0056043	932.52	1225.1	4.2774	2.3479	3.3027	780.97	0.0023444	2.5649e-05	0.093343	supercritical
467.69	522.00	178.05	0.0056165	935.18	1228.4	4.2845	2.3512	3.3043	780.92	0.0023066	2.5638e-05	0.093428	supercritical
468.69	522.00	177.66	0.0056287	937.85	1231.7	4.2916	2.3546	3.3060	780.87	0.0022682	2.5627e-05	0.093514	supercritical
469.69	522.00	177.28	0.0056408	940.53	1235.0	4.2986	2.3579	3.3076	780.83	0.0022292	2.5617e-05	0.093601	supercritical
470.69	522.00	176.90	0.0056530	943.20	1238.3	4.3056	2.3613	3.3093	780.79	0.0021896	2.5606e-05	0.093688	supercritical
471.69	522.00	176.52	0.0056652	945.87	1241.6	4.3127	2.3646	3.3109	780.75	0.0021495	2.5596e-05	0.093777	supercritical
472.69	522.00	176.14	0.0056773	948.55	1244.9	4.3197	2.3680	3.3126	780.72	0.0021087	2.5587e-05	0.093866	supercritical
473.69	522.00	175.76	0.0056895	951.23	1248.2	4.3267	2.3714	3.3143	780.69	0.0020674	2.5577e-05	0.093956	supercritical
474.69	522.00	175.39	0.0057016	953.91	1251.5	4.3337	2.3747	3.3160	780.67	0.0020255	2.5568e-05	0.094047	supercritical
475.69	522.00	175.02	0.0057138	956.59	1254.9	4.3407	2.3781	3.3177	780.65	0.0019831	2.5559e-05	0.094139	supercritical
476.69	522.00	174.64	0.0057259	959.28	1258.2	4.3476	2.3815	3.3194	780.63	0.0019401	2.5550e-05	0.094231	supercritical
477.69	522.00	174.27	0.0057381	961.96	1261.5	4.3546	2.3849	3.3211	780.62	0.0018966	2.5541e-05	0.094325	supercritical
478.69	522.00	173.91	0.0057502	964.65	1264.8	4.3615	2.3882	3.3229	780.61	0.0018526	2.5533e-05	0.094419	supercritical
479.69	522.00	173.54	0.0057624	967.34	1268.1	4.3685	2.3916	3.3246	780.61	0.0018081	2.5524e-05	0.094514	supercritical
480.69	522.00	173.18	0.0057745	970.03	1271.5	4.3754	2.3950	3.3264	780.60	0.0017632	2.5516e-05	0.094610	supercritical
481.69	522.00	172.81	0.0057866	972.73	1274.8	4.3823	2.3984	3.3281	780.60	0.0017177	2.5509e-05	0.094706	supercritical
482.69	522.00	172.45	0.0057988	975.42	1278.1	4.3892	2.4018	3.3299	780.61	0.0016718	2.5501e-05	0.094804	supercritical
483.69	522.00	172.09	0.0058109	978.12	1281.4	4.3961	2.4052	3.3317	780.62	0.0016254	2.5494e-05	0.094902	supercritical
484.69	522.00	171.73	0.0058230	980.82	1284.8	4.4030	2.4086	3.3335	780.63	0.0015785	2.5487e-05	0.095001	supercritical
485.69	522.00	171.38	0.0058351	983.52	1288.1	4.4099	2.4120	3.3353	780.64	0.0015313	2.5480e-05	0.095100	supercritical
486.69	522.00	171.02	0.0058472	986.23	1291.5	4.4167	2.4154	3.3372	780.66	0.0014835	2.5473e-05	0.095201	supercritical
487.69	522.00	170.67	0.0058594	988.93	1294.8	4.4236	2.4188	3.3390	780.68	0.0014354	2.5467e-05	0.095302	supercritical
488.69	522.00	170.32	0.0058715	991.64	1298.1	4.4304	2.4222	3.3408	780.70	0.0013868	2.5460e-05	0.095404	supercritical
489.69	522.00	169.96	0.0058836	994.35	1301.5	4.4372	2.4257	3.3427	780.73	0.0013379	2.5454e-05	0.095507	supercritical
490.69	522.00	169.62	0.0058957	997.06	1304.8	4.4441	2.4291	3.3446	780.76	0.0012885	2.5448e-05	0.095610	supercritical
491.69	522.00	169.27	0.0059078	999.78	1308.2	4.4509	2.4325	3.3464	780.79	0.0012388	2.5443e-05	0.095714	supercritical
492.69	522.00	168.92	0.0059199	1002.5	1311.5	4.4577	2.4359	3.3483	780.83	0.0011887	2.5437e-05	0.095819	supercritical
493.69	522.00	168.58	0.0059320	1005.2	1314.9	4.4645	2.4393	3.3502	780.87	0.0011382	2.5432e-05	0.095924	supercritical
494.69	522.00	168.24	0.0059441	1007.9	1318.2	4.4712	2.4428	3.3521	780.91	0.0010874	2.5427e-05	0.096031	supercritical
495.69	522.00	167.89	0.0059561	1010.7	1321.6	4.4780	2.4462	3.3540	780.95	0.0010362	2.5422e-05	0.096138	supercritical
496.69	522.00	167.55	0.0059682	1013.4	1324.9	4.4848	2.4496	3.3560	781.00	0.00098466	2.5417e-05	0.096245	supercritical
497.69	522.00	167.22	0.0059803	1016.1	1328.3	4.4915	2.4531	3.3579	781.05	0.00093280	2.5412e-05	0.096354	supercritical
498.69	522.00	166.88	0.0059924	1018.8	1331.6	4.4983	2.4565	3.3598	781.10	0.00088061	2.5408e-05	0.096463	supercritical
499.69	522.00	166.54	0.0060045	1021.6	1335.0	4.5050	2.4599	3.3618	781.16	0.00082810	2.5404e-05	0.096573	supercritical
500.69	522.00	166.21	0.0060165	1024.3	1338.4	4.5117	2.4634	3.3638	781.22	0.00077528	2.5400e-05	0.096683	supercritical
501.69	522.00	165.88	0.0060286	1027.0	1341.7	4.5184	2.4668	3.3657	781.28	0.00072215	2.5396e-05	0.096794	supercritical
502.69	522.00	165.54	0.0060407	1029.8	1345.1	4.5251	2.4702	3.3677	781.35	0.00066874	2.5392e-05	0.096906	supercritical
503.69	522.00	165.21	0.0060527	1032.5	1348.5	4.5318	2.4737	3.3697	781.41	0.00061503	2.5389e-05	0.097019	supercritical
504.69	522.00	164.89	0.0060648	1035.2	1351.8	4.5385	2.4771	3.3717	781.48	0.00056105	2.5385e-05	0.097132	supercritical
505.69	522.00	164.56	0.0060768	1038.0	1355.2	4.5452	2.4806	3.3737	781.55	0.00050679	2.5382e-05	0.097246	supercritical
506.69	522.00	164.23	0.0060889	1040.7	1358.6	4.5519	2.4840	3.3757	781.63	0.00045227	2.5379e-05	0.097360	supercritical
507.69	522.00	163.91	0.0061009	1043.5	1362.0	4.5585	2.4875	3.3778	781.71	0.00039749	2.5376e-05	0.097475	supercritical
508.69	522.00	163.59	0.0061130	1046.2	1365.3	4.5652	2.4909	3.3798	781.79	0.00034247	2.5374e-05	0.097591	supercritical
509.69	522.00	163.27	0.0061250	1049.0	1368.7	4.5718	2.4944	3.3818	781.87	0.00028719	2.5371e-05	0.097708	supercritical
510.69	522.00	162.94	0.0061370	1051.7	1372.1	4.5784	2.4978	3.3839	781.95	0.00023168	2.5369e-05	0.097825	supercritical
511.69	522.00	162.63	0.0061491	1054.5	1375.5	4.5851	2.5013	3.3859	782.04	0.00017594	2.5367e-05	0.097943	supercritical
512.69	522.00	162.31	0.0061611	1057.3	1378.9	4.5917	2.5047	3.3880	782.13	0.00011998	2.5365e-05	0.098061	supercritical
513.69	522.00	161.99	0.0061731	1060.0	1382.3	4.5983	2.5082	3.3901	782.22	6.3802e-05	2.5363e-05	0.098180	supercritical
514.69	522.00	161.68	0.0061851	1062.8	1385.6	4.6049	2.5117	3.3922	782.32	7.4125e-06	2.5361e-05	0.098300	supercritical
515.69	522.00	161.36	0.0061972	1065.5	1389.0	4.6115	2.5151	3.3943	782.41	-4.9181e-05	2.5360e-05	0.098420	supercritical
516.69	522.00	161.05	0.0062092	1068.3	1392.4	4.6180	2.5186	3.3964	782.51	-0.00010597	2.5358e-05	0.098541	supercritical
517.69	522.00	160.74	0.0062212	1071.1	1395.8	4.6246	2.5221	3.3985	782.61	-0.00016296	2.5357e-05	0.098662	supercritical
518.69	522.00	160.43	0.0062332	1073.9	1399.2	4.6312	2.5255	3.4006	782.72	-0.00022012	2.5356e-05	0.098784	supercritical
519.69	522.00	160.12	0.0062452	1076.6	1402.6	4.6377	2.5290	3.4027	782.82	-0.00027747	2.5355e-05	0.098907	supercritical
520.69	522.00	159.82	0.0062572	1079.4	1406.0	4.6443	2.5325	3.4049	782.93	-0.00033499	2.5354e-05	0.099030	supercritical
521.69	522.00	159.51	0.0062692	1082.2	1409.4	4.6508	2.5359	3.4070	783.04	-0.00039268	2.5354e-05	0.099154	supercritical
522.69	522.00	159.21	0.0062812	1085.0	1412.9	4.6573	2.5394	3.4092	783.16	-0.00045053	2.5353e-05	0.099279	supercritical
523.69	522.00	158.90	0.0062931	1087.8	1416.3	4.6638	2.5429	3.4113	783.27	-0.00050854	2.5353e-05	0.099404	supercritical
524.69	522.00	158.60	0.0063051	1090.5	1419.7	4.6704	2.5463	3.4135	783.39	-0.00056670	2.5353e-05	0.099529	supercritical
525.69	522.00	158.30	0.0063171	1093.3	1423.1	4.6769	2.5498	3.4157	783.51	-0.00062500	2.5352e-05	0.099656	supercritical
526.69	522.00	158.00	0.0063291	1096.1	1426.5	4.6834	2.5533	3.4178	783.63	-0.00068344	2.5352e-05	0.099782	supercritical
527.69	522.00	157.70	0.0063411	1098.9	1429.9	4.6898	2.5568	3.4200	783.75	-0.00074202	2.5353e-05	0.099910	supercritical
528.69	522.00	157.41	0.0063530	1101.7	1433.3	4.6963	2.5602	3.4222	783.87	-0.00080072	2.5353e-05	0.10004	supercritical
529.69	522.00	157.11	0.0063650	1104.5	1436.8	4.7028	2.5637	3.4244	784.00	-0.00085955	2.5353e-05	0.10017	supercritical
530.69	522.00	156.82	0.0063769	1107.3	1440.2	4.7092	2.5672	3.4266	784.13	-0.00091850	2.5354e-05	0.10030	supercritical
531.69	522.00	156.52	0.0063889	1110.1	1443.6	4.7157	2.5707	3.4288	784.26	-0.00097757	2.5355e-05	0.10043	supercritical
532.69	522.00	156.23	0.0064008	1112.9	1447.1	4.7221	2.5741	3.4311	784.39	-0.0010367	2.5356e-05	0.10056	supercritical
533.69	522.00	155.94	0.0064128	1115.7	1450.5	4.7286	2.5776	3.4333	784.53	-0.0010960	2.5357e-05	0.10069	supercritical
534.69	522.00	155.65	0.0064247	1118.5	1453.9	4.7350	2.5811	3.4355	784.66	-0.0011554	2.5358e-05	0.10082	supercritical
535.69	522.00	155.36	0.0064367	1121.4	1457.4	4.7414	2.5846	3.4378	784.80	-0.0012149	2.5359e-05	0.10095	supercritical
536.69	522.00	155.07	0.0064486	1124.2	1460.8	4.7478	2.5880	3.4400	784.94	-0.0012744	2.5360e-05	0.10108	supercritical
537.69	522.00	154.79	0.0064605	1127.0	1464.2	4.7542	2.5915	3.4423	785.09	-0.0013341	2.5362e-05	0.10121	supercritical
538.69	522.00	154.50	0.0064725	1129.8	1467.7	4.7606	2.5950	3.4446	785.23	-0.0013938	2.5364e-05	0.10135	supercritical
539.69	522.00	154.22	0.0064844	1132.6	1471.1	4.7670	2.5985	3.4468	785.37	-0.0014536	2.5365e-05	0.10148	supercritical
540.69	522.00	153.93	0.0064963	1135.5	1474.6	4.7734	2.6020	3.4491	785.52	-0.0015135	2.5367e-05	0.10162	supercritical
541.69	522.00	153.65	0.0065082	1138.3	1478.0	4.7798	2.6055	3.4514	785.67	-0.0015734	2.5369e-05	0.10175	supercritical
542.69	522.00	153.37	0.0065201	1141.1	1481.5	4.7862	2.6089	3.4537	785.82	-0.0016334	2.5371e-05	0.10189	supercritical
543.69	522.00	153.09	0.0065321	1144.0	1484.9	4.7925	2.6124	3.4560	785.98	-0.0016935	2.5373e-05	0.10202	supercritical
544.69	522.00	152.81	0.0065440	1146.8	1488.4	4.7989	2.6159	3.4583	786.13	-0.0017536	2.5376e-05	0.10216	supercritical
545.69	522.00	152.54	0.0065559	1149.6	1491.8	4.8052	2.6194	3.4606	786.29	-0.0018138	2.5378e-05	0.10230	supercritical
546.69	522.00	152.26	0.0065678	1152.5	1495.3	4.8116	2.6229	3.4629	786.44	-0.0018740	2.5381e-05	0.10243	supercritical
547.69	522.00	151.98	0.0065796	1155.3	1498.8	4.8179	2.6264	3.4652	786.60	-0.0019343	2.5383e-05	0.10257	supercritical
548.69	522.00	151.71	0.0065915	1158.2	1502.2	4.8242	2.6298	3.4676	786.76	-0.0019946	2.5386e-05	0.10271	supercritical
549.69	522.00	151.44	0.0066034	1161.0	1505.7	4.8305	2.6333	3.4699	786.93	-0.0020549	2.5389e-05	0.10285	supercritical
550.69	522.00	151.16	0.0066153	1163.9	1509.2	4.8368	2.6368	3.4722	787.09	-0.0021153	2.5392e-05	0.10299	supercritical
551.69	522.00	150.89	0.0066272	1166.7	1512.7	4.8431	2.6403	3.4746	787.26	-0.0021757	2.5395e-05	0.10313	supercritical
552.69	522.00	150.62	0.0066391	1169.6	1516.1	4.8494	2.6438	3.4769	787.42	-0.0022362	2.5399e-05	0.10327	supercritical
553.69	522.00	150.36	0.0066509	1172.4	1519.6	4.8557	2.6473	3.4793	787.59	-0.0022966	2.5402e-05	0.10341	supercritical
554.69	522.00	150.09	0.0066628	1175.3	1523.1	4.8620	2.6507	3.4817	787.76	-0.0023571	2.5405e-05	0.10355	supercritical
555.69	522.00	149.82	0.0066747	1178.2	1526.6	4.8683	2.6542	3.4840	787.94	-0.0024176	2.5409e-05	0.10369	supercritical
556.69	522.00	149.55	0.0066865	1181.0	1530.1	4.8745	2.6577	3.4864	788.11	-0.0024781	2.5413e-05	0.10384	supercritical
557.69	522.00	149.29	0.0066984	1183.9	1533.5	4.8808	2.6612	3.4888	788.28	-0.0025386	2.5416e-05	0.10398	supercritical
558.69	522.00	149.03	0.0067102	1186.8	1537.0	4.8871	2.6647	3.4912	788.46	-0.0025991	2.5420e-05	0.10412	supercritical
559.69	522.00	148.76	0.0067221	1189.6	1540.5	4.8933	2.6682	3.4936	788.64	-0.0026596	2.5424e-05	0.10427	supercritical
560.69	522.00	148.50	0.0067339	1192.5	1544.0	4.8995	2.6717	3.4960	788.82	-0.0027201	2.5428e-05	0.10441	supercritical
561.69	522.00	148.24	0.0067457	1195.4	1547.5	4.9058	2.6751	3.4984	789.00	-0.0027806	2.5432e-05	0.10456	supercritical
562.69	522.00	147.98	0.0067576	1198.3	1551.0	4.9120	2.6786	3.5008	789.18	-0.0028411	2.5437e-05	0.10470	supercritical
563.69	522.00	147.72	0.0067694	1201.2	1554.5	4.9182	2.6821	3.5032	789.36	-0.0029016	2.5441e-05	0.10485	supercritical
564.69	522.00	147.47	0.0067812	1204.0	1558.0	4.9244	2.6856	3.5056	789.55	-0.0029621	2.5445e-05	0.10499	supercritical
565.69	522.00	147.21	0.0067931	1206.9	1561.5	4.9306	2.6891	3.5080	789.73	-0.0030226	2.5450e-05	0.10514	supercritical
566.69	522.00	146.95	0.0068049	1209.8	1565.0	4.9368	2.6926	3.5105	789.92	-0.0030830	2.5455e-05	0.10529	supercritical
567.69	522.00	146.70	0.0068167	1212.7	1568.5	4.9430	2.6960	3.5129	790.11	-0.0031435	2.5459e-05	0.10544	supercritical
568.69	522.00	146.45	0.0068285	1215.6	1572.1	4.9492	2.6995	3.5153	790.30	-0.0032039	2.5464e-05	0.10558	supercritical
569.69	522.00	146.19	0.0068403	1218.5	1575.6	4.9554	2.7030	3.5178	790.49	-0.0032643	2.5469e-05	0.10573	supercritical
570.69	522.00	145.94	0.0068521	1221.4	1579.1	4.9616	2.7065	3.5202	790.68	-0.0033246	2.5474e-05	0.10588	supercritical
571.69	522.00	145.69	0.0068639	1224.3	1582.6	4.9677	2.7100	3.5227	790.88	-0.0033849	2.5479e-05	0.10603	supercritical
572.69	522.00	145.44	0.0068757	1227.2	1586.1	4.9739	2.7135	3.5251	791.07	-0.0034452	2.5484e-05	0.10618	supercritical
573.69	522.00	145.19	0.0068875	1230.1	1589.7	4.9800	2.7169	3.5276	791.27	-0.0035055	2.5490e-05	0.10633	supercritical
574.69	522.00	144.94	0.0068993	1233.1	1593.2	4.9862	2.7204	3.5301	791.47	-0.0035657	2.5495e-05	0.10648	supercritical
575.69	522.00	144.70	0.0069111	1236.0	1596.7	4.9923	2.7239	3.5325	791.67	-0.0036259	2.5501e-05	0.10663	supercritical
576.69	522.00	144.45	0.0069229	1238.9	1600.3	4.9984	2.7274	3.5350	791.87	-0.0036860	2.5506e-05	0.10678	supercritical
577.69	522.00	144.20	0.0069346	1241.8	1603.8	5.0046	2.7309	3.5375	792.07	-0.0037461	2.5512e-05	0.10693	supercritical
578.69	522.00	143.96	0.0069464	1244.7	1607.3	5.0107	2.7343	3.5400	792.27	-0.0038061	2.5517e-05	0.10709	supercritical
579.69	522.00	143.72	0.0069582	1247.7	1610.9	5.0168	2.7378	3.5425	792.47	-0.0038661	2.5523e-05	0.10724	supercritical
580.69	522.00	143.47	0.0069699	1250.6	1614.4	5.0229	2.7413	3.5450	792.68	-0.0039260	2.5529e-05	0.10739	supercritical
581.69	522.00	143.23	0.0069817	1253.5	1618.0	5.0290	2.7448	3.5474	792.89	-0.0039859	2.5535e-05	0.10755	supercritical
582.69	522.00	142.99	0.0069935	1256.5	1621.5	5.0351	2.7482	3.5499	793.09	-0.0040457	2.5541e-05	0.10770	supercritical
583.69	522.00	142.75	0.0070052	1259.4	1625.1	5.0412	2.7517	3.5525	793.30	-0.0041055	2.5547e-05	0.10785	supercritical
584.69	522.00	142.51	0.0070170	1262.3	1628.6	5.0473	2.7552	3.5550	793.51	-0.0041652	2.5554e-05	0.10801	supercritical
585.69	522.00	142.27	0.0070287	1265.3	1632.2	5.0534	2.7587	3.5575	793.72	-0.0042248	2.5560e-05	0.10816	supercritical
586.69	522.00	142.04	0.0070404	1268.2	1635.7	5.0594	2.7621	3.5600	793.93	-0.0042844	2.5566e-05	0.10832	supercritical
587.69	522.00	141.80	0.0070522	1271.2	1639.3	5.0655	2.7656	3.5625	794.14	-0.0043439	2.5573e-05	0.10848	supercritical
588.69	522.00	141.56	0.0070639	1274.1	1642.9	5.0716	2.7691	3.5650	794.36	-0.0044034	2.5579e-05	0.10863	supercritical
589.69	522.00	141.33	0.0070756	1277.1	1646.4	5.0776	2.7726	3.5676	794.57	-0.0044627	2.5586e-05	0.10879	supercritical
590.69	522.00	141.10	0.0070874	1280.0	1650.0	5.0837	2.7760	3.5701	794.79	-0.0045220	2.5592e-05	0.10895	supercritical
591.69	522.00	140.86	0.0070991	1283.0	1653.6	5.0897	2.7795	3.5727	795.01	-0.0045813	2.5599e-05	0.10910	supercritical
592.69	522.00	140.63	0.0071108	1286.0	1657.1	5.0957	2.7830	3.5752	795.22	-0.0046404	2.5606e-05	0.10926	supercritical
593.69	522.00	140.40	0.0071225	1288.9	1660.7	5.1018	2.7864	3.5777	795.44	-0.0046995	2.5613e-05	0.10942	supercritical
594.69	522.00	140.17	0.0071342	1291.9	1664.3	5.1078	2.7899	3.5803	795.66	-0.0047585	2.5620e-05	0.10958	supercritical
595.69	522.00	139.94	0.0071460	1294.9	1667.9	5.1138	2.7934	3.5828	795.88	-0.0048174	2.5627e-05	0.10974	supercritical
596.69	522.00	139.71	0.0071577	1297.8	1671.5	5.1198	2.7968	3.5854	796.10	-0.0048763	2.5634e-05	0.10990	supercritical
597.69	522.00	139.48	0.0071694	1300.8	1675.1	5.1258	2.8003	3.5880	796.33	-0.0049350	2.5641e-05	0.11006	supercritical
598.69	522.00	139.26	0.0071811	1303.8	1678.6	5.1318	2.8038	3.5905	796.55	-0.0049937	2.5649e-05	0.11022	supercritical
599.69	522.00	139.03	0.0071927	1306.8	1682.2	5.1378	2.8072	3.5931	796.77	-0.0050523	2.5656e-05	0.11038	supercritical
600.69	522.00	138.80	0.0072044	1309.8	1685.8	5.1438	2.8107	3.5957	797.00	-0.0051108	2.5663e-05	0.11054	supercritical
601.69	522.00	138.58	0.0072161	1312.7	1689.4	5.1498	2.8141	3.5982	797.23	-0.0051692	2.5671e-05	0.11070	supercritical
602.69	522.00	138.35	0.0072278	1315.7	1693.0	5.1558	2.8176	3.6008	797.45	-0.0052275	2.5678e-05	0.11086	supercritical
603.69	522.00	138.13	0.0072395	1318.7	1696.6	5.1617	2.8211	3.6034	797.68	-0.0052857	2.5686e-05	0.11102	supercritical
604.69	522.00	137.91	0.0072512	1321.7	1700.2	5.1677	2.8245	3.6060	797.91	-0.0053439	2.5694e-05	0.11118	supercritical
605.69	522.00	137.69	0.0072628	1324.7	1703.8	5.1737	2.8280	3.6086	798.14	-0.0054019	2.5701e-05	0.11135	supercritical
606.69	522.00	137.47	0.0072745	1327.7	1707.4	5.1796	2.8314	3.6112	798.37	-0.0054599	2.5709e-05	0.11151	supercritical
607.69	522.00	137.25	0.0072862	1330.7	1711.1	5.1856	2.8349	3.6137	798.60	-0.0055177	2.5717e-05	0.11167	supercritical
608.69	522.00	137.03	0.0072978	1333.7	1714.7	5.1915	2.8384	3.6163	798.84	-0.0055755	2.5725e-05	0.11184	supercritical
609.69	522.00	136.81	0.0073095	1336.7	1718.3	5.1974	2.8418	3.6189	799.07	-0.0056331	2.5733e-05	0.11200	supercritical
610.69	522.00	136.59	0.0073211	1339.8	1721.9	5.2034	2.8453	3.6215	799.30	-0.0056907	2.5741e-05	0.11216	supercritical
611.69	522.00	136.37	0.0073328	1342.8	1725.5	5.2093	2.8487	3.6242	799.54	-0.0057481	2.5749e-05	0.11233	supercritical
612.69	522.00	136.16	0.0073444	1345.8	1729.2	5.2152	2.8522	3.6268	799.78	-0.0058055	2.5757e-05	0.11249	supercritical
613.69	522.00	135.94	0.0073561	1348.8	1732.8	5.2211	2.8556	3.6294	800.01	-0.0058627	2.5766e-05	0.11266	supercritical
614.69	522.00	135.73	0.0073677	1351.8	1736.4	5.2271	2.8591	3.6320	800.25	-0.0059198	2.5774e-05	0.11283	supercritical
615.69	522.00	135.51	0.0073793	1354.9	1740.1	5.2330	2.8625	3.6346	800.49	-0.0059769	2.5782e-05	0.11299	supercritical
616.69	522.00	135.30	0.0073910	1357.9	1743.7	5.2389	2.8659	3.6372	800.73	-0.0060338	2.5791e-05	0.11316	supercritical
617.69	522.00	135.09	0.0074026	1360.9	1747.3	5.2448	2.8694	3.6399	800.97	-0.0060906	2.5799e-05	0.11332	supercritical
618.69	522.00	134.88	0.0074142	1363.9	1751.0	5.2506	2.8728	3.6425	801.21	-0.0061473	2.5808e-05	0.11349	supercritical
619.69	522.00	134.66	0.0074258	1367.0	1754.6	5.2565	2.8763	3.6451	801.45	-0.0062039	2.5817e-05	0.11366	supercritical
620.69	522.00	134.45	0.0074375	1370.0	1758.3	5.2624	2.8797	3.6477	801.69	-0.0062604	2.5825e-05	0.11383	supercritical
621.69	522.00	134.24	0.0074491	1373.1	1761.9	5.2683	2.8832	3.6504	801.93	-0.0063168	2.5834e-05	0.11399	supercritical
622.69	522.00	134.04	0.0074607	1376.1	1765.6	5.2742	2.8866	3.6530	802.18	-0.0063731	2.5843e-05	0.11416	supercritical
623.69	522.00	133.83	0.0074723	1379.2	1769.2	5.2800	2.8900	3.6556	802.42	-0.0064292	2.5852e-05	0.11433	supercritical
624.69	522.00	133.62	0.0074839	1382.2	1772.9	5.2859	2.8935	3.6583	802.67	-0.0064853	2.5860e-05	0.11450	supercritical