Temperature (K)	Pressure (bar)	Density (kg/m3)	Volume (m3/kg)	Internal Energy (kJ/kg)	Enthalpy (kJ/kg)	Entropy (J/g*K)	Cv (J/g*K)	Cp (J/g*K)	Sound Spd. (m/s)	Joule-Thomson (K/bar)	Viscosity (Pa*s)	Therm. Cond. (W/m*K)	Phase
90.694	556.00	480.13	0.0020828	-94.899	20.903	-1.0008	2.2752	3.2158	1835.4	-0.052513	0.00040259	0.25391	liquid
104.69	556.00	466.20	0.0021450	-53.433	65.828	-0.54017	2.2069	3.2052	1753.7	-0.052054	0.00023721	0.24112	liquid
105.69	556.00	465.22	0.0021495	-50.481	69.033	-0.50970	2.2026	3.2049	1747.8	-0.052004	0.00023024	0.24012	liquid
106.69	556.00	464.23	0.0021541	-47.531	72.238	-0.47953	2.1984	3.2046	1741.9	-0.051953	0.00022367	0.23911	liquid
107.69	556.00	463.24	0.0021587	-44.582	75.442	-0.44963	2.1942	3.2043	1735.9	-0.051901	0.00021746	0.23809	liquid
108.69	556.00	462.25	0.0021633	-41.634	78.646	-0.42002	2.1900	3.2040	1730.0	-0.051846	0.00021158	0.23707	liquid
109.69	556.00	461.26	0.0021680	-38.688	81.850	-0.39067	2.1859	3.2038	1724.1	-0.051791	0.00020601	0.23604	liquid
110.69	556.00	460.28	0.0021726	-35.742	85.054	-0.36160	2.1819	3.2035	1718.1	-0.051735	0.00020074	0.23500	liquid
111.69	556.00	459.29	0.0021773	-32.798	88.257	-0.33279	2.1778	3.2032	1712.2	-0.051677	0.00019573	0.23396	liquid
112.69	556.00	458.31	0.0021819	-29.856	91.460	-0.30424	2.1738	3.2030	1706.3	-0.051618	0.00019097	0.23291	liquid
113.69	556.00	457.32	0.0021866	-26.914	94.663	-0.27595	2.1698	3.2027	1700.4	-0.051558	0.00018644	0.23186	liquid
114.69	556.00	456.34	0.0021914	-23.974	97.866	-0.24790	2.1658	3.2024	1694.5	-0.051496	0.00018213	0.23081	liquid
115.69	556.00	455.35	0.0021961	-21.035	101.07	-0.22010	2.1618	3.2021	1688.6	-0.051434	0.00017802	0.22975	liquid
116.69	556.00	454.37	0.0022009	-18.097	104.27	-0.19255	2.1579	3.2018	1682.7	-0.051370	0.00017409	0.22869	liquid
117.69	556.00	453.39	0.0022056	-15.161	107.47	-0.16523	2.1540	3.2015	1676.8	-0.051305	0.00017035	0.22763	liquid
118.69	556.00	452.40	0.0022104	-12.226	110.67	-0.13814	2.1501	3.2012	1670.9	-0.051240	0.00016676	0.22656	liquid
119.69	556.00	451.42	0.0022152	-9.2930	113.87	-0.11129	2.1463	3.2009	1665.0	-0.051172	0.00016334	0.22550	liquid
120.69	556.00	450.44	0.0022201	-6.3610	117.07	-0.084656	2.1424	3.2005	1659.2	-0.051104	0.00016005	0.22443	liquid
121.69	556.00	449.45	0.0022249	-3.4304	120.28	-0.058249	2.1386	3.2002	1653.3	-0.051035	0.00015691	0.22336	liquid
122.69	556.00	448.47	0.0022298	-0.50127	123.48	-0.032061	2.1348	3.1999	1647.5	-0.050964	0.00015388	0.22229	liquid
123.69	556.00	447.49	0.0022347	2.4264	126.67	-0.0060877	2.1310	3.1995	1641.6	-0.050892	0.00015098	0.22122	liquid
124.69	556.00	446.51	0.0022396	5.3526	129.87	0.019673	2.1273	3.1991	1635.8	-0.050819	0.00014820	0.22015	liquid
125.69	556.00	445.53	0.0022445	8.2773	133.07	0.045225	2.1235	3.1988	1630.0	-0.050745	0.00014551	0.21908	liquid
126.69	556.00	444.55	0.0022495	11.200	136.27	0.070572	2.1198	3.1984	1624.2	-0.050670	0.00014293	0.21800	liquid
127.69	556.00	443.57	0.0022545	14.122	139.47	0.095716	2.1161	3.1980	1618.4	-0.050593	0.00014045	0.21693	liquid
128.69	556.00	442.58	0.0022595	17.042	142.67	0.12066	2.1125	3.1976	1612.7	-0.050515	0.00013805	0.21587	liquid
129.69	556.00	441.60	0.0022645	19.961	145.87	0.14541	2.1088	3.1972	1606.9	-0.050436	0.00013574	0.21480	liquid
130.69	556.00	440.62	0.0022695	22.878	149.06	0.16997	2.1052	3.1968	1601.2	-0.050355	0.00013350	0.21373	liquid
131.69	556.00	439.64	0.0022746	25.793	152.26	0.19433	2.1016	3.1964	1595.5	-0.050273	0.00013134	0.21266	liquid
132.69	556.00	438.66	0.0022796	28.707	155.46	0.21851	2.0980	3.1960	1589.7	-0.050190	0.00012926	0.21160	liquid
133.69	556.00	437.69	0.0022847	31.619	158.65	0.24250	2.0945	3.1956	1584.0	-0.050105	0.00012724	0.21054	liquid
134.69	556.00	436.71	0.0022899	34.530	161.85	0.26632	2.0909	3.1952	1578.4	-0.050019	0.00012529	0.20948	liquid
135.69	556.00	435.73	0.0022950	37.438	165.04	0.28995	2.0874	3.1948	1572.7	-0.049932	0.00012340	0.20842	liquid
136.69	556.00	434.75	0.0023002	40.346	168.24	0.31341	2.0840	3.1944	1567.1	-0.049843	0.00012156	0.20737	liquid
137.69	556.00	433.77	0.0023054	43.251	171.43	0.33669	2.0805	3.1940	1561.4	-0.049752	0.00011979	0.20631	liquid
138.69	556.00	432.79	0.0023106	46.155	174.62	0.35980	2.0771	3.1936	1555.8	-0.049661	0.00011806	0.20526	liquid
139.69	556.00	431.81	0.0023158	49.057	177.82	0.38274	2.0737	3.1931	1550.2	-0.049567	0.00011639	0.20422	liquid
140.69	556.00	430.83	0.0023211	51.958	181.01	0.40552	2.0703	3.1927	1544.6	-0.049473	0.00011476	0.20317	liquid
141.69	556.00	429.85	0.0023264	54.857	184.20	0.42813	2.0670	3.1923	1539.1	-0.049376	0.00011318	0.20213	liquid
142.69	556.00	428.88	0.0023317	57.754	187.39	0.45058	2.0636	3.1919	1533.5	-0.049279	0.00011165	0.20109	liquid
143.69	556.00	427.90	0.0023370	60.649	190.59	0.47287	2.0603	3.1915	1528.0	-0.049179	0.00011015	0.20006	liquid
144.69	556.00	426.92	0.0023424	63.543	193.78	0.49500	2.0571	3.1911	1522.5	-0.049079	0.00010870	0.19903	liquid
145.69	556.00	425.94	0.0023477	66.435	196.97	0.51697	2.0538	3.1907	1517.0	-0.048976	0.00010728	0.19800	liquid
146.69	556.00	424.97	0.0023531	69.325	200.16	0.53880	2.0506	3.1903	1511.5	-0.048872	0.00010591	0.19698	liquid
147.69	556.00	423.99	0.0023586	72.213	203.35	0.56047	2.0474	3.1899	1506.0	-0.048767	0.00010456	0.19596	liquid
148.69	556.00	423.01	0.0023640	75.100	206.54	0.58199	2.0442	3.1895	1500.6	-0.048659	0.00010326	0.19495	liquid
149.69	556.00	422.03	0.0023695	77.985	209.73	0.60337	2.0411	3.1891	1495.2	-0.048550	0.00010198	0.19394	liquid
150.69	556.00	421.06	0.0023750	80.868	212.92	0.62460	2.0380	3.1887	1489.8	-0.048440	0.00010073	0.19293	liquid
151.69	556.00	420.08	0.0023805	83.750	216.11	0.64569	2.0349	3.1883	1484.4	-0.048328	9.9520e-05	0.19193	liquid
152.69	556.00	419.10	0.0023860	86.630	219.29	0.66664	2.0319	3.1879	1479.0	-0.048214	9.8334e-05	0.19093	liquid
153.69	556.00	418.13	0.0023916	89.507	222.48	0.68745	2.0289	3.1876	1473.7	-0.048098	9.7176e-05	0.18994	liquid
154.69	556.00	417.15	0.0023972	92.384	225.67	0.70812	2.0259	3.1872	1468.3	-0.047981	9.6045e-05	0.18895	liquid
155.69	556.00	416.17	0.0024028	95.258	228.86	0.72866	2.0229	3.1869	1463.0	-0.047862	9.4939e-05	0.18796	liquid
156.69	556.00	415.20	0.0024085	98.131	232.04	0.74906	2.0200	3.1865	1457.7	-0.047742	9.3859e-05	0.18698	liquid
157.69	556.00	414.22	0.0024142	101.00	235.23	0.76933	2.0170	3.1862	1452.5	-0.047619	9.2803e-05	0.18601	liquid
158.69	556.00	413.25	0.0024199	103.87	238.41	0.78947	2.0142	3.1858	1447.2	-0.047495	9.1770e-05	0.18504	liquid
159.69	556.00	412.27	0.0024256	106.74	241.60	0.80948	2.0113	3.1855	1442.0	-0.047369	9.0759e-05	0.18407	liquid
160.69	556.00	411.29	0.0024313	109.60	244.79	0.82936	2.0085	3.1852	1436.8	-0.047242	8.9770e-05	0.18311	liquid
161.69	556.00	410.32	0.0024371	112.47	247.97	0.84912	2.0057	3.1848	1431.6	-0.047112	8.8802e-05	0.18216	liquid
162.69	556.00	409.34	0.0024429	115.33	251.16	0.86876	2.0030	3.1845	1426.4	-0.046981	8.7854e-05	0.18121	liquid
163.69	556.00	408.37	0.0024488	118.19	254.34	0.88827	2.0002	3.1842	1421.3	-0.046848	8.6926e-05	0.18027	liquid
164.69	556.00	407.39	0.0024546	121.05	257.52	0.90766	1.9975	3.1839	1416.1	-0.046713	8.6016e-05	0.17933	liquid
165.69	556.00	406.42	0.0024605	123.90	260.71	0.92693	1.9948	3.1836	1411.0	-0.046577	8.5125e-05	0.17839	liquid
166.69	556.00	405.44	0.0024664	126.76	263.89	0.94609	1.9922	3.1834	1406.0	-0.046438	8.4252e-05	0.17746	liquid
167.69	556.00	404.47	0.0024724	129.61	267.07	0.96513	1.9896	3.1831	1400.9	-0.046298	8.3396e-05	0.17654	liquid
168.69	556.00	403.50	0.0024783	132.46	270.26	0.98405	1.9870	3.1828	1395.8	-0.046156	8.2557e-05	0.17562	liquid
169.69	556.00	402.52	0.0024843	135.31	273.44	1.0029	1.9845	3.1826	1390.8	-0.046012	8.1734e-05	0.17471	liquid
170.69	556.00	401.55	0.0024904	138.16	276.62	1.0216	1.9819	3.1823	1385.8	-0.045867	8.0927e-05	0.17380	liquid
171.69	556.00	400.57	0.0024964	141.00	279.80	1.0402	1.9795	3.1821	1380.8	-0.045719	8.0135e-05	0.17290	liquid
172.69	556.00	399.60	0.0025025	143.85	282.99	1.0586	1.9770	3.1818	1375.9	-0.045570	7.9358e-05	0.17200	liquid
173.69	556.00	398.63	0.0025086	146.69	286.17	1.0770	1.9746	3.1816	1370.9	-0.045419	7.8595e-05	0.17111	liquid
174.69	556.00	397.66	0.0025147	149.53	289.35	1.0953	1.9722	3.1814	1366.0	-0.045266	7.7846e-05	0.17023	liquid
175.69	556.00	396.68	0.0025209	152.37	292.53	1.1134	1.9698	3.1812	1361.1	-0.045111	7.7111e-05	0.16935	liquid
176.69	556.00	395.71	0.0025271	155.21	295.71	1.1315	1.9675	3.1810	1356.2	-0.044954	7.6389e-05	0.16848	liquid
177.69	556.00	394.74	0.0025333	158.04	298.89	1.1494	1.9652	3.1808	1351.4	-0.044795	7.5681e-05	0.16761	liquid
178.69	556.00	393.77	0.0025396	160.87	302.07	1.1673	1.9629	3.1806	1346.5	-0.044635	7.4984e-05	0.16674	liquid
179.69	556.00	392.79	0.0025459	163.70	305.25	1.1850	1.9607	3.1805	1341.7	-0.044473	7.4300e-05	0.16589	liquid
180.69	556.00	391.82	0.0025522	166.53	308.43	1.2027	1.9584	3.1803	1336.9	-0.044309	7.3628e-05	0.16504	liquid
181.69	556.00	390.85	0.0025585	169.36	311.62	1.2202	1.9563	3.1801	1332.2	-0.044143	7.2967e-05	0.16419	liquid
182.69	556.00	389.88	0.0025649	172.19	314.80	1.2377	1.9541	3.1800	1327.4	-0.043975	7.2318e-05	0.16335	liquid
183.69	556.00	388.91	0.0025713	175.01	317.98	1.2550	1.9520	3.1798	1322.7	-0.043805	7.1680e-05	0.16252	liquid
184.69	556.00	387.94	0.0025777	177.83	321.15	1.2723	1.9499	3.1797	1318.0	-0.043634	7.1052e-05	0.16169	liquid
185.69	556.00	386.97	0.0025842	180.65	324.33	1.2895	1.9479	3.1796	1313.3	-0.043461	7.0435e-05	0.16087	liquid
186.69	556.00	386.00	0.0025907	183.47	327.51	1.3066	1.9458	3.1795	1308.7	-0.043285	6.9828e-05	0.16005	liquid
187.69	556.00	385.03	0.0025972	186.29	330.69	1.3235	1.9438	3.1794	1304.0	-0.043109	6.9232e-05	0.15924	liquid
188.69	556.00	384.06	0.0026037	189.11	333.87	1.3404	1.9419	3.1793	1299.4	-0.042930	6.8645e-05	0.15844	liquid
189.69	556.00	383.10	0.0026103	191.92	337.05	1.3572	1.9400	3.1792	1294.8	-0.042749	6.8067e-05	0.15764	liquid
190.69	556.00	382.13	0.0026169	194.73	340.23	1.3740	1.9381	3.1791	1290.3	-0.042567	6.7499e-05	0.15685	supercritical
191.69	556.00	381.16	0.0026236	197.54	343.41	1.3906	1.9362	3.1790	1285.7	-0.042383	6.6940e-05	0.15606	supercritical
192.69	556.00	380.19	0.0026302	200.35	346.59	1.4071	1.9344	3.1790	1281.2	-0.042197	6.6389e-05	0.15528	supercritical
193.69	556.00	379.23	0.0026369	203.15	349.77	1.4236	1.9326	3.1789	1276.7	-0.042009	6.5848e-05	0.15450	supercritical
194.69	556.00	378.26	0.0026437	205.96	352.95	1.4399	1.9308	3.1788	1272.2	-0.041819	6.5315e-05	0.15373	supercritical
195.69	556.00	377.30	0.0026504	208.76	356.13	1.4562	1.9291	3.1788	1267.8	-0.041628	6.4790e-05	0.15297	supercritical
196.69	556.00	376.33	0.0026572	211.56	359.30	1.4724	1.9273	3.1788	1263.4	-0.041435	6.4273e-05	0.15221	supercritical
197.69	556.00	375.37	0.0026641	214.36	362.48	1.4885	1.9257	3.1787	1259.0	-0.041240	6.3765e-05	0.15145	supercritical
198.69	556.00	374.40	0.0026709	217.16	365.66	1.5046	1.9240	3.1787	1254.6	-0.041044	6.3264e-05	0.15071	supercritical
199.69	556.00	373.44	0.0026778	219.95	368.84	1.5205	1.9224	3.1787	1250.2	-0.040845	6.2770e-05	0.14997	supercritical
200.69	556.00	372.48	0.0026847	222.75	372.02	1.5364	1.9208	3.1787	1245.9	-0.040645	6.2284e-05	0.14923	supercritical
201.69	556.00	371.51	0.0026917	225.54	375.20	1.5522	1.9193	3.1787	1241.6	-0.040444	6.1806e-05	0.14850	supercritical
202.69	556.00	370.55	0.0026987	228.33	378.38	1.5679	1.9178	3.1787	1237.3	-0.040240	6.1334e-05	0.14778	supercritical
203.69	556.00	369.59	0.0027057	231.12	381.56	1.5836	1.9163	3.1787	1233.0	-0.040035	6.0869e-05	0.14706	supercritical
204.69	556.00	368.63	0.0027128	233.90	384.73	1.5992	1.9148	3.1787	1228.8	-0.039829	6.0412e-05	0.14634	supercritical
205.69	556.00	367.67	0.0027198	236.69	387.91	1.6146	1.9134	3.1787	1224.6	-0.039620	5.9961e-05	0.14564	supercritical
206.69	556.00	366.71	0.0027270	239.47	391.09	1.6301	1.9120	3.1787	1220.4	-0.039410	5.9516e-05	0.14494	supercritical
207.69	556.00	365.75	0.0027341	242.25	394.27	1.6454	1.9107	3.1788	1216.2	-0.039199	5.9078e-05	0.14424	supercritical
208.69	556.00	364.79	0.0027413	245.03	397.45	1.6607	1.9094	3.1788	1212.1	-0.038986	5.8647e-05	0.14355	supercritical
209.69	556.00	363.83	0.0027485	247.81	400.63	1.6759	1.9081	3.1788	1208.0	-0.038771	5.8221e-05	0.14287	supercritical
210.69	556.00	362.88	0.0027557	250.59	403.81	1.6910	1.9068	3.1789	1203.9	-0.038555	5.7802e-05	0.14219	supercritical
211.69	556.00	361.92	0.0027630	253.36	406.99	1.7060	1.9056	3.1789	1199.8	-0.038337	5.7388e-05	0.14152	supercritical
212.69	556.00	360.97	0.0027703	256.13	410.16	1.7210	1.9044	3.1790	1195.7	-0.038118	5.6981e-05	0.14085	supercritical
213.69	556.00	360.01	0.0027777	258.90	413.34	1.7359	1.9032	3.1791	1191.7	-0.037897	5.6579e-05	0.14019	supercritical
214.69	556.00	359.06	0.0027851	261.67	416.52	1.7508	1.9021	3.1791	1187.7	-0.037675	5.6183e-05	0.13954	supercritical
215.69	556.00	358.11	0.0027925	264.44	419.70	1.7656	1.9010	3.1792	1183.7	-0.037451	5.5792e-05	0.13889	supercritical
216.69	556.00	357.15	0.0027999	267.21	422.88	1.7803	1.8999	3.1793	1179.8	-0.037226	5.5407e-05	0.13825	supercritical
217.69	556.00	356.20	0.0028074	269.97	426.06	1.7949	1.8989	3.1794	1175.9	-0.036999	5.5027e-05	0.13761	supercritical
218.69	556.00	355.25	0.0028149	272.73	429.24	1.8095	1.8979	3.1794	1172.0	-0.036772	5.4652e-05	0.13698	supercritical
219.69	556.00	354.30	0.0028224	275.49	432.42	1.8240	1.8969	3.1795	1168.1	-0.036542	5.4282e-05	0.13635	supercritical
220.69	556.00	353.36	0.0028300	278.25	435.60	1.8384	1.8960	3.1796	1164.2	-0.036312	5.3918e-05	0.13573	supercritical
221.69	556.00	352.41	0.0028376	281.01	438.78	1.8528	1.8951	3.1797	1160.4	-0.036080	5.3558e-05	0.13511	supercritical
222.69	556.00	351.46	0.0028453	283.76	441.96	1.8671	1.8942	3.1798	1156.6	-0.035847	5.3203e-05	0.13450	supercritical
223.69	556.00	350.52	0.0028529	286.51	445.14	1.8813	1.8934	3.1799	1152.8	-0.035612	5.2853e-05	0.13390	supercritical
224.69	556.00	349.57	0.0028606	289.27	448.32	1.8955	1.8926	3.1800	1149.1	-0.035377	5.2508e-05	0.13330	supercritical
225.69	556.00	348.63	0.0028684	292.02	451.50	1.9097	1.8918	3.1801	1145.3	-0.035140	5.2167e-05	0.13271	supercritical
226.69	556.00	347.69	0.0028762	294.76	454.68	1.9237	1.8910	3.1802	1141.6	-0.034902	5.1831e-05	0.13212	supercritical
227.69	556.00	346.74	0.0028840	297.51	457.86	1.9377	1.8903	3.1803	1137.9	-0.034663	5.1499e-05	0.13154	supercritical
228.69	556.00	345.80	0.0028918	300.25	461.04	1.9516	1.8897	3.1804	1134.3	-0.034423	5.1172e-05	0.13096	supercritical
229.69	556.00	344.87	0.0028997	303.00	464.22	1.9655	1.8890	3.1805	1130.7	-0.034181	5.0849e-05	0.13039	supercritical
230.69	556.00	343.93	0.0029076	305.74	467.40	1.9793	1.8884	3.1807	1127.0	-0.033939	5.0530e-05	0.12983	supercritical
231.69	556.00	342.99	0.0029155	308.48	470.58	1.9931	1.8878	3.1808	1123.5	-0.033695	5.0215e-05	0.12927	supercritical
232.69	556.00	342.05	0.0029235	311.21	473.76	2.0068	1.8872	3.1809	1119.9	-0.033451	4.9905e-05	0.12871	supercritical
233.69	556.00	341.12	0.0029315	313.95	476.94	2.0204	1.8867	3.1810	1116.4	-0.033206	4.9598e-05	0.12816	supercritical
234.69	556.00	340.19	0.0029396	316.68	480.12	2.0340	1.8862	3.1811	1112.9	-0.032960	4.9296e-05	0.12762	supercritical
235.69	556.00	339.26	0.0029476	319.42	483.30	2.0475	1.8857	3.1812	1109.4	-0.032712	4.8997e-05	0.12708	supercritical
236.69	556.00	338.32	0.0029557	322.15	486.49	2.0610	1.8853	3.1814	1105.9	-0.032464	4.8702e-05	0.12655	supercritical
237.69	556.00	337.40	0.0029639	324.88	489.67	2.0744	1.8849	3.1815	1102.5	-0.032216	4.8411e-05	0.12602	supercritical
238.69	556.00	336.47	0.0029721	327.60	492.85	2.0878	1.8845	3.1816	1099.1	-0.031966	4.8124e-05	0.12550	supercritical
239.69	556.00	335.54	0.0029803	330.33	496.03	2.1011	1.8842	3.1817	1095.7	-0.031716	4.7840e-05	0.12498	supercritical
240.69	556.00	334.62	0.0029885	333.05	499.21	2.1143	1.8839	3.1819	1092.3	-0.031464	4.7560e-05	0.12447	supercritical
241.69	556.00	333.69	0.0029968	335.77	502.39	2.1275	1.8836	3.1820	1089.0	-0.031213	4.7284e-05	0.12397	supercritical
242.69	556.00	332.77	0.0030051	338.49	505.58	2.1407	1.8834	3.1821	1085.7	-0.030960	4.7011e-05	0.12346	supercritical
243.69	556.00	331.85	0.0030134	341.21	508.76	2.1537	1.8832	3.1822	1082.4	-0.030707	4.6741e-05	0.12297	supercritical
244.69	556.00	330.93	0.0030218	343.93	511.94	2.1668	1.8830	3.1823	1079.1	-0.030453	4.6475e-05	0.12248	supercritical
245.69	556.00	330.01	0.0030302	346.64	515.12	2.1798	1.8828	3.1825	1075.9	-0.030199	4.6212e-05	0.12199	supercritical
246.69	556.00	329.10	0.0030386	349.36	518.31	2.1927	1.8827	3.1826	1072.7	-0.029945	4.5953e-05	0.12151	supercritical
247.69	556.00	328.18	0.0030471	352.07	521.49	2.2056	1.8826	3.1827	1069.5	-0.029689	4.5697e-05	0.12104	supercritical
248.69	556.00	327.27	0.0030556	354.78	524.67	2.2184	1.8825	3.1828	1066.3	-0.029434	4.5443e-05	0.12057	supercritical
249.69	556.00	326.36	0.0030641	357.49	527.85	2.2312	1.8825	3.1829	1063.2	-0.029178	4.5193e-05	0.12010	supercritical
250.69	556.00	325.45	0.0030727	360.19	531.04	2.2439	1.8825	3.1830	1060.1	-0.028921	4.4947e-05	0.11964	supercritical
251.69	556.00	324.54	0.0030813	362.90	534.22	2.2566	1.8825	3.1832	1057.0	-0.028665	4.4703e-05	0.11918	supercritical
252.69	556.00	323.63	0.0030899	365.60	537.40	2.2692	1.8826	3.1833	1053.9	-0.028408	4.4462e-05	0.11873	supercritical
253.69	556.00	322.73	0.0030986	368.30	540.59	2.2817	1.8827	3.1834	1050.9	-0.028150	4.4224e-05	0.11829	supercritical
254.69	556.00	321.82	0.0031073	371.00	543.77	2.2943	1.8828	3.1835	1047.9	-0.027893	4.3989e-05	0.11785	supercritical
255.69	556.00	320.92	0.0031160	373.70	546.95	2.3067	1.8829	3.1836	1044.9	-0.027635	4.3757e-05	0.11741	supercritical
256.69	556.00	320.02	0.0031248	376.40	550.14	2.3192	1.8831	3.1837	1041.9	-0.027378	4.3528e-05	0.11698	supercritical
257.69	556.00	319.12	0.0031336	379.09	553.32	2.3316	1.8833	3.1838	1039.0	-0.027120	4.3302e-05	0.11656	supercritical
258.69	556.00	318.23	0.0031424	381.79	556.51	2.3439	1.8835	3.1839	1036.1	-0.026862	4.3078e-05	0.11614	supercritical
259.69	556.00	317.33	0.0031513	384.48	559.69	2.3562	1.8838	3.1840	1033.2	-0.026604	4.2857e-05	0.11572	supercritical
260.69	556.00	316.44	0.0031602	387.17	562.87	2.3684	1.8841	3.1841	1030.3	-0.026346	4.2639e-05	0.11531	supercritical
261.69	556.00	315.55	0.0031691	389.86	566.06	2.3806	1.8844	3.1842	1027.5	-0.026088	4.2424e-05	0.11490	supercritical
262.69	556.00	314.66	0.0031780	392.54	569.24	2.3927	1.8847	3.1843	1024.7	-0.025830	4.2211e-05	0.11450	supercritical
263.69	556.00	313.77	0.0031870	395.23	572.43	2.4048	1.8851	3.1844	1021.9	-0.025573	4.2000e-05	0.11410	supercritical
264.69	556.00	312.89	0.0031960	397.91	575.61	2.4169	1.8855	3.1845	1019.1	-0.025315	4.1793e-05	0.11371	supercritical
265.69	556.00	312.01	0.0032051	400.59	578.79	2.4289	1.8860	3.1846	1016.3	-0.025058	4.1587e-05	0.11332	supercritical
266.69	556.00	311.12	0.0032142	403.27	581.98	2.4409	1.8864	3.1847	1013.6	-0.024801	4.1384e-05	0.11294	supercritical
267.69	556.00	310.25	0.0032233	405.95	585.16	2.4528	1.8869	3.1847	1010.9	-0.024544	4.1184e-05	0.11256	supercritical
268.69	556.00	309.37	0.0032324	408.63	588.35	2.4647	1.8874	3.1848	1008.2	-0.024288	4.0986e-05	0.11219	supercritical
269.69	556.00	308.49	0.0032416	411.30	591.53	2.4765	1.8880	3.1849	1005.6	-0.024031	4.0791e-05	0.11182	supercritical
270.69	556.00	307.62	0.0032508	413.98	594.72	2.4883	1.8885	3.1850	1003.0	-0.023776	4.0597e-05	0.11146	supercritical
271.69	556.00	306.75	0.0032600	416.65	597.90	2.5000	1.8891	3.1851	1000.3	-0.023521	4.0406e-05	0.11110	supercritical
272.69	556.00	305.88	0.0032692	419.32	601.09	2.5117	1.8898	3.1851	997.77	-0.023266	4.0218e-05	0.11074	supercritical
273.69	556.00	305.02	0.0032785	421.99	604.27	2.5234	1.8904	3.1852	995.21	-0.023012	4.0032e-05	0.11039	supercritical
274.69	556.00	304.15	0.0032878	424.66	607.46	2.5350	1.8911	3.1853	992.67	-0.022758	3.9847e-05	0.11004	supercritical
275.69	556.00	303.29	0.0032972	427.32	610.64	2.5466	1.8918	3.1854	990.16	-0.022505	3.9665e-05	0.10970	supercritical
276.69	556.00	302.43	0.0033066	429.99	613.83	2.5581	1.8926	3.1854	987.67	-0.022252	3.9486e-05	0.10936	supercritical
277.69	556.00	301.57	0.0033160	432.65	617.02	2.5696	1.8933	3.1855	985.21	-0.022000	3.9308e-05	0.10903	supercritical
278.69	556.00	300.72	0.0033254	435.31	620.20	2.5810	1.8941	3.1855	982.77	-0.021749	3.9133e-05	0.10870	supercritical
279.69	556.00	299.86	0.0033349	437.97	623.39	2.5925	1.8949	3.1856	980.35	-0.021499	3.8959e-05	0.10837	supercritical
280.69	556.00	299.01	0.0033443	440.63	626.57	2.6038	1.8958	3.1857	977.95	-0.021249	3.8788e-05	0.10805	supercritical
281.69	556.00	298.16	0.0033539	443.28	629.76	2.6152	1.8966	3.1857	975.58	-0.021000	3.8619e-05	0.10773	supercritical
282.69	556.00	297.32	0.0033634	445.94	632.94	2.6264	1.8975	3.1858	973.23	-0.020752	3.8451e-05	0.10742	supercritical
283.69	556.00	296.47	0.0033730	448.59	636.13	2.6377	1.8985	3.1858	970.90	-0.020505	3.8286e-05	0.10711	supercritical
284.69	556.00	295.63	0.0033826	451.24	639.32	2.6489	1.8994	3.1859	968.59	-0.020259	3.8123e-05	0.10681	supercritical
285.69	556.00	294.79	0.0033922	453.89	642.50	2.6601	1.9004	3.1859	966.31	-0.020013	3.7961e-05	0.10651	supercritical
286.69	556.00	293.96	0.0034019	456.54	645.69	2.6712	1.9014	3.1860	964.05	-0.019769	3.7802e-05	0.10621	supercritical
287.69	556.00	293.12	0.0034115	459.19	648.87	2.6823	1.9024	3.1860	961.81	-0.019525	3.7644e-05	0.10592	supercritical
288.69	556.00	292.29	0.0034213	461.84	652.06	2.6934	1.9035	3.1861	959.59	-0.019283	3.7488e-05	0.10563	supercritical
289.69	556.00	291.46	0.0034310	464.48	655.25	2.7044	1.9045	3.1861	957.40	-0.019042	3.7335e-05	0.10535	supercritical
290.69	556.00	290.63	0.0034408	467.13	658.43	2.7154	1.9056	3.1862	955.22	-0.018801	3.7182e-05	0.10507	supercritical
291.69	556.00	289.81	0.0034505	469.77	661.62	2.7263	1.9067	3.1862	953.07	-0.018562	3.7032e-05	0.10479	supercritical
292.69	556.00	288.99	0.0034604	472.41	664.80	2.7372	1.9079	3.1863	950.94	-0.018324	3.6884e-05	0.10452	supercritical
293.69	556.00	288.17	0.0034702	475.05	667.99	2.7481	1.9091	3.1863	948.83	-0.018088	3.6737e-05	0.10425	supercritical
294.69	556.00	287.35	0.0034801	477.69	671.18	2.7589	1.9103	3.1863	946.75	-0.017852	3.6592e-05	0.10399	supercritical
295.69	556.00	286.54	0.0034900	480.32	674.36	2.7697	1.9115	3.1864	944.68	-0.017618	3.6449e-05	0.10372	supercritical
296.69	556.00	285.72	0.0034999	482.96	677.55	2.7805	1.9127	3.1864	942.64	-0.017385	3.6307e-05	0.10347	supercritical
297.69	556.00	284.92	0.0035098	485.59	680.74	2.7912	1.9140	3.1865	940.61	-0.017153	3.6167e-05	0.10321	supercritical
298.69	556.00	284.11	0.0035198	488.22	683.92	2.8019	1.9153	3.1865	938.61	-0.016922	3.6029e-05	0.10296	supercritical
299.69	556.00	283.30	0.0035298	490.85	687.11	2.8125	1.9166	3.1866	936.63	-0.016693	3.5892e-05	0.10272	supercritical
300.69	556.00	282.50	0.0035398	493.48	690.30	2.8231	1.9179	3.1866	934.67	-0.016466	3.5757e-05	0.10248	supercritical
301.69	556.00	281.70	0.0035498	496.11	693.48	2.8337	1.9193	3.1866	932.73	-0.016239	3.5624e-05	0.10224	supercritical
302.69	556.00	280.91	0.0035599	498.74	696.67	2.8442	1.9207	3.1867	930.81	-0.016015	3.5492e-05	0.10200	supercritical
303.69	556.00	280.11	0.0035700	501.36	699.86	2.8548	1.9221	3.1867	928.91	-0.015791	3.5362e-05	0.10177	supercritical
304.69	556.00	279.32	0.0035801	503.99	703.04	2.8652	1.9235	3.1868	927.03	-0.015569	3.5233e-05	0.10154	supercritical
305.69	556.00	278.53	0.0035902	506.61	706.23	2.8757	1.9250	3.1868	925.17	-0.015349	3.5106e-05	0.10132	supercritical
306.69	556.00	277.75	0.0036004	509.24	709.42	2.8861	1.9264	3.1869	923.33	-0.015130	3.4980e-05	0.10110	supercritical
307.69	556.00	276.97	0.0036105	511.86	712.60	2.8965	1.9279	3.1869	921.52	-0.014913	3.4856e-05	0.10088	supercritical
308.69	556.00	276.19	0.0036208	514.48	715.79	2.9068	1.9295	3.1870	919.72	-0.014697	3.4734e-05	0.10067	supercritical
309.69	556.00	275.41	0.0036310	517.09	718.98	2.9171	1.9310	3.1870	917.94	-0.014483	3.4612e-05	0.10046	supercritical
310.69	556.00	274.63	0.0036412	519.71	722.16	2.9274	1.9326	3.1871	916.18	-0.014270	3.4492e-05	0.10025	supercritical
311.69	556.00	273.86	0.0036515	522.33	725.35	2.9376	1.9342	3.1872	914.44	-0.014059	3.4374e-05	0.10005	supercritical
312.69	556.00	273.09	0.0036618	524.94	728.54	2.9478	1.9358	3.1872	912.71	-0.013850	3.4257e-05	0.099846	supercritical
313.69	556.00	272.33	0.0036721	527.56	731.73	2.9580	1.9374	3.1873	911.01	-0.013642	3.4141e-05	0.099649	supercritical
314.69	556.00	271.56	0.0036824	530.17	734.91	2.9682	1.9390	3.1873	909.33	-0.013436	3.4027e-05	0.099455	supercritical
315.69	556.00	270.80	0.0036928	532.78	738.10	2.9783	1.9407	3.1874	907.66	-0.013232	3.3914e-05	0.099265	supercritical
316.69	556.00	270.04	0.0037031	535.39	741.29	2.9883	1.9424	3.1875	906.02	-0.013030	3.3803e-05	0.099078	supercritical
317.69	556.00	269.29	0.0037135	538.00	744.47	2.9984	1.9441	3.1876	904.39	-0.012829	3.3693e-05	0.098894	supercritical
318.69	556.00	268.53	0.0037239	540.61	747.66	3.0084	1.9458	3.1876	902.78	-0.012630	3.3584e-05	0.098713	supercritical
319.69	556.00	267.78	0.0037344	543.22	750.85	3.0184	1.9476	3.1877	901.19	-0.012433	3.3476e-05	0.098535	supercritical
320.69	556.00	267.04	0.0037448	545.83	754.04	3.0284	1.9494	3.1878	899.62	-0.012238	3.3370e-05	0.098360	supercritical
321.69	556.00	266.29	0.0037553	548.43	757.23	3.0383	1.9512	3.1879	898.07	-0.012044	3.3265e-05	0.098189	supercritical
322.69	556.00	265.55	0.0037658	551.04	760.41	3.0482	1.9530	3.1880	896.53	-0.011852	3.3161e-05	0.098020	supercritical
323.69	556.00	264.81	0.0037763	553.64	763.60	3.0580	1.9548	3.1881	895.01	-0.011662	3.3058e-05	0.097855	supercritical
324.69	556.00	264.07	0.0037868	556.24	766.79	3.0679	1.9567	3.1882	893.51	-0.011474	3.2957e-05	0.097692	supercritical
325.69	556.00	263.34	0.0037974	558.84	769.98	3.0777	1.9585	3.1883	892.03	-0.011288	3.2857e-05	0.097533	supercritical
326.69	556.00	262.61	0.0038079	561.45	773.17	3.0875	1.9604	3.1884	890.56	-0.011104	3.2758e-05	0.097376	supercritical
327.69	556.00	261.88	0.0038185	564.05	776.35	3.0972	1.9623	3.1885	889.11	-0.010921	3.2660e-05	0.097223	supercritical
328.69	556.00	261.16	0.0038291	566.65	779.54	3.1069	1.9642	3.1887	887.68	-0.010741	3.2564e-05	0.097072	supercritical
329.69	556.00	260.44	0.0038397	569.24	782.73	3.1166	1.9662	3.1888	886.27	-0.010562	3.2468e-05	0.096924	supercritical
330.69	556.00	259.72	0.0038504	571.84	785.92	3.1263	1.9682	3.1889	884.87	-0.010385	3.2374e-05	0.096779	supercritical
331.69	556.00	259.00	0.0038610	574.44	789.11	3.1359	1.9701	3.1891	883.49	-0.010210	3.2281e-05	0.096637	supercritical
332.69	556.00	258.29	0.0038717	577.03	792.30	3.1455	1.9721	3.1892	882.12	-0.010038	3.2189e-05	0.096498	supercritical
333.69	556.00	257.58	0.0038824	579.63	795.49	3.1551	1.9742	3.1894	880.78	-0.0098666	3.2098e-05	0.096361	supercritical
334.69	556.00	256.87	0.0038931	582.22	798.68	3.1646	1.9762	3.1895	879.44	-0.0096976	3.2008e-05	0.096227	supercritical
335.69	556.00	256.16	0.0039038	584.82	801.87	3.1741	1.9783	3.1897	878.13	-0.0095305	3.1919e-05	0.096096	supercritical
336.69	556.00	255.46	0.0039145	587.41	805.06	3.1836	1.9803	3.1898	876.83	-0.0093653	3.1832e-05	0.095968	supercritical
337.69	556.00	254.76	0.0039252	590.00	808.25	3.1931	1.9824	3.1900	875.55	-0.0092022	3.1745e-05	0.095842	supercritical
338.69	556.00	254.06	0.0039360	592.60	811.44	3.2025	1.9845	3.1902	874.28	-0.0090410	3.1659e-05	0.095719	supercritical
339.69	556.00	253.37	0.0039468	595.19	814.63	3.2119	1.9867	3.1904	873.03	-0.0088817	3.1575e-05	0.095599	supercritical
340.69	556.00	252.68	0.0039576	597.78	817.82	3.2213	1.9888	3.1906	871.79	-0.0087245	3.1491e-05	0.095481	supercritical
341.69	556.00	251.99	0.0039684	600.37	821.01	3.2306	1.9910	3.1908	870.57	-0.0085692	3.1409e-05	0.095366	supercritical
342.69	556.00	251.31	0.0039792	602.96	824.20	3.2400	1.9931	3.1910	869.36	-0.0084158	3.1327e-05	0.095253	supercritical
343.69	556.00	250.62	0.0039900	605.54	827.39	3.2493	1.9953	3.1913	868.17	-0.0082645	3.1247e-05	0.095143	supercritical
344.69	556.00	249.94	0.0040009	608.13	830.58	3.2585	1.9976	3.1915	867.00	-0.0081152	3.1167e-05	0.095036	supercritical
345.69	556.00	249.27	0.0040118	610.72	833.77	3.2678	1.9998	3.1917	865.84	-0.0079678	3.1089e-05	0.094931	supercritical
346.69	556.00	248.59	0.0040226	613.31	836.97	3.2770	2.0020	3.1920	864.69	-0.0078224	3.1011e-05	0.094828	supercritical
347.69	556.00	247.92	0.0040335	615.89	840.16	3.2862	2.0043	3.1922	863.56	-0.0076790	3.0934e-05	0.094728	supercritical
348.69	556.00	247.25	0.0040444	618.48	843.35	3.2954	2.0066	3.1925	862.45	-0.0075376	3.0859e-05	0.094630	supercritical
349.69	556.00	246.59	0.0040553	621.07	846.54	3.3045	2.0088	3.1928	861.34	-0.0073981	3.0784e-05	0.094535	supercritical
350.69	556.00	245.93	0.0040663	623.65	849.74	3.3136	2.0112	3.1930	860.25	-0.0072607	3.0710e-05	0.094442	supercritical
351.69	556.00	245.27	0.0040772	626.24	852.93	3.3227	2.0135	3.1933	859.18	-0.0071252	3.0637e-05	0.094352	supercritical
352.69	556.00	244.61	0.0040882	628.82	856.12	3.3318	2.0158	3.1936	858.12	-0.0069917	3.0565e-05	0.094264	supercritical
353.69	556.00	243.95	0.0040991	631.41	859.32	3.3408	2.0182	3.1939	857.08	-0.0068602	3.0494e-05	0.094178	supercritical
354.69	556.00	243.30	0.0041101	633.99	862.51	3.3498	2.0205	3.1943	856.04	-0.0067306	3.0423e-05	0.094094	supercritical
355.69	556.00	242.65	0.0041211	636.57	865.70	3.3588	2.0229	3.1946	855.02	-0.0066031	3.0354e-05	0.094013	supercritical
356.69	556.00	242.01	0.0041321	639.16	868.90	3.3678	2.0253	3.1949	854.02	-0.0064774	3.0285e-05	0.093934	supercritical
357.69	556.00	241.37	0.0041431	641.74	872.09	3.3767	2.0277	3.1953	853.03	-0.0063538	3.0217e-05	0.093857	supercritical
358.69	556.00	240.73	0.0041541	644.32	875.29	3.3857	2.0302	3.1956	852.05	-0.0062321	3.0150e-05	0.093782	supercritical
359.69	556.00	240.09	0.0041651	646.90	878.49	3.3946	2.0326	3.1960	851.08	-0.0061123	3.0084e-05	0.093710	supercritical
360.69	556.00	239.45	0.0041762	649.49	881.68	3.4034	2.0351	3.1964	850.13	-0.0059945	3.0019e-05	0.093640	supercritical
361.69	556.00	238.82	0.0041872	652.07	884.88	3.4123	2.0375	3.1968	849.19	-0.0058787	2.9955e-05	0.093572	supercritical
362.69	556.00	238.19	0.0041983	654.65	888.08	3.4211	2.0400	3.1972	848.26	-0.0057647	2.9891e-05	0.093506	supercritical
363.69	556.00	237.57	0.0042094	657.23	891.27	3.4299	2.0425	3.1976	847.35	-0.0056527	2.9828e-05	0.093442	supercritical
364.69	556.00	236.94	0.0042205	659.81	894.47	3.4387	2.0450	3.1980	846.45	-0.0055426	2.9766e-05	0.093380	supercritical
365.69	556.00	236.32	0.0042315	662.40	897.67	3.4475	2.0475	3.1984	845.56	-0.0054345	2.9705e-05	0.093321	supercritical
366.69	556.00	235.70	0.0042426	664.98	900.87	3.4562	2.0501	3.1989	844.68	-0.0053282	2.9644e-05	0.093263	supercritical
367.69	556.00	235.09	0.0042538	667.56	904.07	3.4649	2.0526	3.1993	843.82	-0.0052238	2.9584e-05	0.093207	supercritical
368.69	556.00	234.47	0.0042649	670.14	907.27	3.4736	2.0552	3.1998	842.97	-0.0051214	2.9525e-05	0.093154	supercritical
369.69	556.00	233.86	0.0042760	672.72	910.47	3.4823	2.0578	3.2003	842.12	-0.0050208	2.9467e-05	0.093102	supercritical
370.69	556.00	233.26	0.0042871	675.30	913.67	3.4909	2.0604	3.2008	841.30	-0.0049220	2.9409e-05	0.093053	supercritical
371.69	556.00	232.65	0.0042983	677.88	916.87	3.4995	2.0630	3.2013	840.48	-0.0048252	2.9353e-05	0.093005	supercritical
372.69	556.00	232.05	0.0043094	680.46	920.07	3.5081	2.0656	3.2018	839.67	-0.0047302	2.9296e-05	0.092960	supercritical
373.69	556.00	231.45	0.0043206	683.05	923.27	3.5167	2.0682	3.2023	838.88	-0.0046370	2.9241e-05	0.092916	supercritical
374.69	556.00	230.85	0.0043318	685.63	926.47	3.5253	2.0709	3.2028	838.10	-0.0045457	2.9186e-05	0.092874	supercritical
375.69	556.00	230.26	0.0043429	688.21	929.68	3.5338	2.0735	3.2034	837.32	-0.0044562	2.9132e-05	0.092834	supercritical
376.69	556.00	229.67	0.0043541	690.79	932.88	3.5423	2.0762	3.2039	836.56	-0.0043685	2.9079e-05	0.092796	supercritical
377.69	556.00	229.08	0.0043653	693.37	936.08	3.5508	2.0789	3.2045	835.81	-0.0042826	2.9026e-05	0.092760	supercritical
378.69	556.00	228.49	0.0043765	695.96	939.29	3.5593	2.0815	3.2051	835.08	-0.0041985	2.8974e-05	0.092726	supercritical
379.69	556.00	227.91	0.0043877	698.54	942.50	3.5677	2.0842	3.2057	834.35	-0.0041162	2.8923e-05	0.092693	supercritical
380.69	556.00	227.33	0.0043989	701.12	945.70	3.5762	2.0870	3.2063	833.63	-0.0040357	2.8872e-05	0.092663	supercritical
381.69	556.00	226.75	0.0044101	703.70	948.91	3.5846	2.0897	3.2069	832.93	-0.0039569	2.8823e-05	0.092634	supercritical
382.69	556.00	226.17	0.0044214	706.29	952.11	3.5930	2.0924	3.2075	832.23	-0.0038799	2.8773e-05	0.092607	supercritical
383.69	556.00	225.60	0.0044326	708.87	955.32	3.6014	2.0952	3.2082	831.54	-0.0038046	2.8724e-05	0.092582	supercritical
384.69	556.00	225.03	0.0044438	711.45	958.53	3.6097	2.0979	3.2088	830.87	-0.0037310	2.8676e-05	0.092558	supercritical
385.69	556.00	224.46	0.0044551	714.04	961.74	3.6180	2.1007	3.2095	830.20	-0.0036592	2.8629e-05	0.092536	supercritical
386.69	556.00	223.90	0.0044663	716.62	964.95	3.6263	2.1035	3.2102	829.55	-0.0035890	2.8582e-05	0.092516	supercritical
387.69	556.00	223.33	0.0044776	719.21	968.16	3.6346	2.1063	3.2109	828.90	-0.0035206	2.8536e-05	0.092498	supercritical
388.69	556.00	222.77	0.0044888	721.79	971.37	3.6429	2.1091	3.2116	828.27	-0.0034538	2.8490e-05	0.092481	supercritical
389.69	556.00	222.22	0.0045001	724.38	974.58	3.6512	2.1119	3.2123	827.64	-0.0033886	2.8445e-05	0.092466	supercritical
390.69	556.00	221.66	0.0045114	726.96	977.80	3.6594	2.1147	3.2130	827.03	-0.0033252	2.8401e-05	0.092452	supercritical
391.69	556.00	221.11	0.0045227	729.55	981.01	3.6676	2.1175	3.2138	826.42	-0.0032633	2.8357e-05	0.092441	supercritical
392.69	556.00	220.56	0.0045339	732.14	984.22	3.6758	2.1204	3.2145	825.83	-0.0032031	2.8314e-05	0.092431	supercritical
393.69	556.00	220.01	0.0045452	734.72	987.44	3.6840	2.1232	3.2153	825.24	-0.0031445	2.8271e-05	0.092422	supercritical
394.69	556.00	219.47	0.0045565	737.31	990.65	3.6921	2.1261	3.2161	824.66	-0.0030875	2.8229e-05	0.092415	supercritical
395.69	556.00	218.92	0.0045678	739.90	993.87	3.7003	2.1290	3.2169	824.09	-0.0030320	2.8187e-05	0.092410	supercritical
396.69	556.00	218.38	0.0045791	742.49	997.09	3.7084	2.1319	3.2177	823.53	-0.0029782	2.8146e-05	0.092406	supercritical
397.69	556.00	217.85	0.0045904	745.08	1000.3	3.7165	2.1348	3.2185	822.98	-0.0029259	2.8106e-05	0.092404	supercritical
398.69	556.00	217.31	0.0046017	747.67	1003.5	3.7246	2.1377	3.2193	822.44	-0.0028751	2.8066e-05	0.092403	supercritical
399.69	556.00	216.78	0.0046130	750.26	1006.7	3.7327	2.1406	3.2202	821.91	-0.0028259	2.8026e-05	0.092404	supercritical
400.69	556.00	216.25	0.0046243	752.85	1010.0	3.7407	2.1435	3.2210	821.39	-0.0027781	2.7988e-05	0.092407	supercritical
401.69	556.00	215.72	0.0046357	755.44	1013.2	3.7487	2.1464	3.2219	820.87	-0.0027319	2.7949e-05	0.092411	supercritical
402.69	556.00	215.19	0.0046470	758.04	1016.4	3.7567	2.1494	3.2228	820.36	-0.0026872	2.7911e-05	0.092416	supercritical
403.69	556.00	214.67	0.0046583	760.63	1019.6	3.7647	2.1523	3.2237	819.87	-0.0026439	2.7874e-05	0.092423	supercritical
404.69	556.00	214.15	0.0046696	763.22	1022.9	3.7727	2.1553	3.2246	819.38	-0.0026021	2.7837e-05	0.092431	supercritical
405.69	556.00	213.63	0.0046810	765.82	1026.1	3.7807	2.1582	3.2255	818.89	-0.0025617	2.7801e-05	0.092441	supercritical
406.69	556.00	213.11	0.0046923	768.42	1029.3	3.7886	2.1612	3.2265	818.42	-0.0025228	2.7765e-05	0.092452	supercritical
407.69	556.00	212.60	0.0047037	771.01	1032.5	3.7965	2.1642	3.2274	817.96	-0.0024853	2.7730e-05	0.092465	supercritical
408.69	556.00	212.09	0.0047150	773.61	1035.8	3.8044	2.1672	3.2284	817.50	-0.0024491	2.7695e-05	0.092479	supercritical
409.69	556.00	211.58	0.0047263	776.21	1039.0	3.8123	2.1702	3.2294	817.05	-0.0024144	2.7661e-05	0.092495	supercritical
410.69	556.00	211.07	0.0047377	778.81	1042.2	3.8202	2.1732	3.2304	816.61	-0.0023810	2.7627e-05	0.092511	supercritical
411.69	556.00	210.57	0.0047490	781.41	1045.5	3.8281	2.1762	3.2314	816.17	-0.0023490	2.7594e-05	0.092530	supercritical
412.69	556.00	210.07	0.0047604	784.01	1048.7	3.8359	2.1793	3.2324	815.75	-0.0023184	2.7561e-05	0.092549	supercritical
413.69	556.00	209.57	0.0047717	786.61	1051.9	3.8437	2.1823	3.2334	815.33	-0.0022890	2.7528e-05	0.092570	supercritical
414.69	556.00	209.07	0.0047831	789.21	1055.2	3.8515	2.1853	3.2345	814.92	-0.0022610	2.7496e-05	0.092593	supercritical
415.69	556.00	208.57	0.0047945	791.81	1058.4	3.8593	2.1884	3.2355	814.52	-0.0022343	2.7465e-05	0.092616	supercritical
416.69	556.00	208.08	0.0048058	794.42	1061.6	3.8671	2.1914	3.2366	814.12	-0.0022089	2.7433e-05	0.092641	supercritical
417.69	556.00	207.59	0.0048172	797.02	1064.9	3.8749	2.1945	3.2377	813.73	-0.0021847	2.7403e-05	0.092668	supercritical
418.69	556.00	207.10	0.0048285	799.63	1068.1	3.8826	2.1976	3.2388	813.35	-0.0021618	2.7373e-05	0.092695	supercritical
419.69	556.00	206.62	0.0048399	802.24	1071.3	3.8903	2.2006	3.2399	812.98	-0.0021401	2.7343e-05	0.092724	supercritical
420.69	556.00	206.13	0.0048513	804.85	1074.6	3.8980	2.2037	3.2410	812.61	-0.0021197	2.7313e-05	0.092754	supercritical
421.69	556.00	205.65	0.0048627	807.46	1077.8	3.9057	2.2068	3.2421	812.25	-0.0021005	2.7285e-05	0.092786	supercritical
422.69	556.00	205.17	0.0048740	810.07	1081.1	3.9134	2.2099	3.2433	811.90	-0.0020825	2.7256e-05	0.092819	supercritical
423.69	556.00	204.69	0.0048854	812.68	1084.3	3.9211	2.2130	3.2444	811.55	-0.0020656	2.7228e-05	0.092853	supercritical
424.69	556.00	204.22	0.0048968	815.29	1087.6	3.9287	2.2162	3.2456	811.21	-0.0020500	2.7200e-05	0.092888	supercritical
425.69	556.00	203.74	0.0049081	817.90	1090.8	3.9364	2.2193	3.2468	810.88	-0.0020355	2.7173e-05	0.092924	supercritical
426.69	556.00	203.27	0.0049195	820.52	1094.0	3.9440	2.2224	3.2480	810.55	-0.0020221	2.7146e-05	0.092962	supercritical
427.69	556.00	202.80	0.0049309	823.14	1097.3	3.9516	2.2255	3.2492	810.23	-0.0020099	2.7120e-05	0.093001	supercritical
428.69	556.00	202.34	0.0049423	825.75	1100.5	3.9592	2.2287	3.2504	809.92	-0.0019988	2.7094e-05	0.093041	supercritical
429.69	556.00	201.87	0.0049536	828.37	1103.8	3.9668	2.2318	3.2517	809.61	-0.0019888	2.7068e-05	0.093082	supercritical
430.69	556.00	201.41	0.0049650	830.99	1107.0	3.9743	2.2350	3.2529	809.31	-0.0019798	2.7043e-05	0.093125	supercritical
431.69	556.00	200.95	0.0049764	833.61	1110.3	3.9819	2.2382	3.2542	809.02	-0.0019720	2.7018e-05	0.093168	supercritical
432.69	556.00	200.49	0.0049878	836.23	1113.6	3.9894	2.2413	3.2555	808.73	-0.0019652	2.6993e-05	0.093213	supercritical
433.69	556.00	200.03	0.0049992	838.86	1116.8	3.9969	2.2445	3.2568	808.45	-0.0019595	2.6969e-05	0.093259	supercritical
434.69	556.00	199.58	0.0050105	841.48	1120.1	4.0044	2.2477	3.2581	808.17	-0.0019547	2.6945e-05	0.093306	supercritical
435.69	556.00	199.13	0.0050219	844.11	1123.3	4.0119	2.2509	3.2594	807.90	-0.0019511	2.6922e-05	0.093354	supercritical
436.69	556.00	198.68	0.0050333	846.74	1126.6	4.0194	2.2541	3.2607	807.64	-0.0019484	2.6899e-05	0.093404	supercritical
437.69	556.00	198.23	0.0050447	849.36	1129.8	4.0268	2.2572	3.2620	807.38	-0.0019467	2.6876e-05	0.093454	supercritical
438.69	556.00	197.78	0.0050561	851.99	1133.1	4.0343	2.2605	3.2634	807.13	-0.0019460	2.6853e-05	0.093506	supercritical
439.69	556.00	197.34	0.0050674	854.63	1136.4	4.0417	2.2637	3.2648	806.88	-0.0019462	2.6831e-05	0.093558	supercritical
440.69	556.00	196.90	0.0050788	857.26	1139.6	4.0491	2.2669	3.2661	806.64	-0.0019474	2.6810e-05	0.093612	supercritical
441.69	556.00	196.46	0.0050902	859.89	1142.9	4.0565	2.2701	3.2675	806.41	-0.0019496	2.6788e-05	0.093667	supercritical
442.69	556.00	196.02	0.0051016	862.53	1146.2	4.0639	2.2733	3.2689	806.18	-0.0019527	2.6767e-05	0.093723	supercritical
443.69	556.00	195.58	0.0051130	865.16	1149.4	4.0713	2.2766	3.2703	805.96	-0.0019567	2.6747e-05	0.093780	supercritical
444.69	556.00	195.15	0.0051243	867.80	1152.7	4.0787	2.2798	3.2718	805.74	-0.0019616	2.6727e-05	0.093838	supercritical
445.69	556.00	194.71	0.0051357	870.44	1156.0	4.0860	2.2830	3.2732	805.53	-0.0019674	2.6707e-05	0.093897	supercritical
446.69	556.00	194.28	0.0051471	873.08	1159.3	4.0934	2.2863	3.2746	805.32	-0.0019740	2.6687e-05	0.093957	supercritical
447.69	556.00	193.86	0.0051585	875.73	1162.5	4.1007	2.2895	3.2761	805.12	-0.0019815	2.6668e-05	0.094018	supercritical
448.69	556.00	193.43	0.0051699	878.37	1165.8	4.1080	2.2928	3.2776	804.92	-0.0019899	2.6649e-05	0.094080	supercritical
449.69	556.00	193.00	0.0051812	881.02	1169.1	4.1153	2.2961	3.2791	804.73	-0.0019991	2.6630e-05	0.094143	supercritical
450.69	556.00	192.58	0.0051926	883.66	1172.4	4.1226	2.2993	3.2806	804.54	-0.0020092	2.6611e-05	0.094207	supercritical
451.69	556.00	192.16	0.0052040	886.31	1175.7	4.1299	2.3026	3.2821	804.36	-0.0020200	2.6593e-05	0.094273	supercritical
452.69	556.00	191.74	0.0052154	888.96	1178.9	4.1371	2.3059	3.2836	804.19	-0.0020317	2.6576e-05	0.094339	supercritical
453.69	556.00	191.32	0.0052267	891.62	1182.2	4.1444	2.3091	3.2851	804.01	-0.0020441	2.6558e-05	0.094406	supercritical
454.69	556.00	190.91	0.0052381	894.27	1185.5	4.1516	2.3124	3.2867	803.85	-0.0020574	2.6541e-05	0.094474	supercritical
455.69	556.00	190.50	0.0052495	896.92	1188.8	4.1588	2.3157	3.2882	803.69	-0.0020714	2.6524e-05	0.094543	supercritical
456.69	556.00	190.08	0.0052608	899.58	1192.1	4.1660	2.3190	3.2898	803.53	-0.0020861	2.6508e-05	0.094613	supercritical
457.69	556.00	189.67	0.0052722	902.24	1195.4	4.1732	2.3223	3.2913	803.38	-0.0021016	2.6491e-05	0.094684	supercritical
458.69	556.00	189.27	0.0052836	904.90	1198.7	4.1804	2.3256	3.2929	803.23	-0.0021178	2.6475e-05	0.094756	supercritical
459.69	556.00	188.86	0.0052949	907.56	1202.0	4.1876	2.3289	3.2945	803.09	-0.0021348	2.6460e-05	0.094829	supercritical
460.69	556.00	188.46	0.0053063	910.22	1205.3	4.1947	2.3322	3.2961	802.95	-0.0021524	2.6444e-05	0.094903	supercritical
461.69	556.00	188.05	0.0053177	912.89	1208.6	4.2019	2.3355	3.2978	802.82	-0.0021708	2.6429e-05	0.094978	supercritical
462.69	556.00	187.65	0.0053290	915.56	1211.9	4.2090	2.3389	3.2994	802.69	-0.0021898	2.6414e-05	0.095054	supercritical
463.69	556.00	187.25	0.0053404	918.23	1215.2	4.2162	2.3422	3.3010	802.56	-0.0022096	2.6400e-05	0.095130	supercritical
464.69	556.00	186.85	0.0053518	920.90	1218.5	4.2233	2.3455	3.3027	802.44	-0.0022299	2.6385e-05	0.095208	supercritical
465.69	556.00	186.46	0.0053631	923.57	1221.8	4.2304	2.3488	3.3044	802.33	-0.0022510	2.6371e-05	0.095286	supercritical
466.69	556.00	186.07	0.0053745	926.24	1225.1	4.2375	2.3522	3.3060	802.22	-0.0022727	2.6358e-05	0.095365	supercritical
467.69	556.00	185.67	0.0053858	928.92	1228.4	4.2445	2.3555	3.3077	802.11	-0.0022950	2.6344e-05	0.095446	supercritical
468.69	556.00	185.28	0.0053972	931.59	1231.7	4.2516	2.3589	3.3094	802.01	-0.0023179	2.6331e-05	0.095527	supercritical
469.69	556.00	184.89	0.0054085	934.27	1235.0	4.2587	2.3622	3.3111	801.91	-0.0023415	2.6318e-05	0.095609	supercritical
470.69	556.00	184.51	0.0054199	936.95	1238.3	4.2657	2.3656	3.3129	801.81	-0.0023656	2.6305e-05	0.095692	supercritical
471.69	556.00	184.12	0.0054312	939.64	1241.6	4.2727	2.3689	3.3146	801.72	-0.0023904	2.6293e-05	0.095775	supercritical
472.69	556.00	183.74	0.0054426	942.32	1244.9	4.2798	2.3723	3.3163	801.64	-0.0024157	2.6280e-05	0.095860	supercritical
473.69	556.00	183.35	0.0054539	945.01	1248.2	4.2868	2.3756	3.3181	801.56	-0.0024416	2.6268e-05	0.095945	supercritical
474.69	556.00	182.97	0.0054652	947.70	1251.6	4.2938	2.3790	3.3198	801.48	-0.0024681	2.6257e-05	0.096031	supercritical
475.69	556.00	182.60	0.0054766	950.39	1254.9	4.3008	2.3824	3.3216	801.40	-0.0024951	2.6245e-05	0.096118	supercritical
476.69	556.00	182.22	0.0054879	953.08	1258.2	4.3077	2.3857	3.3234	801.33	-0.0025227	2.6234e-05	0.096206	supercritical
477.69	556.00	181.84	0.0054993	955.77	1261.5	4.3147	2.3891	3.3252	801.27	-0.0025508	2.6223e-05	0.096295	supercritical
478.69	556.00	181.47	0.0055106	958.47	1264.9	4.3217	2.3925	3.3270	801.20	-0.0025794	2.6212e-05	0.096385	supercritical
479.69	556.00	181.10	0.0055219	961.17	1268.2	4.3286	2.3958	3.3288	801.14	-0.0026085	2.6202e-05	0.096475	supercritical
480.69	556.00	180.73	0.0055333	963.87	1271.5	4.3355	2.3992	3.3306	801.09	-0.0026382	2.6191e-05	0.096566	supercritical
481.69	556.00	180.36	0.0055446	966.57	1274.8	4.3425	2.4026	3.3325	801.04	-0.0026683	2.6181e-05	0.096658	supercritical
482.69	556.00	179.99	0.0055559	969.27	1278.2	4.3494	2.4060	3.3343	800.99	-0.0026989	2.6171e-05	0.096751	supercritical
483.69	556.00	179.62	0.0055672	971.98	1281.5	4.3563	2.4094	3.3361	800.94	-0.0027300	2.6162e-05	0.096844	supercritical
484.69	556.00	179.26	0.0055785	974.69	1284.9	4.3632	2.4128	3.3380	800.90	-0.0027616	2.6152e-05	0.096939	supercritical
485.69	556.00	178.90	0.0055899	977.40	1288.2	4.3700	2.4162	3.3399	800.87	-0.0027936	2.6143e-05	0.097034	supercritical
486.69	556.00	178.53	0.0056012	980.11	1291.5	4.3769	2.4196	3.3418	800.83	-0.0028261	2.6134e-05	0.097130	supercritical
487.69	556.00	178.17	0.0056125	982.82	1294.9	4.3838	2.4230	3.3436	800.80	-0.0028590	2.6125e-05	0.097226	supercritical
488.69	556.00	177.82	0.0056238	985.54	1298.2	4.3906	2.4264	3.3455	800.78	-0.0028924	2.6117e-05	0.097324	supercritical
489.69	556.00	177.46	0.0056351	988.25	1301.6	4.3975	2.4298	3.3475	800.75	-0.0029262	2.6109e-05	0.097422	supercritical
490.69	556.00	177.10	0.0056464	990.97	1304.9	4.4043	2.4332	3.3494	800.73	-0.0029604	2.6100e-05	0.097521	supercritical
491.69	556.00	176.75	0.0056577	993.70	1308.3	4.4111	2.4366	3.3513	800.71	-0.0029950	2.6092e-05	0.097621	supercritical
492.69	556.00	176.40	0.0056690	996.42	1311.6	4.4179	2.4400	3.3532	800.70	-0.0030301	2.6085e-05	0.097721	supercritical
493.69	556.00	176.05	0.0056803	999.15	1315.0	4.4247	2.4434	3.3552	800.69	-0.0030655	2.6077e-05	0.097822	supercritical
494.69	556.00	175.70	0.0056916	1001.9	1318.3	4.4315	2.4468	3.3571	800.68	-0.0031013	2.6070e-05	0.097924	supercritical
495.69	556.00	175.35	0.0057029	1004.6	1321.7	4.4383	2.4502	3.3591	800.68	-0.0031375	2.6063e-05	0.098027	supercritical
496.69	556.00	175.00	0.0057142	1007.3	1325.0	4.4451	2.4537	3.3611	800.68	-0.0031740	2.6056e-05	0.098130	supercritical
497.69	556.00	174.66	0.0057255	1010.1	1328.4	4.4518	2.4571	3.3630	800.68	-0.0032110	2.6049e-05	0.098234	supercritical
498.69	556.00	174.31	0.0057368	1012.8	1331.8	4.4586	2.4605	3.3650	800.69	-0.0032483	2.6043e-05	0.098339	supercritical
499.69	556.00	173.97	0.0057481	1015.5	1335.1	4.4653	2.4639	3.3670	800.69	-0.0032859	2.6036e-05	0.098444	supercritical
500.69	556.00	173.63	0.0057593	1018.3	1338.5	4.4721	2.4674	3.3690	800.70	-0.0033239	2.6030e-05	0.098551	supercritical
501.69	556.00	173.29	0.0057706	1021.0	1341.9	4.4788	2.4708	3.3711	800.72	-0.0033622	2.6024e-05	0.098657	supercritical
502.69	556.00	172.95	0.0057819	1023.8	1345.2	4.4855	2.4742	3.3731	800.74	-0.0034008	2.6019e-05	0.098765	supercritical
503.69	556.00	172.62	0.0057932	1026.5	1348.6	4.4922	2.4777	3.3751	800.76	-0.0034398	2.6013e-05	0.098873	supercritical
504.69	556.00	172.28	0.0058044	1029.3	1352.0	4.4989	2.4811	3.3771	800.78	-0.0034790	2.6008e-05	0.098982	supercritical
505.69	556.00	171.95	0.0058157	1032.0	1355.4	4.5056	2.4845	3.3792	800.81	-0.0035186	2.6002e-05	0.099092	supercritical
506.69	556.00	171.62	0.0058270	1034.8	1358.8	4.5123	2.4880	3.3813	800.83	-0.0035585	2.5997e-05	0.099202	supercritical
507.69	556.00	171.28	0.0058382	1037.5	1362.1	4.5189	2.4914	3.3833	800.87	-0.0035986	2.5993e-05	0.099313	supercritical
508.69	556.00	170.96	0.0058495	1040.3	1365.5	4.5256	2.4949	3.3854	800.90	-0.0036391	2.5988e-05	0.099425	supercritical
509.69	556.00	170.63	0.0058607	1043.1	1368.9	4.5322	2.4983	3.3875	800.94	-0.0036798	2.5983e-05	0.099537	supercritical
510.69	556.00	170.30	0.0058720	1045.8	1372.3	4.5389	2.5018	3.3896	800.98	-0.0037209	2.5979e-05	0.099650	supercritical
511.69	556.00	169.97	0.0058832	1048.6	1375.7	4.5455	2.5052	3.3917	801.02	-0.0037621	2.5975e-05	0.099763	supercritical
512.69	556.00	169.65	0.0058945	1051.3	1379.1	4.5521	2.5086	3.3938	801.06	-0.0038037	2.5971e-05	0.099878	supercritical
513.69	556.00	169.33	0.0059057	1054.1	1382.5	4.5588	2.5121	3.3959	801.11	-0.0038455	2.5967e-05	0.099993	supercritical
514.69	556.00	169.01	0.0059170	1056.9	1385.9	4.5654	2.5155	3.3980	801.16	-0.0038875	2.5963e-05	0.10011	supercritical
515.69	556.00	168.68	0.0059282	1059.7	1389.3	4.5720	2.5190	3.4001	801.21	-0.0039298	2.5960e-05	0.10022	supercritical
516.69	556.00	168.37	0.0059395	1062.4	1392.7	4.5786	2.5225	3.4023	801.27	-0.0039723	2.5957e-05	0.10034	supercritical
517.69	556.00	168.05	0.0059507	1065.2	1396.1	4.5851	2.5259	3.4044	801.33	-0.0040151	2.5953e-05	0.10046	supercritical
518.69	556.00	167.73	0.0059619	1068.0	1399.5	4.5917	2.5294	3.4065	801.39	-0.0040581	2.5950e-05	0.10058	supercritical
519.69	556.00	167.42	0.0059731	1070.8	1402.9	4.5983	2.5328	3.4087	801.45	-0.0041013	2.5948e-05	0.10070	supercritical
520.69	556.00	167.10	0.0059844	1073.6	1406.3	4.6048	2.5363	3.4109	801.52	-0.0041447	2.5945e-05	0.10081	supercritical
521.69	556.00	166.79	0.0059956	1076.4	1409.7	4.6114	2.5397	3.4130	801.58	-0.0041883	2.5942e-05	0.10093	supercritical
522.69	556.00	166.48	0.0060068	1079.1	1413.1	4.6179	2.5432	3.4152	801.65	-0.0042322	2.5940e-05	0.10105	supercritical
523.69	556.00	166.17	0.0060180	1081.9	1416.5	4.6244	2.5467	3.4174	801.72	-0.0042762	2.5938e-05	0.10118	supercritical
524.69	556.00	165.86	0.0060292	1084.7	1420.0	4.6310	2.5501	3.4196	801.80	-0.0043204	2.5936e-05	0.10130	supercritical
525.69	556.00	165.55	0.0060404	1087.5	1423.4	4.6375	2.5536	3.4218	801.88	-0.0043648	2.5934e-05	0.10142	supercritical
526.69	556.00	165.24	0.0060516	1090.3	1426.8	4.6440	2.5570	3.4240	801.96	-0.0044094	2.5932e-05	0.10154	supercritical
527.69	556.00	164.94	0.0060628	1093.1	1430.2	4.6505	2.5605	3.4262	802.04	-0.0044542	2.5930e-05	0.10167	supercritical
528.69	556.00	164.64	0.0060740	1095.9	1433.7	4.6570	2.5640	3.4284	802.12	-0.0044992	2.5929e-05	0.10179	supercritical
529.69	556.00	164.33	0.0060852	1098.7	1437.1	4.6634	2.5674	3.4307	802.21	-0.0045443	2.5927e-05	0.10191	supercritical
530.69	556.00	164.03	0.0060964	1101.6	1440.5	4.6699	2.5709	3.4329	802.30	-0.0045896	2.5926e-05	0.10204	supercritical
531.69	556.00	163.73	0.0061076	1104.4	1444.0	4.6764	2.5744	3.4351	802.39	-0.0046350	2.5925e-05	0.10217	supercritical
532.69	556.00	163.43	0.0061188	1107.2	1447.4	4.6828	2.5778	3.4374	802.48	-0.0046806	2.5924e-05	0.10229	supercritical
533.69	556.00	163.13	0.0061300	1110.0	1450.8	4.6893	2.5813	3.4396	802.57	-0.0047263	2.5923e-05	0.10242	supercritical
534.69	556.00	162.84	0.0061412	1112.8	1454.3	4.6957	2.5848	3.4419	802.67	-0.0047722	2.5923e-05	0.10255	supercritical
535.69	556.00	162.54	0.0061523	1115.6	1457.7	4.7022	2.5883	3.4442	802.77	-0.0048182	2.5922e-05	0.10267	supercritical
536.69	556.00	162.25	0.0061635	1118.5	1461.2	4.7086	2.5917	3.4465	802.87	-0.0048644	2.5922e-05	0.10280	supercritical
537.69	556.00	161.95	0.0061747	1121.3	1464.6	4.7150	2.5952	3.4487	802.97	-0.0049107	2.5922e-05	0.10293	supercritical
538.69	556.00	161.66	0.0061858	1124.1	1468.1	4.7214	2.5987	3.4510	803.08	-0.0049571	2.5922e-05	0.10306	supercritical
539.69	556.00	161.37	0.0061970	1127.0	1471.5	4.7278	2.6021	3.4533	803.18	-0.0050036	2.5922e-05	0.10319	supercritical
540.69	556.00	161.08	0.0062082	1129.8	1475.0	4.7342	2.6056	3.4556	803.29	-0.0050503	2.5922e-05	0.10332	supercritical
541.69	556.00	160.79	0.0062193	1132.6	1478.4	4.7406	2.6091	3.4579	803.40	-0.0050970	2.5922e-05	0.10345	supercritical
542.69	556.00	160.50	0.0062305	1135.5	1481.9	4.7470	2.6126	3.4602	803.52	-0.0051439	2.5922e-05	0.10359	supercritical
543.69	556.00	160.21	0.0062416	1138.3	1485.3	4.7534	2.6160	3.4625	803.63	-0.0051909	2.5923e-05	0.10372	supercritical
544.69	556.00	159.93	0.0062528	1141.1	1488.8	4.7597	2.6195	3.4649	803.75	-0.0052380	2.5924e-05	0.10385	supercritical
545.69	556.00	159.64	0.0062639	1144.0	1492.3	4.7661	2.6230	3.4672	803.87	-0.0052852	2.5924e-05	0.10398	supercritical
546.69	556.00	159.36	0.0062751	1146.8	1495.7	4.7724	2.6265	3.4695	803.99	-0.0053325	2.5925e-05	0.10412	supercritical
547.69	556.00	159.08	0.0062862	1149.7	1499.2	4.7788	2.6299	3.4719	804.11	-0.0053798	2.5926e-05	0.10425	supercritical
548.69	556.00	158.80	0.0062973	1152.5	1502.7	4.7851	2.6334	3.4742	804.23	-0.0054273	2.5927e-05	0.10439	supercritical
549.69	556.00	158.52	0.0063085	1155.4	1506.2	4.7914	2.6369	3.4766	804.36	-0.0054748	2.5929e-05	0.10452	supercritical
550.69	556.00	158.24	0.0063196	1158.3	1509.6	4.7978	2.6404	3.4789	804.49	-0.0055224	2.5930e-05	0.10466	supercritical
551.69	556.00	157.96	0.0063307	1161.1	1513.1	4.8041	2.6438	3.4813	804.62	-0.0055701	2.5932e-05	0.10480	supercritical
552.69	556.00	157.68	0.0063419	1164.0	1516.6	4.8104	2.6473	3.4836	804.75	-0.0056179	2.5933e-05	0.10493	supercritical
553.69	556.00	157.41	0.0063530	1166.9	1520.1	4.8167	2.6508	3.4860	804.88	-0.0056657	2.5935e-05	0.10507	supercritical
554.69	556.00	157.13	0.0063641	1169.7	1523.6	4.8230	2.6543	3.4884	805.01	-0.0057136	2.5937e-05	0.10521	supercritical
555.69	556.00	156.86	0.0063752	1172.6	1527.1	4.8293	2.6577	3.4908	805.15	-0.0057616	2.5939e-05	0.10535	supercritical
556.69	556.00	156.59	0.0063863	1175.5	1530.5	4.8355	2.6612	3.4932	805.29	-0.0058096	2.5941e-05	0.10549	supercritical
557.69	556.00	156.31	0.0063974	1178.3	1534.0	4.8418	2.6647	3.4956	805.43	-0.0058577	2.5943e-05	0.10562	supercritical
558.69	556.00	156.04	0.0064085	1181.2	1537.5	4.8481	2.6682	3.4980	805.57	-0.0059058	2.5945e-05	0.10576	supercritical
559.69	556.00	155.77	0.0064196	1184.1	1541.0	4.8543	2.6716	3.5004	805.71	-0.0059540	2.5948e-05	0.10590	supercritical
560.69	556.00	155.50	0.0064307	1187.0	1544.5	4.8606	2.6751	3.5028	805.86	-0.0060022	2.5950e-05	0.10605	supercritical
561.69	556.00	155.24	0.0064418	1189.9	1548.0	4.8668	2.6786	3.5052	806.00	-0.0060505	2.5953e-05	0.10619	supercritical
562.69	556.00	154.97	0.0064529	1192.8	1551.6	4.8731	2.6821	3.5076	806.15	-0.0060988	2.5956e-05	0.10633	supercritical
563.69	556.00	154.70	0.0064640	1195.7	1555.1	4.8793	2.6855	3.5100	806.30	-0.0061471	2.5958e-05	0.10647	supercritical
564.69	556.00	154.44	0.0064751	1198.6	1558.6	4.8855	2.6890	3.5125	806.45	-0.0061955	2.5961e-05	0.10661	supercritical
565.69	556.00	154.17	0.0064861	1201.5	1562.1	4.8917	2.6925	3.5149	806.60	-0.0062439	2.5964e-05	0.10676	supercritical
566.69	556.00	153.91	0.0064972	1204.4	1565.6	4.8979	2.6960	3.5173	806.75	-0.0062924	2.5968e-05	0.10690	supercritical
567.69	556.00	153.65	0.0065083	1207.3	1569.1	4.9041	2.6994	3.5198	806.91	-0.0063408	2.5971e-05	0.10704	supercritical
568.69	556.00	153.39	0.0065194	1210.2	1572.6	4.9103	2.7029	3.5222	807.07	-0.0063893	2.5974e-05	0.10719	supercritical
569.69	556.00	153.13	0.0065304	1213.1	1576.2	4.9165	2.7064	3.5247	807.22	-0.0064378	2.5978e-05	0.10733	supercritical
570.69	556.00	152.87	0.0065415	1216.0	1579.7	4.9227	2.7099	3.5271	807.38	-0.0064863	2.5981e-05	0.10748	supercritical
571.69	556.00	152.61	0.0065525	1218.9	1583.2	4.9289	2.7133	3.5296	807.55	-0.0065349	2.5985e-05	0.10763	supercritical
572.69	556.00	152.36	0.0065636	1221.8	1586.7	4.9351	2.7168	3.5321	807.71	-0.0065834	2.5988e-05	0.10777	supercritical
573.69	556.00	152.10	0.0065747	1224.7	1590.3	4.9412	2.7203	3.5345	807.87	-0.0066320	2.5992e-05	0.10792	supercritical
574.69	556.00	151.84	0.0065857	1227.7	1593.8	4.9474	2.7238	3.5370	808.04	-0.0066806	2.5996e-05	0.10807	supercritical
575.69	556.00	151.59	0.0065968	1230.6	1597.4	4.9535	2.7272	3.5395	808.20	-0.0067292	2.6000e-05	0.10821	supercritical
576.69	556.00	151.34	0.0066078	1233.5	1600.9	4.9597	2.7307	3.5420	808.37	-0.0067777	2.6004e-05	0.10836	supercritical
577.69	556.00	151.08	0.0066188	1236.4	1604.4	4.9658	2.7342	3.5445	808.54	-0.0068263	2.6009e-05	0.10851	supercritical
578.69	556.00	150.83	0.0066299	1239.4	1608.0	4.9719	2.7376	3.5469	808.71	-0.0068749	2.6013e-05	0.10866	supercritical
579.69	556.00	150.58	0.0066409	1242.3	1611.5	4.9781	2.7411	3.5494	808.88	-0.0069235	2.6017e-05	0.10881	supercritical
580.69	556.00	150.33	0.0066519	1245.2	1615.1	4.9842	2.7446	3.5519	809.06	-0.0069720	2.6022e-05	0.10896	supercritical
581.69	556.00	150.08	0.0066630	1248.2	1618.6	4.9903	2.7481	3.5544	809.23	-0.0070206	2.6026e-05	0.10911	supercritical
582.69	556.00	149.84	0.0066740	1251.1	1622.2	4.9964	2.7515	3.5570	809.41	-0.0070691	2.6031e-05	0.10926	supercritical
583.69	556.00	149.59	0.0066850	1254.1	1625.8	5.0025	2.7550	3.5595	809.59	-0.0071177	2.6036e-05	0.10941	supercritical
584.69	556.00	149.34	0.0066960	1257.0	1629.3	5.0086	2.7585	3.5620	809.76	-0.0071662	2.6041e-05	0.10956	supercritical
585.69	556.00	149.10	0.0067070	1260.0	1632.9	5.0147	2.7619	3.5645	809.94	-0.0072147	2.6046e-05	0.10971	supercritical
586.69	556.00	148.85	0.0067181	1262.9	1636.4	5.0208	2.7654	3.5670	810.12	-0.0072632	2.6051e-05	0.10987	supercritical
587.69	556.00	148.61	0.0067291	1265.9	1640.0	5.0269	2.7688	3.5696	810.31	-0.0073117	2.6056e-05	0.11002	supercritical
588.69	556.00	148.37	0.0067401	1268.8	1643.6	5.0329	2.7723	3.5721	810.49	-0.0073601	2.6061e-05	0.11017	supercritical
589.69	556.00	148.12	0.0067511	1271.8	1647.2	5.0390	2.7758	3.5746	810.67	-0.0074085	2.6066e-05	0.11032	supercritical
590.69	556.00	147.88	0.0067621	1274.8	1650.7	5.0451	2.7792	3.5772	810.86	-0.0074569	2.6071e-05	0.11048	supercritical
591.69	556.00	147.64	0.0067731	1277.7	1654.3	5.0511	2.7827	3.5797	811.05	-0.0075053	2.6077e-05	0.11063	supercritical
592.69	556.00	147.40	0.0067840	1280.7	1657.9	5.0572	2.7862	3.5822	811.24	-0.0075536	2.6082e-05	0.11079	supercritical
593.69	556.00	147.17	0.0067950	1283.7	1661.5	5.0632	2.7896	3.5848	811.42	-0.0076019	2.6088e-05	0.11094	supercritical
594.69	556.00	146.93	0.0068060	1286.6	1665.1	5.0692	2.7931	3.5873	811.62	-0.0076502	2.6094e-05	0.11110	supercritical
595.69	556.00	146.69	0.0068170	1289.6	1668.6	5.0753	2.7965	3.5899	811.81	-0.0076984	2.6099e-05	0.11125	supercritical
596.69	556.00	146.46	0.0068280	1292.6	1672.2	5.0813	2.8000	3.5925	812.00	-0.0077466	2.6105e-05	0.11141	supercritical
597.69	556.00	146.22	0.0068390	1295.6	1675.8	5.0873	2.8035	3.5950	812.19	-0.0077948	2.6111e-05	0.11157	supercritical
598.69	556.00	145.99	0.0068499	1298.6	1679.4	5.0933	2.8069	3.5976	812.39	-0.0078429	2.6117e-05	0.11172	supercritical
599.69	556.00	145.75	0.0068609	1301.6	1683.0	5.0993	2.8104	3.6002	812.58	-0.0078910	2.6123e-05	0.11188	supercritical
600.69	556.00	145.52	0.0068719	1304.6	1686.6	5.1053	2.8138	3.6027	812.78	-0.0079390	2.6129e-05	0.11204	supercritical
601.69	556.00	145.29	0.0068828	1307.5	1690.2	5.1113	2.8173	3.6053	812.98	-0.0079870	2.6136e-05	0.11220	supercritical
602.69	556.00	145.06	0.0068938	1310.5	1693.8	5.1173	2.8207	3.6079	813.18	-0.0080349	2.6142e-05	0.11236	supercritical
603.69	556.00	144.83	0.0069047	1313.5	1697.4	5.1233	2.8242	3.6105	813.38	-0.0080828	2.6148e-05	0.11251	supercritical
604.69	556.00	144.60	0.0069157	1316.5	1701.1	5.1293	2.8276	3.6131	813.58	-0.0081307	2.6155e-05	0.11267	supercritical
605.69	556.00	144.37	0.0069266	1319.6	1704.7	5.1352	2.8311	3.6156	813.78	-0.0081784	2.6161e-05	0.11283	supercritical
606.69	556.00	144.14	0.0069376	1322.6	1708.3	5.1412	2.8345	3.6182	813.98	-0.0082262	2.6168e-05	0.11299	supercritical
607.69	556.00	143.92	0.0069485	1325.6	1711.9	5.1472	2.8380	3.6208	814.19	-0.0082739	2.6174e-05	0.11315	supercritical
608.69	556.00	143.69	0.0069595	1328.6	1715.5	5.1531	2.8414	3.6234	814.39	-0.0083215	2.6181e-05	0.11331	supercritical
609.69	556.00	143.46	0.0069704	1331.6	1719.2	5.1591	2.8449	3.6260	814.60	-0.0083691	2.6188e-05	0.11347	supercritical
610.69	556.00	143.24	0.0069813	1334.6	1722.8	5.1650	2.8483	3.6286	814.81	-0.0084166	2.6195e-05	0.11364	supercritical
611.69	556.00	143.02	0.0069923	1337.6	1726.4	5.1710	2.8517	3.6312	815.02	-0.0084641	2.6202e-05	0.11380	supercritical
612.69	556.00	142.79	0.0070032	1340.7	1730.0	5.1769	2.8552	3.6338	815.22	-0.0085115	2.6209e-05	0.11396	supercritical
613.69	556.00	142.57	0.0070141	1343.7	1733.7	5.1828	2.8586	3.6365	815.44	-0.0085588	2.6216e-05	0.11412	supercritical
614.69	556.00	142.35	0.0070250	1346.7	1737.3	5.1887	2.8621	3.6391	815.65	-0.0086061	2.6223e-05	0.11428	supercritical
615.69	556.00	142.13	0.0070360	1349.8	1741.0	5.1947	2.8655	3.6417	815.86	-0.0086533	2.6230e-05	0.11445	supercritical
616.69	556.00	141.91	0.0070469	1352.8	1744.6	5.2006	2.8689	3.6443	816.07	-0.0087004	2.6237e-05	0.11461	supercritical
617.69	556.00	141.69	0.0070578	1355.8	1748.3	5.2065	2.8724	3.6469	816.28	-0.0087475	2.6245e-05	0.11478	supercritical
618.69	556.00	141.47	0.0070687	1358.9	1751.9	5.2124	2.8758	3.6496	816.50	-0.0087945	2.6252e-05	0.11494	supercritical
619.69	556.00	141.25	0.0070796	1361.9	1755.5	5.2183	2.8793	3.6522	816.71	-0.0088415	2.6259e-05	0.11510	supercritical
620.69	556.00	141.03	0.0070905	1365.0	1759.2	5.2242	2.8827	3.6548	816.93	-0.0088883	2.6267e-05	0.11527	supercritical
621.69	556.00	140.82	0.0071014	1368.0	1762.9	5.2300	2.8861	3.6574	817.15	-0.0089351	2.6275e-05	0.11543	supercritical
622.69	556.00	140.60	0.0071123	1371.1	1766.5	5.2359	2.8895	3.6601	817.37	-0.0089819	2.6282e-05	0.11560	supercritical
623.69	556.00	140.39	0.0071232	1374.1	1770.2	5.2418	2.8930	3.6627	817.58	-0.0090285	2.6290e-05	0.11576	supercritical
624.69	556.00	140.17	0.0071341	1377.2	1773.8	5.2477	2.8964	3.6654	817.80	-0.0090751	2.6298e-05	0.11593	supercritical