Temperature (K)	Pressure (bar)	Density (kg/m3)	Volume (m3/kg)	Internal Energy (kJ/kg)	Enthalpy (kJ/kg)	Entropy (J/g*K)	Cv (J/g*K)	Cp (J/g*K)	Sound Spd. (m/s)	Joule-Thomson (K/bar)	Viscosity (Pa*s)	Therm. Cond. (W/m*K)	Phase
90.694	355.00	471.15	0.0021225	-88.316	-12.969	-0.90844	2.2422	3.2467	1742.3	-0.051746	0.00032745	0.23959	liquid
99.694	355.00	461.40	0.0021673	-60.693	16.247	-0.60131	2.1940	3.2473	1682.7	-0.051105	0.00023456	0.23076	liquid
100.69	355.00	460.32	0.0021724	-57.627	19.494	-0.56889	2.1892	3.2479	1676.0	-0.051016	0.00022729	0.22971	liquid
101.69	355.00	459.23	0.0021775	-54.561	22.742	-0.53679	2.1845	3.2485	1669.2	-0.050925	0.00022045	0.22865	liquid
102.69	355.00	458.15	0.0021827	-51.495	25.991	-0.50500	2.1799	3.2491	1662.5	-0.050831	0.00021400	0.22759	liquid
103.69	355.00	457.06	0.0021879	-48.430	29.241	-0.47351	2.1753	3.2498	1655.7	-0.050734	0.00020792	0.22651	liquid
104.69	355.00	455.97	0.0021931	-45.364	32.491	-0.44232	2.1708	3.2505	1648.9	-0.050635	0.00020216	0.22542	liquid
105.69	355.00	454.89	0.0021983	-42.300	35.742	-0.41142	2.1663	3.2512	1642.2	-0.050534	0.00019671	0.22433	liquid
106.69	355.00	453.80	0.0022036	-39.235	38.993	-0.38080	2.1619	3.2520	1635.4	-0.050430	0.00019155	0.22323	liquid
107.69	355.00	452.71	0.0022089	-36.171	42.246	-0.35046	2.1575	3.2528	1628.6	-0.050325	0.00018664	0.22212	liquid
108.69	355.00	451.62	0.0022142	-33.107	45.499	-0.32039	2.1532	3.2535	1621.8	-0.050216	0.00018198	0.22101	liquid
109.69	355.00	450.53	0.0022196	-30.043	48.753	-0.29059	2.1489	3.2543	1615.0	-0.050106	0.00017754	0.21989	liquid
110.69	355.00	449.44	0.0022250	-26.979	52.007	-0.26105	2.1446	3.2551	1608.2	-0.049993	0.00017332	0.21877	liquid
111.69	355.00	448.35	0.0022304	-23.916	55.263	-0.23177	2.1403	3.2559	1601.4	-0.049878	0.00016929	0.21764	liquid
112.69	355.00	447.26	0.0022358	-20.853	58.519	-0.20275	2.1361	3.2567	1594.6	-0.049761	0.00016543	0.21651	liquid
113.69	355.00	446.17	0.0022413	-17.790	61.777	-0.17397	2.1319	3.2576	1587.8	-0.049641	0.00016175	0.21537	liquid
114.69	355.00	445.07	0.0022468	-14.727	65.034	-0.14544	2.1278	3.2584	1581.0	-0.049520	0.00015823	0.21423	liquid
115.69	355.00	443.98	0.0022524	-11.665	68.293	-0.11715	2.1237	3.2592	1574.2	-0.049395	0.00015485	0.21309	liquid
116.69	355.00	442.89	0.0022579	-8.6033	71.553	-0.089100	2.1196	3.2600	1567.4	-0.049269	0.00015162	0.21195	liquid
117.69	355.00	441.79	0.0022635	-5.5417	74.813	-0.061279	2.1155	3.2608	1560.6	-0.049140	0.00014851	0.21081	liquid
118.69	355.00	440.69	0.0022692	-2.4804	78.075	-0.033687	2.1114	3.2617	1553.9	-0.049009	0.00014552	0.20966	liquid
119.69	355.00	439.60	0.0022748	0.58050	81.337	-0.0063187	2.1074	3.2625	1547.1	-0.048875	0.00014265	0.20851	liquid
120.69	355.00	438.50	0.0022805	3.6411	84.600	0.020829	2.1034	3.2633	1540.3	-0.048739	0.00013989	0.20737	liquid
121.69	355.00	437.40	0.0022863	6.7013	87.863	0.047759	2.0995	3.2642	1533.6	-0.048600	0.00013723	0.20622	liquid
122.69	355.00	436.30	0.0022920	9.7611	91.128	0.074476	2.0955	3.2650	1526.8	-0.048459	0.00013466	0.20507	liquid
123.69	355.00	435.19	0.0022978	12.821	94.393	0.10098	2.0916	3.2659	1520.1	-0.048315	0.00013219	0.20392	liquid
124.69	355.00	434.09	0.0023037	15.880	97.660	0.12728	2.0877	3.2667	1513.4	-0.048169	0.00012980	0.20277	liquid
125.69	355.00	432.99	0.0023095	18.938	100.93	0.15338	2.0838	3.2676	1506.6	-0.048020	0.00012749	0.20162	liquid
126.69	355.00	431.88	0.0023154	21.997	104.19	0.17928	2.0800	3.2685	1499.9	-0.047868	0.00012526	0.20048	liquid
127.69	355.00	430.78	0.0023214	25.054	107.46	0.20498	2.0762	3.2694	1493.2	-0.047713	0.00012310	0.19933	liquid
128.69	355.00	429.67	0.0023274	28.112	110.73	0.23048	2.0724	3.2702	1486.5	-0.047555	0.00012101	0.19819	liquid
129.69	355.00	428.56	0.0023334	31.169	114.00	0.25580	2.0686	3.2711	1479.8	-0.047395	0.00011899	0.19704	liquid
130.69	355.00	427.45	0.0023394	34.226	117.28	0.28093	2.0649	3.2720	1473.2	-0.047232	0.00011703	0.19590	liquid
131.69	355.00	426.34	0.0023455	37.282	120.55	0.30587	2.0612	3.2730	1466.5	-0.047065	0.00011513	0.19477	liquid
132.69	355.00	425.23	0.0023517	40.337	123.82	0.33063	2.0575	3.2739	1459.9	-0.046896	0.00011328	0.19363	liquid
133.69	355.00	424.12	0.0023578	43.393	127.10	0.35522	2.0538	3.2748	1453.2	-0.046723	0.00011149	0.19250	liquid
134.69	355.00	423.00	0.0023641	46.447	130.37	0.37963	2.0502	3.2758	1446.6	-0.046548	0.00010975	0.19136	liquid
135.69	355.00	421.89	0.0023703	49.502	133.65	0.40386	2.0466	3.2767	1440.0	-0.046369	0.00010806	0.19024	liquid
136.69	355.00	420.77	0.0023766	52.556	136.92	0.42792	2.0430	3.2777	1433.4	-0.046187	0.00010641	0.18911	liquid
137.69	355.00	419.65	0.0023829	55.609	140.20	0.45182	2.0395	3.2787	1426.8	-0.046001	0.00010482	0.18799	liquid
138.69	355.00	418.53	0.0023893	58.662	143.48	0.47555	2.0360	3.2797	1420.3	-0.045813	0.00010326	0.18687	liquid
139.69	355.00	417.41	0.0023957	61.714	146.76	0.49911	2.0325	3.2807	1413.7	-0.045621	0.00010175	0.18575	liquid
140.69	355.00	416.29	0.0024022	64.766	150.04	0.52252	2.0290	3.2818	1407.2	-0.045425	0.00010027	0.18464	liquid
141.69	355.00	415.17	0.0024087	67.818	153.33	0.54576	2.0256	3.2828	1400.7	-0.045226	9.8835e-05	0.18353	liquid
142.69	355.00	414.04	0.0024152	70.869	156.61	0.56885	2.0222	3.2839	1394.2	-0.045023	9.7435e-05	0.18243	liquid
143.69	355.00	412.92	0.0024218	73.920	159.89	0.59179	2.0188	3.2850	1387.7	-0.044817	9.6070e-05	0.18133	liquid
144.69	355.00	411.79	0.0024284	76.970	163.18	0.61458	2.0155	3.2861	1381.2	-0.044607	9.4738e-05	0.18023	liquid
145.69	355.00	410.66	0.0024351	80.020	166.47	0.63721	2.0122	3.2872	1374.7	-0.044394	9.3439e-05	0.17914	liquid
146.69	355.00	409.53	0.0024418	83.069	169.75	0.65970	2.0089	3.2884	1368.3	-0.044176	9.2172e-05	0.17805	liquid
147.69	355.00	408.40	0.0024486	86.118	173.04	0.68205	2.0057	3.2895	1361.9	-0.043955	9.0934e-05	0.17697	liquid
148.69	355.00	407.26	0.0024554	89.166	176.33	0.70425	2.0025	3.2907	1355.4	-0.043730	8.9725e-05	0.17589	liquid
149.69	355.00	406.13	0.0024623	92.214	179.62	0.72631	1.9993	3.2919	1349.1	-0.043501	8.8545e-05	0.17482	liquid
150.69	355.00	404.99	0.0024692	95.261	182.92	0.74823	1.9961	3.2932	1342.7	-0.043269	8.7391e-05	0.17375	liquid
151.69	355.00	403.86	0.0024761	98.308	186.21	0.77002	1.9930	3.2944	1336.3	-0.043032	8.6264e-05	0.17268	liquid
152.69	355.00	402.72	0.0024831	101.35	189.51	0.79167	1.9899	3.2957	1330.0	-0.042791	8.5162e-05	0.17162	liquid
153.69	355.00	401.58	0.0024902	104.40	192.80	0.81318	1.9869	3.2970	1323.6	-0.042546	8.4084e-05	0.17057	liquid
154.69	355.00	400.44	0.0024973	107.45	196.10	0.83457	1.9838	3.2983	1317.3	-0.042297	8.3029e-05	0.16952	liquid
155.69	355.00	399.29	0.0025044	110.49	199.40	0.85583	1.9808	3.2996	1311.0	-0.042043	8.1997e-05	0.16847	liquid
156.69	355.00	398.15	0.0025116	113.54	202.70	0.87696	1.9779	3.3010	1304.8	-0.041786	8.0988e-05	0.16743	liquid
157.69	355.00	397.00	0.0025189	116.58	206.00	0.89796	1.9749	3.3023	1298.5	-0.041524	8.0000e-05	0.16640	liquid
158.69	355.00	395.85	0.0025262	119.62	209.30	0.91884	1.9720	3.3037	1292.3	-0.041257	7.9032e-05	0.16537	liquid
159.69	355.00	394.70	0.0025335	122.67	212.61	0.93960	1.9692	3.3052	1286.1	-0.040987	7.8085e-05	0.16435	liquid
160.69	355.00	393.55	0.0025409	125.71	215.91	0.96023	1.9663	3.3066	1279.9	-0.040712	7.7157e-05	0.16333	liquid
161.69	355.00	392.40	0.0025484	128.75	219.22	0.98075	1.9635	3.3081	1273.7	-0.040432	7.6247e-05	0.16232	liquid
162.69	355.00	391.25	0.0025559	131.79	222.53	1.0012	1.9608	3.3096	1267.6	-0.040148	7.5357e-05	0.16131	liquid
163.69	355.00	390.09	0.0025635	134.84	225.84	1.0214	1.9580	3.3111	1261.4	-0.039859	7.4483e-05	0.16031	liquid
164.69	355.00	388.94	0.0025711	137.88	229.15	1.0416	1.9553	3.3126	1255.3	-0.039566	7.3628e-05	0.15931	liquid
165.69	355.00	387.78	0.0025788	140.92	232.47	1.0617	1.9527	3.3142	1249.2	-0.039268	7.2789e-05	0.15833	liquid
166.69	355.00	386.62	0.0025865	143.96	235.78	1.0816	1.9500	3.3158	1243.1	-0.038965	7.1966e-05	0.15734	liquid
167.69	355.00	385.45	0.0025943	147.00	239.10	1.1014	1.9474	3.3174	1237.1	-0.038658	7.1159e-05	0.15636	liquid
168.69	355.00	384.29	0.0026022	150.04	242.42	1.1212	1.9448	3.3190	1231.1	-0.038346	7.0367e-05	0.15539	liquid
169.69	355.00	383.13	0.0026101	153.08	245.74	1.1408	1.9423	3.3206	1225.0	-0.038029	6.9591e-05	0.15443	liquid
170.69	355.00	381.96	0.0026181	156.12	249.06	1.1603	1.9398	3.3223	1219.1	-0.037707	6.8829e-05	0.15347	liquid
171.69	355.00	380.79	0.0026261	159.15	252.38	1.1797	1.9373	3.3240	1213.1	-0.037380	6.8081e-05	0.15251	liquid
172.69	355.00	379.62	0.0026342	162.19	255.70	1.1990	1.9349	3.3257	1207.2	-0.037048	6.7347e-05	0.15157	liquid
173.69	355.00	378.45	0.0026423	165.23	259.03	1.2182	1.9325	3.3274	1201.2	-0.036711	6.6626e-05	0.15062	liquid
174.69	355.00	377.28	0.0026505	168.27	262.36	1.2373	1.9301	3.3292	1195.3	-0.036370	6.5919e-05	0.14969	liquid
175.69	355.00	376.11	0.0026588	171.30	265.69	1.2564	1.9278	3.3310	1189.5	-0.036023	6.5224e-05	0.14876	liquid
176.69	355.00	374.93	0.0026672	174.34	269.02	1.2753	1.9255	3.3328	1183.6	-0.035671	6.4542e-05	0.14784	liquid
177.69	355.00	373.75	0.0026756	177.37	272.36	1.2941	1.9232	3.3346	1177.8	-0.035314	6.3872e-05	0.14692	liquid
178.69	355.00	372.58	0.0026840	180.41	275.69	1.3128	1.9210	3.3364	1172.0	-0.034952	6.3213e-05	0.14601	liquid
179.69	355.00	371.40	0.0026925	183.44	279.03	1.3314	1.9188	3.3382	1166.2	-0.034585	6.2566e-05	0.14511	liquid
180.69	355.00	370.22	0.0027011	186.48	282.37	1.3500	1.9166	3.3401	1160.5	-0.034212	6.1931e-05	0.14421	liquid
181.69	355.00	369.03	0.0027098	189.51	285.71	1.3684	1.9145	3.3420	1154.7	-0.033835	6.1306e-05	0.14332	liquid
182.69	355.00	367.85	0.0027185	192.54	289.05	1.3867	1.9124	3.3439	1149.0	-0.033452	6.0693e-05	0.14244	liquid
183.69	355.00	366.66	0.0027273	195.58	292.40	1.4050	1.9103	3.3458	1143.4	-0.033064	6.0089e-05	0.14156	liquid
184.69	355.00	365.48	0.0027362	198.61	295.74	1.4232	1.9083	3.3477	1137.7	-0.032670	5.9496e-05	0.14069	liquid
185.69	355.00	364.29	0.0027451	201.64	299.09	1.4413	1.9063	3.3497	1132.1	-0.032271	5.8913e-05	0.13983	liquid
186.69	355.00	363.10	0.0027541	204.67	302.44	1.4592	1.9043	3.3516	1126.5	-0.031867	5.8340e-05	0.13897	liquid
187.69	355.00	361.91	0.0027632	207.70	305.79	1.4772	1.9024	3.3536	1120.9	-0.031458	5.7776e-05	0.13812	liquid
188.69	355.00	360.71	0.0027723	210.73	309.15	1.4950	1.9005	3.3556	1115.4	-0.031043	5.7221e-05	0.13728	liquid
189.69	355.00	359.52	0.0027815	213.76	312.51	1.5127	1.8986	3.3576	1109.9	-0.030623	5.6676e-05	0.13645	liquid
190.69	355.00	358.32	0.0027908	216.79	315.86	1.5304	1.8968	3.3596	1104.4	-0.030197	5.6139e-05	0.13563	supercritical
191.69	355.00	357.13	0.0028001	219.82	319.23	1.5480	1.8950	3.3616	1098.9	-0.029766	5.5612e-05	0.13479	supercritical
192.69	355.00	355.93	0.0028095	222.85	322.59	1.5655	1.8932	3.3637	1093.5	-0.029330	5.5092e-05	0.13396	supercritical
193.69	355.00	354.73	0.0028190	225.88	325.95	1.5829	1.8915	3.3657	1088.1	-0.028888	5.4581e-05	0.13315	supercritical
194.69	355.00	353.53	0.0028286	228.90	329.32	1.6002	1.8898	3.3677	1082.7	-0.028441	5.4079e-05	0.13234	supercritical
195.69	355.00	352.33	0.0028383	231.93	332.69	1.6175	1.8881	3.3698	1077.4	-0.027989	5.3584e-05	0.13153	supercritical
196.69	355.00	351.13	0.0028480	234.96	336.06	1.6346	1.8865	3.3718	1072.1	-0.027531	5.3097e-05	0.13074	supercritical
197.69	355.00	349.92	0.0028578	237.98	339.43	1.6518	1.8849	3.3739	1066.8	-0.027068	5.2617e-05	0.12995	supercritical
198.69	355.00	348.72	0.0028677	241.00	342.81	1.6688	1.8833	3.3760	1061.5	-0.026599	5.2146e-05	0.12917	supercritical
199.69	355.00	347.51	0.0028776	244.03	346.18	1.6857	1.8818	3.3780	1056.3	-0.026125	5.1681e-05	0.12839	supercritical
200.69	355.00	346.30	0.0028876	247.05	349.56	1.7026	1.8803	3.3801	1051.1	-0.025646	5.1224e-05	0.12762	supercritical
201.69	355.00	345.10	0.0028977	250.07	352.94	1.7194	1.8788	3.3822	1046.0	-0.025161	5.0773e-05	0.12686	supercritical
202.69	355.00	343.89	0.0029079	253.10	356.33	1.7362	1.8774	3.3842	1040.8	-0.024671	5.0330e-05	0.12610	supercritical
203.69	355.00	342.68	0.0029182	256.12	359.71	1.7528	1.8760	3.3863	1035.7	-0.024176	4.9893e-05	0.12535	supercritical
204.69	355.00	341.47	0.0029286	259.14	363.10	1.7694	1.8747	3.3884	1030.7	-0.023676	4.9463e-05	0.12461	supercritical
205.69	355.00	340.25	0.0029390	262.16	366.49	1.7859	1.8733	3.3904	1025.7	-0.023170	4.9040e-05	0.12387	supercritical
206.69	355.00	339.04	0.0029495	265.17	369.88	1.8024	1.8720	3.3925	1020.7	-0.022659	4.8623e-05	0.12314	supercritical
207.69	355.00	337.83	0.0029601	268.19	373.27	1.8187	1.8708	3.3945	1015.7	-0.022144	4.8212e-05	0.12242	supercritical
208.69	355.00	336.61	0.0029708	271.21	376.67	1.8351	1.8696	3.3965	1010.8	-0.021623	4.7807e-05	0.12170	supercritical
209.69	355.00	335.40	0.0029815	274.22	380.07	1.8513	1.8684	3.3985	1005.9	-0.021097	4.7408e-05	0.12099	supercritical
210.69	355.00	334.19	0.0029924	277.24	383.47	1.8675	1.8672	3.4006	1001.0	-0.020566	4.7015e-05	0.12029	supercritical
211.69	355.00	332.97	0.0030033	280.25	386.87	1.8836	1.8661	3.4026	996.16	-0.020030	4.6628e-05	0.11960	supercritical
212.69	355.00	331.75	0.0030143	283.26	390.27	1.8996	1.8650	3.4045	991.37	-0.019489	4.6247e-05	0.11891	supercritical
213.69	355.00	330.54	0.0030254	286.28	393.68	1.9156	1.8639	3.4065	986.60	-0.018943	4.5871e-05	0.11822	supercritical
214.69	355.00	329.32	0.0030366	289.29	397.08	1.9315	1.8629	3.4085	981.88	-0.018392	4.5501e-05	0.11755	supercritical
215.69	355.00	328.10	0.0030478	292.30	400.49	1.9473	1.8619	3.4104	977.19	-0.017837	4.5136e-05	0.11688	supercritical
216.69	355.00	326.88	0.0030592	295.30	403.91	1.9631	1.8610	3.4123	972.54	-0.017278	4.4777e-05	0.11621	supercritical
217.69	355.00	325.67	0.0030706	298.31	407.32	1.9788	1.8600	3.4142	967.92	-0.016713	4.4422e-05	0.11556	supercritical
218.69	355.00	324.45	0.0030822	301.32	410.73	1.9945	1.8591	3.4161	963.34	-0.016144	4.4073e-05	0.11491	supercritical
219.69	355.00	323.23	0.0030938	304.32	414.15	2.0101	1.8583	3.4179	958.79	-0.015571	4.3729e-05	0.11427	supercritical
220.69	355.00	322.01	0.0031055	307.33	417.57	2.0256	1.8575	3.4197	954.28	-0.014993	4.3389e-05	0.11363	supercritical
221.69	355.00	320.79	0.0031173	310.33	420.99	2.0411	1.8567	3.4215	949.81	-0.014412	4.3055e-05	0.11300	supercritical
222.69	355.00	319.58	0.0031291	313.33	424.41	2.0565	1.8559	3.4233	945.38	-0.013826	4.2725e-05	0.11238	supercritical
223.69	355.00	318.36	0.0031411	316.33	427.84	2.0718	1.8552	3.4250	940.98	-0.013236	4.2400e-05	0.11176	supercritical
224.69	355.00	317.14	0.0031532	319.32	431.26	2.0871	1.8545	3.4267	936.62	-0.012642	4.2080e-05	0.11115	supercritical
225.69	355.00	315.92	0.0031653	322.32	434.69	2.1023	1.8538	3.4284	932.30	-0.012044	4.1764e-05	0.11055	supercritical
226.69	355.00	314.71	0.0031776	325.32	438.12	2.1175	1.8532	3.4300	928.02	-0.011443	4.1453e-05	0.10995	supercritical
227.69	355.00	313.49	0.0031899	328.31	441.55	2.1326	1.8526	3.4316	923.78	-0.010838	4.1146e-05	0.10936	supercritical
228.69	355.00	312.27	0.0032023	331.30	444.98	2.1476	1.8520	3.4331	919.57	-0.010229	4.0843e-05	0.10877	supercritical
229.69	355.00	311.06	0.0032148	334.29	448.42	2.1626	1.8514	3.4346	915.41	-0.0096175	4.0545e-05	0.10820	supercritical
230.69	355.00	309.84	0.0032274	337.28	451.85	2.1775	1.8509	3.4361	911.28	-0.0090024	4.0251e-05	0.10763	supercritical
231.69	355.00	308.63	0.0032401	340.26	455.29	2.1924	1.8505	3.4375	907.19	-0.0083841	3.9961e-05	0.10706	supercritical
232.69	355.00	307.42	0.0032529	343.25	458.73	2.2072	1.8500	3.4389	903.15	-0.0077629	3.9675e-05	0.10650	supercritical
233.69	355.00	306.20	0.0032658	346.23	462.17	2.2219	1.8496	3.4403	899.14	-0.0071389	3.9393e-05	0.10595	supercritical
234.69	355.00	304.99	0.0032788	349.21	465.61	2.2366	1.8492	3.4416	895.17	-0.0065121	3.9115e-05	0.10541	supercritical
235.69	355.00	303.78	0.0032918	352.19	469.05	2.2513	1.8489	3.4428	891.24	-0.0058827	3.8841e-05	0.10487	supercritical
236.69	355.00	302.57	0.0033050	355.17	472.49	2.2659	1.8485	3.4440	887.36	-0.0052509	3.8571e-05	0.10434	supercritical
237.69	355.00	301.37	0.0033182	358.14	475.94	2.2804	1.8482	3.4452	883.51	-0.0046168	3.8304e-05	0.10381	supercritical
238.69	355.00	300.16	0.0033316	361.11	479.38	2.2948	1.8480	3.4463	879.70	-0.0039806	3.8041e-05	0.10329	supercritical
239.69	355.00	298.95	0.0033450	364.08	482.83	2.3092	1.8477	3.4473	875.94	-0.0033425	3.7782e-05	0.10278	supercritical
240.69	355.00	297.75	0.0033585	367.05	486.28	2.3236	1.8475	3.4483	872.21	-0.0027024	3.7527e-05	0.10227	supercritical
241.69	355.00	296.55	0.0033721	370.02	489.73	2.3379	1.8474	3.4492	868.52	-0.0020608	3.7275e-05	0.10177	supercritical
242.69	355.00	295.35	0.0033858	372.98	493.18	2.3521	1.8472	3.4501	864.88	-0.0014176	3.7027e-05	0.10128	supercritical
243.69	355.00	294.15	0.0033996	375.94	496.63	2.3663	1.8471	3.4509	861.28	-0.00077306	3.6782e-05	0.10079	supercritical
244.69	355.00	292.95	0.0034135	378.90	500.08	2.3805	1.8470	3.4517	857.71	-0.00012736	3.6540e-05	0.10031	supercritical
245.69	355.00	291.76	0.0034275	381.85	503.53	2.3945	1.8470	3.4524	854.19	0.00051935	3.6302e-05	0.099837	supercritical
246.69	355.00	290.57	0.0034416	384.81	506.98	2.4086	1.8470	3.4531	850.71	0.0011669	3.6067e-05	0.099368	supercritical
247.69	355.00	289.38	0.0034557	387.76	510.44	2.4225	1.8470	3.4536	847.27	0.0018151	3.5836e-05	0.098906	supercritical
248.69	355.00	288.19	0.0034700	390.71	513.89	2.4365	1.8470	3.4542	843.87	0.0024638	3.5608e-05	0.098450	supercritical
249.69	355.00	287.00	0.0034843	393.65	517.34	2.4503	1.8471	3.4546	840.51	0.0031128	3.5383e-05	0.098000	supercritical
250.69	355.00	285.82	0.0034987	396.59	520.80	2.4641	1.8472	3.4550	837.20	0.0037619	3.5161e-05	0.097556	supercritical
251.69	355.00	284.64	0.0035133	399.53	524.25	2.4779	1.8473	3.4554	833.92	0.0044110	3.4942e-05	0.097118	supercritical
252.69	355.00	283.46	0.0035279	402.47	527.71	2.4916	1.8474	3.4556	830.69	0.0050599	3.4726e-05	0.096686	supercritical
253.69	355.00	282.28	0.0035426	405.40	531.17	2.5052	1.8476	3.4558	827.49	0.0057083	3.4514e-05	0.096260	supercritical
254.69	355.00	281.11	0.0035573	408.34	534.62	2.5188	1.8478	3.4560	824.34	0.0063562	3.4304e-05	0.095840	supercritical
255.69	355.00	279.94	0.0035722	411.26	538.08	2.5324	1.8481	3.4561	821.23	0.0070033	3.4098e-05	0.095426	supercritical
256.69	355.00	278.77	0.0035872	414.19	541.53	2.5459	1.8483	3.4561	818.16	0.0076494	3.3894e-05	0.095018	supercritical
257.69	355.00	277.61	0.0036022	417.11	544.99	2.5593	1.8486	3.4560	815.12	0.0082944	3.3693e-05	0.094616	supercritical
258.69	355.00	276.44	0.0036174	420.03	548.45	2.5727	1.8489	3.4559	812.13	0.0089381	3.3495e-05	0.094219	supercritical
259.69	355.00	275.29	0.0036326	422.94	551.90	2.5860	1.8493	3.4557	809.18	0.0095802	3.3300e-05	0.093829	supercritical
260.69	355.00	274.13	0.0036479	425.86	555.36	2.5993	1.8496	3.4554	806.28	0.010221	3.3108e-05	0.093444	supercritical
261.69	355.00	272.98	0.0036633	428.77	558.81	2.6125	1.8500	3.4551	803.41	0.010859	3.2918e-05	0.093065	supercritical
262.69	355.00	271.83	0.0036788	431.67	562.27	2.6257	1.8505	3.4547	800.58	0.011496	3.2731e-05	0.092692	supercritical
263.69	355.00	270.69	0.0036943	434.57	565.72	2.6388	1.8509	3.4543	797.79	0.012130	3.2547e-05	0.092324	supercritical
264.69	355.00	269.55	0.0037099	437.47	569.18	2.6519	1.8514	3.4537	795.04	0.012762	3.2365e-05	0.091962	supercritical
265.69	355.00	268.41	0.0037257	440.37	572.63	2.6649	1.8519	3.4531	792.33	0.013391	3.2186e-05	0.091606	supercritical
266.69	355.00	267.27	0.0037415	443.26	576.08	2.6779	1.8524	3.4525	789.66	0.014017	3.2010e-05	0.091255	supercritical
267.69	355.00	266.14	0.0037574	446.15	579.53	2.6908	1.8530	3.4518	787.03	0.014641	3.1836e-05	0.090909	supercritical
268.69	355.00	265.02	0.0037733	449.03	582.99	2.7037	1.8536	3.4510	784.43	0.015261	3.1665e-05	0.090569	supercritical
269.69	355.00	263.90	0.0037894	451.91	586.44	2.7165	1.8542	3.4501	781.88	0.015878	3.1496e-05	0.090235	supercritical
270.69	355.00	262.78	0.0038055	454.79	589.89	2.7293	1.8548	3.4492	779.37	0.016491	3.1330e-05	0.089905	supercritical
271.69	355.00	261.66	0.0038217	457.66	593.33	2.7420	1.8555	3.4482	776.89	0.017101	3.1166e-05	0.089581	supercritical
272.69	355.00	260.56	0.0038380	460.53	596.78	2.7547	1.8562	3.4472	774.45	0.017707	3.1004e-05	0.089263	supercritical
273.69	355.00	259.45	0.0038543	463.40	600.23	2.7673	1.8569	3.4461	772.05	0.018309	3.0845e-05	0.088949	supercritical
274.69	355.00	258.35	0.0038707	466.26	603.67	2.7798	1.8577	3.4449	769.69	0.018906	3.0688e-05	0.088641	supercritical
275.69	355.00	257.25	0.0038872	469.12	607.12	2.7924	1.8584	3.4437	767.37	0.019500	3.0534e-05	0.088338	supercritical
276.69	355.00	256.16	0.0039038	471.98	610.56	2.8048	1.8592	3.4424	765.08	0.020088	3.0381e-05	0.088040	supercritical
277.69	355.00	255.07	0.0039204	474.83	614.00	2.8172	1.8600	3.4411	762.83	0.020672	3.0231e-05	0.087747	supercritical
278.69	355.00	253.99	0.0039372	477.67	617.44	2.8296	1.8609	3.4397	760.62	0.021252	3.0084e-05	0.087459	supercritical
279.69	355.00	252.91	0.0039539	480.52	620.88	2.8419	1.8617	3.4382	758.44	0.021826	2.9938e-05	0.087176	supercritical
280.69	355.00	251.84	0.0039708	483.36	624.32	2.8542	1.8626	3.4367	756.30	0.022395	2.9795e-05	0.086898	supercritical
281.69	355.00	250.77	0.0039877	486.19	627.76	2.8664	1.8635	3.4351	754.20	0.022959	2.9654e-05	0.086624	supercritical
282.69	355.00	249.71	0.0040047	489.02	631.19	2.8786	1.8645	3.4335	752.13	0.023518	2.9515e-05	0.086356	supercritical
283.69	355.00	248.65	0.0040218	491.85	634.62	2.8907	1.8655	3.4318	750.09	0.024071	2.9378e-05	0.086092	supercritical
284.69	355.00	247.59	0.0040389	494.67	638.05	2.9028	1.8664	3.4301	748.10	0.024619	2.9243e-05	0.085833	supercritical
285.69	355.00	246.54	0.0040561	497.49	641.48	2.9148	1.8674	3.4283	746.13	0.025160	2.9110e-05	0.085579	supercritical
286.69	355.00	245.50	0.0040733	500.31	644.91	2.9268	1.8685	3.4265	744.20	0.025696	2.8979e-05	0.085329	supercritical
287.69	355.00	244.46	0.0040906	503.12	648.34	2.9387	1.8695	3.4247	742.31	0.026226	2.8850e-05	0.085084	supercritical
288.69	355.00	243.43	0.0041080	505.93	651.76	2.9506	1.8706	3.4227	740.45	0.026749	2.8723e-05	0.084843	supercritical
289.69	355.00	242.40	0.0041254	508.73	655.18	2.9624	1.8717	3.4208	738.62	0.027267	2.8599e-05	0.084607	supercritical
290.69	355.00	241.38	0.0041429	511.53	658.60	2.9742	1.8729	3.4188	736.82	0.027778	2.8476e-05	0.084375	supercritical
291.69	355.00	240.36	0.0041605	514.32	662.02	2.9859	1.8740	3.4167	735.06	0.028283	2.8355e-05	0.084147	supercritical
292.69	355.00	239.34	0.0041781	517.11	665.44	2.9976	1.8752	3.4147	733.33	0.028781	2.8235e-05	0.083924	supercritical
293.69	355.00	238.34	0.0041957	519.90	668.85	3.0093	1.8764	3.4125	731.63	0.029272	2.8118e-05	0.083705	supercritical
294.69	355.00	237.34	0.0042134	522.68	672.26	3.0209	1.8776	3.4104	729.96	0.029757	2.8002e-05	0.083491	supercritical
295.69	355.00	236.34	0.0042312	525.46	675.67	3.0324	1.8789	3.4082	728.33	0.030235	2.7889e-05	0.083280	supercritical
296.69	355.00	235.35	0.0042490	528.24	679.08	3.0439	1.8801	3.4060	726.73	0.030706	2.7777e-05	0.083074	supercritical
297.69	355.00	234.36	0.0042669	531.01	682.48	3.0554	1.8814	3.4037	725.15	0.031170	2.7667e-05	0.082872	supercritical
298.69	355.00	233.38	0.0042848	533.77	685.88	3.0668	1.8827	3.4014	723.61	0.031628	2.7558e-05	0.082673	supercritical
299.69	355.00	232.41	0.0043028	536.53	689.28	3.0781	1.8841	3.3991	722.10	0.032078	2.7451e-05	0.082479	supercritical
300.69	355.00	231.44	0.0043208	539.29	692.68	3.0895	1.8854	3.3968	720.61	0.032521	2.7346e-05	0.082289	supercritical
301.69	355.00	230.47	0.0043389	542.05	696.08	3.1007	1.8868	3.3944	719.16	0.032957	2.7243e-05	0.082103	supercritical
302.69	355.00	229.52	0.0043570	544.80	699.47	3.1120	1.8882	3.3920	717.73	0.033385	2.7141e-05	0.081920	supercritical
303.69	355.00	228.56	0.0043752	547.54	702.86	3.1231	1.8896	3.3896	716.34	0.033807	2.7041e-05	0.081741	supercritical
304.69	355.00	227.62	0.0043934	550.29	706.25	3.1343	1.8911	3.3871	714.97	0.034221	2.6943e-05	0.081567	supercritical
305.69	355.00	226.67	0.0044116	553.02	709.64	3.1454	1.8925	3.3847	713.62	0.034627	2.6846e-05	0.081395	supercritical
306.69	355.00	225.74	0.0044299	555.76	713.02	3.1564	1.8940	3.3822	712.31	0.035027	2.6750e-05	0.081228	supercritical
307.69	355.00	224.81	0.0044482	558.49	716.40	3.1674	1.8955	3.3797	711.02	0.035419	2.6656e-05	0.081064	supercritical
308.69	355.00	223.88	0.0044666	561.22	719.78	3.1784	1.8970	3.3772	709.76	0.035803	2.6564e-05	0.080904	supercritical
309.69	355.00	222.97	0.0044850	563.94	723.15	3.1893	1.8986	3.3747	708.53	0.036180	2.6473e-05	0.080747	supercritical
310.69	355.00	222.05	0.0045034	566.66	726.53	3.2002	1.9002	3.3721	707.32	0.036550	2.6384e-05	0.080594	supercritical
311.69	355.00	221.15	0.0045219	569.37	729.90	3.2110	1.9017	3.3696	706.14	0.036912	2.6296e-05	0.080444	supercritical
312.69	355.00	220.24	0.0045404	572.08	733.27	3.2218	1.9034	3.3671	704.98	0.037266	2.6210e-05	0.080298	supercritical
313.69	355.00	219.35	0.0045590	574.79	736.63	3.2326	1.9050	3.3645	703.85	0.037614	2.6125e-05	0.080155	supercritical
314.69	355.00	218.46	0.0045776	577.49	740.00	3.2433	1.9066	3.3619	702.74	0.037953	2.6041e-05	0.080016	supercritical
315.69	355.00	217.57	0.0045962	580.19	743.36	3.2539	1.9083	3.3594	701.66	0.038285	2.5959e-05	0.079879	supercritical
316.69	355.00	216.69	0.0046148	582.89	746.72	3.2645	1.9100	3.3568	700.60	0.038610	2.5878e-05	0.079746	supercritical
317.69	355.00	215.82	0.0046335	585.58	750.07	3.2751	1.9117	3.3542	699.56	0.038927	2.5798e-05	0.079617	supercritical
318.69	355.00	214.95	0.0046522	588.27	753.42	3.2857	1.9135	3.3516	698.55	0.039237	2.5720e-05	0.079490	supercritical
319.69	355.00	214.09	0.0046710	590.96	756.77	3.2962	1.9152	3.3491	697.56	0.039539	2.5643e-05	0.079367	supercritical
320.69	355.00	213.23	0.0046897	593.64	760.12	3.3066	1.9170	3.3465	696.59	0.039834	2.5568e-05	0.079247	supercritical
321.69	355.00	212.38	0.0047085	596.31	763.47	3.3170	1.9188	3.3439	695.64	0.040121	2.5493e-05	0.079130	supercritical
322.69	355.00	211.54	0.0047273	598.99	766.81	3.3274	1.9206	3.3413	694.72	0.040401	2.5420e-05	0.079016	supercritical
323.69	355.00	210.70	0.0047462	601.66	770.15	3.3377	1.9224	3.3388	693.81	0.040673	2.5348e-05	0.078904	supercritical
324.69	355.00	209.86	0.0047651	604.33	773.49	3.3480	1.9243	3.3362	692.93	0.040939	2.5278e-05	0.078796	supercritical
325.69	355.00	209.03	0.0047839	606.99	776.82	3.3583	1.9261	3.3337	692.07	0.041196	2.5208e-05	0.078691	supercritical
326.69	355.00	208.21	0.0048029	609.65	780.15	3.3685	1.9280	3.3312	691.23	0.041447	2.5140e-05	0.078589	supercritical
327.69	355.00	207.39	0.0048218	612.31	783.48	3.3787	1.9299	3.3286	690.41	0.041690	2.5073e-05	0.078490	supercritical
328.69	355.00	206.58	0.0048408	614.96	786.81	3.3888	1.9319	3.3261	689.61	0.041926	2.5007e-05	0.078393	supercritical
329.69	355.00	205.77	0.0048597	617.62	790.14	3.3989	1.9338	3.3236	688.83	0.042155	2.4942e-05	0.078300	supercritical
330.69	355.00	204.97	0.0048787	620.26	793.46	3.4090	1.9358	3.3211	688.06	0.042377	2.4878e-05	0.078209	supercritical
331.69	355.00	204.18	0.0048978	622.91	796.78	3.4190	1.9378	3.3187	687.32	0.042592	2.4816e-05	0.078121	supercritical
332.69	355.00	203.38	0.0049168	625.55	800.10	3.4290	1.9398	3.3162	686.60	0.042800	2.4754e-05	0.078035	supercritical
333.69	355.00	202.60	0.0049358	628.19	803.41	3.4389	1.9418	3.3138	685.89	0.043001	2.4694e-05	0.077953	supercritical
334.69	355.00	201.82	0.0049549	630.82	806.72	3.4489	1.9438	3.3113	685.20	0.043195	2.4634e-05	0.077873	supercritical
335.69	355.00	201.05	0.0049740	633.46	810.03	3.4587	1.9459	3.3089	684.53	0.043382	2.4576e-05	0.077795	supercritical
336.69	355.00	200.28	0.0049931	636.09	813.34	3.4686	1.9480	3.3065	683.88	0.043562	2.4519e-05	0.077720	supercritical
337.69	355.00	199.51	0.0050122	638.71	816.65	3.4784	1.9501	3.3042	683.24	0.043735	2.4462e-05	0.077648	supercritical
338.69	355.00	198.75	0.0050313	641.34	819.95	3.4881	1.9522	3.3018	682.62	0.043902	2.4407e-05	0.077578	supercritical
339.69	355.00	198.00	0.0050505	643.96	823.25	3.4979	1.9543	3.2995	682.02	0.044062	2.4352e-05	0.077511	supercritical
340.69	355.00	197.25	0.0050696	646.58	826.55	3.5076	1.9564	3.2972	681.43	0.044216	2.4299e-05	0.077446	supercritical
341.69	355.00	196.51	0.0050888	649.19	829.85	3.5172	1.9586	3.2949	680.86	0.044363	2.4247e-05	0.077384	supercritical
342.69	355.00	195.77	0.0051080	651.81	833.14	3.5269	1.9608	3.2927	680.31	0.044503	2.4195e-05	0.077324	supercritical
343.69	355.00	195.04	0.0051272	654.42	836.43	3.5364	1.9630	3.2904	679.77	0.044637	2.4145e-05	0.077267	supercritical
344.69	355.00	194.31	0.0051464	657.02	839.72	3.5460	1.9652	3.2882	679.25	0.044765	2.4095e-05	0.077212	supercritical
345.69	355.00	193.59	0.0051656	659.63	843.01	3.5555	1.9674	3.2860	678.74	0.044887	2.4046e-05	0.077159	supercritical
346.69	355.00	192.87	0.0051848	662.23	846.29	3.5650	1.9697	3.2839	678.25	0.045002	2.3998e-05	0.077109	supercritical
347.69	355.00	192.16	0.0052040	664.83	849.57	3.5745	1.9720	3.2818	677.77	0.045112	2.3951e-05	0.077061	supercritical
348.69	355.00	191.45	0.0052232	667.43	852.86	3.5839	1.9742	3.2797	677.30	0.045215	2.3905e-05	0.077015	supercritical
349.69	355.00	190.75	0.0052425	670.03	856.13	3.5933	1.9765	3.2776	676.85	0.045312	2.3860e-05	0.076972	supercritical
350.69	355.00	190.05	0.0052617	672.62	859.41	3.6026	1.9788	3.2756	676.41	0.045404	2.3815e-05	0.076931	supercritical
351.69	355.00	189.36	0.0052810	675.21	862.69	3.6120	1.9812	3.2735	675.99	0.045489	2.3772e-05	0.076892	supercritical
352.69	355.00	188.67	0.0053002	677.80	865.96	3.6212	1.9835	3.2716	675.58	0.045569	2.3729e-05	0.076855	supercritical
353.69	355.00	187.99	0.0053195	680.39	869.23	3.6305	1.9859	3.2696	675.18	0.045644	2.3687e-05	0.076820	supercritical
354.69	355.00	187.31	0.0053387	682.97	872.50	3.6397	1.9883	3.2677	674.80	0.045712	2.3646e-05	0.076787	supercritical
355.69	355.00	186.64	0.0053580	685.55	875.76	3.6489	1.9907	3.2658	674.43	0.045775	2.3605e-05	0.076757	supercritical
356.69	355.00	185.97	0.0053773	688.14	879.03	3.6581	1.9931	3.2639	674.07	0.045833	2.3565e-05	0.076729	supercritical
357.69	355.00	185.30	0.0053965	690.71	882.29	3.6672	1.9955	3.2621	673.72	0.045885	2.3526e-05	0.076702	supercritical
358.69	355.00	184.64	0.0054158	693.29	885.55	3.6763	1.9979	3.2603	673.39	0.045932	2.3488e-05	0.076678	supercritical
359.69	355.00	183.99	0.0054351	695.87	888.81	3.6854	2.0004	3.2585	673.07	0.045974	2.3451e-05	0.076656	supercritical
360.69	355.00	183.34	0.0054544	698.44	892.07	3.6945	2.0029	3.2568	672.76	0.046011	2.3414e-05	0.076636	supercritical
361.69	355.00	182.69	0.0054736	701.01	895.33	3.7035	2.0054	3.2551	672.46	0.046043	2.3378e-05	0.076618	supercritical
362.69	355.00	182.05	0.0054929	703.58	898.58	3.7125	2.0079	3.2535	672.17	0.046069	2.3343e-05	0.076601	supercritical
363.69	355.00	181.42	0.0055122	706.15	901.83	3.7214	2.0104	3.2518	671.89	0.046091	2.3308e-05	0.076587	supercritical
364.69	355.00	180.78	0.0055315	708.72	905.08	3.7303	2.0129	3.2502	671.63	0.046108	2.3274e-05	0.076575	supercritical
365.69	355.00	180.16	0.0055507	711.28	908.33	3.7392	2.0155	3.2487	671.37	0.046120	2.3241e-05	0.076564	supercritical
366.69	355.00	179.53	0.0055700	713.85	911.58	3.7481	2.0180	3.2471	671.13	0.046127	2.3208e-05	0.076556	supercritical
367.69	355.00	178.91	0.0055893	716.41	914.83	3.7569	2.0206	3.2456	670.89	0.046130	2.3176e-05	0.076549	supercritical
368.69	355.00	178.30	0.0056086	718.97	918.07	3.7658	2.0232	3.2442	670.67	0.046129	2.3145e-05	0.076545	supercritical
369.69	355.00	177.69	0.0056278	721.53	921.32	3.7745	2.0258	3.2427	670.45	0.046122	2.3114e-05	0.076542	supercritical
370.69	355.00	177.08	0.0056471	724.09	924.56	3.7833	2.0284	3.2413	670.25	0.046112	2.3084e-05	0.076540	supercritical
371.69	355.00	176.48	0.0056664	726.64	927.80	3.7920	2.0310	3.2400	670.05	0.046097	2.3054e-05	0.076541	supercritical
372.69	355.00	175.88	0.0056856	729.20	931.04	3.8007	2.0337	3.2387	669.87	0.046078	2.3026e-05	0.076544	supercritical
373.69	355.00	175.29	0.0057049	731.75	934.28	3.8094	2.0363	3.2374	669.69	0.046055	2.2997e-05	0.076548	supercritical
374.69	355.00	174.70	0.0057241	734.31	937.51	3.8181	2.0390	3.2361	669.53	0.046027	2.2970e-05	0.076554	supercritical
375.69	355.00	174.11	0.0057434	736.86	940.75	3.8267	2.0417	3.2349	669.37	0.045996	2.2943e-05	0.076561	supercritical
376.69	355.00	173.53	0.0057626	739.41	943.98	3.8353	2.0444	3.2337	669.22	0.045961	2.2916e-05	0.076571	supercritical
377.69	355.00	172.95	0.0057819	741.96	947.22	3.8439	2.0471	3.2326	669.08	0.045922	2.2890e-05	0.076582	supercritical
378.69	355.00	172.38	0.0058011	744.51	950.45	3.8524	2.0498	3.2314	668.95	0.045879	2.2865e-05	0.076595	supercritical
379.69	355.00	171.81	0.0058203	747.06	953.68	3.8609	2.0525	3.2304	668.82	0.045832	2.2840e-05	0.076609	supercritical
380.69	355.00	171.25	0.0058396	749.60	956.91	3.8694	2.0553	3.2293	668.71	0.045782	2.2816e-05	0.076625	supercritical
381.69	355.00	170.68	0.0058588	752.15	960.14	3.8779	2.0580	3.2283	668.60	0.045728	2.2792e-05	0.076643	supercritical
382.69	355.00	170.13	0.0058780	754.70	963.36	3.8863	2.0608	3.2273	668.50	0.045671	2.2769e-05	0.076662	supercritical
383.69	355.00	169.57	0.0058972	757.24	966.59	3.8948	2.0636	3.2264	668.41	0.045610	2.2746e-05	0.076683	supercritical
384.69	355.00	169.02	0.0059164	759.79	969.82	3.9032	2.0664	3.2255	668.33	0.045546	2.2724e-05	0.076705	supercritical
385.69	355.00	168.47	0.0059356	762.33	973.04	3.9115	2.0692	3.2246	668.25	0.045478	2.2702e-05	0.076730	supercritical
386.69	355.00	167.93	0.0059548	764.87	976.27	3.9199	2.0720	3.2238	668.18	0.045407	2.2681e-05	0.076755	supercritical
387.69	355.00	167.39	0.0059740	767.41	979.49	3.9282	2.0748	3.2230	668.12	0.045334	2.2660e-05	0.076782	supercritical
388.69	355.00	166.86	0.0059931	769.96	982.71	3.9365	2.0777	3.2222	668.07	0.045257	2.2640e-05	0.076811	supercritical
389.69	355.00	166.33	0.0060123	772.50	985.93	3.9448	2.0805	3.2215	668.02	0.045176	2.2620e-05	0.076841	supercritical
390.69	355.00	165.80	0.0060315	775.04	989.16	3.9530	2.0834	3.2208	667.98	0.045093	2.2601e-05	0.076873	supercritical
391.69	355.00	165.27	0.0060506	777.58	992.38	3.9613	2.0863	3.2201	667.95	0.045007	2.2582e-05	0.076906	supercritical
392.69	355.00	164.75	0.0060698	780.12	995.60	3.9695	2.0891	3.2195	667.92	0.044919	2.2563e-05	0.076941	supercritical
393.69	355.00	164.23	0.0060889	782.66	998.81	3.9777	2.0920	3.2189	667.90	0.044827	2.2545e-05	0.076977	supercritical
394.69	355.00	163.72	0.0061080	785.20	1002.0	3.9858	2.0949	3.2183	667.89	0.044732	2.2528e-05	0.077014	supercritical
395.69	355.00	163.21	0.0061271	787.74	1005.3	3.9940	2.0979	3.2178	667.88	0.044635	2.2511e-05	0.077053	supercritical
396.69	355.00	162.70	0.0061463	790.28	1008.5	4.0021	2.1008	3.2173	667.88	0.044536	2.2494e-05	0.077094	supercritical
397.69	355.00	162.20	0.0061654	792.82	1011.7	4.0102	2.1037	3.2168	667.89	0.044434	2.2478e-05	0.077136	supercritical
398.69	355.00	161.70	0.0061844	795.35	1014.9	4.0183	2.1067	3.2164	667.90	0.044329	2.2462e-05	0.077179	supercritical
399.69	355.00	161.20	0.0062035	797.89	1018.1	4.0263	2.1096	3.2160	667.92	0.044222	2.2447e-05	0.077223	supercritical
400.69	355.00	160.70	0.0062226	800.43	1021.3	4.0344	2.1126	3.2156	667.94	0.044112	2.2432e-05	0.077269	supercritical
401.69	355.00	160.21	0.0062417	802.97	1024.5	4.0424	2.1156	3.2153	667.97	0.044000	2.2417e-05	0.077316	supercritical
402.69	355.00	159.73	0.0062607	805.51	1027.8	4.0504	2.1186	3.2150	668.01	0.043886	2.2403e-05	0.077365	supercritical
403.69	355.00	159.24	0.0062798	808.05	1031.0	4.0583	2.1216	3.2147	668.05	0.043770	2.2389e-05	0.077415	supercritical
404.69	355.00	158.76	0.0062988	810.59	1034.2	4.0663	2.1246	3.2145	668.09	0.043651	2.2376e-05	0.077466	supercritical
405.69	355.00	158.28	0.0063178	813.13	1037.4	4.0742	2.1276	3.2143	668.15	0.043530	2.2363e-05	0.077519	supercritical
406.69	355.00	157.81	0.0063369	815.66	1040.6	4.0821	2.1306	3.2141	668.20	0.043408	2.2350e-05	0.077572	supercritical
407.69	355.00	157.34	0.0063559	818.20	1043.8	4.0900	2.1336	3.2140	668.26	0.043283	2.2338e-05	0.077628	supercritical
408.69	355.00	156.87	0.0063749	820.74	1047.1	4.0979	2.1367	3.2138	668.33	0.043156	2.2326e-05	0.077684	supercritical
409.69	355.00	156.40	0.0063938	823.28	1050.3	4.1058	2.1397	3.2138	668.40	0.043027	2.2314e-05	0.077741	supercritical
410.69	355.00	155.94	0.0064128	825.82	1053.5	4.1136	2.1428	3.2137	668.48	0.042897	2.2303e-05	0.077800	supercritical
411.69	355.00	155.48	0.0064318	828.36	1056.7	4.1214	2.1459	3.2137	668.56	0.042765	2.2292e-05	0.077860	supercritical
412.69	355.00	155.02	0.0064507	830.90	1059.9	4.1292	2.1489	3.2137	668.65	0.042630	2.2282e-05	0.077922	supercritical
413.69	355.00	154.57	0.0064697	833.45	1063.1	4.1370	2.1520	3.2138	668.74	0.042495	2.2271e-05	0.077984	supercritical
414.69	355.00	154.12	0.0064886	835.99	1066.3	4.1447	2.1551	3.2138	668.84	0.042357	2.2262e-05	0.078048	supercritical
415.69	355.00	153.67	0.0065075	838.53	1069.5	4.1525	2.1582	3.2139	668.94	0.042218	2.2252e-05	0.078113	supercritical
416.69	355.00	153.22	0.0065265	841.07	1072.8	4.1602	2.1613	3.2141	669.04	0.042077	2.2243e-05	0.078179	supercritical
417.69	355.00	152.78	0.0065454	843.62	1076.0	4.1679	2.1645	3.2142	669.15	0.041935	2.2234e-05	0.078246	supercritical
418.69	355.00	152.34	0.0065643	846.16	1079.2	4.1756	2.1676	3.2144	669.26	0.041791	2.2225e-05	0.078314	supercritical
419.69	355.00	151.90	0.0065831	848.70	1082.4	4.1833	2.1707	3.2147	669.38	0.041646	2.2217e-05	0.078384	supercritical
420.69	355.00	151.47	0.0066020	851.25	1085.6	4.1909	2.1739	3.2149	669.50	0.041499	2.2209e-05	0.078455	supercritical
421.69	355.00	151.04	0.0066209	853.79	1088.8	4.1986	2.1770	3.2152	669.63	0.041351	2.2201e-05	0.078526	supercritical
422.69	355.00	150.61	0.0066397	856.34	1092.0	4.2062	2.1802	3.2155	669.76	0.041202	2.2194e-05	0.078599	supercritical
423.69	355.00	150.18	0.0066585	858.89	1095.3	4.2138	2.1833	3.2158	669.89	0.041051	2.2187e-05	0.078673	supercritical
424.69	355.00	149.76	0.0066774	861.43	1098.5	4.2213	2.1865	3.2162	670.03	0.040899	2.2180e-05	0.078748	supercritical
425.69	355.00	149.34	0.0066962	863.98	1101.7	4.2289	2.1897	3.2166	670.17	0.040746	2.2174e-05	0.078825	supercritical
426.69	355.00	148.92	0.0067150	866.53	1104.9	4.2365	2.1929	3.2170	670.32	0.040591	2.2168e-05	0.078902	supercritical
427.69	355.00	148.50	0.0067338	869.08	1108.1	4.2440	2.1961	3.2174	670.47	0.040436	2.2162e-05	0.078980	supercritical
428.69	355.00	148.09	0.0067526	871.63	1111.3	4.2515	2.1993	3.2179	670.62	0.040279	2.2156e-05	0.079060	supercritical
429.69	355.00	147.68	0.0067713	874.19	1114.6	4.2590	2.2025	3.2184	670.78	0.040121	2.2151e-05	0.079140	supercritical
430.69	355.00	147.27	0.0067901	876.74	1117.8	4.2665	2.2057	3.2189	670.94	0.039963	2.2146e-05	0.079222	supercritical
431.69	355.00	146.87	0.0068088	879.29	1121.0	4.2740	2.2089	3.2195	671.10	0.039803	2.2141e-05	0.079304	supercritical
432.69	355.00	146.46	0.0068276	881.85	1124.2	4.2814	2.2121	3.2201	671.27	0.039642	2.2136e-05	0.079388	supercritical
433.69	355.00	146.06	0.0068463	884.40	1127.4	4.2888	2.2154	3.2207	671.44	0.039480	2.2132e-05	0.079472	supercritical
434.69	355.00	145.67	0.0068650	886.96	1130.7	4.2963	2.2186	3.2213	671.61	0.039318	2.2128e-05	0.079558	supercritical
435.69	355.00	145.27	0.0068837	889.52	1133.9	4.3037	2.2219	3.2220	671.79	0.039154	2.2124e-05	0.079644	supercritical
436.69	355.00	144.88	0.0069024	892.08	1137.1	4.3110	2.2251	3.2226	671.97	0.038990	2.2121e-05	0.079732	supercritical
437.69	355.00	144.49	0.0069211	894.64	1140.3	4.3184	2.2284	3.2233	672.15	0.038825	2.2117e-05	0.079820	supercritical
438.69	355.00	144.10	0.0069397	897.20	1143.6	4.3258	2.2316	3.2241	672.34	0.038659	2.2114e-05	0.079910	supercritical
439.69	355.00	143.71	0.0069584	899.76	1146.8	4.3331	2.2349	3.2248	672.53	0.038492	2.2111e-05	0.080000	supercritical
440.69	355.00	143.33	0.0069770	902.32	1150.0	4.3404	2.2382	3.2256	672.72	0.038324	2.2109e-05	0.080091	supercritical
441.69	355.00	142.95	0.0069957	904.89	1153.2	4.3478	2.2415	3.2264	672.92	0.038156	2.2106e-05	0.080184	supercritical
442.69	355.00	142.57	0.0070143	907.45	1156.5	4.3550	2.2447	3.2272	673.11	0.037987	2.2104e-05	0.080277	supercritical
443.69	355.00	142.19	0.0070329	910.02	1159.7	4.3623	2.2480	3.2281	673.32	0.037818	2.2102e-05	0.080371	supercritical
444.69	355.00	141.81	0.0070515	912.59	1162.9	4.3696	2.2513	3.2289	673.52	0.037648	2.2101e-05	0.080466	supercritical
445.69	355.00	141.44	0.0070701	915.16	1166.1	4.3769	2.2546	3.2298	673.73	0.037477	2.2099e-05	0.080562	supercritical
446.69	355.00	141.07	0.0070886	917.73	1169.4	4.3841	2.2580	3.2308	673.94	0.037306	2.2098e-05	0.080659	supercritical
447.69	355.00	140.70	0.0071072	920.30	1172.6	4.3913	2.2613	3.2317	674.15	0.037134	2.2097e-05	0.080757	supercritical
448.69	355.00	140.34	0.0071258	922.87	1175.8	4.3985	2.2646	3.2327	674.36	0.036962	2.2096e-05	0.080856	supercritical
449.69	355.00	139.97	0.0071443	925.45	1179.1	4.4057	2.2679	3.2337	674.58	0.036789	2.2095e-05	0.080955	supercritical
450.69	355.00	139.61	0.0071628	928.03	1182.3	4.4129	2.2712	3.2347	674.80	0.036615	2.2095e-05	0.081056	supercritical
451.69	355.00	139.25	0.0071813	930.60	1185.5	4.4201	2.2746	3.2357	675.02	0.036442	2.2095e-05	0.081157	supercritical
452.69	355.00	138.89	0.0071998	933.18	1188.8	4.4272	2.2779	3.2367	675.25	0.036268	2.2095e-05	0.081259	supercritical
453.69	355.00	138.54	0.0072183	935.76	1192.0	4.4344	2.2813	3.2378	675.47	0.036093	2.2095e-05	0.081362	supercritical
454.69	355.00	138.18	0.0072368	938.35	1195.3	4.4415	2.2846	3.2389	675.70	0.035918	2.2095e-05	0.081466	supercritical
455.69	355.00	137.83	0.0072553	940.93	1198.5	4.4486	2.2880	3.2400	675.93	0.035743	2.2096e-05	0.081571	supercritical
456.69	355.00	137.48	0.0072737	943.52	1201.7	4.4557	2.2913	3.2412	676.17	0.035567	2.2097e-05	0.081676	supercritical
457.69	355.00	137.13	0.0072922	946.10	1205.0	4.4628	2.2947	3.2423	676.40	0.035391	2.2098e-05	0.081783	supercritical
458.69	355.00	136.79	0.0073106	948.69	1208.2	4.4699	2.2980	3.2435	676.64	0.035215	2.2099e-05	0.081890	supercritical
459.69	355.00	136.44	0.0073290	951.28	1211.5	4.4770	2.3014	3.2447	676.88	0.035038	2.2100e-05	0.081998	supercritical
460.69	355.00	136.10	0.0073475	953.87	1214.7	4.4840	2.3048	3.2459	677.13	0.034861	2.2102e-05	0.082107	supercritical
461.69	355.00	135.76	0.0073659	956.47	1218.0	4.4911	2.3082	3.2471	677.37	0.034684	2.2103e-05	0.082216	supercritical
462.69	355.00	135.42	0.0073842	959.06	1221.2	4.4981	2.3116	3.2484	677.62	0.034507	2.2105e-05	0.082327	supercritical
463.69	355.00	135.09	0.0074026	961.66	1224.5	4.5051	2.3149	3.2497	677.87	0.034330	2.2107e-05	0.082438	supercritical
464.69	355.00	134.75	0.0074210	964.26	1227.7	4.5121	2.3183	3.2510	678.12	0.034152	2.2110e-05	0.082550	supercritical
465.69	355.00	134.42	0.0074393	966.86	1231.0	4.5191	2.3217	3.2523	678.37	0.033974	2.2112e-05	0.082663	supercritical
466.69	355.00	134.09	0.0074577	969.46	1234.2	4.5261	2.3251	3.2536	678.63	0.033796	2.2115e-05	0.082776	supercritical
467.69	355.00	133.76	0.0074760	972.06	1237.5	4.5330	2.3285	3.2550	678.89	0.033618	2.2117e-05	0.082890	supercritical
468.69	355.00	133.43	0.0074943	974.67	1240.7	4.5400	2.3319	3.2563	679.14	0.033440	2.2120e-05	0.083005	supercritical
469.69	355.00	133.11	0.0075126	977.27	1244.0	4.5469	2.3354	3.2577	679.40	0.033262	2.2123e-05	0.083121	supercritical
470.69	355.00	132.79	0.0075309	979.88	1247.2	4.5539	2.3388	3.2591	679.67	0.033083	2.2126e-05	0.083237	supercritical
471.69	355.00	132.46	0.0075492	982.49	1250.5	4.5608	2.3422	3.2606	679.93	0.032905	2.2130e-05	0.083355	supercritical
472.69	355.00	132.14	0.0075675	985.11	1253.8	4.5677	2.3456	3.2620	680.20	0.032726	2.2133e-05	0.083473	supercritical
473.69	355.00	131.83	0.0075857	987.72	1257.0	4.5746	2.3490	3.2635	680.47	0.032548	2.2137e-05	0.083591	supercritical
474.69	355.00	131.51	0.0076040	990.34	1260.3	4.5815	2.3525	3.2649	680.74	0.032369	2.2141e-05	0.083711	supercritical
475.69	355.00	131.20	0.0076222	992.96	1263.5	4.5883	2.3559	3.2664	681.01	0.032191	2.2145e-05	0.083831	supercritical
476.69	355.00	130.88	0.0076405	995.58	1266.8	4.5952	2.3593	3.2679	681.28	0.032012	2.2149e-05	0.083952	supercritical
477.69	355.00	130.57	0.0076587	998.20	1270.1	4.6020	2.3628	3.2695	681.56	0.031834	2.2153e-05	0.084073	supercritical
478.69	355.00	130.26	0.0076769	1000.8	1273.4	4.6089	2.3662	3.2710	681.83	0.031655	2.2158e-05	0.084195	supercritical
479.69	355.00	129.95	0.0076951	1003.4	1276.6	4.6157	2.3696	3.2726	682.11	0.031477	2.2162e-05	0.084318	supercritical
480.69	355.00	129.65	0.0077133	1006.1	1279.9	4.6225	2.3731	3.2742	682.39	0.031298	2.2167e-05	0.084442	supercritical
481.69	355.00	129.34	0.0077314	1008.7	1283.2	4.6293	2.3765	3.2758	682.67	0.031120	2.2172e-05	0.084566	supercritical
482.69	355.00	129.04	0.0077496	1011.3	1286.4	4.6361	2.3800	3.2774	682.95	0.030942	2.2177e-05	0.084691	supercritical
483.69	355.00	128.74	0.0077678	1014.0	1289.7	4.6429	2.3834	3.2790	683.24	0.030764	2.2182e-05	0.084817	supercritical
484.69	355.00	128.44	0.0077859	1016.6	1293.0	4.6497	2.3869	3.2806	683.52	0.030586	2.2187e-05	0.084943	supercritical
485.69	355.00	128.14	0.0078040	1019.2	1296.3	4.6565	2.3904	3.2823	683.81	0.030408	2.2192e-05	0.085070	supercritical
486.69	355.00	127.84	0.0078221	1021.9	1299.6	4.6632	2.3938	3.2840	684.10	0.030230	2.2198e-05	0.085197	supercritical
487.69	355.00	127.55	0.0078402	1024.5	1302.9	4.6699	2.3973	3.2856	684.39	0.030052	2.2204e-05	0.085326	supercritical
488.69	355.00	127.25	0.0078583	1027.2	1306.1	4.6767	2.4008	3.2873	684.68	0.029875	2.2209e-05	0.085454	supercritical
489.69	355.00	126.96	0.0078764	1029.8	1309.4	4.6834	2.4042	3.2891	684.97	0.029697	2.2215e-05	0.085584	supercritical
490.69	355.00	126.67	0.0078945	1032.5	1312.7	4.6901	2.4077	3.2908	685.27	0.029520	2.2221e-05	0.085714	supercritical
491.69	355.00	126.38	0.0079126	1035.1	1316.0	4.6968	2.4112	3.2925	685.56	0.029343	2.2228e-05	0.085845	supercritical
492.69	355.00	126.09	0.0079306	1037.8	1319.3	4.7035	2.4146	3.2943	685.86	0.029166	2.2234e-05	0.085976	supercritical
493.69	355.00	125.81	0.0079487	1040.4	1322.6	4.7102	2.4181	3.2961	686.16	0.028990	2.2240e-05	0.086108	supercritical
494.69	355.00	125.52	0.0079667	1043.1	1325.9	4.7169	2.4216	3.2979	686.45	0.028813	2.2247e-05	0.086241	supercritical
495.69	355.00	125.24	0.0079847	1045.7	1329.2	4.7235	2.4251	3.2997	686.75	0.028637	2.2253e-05	0.086374	supercritical
496.69	355.00	124.96	0.0080027	1048.4	1332.5	4.7302	2.4286	3.3015	687.06	0.028461	2.2260e-05	0.086508	supercritical
497.69	355.00	124.68	0.0080207	1051.1	1335.8	4.7368	2.4321	3.3033	687.36	0.028285	2.2267e-05	0.086642	supercritical
498.69	355.00	124.40	0.0080387	1053.7	1339.1	4.7434	2.4355	3.3051	687.66	0.028110	2.2274e-05	0.086777	supercritical
499.69	355.00	124.12	0.0080567	1056.4	1342.4	4.7501	2.4390	3.3070	687.97	0.027934	2.2281e-05	0.086913	supercritical
500.69	355.00	123.84	0.0080746	1059.1	1345.7	4.7567	2.4425	3.3089	688.27	0.027759	2.2288e-05	0.087049	supercritical
501.69	355.00	123.57	0.0080926	1061.7	1349.0	4.7633	2.4460	3.3108	688.58	0.027585	2.2296e-05	0.087186	supercritical
502.69	355.00	123.30	0.0081105	1064.4	1352.3	4.7699	2.4495	3.3126	688.89	0.027410	2.2303e-05	0.087323	supercritical
503.69	355.00	123.02	0.0081285	1067.1	1355.7	4.7765	2.4530	3.3146	689.20	0.027236	2.2310e-05	0.087461	supercritical
504.69	355.00	122.75	0.0081464	1069.8	1359.0	4.7830	2.4565	3.3165	689.51	0.027062	2.2318e-05	0.087600	supercritical
505.69	355.00	122.48	0.0081643	1072.5	1362.3	4.7896	2.4600	3.3184	689.82	0.026889	2.2326e-05	0.087739	supercritical
506.69	355.00	122.22	0.0081822	1075.1	1365.6	4.7962	2.4635	3.3204	690.13	0.026715	2.2334e-05	0.087878	supercritical
507.69	355.00	121.95	0.0082001	1077.8	1368.9	4.8027	2.4670	3.3223	690.45	0.026542	2.2342e-05	0.088019	supercritical
508.69	355.00	121.68	0.0082180	1080.5	1372.2	4.8093	2.4705	3.3243	690.76	0.026370	2.2350e-05	0.088159	supercritical
509.69	355.00	121.42	0.0082359	1083.2	1375.6	4.8158	2.4740	3.3263	691.08	0.026197	2.2358e-05	0.088301	supercritical
510.69	355.00	121.16	0.0082537	1085.9	1378.9	4.8223	2.4776	3.3283	691.39	0.026025	2.2366e-05	0.088442	supercritical
511.69	355.00	120.90	0.0082716	1088.6	1382.2	4.8288	2.4811	3.3303	691.71	0.025853	2.2374e-05	0.088585	supercritical
512.69	355.00	120.64	0.0082894	1091.3	1385.6	4.8353	2.4846	3.3323	692.03	0.025682	2.2383e-05	0.088728	supercritical
513.69	355.00	120.38	0.0083073	1094.0	1388.9	4.8418	2.4881	3.3343	692.35	0.025511	2.2391e-05	0.088871	supercritical
514.69	355.00	120.12	0.0083251	1096.7	1392.2	4.8483	2.4916	3.3363	692.67	0.025340	2.2400e-05	0.089015	supercritical
515.69	355.00	119.86	0.0083429	1099.4	1395.6	4.8548	2.4951	3.3384	692.99	0.025170	2.2409e-05	0.089159	supercritical
516.69	355.00	119.61	0.0083607	1102.1	1398.9	4.8612	2.4986	3.3404	693.31	0.025000	2.2417e-05	0.089304	supercritical
517.69	355.00	119.35	0.0083785	1104.8	1402.2	4.8677	2.5021	3.3425	693.63	0.024831	2.2426e-05	0.089450	supercritical
518.69	355.00	119.10	0.0083963	1107.5	1405.6	4.8742	2.5057	3.3446	693.96	0.024661	2.2435e-05	0.089596	supercritical
519.69	355.00	118.85	0.0084140	1110.2	1408.9	4.8806	2.5092	3.3467	694.28	0.024492	2.2444e-05	0.089743	supercritical
520.69	355.00	118.60	0.0084318	1113.0	1412.3	4.8870	2.5127	3.3488	694.61	0.024324	2.2454e-05	0.089890	supercritical
521.69	355.00	118.35	0.0084496	1115.7	1415.6	4.8935	2.5162	3.3509	694.93	0.024156	2.2463e-05	0.090037	supercritical
522.69	355.00	118.10	0.0084673	1118.4	1419.0	4.8999	2.5198	3.3530	695.26	0.023988	2.2472e-05	0.090185	supercritical
523.69	355.00	117.85	0.0084850	1121.1	1422.3	4.9063	2.5233	3.3552	695.59	0.023821	2.2482e-05	0.090334	supercritical
524.69	355.00	117.61	0.0085028	1123.8	1425.7	4.9127	2.5268	3.3573	695.92	0.023654	2.2491e-05	0.090483	supercritical
525.69	355.00	117.36	0.0085205	1126.6	1429.1	4.9191	2.5303	3.3595	696.25	0.023487	2.2501e-05	0.090632	supercritical
526.69	355.00	117.12	0.0085382	1129.3	1432.4	4.9255	2.5339	3.3616	696.58	0.023321	2.2510e-05	0.090782	supercritical
527.69	355.00	116.88	0.0085559	1132.0	1435.8	4.9319	2.5374	3.3638	696.91	0.023156	2.2520e-05	0.090933	supercritical
528.69	355.00	116.64	0.0085736	1134.8	1439.1	4.9382	2.5409	3.3660	697.24	0.022990	2.2530e-05	0.091084	supercritical
529.69	355.00	116.40	0.0085912	1137.5	1442.5	4.9446	2.5444	3.3682	697.57	0.022825	2.2540e-05	0.091235	supercritical
530.69	355.00	116.16	0.0086089	1140.3	1445.9	4.9509	2.5480	3.3704	697.90	0.022661	2.2550e-05	0.091387	supercritical
531.69	355.00	115.92	0.0086266	1143.0	1449.3	4.9573	2.5515	3.3726	698.24	0.022497	2.2560e-05	0.091539	supercritical
532.69	355.00	115.68	0.0086442	1145.8	1452.6	4.9636	2.5550	3.3748	698.57	0.022333	2.2570e-05	0.091692	supercritical
533.69	355.00	115.45	0.0086618	1148.5	1456.0	4.9700	2.5586	3.3770	698.91	0.022170	2.2580e-05	0.091845	supercritical
534.69	355.00	115.21	0.0086795	1151.3	1459.4	4.9763	2.5621	3.3793	699.24	0.022007	2.2591e-05	0.091999	supercritical
535.69	355.00	114.98	0.0086971	1154.0	1462.8	4.9826	2.5656	3.3815	699.58	0.021845	2.2601e-05	0.092153	supercritical
536.69	355.00	114.75	0.0087147	1156.8	1466.1	4.9889	2.5691	3.3838	699.91	0.021683	2.2611e-05	0.092308	supercritical
537.69	355.00	114.52	0.0087323	1159.5	1469.5	4.9952	2.5727	3.3860	700.25	0.021522	2.2622e-05	0.092463	supercritical
538.69	355.00	114.29	0.0087499	1162.3	1472.9	5.0015	2.5762	3.3883	700.59	0.021361	2.2633e-05	0.092619	supercritical
539.69	355.00	114.06	0.0087675	1165.1	1476.3	5.0078	2.5797	3.3906	700.93	0.021200	2.2643e-05	0.092775	supercritical
540.69	355.00	113.83	0.0087850	1167.8	1479.7	5.0141	2.5833	3.3929	701.27	0.021040	2.2654e-05	0.092931	supercritical
541.69	355.00	113.60	0.0088026	1170.6	1483.1	5.0203	2.5868	3.3952	701.61	0.020880	2.2665e-05	0.093088	supercritical
542.69	355.00	113.38	0.0088202	1173.4	1486.5	5.0266	2.5903	3.3975	701.95	0.020721	2.2676e-05	0.093245	supercritical
543.69	355.00	113.15	0.0088377	1176.1	1489.9	5.0329	2.5939	3.3998	702.29	0.020562	2.2687e-05	0.093403	supercritical
544.69	355.00	112.93	0.0088552	1178.9	1493.3	5.0391	2.5974	3.4021	702.63	0.020404	2.2698e-05	0.093561	supercritical
545.69	355.00	112.70	0.0088728	1181.7	1496.7	5.0454	2.6010	3.4045	702.97	0.020246	2.2709e-05	0.093720	supercritical
546.69	355.00	112.48	0.0088903	1184.5	1500.1	5.0516	2.6045	3.4068	703.31	0.020089	2.2720e-05	0.093879	supercritical
547.69	355.00	112.26	0.0089078	1187.3	1503.5	5.0578	2.6080	3.4091	703.66	0.019932	2.2731e-05	0.094038	supercritical
548.69	355.00	112.04	0.0089253	1190.1	1506.9	5.0640	2.6116	3.4115	704.00	0.019775	2.2742e-05	0.094198	supercritical
549.69	355.00	111.82	0.0089428	1192.9	1510.3	5.0703	2.6151	3.4139	704.34	0.019619	2.2754e-05	0.094358	supercritical
550.69	355.00	111.60	0.0089603	1195.7	1513.7	5.0765	2.6186	3.4162	704.69	0.019464	2.2765e-05	0.094519	supercritical
551.69	355.00	111.39	0.0089777	1198.4	1517.2	5.0827	2.6222	3.4186	705.03	0.019309	2.2776e-05	0.094680	supercritical
552.69	355.00	111.17	0.0089952	1201.2	1520.6	5.0889	2.6257	3.4210	705.38	0.019154	2.2788e-05	0.094841	supercritical
553.69	355.00	110.95	0.0090127	1204.1	1524.0	5.0950	2.6292	3.4234	705.73	0.019000	2.2799e-05	0.095003	supercritical
554.69	355.00	110.74	0.0090301	1206.9	1527.4	5.1012	2.6328	3.4258	706.07	0.018846	2.2811e-05	0.095165	supercritical
555.69	355.00	110.53	0.0090476	1209.7	1530.9	5.1074	2.6363	3.4282	706.42	0.018693	2.2823e-05	0.095328	supercritical
556.69	355.00	110.31	0.0090650	1212.5	1534.3	5.1136	2.6398	3.4306	706.77	0.018540	2.2834e-05	0.095491	supercritical
557.69	355.00	110.10	0.0090824	1215.3	1537.7	5.1197	2.6434	3.4330	707.11	0.018388	2.2846e-05	0.095655	supercritical
558.69	355.00	109.89	0.0090998	1218.1	1541.1	5.1259	2.6469	3.4354	707.46	0.018236	2.2858e-05	0.095818	supercritical
559.69	355.00	109.68	0.0091172	1220.9	1544.6	5.1320	2.6504	3.4379	707.81	0.018085	2.2870e-05	0.095983	supercritical
560.69	355.00	109.47	0.0091346	1223.7	1548.0	5.1382	2.6540	3.4403	708.16	0.017934	2.2882e-05	0.096147	supercritical
561.69	355.00	109.27	0.0091520	1226.6	1551.5	5.1443	2.6575	3.4427	708.51	0.017783	2.2894e-05	0.096312	supercritical
562.69	355.00	109.06	0.0091694	1229.4	1554.9	5.1504	2.6610	3.4452	708.86	0.017633	2.2906e-05	0.096478	supercritical
563.69	355.00	108.85	0.0091868	1232.2	1558.4	5.1565	2.6646	3.4477	709.21	0.017484	2.2918e-05	0.096643	supercritical
564.69	355.00	108.65	0.0092041	1235.1	1561.8	5.1626	2.6681	3.4501	709.56	0.017335	2.2931e-05	0.096809	supercritical
565.69	355.00	108.44	0.0092215	1237.9	1565.3	5.1688	2.6716	3.4526	709.91	0.017187	2.2943e-05	0.096976	supercritical
566.69	355.00	108.24	0.0092388	1240.7	1568.7	5.1749	2.6752	3.4551	710.26	0.017039	2.2955e-05	0.097143	supercritical
567.69	355.00	108.04	0.0092562	1243.6	1572.2	5.1809	2.6787	3.4575	710.61	0.016891	2.2967e-05	0.097310	supercritical
568.69	355.00	107.83	0.0092735	1246.4	1575.6	5.1870	2.6822	3.4600	710.97	0.016744	2.2980e-05	0.097477	supercritical
569.69	355.00	107.63	0.0092908	1249.3	1579.1	5.1931	2.6858	3.4625	711.32	0.016598	2.2992e-05	0.097645	supercritical
570.69	355.00	107.43	0.0093081	1252.1	1582.5	5.1992	2.6893	3.4650	711.67	0.016452	2.3005e-05	0.097814	supercritical
571.69	355.00	107.23	0.0093254	1255.0	1586.0	5.2053	2.6928	3.4675	712.02	0.016306	2.3017e-05	0.097982	supercritical
572.69	355.00	107.04	0.0093427	1257.8	1589.5	5.2113	2.6964	3.4700	712.38	0.016161	2.3030e-05	0.098151	supercritical
573.69	355.00	106.84	0.0093600	1260.7	1593.0	5.2174	2.6999	3.4726	712.73	0.016016	2.3043e-05	0.098321	supercritical
574.69	355.00	106.64	0.0093773	1263.5	1596.4	5.2234	2.7034	3.4751	713.09	0.015872	2.3055e-05	0.098490	supercritical
575.69	355.00	106.44	0.0093946	1266.4	1599.9	5.2295	2.7069	3.4776	713.44	0.015728	2.3068e-05	0.098660	supercritical
576.69	355.00	106.25	0.0094118	1269.3	1603.4	5.2355	2.7105	3.4801	713.79	0.015585	2.3081e-05	0.098831	supercritical
577.69	355.00	106.05	0.0094291	1272.1	1606.9	5.2415	2.7140	3.4827	714.15	0.015443	2.3094e-05	0.099002	supercritical
578.69	355.00	105.86	0.0094463	1275.0	1610.4	5.2476	2.7175	3.4852	714.50	0.015300	2.3107e-05	0.099173	supercritical
579.69	355.00	105.67	0.0094636	1277.9	1613.8	5.2536	2.7210	3.4878	714.86	0.015159	2.3120e-05	0.099344	supercritical
580.69	355.00	105.48	0.0094808	1280.8	1617.3	5.2596	2.7246	3.4903	715.22	0.015017	2.3132e-05	0.099516	supercritical
581.69	355.00	105.28	0.0094980	1283.6	1620.8	5.2656	2.7281	3.4929	715.57	0.014877	2.3146e-05	0.099688	supercritical
582.69	355.00	105.09	0.0095153	1286.5	1624.3	5.2716	2.7316	3.4955	715.93	0.014736	2.3159e-05	0.099860	supercritical
583.69	355.00	104.90	0.0095325	1289.4	1627.8	5.2776	2.7351	3.4980	716.29	0.014597	2.3172e-05	0.10003	supercritical
584.69	355.00	104.72	0.0095497	1292.3	1631.3	5.2836	2.7387	3.5006	716.64	0.014457	2.3185e-05	0.10021	supercritical
585.69	355.00	104.53	0.0095669	1295.2	1634.8	5.2896	2.7422	3.5032	717.00	0.014319	2.3198e-05	0.10038	supercritical
586.69	355.00	104.34	0.0095841	1298.1	1638.3	5.2956	2.7457	3.5058	717.36	0.014180	2.3211e-05	0.10055	supercritical
587.69	355.00	104.15	0.0096012	1301.0	1641.8	5.3015	2.7492	3.5083	717.71	0.014042	2.3225e-05	0.10073	supercritical
588.69	355.00	103.97	0.0096184	1303.9	1645.3	5.3075	2.7527	3.5109	718.07	0.013905	2.3238e-05	0.10090	supercritical
589.69	355.00	103.78	0.0096356	1306.8	1648.8	5.3135	2.7562	3.5135	718.43	0.013768	2.3251e-05	0.10108	supercritical
590.69	355.00	103.60	0.0096527	1309.7	1652.4	5.3194	2.7598	3.5161	718.79	0.013632	2.3265e-05	0.10125	supercritical
591.69	355.00	103.41	0.0096699	1312.6	1655.9	5.3254	2.7633	3.5187	719.15	0.013496	2.3278e-05	0.10143	supercritical
592.69	355.00	103.23	0.0096870	1315.5	1659.4	5.3313	2.7668	3.5214	719.51	0.013360	2.3292e-05	0.10160	supercritical
593.69	355.00	103.05	0.0097041	1318.4	1662.9	5.3372	2.7703	3.5240	719.87	0.013225	2.3305e-05	0.10178	supercritical
594.69	355.00	102.87	0.0097213	1321.3	1666.4	5.3432	2.7738	3.5266	720.23	0.013091	2.3319e-05	0.10195	supercritical
595.69	355.00	102.69	0.0097384	1324.3	1670.0	5.3491	2.7773	3.5292	720.58	0.012957	2.3332e-05	0.10213	supercritical
596.69	355.00	102.51	0.0097555	1327.2	1673.5	5.3550	2.7808	3.5318	720.94	0.012823	2.3346e-05	0.10231	supercritical
597.69	355.00	102.33	0.0097726	1330.1	1677.0	5.3609	2.7844	3.5345	721.30	0.012690	2.3360e-05	0.10248	supercritical
598.69	355.00	102.15	0.0097897	1333.0	1680.6	5.3669	2.7879	3.5371	721.66	0.012557	2.3373e-05	0.10266	supercritical
599.69	355.00	101.97	0.0098068	1336.0	1684.1	5.3728	2.7914	3.5398	722.02	0.012425	2.3387e-05	0.10284	supercritical
600.69	355.00	101.79	0.0098239	1338.9	1687.6	5.3787	2.7949	3.5424	722.38	0.012294	2.3401e-05	0.10302	supercritical
601.69	355.00	101.62	0.0098410	1341.8	1691.2	5.3846	2.7984	3.5450	722.75	0.012162	2.3415e-05	0.10320	supercritical
602.69	355.00	101.44	0.0098580	1344.8	1694.7	5.3904	2.8019	3.5477	723.11	0.012032	2.3428e-05	0.10338	supercritical
603.69	355.00	101.26	0.0098751	1347.7	1698.3	5.3963	2.8054	3.5504	723.47	0.011902	2.3442e-05	0.10355	supercritical
604.69	355.00	101.09	0.0098921	1350.7	1701.8	5.4022	2.8089	3.5530	723.83	0.011772	2.3456e-05	0.10373	supercritical
605.69	355.00	100.92	0.0099092	1353.6	1705.4	5.4081	2.8124	3.5557	724.19	0.011642	2.3470e-05	0.10391	supercritical
606.69	355.00	100.74	0.0099262	1356.6	1709.0	5.4139	2.8159	3.5583	724.55	0.011514	2.3484e-05	0.10409	supercritical
607.69	355.00	100.57	0.0099433	1359.5	1712.5	5.4198	2.8194	3.5610	724.91	0.011385	2.3498e-05	0.10427	supercritical
608.69	355.00	100.40	0.0099603	1362.5	1716.1	5.4257	2.8229	3.5637	725.27	0.011257	2.3512e-05	0.10445	supercritical
609.69	355.00	100.23	0.0099773	1365.4	1719.6	5.4315	2.8264	3.5664	725.64	0.011130	2.3526e-05	0.10463	supercritical
610.69	355.00	100.06	0.0099943	1368.4	1723.2	5.4374	2.8299	3.5690	726.00	0.011003	2.3541e-05	0.10481	supercritical
611.69	355.00	99.887	0.010011	1371.4	1726.8	5.4432	2.8334	3.5717	726.36	0.010877	2.3555e-05	0.10500	supercritical
612.69	355.00	99.718	0.010028	1374.3	1730.4	5.4490	2.8369	3.5744	726.72	0.010750	2.3569e-05	0.10518	supercritical
613.69	355.00	99.549	0.010045	1377.3	1733.9	5.4549	2.8404	3.5771	727.09	0.010625	2.3583e-05	0.10536	supercritical
614.69	355.00	99.381	0.010062	1380.3	1737.5	5.4607	2.8439	3.5798	727.45	0.010500	2.3597e-05	0.10554	supercritical
615.69	355.00	99.214	0.010079	1383.3	1741.1	5.4665	2.8473	3.5825	727.81	0.010375	2.3612e-05	0.10572	supercritical
616.69	355.00	99.047	0.010096	1386.3	1744.7	5.4723	2.8508	3.5852	728.17	0.010251	2.3626e-05	0.10591	supercritical
617.69	355.00	98.881	0.010113	1389.2	1748.3	5.4782	2.8543	3.5879	728.54	0.010127	2.3640e-05	0.10609	supercritical
618.69	355.00	98.715	0.010130	1392.2	1751.8	5.4840	2.8578	3.5906	728.90	0.010004	2.3655e-05	0.10627	supercritical
619.69	355.00	98.550	0.010147	1395.2	1755.4	5.4898	2.8613	3.5933	729.26	0.0098812	2.3669e-05	0.10645	supercritical
620.69	355.00	98.386	0.010164	1398.2	1759.0	5.4956	2.8648	3.5960	729.63	0.0097588	2.3684e-05	0.10664	supercritical
621.69	355.00	98.222	0.010181	1401.2	1762.6	5.5013	2.8682	3.5987	729.99	0.0096369	2.3698e-05	0.10682	supercritical
622.69	355.00	98.059	0.010198	1404.2	1766.2	5.5071	2.8717	3.6015	730.35	0.0095155	2.3713e-05	0.10701	supercritical
623.69	355.00	97.897	0.010215	1407.2	1769.8	5.5129	2.8752	3.6042	730.72	0.0093945	2.3727e-05	0.10719	supercritical
624.69	355.00	97.735	0.010232	1410.2	1773.4	5.5187	2.8787	3.6069	731.08	0.0092740	2.3742e-05	0.10738	supercritical