Temperature (K)	Pressure (bar)	Density (kg/m3)	Volume (m3/kg)	Internal Energy (kJ/kg)	Enthalpy (kJ/kg)	Entropy (J/g*K)	Cv (J/g*K)	Cp (J/g*K)	Sound Spd. (m/s)	Joule-Thomson (K/bar)	Viscosity (Pa*s)	Therm. Cond. (W/m*K)	Phase
90.694	715.00	486.52	0.0020554	-99.191	47.772	-1.0673	2.2988	3.2013	1901.6	-0.052806	0.00046248	0.26466	liquid
108.69	715.00	469.62	0.0021294	-47.094	105.16	-0.49004	2.2161	3.1791	1805.2	-0.052603	0.00023440	0.24895	liquid
109.69	715.00	468.69	0.0021336	-44.216	108.34	-0.46093	2.2121	3.1783	1799.7	-0.052575	0.00022791	0.24798	liquid
110.69	715.00	467.77	0.0021378	-41.341	111.51	-0.43209	2.2082	3.1775	1794.3	-0.052546	0.00022177	0.24700	liquid
111.69	715.00	466.84	0.0021420	-38.466	114.69	-0.40351	2.2042	3.1767	1788.9	-0.052517	0.00021595	0.24601	liquid
112.69	715.00	465.92	0.0021463	-35.594	117.87	-0.37520	2.2003	3.1759	1783.5	-0.052486	0.00021044	0.24501	liquid
113.69	715.00	465.00	0.0021506	-32.723	121.04	-0.34715	2.1965	3.1751	1778.1	-0.052455	0.00020521	0.24402	liquid
114.69	715.00	464.07	0.0021548	-29.854	124.22	-0.31935	2.1926	3.1743	1772.6	-0.052423	0.00020025	0.24301	liquid
115.69	715.00	463.15	0.0021591	-26.986	127.39	-0.29180	2.1888	3.1734	1767.2	-0.052390	0.00019553	0.24201	liquid
116.69	715.00	462.23	0.0021634	-24.120	130.56	-0.26449	2.1849	3.1726	1761.9	-0.052357	0.00019104	0.24100	liquid
117.69	715.00	461.31	0.0021677	-21.257	133.74	-0.23742	2.1812	3.1718	1756.5	-0.052323	0.00018676	0.23999	liquid
118.69	715.00	460.40	0.0021720	-18.394	136.91	-0.21059	2.1774	3.1709	1751.1	-0.052287	0.00018268	0.23897	liquid
119.69	715.00	459.48	0.0021764	-15.534	140.08	-0.18399	2.1736	3.1701	1745.7	-0.052252	0.00017879	0.23795	liquid
120.69	715.00	458.56	0.0021807	-12.675	143.25	-0.15762	2.1699	3.1692	1740.4	-0.052215	0.00017508	0.23693	liquid
121.69	715.00	457.65	0.0021851	-9.8186	146.42	-0.13147	2.1662	3.1683	1735.0	-0.052178	0.00017152	0.23591	liquid
122.69	715.00	456.73	0.0021895	-6.9637	149.58	-0.10555	2.1625	3.1675	1729.7	-0.052140	0.00016812	0.23488	liquid
123.69	715.00	455.82	0.0021939	-4.1107	152.75	-0.079838	2.1588	3.1666	1724.4	-0.052101	0.00016487	0.23386	liquid
124.69	715.00	454.90	0.0021983	-1.2596	155.92	-0.054345	2.1551	3.1657	1719.0	-0.052062	0.00016175	0.23283	liquid
125.69	715.00	453.99	0.0022027	1.5897	159.08	-0.029062	2.1515	3.1648	1713.7	-0.052022	0.00015875	0.23181	liquid
126.69	715.00	453.08	0.0022071	4.4370	162.25	-0.0039871	2.1478	3.1638	1708.5	-0.051981	0.00015588	0.23078	liquid
127.69	715.00	452.17	0.0022116	7.2824	165.41	0.020883	2.1442	3.1629	1703.2	-0.051939	0.00015312	0.22975	liquid
128.69	715.00	451.26	0.0022160	10.126	168.57	0.045553	2.1407	3.1620	1697.9	-0.051897	0.00015046	0.22873	liquid
129.69	715.00	450.35	0.0022205	12.967	171.73	0.070024	2.1371	3.1610	1692.7	-0.051853	0.00014791	0.22770	liquid
130.69	715.00	449.44	0.0022250	15.807	174.89	0.094300	2.1336	3.1601	1687.5	-0.051809	0.00014545	0.22668	liquid
131.69	715.00	448.53	0.0022295	18.644	178.05	0.11838	2.1300	3.1591	1682.2	-0.051765	0.00014308	0.22565	liquid
132.69	715.00	447.62	0.0022340	21.480	181.21	0.14228	2.1265	3.1582	1677.0	-0.051719	0.00014079	0.22463	liquid
133.69	715.00	446.72	0.0022386	24.313	184.37	0.16599	2.1230	3.1572	1671.8	-0.051673	0.00013858	0.22361	liquid
134.69	715.00	445.81	0.0022431	27.145	187.53	0.18951	2.1196	3.1562	1666.7	-0.051625	0.00013645	0.22259	liquid
135.69	715.00	444.91	0.0022477	29.974	190.68	0.21285	2.1162	3.1553	1661.5	-0.051577	0.00013439	0.22157	liquid
136.69	715.00	444.00	0.0022522	32.802	193.84	0.23602	2.1127	3.1543	1656.4	-0.051528	0.00013240	0.22055	liquid
137.69	715.00	443.10	0.0022568	35.627	196.99	0.25900	2.1093	3.1533	1651.3	-0.051479	0.00013048	0.21954	liquid
138.69	715.00	442.19	0.0022615	38.450	200.14	0.28182	2.1060	3.1523	1646.1	-0.051428	0.00012861	0.21852	liquid
139.69	715.00	441.29	0.0022661	41.272	203.30	0.30446	2.1026	3.1513	1641.1	-0.051376	0.00012681	0.21751	liquid
140.69	715.00	440.39	0.0022707	44.091	206.45	0.32694	2.0993	3.1503	1636.0	-0.051324	0.00012505	0.21651	liquid
141.69	715.00	439.49	0.0022754	46.908	209.60	0.34924	2.0960	3.1493	1630.9	-0.051271	0.00012336	0.21550	liquid
142.69	715.00	438.59	0.0022800	49.723	212.75	0.37139	2.0927	3.1484	1625.9	-0.051217	0.00012171	0.21450	liquid
143.69	715.00	437.69	0.0022847	52.535	215.89	0.39337	2.0895	3.1474	1620.9	-0.051161	0.00012011	0.21350	liquid
144.69	715.00	436.79	0.0022894	55.346	219.04	0.41520	2.0863	3.1464	1615.9	-0.051105	0.00011855	0.21251	liquid
145.69	715.00	435.89	0.0022941	58.155	222.19	0.43686	2.0831	3.1454	1610.9	-0.051048	0.00011704	0.21151	liquid
146.69	715.00	434.99	0.0022989	60.961	225.33	0.45837	2.0799	3.1444	1605.9	-0.050990	0.00011557	0.21052	liquid
147.69	715.00	434.10	0.0023036	63.765	228.47	0.47973	2.0767	3.1434	1600.9	-0.050931	0.00011414	0.20954	liquid
148.69	715.00	433.20	0.0023084	66.568	231.62	0.50094	2.0736	3.1424	1596.0	-0.050872	0.00011275	0.20855	liquid
149.69	715.00	432.31	0.0023132	69.368	234.76	0.52200	2.0705	3.1414	1591.1	-0.050811	0.00011140	0.20758	liquid
150.69	715.00	431.41	0.0023180	72.165	237.90	0.54291	2.0674	3.1404	1586.2	-0.050749	0.00011008	0.20660	liquid
151.69	715.00	430.52	0.0023228	74.961	241.04	0.56368	2.0644	3.1395	1581.3	-0.050686	0.00010879	0.20563	liquid
152.69	715.00	429.62	0.0023276	77.755	244.18	0.58431	2.0614	3.1385	1576.4	-0.050622	0.00010754	0.20466	liquid
153.69	715.00	428.73	0.0023325	80.546	247.32	0.60479	2.0584	3.1375	1571.6	-0.050558	0.00010631	0.20370	liquid
154.69	715.00	427.84	0.0023373	83.335	250.45	0.62513	2.0554	3.1365	1566.7	-0.050492	0.00010512	0.20274	liquid
155.69	715.00	426.95	0.0023422	86.123	253.59	0.64534	2.0525	3.1356	1561.9	-0.050425	0.00010396	0.20179	liquid
156.69	715.00	426.06	0.0023471	88.908	256.73	0.66541	2.0496	3.1346	1557.1	-0.050357	0.00010282	0.20083	liquid
157.69	715.00	425.17	0.0023520	91.690	259.86	0.68535	2.0467	3.1336	1552.4	-0.050288	0.00010171	0.19989	liquid
158.69	715.00	424.28	0.0023570	94.471	262.99	0.70516	2.0438	3.1327	1547.6	-0.050218	0.00010062	0.19895	liquid
159.69	715.00	423.39	0.0023619	97.249	266.13	0.72483	2.0410	3.1317	1542.9	-0.050147	9.9560e-05	0.19801	liquid
160.69	715.00	422.50	0.0023669	100.03	269.26	0.74438	2.0382	3.1308	1538.2	-0.050075	9.8522e-05	0.19708	liquid
161.69	715.00	421.61	0.0023718	102.80	272.39	0.76380	2.0354	3.1299	1533.5	-0.050002	9.7506e-05	0.19615	liquid
162.69	715.00	420.73	0.0023768	105.57	275.52	0.78309	2.0327	3.1289	1528.8	-0.049928	9.6513e-05	0.19522	liquid
163.69	715.00	419.84	0.0023819	108.34	278.64	0.80226	2.0300	3.1280	1524.1	-0.049853	9.5541e-05	0.19430	liquid
164.69	715.00	418.96	0.0023869	111.11	281.77	0.82131	2.0273	3.1271	1519.5	-0.049777	9.4589e-05	0.19339	liquid
165.69	715.00	418.07	0.0023919	113.88	284.90	0.84024	2.0246	3.1262	1514.9	-0.049699	9.3657e-05	0.19248	liquid
166.69	715.00	417.19	0.0023970	116.64	288.02	0.85905	2.0220	3.1253	1510.3	-0.049621	9.2744e-05	0.19157	liquid
167.69	715.00	416.30	0.0024021	119.40	291.15	0.87774	2.0194	3.1244	1505.7	-0.049541	9.1849e-05	0.19067	liquid
168.69	715.00	415.42	0.0024072	122.16	294.27	0.89631	2.0168	3.1235	1501.1	-0.049461	9.0972e-05	0.18978	liquid
169.69	715.00	414.54	0.0024123	124.92	297.40	0.91477	2.0143	3.1226	1496.6	-0.049379	9.0112e-05	0.18889	liquid
170.69	715.00	413.66	0.0024175	127.67	300.52	0.93311	2.0118	3.1218	1492.0	-0.049297	8.9269e-05	0.18800	liquid
171.69	715.00	412.78	0.0024226	130.42	303.64	0.95135	2.0093	3.1209	1487.5	-0.049213	8.8443e-05	0.18712	liquid
172.69	715.00	411.90	0.0024278	133.17	306.76	0.96947	2.0068	3.1200	1483.1	-0.049128	8.7632e-05	0.18625	liquid
173.69	715.00	411.02	0.0024330	135.92	309.88	0.98748	2.0044	3.1192	1478.6	-0.049042	8.6836e-05	0.18538	liquid
174.69	715.00	410.14	0.0024382	138.67	313.00	1.0054	2.0020	3.1183	1474.1	-0.048955	8.6055e-05	0.18451	liquid
175.69	715.00	409.26	0.0024434	141.41	316.12	1.0232	1.9996	3.1175	1469.7	-0.048867	8.5288e-05	0.18365	liquid
176.69	715.00	408.39	0.0024487	144.15	319.23	1.0409	1.9973	3.1167	1465.3	-0.048778	8.4535e-05	0.18280	liquid
177.69	715.00	407.51	0.0024539	146.89	322.35	1.0585	1.9950	3.1159	1460.9	-0.048687	8.3796e-05	0.18195	liquid
178.69	715.00	406.64	0.0024592	149.63	325.47	1.0759	1.9927	3.1151	1456.5	-0.048596	8.3070e-05	0.18110	liquid
179.69	715.00	405.76	0.0024645	152.37	328.58	1.0933	1.9904	3.1143	1452.2	-0.048504	8.2357e-05	0.18027	liquid
180.69	715.00	404.89	0.0024698	155.10	331.69	1.1106	1.9882	3.1135	1447.9	-0.048410	8.1656e-05	0.17943	liquid
181.69	715.00	404.01	0.0024752	157.83	334.81	1.1278	1.9860	3.1127	1443.5	-0.048315	8.0967e-05	0.17860	liquid
182.69	715.00	403.14	0.0024805	160.56	337.92	1.1449	1.9839	3.1120	1439.3	-0.048220	8.0290e-05	0.17778	liquid
183.69	715.00	402.27	0.0024859	163.29	341.03	1.1619	1.9817	3.1112	1435.0	-0.048123	7.9624e-05	0.17696	liquid
184.69	715.00	401.40	0.0024913	166.02	344.14	1.1787	1.9796	3.1105	1430.7	-0.048025	7.8970e-05	0.17615	liquid
185.69	715.00	400.53	0.0024967	168.74	347.25	1.1955	1.9776	3.1097	1426.5	-0.047926	7.8326e-05	0.17534	liquid
186.69	715.00	399.66	0.0025021	171.46	350.36	1.2122	1.9755	3.1090	1422.3	-0.047826	7.7693e-05	0.17454	liquid
187.69	715.00	398.79	0.0025076	174.18	353.47	1.2288	1.9735	3.1083	1418.1	-0.047725	7.7070e-05	0.17375	liquid
188.69	715.00	397.93	0.0025130	176.90	356.58	1.2454	1.9716	3.1076	1413.9	-0.047623	7.6457e-05	0.17295	liquid
189.69	715.00	397.06	0.0025185	179.61	359.69	1.2618	1.9696	3.1069	1409.8	-0.047520	7.5855e-05	0.17217	liquid
190.69	715.00	396.19	0.0025240	182.32	362.79	1.2781	1.9677	3.1062	1405.6	-0.047416	7.5261e-05	0.17139	supercritical
191.69	715.00	395.33	0.0025295	185.04	365.90	1.2944	1.9658	3.1055	1401.5	-0.047310	7.4677e-05	0.17061	supercritical
192.69	715.00	394.47	0.0025351	187.74	369.00	1.3105	1.9640	3.1048	1397.4	-0.047204	7.4103e-05	0.16984	supercritical
193.69	715.00	393.60	0.0025406	190.45	372.11	1.3266	1.9621	3.1042	1393.4	-0.047096	7.3537e-05	0.16908	supercritical
194.69	715.00	392.74	0.0025462	193.16	375.21	1.3426	1.9603	3.1035	1389.3	-0.046988	7.2980e-05	0.16832	supercritical
195.69	715.00	391.88	0.0025518	195.86	378.31	1.3585	1.9586	3.1029	1385.3	-0.046879	7.2431e-05	0.16756	supercritical
196.69	715.00	391.02	0.0025574	198.56	381.42	1.3743	1.9569	3.1023	1381.3	-0.046768	7.1891e-05	0.16682	supercritical
197.69	715.00	390.16	0.0025631	201.26	384.52	1.3900	1.9552	3.1017	1377.3	-0.046657	7.1358e-05	0.16607	supercritical
198.69	715.00	389.30	0.0025687	203.96	387.62	1.4057	1.9535	3.1011	1373.3	-0.046544	7.0834e-05	0.16534	supercritical
199.69	715.00	388.44	0.0025744	206.65	390.72	1.4212	1.9519	3.1005	1369.3	-0.046431	7.0317e-05	0.16460	supercritical
200.69	715.00	387.58	0.0025801	209.35	393.82	1.4367	1.9503	3.0999	1365.4	-0.046316	6.9809e-05	0.16388	supercritical
201.69	715.00	386.73	0.0025858	212.04	396.92	1.4521	1.9487	3.0993	1361.5	-0.046200	6.9307e-05	0.16315	supercritical
202.69	715.00	385.87	0.0025915	214.73	400.02	1.4674	1.9471	3.0988	1357.6	-0.046084	6.8813e-05	0.16244	supercritical
203.69	715.00	385.02	0.0025973	217.41	403.12	1.4827	1.9456	3.0982	1353.7	-0.045966	6.8326e-05	0.16173	supercritical
204.69	715.00	384.17	0.0026030	220.10	406.22	1.4979	1.9441	3.0977	1349.9	-0.045848	6.7846e-05	0.16102	supercritical
205.69	715.00	383.31	0.0026088	222.78	409.31	1.5130	1.9427	3.0972	1346.0	-0.045728	6.7373e-05	0.16032	supercritical
206.69	715.00	382.46	0.0026146	225.46	412.41	1.5280	1.9413	3.0967	1342.2	-0.045608	6.6906e-05	0.15963	supercritical
207.69	715.00	381.61	0.0026205	228.14	415.51	1.5429	1.9399	3.0962	1338.4	-0.045487	6.6446e-05	0.15894	supercritical
208.69	715.00	380.76	0.0026263	230.82	418.60	1.5578	1.9385	3.0957	1334.7	-0.045364	6.5993e-05	0.15825	supercritical
209.69	715.00	379.91	0.0026322	233.50	421.70	1.5726	1.9372	3.0952	1330.9	-0.045241	6.5545e-05	0.15757	supercritical
210.69	715.00	379.07	0.0026381	236.17	424.79	1.5873	1.9359	3.0947	1327.2	-0.045117	6.5104e-05	0.15690	supercritical
211.69	715.00	378.22	0.0026440	238.84	427.89	1.6020	1.9347	3.0943	1323.5	-0.044992	6.4669e-05	0.15623	supercritical
212.69	715.00	377.37	0.0026499	241.52	430.98	1.6166	1.9334	3.0938	1319.8	-0.044866	6.4240e-05	0.15557	supercritical
213.69	715.00	376.53	0.0026558	244.18	434.08	1.6311	1.9322	3.0934	1316.1	-0.044739	6.3817e-05	0.15491	supercritical
214.69	715.00	375.69	0.0026618	246.85	437.17	1.6455	1.9311	3.0930	1312.4	-0.044612	6.3400e-05	0.15426	supercritical
215.69	715.00	374.84	0.0026678	249.52	440.26	1.6599	1.9299	3.0925	1308.8	-0.044483	6.2988e-05	0.15361	supercritical
216.69	715.00	374.00	0.0026738	252.18	443.35	1.6742	1.9288	3.0921	1305.2	-0.044354	6.2581e-05	0.15297	supercritical
217.69	715.00	373.16	0.0026798	254.84	446.45	1.6884	1.9278	3.0918	1301.6	-0.044223	6.2180e-05	0.15233	supercritical
218.69	715.00	372.32	0.0026858	257.50	449.54	1.7026	1.9267	3.0914	1298.0	-0.044092	6.1785e-05	0.15170	supercritical
219.69	715.00	371.49	0.0026919	260.16	452.63	1.7167	1.9257	3.0910	1294.5	-0.043961	6.1394e-05	0.15107	supercritical
220.69	715.00	370.65	0.0026980	262.82	455.72	1.7307	1.9247	3.0907	1290.9	-0.043828	6.1009e-05	0.15045	supercritical
221.69	715.00	369.81	0.0027041	265.47	458.81	1.7447	1.9238	3.0903	1287.4	-0.043694	6.0629e-05	0.14984	supercritical
222.69	715.00	368.98	0.0027102	268.12	461.90	1.7586	1.9229	3.0900	1283.9	-0.043560	6.0253e-05	0.14922	supercritical
223.69	715.00	368.15	0.0027163	270.77	464.99	1.7724	1.9220	3.0897	1280.4	-0.043425	5.9883e-05	0.14862	supercritical
224.69	715.00	367.31	0.0027225	273.42	468.08	1.7862	1.9211	3.0893	1277.0	-0.043289	5.9517e-05	0.14802	supercritical
225.69	715.00	366.48	0.0027286	276.07	471.17	1.7999	1.9203	3.0890	1273.5	-0.043153	5.9156e-05	0.14742	supercritical
226.69	715.00	365.65	0.0027348	278.72	474.26	1.8136	1.9195	3.0888	1270.1	-0.043015	5.8799e-05	0.14683	supercritical
227.69	715.00	364.82	0.0027410	281.36	477.35	1.8272	1.9188	3.0885	1266.7	-0.042877	5.8447e-05	0.14625	supercritical
228.69	715.00	364.00	0.0027473	284.00	480.43	1.8407	1.9180	3.0882	1263.4	-0.042739	5.8100e-05	0.14567	supercritical
229.69	715.00	363.17	0.0027535	286.65	483.52	1.8542	1.9174	3.0880	1260.0	-0.042599	5.7757e-05	0.14509	supercritical
230.69	715.00	362.34	0.0027598	289.28	486.61	1.8676	1.9167	3.0877	1256.7	-0.042459	5.7418e-05	0.14452	supercritical
231.69	715.00	361.52	0.0027661	291.92	489.70	1.8810	1.9161	3.0875	1253.3	-0.042318	5.7083e-05	0.14396	supercritical
232.69	715.00	360.70	0.0027724	294.56	492.79	1.8943	1.9155	3.0873	1250.0	-0.042177	5.6753e-05	0.14340	supercritical
233.69	715.00	359.88	0.0027787	297.19	495.87	1.9075	1.9149	3.0870	1246.8	-0.042035	5.6426e-05	0.14284	supercritical
234.69	715.00	359.06	0.0027851	299.83	498.96	1.9207	1.9143	3.0868	1243.5	-0.041893	5.6104e-05	0.14229	supercritical
235.69	715.00	358.24	0.0027914	302.46	502.05	1.9338	1.9138	3.0867	1240.3	-0.041749	5.5786e-05	0.14175	supercritical
236.69	715.00	357.42	0.0027978	305.09	505.13	1.9469	1.9134	3.0865	1237.0	-0.041606	5.5471e-05	0.14121	supercritical
237.69	715.00	356.60	0.0028042	307.72	508.22	1.9599	1.9129	3.0863	1233.8	-0.041461	5.5161e-05	0.14067	supercritical
238.69	715.00	355.79	0.0028107	310.34	511.31	1.9728	1.9125	3.0862	1230.7	-0.041316	5.4854e-05	0.14014	supercritical
239.69	715.00	354.98	0.0028171	312.97	514.39	1.9858	1.9121	3.0860	1227.5	-0.041171	5.4551e-05	0.13962	supercritical
240.69	715.00	354.16	0.0028236	315.59	517.48	1.9986	1.9118	3.0859	1224.4	-0.041025	5.4251e-05	0.13910	supercritical
241.69	715.00	353.35	0.0028300	318.22	520.56	2.0114	1.9114	3.0858	1221.2	-0.040878	5.3955e-05	0.13858	supercritical
242.69	715.00	352.54	0.0028365	320.84	523.65	2.0241	1.9111	3.0856	1218.1	-0.040731	5.3663e-05	0.13807	supercritical
243.69	715.00	351.73	0.0028431	323.46	526.73	2.0368	1.9109	3.0855	1215.0	-0.040584	5.3374e-05	0.13756	supercritical
244.69	715.00	350.93	0.0028496	326.07	529.82	2.0495	1.9106	3.0855	1212.0	-0.040436	5.3089e-05	0.13706	supercritical
245.69	715.00	350.12	0.0028562	328.69	532.91	2.0620	1.9104	3.0854	1208.9	-0.040288	5.2807e-05	0.13656	supercritical
246.69	715.00	349.32	0.0028627	331.31	535.99	2.0746	1.9103	3.0853	1205.9	-0.040139	5.2528e-05	0.13607	supercritical
247.69	715.00	348.51	0.0028693	333.92	539.08	2.0871	1.9101	3.0852	1202.9	-0.039990	5.2252e-05	0.13559	supercritical
248.69	715.00	347.71	0.0028759	336.53	542.16	2.0995	1.9100	3.0852	1199.9	-0.039840	5.1980e-05	0.13510	supercritical
249.69	715.00	346.91	0.0028826	339.14	545.25	2.1119	1.9099	3.0852	1197.0	-0.039691	5.1711e-05	0.13462	supercritical
250.69	715.00	346.11	0.0028892	341.75	548.33	2.1242	1.9099	3.0851	1194.0	-0.039540	5.1445e-05	0.13415	supercritical
251.69	715.00	345.32	0.0028959	344.36	551.42	2.1365	1.9099	3.0851	1191.1	-0.039390	5.1183e-05	0.13368	supercritical
252.69	715.00	344.52	0.0029026	346.97	554.50	2.1487	1.9099	3.0851	1188.2	-0.039239	5.0923e-05	0.13322	supercritical
253.69	715.00	343.73	0.0029093	349.57	557.59	2.1609	1.9099	3.0851	1185.3	-0.039088	5.0666e-05	0.13276	supercritical
254.69	715.00	342.94	0.0029160	352.18	560.67	2.1730	1.9100	3.0851	1182.4	-0.038936	5.0413e-05	0.13230	supercritical
255.69	715.00	342.14	0.0029227	354.78	563.76	2.1851	1.9101	3.0852	1179.5	-0.038784	5.0162e-05	0.13185	supercritical
256.69	715.00	341.36	0.0029295	357.38	566.84	2.1972	1.9102	3.0852	1176.7	-0.038632	4.9914e-05	0.13141	supercritical
257.69	715.00	340.57	0.0029363	359.98	569.93	2.2092	1.9104	3.0853	1173.9	-0.038480	4.9669e-05	0.13097	supercritical
258.69	715.00	339.78	0.0029431	362.58	573.01	2.2211	1.9105	3.0853	1171.1	-0.038327	4.9427e-05	0.13053	supercritical
259.69	715.00	339.00	0.0029499	365.18	576.10	2.2330	1.9108	3.0854	1168.3	-0.038175	4.9187e-05	0.13010	supercritical
260.69	715.00	338.21	0.0029567	367.78	579.18	2.2449	1.9110	3.0855	1165.6	-0.038022	4.8950e-05	0.12967	supercritical
261.69	715.00	337.43	0.0029636	370.37	582.27	2.2567	1.9113	3.0856	1162.8	-0.037869	4.8716e-05	0.12925	supercritical
262.69	715.00	336.65	0.0029704	372.97	585.35	2.2685	1.9116	3.0857	1160.1	-0.037716	4.8485e-05	0.12883	supercritical
263.69	715.00	335.87	0.0029773	375.56	588.44	2.2802	1.9119	3.0858	1157.4	-0.037562	4.8256e-05	0.12841	supercritical
264.69	715.00	335.09	0.0029842	378.15	591.53	2.2919	1.9123	3.0859	1154.7	-0.037409	4.8030e-05	0.12800	supercritical
265.69	715.00	334.32	0.0029912	380.74	594.61	2.3035	1.9127	3.0860	1152.0	-0.037256	4.7806e-05	0.12760	supercritical
266.69	715.00	333.55	0.0029981	383.33	597.70	2.3151	1.9131	3.0862	1149.4	-0.037102	4.7585e-05	0.12719	supercritical
267.69	715.00	332.77	0.0030051	385.92	600.78	2.3266	1.9135	3.0863	1146.8	-0.036948	4.7366e-05	0.12680	supercritical
268.69	715.00	332.00	0.0030120	388.51	603.87	2.3381	1.9140	3.0865	1144.2	-0.036795	4.7150e-05	0.12640	supercritical
269.69	715.00	331.23	0.0030190	391.10	606.96	2.3496	1.9145	3.0866	1141.6	-0.036641	4.6936e-05	0.12602	supercritical
270.69	715.00	330.47	0.0030260	393.68	610.04	2.3610	1.9150	3.0868	1139.0	-0.036487	4.6725e-05	0.12563	supercritical
271.69	715.00	329.70	0.0030331	396.27	613.13	2.3724	1.9156	3.0870	1136.4	-0.036334	4.6516e-05	0.12525	supercritical
272.69	715.00	328.94	0.0030401	398.85	616.22	2.3838	1.9161	3.0872	1133.9	-0.036180	4.6309e-05	0.12487	supercritical
273.69	715.00	328.17	0.0030472	401.43	619.31	2.3951	1.9168	3.0874	1131.4	-0.036026	4.6105e-05	0.12450	supercritical
274.69	715.00	327.41	0.0030542	404.02	622.39	2.4063	1.9174	3.0877	1128.9	-0.035873	4.5902e-05	0.12413	supercritical
275.69	715.00	326.66	0.0030613	406.60	625.48	2.4175	1.9181	3.0879	1126.4	-0.035719	4.5702e-05	0.12377	supercritical
276.69	715.00	325.90	0.0030684	409.18	628.57	2.4287	1.9187	3.0881	1123.9	-0.035566	4.5505e-05	0.12341	supercritical
277.69	715.00	325.14	0.0030756	411.75	631.66	2.4399	1.9195	3.0884	1121.5	-0.035413	4.5309e-05	0.12305	supercritical
278.69	715.00	324.39	0.0030827	414.33	634.75	2.4510	1.9202	3.0886	1119.1	-0.035259	4.5115e-05	0.12270	supercritical
279.69	715.00	323.64	0.0030899	416.91	637.83	2.4620	1.9210	3.0889	1116.6	-0.035106	4.4924e-05	0.12235	supercritical
280.69	715.00	322.89	0.0030971	419.48	640.92	2.4731	1.9218	3.0892	1114.3	-0.034954	4.4735e-05	0.12201	supercritical
281.69	715.00	322.14	0.0031043	422.06	644.01	2.4840	1.9226	3.0895	1111.9	-0.034801	4.4548e-05	0.12167	supercritical
282.69	715.00	321.39	0.0031115	424.63	647.10	2.4950	1.9235	3.0898	1109.5	-0.034648	4.4363e-05	0.12133	supercritical
283.69	715.00	320.65	0.0031187	427.21	650.19	2.5059	1.9243	3.0901	1107.2	-0.034496	4.4179e-05	0.12100	supercritical
284.69	715.00	319.90	0.0031259	429.78	653.28	2.5168	1.9252	3.0904	1104.9	-0.034344	4.3998e-05	0.12067	supercritical
285.69	715.00	319.16	0.0031332	432.35	656.37	2.5276	1.9262	3.0908	1102.6	-0.034192	4.3819e-05	0.12035	supercritical
286.69	715.00	318.42	0.0031405	434.92	659.46	2.5384	1.9271	3.0911	1100.3	-0.034041	4.3642e-05	0.12002	supercritical
287.69	715.00	317.69	0.0031478	437.49	662.56	2.5492	1.9281	3.0915	1098.0	-0.033890	4.3467e-05	0.11971	supercritical
288.69	715.00	316.95	0.0031551	440.06	665.65	2.5599	1.9291	3.0918	1095.7	-0.033739	4.3293e-05	0.11939	supercritical
289.69	715.00	316.22	0.0031624	442.63	668.74	2.5706	1.9301	3.0922	1093.5	-0.033588	4.3122e-05	0.11909	supercritical
290.69	715.00	315.48	0.0031697	445.20	671.83	2.5812	1.9312	3.0926	1091.3	-0.033438	4.2952e-05	0.11878	supercritical
291.69	715.00	314.75	0.0031771	447.76	674.92	2.5919	1.9323	3.0930	1089.1	-0.033288	4.2784e-05	0.11848	supercritical
292.69	715.00	314.03	0.0031845	450.33	678.02	2.6025	1.9334	3.0934	1086.9	-0.033138	4.2618e-05	0.11818	supercritical
293.69	715.00	313.30	0.0031918	452.89	681.11	2.6130	1.9345	3.0938	1084.7	-0.032989	4.2454e-05	0.11788	supercritical
294.69	715.00	312.57	0.0031992	455.46	684.20	2.6235	1.9357	3.0942	1082.6	-0.032840	4.2291e-05	0.11759	supercritical
295.69	715.00	311.85	0.0032067	458.02	687.30	2.6340	1.9368	3.0946	1080.5	-0.032692	4.2130e-05	0.11731	supercritical
296.69	715.00	311.13	0.0032141	460.59	690.39	2.6445	1.9381	3.0951	1078.3	-0.032543	4.1971e-05	0.11702	supercritical
297.69	715.00	310.41	0.0032215	463.15	693.49	2.6549	1.9393	3.0955	1076.2	-0.032396	4.1814e-05	0.11674	supercritical
298.69	715.00	309.69	0.0032290	465.71	696.59	2.6653	1.9405	3.0960	1074.2	-0.032249	4.1658e-05	0.11646	supercritical
299.69	715.00	308.98	0.0032365	468.27	699.68	2.6756	1.9418	3.0964	1072.1	-0.032102	4.1504e-05	0.11619	supercritical
300.69	715.00	308.27	0.0032440	470.84	702.78	2.6859	1.9431	3.0969	1070.0	-0.031955	4.1352e-05	0.11592	supercritical
301.69	715.00	307.55	0.0032515	473.40	705.88	2.6962	1.9444	3.0974	1068.0	-0.031810	4.1201e-05	0.11566	supercritical
302.69	715.00	306.84	0.0032590	475.96	708.97	2.7064	1.9458	3.0979	1066.0	-0.031664	4.1052e-05	0.11539	supercritical
303.69	715.00	306.14	0.0032665	478.52	712.07	2.7167	1.9471	3.0984	1064.0	-0.031520	4.0905e-05	0.11513	supercritical
304.69	715.00	305.43	0.0032741	481.07	715.17	2.7269	1.9485	3.0989	1062.0	-0.031375	4.0759e-05	0.11488	supercritical
305.69	715.00	304.73	0.0032816	483.63	718.27	2.7370	1.9499	3.0994	1060.0	-0.031231	4.0614e-05	0.11462	supercritical
306.69	715.00	304.03	0.0032892	486.19	721.37	2.7471	1.9514	3.1000	1058.1	-0.031088	4.0471e-05	0.11437	supercritical
307.69	715.00	303.33	0.0032968	488.75	724.47	2.7572	1.9528	3.1005	1056.2	-0.030946	4.0330e-05	0.11413	supercritical
308.69	715.00	302.63	0.0033044	491.31	727.57	2.7673	1.9543	3.1011	1054.2	-0.030803	4.0190e-05	0.11389	supercritical
309.69	715.00	301.93	0.0033120	493.86	730.67	2.7773	1.9558	3.1016	1052.3	-0.030662	4.0052e-05	0.11365	supercritical
310.69	715.00	301.24	0.0033196	496.42	733.77	2.7873	1.9574	3.1022	1050.4	-0.030521	3.9915e-05	0.11341	supercritical
311.69	715.00	300.55	0.0033273	498.97	736.88	2.7973	1.9589	3.1028	1048.6	-0.030381	3.9779e-05	0.11318	supercritical
312.69	715.00	299.86	0.0033349	501.53	739.98	2.8072	1.9605	3.1034	1046.7	-0.030241	3.9645e-05	0.11295	supercritical
313.69	715.00	299.17	0.0033426	504.09	743.08	2.8171	1.9621	3.1040	1044.9	-0.030102	3.9513e-05	0.11272	supercritical
314.69	715.00	298.48	0.0033503	506.64	746.19	2.8270	1.9637	3.1046	1043.1	-0.029963	3.9381e-05	0.11250	supercritical
315.69	715.00	297.80	0.0033580	509.20	749.29	2.8369	1.9653	3.1052	1041.2	-0.029826	3.9252e-05	0.11228	supercritical
316.69	715.00	297.12	0.0033657	511.75	752.40	2.8467	1.9670	3.1059	1039.4	-0.029689	3.9123e-05	0.11206	supercritical
317.69	715.00	296.43	0.0033734	514.30	755.50	2.8565	1.9686	3.1065	1037.7	-0.029552	3.8996e-05	0.11185	supercritical
318.69	715.00	295.76	0.0033812	516.86	758.61	2.8662	1.9703	3.1072	1035.9	-0.029416	3.8870e-05	0.11164	supercritical
319.69	715.00	295.08	0.0033889	519.41	761.72	2.8760	1.9720	3.1078	1034.2	-0.029281	3.8746e-05	0.11143	supercritical
320.69	715.00	294.41	0.0033967	521.96	764.83	2.8857	1.9738	3.1085	1032.4	-0.029147	3.8622e-05	0.11122	supercritical
321.69	715.00	293.73	0.0034044	524.52	767.93	2.8954	1.9755	3.1092	1030.7	-0.029013	3.8501e-05	0.11102	supercritical
322.69	715.00	293.06	0.0034122	527.07	771.04	2.9050	1.9773	3.1099	1029.0	-0.028880	3.8380e-05	0.11082	supercritical
323.69	715.00	292.40	0.0034200	529.62	774.15	2.9146	1.9791	3.1106	1027.3	-0.028748	3.8261e-05	0.11063	supercritical
324.69	715.00	291.73	0.0034278	532.18	777.27	2.9242	1.9809	3.1113	1025.6	-0.028616	3.8143e-05	0.11044	supercritical
325.69	715.00	291.07	0.0034356	534.73	780.38	2.9338	1.9828	3.1120	1024.0	-0.028485	3.8026e-05	0.11025	supercritical
326.69	715.00	290.40	0.0034435	537.28	783.49	2.9433	1.9846	3.1127	1022.3	-0.028355	3.7910e-05	0.11006	supercritical
327.69	715.00	289.74	0.0034513	539.83	786.60	2.9529	1.9865	3.1135	1020.7	-0.028226	3.7796e-05	0.10987	supercritical
328.69	715.00	289.09	0.0034592	542.38	789.72	2.9623	1.9884	3.1142	1019.1	-0.028098	3.7683e-05	0.10969	supercritical
329.69	715.00	288.43	0.0034671	544.94	792.83	2.9718	1.9903	3.1150	1017.5	-0.027970	3.7571e-05	0.10951	supercritical
330.69	715.00	287.78	0.0034749	547.49	795.95	2.9812	1.9922	3.1157	1015.9	-0.027843	3.7460e-05	0.10934	supercritical
331.69	715.00	287.12	0.0034828	550.04	799.06	2.9907	1.9942	3.1165	1014.3	-0.027717	3.7350e-05	0.10917	supercritical
332.69	715.00	286.47	0.0034907	552.59	802.18	3.0000	1.9961	3.1173	1012.8	-0.027591	3.7242e-05	0.10900	supercritical
333.69	715.00	285.83	0.0034986	555.14	805.30	3.0094	1.9981	3.1181	1011.2	-0.027467	3.7134e-05	0.10883	supercritical
334.69	715.00	285.18	0.0035066	557.70	808.42	3.0187	2.0001	3.1189	1009.7	-0.027343	3.7028e-05	0.10866	supercritical
335.69	715.00	284.54	0.0035145	560.25	811.53	3.0280	2.0022	3.1197	1008.2	-0.027220	3.6923e-05	0.10850	supercritical
336.69	715.00	283.89	0.0035224	562.80	814.65	3.0373	2.0042	3.1206	1006.7	-0.027098	3.6819e-05	0.10834	supercritical
337.69	715.00	283.25	0.0035304	565.35	817.78	3.0466	2.0063	3.1214	1005.2	-0.026977	3.6716e-05	0.10819	supercritical
338.69	715.00	282.62	0.0035384	567.90	820.90	3.0558	2.0083	3.1222	1003.7	-0.026856	3.6614e-05	0.10803	supercritical
339.69	715.00	281.98	0.0035463	570.46	824.02	3.0650	2.0104	3.1231	1002.2	-0.026737	3.6513e-05	0.10788	supercritical
340.69	715.00	281.35	0.0035543	573.01	827.14	3.0742	2.0125	3.1240	1000.8	-0.026618	3.6414e-05	0.10773	supercritical
341.69	715.00	280.72	0.0035623	575.56	830.27	3.0833	2.0147	3.1248	999.36	-0.026500	3.6315e-05	0.10759	supercritical
342.69	715.00	280.09	0.0035703	578.12	833.39	3.0925	2.0168	3.1257	997.93	-0.026383	3.6217e-05	0.10745	supercritical
343.69	715.00	279.46	0.0035783	580.67	836.52	3.1016	2.0190	3.1266	996.52	-0.026267	3.6121e-05	0.10730	supercritical
344.69	715.00	278.83	0.0035864	583.22	839.65	3.1107	2.0211	3.1275	995.13	-0.026151	3.6025e-05	0.10717	supercritical
345.69	715.00	278.21	0.0035944	585.77	842.77	3.1197	2.0233	3.1284	993.75	-0.026037	3.5930e-05	0.10703	supercritical
346.69	715.00	277.59	0.0036025	588.33	845.90	3.1288	2.0256	3.1293	992.38	-0.025923	3.5837e-05	0.10690	supercritical
347.69	715.00	276.97	0.0036105	590.88	849.03	3.1378	2.0278	3.1303	991.02	-0.025810	3.5744e-05	0.10677	supercritical
348.69	715.00	276.35	0.0036186	593.44	852.16	3.1468	2.0300	3.1312	989.67	-0.025699	3.5652e-05	0.10664	supercritical
349.69	715.00	275.74	0.0036266	595.99	855.30	3.1557	2.0323	3.1322	988.34	-0.025588	3.5562e-05	0.10651	supercritical
350.69	715.00	275.12	0.0036347	598.55	858.43	3.1647	2.0346	3.1331	987.02	-0.025477	3.5472e-05	0.10639	supercritical
351.69	715.00	274.51	0.0036428	601.10	861.56	3.1736	2.0368	3.1341	985.72	-0.025368	3.5383e-05	0.10627	supercritical
352.69	715.00	273.90	0.0036509	603.66	864.70	3.1825	2.0391	3.1351	984.42	-0.025260	3.5295e-05	0.10615	supercritical
353.69	715.00	273.30	0.0036590	606.21	867.83	3.1914	2.0415	3.1361	983.14	-0.025152	3.5208e-05	0.10603	supercritical
354.69	715.00	272.69	0.0036672	608.77	870.97	3.2002	2.0438	3.1371	981.87	-0.025046	3.5122e-05	0.10592	supercritical
355.69	715.00	272.09	0.0036753	611.32	874.11	3.2091	2.0462	3.1381	980.62	-0.024940	3.5037e-05	0.10581	supercritical
356.69	715.00	271.49	0.0036834	613.88	877.24	3.2179	2.0485	3.1391	979.37	-0.024836	3.4953e-05	0.10570	supercritical
357.69	715.00	270.89	0.0036916	616.44	880.38	3.2267	2.0509	3.1401	978.14	-0.024732	3.4869e-05	0.10559	supercritical
358.69	715.00	270.29	0.0036997	619.00	883.53	3.2354	2.0533	3.1412	976.92	-0.024629	3.4787e-05	0.10549	supercritical
359.69	715.00	269.70	0.0037079	621.55	886.67	3.2442	2.0557	3.1422	975.71	-0.024527	3.4705e-05	0.10538	supercritical
360.69	715.00	269.10	0.0037161	624.11	889.81	3.2529	2.0581	3.1433	974.51	-0.024426	3.4625e-05	0.10528	supercritical
361.69	715.00	268.51	0.0037242	626.67	892.95	3.2616	2.0606	3.1444	973.33	-0.024326	3.4545e-05	0.10519	supercritical
362.69	715.00	267.92	0.0037324	629.23	896.10	3.2703	2.0630	3.1454	972.15	-0.024226	3.4466e-05	0.10509	supercritical
363.69	715.00	267.34	0.0037406	631.79	899.24	3.2790	2.0655	3.1465	970.99	-0.024128	3.4387e-05	0.10500	supercritical
364.69	715.00	266.75	0.0037488	634.35	902.39	3.2876	2.0680	3.1476	969.84	-0.024030	3.4310e-05	0.10490	supercritical
365.69	715.00	266.17	0.0037570	636.91	905.54	3.2962	2.0705	3.1487	968.70	-0.023934	3.4233e-05	0.10482	supercritical
366.69	715.00	265.59	0.0037652	639.47	908.69	3.3048	2.0730	3.1499	967.58	-0.023838	3.4158e-05	0.10473	supercritical
367.69	715.00	265.01	0.0037735	642.04	911.84	3.3134	2.0755	3.1510	966.46	-0.023744	3.4083e-05	0.10464	supercritical
368.69	715.00	264.43	0.0037817	644.60	914.99	3.3220	2.0780	3.1521	965.35	-0.023650	3.4008e-05	0.10456	supercritical
369.69	715.00	263.86	0.0037899	647.16	918.14	3.3305	2.0806	3.1533	964.26	-0.023557	3.3935e-05	0.10448	supercritical
370.69	715.00	263.28	0.0037982	649.73	921.30	3.3390	2.0831	3.1544	963.18	-0.023465	3.3862e-05	0.10440	supercritical
371.69	715.00	262.71	0.0038064	652.29	924.45	3.3475	2.0857	3.1556	962.11	-0.023374	3.3790e-05	0.10432	supercritical
372.69	715.00	262.14	0.0038147	654.86	927.61	3.3560	2.0883	3.1568	961.04	-0.023284	3.3719e-05	0.10425	supercritical
373.69	715.00	261.58	0.0038230	657.42	930.77	3.3645	2.0909	3.1580	959.99	-0.023194	3.3649e-05	0.10418	supercritical
374.69	715.00	261.01	0.0038312	659.99	933.92	3.3729	2.0935	3.1592	958.96	-0.023106	3.3579e-05	0.10411	supercritical
375.69	715.00	260.45	0.0038395	662.56	937.08	3.3813	2.0961	3.1604	957.93	-0.023019	3.3510e-05	0.10404	supercritical
376.69	715.00	259.89	0.0038478	665.13	940.25	3.3897	2.0987	3.1616	956.91	-0.022932	3.3442e-05	0.10397	supercritical
377.69	715.00	259.33	0.0038561	667.70	943.41	3.3981	2.1014	3.1628	955.90	-0.022846	3.3375e-05	0.10390	supercritical
378.69	715.00	258.77	0.0038644	670.27	946.57	3.4065	2.1040	3.1640	954.90	-0.022762	3.3308e-05	0.10384	supercritical
379.69	715.00	258.22	0.0038727	672.84	949.74	3.4148	2.1067	3.1653	953.92	-0.022678	3.3242e-05	0.10378	supercritical
380.69	715.00	257.67	0.0038810	675.41	952.90	3.4232	2.1094	3.1665	952.94	-0.022595	3.3177e-05	0.10372	supercritical
381.69	715.00	257.11	0.0038893	677.98	956.07	3.4315	2.1121	3.1678	951.97	-0.022513	3.3112e-05	0.10366	supercritical
382.69	715.00	256.56	0.0038976	680.56	959.24	3.4398	2.1148	3.1691	951.02	-0.022432	3.3048e-05	0.10361	supercritical
383.69	715.00	256.02	0.0039060	683.13	962.41	3.4480	2.1175	3.1703	950.07	-0.022352	3.2985e-05	0.10356	supercritical
384.69	715.00	255.47	0.0039143	685.70	965.58	3.4563	2.1202	3.1716	949.14	-0.022272	3.2923e-05	0.10350	supercritical
385.69	715.00	254.93	0.0039227	688.28	968.75	3.4645	2.1230	3.1729	948.21	-0.022194	3.2861e-05	0.10345	supercritical
386.69	715.00	254.39	0.0039310	690.86	971.92	3.4727	2.1257	3.1743	947.29	-0.022116	3.2800e-05	0.10341	supercritical
387.69	715.00	253.85	0.0039394	693.43	975.10	3.4809	2.1285	3.1756	946.39	-0.022040	3.2739e-05	0.10336	supercritical
388.69	715.00	253.31	0.0039477	696.01	978.27	3.4891	2.1312	3.1769	945.49	-0.021964	3.2679e-05	0.10332	supercritical
389.69	715.00	252.78	0.0039561	698.59	981.45	3.4973	2.1340	3.1782	944.60	-0.021889	3.2620e-05	0.10327	supercritical
390.69	715.00	252.24	0.0039644	701.17	984.63	3.5054	2.1368	3.1796	943.72	-0.021815	3.2561e-05	0.10323	supercritical
391.69	715.00	251.71	0.0039728	703.75	987.81	3.5136	2.1396	3.1809	942.86	-0.021742	3.2503e-05	0.10319	supercritical
392.69	715.00	251.18	0.0039812	706.34	990.99	3.5217	2.1424	3.1823	942.00	-0.021670	3.2446e-05	0.10316	supercritical
393.69	715.00	250.65	0.0039896	708.92	994.18	3.5298	2.1452	3.1837	941.15	-0.021598	3.2389e-05	0.10312	supercritical
394.69	715.00	250.13	0.0039980	711.51	997.36	3.5378	2.1481	3.1851	940.31	-0.021528	3.2333e-05	0.10309	supercritical
395.69	715.00	249.60	0.0040064	714.09	1000.5	3.5459	2.1509	3.1865	939.48	-0.021458	3.2277e-05	0.10305	supercritical
396.69	715.00	249.08	0.0040148	716.68	1003.7	3.5539	2.1538	3.1879	938.65	-0.021389	3.2223e-05	0.10302	supercritical
397.69	715.00	248.56	0.0040232	719.27	1006.9	3.5620	2.1566	3.1893	937.84	-0.021321	3.2168e-05	0.10299	supercritical
398.69	715.00	248.04	0.0040316	721.85	1010.1	3.5700	2.1595	3.1907	937.04	-0.021254	3.2114e-05	0.10297	supercritical
399.69	715.00	247.52	0.0040400	724.44	1013.3	3.5780	2.1624	3.1922	936.24	-0.021188	3.2061e-05	0.10294	supercritical
400.69	715.00	247.01	0.0040484	727.03	1016.5	3.5860	2.1653	3.1936	935.46	-0.021123	3.2009e-05	0.10292	supercritical
401.69	715.00	246.50	0.0040568	729.63	1019.7	3.5939	2.1681	3.1951	934.68	-0.021058	3.1957e-05	0.10289	supercritical
402.69	715.00	245.99	0.0040653	732.22	1022.9	3.6019	2.1711	3.1965	933.91	-0.020994	3.1905e-05	0.10287	supercritical
403.69	715.00	245.48	0.0040737	734.81	1026.1	3.6098	2.1740	3.1980	933.15	-0.020932	3.1854e-05	0.10285	supercritical
404.69	715.00	244.97	0.0040821	737.41	1029.3	3.6177	2.1769	3.1995	932.40	-0.020870	3.1804e-05	0.10284	supercritical
405.69	715.00	244.46	0.0040906	740.01	1032.5	3.6256	2.1798	3.2010	931.65	-0.020808	3.1754e-05	0.10282	supercritical
406.69	715.00	243.96	0.0040990	742.61	1035.7	3.6335	2.1828	3.2025	930.92	-0.020748	3.1705e-05	0.10281	supercritical
407.69	715.00	243.46	0.0041075	745.20	1038.9	3.6414	2.1857	3.2040	930.19	-0.020688	3.1656e-05	0.10279	supercritical
408.69	715.00	242.96	0.0041159	747.80	1042.1	3.6492	2.1887	3.2055	929.48	-0.020630	3.1608e-05	0.10278	supercritical
409.69	715.00	242.46	0.0041244	750.41	1045.3	3.6570	2.1916	3.2070	928.77	-0.020572	3.1561e-05	0.10277	supercritical
410.69	715.00	241.97	0.0041328	753.01	1048.5	3.6649	2.1946	3.2085	928.06	-0.020514	3.1514e-05	0.10276	supercritical
411.69	715.00	241.47	0.0041413	755.61	1051.7	3.6727	2.1976	3.2101	927.37	-0.020458	3.1467e-05	0.10276	supercritical
412.69	715.00	240.98	0.0041497	758.22	1054.9	3.6805	2.2006	3.2116	926.69	-0.020403	3.1421e-05	0.10275	supercritical
413.69	715.00	240.49	0.0041582	760.83	1058.1	3.6882	2.2036	3.2132	926.01	-0.020348	3.1375e-05	0.10275	supercritical
414.69	715.00	240.00	0.0041667	763.43	1061.4	3.6960	2.2066	3.2148	925.34	-0.020294	3.1330e-05	0.10274	supercritical
415.69	715.00	239.51	0.0041752	766.04	1064.6	3.7037	2.2096	3.2163	924.68	-0.020241	3.1286e-05	0.10274	supercritical
416.69	715.00	239.03	0.0041836	768.65	1067.8	3.7115	2.2126	3.2179	924.02	-0.020188	3.1242e-05	0.10274	supercritical
417.69	715.00	238.54	0.0041921	771.27	1071.0	3.7192	2.2157	3.2195	923.38	-0.020137	3.1198e-05	0.10274	supercritical
418.69	715.00	238.06	0.0042006	773.88	1074.2	3.7269	2.2187	3.2211	922.74	-0.020086	3.1155e-05	0.10275	supercritical
419.69	715.00	237.58	0.0042091	776.50	1077.4	3.7346	2.2217	3.2228	922.11	-0.020035	3.1113e-05	0.10275	supercritical
420.69	715.00	237.10	0.0042176	779.11	1080.7	3.7422	2.2248	3.2244	921.48	-0.019986	3.1070e-05	0.10276	supercritical
421.69	715.00	236.63	0.0042261	781.73	1083.9	3.7499	2.2278	3.2260	920.87	-0.019937	3.1029e-05	0.10276	supercritical
422.69	715.00	236.15	0.0042346	784.35	1087.1	3.7575	2.2309	3.2277	920.26	-0.019890	3.0988e-05	0.10277	supercritical
423.69	715.00	235.68	0.0042431	786.97	1090.4	3.7652	2.2340	3.2293	919.66	-0.019842	3.0947e-05	0.10278	supercritical
424.69	715.00	235.21	0.0042516	789.59	1093.6	3.7728	2.2371	3.2310	919.06	-0.019796	3.0907e-05	0.10279	supercritical
425.69	715.00	234.74	0.0042601	792.22	1096.8	3.7804	2.2401	3.2326	918.48	-0.019750	3.0867e-05	0.10280	supercritical
426.69	715.00	234.27	0.0042686	794.84	1100.0	3.7880	2.2432	3.2343	917.90	-0.019705	3.0828e-05	0.10282	supercritical
427.69	715.00	233.80	0.0042771	797.47	1103.3	3.7955	2.2463	3.2360	917.32	-0.019661	3.0789e-05	0.10283	supercritical
428.69	715.00	233.34	0.0042856	800.10	1106.5	3.8031	2.2494	3.2377	916.76	-0.019618	3.0750e-05	0.10285	supercritical
429.69	715.00	232.87	0.0042942	802.72	1109.8	3.8107	2.2526	3.2394	916.20	-0.019575	3.0712e-05	0.10287	supercritical
430.69	715.00	232.41	0.0043027	805.36	1113.0	3.8182	2.2557	3.2411	915.65	-0.019533	3.0675e-05	0.10289	supercritical
431.69	715.00	231.95	0.0043112	807.99	1116.2	3.8257	2.2588	3.2428	915.11	-0.019491	3.0638e-05	0.10291	supercritical
432.69	715.00	231.50	0.0043197	810.62	1119.5	3.8332	2.2619	3.2446	914.57	-0.019451	3.0601e-05	0.10293	supercritical
433.69	715.00	231.04	0.0043282	813.26	1122.7	3.8407	2.2651	3.2463	914.04	-0.019411	3.0565e-05	0.10295	supercritical
434.69	715.00	230.59	0.0043368	815.90	1126.0	3.8482	2.2682	3.2480	913.51	-0.019371	3.0529e-05	0.10298	supercritical
435.69	715.00	230.13	0.0043453	818.54	1129.2	3.8556	2.2714	3.2498	912.99	-0.019333	3.0493e-05	0.10300	supercritical
436.69	715.00	229.68	0.0043538	821.18	1132.5	3.8631	2.2745	3.2516	912.48	-0.019295	3.0458e-05	0.10303	supercritical
437.69	715.00	229.23	0.0043624	823.82	1135.7	3.8705	2.2777	3.2533	911.98	-0.019258	3.0424e-05	0.10305	supercritical
438.69	715.00	228.79	0.0043709	826.46	1139.0	3.8780	2.2808	3.2551	911.48	-0.019221	3.0389e-05	0.10308	supercritical
439.69	715.00	228.34	0.0043794	829.11	1142.2	3.8854	2.2840	3.2569	910.99	-0.019185	3.0356e-05	0.10311	supercritical
440.69	715.00	227.90	0.0043880	831.75	1145.5	3.8928	2.2872	3.2587	910.50	-0.019150	3.0322e-05	0.10314	supercritical
441.69	715.00	227.45	0.0043965	834.40	1148.8	3.9002	2.2904	3.2605	910.03	-0.019115	3.0289e-05	0.10318	supercritical
442.69	715.00	227.01	0.0044051	837.05	1152.0	3.9075	2.2936	3.2623	909.55	-0.019081	3.0257e-05	0.10321	supercritical
443.69	715.00	226.57	0.0044136	839.71	1155.3	3.9149	2.2968	3.2641	909.09	-0.019047	3.0224e-05	0.10325	supercritical
444.69	715.00	226.13	0.0044222	842.36	1158.5	3.9223	2.3000	3.2660	908.63	-0.019015	3.0192e-05	0.10328	supercritical
445.69	715.00	225.70	0.0044307	845.02	1161.8	3.9296	2.3032	3.2678	908.17	-0.018983	3.0161e-05	0.10332	supercritical
446.69	715.00	225.26	0.0044393	847.67	1165.1	3.9369	2.3064	3.2696	907.73	-0.018951	3.0130e-05	0.10336	supercritical
447.69	715.00	224.83	0.0044478	850.33	1168.4	3.9442	2.3096	3.2715	907.28	-0.018920	3.0099e-05	0.10340	supercritical
448.69	715.00	224.40	0.0044564	852.99	1171.6	3.9515	2.3128	3.2733	906.85	-0.018890	3.0069e-05	0.10344	supercritical
449.69	715.00	223.97	0.0044649	855.66	1174.9	3.9588	2.3160	3.2752	906.42	-0.018860	3.0039e-05	0.10348	supercritical
450.69	715.00	223.54	0.0044735	858.32	1178.2	3.9661	2.3192	3.2771	905.99	-0.018831	3.0009e-05	0.10352	supercritical
451.69	715.00	223.11	0.0044820	860.99	1181.5	3.9734	2.3225	3.2790	905.58	-0.018802	2.9980e-05	0.10356	supercritical
452.69	715.00	222.69	0.0044906	863.65	1184.7	3.9806	2.3257	3.2809	905.16	-0.018775	2.9951e-05	0.10361	supercritical
453.69	715.00	222.26	0.0044991	866.32	1188.0	3.9879	2.3290	3.2828	904.76	-0.018747	2.9922e-05	0.10365	supercritical
454.69	715.00	221.84	0.0045077	869.00	1191.3	3.9951	2.3322	3.2847	904.36	-0.018720	2.9894e-05	0.10370	supercritical
455.69	715.00	221.42	0.0045163	871.67	1194.6	4.0023	2.3355	3.2866	903.96	-0.018694	2.9866e-05	0.10375	supercritical
456.69	715.00	221.00	0.0045248	874.34	1197.9	4.0095	2.3387	3.2885	903.57	-0.018669	2.9838e-05	0.10380	supercritical
457.69	715.00	220.59	0.0045334	877.02	1201.2	4.0167	2.3420	3.2904	903.19	-0.018644	2.9811e-05	0.10385	supercritical
458.69	715.00	220.17	0.0045420	879.70	1204.5	4.0239	2.3452	3.2924	902.81	-0.018619	2.9784e-05	0.10390	supercritical
459.69	715.00	219.75	0.0045505	882.38	1207.7	4.0311	2.3485	3.2943	902.43	-0.018595	2.9758e-05	0.10395	supercritical
460.69	715.00	219.34	0.0045591	885.06	1211.0	4.0382	2.3518	3.2963	902.07	-0.018572	2.9732e-05	0.10400	supercritical
461.69	715.00	218.93	0.0045677	887.75	1214.3	4.0454	2.3551	3.2982	901.70	-0.018549	2.9706e-05	0.10406	supercritical
462.69	715.00	218.52	0.0045762	890.44	1217.6	4.0525	2.3583	3.3002	901.35	-0.018526	2.9680e-05	0.10411	supercritical
463.69	715.00	218.11	0.0045848	893.12	1220.9	4.0596	2.3616	3.3022	900.99	-0.018505	2.9655e-05	0.10417	supercritical
464.69	715.00	217.71	0.0045934	895.81	1224.2	4.0668	2.3649	3.3042	900.65	-0.018483	2.9630e-05	0.10423	supercritical
465.69	715.00	217.30	0.0046019	898.51	1227.5	4.0739	2.3682	3.3061	900.30	-0.018462	2.9605e-05	0.10428	supercritical
466.69	715.00	216.90	0.0046105	901.20	1230.9	4.0810	2.3715	3.3081	899.97	-0.018442	2.9581e-05	0.10434	supercritical
467.69	715.00	216.49	0.0046191	903.90	1234.2	4.0880	2.3748	3.3101	899.64	-0.018422	2.9557e-05	0.10440	supercritical
468.69	715.00	216.09	0.0046277	906.60	1237.5	4.0951	2.3781	3.3122	899.31	-0.018403	2.9534e-05	0.10446	supercritical
469.69	715.00	215.69	0.0046362	909.30	1240.8	4.1022	2.3814	3.3142	898.99	-0.018384	2.9510e-05	0.10453	supercritical
470.69	715.00	215.29	0.0046448	912.00	1244.1	4.1092	2.3847	3.3162	898.67	-0.018366	2.9487e-05	0.10459	supercritical
471.69	715.00	214.90	0.0046534	914.70	1247.4	4.1163	2.3880	3.3182	898.36	-0.018348	2.9464e-05	0.10465	supercritical
472.69	715.00	214.50	0.0046620	917.41	1250.7	4.1233	2.3913	3.3203	898.05	-0.018331	2.9442e-05	0.10472	supercritical
473.69	715.00	214.11	0.0046705	920.12	1254.1	4.1303	2.3947	3.3223	897.75	-0.018314	2.9420e-05	0.10478	supercritical
474.69	715.00	213.72	0.0046791	922.83	1257.4	4.1373	2.3980	3.3244	897.45	-0.018298	2.9398e-05	0.10485	supercritical
475.69	715.00	213.33	0.0046877	925.54	1260.7	4.1443	2.4013	3.3264	897.16	-0.018282	2.9376e-05	0.10492	supercritical
476.69	715.00	212.94	0.0046963	928.25	1264.0	4.1513	2.4046	3.3285	896.87	-0.018267	2.9355e-05	0.10498	supercritical
477.69	715.00	212.55	0.0047048	930.97	1267.4	4.1583	2.4080	3.3306	896.59	-0.018252	2.9334e-05	0.10505	supercritical
478.69	715.00	212.16	0.0047134	933.69	1270.7	4.1652	2.4113	3.3326	896.31	-0.018237	2.9313e-05	0.10512	supercritical
479.69	715.00	211.78	0.0047220	936.41	1274.0	4.1722	2.4147	3.3347	896.04	-0.018223	2.9293e-05	0.10519	supercritical
480.69	715.00	211.39	0.0047306	939.13	1277.4	4.1791	2.4180	3.3368	895.77	-0.018209	2.9272e-05	0.10527	supercritical
481.69	715.00	211.01	0.0047391	941.86	1280.7	4.1861	2.4213	3.3389	895.50	-0.018196	2.9253e-05	0.10534	supercritical
482.69	715.00	210.63	0.0047477	944.58	1284.0	4.1930	2.4247	3.3410	895.24	-0.018184	2.9233e-05	0.10541	supercritical
483.69	715.00	210.25	0.0047563	947.31	1287.4	4.1999	2.4280	3.3431	894.99	-0.018171	2.9214e-05	0.10549	supercritical
484.69	715.00	209.87	0.0047649	950.04	1290.7	4.2068	2.4314	3.3453	894.74	-0.018159	2.9194e-05	0.10556	supercritical
485.69	715.00	209.49	0.0047734	952.77	1294.1	4.2137	2.4347	3.3474	894.49	-0.018148	2.9176e-05	0.10564	supercritical
486.69	715.00	209.12	0.0047820	955.51	1297.4	4.2206	2.4381	3.3495	894.25	-0.018137	2.9157e-05	0.10572	supercritical
487.69	715.00	208.74	0.0047906	958.25	1300.8	4.2275	2.4415	3.3517	894.01	-0.018126	2.9139e-05	0.10579	supercritical
488.69	715.00	208.37	0.0047992	960.99	1304.1	4.2344	2.4448	3.3538	893.77	-0.018116	2.9121e-05	0.10587	supercritical
489.69	715.00	208.00	0.0048078	963.73	1307.5	4.2412	2.4482	3.3560	893.54	-0.018106	2.9103e-05	0.10595	supercritical
490.69	715.00	207.63	0.0048163	966.47	1310.8	4.2481	2.4516	3.3581	893.32	-0.018097	2.9085e-05	0.10603	supercritical
491.69	715.00	207.26	0.0048249	969.22	1314.2	4.2549	2.4549	3.3603	893.09	-0.018087	2.9068e-05	0.10611	supercritical
492.69	715.00	206.89	0.0048335	971.97	1317.6	4.2617	2.4583	3.3625	892.88	-0.018079	2.9051e-05	0.10620	supercritical
493.69	715.00	206.52	0.0048421	974.72	1320.9	4.2686	2.4617	3.3646	892.66	-0.018071	2.9034e-05	0.10628	supercritical
494.69	715.00	206.16	0.0048506	977.47	1324.3	4.2754	2.4651	3.3668	892.45	-0.018063	2.9017e-05	0.10636	supercritical
495.69	715.00	205.79	0.0048592	980.22	1327.7	4.2822	2.4684	3.3690	892.25	-0.018055	2.9001e-05	0.10645	supercritical
496.69	715.00	205.43	0.0048678	982.98	1331.0	4.2890	2.4718	3.3712	892.04	-0.018048	2.8985e-05	0.10653	supercritical
497.69	715.00	205.07	0.0048764	985.74	1334.4	4.2957	2.4752	3.3734	891.85	-0.018041	2.8969e-05	0.10662	supercritical
498.69	715.00	204.71	0.0048849	988.50	1337.8	4.3025	2.4786	3.3756	891.65	-0.018035	2.8954e-05	0.10670	supercritical
499.69	715.00	204.35	0.0048935	991.26	1341.2	4.3093	2.4820	3.3778	891.46	-0.018028	2.8938e-05	0.10679	supercritical
500.69	715.00	203.99	0.0049021	994.03	1344.5	4.3160	2.4854	3.3800	891.28	-0.018023	2.8923e-05	0.10688	supercritical
501.69	715.00	203.64	0.0049107	996.80	1347.9	4.3228	2.4888	3.3823	891.09	-0.018017	2.8908e-05	0.10697	supercritical
502.69	715.00	203.28	0.0049192	999.57	1351.3	4.3295	2.4921	3.3845	890.92	-0.018012	2.8893e-05	0.10706	supercritical
503.69	715.00	202.93	0.0049278	1002.3	1354.7	4.3363	2.4955	3.3867	890.74	-0.018008	2.8879e-05	0.10715	supercritical
504.69	715.00	202.58	0.0049364	1005.1	1358.1	4.3430	2.4989	3.3890	890.57	-0.018003	2.8865e-05	0.10724	supercritical
505.69	715.00	202.23	0.0049450	1007.9	1361.5	4.3497	2.5023	3.3912	890.40	-0.017999	2.8851e-05	0.10733	supercritical
506.69	715.00	201.88	0.0049535	1010.7	1364.9	4.3564	2.5057	3.3935	890.24	-0.017995	2.8837e-05	0.10743	supercritical
507.69	715.00	201.53	0.0049621	1013.5	1368.2	4.3631	2.5091	3.3957	890.08	-0.017992	2.8823e-05	0.10752	supercritical
508.69	715.00	201.18	0.0049707	1016.2	1371.6	4.3698	2.5125	3.3980	889.92	-0.017989	2.8810e-05	0.10761	supercritical
509.69	715.00	200.83	0.0049792	1019.0	1375.0	4.3764	2.5159	3.4003	889.77	-0.017986	2.8797e-05	0.10771	supercritical
510.69	715.00	200.49	0.0049878	1021.8	1378.4	4.3831	2.5194	3.4025	889.62	-0.017984	2.8784e-05	0.10780	supercritical
511.69	715.00	200.15	0.0049964	1024.6	1381.8	4.3898	2.5228	3.4048	889.47	-0.017981	2.8771e-05	0.10790	supercritical
512.69	715.00	199.80	0.0050049	1027.4	1385.3	4.3964	2.5262	3.4071	889.33	-0.017980	2.8759e-05	0.10800	supercritical
513.69	715.00	199.46	0.0050135	1030.2	1388.7	4.4031	2.5296	3.4094	889.19	-0.017978	2.8746e-05	0.10810	supercritical
514.69	715.00	199.12	0.0050221	1033.0	1392.1	4.4097	2.5330	3.4117	889.05	-0.017977	2.8734e-05	0.10819	supercritical
515.69	715.00	198.78	0.0050306	1035.8	1395.5	4.4163	2.5364	3.4140	888.92	-0.017976	2.8722e-05	0.10829	supercritical
516.69	715.00	198.44	0.0050392	1038.6	1398.9	4.4229	2.5398	3.4163	888.79	-0.017975	2.8711e-05	0.10839	supercritical
517.69	715.00	198.11	0.0050478	1041.4	1402.3	4.4295	2.5432	3.4186	888.66	-0.017975	2.8699e-05	0.10849	supercritical
518.69	715.00	197.77	0.0050563	1044.2	1405.7	4.4361	2.5467	3.4209	888.54	-0.017974	2.8688e-05	0.10859	supercritical
519.69	715.00	197.44	0.0050649	1047.0	1409.2	4.4427	2.5501	3.4232	888.42	-0.017975	2.8677e-05	0.10870	supercritical
520.69	715.00	197.10	0.0050735	1049.8	1412.6	4.4493	2.5535	3.4256	888.30	-0.017975	2.8666e-05	0.10880	supercritical
521.69	715.00	196.77	0.0050820	1052.6	1416.0	4.4559	2.5569	3.4279	888.19	-0.017976	2.8655e-05	0.10890	supercritical
522.69	715.00	196.44	0.0050906	1055.5	1419.4	4.4624	2.5603	3.4302	888.08	-0.017977	2.8644e-05	0.10901	supercritical
523.69	715.00	196.11	0.0050991	1058.3	1422.9	4.4690	2.5638	3.4326	887.97	-0.017978	2.8634e-05	0.10911	supercritical
524.69	715.00	195.78	0.0051077	1061.1	1426.3	4.4756	2.5672	3.4349	887.87	-0.017979	2.8624e-05	0.10922	supercritical
525.69	715.00	195.46	0.0051163	1063.9	1429.7	4.4821	2.5706	3.4373	887.77	-0.017981	2.8614e-05	0.10932	supercritical
526.69	715.00	195.13	0.0051248	1066.8	1433.2	4.4886	2.5740	3.4396	887.67	-0.017983	2.8604e-05	0.10943	supercritical
527.69	715.00	194.80	0.0051334	1069.6	1436.6	4.4952	2.5775	3.4420	887.58	-0.017985	2.8595e-05	0.10954	supercritical
528.69	715.00	194.48	0.0051419	1072.4	1440.1	4.5017	2.5809	3.4444	887.48	-0.017988	2.8585e-05	0.10964	supercritical
529.69	715.00	194.16	0.0051505	1075.2	1443.5	4.5082	2.5843	3.4467	887.39	-0.017990	2.8576e-05	0.10975	supercritical
530.69	715.00	193.84	0.0051590	1078.1	1447.0	4.5147	2.5877	3.4491	887.31	-0.017993	2.8567e-05	0.10986	supercritical
531.69	715.00	193.51	0.0051676	1080.9	1450.4	4.5212	2.5912	3.4515	887.23	-0.017996	2.8558e-05	0.10997	supercritical
532.69	715.00	193.19	0.0051761	1083.8	1453.9	4.5277	2.5946	3.4539	887.15	-0.018000	2.8549e-05	0.11008	supercritical
533.69	715.00	192.88	0.0051847	1086.6	1457.3	4.5342	2.5980	3.4563	887.07	-0.018003	2.8541e-05	0.11019	supercritical
534.69	715.00	192.56	0.0051932	1089.5	1460.8	4.5406	2.6015	3.4587	886.99	-0.018007	2.8532e-05	0.11030	supercritical
535.69	715.00	192.24	0.0052018	1092.3	1464.2	4.5471	2.6049	3.4611	886.92	-0.018011	2.8524e-05	0.11042	supercritical
536.69	715.00	191.93	0.0052103	1095.2	1467.7	4.5535	2.6083	3.4635	886.85	-0.018016	2.8516e-05	0.11053	supercritical
537.69	715.00	191.61	0.0052189	1098.0	1471.2	4.5600	2.6118	3.4659	886.79	-0.018020	2.8508e-05	0.11064	supercritical
538.69	715.00	191.30	0.0052274	1100.9	1474.6	4.5664	2.6152	3.4683	886.73	-0.018025	2.8501e-05	0.11076	supercritical
539.69	715.00	190.99	0.0052359	1103.7	1478.1	4.5729	2.6186	3.4707	886.66	-0.018030	2.8493e-05	0.11087	supercritical
540.69	715.00	190.68	0.0052445	1106.6	1481.6	4.5793	2.6221	3.4731	886.61	-0.018035	2.8486e-05	0.11099	supercritical
541.69	715.00	190.37	0.0052530	1109.4	1485.0	4.5857	2.6255	3.4756	886.55	-0.018040	2.8479e-05	0.11110	supercritical
542.69	715.00	190.06	0.0052616	1112.3	1488.5	4.5921	2.6289	3.4780	886.50	-0.018046	2.8472e-05	0.11122	supercritical
543.69	715.00	189.75	0.0052701	1115.2	1492.0	4.5985	2.6324	3.4804	886.45	-0.018051	2.8465e-05	0.11133	supercritical
544.69	715.00	189.44	0.0052786	1118.1	1495.5	4.6049	2.6358	3.4829	886.40	-0.018057	2.8458e-05	0.11145	supercritical
545.69	715.00	189.14	0.0052872	1120.9	1499.0	4.6113	2.6393	3.4853	886.36	-0.018064	2.8452e-05	0.11157	supercritical
546.69	715.00	188.83	0.0052957	1123.8	1502.4	4.6177	2.6427	3.4877	886.32	-0.018070	2.8445e-05	0.11169	supercritical
547.69	715.00	188.53	0.0053042	1126.7	1505.9	4.6241	2.6461	3.4902	886.28	-0.018076	2.8439e-05	0.11181	supercritical
548.69	715.00	188.23	0.0053128	1129.6	1509.4	4.6305	2.6496	3.4926	886.24	-0.018083	2.8433e-05	0.11193	supercritical
549.69	715.00	187.92	0.0053213	1132.4	1512.9	4.6368	2.6530	3.4951	886.21	-0.018090	2.8427e-05	0.11205	supercritical
550.69	715.00	187.62	0.0053298	1135.3	1516.4	4.6432	2.6564	3.4976	886.17	-0.018097	2.8421e-05	0.11217	supercritical
551.69	715.00	187.32	0.0053384	1138.2	1519.9	4.6495	2.6599	3.5000	886.14	-0.018104	2.8416e-05	0.11229	supercritical
552.69	715.00	187.02	0.0053469	1141.1	1523.4	4.6559	2.6633	3.5025	886.12	-0.018111	2.8410e-05	0.11241	supercritical
553.69	715.00	186.73	0.0053554	1144.0	1526.9	4.6622	2.6668	3.5050	886.09	-0.018119	2.8405e-05	0.11253	supercritical
554.69	715.00	186.43	0.0053639	1146.9	1530.4	4.6685	2.6702	3.5074	886.07	-0.018127	2.8400e-05	0.11266	supercritical
555.69	715.00	186.13	0.0053725	1149.8	1533.9	4.6748	2.6736	3.5099	886.05	-0.018134	2.8395e-05	0.11278	supercritical
556.69	715.00	185.84	0.0053810	1152.7	1537.4	4.6812	2.6771	3.5124	886.03	-0.018142	2.8390e-05	0.11291	supercritical
557.69	715.00	185.55	0.0053895	1155.6	1541.0	4.6875	2.6805	3.5149	886.02	-0.018151	2.8385e-05	0.11303	supercritical
558.69	715.00	185.25	0.0053980	1158.5	1544.5	4.6938	2.6840	3.5174	886.00	-0.018159	2.8381e-05	0.11316	supercritical
559.69	715.00	184.96	0.0054065	1161.4	1548.0	4.7001	2.6874	3.5199	885.99	-0.018167	2.8376e-05	0.11328	supercritical
560.69	715.00	184.67	0.0054151	1164.3	1551.5	4.7063	2.6908	3.5224	885.99	-0.018176	2.8372e-05	0.11341	supercritical
561.69	715.00	184.38	0.0054236	1167.3	1555.0	4.7126	2.6943	3.5249	885.98	-0.018185	2.8368e-05	0.11353	supercritical
562.69	715.00	184.09	0.0054321	1170.2	1558.6	4.7189	2.6977	3.5274	885.98	-0.018194	2.8364e-05	0.11366	supercritical
563.69	715.00	183.80	0.0054406	1173.1	1562.1	4.7252	2.7012	3.5299	885.97	-0.018203	2.8360e-05	0.11379	supercritical
564.69	715.00	183.52	0.0054491	1176.0	1565.6	4.7314	2.7046	3.5324	885.98	-0.018212	2.8356e-05	0.11392	supercritical
565.69	715.00	183.23	0.0054576	1178.9	1569.2	4.7377	2.7080	3.5349	885.98	-0.018222	2.8352e-05	0.11405	supercritical
566.69	715.00	182.94	0.0054661	1181.9	1572.7	4.7439	2.7115	3.5375	885.98	-0.018231	2.8349e-05	0.11418	supercritical
567.69	715.00	182.66	0.0054746	1184.8	1576.2	4.7501	2.7149	3.5400	885.99	-0.018241	2.8345e-05	0.11431	supercritical
568.69	715.00	182.38	0.0054831	1187.7	1579.8	4.7564	2.7183	3.5425	886.00	-0.018250	2.8342e-05	0.11444	supercritical
569.69	715.00	182.09	0.0054917	1190.7	1583.3	4.7626	2.7218	3.5450	886.01	-0.018260	2.8339e-05	0.11457	supercritical
570.69	715.00	181.81	0.0055002	1193.6	1586.9	4.7688	2.7252	3.5476	886.02	-0.018270	2.8336e-05	0.11470	supercritical
571.69	715.00	181.53	0.0055087	1196.5	1590.4	4.7750	2.7287	3.5501	886.04	-0.018280	2.8333e-05	0.11483	supercritical
572.69	715.00	181.25	0.0055172	1199.5	1594.0	4.7812	2.7321	3.5526	886.06	-0.018291	2.8330e-05	0.11496	supercritical
573.69	715.00	180.97	0.0055257	1202.4	1597.5	4.7874	2.7355	3.5552	886.08	-0.018301	2.8328e-05	0.11509	supercritical
574.69	715.00	180.70	0.0055342	1205.4	1601.1	4.7936	2.7390	3.5577	886.10	-0.018312	2.8325e-05	0.11523	supercritical
575.69	715.00	180.42	0.0055426	1208.3	1604.6	4.7998	2.7424	3.5603	886.12	-0.018322	2.8323e-05	0.11536	supercritical
576.69	715.00	180.14	0.0055511	1211.3	1608.2	4.8060	2.7458	3.5628	886.15	-0.018333	2.8321e-05	0.11550	supercritical
577.69	715.00	179.87	0.0055596	1214.3	1611.8	4.8122	2.7493	3.5654	886.18	-0.018344	2.8319e-05	0.11563	supercritical
578.69	715.00	179.59	0.0055681	1217.2	1615.3	4.8184	2.7527	3.5679	886.21	-0.018355	2.8317e-05	0.11577	supercritical
579.69	715.00	179.32	0.0055766	1220.2	1618.9	4.8245	2.7561	3.5705	886.24	-0.018366	2.8315e-05	0.11590	supercritical
580.69	715.00	179.05	0.0055851	1223.1	1622.5	4.8307	2.7596	3.5731	886.27	-0.018377	2.8313e-05	0.11604	supercritical
581.69	715.00	178.78	0.0055936	1226.1	1626.0	4.8368	2.7630	3.5756	886.31	-0.018388	2.8311e-05	0.11617	supercritical
582.69	715.00	178.51	0.0056021	1229.1	1629.6	4.8430	2.7664	3.5782	886.34	-0.018400	2.8310e-05	0.11631	supercritical
583.69	715.00	178.24	0.0056106	1232.0	1633.2	4.8491	2.7699	3.5808	886.38	-0.018411	2.8309e-05	0.11645	supercritical
584.69	715.00	177.97	0.0056190	1235.0	1636.8	4.8552	2.7733	3.5834	886.42	-0.018423	2.8307e-05	0.11659	supercritical
585.69	715.00	177.70	0.0056275	1238.0	1640.4	4.8614	2.7767	3.5859	886.47	-0.018435	2.8306e-05	0.11672	supercritical
586.69	715.00	177.43	0.0056360	1241.0	1644.0	4.8675	2.7802	3.5885	886.51	-0.018446	2.8305e-05	0.11686	supercritical
587.69	715.00	177.16	0.0056445	1244.0	1647.5	4.8736	2.7836	3.5911	886.56	-0.018458	2.8304e-05	0.11700	supercritical
588.69	715.00	176.90	0.0056530	1247.0	1651.1	4.8797	2.7870	3.5937	886.61	-0.018470	2.8303e-05	0.11714	supercritical
589.69	715.00	176.63	0.0056614	1249.9	1654.7	4.8858	2.7905	3.5963	886.66	-0.018482	2.8303e-05	0.11728	supercritical
590.69	715.00	176.37	0.0056699	1252.9	1658.3	4.8919	2.7939	3.5989	886.71	-0.018494	2.8302e-05	0.11742	supercritical
591.69	715.00	176.11	0.0056784	1255.9	1661.9	4.8980	2.7973	3.6015	886.76	-0.018507	2.8301e-05	0.11756	supercritical
592.69	715.00	175.84	0.0056868	1258.9	1665.5	4.9041	2.8007	3.6041	886.82	-0.018519	2.8301e-05	0.11770	supercritical
593.69	715.00	175.58	0.0056953	1261.9	1669.1	4.9101	2.8042	3.6066	886.87	-0.018531	2.8301e-05	0.11785	supercritical
594.69	715.00	175.32	0.0057038	1264.9	1672.7	4.9162	2.8076	3.6093	886.93	-0.018544	2.8301e-05	0.11799	supercritical
595.69	715.00	175.06	0.0057122	1267.9	1676.4	4.9223	2.8110	3.6119	886.99	-0.018556	2.8301e-05	0.11813	supercritical
596.69	715.00	174.80	0.0057207	1270.9	1680.0	4.9283	2.8144	3.6145	887.06	-0.018569	2.8301e-05	0.11827	supercritical
597.69	715.00	174.55	0.0057292	1274.0	1683.6	4.9344	2.8179	3.6171	887.12	-0.018582	2.8301e-05	0.11842	supercritical
598.69	715.00	174.29	0.0057376	1277.0	1687.2	4.9405	2.8213	3.6197	887.19	-0.018595	2.8301e-05	0.11856	supercritical
599.69	715.00	174.03	0.0057461	1280.0	1690.8	4.9465	2.8247	3.6223	887.25	-0.018607	2.8301e-05	0.11871	supercritical
600.69	715.00	173.78	0.0057545	1283.0	1694.4	4.9525	2.8281	3.6249	887.32	-0.018620	2.8302e-05	0.11885	supercritical
601.69	715.00	173.52	0.0057630	1286.0	1698.1	4.9586	2.8315	3.6275	887.39	-0.018633	2.8302e-05	0.11900	supercritical
602.69	715.00	173.27	0.0057714	1289.0	1701.7	4.9646	2.8350	3.6301	887.46	-0.018647	2.8303e-05	0.11914	supercritical
603.69	715.00	173.01	0.0057799	1292.1	1705.3	4.9706	2.8384	3.6328	887.54	-0.018660	2.8304e-05	0.11929	supercritical
604.69	715.00	172.76	0.0057883	1295.1	1709.0	4.9766	2.8418	3.6354	887.61	-0.018673	2.8305e-05	0.11943	supercritical
605.69	715.00	172.51	0.0057968	1298.1	1712.6	4.9826	2.8452	3.6380	887.69	-0.018686	2.8305e-05	0.11958	supercritical
606.69	715.00	172.26	0.0058052	1301.2	1716.2	4.9886	2.8486	3.6407	887.77	-0.018700	2.8306e-05	0.11973	supercritical
607.69	715.00	172.01	0.0058137	1304.2	1719.9	4.9946	2.8520	3.6433	887.85	-0.018713	2.8308e-05	0.11988	supercritical
608.69	715.00	171.76	0.0058221	1307.3	1723.5	5.0006	2.8555	3.6459	887.93	-0.018726	2.8309e-05	0.12002	supercritical
609.69	715.00	171.51	0.0058306	1310.3	1727.2	5.0066	2.8589	3.6486	888.01	-0.018740	2.8310e-05	0.12017	supercritical
610.69	715.00	171.26	0.0058390	1313.3	1730.8	5.0126	2.8623	3.6512	888.10	-0.018754	2.8312e-05	0.12032	supercritical
611.69	715.00	171.01	0.0058475	1316.4	1734.5	5.0186	2.8657	3.6538	888.18	-0.018767	2.8313e-05	0.12047	supercritical
612.69	715.00	170.77	0.0058559	1319.4	1738.1	5.0245	2.8691	3.6565	888.27	-0.018781	2.8315e-05	0.12062	supercritical
613.69	715.00	170.52	0.0058643	1322.5	1741.8	5.0305	2.8725	3.6591	888.36	-0.018795	2.8316e-05	0.12077	supercritical
614.69	715.00	170.28	0.0058728	1325.6	1745.5	5.0365	2.8759	3.6618	888.45	-0.018808	2.8318e-05	0.12092	supercritical
615.69	715.00	170.03	0.0058812	1328.6	1749.1	5.0424	2.8793	3.6644	888.54	-0.018822	2.8320e-05	0.12107	supercritical
616.69	715.00	169.79	0.0058896	1331.7	1752.8	5.0484	2.8827	3.6671	888.63	-0.018836	2.8322e-05	0.12122	supercritical
617.69	715.00	169.55	0.0058981	1334.7	1756.5	5.0543	2.8861	3.6697	888.73	-0.018850	2.8324e-05	0.12137	supercritical
618.69	715.00	169.31	0.0059065	1337.8	1760.1	5.0603	2.8895	3.6724	888.82	-0.018864	2.8326e-05	0.12153	supercritical
619.69	715.00	169.06	0.0059149	1340.9	1763.8	5.0662	2.8929	3.6750	888.92	-0.018878	2.8328e-05	0.12168	supercritical
620.69	715.00	168.82	0.0059233	1344.0	1767.5	5.0721	2.8963	3.6777	889.02	-0.018892	2.8331e-05	0.12183	supercritical
621.69	715.00	168.58	0.0059318	1347.0	1771.2	5.0780	2.8997	3.6803	889.12	-0.018906	2.8333e-05	0.12198	supercritical
622.69	715.00	168.34	0.0059402	1350.1	1774.8	5.0840	2.9031	3.6830	889.22	-0.018921	2.8336e-05	0.12214	supercritical
623.69	715.00	168.11	0.0059486	1353.2	1778.5	5.0899	2.9065	3.6857	889.32	-0.018935	2.8338e-05	0.12229	supercritical
624.69	715.00	167.87	0.0059570	1356.3	1782.2	5.0958	2.9099	3.6883	889.43	-0.018949	2.8341e-05	0.12245	supercritical