Temperature (K)	Pressure (bar)	Density (kg/m3)	Volume (m3/kg)	Internal Energy (kJ/kg)	Enthalpy (kJ/kg)	Entropy (J/g*K)	Cv (J/g*K)	Cp (J/g*K)	Sound Spd. (m/s)	Joule-Thomson (K/bar)	Viscosity (Pa*s)	Therm. Cond. (W/m*K)	Phase
90.694	643.00	483.69	0.0020674	-97.334	35.601	-1.0378	2.2883	3.2070	1872.3	-0.052701	0.00043529	0.25985	liquid
106.69	643.00	468.29	0.0021354	-50.558	86.751	-0.51838	2.2128	3.1904	1783.4	-0.052379	0.00023732	0.24562	liquid
107.69	643.00	467.33	0.0021398	-47.649	89.941	-0.48862	2.2087	3.1898	1777.7	-0.052342	0.00023052	0.24464	liquid
108.69	643.00	466.38	0.0021442	-44.740	93.130	-0.45914	2.2046	3.1892	1772.1	-0.052304	0.00022410	0.24365	liquid
109.69	643.00	465.43	0.0021486	-41.833	96.319	-0.42994	2.2005	3.1886	1766.4	-0.052265	0.00021803	0.24265	liquid
110.69	643.00	464.48	0.0021530	-38.928	99.508	-0.40100	2.1965	3.1881	1760.8	-0.052225	0.00021229	0.24164	liquid
111.69	643.00	463.52	0.0021574	-36.024	102.70	-0.37233	2.1926	3.1875	1755.2	-0.052184	0.00020684	0.24063	liquid
112.69	643.00	462.57	0.0021618	-33.122	105.88	-0.34393	2.1886	3.1869	1749.5	-0.052142	0.00020167	0.23961	liquid
113.69	643.00	461.63	0.0021663	-30.221	109.07	-0.31577	2.1847	3.1863	1743.9	-0.052099	0.00019676	0.23859	liquid
114.69	643.00	460.68	0.0021707	-27.322	112.26	-0.28787	2.1808	3.1857	1738.3	-0.052055	0.00019210	0.23757	liquid
115.69	643.00	459.73	0.0021752	-24.424	115.44	-0.26022	2.1769	3.1851	1732.7	-0.052010	0.00018766	0.23654	liquid
116.69	643.00	458.78	0.0021797	-21.528	118.63	-0.23281	2.1730	3.1845	1727.1	-0.051964	0.00018343	0.23551	liquid
117.69	643.00	457.84	0.0021842	-18.634	121.81	-0.20564	2.1692	3.1839	1721.5	-0.051918	0.00017939	0.23448	liquid
118.69	643.00	456.89	0.0021887	-15.741	124.99	-0.17871	2.1653	3.1832	1715.9	-0.051870	0.00017554	0.23344	liquid
119.69	643.00	455.94	0.0021932	-12.850	128.18	-0.15200	2.1615	3.1826	1710.3	-0.051822	0.00017186	0.23240	liquid
120.69	643.00	455.00	0.0021978	-9.9604	131.36	-0.12553	2.1578	3.1819	1704.7	-0.051772	0.00016834	0.23136	liquid
121.69	643.00	454.06	0.0022024	-7.0725	134.54	-0.099275	2.1540	3.1813	1699.2	-0.051722	0.00016498	0.23032	liquid
122.69	643.00	453.11	0.0022070	-4.1864	137.72	-0.073243	2.1502	3.1806	1693.6	-0.051671	0.00016175	0.22927	liquid
123.69	643.00	452.17	0.0022116	-1.3019	140.90	-0.047427	2.1465	3.1799	1688.1	-0.051619	0.00015866	0.22823	liquid
124.69	643.00	451.23	0.0022162	1.5808	144.08	-0.021825	2.1428	3.1793	1682.6	-0.051566	0.00015569	0.22718	liquid
125.69	643.00	450.29	0.0022208	4.4618	147.26	0.0035665	2.1391	3.1786	1677.1	-0.051512	0.00015284	0.22614	liquid
126.69	643.00	449.35	0.0022255	7.3410	150.44	0.028752	2.1355	3.1779	1671.6	-0.051457	0.00015010	0.22509	liquid
127.69	643.00	448.41	0.0022301	10.218	153.62	0.053733	2.1318	3.1771	1666.1	-0.051402	0.00014746	0.22405	liquid
128.69	643.00	447.47	0.0022348	13.094	156.79	0.078515	2.1282	3.1764	1660.6	-0.051345	0.00014493	0.22300	liquid
129.69	643.00	446.53	0.0022395	15.968	159.97	0.10310	2.1246	3.1757	1655.1	-0.051288	0.00014248	0.22196	liquid
130.69	643.00	445.59	0.0022442	18.840	163.14	0.12749	2.1210	3.1750	1649.7	-0.051229	0.00014013	0.22092	liquid
131.69	643.00	444.65	0.0022490	21.710	166.32	0.15169	2.1175	3.1742	1644.3	-0.051169	0.00013785	0.21987	liquid
132.69	643.00	443.71	0.0022537	24.578	169.49	0.17569	2.1140	3.1735	1638.9	-0.051109	0.00013566	0.21883	liquid
133.69	643.00	442.78	0.0022585	27.445	172.67	0.19952	2.1104	3.1728	1633.5	-0.051047	0.00013354	0.21779	liquid
134.69	643.00	441.84	0.0022633	30.309	175.84	0.22316	2.1070	3.1720	1628.1	-0.050985	0.00013149	0.21676	liquid
135.69	643.00	440.90	0.0022681	33.172	179.01	0.24662	2.1035	3.1712	1622.7	-0.050921	0.00012951	0.21572	liquid
136.69	643.00	439.97	0.0022729	36.033	182.18	0.26990	2.1000	3.1705	1617.4	-0.050856	0.00012759	0.21469	liquid
137.69	643.00	439.03	0.0022777	38.891	185.35	0.29301	2.0966	3.1697	1612.0	-0.050790	0.00012573	0.21366	liquid
138.69	643.00	438.10	0.0022826	41.748	188.52	0.31594	2.0932	3.1690	1606.7	-0.050723	0.00012393	0.21263	liquid
139.69	643.00	437.16	0.0022875	44.603	191.69	0.33871	2.0899	3.1682	1601.4	-0.050655	0.00012218	0.21161	liquid
140.69	643.00	436.23	0.0022924	47.456	194.86	0.36130	2.0865	3.1674	1596.1	-0.050586	0.00012049	0.21058	liquid
141.69	643.00	435.30	0.0022973	50.307	198.02	0.38373	2.0832	3.1667	1590.8	-0.050516	0.00011885	0.20956	liquid
142.69	643.00	434.36	0.0023022	53.157	201.19	0.40600	2.0799	3.1659	1585.6	-0.050445	0.00011725	0.20855	liquid
143.69	643.00	433.43	0.0023072	56.004	204.35	0.42811	2.0766	3.1651	1580.4	-0.050372	0.00011570	0.20753	liquid
144.69	643.00	432.50	0.0023121	58.849	207.52	0.45005	2.0734	3.1644	1575.1	-0.050299	0.00011419	0.20652	liquid
145.69	643.00	431.57	0.0023171	61.692	210.68	0.47185	2.0702	3.1636	1569.9	-0.050224	0.00011272	0.20552	liquid
146.69	643.00	430.64	0.0023221	64.533	213.85	0.49348	2.0670	3.1628	1564.8	-0.050148	0.00011130	0.20451	liquid
147.69	643.00	429.71	0.0023272	67.373	217.01	0.51497	2.0638	3.1621	1559.6	-0.050071	0.00010991	0.20351	liquid
148.69	643.00	428.78	0.0023322	70.210	220.17	0.53630	2.0607	3.1613	1554.4	-0.049992	0.00010855	0.20252	liquid
149.69	643.00	427.85	0.0023373	73.045	223.33	0.55749	2.0576	3.1606	1549.3	-0.049913	0.00010723	0.20153	liquid
150.69	643.00	426.92	0.0023424	75.878	226.49	0.57853	2.0545	3.1598	1544.2	-0.049832	0.00010595	0.20054	liquid
151.69	643.00	425.99	0.0023475	78.709	229.65	0.59943	2.0514	3.1591	1539.1	-0.049750	0.00010469	0.19955	liquid
152.69	643.00	425.06	0.0023526	81.539	232.81	0.62018	2.0484	3.1583	1534.0	-0.049667	0.00010347	0.19857	liquid
153.69	643.00	424.14	0.0023577	84.366	235.97	0.64080	2.0454	3.1576	1529.0	-0.049582	0.00010228	0.19760	liquid
154.69	643.00	423.21	0.0023629	87.191	239.13	0.66127	2.0424	3.1568	1524.0	-0.049496	0.00010111	0.19663	liquid
155.69	643.00	422.28	0.0023681	90.014	242.28	0.68161	2.0394	3.1561	1518.9	-0.049409	9.9975e-05	0.19566	liquid
156.69	643.00	421.36	0.0023733	92.835	245.44	0.70181	2.0365	3.1554	1513.9	-0.049321	9.8863e-05	0.19470	liquid
157.69	643.00	420.43	0.0023785	95.654	248.59	0.72189	2.0336	3.1546	1509.0	-0.049231	9.7777e-05	0.19374	liquid
158.69	643.00	419.51	0.0023838	98.471	251.75	0.74182	2.0308	3.1539	1504.0	-0.049140	9.6715e-05	0.19279	liquid
159.69	643.00	418.58	0.0023890	101.29	254.90	0.76163	2.0279	3.1532	1499.1	-0.049048	9.5677e-05	0.19184	liquid
160.69	643.00	417.66	0.0023943	104.10	258.05	0.78132	2.0251	3.1525	1494.1	-0.048955	9.4661e-05	0.19089	liquid
161.69	643.00	416.73	0.0023996	106.91	261.21	0.80087	2.0223	3.1518	1489.2	-0.048860	9.3667e-05	0.18996	liquid
162.69	643.00	415.81	0.0024049	109.72	264.36	0.82030	2.0196	3.1511	1484.4	-0.048764	9.2694e-05	0.18902	liquid
163.69	643.00	414.89	0.0024103	112.53	267.51	0.83961	2.0168	3.1504	1479.5	-0.048666	9.1742e-05	0.18809	liquid
164.69	643.00	413.97	0.0024157	115.33	270.66	0.85879	2.0142	3.1497	1474.7	-0.048568	9.0809e-05	0.18717	liquid
165.69	643.00	413.04	0.0024210	118.13	273.81	0.87786	2.0115	3.1491	1469.8	-0.048468	8.9896e-05	0.18625	liquid
166.69	643.00	412.12	0.0024265	120.93	276.96	0.89680	2.0089	3.1484	1465.0	-0.048366	8.9001e-05	0.18533	liquid
167.69	643.00	411.20	0.0024319	123.73	280.10	0.91563	2.0062	3.1477	1460.3	-0.048264	8.8123e-05	0.18442	liquid
168.69	643.00	410.28	0.0024373	126.53	283.25	0.93435	2.0037	3.1471	1455.5	-0.048159	8.7263e-05	0.18352	liquid
169.69	643.00	409.36	0.0024428	129.33	286.40	0.95295	2.0011	3.1464	1450.8	-0.048054	8.6420e-05	0.18262	liquid
170.69	643.00	408.44	0.0024483	132.12	289.54	0.97143	1.9986	3.1458	1446.0	-0.047947	8.5593e-05	0.18173	liquid
171.69	643.00	407.53	0.0024538	134.91	292.69	0.98980	1.9961	3.1452	1441.3	-0.047839	8.4782e-05	0.18084	liquid
172.69	643.00	406.61	0.0024594	137.70	295.83	1.0081	1.9937	3.1445	1436.6	-0.047730	8.3986e-05	0.17995	liquid
173.69	643.00	405.69	0.0024649	140.48	298.98	1.0262	1.9912	3.1439	1432.0	-0.047619	8.3205e-05	0.17908	liquid
174.69	643.00	404.77	0.0024705	143.27	302.12	1.0443	1.9888	3.1433	1427.3	-0.047507	8.2439e-05	0.17820	liquid
175.69	643.00	403.86	0.0024761	146.05	305.27	1.0622	1.9865	3.1427	1422.7	-0.047393	8.1686e-05	0.17734	liquid
176.69	643.00	402.94	0.0024817	148.83	308.41	1.0800	1.9841	3.1421	1418.1	-0.047278	8.0947e-05	0.17647	liquid
177.69	643.00	402.03	0.0024874	151.61	311.55	1.0978	1.9818	3.1416	1413.5	-0.047162	8.0222e-05	0.17562	liquid
178.69	643.00	401.11	0.0024931	154.39	314.69	1.1154	1.9795	3.1410	1409.0	-0.047045	7.9509e-05	0.17477	liquid
179.69	643.00	400.20	0.0024988	157.16	317.83	1.1329	1.9773	3.1404	1404.4	-0.046926	7.8809e-05	0.17392	liquid
180.69	643.00	399.29	0.0025045	159.93	320.97	1.1504	1.9751	3.1399	1399.9	-0.046806	7.8121e-05	0.17308	liquid
181.69	643.00	398.37	0.0025102	162.70	324.11	1.1677	1.9729	3.1393	1395.4	-0.046684	7.7444e-05	0.17224	liquid
182.69	643.00	397.46	0.0025160	165.47	327.25	1.1849	1.9707	3.1388	1391.0	-0.046561	7.6780e-05	0.17142	liquid
183.69	643.00	396.55	0.0025218	168.24	330.39	1.2020	1.9686	3.1383	1386.5	-0.046437	7.6126e-05	0.17059	liquid
184.69	643.00	395.64	0.0025276	171.00	333.53	1.2191	1.9665	3.1377	1382.1	-0.046311	7.5484e-05	0.16977	liquid
185.69	643.00	394.73	0.0025334	173.77	336.66	1.2360	1.9645	3.1372	1377.6	-0.046184	7.4852e-05	0.16896	liquid
186.69	643.00	393.82	0.0025392	176.53	339.80	1.2529	1.9624	3.1367	1373.3	-0.046056	7.4231e-05	0.16815	liquid
187.69	643.00	392.91	0.0025451	179.29	342.94	1.2696	1.9604	3.1362	1368.9	-0.045926	7.3620e-05	0.16735	liquid
188.69	643.00	392.00	0.0025510	182.04	346.07	1.2863	1.9585	3.1358	1364.5	-0.045795	7.3018e-05	0.16656	liquid
189.69	643.00	391.09	0.0025569	184.80	349.21	1.3029	1.9565	3.1353	1360.2	-0.045663	7.2427e-05	0.16577	liquid
190.69	643.00	390.19	0.0025629	187.55	352.34	1.3193	1.9546	3.1348	1355.9	-0.045530	7.1845e-05	0.16499	supercritical
191.69	643.00	389.28	0.0025688	190.30	355.48	1.3357	1.9527	3.1344	1351.6	-0.045395	7.1272e-05	0.16420	supercritical
192.69	643.00	388.37	0.0025748	193.05	358.61	1.3521	1.9509	3.1339	1347.3	-0.045259	7.0708e-05	0.16343	supercritical
193.69	643.00	387.47	0.0025808	195.80	361.75	1.3683	1.9491	3.1335	1343.1	-0.045121	7.0153e-05	0.16266	supercritical
194.69	643.00	386.57	0.0025869	198.54	364.88	1.3844	1.9473	3.1331	1338.9	-0.044982	6.9606e-05	0.16190	supercritical
195.69	643.00	385.66	0.0025929	201.29	368.01	1.4005	1.9455	3.1326	1334.7	-0.044842	6.9068e-05	0.16114	supercritical
196.69	643.00	384.76	0.0025990	204.03	371.15	1.4164	1.9438	3.1322	1330.5	-0.044701	6.8538e-05	0.16039	supercritical
197.69	643.00	383.86	0.0026051	206.77	374.28	1.4323	1.9421	3.1318	1326.3	-0.044559	6.8017e-05	0.15964	supercritical
198.69	643.00	382.96	0.0026113	209.50	377.41	1.4481	1.9405	3.1314	1322.2	-0.044415	6.7503e-05	0.15890	supercritical
199.69	643.00	382.06	0.0026174	212.24	380.54	1.4638	1.9388	3.1310	1318.1	-0.044270	6.6997e-05	0.15816	supercritical
200.69	643.00	381.16	0.0026236	214.97	383.67	1.4795	1.9373	3.1307	1314.0	-0.044123	6.6498e-05	0.15743	supercritical
201.69	643.00	380.26	0.0026298	217.71	386.80	1.4950	1.9357	3.1303	1309.9	-0.043976	6.6007e-05	0.15671	supercritical
202.69	643.00	379.36	0.0026360	220.44	389.93	1.5105	1.9342	3.1300	1305.8	-0.043827	6.5522e-05	0.15599	supercritical
203.69	643.00	378.46	0.0026423	223.16	393.06	1.5259	1.9327	3.1296	1301.8	-0.043677	6.5045e-05	0.15528	supercritical
204.69	643.00	377.57	0.0026485	225.89	396.19	1.5412	1.9312	3.1293	1297.8	-0.043526	6.4575e-05	0.15457	supercritical
205.69	643.00	376.67	0.0026548	228.61	399.32	1.5565	1.9298	3.1289	1293.8	-0.043374	6.4112e-05	0.15387	supercritical
206.69	643.00	375.78	0.0026612	231.34	402.45	1.5717	1.9283	3.1286	1289.8	-0.043220	6.3655e-05	0.15317	supercritical
207.69	643.00	374.88	0.0026675	234.06	405.58	1.5868	1.9270	3.1283	1285.9	-0.043065	6.3205e-05	0.15248	supercritical
208.69	643.00	373.99	0.0026739	236.78	408.71	1.6018	1.9256	3.1280	1282.0	-0.042910	6.2761e-05	0.15179	supercritical
209.69	643.00	373.10	0.0026803	239.49	411.83	1.6167	1.9243	3.1277	1278.1	-0.042753	6.2324e-05	0.15111	supercritical
210.69	643.00	372.21	0.0026867	242.21	414.96	1.6316	1.9230	3.1274	1274.2	-0.042595	6.1892e-05	0.15044	supercritical
211.69	643.00	371.32	0.0026931	244.92	418.09	1.6464	1.9218	3.1272	1270.3	-0.042435	6.1467e-05	0.14977	supercritical
212.69	643.00	370.43	0.0026996	247.63	421.22	1.6612	1.9206	3.1269	1266.5	-0.042275	6.1048e-05	0.14910	supercritical
213.69	643.00	369.54	0.0027061	250.34	424.34	1.6758	1.9194	3.1267	1262.7	-0.042114	6.0634e-05	0.14845	supercritical
214.69	643.00	368.65	0.0027126	253.05	427.47	1.6904	1.9182	3.1264	1258.9	-0.041951	6.0226e-05	0.14779	supercritical
215.69	643.00	367.76	0.0027191	255.75	430.60	1.7049	1.9171	3.1262	1255.1	-0.041788	5.9823e-05	0.14715	supercritical
216.69	643.00	366.88	0.0027257	258.46	433.72	1.7194	1.9160	3.1259	1251.3	-0.041623	5.9426e-05	0.14650	supercritical
217.69	643.00	365.99	0.0027323	261.16	436.85	1.7338	1.9150	3.1257	1247.6	-0.041458	5.9035e-05	0.14587	supercritical
218.69	643.00	365.11	0.0027389	263.86	439.97	1.7481	1.9140	3.1255	1243.9	-0.041291	5.8649e-05	0.14524	supercritical
219.69	643.00	364.23	0.0027455	266.56	443.10	1.7624	1.9130	3.1253	1240.2	-0.041123	5.8267e-05	0.14461	supercritical
220.69	643.00	363.35	0.0027522	269.26	446.22	1.7766	1.9120	3.1251	1236.5	-0.040955	5.7891e-05	0.14399	supercritical
221.69	643.00	362.47	0.0027589	271.95	449.35	1.7907	1.9111	3.1249	1232.9	-0.040785	5.7520e-05	0.14338	supercritical
222.69	643.00	361.59	0.0027656	274.65	452.47	1.8048	1.9102	3.1247	1229.3	-0.040615	5.7154e-05	0.14277	supercritical
223.69	643.00	360.71	0.0027723	277.34	455.60	1.8188	1.9093	3.1246	1225.7	-0.040443	5.6793e-05	0.14216	supercritical
224.69	643.00	359.83	0.0027791	280.03	458.72	1.8327	1.9085	3.1244	1222.1	-0.040271	5.6436e-05	0.14156	supercritical
225.69	643.00	358.96	0.0027858	282.72	461.85	1.8466	1.9077	3.1242	1218.5	-0.040098	5.6084e-05	0.14097	supercritical
226.69	643.00	358.08	0.0027927	285.40	464.97	1.8604	1.9069	3.1241	1215.0	-0.039924	5.5737e-05	0.14038	supercritical
227.69	643.00	357.21	0.0027995	288.09	468.09	1.8741	1.9062	3.1240	1211.5	-0.039749	5.5394e-05	0.13980	supercritical
228.69	643.00	356.34	0.0028063	290.77	471.22	1.8878	1.9054	3.1238	1208.0	-0.039573	5.5055e-05	0.13922	supercritical
229.69	643.00	355.47	0.0028132	293.45	474.34	1.9015	1.9048	3.1237	1204.5	-0.039397	5.4721e-05	0.13865	supercritical
230.69	643.00	354.60	0.0028201	296.13	477.47	1.9150	1.9041	3.1236	1201.1	-0.039219	5.4391e-05	0.13808	supercritical
231.69	643.00	353.73	0.0028270	298.81	480.59	1.9285	1.9035	3.1235	1197.7	-0.039041	5.4065e-05	0.13752	supercritical
232.69	643.00	352.86	0.0028340	301.49	483.71	1.9420	1.9029	3.1234	1194.2	-0.038862	5.3744e-05	0.13696	supercritical
233.69	643.00	351.99	0.0028410	304.16	486.84	1.9554	1.9024	3.1233	1190.9	-0.038683	5.3426e-05	0.13641	supercritical
234.69	643.00	351.13	0.0028480	306.84	489.96	1.9687	1.9019	3.1232	1187.5	-0.038502	5.3113e-05	0.13586	supercritical
235.69	643.00	350.26	0.0028550	309.51	493.08	1.9820	1.9014	3.1231	1184.2	-0.038321	5.2803e-05	0.13532	supercritical
236.69	643.00	349.40	0.0028620	312.18	496.21	1.9952	1.9009	3.1231	1180.8	-0.038140	5.2498e-05	0.13478	supercritical
237.69	643.00	348.54	0.0028691	314.85	499.33	2.0084	1.9005	3.1230	1177.5	-0.037957	5.2196e-05	0.13425	supercritical
238.69	643.00	347.68	0.0028762	317.51	502.45	2.0215	1.9001	3.1229	1174.3	-0.037775	5.1898e-05	0.13373	supercritical
239.69	643.00	346.82	0.0028833	320.18	505.57	2.0346	1.8997	3.1229	1171.0	-0.037591	5.1603e-05	0.13321	supercritical
240.69	643.00	345.97	0.0028905	322.84	508.70	2.0476	1.8994	3.1228	1167.8	-0.037407	5.1312e-05	0.13269	supercritical
241.69	643.00	345.11	0.0028976	325.50	511.82	2.0605	1.8991	3.1228	1164.6	-0.037222	5.1025e-05	0.13218	supercritical
242.69	643.00	344.25	0.0029048	328.16	514.94	2.0734	1.8988	3.1228	1161.4	-0.037037	5.0742e-05	0.13167	supercritical
243.69	643.00	343.40	0.0029120	330.82	518.07	2.0862	1.8985	3.1228	1158.2	-0.036851	5.0461e-05	0.13117	supercritical
244.69	643.00	342.55	0.0029193	333.48	521.19	2.0990	1.8983	3.1228	1155.1	-0.036665	5.0184e-05	0.13067	supercritical
245.69	643.00	341.70	0.0029265	336.13	524.31	2.1118	1.8982	3.1227	1151.9	-0.036478	4.9911e-05	0.13018	supercritical
246.69	643.00	340.85	0.0029338	338.79	527.43	2.1244	1.8980	3.1227	1148.8	-0.036291	4.9641e-05	0.12970	supercritical
247.69	643.00	340.00	0.0029411	341.44	530.56	2.1371	1.8979	3.1228	1145.7	-0.036103	4.9374e-05	0.12921	supercritical
248.69	643.00	339.16	0.0029485	344.09	533.68	2.1497	1.8978	3.1228	1142.7	-0.035915	4.9110e-05	0.12874	supercritical
249.69	643.00	338.31	0.0029558	346.74	536.80	2.1622	1.8977	3.1228	1139.6	-0.035727	4.8850e-05	0.12826	supercritical
250.69	643.00	337.47	0.0029632	349.39	539.93	2.1747	1.8977	3.1228	1136.6	-0.035538	4.8592e-05	0.12780	supercritical
251.69	643.00	336.63	0.0029706	352.04	543.05	2.1871	1.8977	3.1229	1133.6	-0.035349	4.8338e-05	0.12734	supercritical
252.69	643.00	335.79	0.0029780	354.68	546.17	2.1995	1.8977	3.1229	1130.6	-0.035160	4.8087e-05	0.12688	supercritical
253.69	643.00	334.95	0.0029855	357.33	549.29	2.2118	1.8978	3.1229	1127.7	-0.034970	4.7839e-05	0.12642	supercritical
254.69	643.00	334.12	0.0029930	359.97	552.42	2.2241	1.8979	3.1230	1124.7	-0.034780	4.7593e-05	0.12598	supercritical
255.69	643.00	333.28	0.0030005	362.61	555.54	2.2363	1.8980	3.1231	1121.8	-0.034590	4.7351e-05	0.12553	supercritical
256.69	643.00	332.45	0.0030080	365.25	558.66	2.2485	1.8981	3.1231	1118.9	-0.034400	4.7111e-05	0.12509	supercritical
257.69	643.00	331.62	0.0030155	367.89	561.79	2.2607	1.8983	3.1232	1116.1	-0.034209	4.6875e-05	0.12466	supercritical
258.69	643.00	330.79	0.0030231	370.52	564.91	2.2728	1.8985	3.1233	1113.2	-0.034019	4.6641e-05	0.12423	supercritical
259.69	643.00	329.96	0.0030307	373.16	568.03	2.2848	1.8987	3.1234	1110.4	-0.033828	4.6409e-05	0.12380	supercritical
260.69	643.00	329.13	0.0030383	375.79	571.16	2.2968	1.8990	3.1234	1107.6	-0.033637	4.6181e-05	0.12338	supercritical
261.69	643.00	328.31	0.0030459	378.43	574.28	2.3088	1.8993	3.1235	1104.8	-0.033446	4.5955e-05	0.12297	supercritical
262.69	643.00	327.48	0.0030536	381.06	577.40	2.3207	1.8996	3.1236	1102.0	-0.033255	4.5732e-05	0.12256	supercritical
263.69	643.00	326.66	0.0030613	383.69	580.53	2.3326	1.9000	3.1238	1099.3	-0.033064	4.5511e-05	0.12215	supercritical
264.69	643.00	325.84	0.0030690	386.31	583.65	2.3444	1.9003	3.1239	1096.5	-0.032872	4.5293e-05	0.12175	supercritical
265.69	643.00	325.02	0.0030767	388.94	586.77	2.3562	1.9008	3.1240	1093.8	-0.032681	4.5078e-05	0.12135	supercritical
266.69	643.00	324.21	0.0030845	391.57	589.90	2.3679	1.9012	3.1241	1091.2	-0.032490	4.4865e-05	0.12096	supercritical
267.69	643.00	323.39	0.0030922	394.19	593.02	2.3796	1.9017	3.1243	1088.5	-0.032299	4.4654e-05	0.12057	supercritical
268.69	643.00	322.58	0.0031000	396.82	596.15	2.3913	1.9021	3.1244	1085.8	-0.032108	4.4446e-05	0.12018	supercritical
269.69	643.00	321.77	0.0031078	399.44	599.27	2.4029	1.9027	3.1245	1083.2	-0.031917	4.4240e-05	0.11980	supercritical
270.69	643.00	320.96	0.0031157	402.06	602.40	2.4144	1.9032	3.1247	1080.6	-0.031726	4.4037e-05	0.11943	supercritical
271.69	643.00	320.15	0.0031235	404.68	605.52	2.4259	1.9038	3.1248	1078.0	-0.031536	4.3836e-05	0.11905	supercritical
272.69	643.00	319.34	0.0031314	407.30	608.65	2.4374	1.9044	3.1250	1075.5	-0.031345	4.3637e-05	0.11869	supercritical
273.69	643.00	318.54	0.0031393	409.91	611.77	2.4489	1.9050	3.1252	1072.9	-0.031155	4.3441e-05	0.11832	supercritical
274.69	643.00	317.74	0.0031472	412.53	614.90	2.4603	1.9057	3.1254	1070.4	-0.030965	4.3246e-05	0.11796	supercritical
275.69	643.00	316.94	0.0031552	415.14	618.02	2.4716	1.9064	3.1255	1067.9	-0.030775	4.3054e-05	0.11761	supercritical
276.69	643.00	316.14	0.0031632	417.76	621.15	2.4829	1.9071	3.1257	1065.4	-0.030586	4.2864e-05	0.11726	supercritical
277.69	643.00	315.34	0.0031711	420.37	624.27	2.4942	1.9078	3.1259	1063.0	-0.030396	4.2677e-05	0.11691	supercritical
278.69	643.00	314.55	0.0031791	422.98	627.40	2.5055	1.9086	3.1261	1060.5	-0.030207	4.2491e-05	0.11657	supercritical
279.69	643.00	313.76	0.0031872	425.59	630.53	2.5167	1.9094	3.1263	1058.1	-0.030019	4.2308e-05	0.11623	supercritical
280.69	643.00	312.97	0.0031952	428.20	633.65	2.5278	1.9102	3.1265	1055.7	-0.029831	4.2126e-05	0.11590	supercritical
281.69	643.00	312.18	0.0032033	430.81	636.78	2.5389	1.9110	3.1267	1053.3	-0.029643	4.1947e-05	0.11557	supercritical
282.69	643.00	311.39	0.0032114	433.41	639.91	2.5500	1.9119	3.1270	1051.0	-0.029455	4.1770e-05	0.11524	supercritical
283.69	643.00	310.61	0.0032195	436.02	643.03	2.5611	1.9128	3.1272	1048.6	-0.029268	4.1594e-05	0.11492	supercritical
284.69	643.00	309.82	0.0032276	438.62	646.16	2.5721	1.9137	3.1274	1046.3	-0.029082	4.1421e-05	0.11460	supercritical
285.69	643.00	309.04	0.0032358	441.23	649.29	2.5830	1.9147	3.1277	1044.0	-0.028895	4.1250e-05	0.11428	supercritical
286.69	643.00	308.27	0.0032440	443.83	652.42	2.5939	1.9156	3.1279	1041.7	-0.028710	4.1080e-05	0.11397	supercritical
287.69	643.00	307.49	0.0032522	446.43	655.54	2.6048	1.9166	3.1282	1039.4	-0.028525	4.0913e-05	0.11367	supercritical
288.69	643.00	306.71	0.0032604	449.03	658.67	2.6157	1.9177	3.1284	1037.2	-0.028340	4.0747e-05	0.11337	supercritical
289.69	643.00	305.94	0.0032686	451.63	661.80	2.6265	1.9187	3.1287	1035.0	-0.028156	4.0583e-05	0.11307	supercritical
290.69	643.00	305.17	0.0032768	454.23	664.93	2.6373	1.9198	3.1290	1032.7	-0.027973	4.0421e-05	0.11277	supercritical
291.69	643.00	304.40	0.0032851	456.82	668.06	2.6480	1.9209	3.1292	1030.6	-0.027790	4.0261e-05	0.11248	supercritical
292.69	643.00	303.64	0.0032934	459.42	671.19	2.6588	1.9220	3.1295	1028.4	-0.027607	4.0103e-05	0.11219	supercritical
293.69	643.00	302.87	0.0033017	462.02	674.32	2.6694	1.9232	3.1298	1026.2	-0.027426	3.9946e-05	0.11191	supercritical
294.69	643.00	302.11	0.0033100	464.61	677.45	2.6801	1.9243	3.1301	1024.1	-0.027245	3.9791e-05	0.11163	supercritical
295.69	643.00	301.35	0.0033184	467.20	680.58	2.6907	1.9255	3.1304	1022.0	-0.027064	3.9638e-05	0.11135	supercritical
296.69	643.00	300.59	0.0033268	469.80	683.71	2.7012	1.9267	3.1307	1019.9	-0.026885	3.9487e-05	0.11108	supercritical
297.69	643.00	299.84	0.0033351	472.39	686.84	2.7118	1.9280	3.1310	1017.8	-0.026706	3.9337e-05	0.11081	supercritical
298.69	643.00	299.08	0.0033436	474.98	689.97	2.7223	1.9293	3.1314	1015.8	-0.026528	3.9189e-05	0.11055	supercritical
299.69	643.00	298.33	0.0033520	477.57	693.10	2.7327	1.9306	3.1317	1013.7	-0.026350	3.9043e-05	0.11029	supercritical
300.69	643.00	297.58	0.0033604	480.16	696.23	2.7432	1.9319	3.1320	1011.7	-0.026174	3.8898e-05	0.11003	supercritical
301.69	643.00	296.84	0.0033689	482.75	699.37	2.7536	1.9332	3.1323	1009.7	-0.025998	3.8755e-05	0.10977	supercritical
302.69	643.00	296.09	0.0033773	485.33	702.50	2.7639	1.9346	3.1327	1007.7	-0.025823	3.8613e-05	0.10952	supercritical
303.69	643.00	295.35	0.0033858	487.92	705.63	2.7743	1.9360	3.1330	1005.7	-0.025648	3.8473e-05	0.10927	supercritical
304.69	643.00	294.61	0.0033944	490.51	708.76	2.7846	1.9374	3.1334	1003.8	-0.025475	3.8334e-05	0.10903	supercritical
305.69	643.00	293.87	0.0034029	493.09	711.90	2.7948	1.9388	3.1338	1001.8	-0.025302	3.8197e-05	0.10879	supercritical
306.69	643.00	293.13	0.0034114	495.68	715.03	2.8051	1.9403	3.1341	999.93	-0.025131	3.8062e-05	0.10855	supercritical
307.69	643.00	292.40	0.0034200	498.26	718.17	2.8153	1.9417	3.1345	998.04	-0.024960	3.7928e-05	0.10832	supercritical
308.69	643.00	291.67	0.0034286	500.84	721.30	2.8254	1.9432	3.1349	996.15	-0.024790	3.7796e-05	0.10809	supercritical
309.69	643.00	290.94	0.0034372	503.43	724.44	2.8356	1.9448	3.1353	994.29	-0.024621	3.7665e-05	0.10786	supercritical
310.69	643.00	290.21	0.0034458	506.01	727.57	2.8457	1.9463	3.1357	992.45	-0.024453	3.7535e-05	0.10764	supercritical
311.69	643.00	289.48	0.0034544	508.59	730.71	2.8558	1.9479	3.1361	990.62	-0.024286	3.7407e-05	0.10742	supercritical
312.69	643.00	288.76	0.0034631	511.17	733.84	2.8658	1.9494	3.1365	988.81	-0.024119	3.7280e-05	0.10720	supercritical
313.69	643.00	288.04	0.0034717	513.75	736.98	2.8758	1.9511	3.1369	987.01	-0.023954	3.7155e-05	0.10698	supercritical
314.69	643.00	287.32	0.0034804	516.33	740.12	2.8858	1.9527	3.1374	985.24	-0.023790	3.7031e-05	0.10677	supercritical
315.69	643.00	286.61	0.0034891	518.91	743.25	2.8958	1.9543	3.1378	983.47	-0.023627	3.6909e-05	0.10657	supercritical
316.69	643.00	285.89	0.0034978	521.48	746.39	2.9057	1.9560	3.1382	981.73	-0.023464	3.6787e-05	0.10636	supercritical
317.69	643.00	285.18	0.0035065	524.06	749.53	2.9156	1.9577	3.1387	980.00	-0.023303	3.6668e-05	0.10616	supercritical
318.69	643.00	284.47	0.0035153	526.64	752.67	2.9255	1.9594	3.1392	978.29	-0.023143	3.6549e-05	0.10596	supercritical
319.69	643.00	283.76	0.0035240	529.21	755.81	2.9353	1.9611	3.1396	976.60	-0.022984	3.6432e-05	0.10577	supercritical
320.69	643.00	283.06	0.0035328	531.79	758.95	2.9451	1.9629	3.1401	974.92	-0.022826	3.6316e-05	0.10557	supercritical
321.69	643.00	282.36	0.0035416	534.36	762.09	2.9549	1.9647	3.1406	973.26	-0.022669	3.6201e-05	0.10539	supercritical
322.69	643.00	281.66	0.0035504	536.94	765.23	2.9646	1.9665	3.1410	971.62	-0.022513	3.6088e-05	0.10520	supercritical
323.69	643.00	280.96	0.0035592	539.51	768.37	2.9743	1.9683	3.1415	969.99	-0.022358	3.5976e-05	0.10502	supercritical
324.69	643.00	280.26	0.0035681	542.09	771.51	2.9840	1.9701	3.1420	968.37	-0.022204	3.5865e-05	0.10484	supercritical
325.69	643.00	279.57	0.0035769	544.66	774.66	2.9937	1.9720	3.1426	966.78	-0.022051	3.5755e-05	0.10466	supercritical
326.69	643.00	278.88	0.0035858	547.23	777.80	3.0033	1.9738	3.1431	965.19	-0.021900	3.5647e-05	0.10449	supercritical
327.69	643.00	278.19	0.0035946	549.81	780.94	3.0129	1.9757	3.1436	963.63	-0.021750	3.5540e-05	0.10431	supercritical
328.69	643.00	277.50	0.0036035	552.38	784.09	3.0225	1.9776	3.1441	962.08	-0.021600	3.5434e-05	0.10415	supercritical
329.69	643.00	276.82	0.0036124	554.95	787.23	3.0321	1.9796	3.1447	960.54	-0.021452	3.5329e-05	0.10398	supercritical
330.69	643.00	276.14	0.0036214	557.52	790.38	3.0416	1.9815	3.1452	959.02	-0.021305	3.5225e-05	0.10382	supercritical
331.69	643.00	275.46	0.0036303	560.09	793.52	3.0511	1.9835	3.1458	957.52	-0.021160	3.5122e-05	0.10366	supercritical
332.69	643.00	274.78	0.0036392	562.66	796.67	3.0606	1.9855	3.1463	956.03	-0.021015	3.5021e-05	0.10350	supercritical
333.69	643.00	274.11	0.0036482	565.23	799.81	3.0700	1.9875	3.1469	954.56	-0.020872	3.4921e-05	0.10335	supercritical
334.69	643.00	273.44	0.0036572	567.81	802.96	3.0794	1.9895	3.1475	953.10	-0.020729	3.4821e-05	0.10320	supercritical
335.69	643.00	272.77	0.0036661	570.38	806.11	3.0888	1.9915	3.1481	951.65	-0.020588	3.4723e-05	0.10305	supercritical
336.69	643.00	272.10	0.0036751	572.95	809.26	3.0982	1.9936	3.1487	950.22	-0.020449	3.4626e-05	0.10290	supercritical
337.69	643.00	271.43	0.0036842	575.51	812.41	3.1075	1.9956	3.1493	948.81	-0.020310	3.4530e-05	0.10276	supercritical
338.69	643.00	270.77	0.0036932	578.08	815.56	3.1168	1.9977	3.1499	947.41	-0.020173	3.4435e-05	0.10262	supercritical
339.69	643.00	270.11	0.0037022	580.65	818.71	3.1261	1.9998	3.1505	946.02	-0.020036	3.4341e-05	0.10248	supercritical
340.69	643.00	269.45	0.0037113	583.22	821.86	3.1354	2.0020	3.1512	944.65	-0.019901	3.4249e-05	0.10234	supercritical
341.69	643.00	268.79	0.0037203	585.79	825.01	3.1446	2.0041	3.1518	943.29	-0.019768	3.4157e-05	0.10221	supercritical
342.69	643.00	268.14	0.0037294	588.36	828.16	3.1538	2.0063	3.1524	941.95	-0.019635	3.4066e-05	0.10208	supercritical
343.69	643.00	267.49	0.0037385	590.93	831.31	3.1630	2.0085	3.1531	940.62	-0.019504	3.3976e-05	0.10195	supercritical
344.69	643.00	266.84	0.0037476	593.50	834.47	3.1722	2.0106	3.1538	939.31	-0.019374	3.3888e-05	0.10183	supercritical
345.69	643.00	266.19	0.0037567	596.07	837.62	3.1813	2.0129	3.1544	938.01	-0.019245	3.3800e-05	0.10170	supercritical
346.69	643.00	265.55	0.0037658	598.64	840.78	3.1904	2.0151	3.1551	936.72	-0.019118	3.3713e-05	0.10158	supercritical
347.69	643.00	264.91	0.0037749	601.20	843.93	3.1995	2.0173	3.1558	935.45	-0.018992	3.3627e-05	0.10147	supercritical
348.69	643.00	264.27	0.0037841	603.77	847.09	3.2086	2.0196	3.1565	934.19	-0.018867	3.3542e-05	0.10135	supercritical
349.69	643.00	263.63	0.0037932	606.34	850.24	3.2176	2.0219	3.1572	932.94	-0.018743	3.3458e-05	0.10124	supercritical
350.69	643.00	262.99	0.0038024	608.91	853.40	3.2266	2.0241	3.1580	931.71	-0.018620	3.3375e-05	0.10113	supercritical
351.69	643.00	262.36	0.0038115	611.48	856.56	3.2356	2.0265	3.1587	930.49	-0.018499	3.3293e-05	0.10102	supercritical
352.69	643.00	261.73	0.0038207	614.05	859.72	3.2446	2.0288	3.1594	929.28	-0.018379	3.3212e-05	0.10091	supercritical
353.69	643.00	261.10	0.0038299	616.62	862.88	3.2535	2.0311	3.1602	928.09	-0.018261	3.3132e-05	0.10081	supercritical
354.69	643.00	260.48	0.0038391	619.18	866.04	3.2625	2.0335	3.1609	926.91	-0.018143	3.3052e-05	0.10071	supercritical
355.69	643.00	259.85	0.0038483	621.75	869.20	3.2714	2.0358	3.1617	925.74	-0.018027	3.2974e-05	0.10061	supercritical
356.69	643.00	259.23	0.0038575	624.32	872.36	3.2802	2.0382	3.1625	924.58	-0.017912	3.2896e-05	0.10051	supercritical
357.69	643.00	258.61	0.0038668	626.89	875.53	3.2891	2.0406	3.1633	923.44	-0.017799	3.2820e-05	0.10042	supercritical
358.69	643.00	258.00	0.0038760	629.46	878.69	3.2979	2.0430	3.1641	922.31	-0.017686	3.2744e-05	0.10033	supercritical
359.69	643.00	257.38	0.0038853	632.03	881.85	3.3067	2.0454	3.1649	921.19	-0.017575	3.2669e-05	0.10024	supercritical
360.69	643.00	256.77	0.0038945	634.60	885.02	3.3155	2.0479	3.1657	920.09	-0.017466	3.2595e-05	0.10015	supercritical
361.69	643.00	256.16	0.0039038	637.17	888.18	3.3243	2.0503	3.1665	919.00	-0.017357	3.2521e-05	0.10007	supercritical
362.69	643.00	255.55	0.0039131	639.74	891.35	3.3330	2.0528	3.1673	917.92	-0.017250	3.2449e-05	0.099984	supercritical
363.69	643.00	254.95	0.0039224	642.31	894.52	3.3418	2.0553	3.1682	916.85	-0.017144	3.2377e-05	0.099903	supercritical
364.69	643.00	254.35	0.0039317	644.88	897.69	3.3505	2.0578	3.1690	915.79	-0.017039	3.2306e-05	0.099824	supercritical
365.69	643.00	253.75	0.0039410	647.45	900.86	3.3591	2.0603	3.1699	914.75	-0.016936	3.2236e-05	0.099747	supercritical
366.69	643.00	253.15	0.0039503	650.03	904.03	3.3678	2.0628	3.1708	913.72	-0.016834	3.2167e-05	0.099673	supercritical
367.69	643.00	252.55	0.0039596	652.60	907.20	3.3764	2.0653	3.1716	912.70	-0.016733	3.2098e-05	0.099601	supercritical
368.69	643.00	251.96	0.0039689	655.17	910.37	3.3851	2.0679	3.1725	911.69	-0.016633	3.2030e-05	0.099530	supercritical
369.69	643.00	251.37	0.0039783	657.74	913.54	3.3936	2.0704	3.1734	910.69	-0.016535	3.1963e-05	0.099462	supercritical
370.69	643.00	250.78	0.0039876	660.32	916.72	3.4022	2.0730	3.1744	909.71	-0.016438	3.1897e-05	0.099396	supercritical
371.69	643.00	250.19	0.0039970	662.89	919.89	3.4108	2.0756	3.1753	908.73	-0.016342	3.1832e-05	0.099331	supercritical
372.69	643.00	249.61	0.0040063	665.46	923.07	3.4193	2.0782	3.1762	907.77	-0.016247	3.1767e-05	0.099269	supercritical
373.69	643.00	249.02	0.0040157	668.04	926.25	3.4278	2.0808	3.1771	906.82	-0.016154	3.1703e-05	0.099209	supercritical
374.69	643.00	248.44	0.0040251	670.61	929.42	3.4363	2.0834	3.1781	905.88	-0.016062	3.1640e-05	0.099151	supercritical
375.69	643.00	247.87	0.0040344	673.19	932.60	3.4448	2.0861	3.1791	904.95	-0.015971	3.1577e-05	0.099094	supercritical
376.69	643.00	247.29	0.0040438	675.76	935.78	3.4532	2.0887	3.1800	904.03	-0.015881	3.1515e-05	0.099040	supercritical
377.69	643.00	246.72	0.0040532	678.34	938.96	3.4617	2.0914	3.1810	903.12	-0.015793	3.1454e-05	0.098987	supercritical
378.69	643.00	246.15	0.0040626	680.92	942.14	3.4701	2.0941	3.1820	902.22	-0.015706	3.1394e-05	0.098937	supercritical
379.69	643.00	245.58	0.0040721	683.49	945.33	3.4785	2.0967	3.1830	901.34	-0.015620	3.1334e-05	0.098888	supercritical
380.69	643.00	245.01	0.0040815	686.07	948.51	3.4868	2.0994	3.1840	900.46	-0.015535	3.1275e-05	0.098841	supercritical
381.69	643.00	244.45	0.0040909	688.65	951.69	3.4952	2.1021	3.1851	899.59	-0.015452	3.1216e-05	0.098796	supercritical
382.69	643.00	243.88	0.0041003	691.23	954.88	3.5035	2.1049	3.1861	898.74	-0.015369	3.1159e-05	0.098753	supercritical
383.69	643.00	243.32	0.0041098	693.81	958.07	3.5118	2.1076	3.1871	897.89	-0.015288	3.1102e-05	0.098712	supercritical
384.69	643.00	242.77	0.0041192	696.39	961.25	3.5201	2.1103	3.1882	897.06	-0.015208	3.1045e-05	0.098672	supercritical
385.69	643.00	242.21	0.0041287	698.97	964.44	3.5284	2.1131	3.1893	896.23	-0.015130	3.0990e-05	0.098635	supercritical
386.69	643.00	241.66	0.0041381	701.55	967.63	3.5367	2.1158	3.1903	895.42	-0.015052	3.0934e-05	0.098599	supercritical
387.69	643.00	241.10	0.0041476	704.13	970.82	3.5449	2.1186	3.1914	894.62	-0.014976	3.0880e-05	0.098564	supercritical
388.69	643.00	240.56	0.0041570	706.72	974.01	3.5531	2.1214	3.1925	893.82	-0.014900	3.0826e-05	0.098532	supercritical
389.69	643.00	240.01	0.0041665	709.30	977.21	3.5614	2.1242	3.1936	893.04	-0.014827	3.0773e-05	0.098501	supercritical
390.69	643.00	239.46	0.0041760	711.89	980.40	3.5695	2.1270	3.1947	892.26	-0.014754	3.0720e-05	0.098472	supercritical
391.69	643.00	238.92	0.0041855	714.47	983.60	3.5777	2.1298	3.1959	891.50	-0.014682	3.0668e-05	0.098445	supercritical
392.69	643.00	238.38	0.0041950	717.06	986.79	3.5859	2.1326	3.1970	890.74	-0.014612	3.0617e-05	0.098419	supercritical
393.69	643.00	237.84	0.0042045	719.64	989.99	3.5940	2.1355	3.1981	889.99	-0.014542	3.0566e-05	0.098395	supercritical
394.69	643.00	237.31	0.0042140	722.23	993.19	3.6021	2.1383	3.1993	889.26	-0.014474	3.0516e-05	0.098373	supercritical
395.69	643.00	236.77	0.0042235	724.82	996.39	3.6102	2.1412	3.2005	888.53	-0.014407	3.0466e-05	0.098353	supercritical
396.69	643.00	236.24	0.0042330	727.41	999.59	3.6183	2.1441	3.2016	887.81	-0.014341	3.0417e-05	0.098334	supercritical
397.69	643.00	235.71	0.0042425	730.00	1002.8	3.6263	2.1469	3.2028	887.10	-0.014276	3.0369e-05	0.098316	supercritical
398.69	643.00	235.18	0.0042520	732.59	1006.0	3.6344	2.1498	3.2040	886.40	-0.014212	3.0321e-05	0.098300	supercritical
399.69	643.00	234.66	0.0042615	735.18	1009.2	3.6424	2.1527	3.2052	885.71	-0.014150	3.0274e-05	0.098286	supercritical
400.69	643.00	234.13	0.0042711	737.78	1012.4	3.6504	2.1556	3.2065	885.03	-0.014088	3.0227e-05	0.098274	supercritical
401.69	643.00	233.61	0.0042806	740.37	1015.6	3.6584	2.1585	3.2077	884.35	-0.014028	3.0181e-05	0.098263	supercritical
402.69	643.00	233.09	0.0042902	742.97	1018.8	3.6664	2.1614	3.2089	883.69	-0.013969	3.0135e-05	0.098253	supercritical
403.69	643.00	232.57	0.0042997	745.56	1022.0	3.6744	2.1644	3.2102	883.03	-0.013910	3.0090e-05	0.098245	supercritical
404.69	643.00	232.06	0.0043092	748.16	1025.2	3.6823	2.1673	3.2115	882.38	-0.013853	3.0046e-05	0.098239	supercritical
405.69	643.00	231.55	0.0043188	750.76	1028.5	3.6902	2.1703	3.2127	881.74	-0.013797	3.0001e-05	0.098234	supercritical
406.69	643.00	231.04	0.0043283	753.36	1031.7	3.6981	2.1732	3.2140	881.11	-0.013742	2.9958e-05	0.098231	supercritical
407.69	643.00	230.53	0.0043379	755.96	1034.9	3.7060	2.1762	3.2153	880.49	-0.013688	2.9915e-05	0.098229	supercritical
408.69	643.00	230.02	0.0043475	758.56	1038.1	3.7139	2.1792	3.2166	879.88	-0.013635	2.9873e-05	0.098228	supercritical
409.69	643.00	229.51	0.0043570	761.16	1041.3	3.7218	2.1821	3.2179	879.27	-0.013583	2.9831e-05	0.098229	supercritical
410.69	643.00	229.01	0.0043666	763.76	1044.5	3.7296	2.1851	3.2192	878.67	-0.013532	2.9789e-05	0.098232	supercritical
411.69	643.00	228.51	0.0043762	766.37	1047.8	3.7375	2.1881	3.2206	878.08	-0.013483	2.9748e-05	0.098236	supercritical
412.69	643.00	228.01	0.0043858	768.97	1051.0	3.7453	2.1911	3.2219	877.50	-0.013434	2.9708e-05	0.098241	supercritical
413.69	643.00	227.51	0.0043953	771.58	1054.2	3.7531	2.1941	3.2233	876.93	-0.013386	2.9668e-05	0.098248	supercritical
414.69	643.00	227.02	0.0044049	774.19	1057.4	3.7608	2.1972	3.2246	876.36	-0.013339	2.9628e-05	0.098256	supercritical
415.69	643.00	226.53	0.0044145	776.80	1060.6	3.7686	2.2002	3.2260	875.80	-0.013293	2.9589e-05	0.098266	supercritical
416.69	643.00	226.04	0.0044241	779.41	1063.9	3.7764	2.2032	3.2274	875.25	-0.013248	2.9551e-05	0.098276	supercritical
417.69	643.00	225.55	0.0044337	782.02	1067.1	3.7841	2.2063	3.2288	874.71	-0.013205	2.9513e-05	0.098289	supercritical
418.69	643.00	225.06	0.0044433	784.63	1070.3	3.7918	2.2093	3.2302	874.18	-0.013162	2.9475e-05	0.098302	supercritical
419.69	643.00	224.57	0.0044529	787.24	1073.6	3.7995	2.2124	3.2316	873.65	-0.013120	2.9438e-05	0.098318	supercritical
420.69	643.00	224.09	0.0044625	789.86	1076.8	3.8072	2.2155	3.2330	873.13	-0.013079	2.9401e-05	0.098334	supercritical
421.69	643.00	223.61	0.0044721	792.47	1080.0	3.8149	2.2185	3.2345	872.62	-0.013039	2.9365e-05	0.098352	supercritical
422.69	643.00	223.13	0.0044817	795.09	1083.3	3.8226	2.2216	3.2359	872.11	-0.012999	2.9329e-05	0.098371	supercritical
423.69	643.00	222.65	0.0044913	797.71	1086.5	3.8302	2.2247	3.2374	871.61	-0.012961	2.9294e-05	0.098391	supercritical
424.69	643.00	222.18	0.0045009	800.33	1089.7	3.8379	2.2278	3.2389	871.12	-0.012924	2.9259e-05	0.098413	supercritical
425.69	643.00	221.70	0.0045105	802.95	1093.0	3.8455	2.2309	3.2403	870.64	-0.012888	2.9225e-05	0.098435	supercritical
426.69	643.00	221.23	0.0045201	805.57	1096.2	3.8531	2.2340	3.2418	870.16	-0.012852	2.9191e-05	0.098460	supercritical
427.69	643.00	220.76	0.0045298	808.20	1099.5	3.8607	2.2371	3.2433	869.69	-0.012818	2.9157e-05	0.098485	supercritical
428.69	643.00	220.29	0.0045394	810.82	1102.7	3.8682	2.2402	3.2448	869.23	-0.012784	2.9124e-05	0.098512	supercritical
429.69	643.00	219.83	0.0045490	813.45	1106.0	3.8758	2.2434	3.2463	868.77	-0.012751	2.9091e-05	0.098540	supercritical
430.69	643.00	219.36	0.0045586	816.08	1109.2	3.8834	2.2465	3.2479	868.32	-0.012719	2.9059e-05	0.098569	supercritical
431.69	643.00	218.90	0.0045682	818.71	1112.4	3.8909	2.2496	3.2494	867.88	-0.012688	2.9027e-05	0.098599	supercritical
432.69	643.00	218.44	0.0045779	821.34	1115.7	3.8984	2.2528	3.2510	867.44	-0.012658	2.8995e-05	0.098631	supercritical
433.69	643.00	217.98	0.0045875	823.97	1118.9	3.9059	2.2559	3.2525	867.01	-0.012628	2.8964e-05	0.098664	supercritical
434.69	643.00	217.53	0.0045971	826.61	1122.2	3.9134	2.2591	3.2541	866.59	-0.012600	2.8934e-05	0.098698	supercritical
435.69	643.00	217.07	0.0046068	829.24	1125.5	3.9209	2.2623	3.2557	866.18	-0.012572	2.8903e-05	0.098733	supercritical
436.69	643.00	216.62	0.0046164	831.88	1128.7	3.9284	2.2654	3.2572	865.77	-0.012545	2.8873e-05	0.098769	supercritical
437.69	643.00	216.17	0.0046260	834.52	1132.0	3.9358	2.2686	3.2588	865.36	-0.012519	2.8844e-05	0.098807	supercritical
438.69	643.00	215.72	0.0046357	837.16	1135.2	3.9432	2.2718	3.2604	864.96	-0.012494	2.8815e-05	0.098846	supercritical
439.69	643.00	215.27	0.0046453	839.80	1138.5	3.9507	2.2750	3.2621	864.57	-0.012469	2.8786e-05	0.098886	supercritical
440.69	643.00	214.82	0.0046550	842.44	1141.8	3.9581	2.2782	3.2637	864.19	-0.012445	2.8758e-05	0.098927	supercritical
441.69	643.00	214.38	0.0046646	845.09	1145.0	3.9655	2.2814	3.2653	863.81	-0.012422	2.8730e-05	0.098969	supercritical
442.69	643.00	213.94	0.0046742	847.73	1148.3	3.9729	2.2846	3.2670	863.44	-0.012400	2.8702e-05	0.099012	supercritical
443.69	643.00	213.50	0.0046839	850.38	1151.6	3.9802	2.2878	3.2686	863.07	-0.012379	2.8675e-05	0.099056	supercritical
444.69	643.00	213.06	0.0046935	853.03	1154.8	3.9876	2.2910	3.2703	862.71	-0.012358	2.8648e-05	0.099102	supercritical
445.69	643.00	212.62	0.0047032	855.68	1158.1	3.9949	2.2942	3.2720	862.36	-0.012338	2.8621e-05	0.099148	supercritical
446.69	643.00	212.19	0.0047128	858.33	1161.4	4.0023	2.2975	3.2736	862.01	-0.012319	2.8595e-05	0.099196	supercritical
447.69	643.00	211.75	0.0047225	860.99	1164.6	4.0096	2.3007	3.2753	861.66	-0.012300	2.8569e-05	0.099245	supercritical
448.69	643.00	211.32	0.0047321	863.64	1167.9	4.0169	2.3039	3.2770	861.33	-0.012283	2.8544e-05	0.099295	supercritical
449.69	643.00	210.89	0.0047418	866.30	1171.2	4.0242	2.3072	3.2787	860.99	-0.012266	2.8519e-05	0.099346	supercritical
450.69	643.00	210.46	0.0047514	868.96	1174.5	4.0315	2.3104	3.2805	860.67	-0.012249	2.8494e-05	0.099398	supercritical
451.69	643.00	210.04	0.0047611	871.62	1177.8	4.0388	2.3137	3.2822	860.35	-0.012234	2.8469e-05	0.099451	supercritical
452.69	643.00	209.61	0.0047707	874.28	1181.0	4.0460	2.3169	3.2839	860.03	-0.012219	2.8445e-05	0.099505	supercritical
453.69	643.00	209.19	0.0047804	876.95	1184.3	4.0533	2.3202	3.2857	859.72	-0.012205	2.8421e-05	0.099560	supercritical
454.69	643.00	208.77	0.0047900	879.61	1187.6	4.0605	2.3234	3.2874	859.42	-0.012191	2.8398e-05	0.099616	supercritical
455.69	643.00	208.35	0.0047997	882.28	1190.9	4.0677	2.3267	3.2892	859.12	-0.012178	2.8375e-05	0.099673	supercritical
456.69	643.00	207.93	0.0048093	884.95	1194.2	4.0749	2.3300	3.2910	858.83	-0.012166	2.8352e-05	0.099731	supercritical
457.69	643.00	207.51	0.0048190	887.62	1197.5	4.0821	2.3333	3.2927	858.54	-0.012154	2.8329e-05	0.099790	supercritical
458.69	643.00	207.10	0.0048286	890.29	1200.8	4.0893	2.3365	3.2945	858.26	-0.012143	2.8307e-05	0.099850	supercritical
459.69	643.00	206.68	0.0048383	892.97	1204.1	4.0965	2.3398	3.2963	857.98	-0.012133	2.8285e-05	0.099911	supercritical
460.69	643.00	206.27	0.0048480	895.64	1207.4	4.1037	2.3431	3.2981	857.71	-0.012123	2.8264e-05	0.099973	supercritical
461.69	643.00	205.86	0.0048576	898.32	1210.7	4.1108	2.3464	3.3000	857.44	-0.012114	2.8242e-05	0.10004	supercritical
462.69	643.00	205.45	0.0048673	901.00	1214.0	4.1180	2.3497	3.3018	857.18	-0.012106	2.8222e-05	0.10010	supercritical
463.69	643.00	205.05	0.0048769	903.68	1217.3	4.1251	2.3530	3.3036	856.92	-0.012098	2.8201e-05	0.10017	supercritical
464.69	643.00	204.64	0.0048866	906.37	1220.6	4.1322	2.3563	3.3055	856.67	-0.012091	2.8181e-05	0.10023	supercritical
465.69	643.00	204.24	0.0048962	909.05	1223.9	4.1393	2.3596	3.3073	856.42	-0.012084	2.8160e-05	0.10030	supercritical
466.69	643.00	203.84	0.0049059	911.74	1227.2	4.1464	2.3629	3.3092	856.18	-0.012078	2.8141e-05	0.10037	supercritical
467.69	643.00	203.44	0.0049155	914.43	1230.5	4.1535	2.3662	3.3111	855.94	-0.012072	2.8121e-05	0.10044	supercritical
468.69	643.00	203.04	0.0049252	917.12	1233.8	4.1606	2.3696	3.3129	855.71	-0.012067	2.8102e-05	0.10050	supercritical
469.69	643.00	202.64	0.0049349	919.81	1237.1	4.1676	2.3729	3.3148	855.48	-0.012063	2.8083e-05	0.10058	supercritical
470.69	643.00	202.24	0.0049445	922.51	1240.4	4.1747	2.3762	3.3167	855.25	-0.012059	2.8065e-05	0.10065	supercritical
471.69	643.00	201.85	0.0049542	925.21	1243.8	4.1817	2.3795	3.3186	855.04	-0.012056	2.8046e-05	0.10072	supercritical
472.69	643.00	201.46	0.0049638	927.91	1247.1	4.1888	2.3829	3.3205	854.82	-0.012053	2.8028e-05	0.10079	supercritical
473.69	643.00	201.07	0.0049735	930.61	1250.4	4.1958	2.3862	3.3225	854.61	-0.012051	2.8010e-05	0.10087	supercritical
474.69	643.00	200.68	0.0049831	933.31	1253.7	4.2028	2.3896	3.3244	854.41	-0.012049	2.7993e-05	0.10094	supercritical
475.69	643.00	200.29	0.0049928	936.01	1257.0	4.2098	2.3929	3.3263	854.21	-0.012048	2.7976e-05	0.10102	supercritical
476.69	643.00	199.90	0.0050024	938.72	1260.4	4.2168	2.3962	3.3283	854.01	-0.012048	2.7959e-05	0.10109	supercritical
477.69	643.00	199.52	0.0050121	941.43	1263.7	4.2238	2.3996	3.3302	853.82	-0.012048	2.7942e-05	0.10117	supercritical
478.69	643.00	199.13	0.0050217	944.14	1267.0	4.2307	2.4029	3.3322	853.63	-0.012048	2.7926e-05	0.10125	supercritical
479.69	643.00	198.75	0.0050314	946.85	1270.4	4.2377	2.4063	3.3341	853.44	-0.012049	2.7909e-05	0.10133	supercritical
480.69	643.00	198.37	0.0050410	949.57	1273.7	4.2446	2.4097	3.3361	853.27	-0.012050	2.7894e-05	0.10141	supercritical
481.69	643.00	197.99	0.0050507	952.28	1277.0	4.2516	2.4130	3.3381	853.09	-0.012052	2.7878e-05	0.10149	supercritical
482.69	643.00	197.61	0.0050603	955.00	1280.4	4.2585	2.4164	3.3401	852.92	-0.012054	2.7862e-05	0.10157	supercritical
483.69	643.00	197.24	0.0050700	957.72	1283.7	4.2654	2.4197	3.3421	852.75	-0.012057	2.7847e-05	0.10166	supercritical
484.69	643.00	196.86	0.0050796	960.44	1287.1	4.2723	2.4231	3.3441	852.59	-0.012060	2.7832e-05	0.10174	supercritical
485.69	643.00	196.49	0.0050893	963.17	1290.4	4.2792	2.4265	3.3461	852.43	-0.012064	2.7818e-05	0.10182	supercritical
486.69	643.00	196.12	0.0050989	965.90	1293.8	4.2861	2.4299	3.3481	852.28	-0.012068	2.7803e-05	0.10191	supercritical
487.69	643.00	195.75	0.0051086	968.63	1297.1	4.2930	2.4332	3.3502	852.13	-0.012073	2.7789e-05	0.10200	supercritical
488.69	643.00	195.38	0.0051182	971.36	1300.5	4.2998	2.4366	3.3522	851.98	-0.012078	2.7775e-05	0.10208	supercritical
489.69	643.00	195.01	0.0051279	974.09	1303.8	4.3067	2.4400	3.3543	851.84	-0.012083	2.7761e-05	0.10217	supercritical
490.69	643.00	194.65	0.0051375	976.82	1307.2	4.3135	2.4434	3.3563	851.70	-0.012089	2.7748e-05	0.10226	supercritical
491.69	643.00	194.28	0.0051472	979.56	1310.5	4.3204	2.4468	3.3584	851.56	-0.012096	2.7735e-05	0.10235	supercritical
492.69	643.00	193.92	0.0051568	982.30	1313.9	4.3272	2.4502	3.3604	851.43	-0.012102	2.7722e-05	0.10244	supercritical
493.69	643.00	193.56	0.0051664	985.04	1317.2	4.3340	2.4536	3.3625	851.30	-0.012109	2.7709e-05	0.10253	supercritical
494.69	643.00	193.20	0.0051761	987.79	1320.6	4.3408	2.4570	3.3646	851.18	-0.012117	2.7696e-05	0.10262	supercritical
495.69	643.00	192.84	0.0051857	990.53	1324.0	4.3476	2.4603	3.3667	851.06	-0.012125	2.7684e-05	0.10271	supercritical
496.69	643.00	192.48	0.0051954	993.28	1327.3	4.3544	2.4637	3.3688	850.94	-0.012133	2.7672e-05	0.10281	supercritical
497.69	643.00	192.12	0.0052050	996.03	1330.7	4.3612	2.4671	3.3709	850.83	-0.012142	2.7660e-05	0.10290	supercritical
498.69	643.00	191.77	0.0052146	998.78	1334.1	4.3679	2.4705	3.3730	850.72	-0.012151	2.7649e-05	0.10299	supercritical
499.69	643.00	191.41	0.0052243	1001.5	1337.5	4.3747	2.4740	3.3751	850.61	-0.012160	2.7637e-05	0.10309	supercritical
500.69	643.00	191.06	0.0052339	1004.3	1340.8	4.3814	2.4774	3.3772	850.51	-0.012170	2.7626e-05	0.10318	supercritical
501.69	643.00	190.71	0.0052435	1007.1	1344.2	4.3882	2.4808	3.3794	850.41	-0.012180	2.7615e-05	0.10328	supercritical
502.69	643.00	190.36	0.0052532	1009.8	1347.6	4.3949	2.4842	3.3815	850.32	-0.012191	2.7604e-05	0.10338	supercritical
503.69	643.00	190.01	0.0052628	1012.6	1351.0	4.4016	2.4876	3.3836	850.23	-0.012202	2.7593e-05	0.10348	supercritical
504.69	643.00	189.67	0.0052724	1015.3	1354.4	4.4084	2.4910	3.3858	850.14	-0.012213	2.7583e-05	0.10358	supercritical
505.69	643.00	189.32	0.0052820	1018.1	1357.7	4.4151	2.4944	3.3880	850.05	-0.012224	2.7573e-05	0.10368	supercritical
506.69	643.00	188.98	0.0052917	1020.9	1361.1	4.4218	2.4978	3.3901	849.97	-0.012236	2.7563e-05	0.10378	supercritical
507.69	643.00	188.63	0.0053013	1023.7	1364.5	4.4284	2.5013	3.3923	849.89	-0.012248	2.7553e-05	0.10388	supercritical
508.69	643.00	188.29	0.0053109	1026.4	1367.9	4.4351	2.5047	3.3945	849.82	-0.012261	2.7543e-05	0.10398	supercritical
509.69	643.00	187.95	0.0053205	1029.2	1371.3	4.4418	2.5081	3.3967	849.74	-0.012274	2.7534e-05	0.10408	supercritical
510.69	643.00	187.61	0.0053302	1032.0	1374.7	4.4484	2.5115	3.3988	849.68	-0.012287	2.7525e-05	0.10418	supercritical
511.69	643.00	187.27	0.0053398	1034.8	1378.1	4.4551	2.5149	3.4010	849.61	-0.012300	2.7516e-05	0.10429	supercritical
512.69	643.00	186.94	0.0053494	1037.6	1381.5	4.4617	2.5184	3.4032	849.55	-0.012314	2.7507e-05	0.10439	supercritical
513.69	643.00	186.60	0.0053590	1040.3	1384.9	4.4684	2.5218	3.4055	849.49	-0.012328	2.7498e-05	0.10450	supercritical
514.69	643.00	186.27	0.0053686	1043.1	1388.3	4.4750	2.5252	3.4077	849.43	-0.012343	2.7490e-05	0.10460	supercritical
515.69	643.00	185.93	0.0053782	1045.9	1391.7	4.4816	2.5287	3.4099	849.38	-0.012357	2.7482e-05	0.10471	supercritical
516.69	643.00	185.60	0.0053878	1048.7	1395.1	4.4882	2.5321	3.4121	849.33	-0.012372	2.7474e-05	0.10482	supercritical
517.69	643.00	185.27	0.0053975	1051.5	1398.6	4.4948	2.5355	3.4144	849.28	-0.012387	2.7466e-05	0.10493	supercritical
518.69	643.00	184.94	0.0054071	1054.3	1402.0	4.5014	2.5390	3.4166	849.24	-0.012403	2.7458e-05	0.10503	supercritical
519.69	643.00	184.62	0.0054167	1057.1	1405.4	4.5080	2.5424	3.4188	849.20	-0.012419	2.7451e-05	0.10514	supercritical
520.69	643.00	184.29	0.0054263	1059.9	1408.8	4.5146	2.5458	3.4211	849.16	-0.012435	2.7443e-05	0.10525	supercritical
521.69	643.00	183.96	0.0054359	1062.7	1412.2	4.5211	2.5493	3.4234	849.12	-0.012451	2.7436e-05	0.10536	supercritical
522.69	643.00	183.64	0.0054455	1065.5	1415.7	4.5277	2.5527	3.4256	849.09	-0.012468	2.7429e-05	0.10547	supercritical
523.69	643.00	183.32	0.0054551	1068.3	1419.1	4.5342	2.5561	3.4279	849.06	-0.012484	2.7422e-05	0.10559	supercritical
524.69	643.00	182.99	0.0054647	1071.1	1422.5	4.5408	2.5596	3.4302	849.03	-0.012501	2.7416e-05	0.10570	supercritical
525.69	643.00	182.67	0.0054743	1074.0	1425.9	4.5473	2.5630	3.4324	849.01	-0.012519	2.7409e-05	0.10581	supercritical
526.69	643.00	182.35	0.0054839	1076.8	1429.4	4.5538	2.5665	3.4347	848.99	-0.012536	2.7403e-05	0.10592	supercritical
527.69	643.00	182.03	0.0054935	1079.6	1432.8	4.5604	2.5699	3.4370	848.97	-0.012554	2.7397e-05	0.10604	supercritical
528.69	643.00	181.72	0.0055031	1082.4	1436.3	4.5669	2.5733	3.4393	848.95	-0.012572	2.7391e-05	0.10615	supercritical
529.69	643.00	181.40	0.0055126	1085.2	1439.7	4.5734	2.5768	3.4416	848.94	-0.012590	2.7385e-05	0.10627	supercritical
530.69	643.00	181.09	0.0055222	1088.1	1443.1	4.5799	2.5802	3.4439	848.93	-0.012609	2.7380e-05	0.10639	supercritical
531.69	643.00	180.77	0.0055318	1090.9	1446.6	4.5863	2.5837	3.4463	848.92	-0.012627	2.7374e-05	0.10650	supercritical
532.69	643.00	180.46	0.0055414	1093.7	1450.0	4.5928	2.5871	3.4486	848.91	-0.012646	2.7369e-05	0.10662	supercritical
533.69	643.00	180.15	0.0055510	1096.6	1453.5	4.5993	2.5906	3.4509	848.91	-0.012665	2.7364e-05	0.10674	supercritical
534.69	643.00	179.84	0.0055606	1099.4	1456.9	4.6058	2.5940	3.4532	848.91	-0.012685	2.7359e-05	0.10686	supercritical
535.69	643.00	179.53	0.0055702	1102.2	1460.4	4.6122	2.5975	3.4556	848.91	-0.012704	2.7354e-05	0.10697	supercritical
536.69	643.00	179.22	0.0055797	1105.1	1463.8	4.6187	2.6009	3.4579	848.92	-0.012724	2.7349e-05	0.10709	supercritical
537.69	643.00	178.91	0.0055893	1107.9	1467.3	4.6251	2.6044	3.4603	848.92	-0.012744	2.7345e-05	0.10721	supercritical
538.69	643.00	178.61	0.0055989	1110.8	1470.8	4.6315	2.6078	3.4626	848.93	-0.012764	2.7340e-05	0.10733	supercritical
539.69	643.00	178.30	0.0056085	1113.6	1474.2	4.6380	2.6113	3.4650	848.94	-0.012784	2.7336e-05	0.10746	supercritical
540.69	643.00	178.00	0.0056180	1116.5	1477.7	4.6444	2.6147	3.4673	848.96	-0.012805	2.7332e-05	0.10758	supercritical
541.69	643.00	177.70	0.0056276	1119.3	1481.2	4.6508	2.6182	3.4697	848.98	-0.012825	2.7328e-05	0.10770	supercritical
542.69	643.00	177.39	0.0056372	1122.2	1484.6	4.6572	2.6216	3.4721	849.00	-0.012846	2.7325e-05	0.10782	supercritical
543.69	643.00	177.09	0.0056467	1125.0	1488.1	4.6636	2.6251	3.4745	849.02	-0.012867	2.7321e-05	0.10795	supercritical
544.69	643.00	176.79	0.0056563	1127.9	1491.6	4.6700	2.6285	3.4768	849.04	-0.012888	2.7317e-05	0.10807	supercritical
545.69	643.00	176.50	0.0056658	1130.7	1495.1	4.6763	2.6320	3.4792	849.07	-0.012910	2.7314e-05	0.10820	supercritical
546.69	643.00	176.20	0.0056754	1133.6	1498.5	4.6827	2.6354	3.4816	849.10	-0.012931	2.7311e-05	0.10832	supercritical
547.69	643.00	175.90	0.0056850	1136.5	1502.0	4.6891	2.6389	3.4840	849.13	-0.012953	2.7308e-05	0.10845	supercritical
548.69	643.00	175.61	0.0056945	1139.4	1505.5	4.6954	2.6424	3.4864	849.16	-0.012974	2.7305e-05	0.10857	supercritical
549.69	643.00	175.31	0.0057041	1142.2	1509.0	4.7018	2.6458	3.4888	849.19	-0.012996	2.7302e-05	0.10870	supercritical
550.69	643.00	175.02	0.0057136	1145.1	1512.5	4.7081	2.6493	3.4912	849.23	-0.013019	2.7300e-05	0.10883	supercritical
551.69	643.00	174.73	0.0057232	1148.0	1516.0	4.7145	2.6527	3.4936	849.27	-0.013041	2.7297e-05	0.10895	supercritical
552.69	643.00	174.44	0.0057327	1150.9	1519.5	4.7208	2.6562	3.4961	849.31	-0.013063	2.7295e-05	0.10908	supercritical
553.69	643.00	174.15	0.0057423	1153.7	1523.0	4.7271	2.6596	3.4985	849.36	-0.013086	2.7293e-05	0.10921	supercritical
554.69	643.00	173.86	0.0057518	1156.6	1526.5	4.7334	2.6631	3.5009	849.40	-0.013109	2.7290e-05	0.10934	supercritical
555.69	643.00	173.57	0.0057613	1159.5	1530.0	4.7397	2.6665	3.5033	849.45	-0.013131	2.7289e-05	0.10947	supercritical
556.69	643.00	173.28	0.0057709	1162.4	1533.5	4.7460	2.6700	3.5058	849.50	-0.013154	2.7287e-05	0.10960	supercritical
557.69	643.00	173.00	0.0057804	1165.3	1537.0	4.7523	2.6735	3.5082	849.55	-0.013177	2.7285e-05	0.10973	supercritical
558.69	643.00	172.71	0.0057900	1168.2	1540.5	4.7586	2.6769	3.5107	849.61	-0.013201	2.7283e-05	0.10986	supercritical
559.69	643.00	172.43	0.0057995	1171.1	1544.0	4.7649	2.6804	3.5131	849.66	-0.013224	2.7282e-05	0.11000	supercritical
560.69	643.00	172.15	0.0058090	1174.0	1547.5	4.7712	2.6838	3.5156	849.72	-0.013247	2.7281e-05	0.11013	supercritical
561.69	643.00	171.86	0.0058185	1176.9	1551.0	4.7774	2.6873	3.5180	849.78	-0.013271	2.7280e-05	0.11026	supercritical
562.69	643.00	171.58	0.0058281	1179.8	1554.6	4.7837	2.6907	3.5205	849.85	-0.013295	2.7278e-05	0.11040	supercritical
563.69	643.00	171.30	0.0058376	1182.7	1558.1	4.7900	2.6942	3.5230	849.91	-0.013319	2.7278e-05	0.11053	supercritical
564.69	643.00	171.02	0.0058471	1185.6	1561.6	4.7962	2.6976	3.5254	849.98	-0.013342	2.7277e-05	0.11066	supercritical
565.69	643.00	170.75	0.0058566	1188.5	1565.1	4.8024	2.7011	3.5279	850.04	-0.013366	2.7276e-05	0.11080	supercritical
566.69	643.00	170.47	0.0058662	1191.5	1568.7	4.8087	2.7045	3.5304	850.11	-0.013391	2.7275e-05	0.11093	supercritical
567.69	643.00	170.19	0.0058757	1194.4	1572.2	4.8149	2.7080	3.5329	850.19	-0.013415	2.7275e-05	0.11107	supercritical
568.69	643.00	169.92	0.0058852	1197.3	1575.7	4.8211	2.7115	3.5354	850.26	-0.013439	2.7275e-05	0.11121	supercritical
569.69	643.00	169.64	0.0058947	1200.2	1579.3	4.8273	2.7149	3.5378	850.34	-0.013464	2.7274e-05	0.11134	supercritical
570.69	643.00	169.37	0.0059042	1203.2	1582.8	4.8335	2.7184	3.5403	850.41	-0.013488	2.7274e-05	0.11148	supercritical
571.69	643.00	169.10	0.0059137	1206.1	1586.3	4.8397	2.7218	3.5428	850.49	-0.013513	2.7274e-05	0.11162	supercritical
572.69	643.00	168.83	0.0059232	1209.0	1589.9	4.8459	2.7253	3.5453	850.57	-0.013537	2.7274e-05	0.11176	supercritical
573.69	643.00	168.56	0.0059327	1212.0	1593.4	4.8521	2.7287	3.5478	850.66	-0.013562	2.7275e-05	0.11190	supercritical
574.69	643.00	168.29	0.0059422	1214.9	1597.0	4.8583	2.7322	3.5504	850.74	-0.013587	2.7275e-05	0.11204	supercritical
575.69	643.00	168.02	0.0059517	1217.8	1600.5	4.8645	2.7356	3.5529	850.83	-0.013612	2.7276e-05	0.11218	supercritical
576.69	643.00	167.75	0.0059612	1220.8	1604.1	4.8706	2.7391	3.5554	850.92	-0.013637	2.7276e-05	0.11232	supercritical
577.69	643.00	167.48	0.0059707	1223.7	1607.6	4.8768	2.7425	3.5579	851.01	-0.013662	2.7277e-05	0.11246	supercritical
578.69	643.00	167.22	0.0059802	1226.7	1611.2	4.8830	2.7460	3.5604	851.10	-0.013688	2.7278e-05	0.11260	supercritical
579.69	643.00	166.95	0.0059897	1229.6	1614.8	4.8891	2.7494	3.5630	851.19	-0.013713	2.7278e-05	0.11274	supercritical
580.69	643.00	166.69	0.0059992	1232.6	1618.3	4.8953	2.7529	3.5655	851.29	-0.013738	2.7279e-05	0.11288	supercritical
581.69	643.00	166.43	0.0060087	1235.5	1621.9	4.9014	2.7563	3.5680	851.38	-0.013764	2.7281e-05	0.11302	supercritical
582.69	643.00	166.16	0.0060182	1238.5	1625.5	4.9075	2.7598	3.5706	851.48	-0.013789	2.7282e-05	0.11317	supercritical
583.69	643.00	165.90	0.0060276	1241.5	1629.0	4.9136	2.7632	3.5731	851.58	-0.013815	2.7283e-05	0.11331	supercritical
584.69	643.00	165.64	0.0060371	1244.4	1632.6	4.9198	2.7667	3.5756	851.68	-0.013840	2.7285e-05	0.11345	supercritical
585.69	643.00	165.38	0.0060466	1247.4	1636.2	4.9259	2.7701	3.5782	851.79	-0.013866	2.7286e-05	0.11360	supercritical
586.69	643.00	165.12	0.0060561	1250.4	1639.8	4.9320	2.7736	3.5807	851.89	-0.013892	2.7288e-05	0.11374	supercritical
587.69	643.00	164.87	0.0060656	1253.3	1643.3	4.9381	2.7770	3.5833	852.00	-0.013917	2.7289e-05	0.11389	supercritical
588.69	643.00	164.61	0.0060750	1256.3	1646.9	4.9442	2.7804	3.5858	852.10	-0.013943	2.7291e-05	0.11403	supercritical
589.69	643.00	164.35	0.0060845	1259.3	1650.5	4.9503	2.7839	3.5884	852.21	-0.013969	2.7293e-05	0.11418	supercritical
590.69	643.00	164.10	0.0060940	1262.3	1654.1	4.9564	2.7873	3.5910	852.32	-0.013995	2.7295e-05	0.11432	supercritical
591.69	643.00	163.84	0.0061034	1265.3	1657.7	4.9624	2.7908	3.5935	852.44	-0.014021	2.7297e-05	0.11447	supercritical
592.69	643.00	163.59	0.0061129	1268.2	1661.3	4.9685	2.7942	3.5961	852.55	-0.014047	2.7300e-05	0.11462	supercritical
593.69	643.00	163.34	0.0061223	1271.2	1664.9	4.9746	2.7977	3.5987	852.67	-0.014073	2.7302e-05	0.11477	supercritical
594.69	643.00	163.08	0.0061318	1274.2	1668.5	4.9806	2.8011	3.6013	852.78	-0.014100	2.7304e-05	0.11491	supercritical
595.69	643.00	162.83	0.0061413	1277.2	1672.1	4.9867	2.8045	3.6038	852.90	-0.014126	2.7307e-05	0.11506	supercritical
596.69	643.00	162.58	0.0061507	1280.2	1675.7	4.9927	2.8080	3.6064	853.02	-0.014152	2.7309e-05	0.11521	supercritical
597.69	643.00	162.33	0.0061602	1283.2	1679.3	4.9988	2.8114	3.6090	853.14	-0.014178	2.7312e-05	0.11536	supercritical
598.69	643.00	162.08	0.0061696	1286.2	1682.9	5.0048	2.8148	3.6116	853.26	-0.014205	2.7315e-05	0.11551	supercritical
599.69	643.00	161.84	0.0061791	1289.2	1686.5	5.0108	2.8183	3.6142	853.39	-0.014231	2.7318e-05	0.11566	supercritical
600.69	643.00	161.59	0.0061885	1292.2	1690.1	5.0168	2.8217	3.6168	853.51	-0.014257	2.7321e-05	0.11581	supercritical
601.69	643.00	161.34	0.0061980	1295.2	1693.8	5.0229	2.8251	3.6194	853.64	-0.014284	2.7324e-05	0.11596	supercritical
602.69	643.00	161.10	0.0062074	1298.3	1697.4	5.0289	2.8286	3.6220	853.77	-0.014310	2.7327e-05	0.11611	supercritical
603.69	643.00	160.85	0.0062168	1301.3	1701.0	5.0349	2.8320	3.6246	853.90	-0.014337	2.7330e-05	0.11626	supercritical
604.69	643.00	160.61	0.0062263	1304.3	1704.6	5.0409	2.8354	3.6272	854.03	-0.014363	2.7334e-05	0.11642	supercritical
605.69	643.00	160.37	0.0062357	1307.3	1708.3	5.0469	2.8389	3.6298	854.16	-0.014390	2.7337e-05	0.11657	supercritical
606.69	643.00	160.12	0.0062451	1310.3	1711.9	5.0529	2.8423	3.6324	854.30	-0.014416	2.7340e-05	0.11672	supercritical
607.69	643.00	159.88	0.0062546	1313.4	1715.5	5.0589	2.8457	3.6350	854.43	-0.014443	2.7344e-05	0.11687	supercritical
608.69	643.00	159.64	0.0062640	1316.4	1719.2	5.0648	2.8492	3.6376	854.57	-0.014469	2.7348e-05	0.11703	supercritical
609.69	643.00	159.40	0.0062734	1319.4	1722.8	5.0708	2.8526	3.6402	854.70	-0.014496	2.7351e-05	0.11718	supercritical
610.69	643.00	159.16	0.0062828	1322.5	1726.4	5.0768	2.8560	3.6428	854.84	-0.014523	2.7355e-05	0.11734	supercritical
611.69	643.00	158.93	0.0062923	1325.5	1730.1	5.0827	2.8594	3.6454	854.98	-0.014549	2.7359e-05	0.11749	supercritical
612.69	643.00	158.69	0.0063017	1328.5	1733.7	5.0887	2.8629	3.6481	855.12	-0.014576	2.7363e-05	0.11764	supercritical
613.69	643.00	158.45	0.0063111	1331.6	1737.4	5.0946	2.8663	3.6507	855.27	-0.014603	2.7367e-05	0.11780	supercritical
614.69	643.00	158.22	0.0063205	1334.6	1741.0	5.1006	2.8697	3.6533	855.41	-0.014629	2.7371e-05	0.11796	supercritical
615.69	643.00	157.98	0.0063299	1337.7	1744.7	5.1065	2.8731	3.6559	855.55	-0.014656	2.7376e-05	0.11811	supercritical
616.69	643.00	157.75	0.0063393	1340.7	1748.4	5.1125	2.8765	3.6586	855.70	-0.014683	2.7380e-05	0.11827	supercritical
617.69	643.00	157.51	0.0063487	1343.8	1752.0	5.1184	2.8800	3.6612	855.85	-0.014710	2.7384e-05	0.11843	supercritical
618.69	643.00	157.28	0.0063581	1346.8	1755.7	5.1243	2.8834	3.6638	856.00	-0.014736	2.7389e-05	0.11858	supercritical
619.69	643.00	157.05	0.0063675	1349.9	1759.3	5.1302	2.8868	3.6665	856.15	-0.014763	2.7393e-05	0.11874	supercritical
620.69	643.00	156.81	0.0063769	1353.0	1763.0	5.1362	2.8902	3.6691	856.30	-0.014790	2.7398e-05	0.11890	supercritical
621.69	643.00	156.58	0.0063863	1356.0	1766.7	5.1421	2.8936	3.6718	856.45	-0.014817	2.7403e-05	0.11906	supercritical
622.69	643.00	156.35	0.0063957	1359.1	1770.3	5.1480	2.8970	3.6744	856.60	-0.014843	2.7408e-05	0.11921	supercritical
623.69	643.00	156.12	0.0064051	1362.2	1774.0	5.1539	2.9004	3.6770	856.76	-0.014870	2.7412e-05	0.11937	supercritical
624.69	643.00	155.90	0.0064145	1365.2	1777.7	5.1598	2.9038	3.6797	856.91	-0.014897	2.7417e-05	0.11953	supercritical