Temperature (K)	Pressure (bar)	Density (kg/m3)	Volume (m3/kg)	Internal Energy (kJ/kg)	Enthalpy (kJ/kg)	Entropy (J/g*K)	Cv (J/g*K)	Cp (J/g*K)	Sound Spd. (m/s)	Joule-Thomson (K/bar)	Viscosity (Pa*s)	Therm. Cond. (W/m*K)	Phase
90.694	794.00	489.50	0.0020429	-101.08	61.126	-1.0985	2.3098	3.1965	1932.6	-0.052879	0.00049251	0.26985	liquid
109.69	794.00	472.12	0.0021181	-46.628	121.55	-0.49354	2.2243	3.1688	1834.7	-0.052846	0.00023871	0.25370	liquid
110.69	794.00	471.22	0.0021222	-43.781	124.72	-0.46479	2.2204	3.1678	1829.4	-0.052828	0.00023212	0.25274	liquid
111.69	794.00	470.32	0.0021262	-40.936	127.89	-0.43631	2.2166	3.1668	1824.2	-0.052809	0.00022590	0.25178	liquid
112.69	794.00	469.42	0.0021303	-38.093	131.05	-0.40808	2.2127	3.1658	1819.0	-0.052790	0.00022000	0.25081	liquid
113.69	794.00	468.52	0.0021344	-35.251	134.22	-0.38012	2.2089	3.1648	1813.8	-0.052769	0.00021442	0.24983	liquid
114.69	794.00	467.62	0.0021385	-32.412	137.38	-0.35241	2.2051	3.1638	1808.6	-0.052749	0.00020912	0.24885	liquid
115.69	794.00	466.73	0.0021426	-29.574	140.55	-0.32495	2.2013	3.1627	1803.4	-0.052727	0.00020409	0.24787	liquid
116.69	794.00	465.84	0.0021467	-26.738	143.71	-0.29774	2.1975	3.1617	1798.2	-0.052705	0.00019931	0.24688	liquid
117.69	794.00	464.94	0.0021508	-23.904	146.87	-0.27076	2.1938	3.1607	1793.0	-0.052682	0.00019476	0.24589	liquid
118.69	794.00	464.05	0.0021549	-21.072	150.03	-0.24402	2.1901	3.1596	1787.9	-0.052658	0.00019043	0.24489	liquid
119.69	794.00	463.16	0.0021591	-18.242	153.19	-0.21752	2.1863	3.1586	1782.7	-0.052634	0.00018630	0.24389	liquid
120.69	794.00	462.27	0.0021632	-15.414	156.35	-0.19125	2.1827	3.1575	1777.6	-0.052610	0.00018236	0.24289	liquid
121.69	794.00	461.38	0.0021674	-12.588	159.50	-0.16520	2.1790	3.1564	1772.4	-0.052584	0.00017860	0.24189	liquid
122.69	794.00	460.50	0.0021716	-9.7635	162.66	-0.13937	2.1753	3.1554	1767.3	-0.052558	0.00017501	0.24089	liquid
123.69	794.00	459.61	0.0021758	-6.9412	165.81	-0.11376	2.1717	3.1543	1762.2	-0.052532	0.00017157	0.23988	liquid
124.69	794.00	458.72	0.0021800	-4.1209	168.97	-0.088367	2.1681	3.1532	1757.1	-0.052505	0.00016828	0.23888	liquid
125.69	794.00	457.84	0.0021842	-1.3027	172.12	-0.063185	2.1645	3.1521	1752.0	-0.052477	0.00016513	0.23787	liquid
126.69	794.00	456.96	0.0021884	1.5135	175.27	-0.038212	2.1609	3.1509	1746.9	-0.052449	0.00016210	0.23686	liquid
127.69	794.00	456.07	0.0021926	4.3277	178.42	-0.013443	2.1573	3.1498	1741.8	-0.052420	0.00015920	0.23585	liquid
128.69	794.00	455.19	0.0021969	7.1397	181.57	0.011123	2.1538	3.1487	1736.8	-0.052390	0.00015641	0.23485	liquid
129.69	794.00	454.31	0.0022011	9.9497	184.72	0.035491	2.1502	3.1475	1731.7	-0.052360	0.00015373	0.23384	liquid
130.69	794.00	453.43	0.0022054	12.758	187.87	0.059662	2.1467	3.1464	1726.7	-0.052329	0.00015116	0.23283	liquid
131.69	794.00	452.55	0.0022097	15.563	191.01	0.083641	2.1432	3.1452	1721.7	-0.052298	0.00014868	0.23182	liquid
132.69	794.00	451.68	0.0022140	18.367	194.16	0.10743	2.1398	3.1441	1716.7	-0.052266	0.00014629	0.23082	liquid
133.69	794.00	450.80	0.0022183	21.169	197.30	0.13103	2.1363	3.1429	1711.7	-0.052233	0.00014398	0.22981	liquid
134.69	794.00	449.92	0.0022226	23.968	200.44	0.15445	2.1329	3.1418	1706.8	-0.052200	0.00014176	0.22881	liquid
135.69	794.00	449.05	0.0022269	26.765	203.58	0.17768	2.1295	3.1406	1701.8	-0.052166	0.00013962	0.22781	liquid
136.69	794.00	448.17	0.0022313	29.560	206.72	0.20074	2.1261	3.1394	1696.9	-0.052131	0.00013754	0.22680	liquid
137.69	794.00	447.30	0.0022356	32.353	209.86	0.22362	2.1227	3.1382	1692.0	-0.052095	0.00013554	0.22581	liquid
138.69	794.00	446.43	0.0022400	35.144	213.00	0.24632	2.1194	3.1370	1687.1	-0.052059	0.00013360	0.22481	liquid
139.69	794.00	445.56	0.0022444	37.932	216.14	0.26885	2.1161	3.1359	1682.2	-0.052022	0.00013173	0.22381	liquid
140.69	794.00	444.68	0.0022488	40.719	219.27	0.29122	2.1128	3.1347	1677.3	-0.051985	0.00012991	0.22282	liquid
141.69	794.00	443.81	0.0022532	43.503	222.41	0.31341	2.1095	3.1335	1672.4	-0.051947	0.00012815	0.22183	liquid
142.69	794.00	442.95	0.0022576	46.285	225.54	0.33545	2.1062	3.1323	1667.6	-0.051908	0.00012645	0.22084	liquid
143.69	794.00	442.08	0.0022620	49.064	228.67	0.35732	2.1030	3.1311	1662.8	-0.051868	0.00012479	0.21986	liquid
144.69	794.00	441.21	0.0022665	51.842	231.80	0.37903	2.0998	3.1299	1658.0	-0.051827	0.00012319	0.21888	liquid
145.69	794.00	440.34	0.0022710	54.617	234.93	0.40058	2.0966	3.1287	1653.2	-0.051786	0.00012163	0.21790	liquid
146.69	794.00	439.48	0.0022754	57.390	238.06	0.42198	2.0935	3.1275	1648.4	-0.051744	0.00012011	0.21692	liquid
147.69	794.00	438.61	0.0022799	60.161	241.19	0.44322	2.0903	3.1263	1643.7	-0.051701	0.00011864	0.21595	liquid
148.69	794.00	437.75	0.0022844	62.929	244.31	0.46431	2.0872	3.1251	1638.9	-0.051658	0.00011720	0.21498	liquid
149.69	794.00	436.89	0.0022889	65.695	247.44	0.48526	2.0841	3.1240	1634.2	-0.051614	0.00011581	0.21401	liquid
150.69	794.00	436.02	0.0022935	68.459	250.56	0.50605	2.0811	3.1228	1629.5	-0.051568	0.00011445	0.21305	liquid
151.69	794.00	435.16	0.0022980	71.221	253.68	0.52670	2.0781	3.1216	1624.8	-0.051522	0.00011313	0.21209	liquid
152.69	794.00	434.30	0.0023025	73.981	256.80	0.54721	2.0751	3.1204	1620.2	-0.051476	0.00011184	0.21113	liquid
153.69	794.00	433.44	0.0023071	76.738	259.92	0.56757	2.0721	3.1192	1615.5	-0.051428	0.00011058	0.21018	liquid
154.69	794.00	432.58	0.0023117	79.493	263.04	0.58780	2.0691	3.1181	1610.9	-0.051380	0.00010936	0.20923	liquid
155.69	794.00	431.73	0.0023163	82.246	266.16	0.60789	2.0662	3.1169	1606.3	-0.051331	0.00010816	0.20829	liquid
156.69	794.00	430.87	0.0023209	84.996	269.27	0.62784	2.0633	3.1157	1601.7	-0.051281	0.00010700	0.20735	liquid
157.69	794.00	430.01	0.0023255	87.744	272.39	0.64766	2.0604	3.1146	1597.1	-0.051230	0.00010586	0.20641	liquid
158.69	794.00	429.16	0.0023302	90.490	275.50	0.66734	2.0576	3.1134	1592.5	-0.051178	0.00010475	0.20548	liquid
159.69	794.00	428.30	0.0023348	93.234	278.62	0.68690	2.0548	3.1123	1588.0	-0.051126	0.00010366	0.20456	liquid
160.69	794.00	427.45	0.0023395	95.975	281.73	0.70632	2.0520	3.1112	1583.5	-0.051072	0.00010260	0.20363	liquid
161.69	794.00	426.60	0.0023441	98.714	284.84	0.72562	2.0492	3.1100	1579.0	-0.051018	0.00010156	0.20271	liquid
162.69	794.00	425.74	0.0023488	101.45	287.95	0.74479	2.0465	3.1089	1574.5	-0.050963	0.00010054	0.20180	liquid
163.69	794.00	424.89	0.0023535	104.19	291.06	0.76384	2.0438	3.1078	1570.0	-0.050907	9.9549e-05	0.20089	liquid
164.69	794.00	424.04	0.0023583	106.92	294.16	0.78276	2.0411	3.1067	1565.6	-0.050850	9.8576e-05	0.19998	liquid
165.69	794.00	423.19	0.0023630	109.65	297.27	0.80156	2.0384	3.1055	1561.1	-0.050792	9.7624e-05	0.19908	liquid
166.69	794.00	422.34	0.0023677	112.38	300.38	0.82025	2.0358	3.1044	1556.7	-0.050734	9.6691e-05	0.19819	liquid
167.69	794.00	421.50	0.0023725	115.10	303.48	0.83881	2.0332	3.1034	1552.3	-0.050674	9.5777e-05	0.19730	liquid
168.69	794.00	420.65	0.0023773	117.83	306.58	0.85726	2.0306	3.1023	1547.9	-0.050614	9.4882e-05	0.19641	liquid
169.69	794.00	419.80	0.0023821	120.55	309.68	0.87559	2.0281	3.1012	1543.6	-0.050553	9.4005e-05	0.19553	liquid
170.69	794.00	418.96	0.0023869	123.27	312.78	0.89381	2.0256	3.1001	1539.2	-0.050491	9.3144e-05	0.19465	liquid
171.69	794.00	418.11	0.0023917	125.98	315.88	0.91191	2.0231	3.0991	1534.9	-0.050428	9.2301e-05	0.19378	liquid
172.69	794.00	417.27	0.0023965	128.70	318.98	0.92991	2.0206	3.0980	1530.6	-0.050364	9.1473e-05	0.19291	liquid
173.69	794.00	416.43	0.0024014	131.41	322.08	0.94779	2.0182	3.0970	1526.3	-0.050299	9.0661e-05	0.19205	liquid
174.69	794.00	415.58	0.0024062	134.12	325.18	0.96557	2.0158	3.0959	1522.1	-0.050234	8.9864e-05	0.19119	liquid
175.69	794.00	414.74	0.0024111	136.83	328.27	0.98324	2.0134	3.0949	1517.8	-0.050167	8.9082e-05	0.19033	liquid
176.69	794.00	413.90	0.0024160	139.53	331.37	1.0008	2.0111	3.0939	1513.6	-0.050100	8.8315e-05	0.18949	liquid
177.69	794.00	413.06	0.0024209	142.24	334.46	1.0183	2.0088	3.0929	1509.4	-0.050032	8.7561e-05	0.18864	liquid
178.69	794.00	412.23	0.0024259	144.94	337.55	1.0356	2.0065	3.0919	1505.2	-0.049962	8.6820e-05	0.18780	liquid
179.69	794.00	411.39	0.0024308	147.64	340.64	1.0529	2.0043	3.0909	1501.0	-0.049892	8.6093e-05	0.18697	liquid
180.69	794.00	410.55	0.0024357	150.34	343.73	1.0700	2.0020	3.0899	1496.9	-0.049821	8.5378e-05	0.18614	liquid
181.69	794.00	409.72	0.0024407	153.03	346.82	1.0871	1.9999	3.0890	1492.7	-0.049750	8.4676e-05	0.18532	liquid
182.69	794.00	408.88	0.0024457	155.72	349.91	1.1040	1.9977	3.0880	1488.6	-0.049677	8.3986e-05	0.18450	liquid
183.69	794.00	408.05	0.0024507	158.41	353.00	1.1209	1.9956	3.0871	1484.5	-0.049603	8.3307e-05	0.18369	liquid
184.69	794.00	407.22	0.0024557	161.10	356.09	1.1376	1.9935	3.0861	1480.4	-0.049529	8.2639e-05	0.18288	liquid
185.69	794.00	406.38	0.0024607	163.79	359.17	1.1543	1.9914	3.0852	1476.4	-0.049454	8.1983e-05	0.18208	liquid
186.69	794.00	405.55	0.0024658	166.47	362.26	1.1709	1.9893	3.0843	1472.3	-0.049377	8.1338e-05	0.18128	liquid
187.69	794.00	404.72	0.0024708	169.16	365.34	1.1873	1.9873	3.0834	1468.3	-0.049300	8.0703e-05	0.18049	liquid
188.69	794.00	403.89	0.0024759	171.84	368.42	1.2037	1.9853	3.0825	1464.3	-0.049222	8.0078e-05	0.17970	liquid
189.69	794.00	403.06	0.0024810	174.51	371.51	1.2200	1.9834	3.0816	1460.3	-0.049143	7.9463e-05	0.17892	liquid
190.69	794.00	402.24	0.0024861	177.19	374.59	1.2362	1.9815	3.0808	1456.4	-0.049064	7.8858e-05	0.17815	supercritical
191.69	794.00	401.41	0.0024912	179.86	377.67	1.2523	1.9796	3.0799	1452.4	-0.048983	7.8262e-05	0.17737	supercritical
192.69	794.00	400.59	0.0024963	182.54	380.75	1.2683	1.9777	3.0791	1448.5	-0.048902	7.7676e-05	0.17661	supercritical
193.69	794.00	399.76	0.0025015	185.21	383.83	1.2843	1.9759	3.0782	1444.6	-0.048819	7.7098e-05	0.17584	supercritical
194.69	794.00	398.94	0.0025067	187.87	386.90	1.3001	1.9741	3.0774	1440.7	-0.048736	7.6530e-05	0.17509	supercritical
195.69	794.00	398.11	0.0025118	190.54	389.98	1.3159	1.9723	3.0766	1436.8	-0.048652	7.5970e-05	0.17434	supercritical
196.69	794.00	397.29	0.0025170	193.20	393.06	1.3316	1.9706	3.0758	1433.0	-0.048567	7.5418e-05	0.17359	supercritical
197.69	794.00	396.47	0.0025222	195.87	396.13	1.3472	1.9689	3.0750	1429.1	-0.048482	7.4875e-05	0.17285	supercritical
198.69	794.00	395.65	0.0025275	198.53	399.21	1.3627	1.9672	3.0743	1425.3	-0.048395	7.4340e-05	0.17211	supercritical
199.69	794.00	394.83	0.0025327	201.18	402.28	1.3781	1.9656	3.0735	1421.5	-0.048308	7.3812e-05	0.17138	supercritical
200.69	794.00	394.02	0.0025380	203.84	405.35	1.3935	1.9639	3.0728	1417.7	-0.048219	7.3293e-05	0.17066	supercritical
201.69	794.00	393.20	0.0025432	206.49	408.43	1.4087	1.9624	3.0720	1414.0	-0.048130	7.2780e-05	0.16994	supercritical
202.69	794.00	392.38	0.0025485	209.14	411.50	1.4239	1.9608	3.0713	1410.2	-0.048041	7.2275e-05	0.16922	supercritical
203.69	794.00	391.57	0.0025538	211.79	414.57	1.4390	1.9593	3.0706	1406.5	-0.047950	7.1778e-05	0.16851	supercritical
204.69	794.00	390.76	0.0025591	214.44	417.64	1.4541	1.9578	3.0699	1402.8	-0.047858	7.1287e-05	0.16781	supercritical
205.69	794.00	389.94	0.0025645	217.09	420.71	1.4690	1.9563	3.0692	1399.1	-0.047766	7.0803e-05	0.16711	supercritical
206.69	794.00	389.13	0.0025698	219.73	423.78	1.4839	1.9549	3.0685	1395.4	-0.047673	7.0326e-05	0.16641	supercritical
207.69	794.00	388.32	0.0025752	222.38	426.85	1.4987	1.9535	3.0679	1391.8	-0.047579	6.9856e-05	0.16572	supercritical
208.69	794.00	387.51	0.0025806	225.02	429.91	1.5135	1.9521	3.0672	1388.2	-0.047484	6.9392e-05	0.16504	supercritical
209.69	794.00	386.70	0.0025860	227.65	432.98	1.5281	1.9508	3.0666	1384.5	-0.047389	6.8935e-05	0.16436	supercritical
210.69	794.00	385.90	0.0025914	230.29	436.05	1.5427	1.9495	3.0660	1381.0	-0.047293	6.8484e-05	0.16369	supercritical
211.69	794.00	385.09	0.0025968	232.93	439.11	1.5572	1.9482	3.0654	1377.4	-0.047196	6.8038e-05	0.16302	supercritical
212.69	794.00	384.29	0.0026022	235.56	442.18	1.5717	1.9470	3.0648	1373.8	-0.047098	6.7599e-05	0.16235	supercritical
213.69	794.00	383.48	0.0026077	238.19	445.24	1.5860	1.9458	3.0642	1370.3	-0.047000	6.7166e-05	0.16170	supercritical
214.69	794.00	382.68	0.0026132	240.82	448.31	1.6003	1.9446	3.0637	1366.8	-0.046900	6.6738e-05	0.16104	supercritical
215.69	794.00	381.88	0.0026186	243.45	451.37	1.6146	1.9435	3.0631	1363.3	-0.046800	6.6316e-05	0.16039	supercritical
216.69	794.00	381.08	0.0026241	246.07	454.43	1.6287	1.9423	3.0626	1359.8	-0.046700	6.5900e-05	0.15975	supercritical
217.69	794.00	380.28	0.0026297	248.70	457.49	1.6428	1.9412	3.0620	1356.3	-0.046598	6.5489e-05	0.15911	supercritical
218.69	794.00	379.48	0.0026352	251.32	460.56	1.6569	1.9402	3.0615	1352.9	-0.046496	6.5084e-05	0.15848	supercritical
219.69	794.00	378.68	0.0026407	253.94	463.62	1.6708	1.9392	3.0610	1349.4	-0.046393	6.4683e-05	0.15785	supercritical
220.69	794.00	377.88	0.0026463	256.56	466.68	1.6847	1.9382	3.0606	1346.0	-0.046290	6.4288e-05	0.15723	supercritical
221.69	794.00	377.09	0.0026519	259.18	469.74	1.6986	1.9372	3.0601	1342.6	-0.046186	6.3898e-05	0.15661	supercritical
222.69	794.00	376.30	0.0026575	261.79	472.80	1.7124	1.9363	3.0596	1339.2	-0.046081	6.3513e-05	0.15600	supercritical
223.69	794.00	375.50	0.0026631	264.41	475.86	1.7261	1.9354	3.0592	1335.9	-0.045975	6.3133e-05	0.15539	supercritical
224.69	794.00	374.71	0.0026687	267.02	478.92	1.7397	1.9345	3.0588	1332.6	-0.045869	6.2757e-05	0.15479	supercritical
225.69	794.00	373.92	0.0026744	269.63	481.97	1.7533	1.9337	3.0583	1329.2	-0.045762	6.2386e-05	0.15419	supercritical
226.69	794.00	373.13	0.0026800	272.24	485.03	1.7668	1.9329	3.0579	1325.9	-0.045655	6.2020e-05	0.15360	supercritical
227.69	794.00	372.34	0.0026857	274.85	488.09	1.7803	1.9321	3.0576	1322.6	-0.045547	6.1659e-05	0.15301	supercritical
228.69	794.00	371.56	0.0026914	277.45	491.15	1.7937	1.9314	3.0572	1319.4	-0.045438	6.1302e-05	0.15242	supercritical
229.69	794.00	370.77	0.0026971	280.06	494.20	1.8070	1.9307	3.0568	1316.1	-0.045329	6.0949e-05	0.15185	supercritical
230.69	794.00	369.99	0.0027028	282.66	497.26	1.8203	1.9300	3.0565	1312.9	-0.045219	6.0600e-05	0.15127	supercritical
231.69	794.00	369.20	0.0027085	285.26	500.32	1.8335	1.9293	3.0561	1309.7	-0.045108	6.0256e-05	0.15070	supercritical
232.69	794.00	368.42	0.0027143	287.86	503.37	1.8467	1.9287	3.0558	1306.5	-0.044997	5.9916e-05	0.15014	supercritical
233.69	794.00	367.64	0.0027200	290.46	506.43	1.8598	1.9281	3.0555	1303.3	-0.044886	5.9581e-05	0.14958	supercritical
234.69	794.00	366.86	0.0027258	293.06	509.48	1.8728	1.9276	3.0552	1300.2	-0.044774	5.9249e-05	0.14903	supercritical
235.69	794.00	366.09	0.0027316	295.65	512.54	1.8858	1.9270	3.0550	1297.0	-0.044661	5.8921e-05	0.14848	supercritical
236.69	794.00	365.31	0.0027374	298.24	515.59	1.8987	1.9265	3.0547	1293.9	-0.044548	5.8597e-05	0.14793	supercritical
237.69	794.00	364.53	0.0027432	300.84	518.65	1.9116	1.9261	3.0544	1290.8	-0.044434	5.8277e-05	0.14739	supercritical
238.69	794.00	363.76	0.0027491	303.43	521.70	1.9244	1.9256	3.0542	1287.7	-0.044320	5.7961e-05	0.14686	supercritical
239.69	794.00	362.99	0.0027549	306.02	524.76	1.9372	1.9252	3.0540	1284.6	-0.044205	5.7649e-05	0.14633	supercritical
240.69	794.00	362.21	0.0027608	308.60	527.81	1.9499	1.9249	3.0538	1281.6	-0.044090	5.7340e-05	0.14580	supercritical
241.69	794.00	361.44	0.0027667	311.19	530.87	1.9626	1.9245	3.0536	1278.5	-0.043974	5.7035e-05	0.14528	supercritical
242.69	794.00	360.67	0.0027726	313.78	533.92	1.9752	1.9242	3.0534	1275.5	-0.043858	5.6733e-05	0.14476	supercritical
243.69	794.00	359.91	0.0027785	316.36	536.97	1.9877	1.9239	3.0532	1272.5	-0.043741	5.6435e-05	0.14425	supercritical
244.69	794.00	359.14	0.0027844	318.94	540.03	2.0002	1.9237	3.0531	1269.5	-0.043624	5.6141e-05	0.14374	supercritical
245.69	794.00	358.38	0.0027904	321.52	543.08	2.0127	1.9235	3.0529	1266.6	-0.043507	5.5849e-05	0.14324	supercritical
246.69	794.00	357.61	0.0027963	324.10	546.13	2.0251	1.9233	3.0528	1263.6	-0.043389	5.5562e-05	0.14274	supercritical
247.69	794.00	356.85	0.0028023	326.68	549.18	2.0374	1.9231	3.0527	1260.7	-0.043271	5.5277e-05	0.14225	supercritical
248.69	794.00	356.09	0.0028083	329.26	552.24	2.0497	1.9230	3.0526	1257.8	-0.043152	5.4996e-05	0.14176	supercritical
249.69	794.00	355.33	0.0028143	331.83	555.29	2.0620	1.9229	3.0525	1254.9	-0.043033	5.4718e-05	0.14128	supercritical
250.69	794.00	354.57	0.0028203	334.41	558.34	2.0742	1.9228	3.0525	1252.0	-0.042914	5.4443e-05	0.14080	supercritical
251.69	794.00	353.81	0.0028263	336.98	561.39	2.0863	1.9228	3.0524	1249.2	-0.042794	5.4171e-05	0.14032	supercritical
252.69	794.00	353.06	0.0028324	339.55	564.45	2.0984	1.9228	3.0524	1246.3	-0.042674	5.3903e-05	0.13985	supercritical
253.69	794.00	352.31	0.0028384	342.13	567.50	2.1105	1.9228	3.0523	1243.5	-0.042554	5.3637e-05	0.13939	supercritical
254.69	794.00	351.55	0.0028445	344.70	570.55	2.1225	1.9228	3.0523	1240.7	-0.042433	5.3375e-05	0.13892	supercritical
255.69	794.00	350.80	0.0028506	347.26	573.60	2.1345	1.9229	3.0523	1237.9	-0.042312	5.3115e-05	0.13847	supercritical
256.69	794.00	350.05	0.0028567	349.83	576.66	2.1464	1.9230	3.0523	1235.1	-0.042191	5.2858e-05	0.13801	supercritical
257.69	794.00	349.30	0.0028628	352.40	579.71	2.1583	1.9232	3.0524	1232.4	-0.042069	5.2604e-05	0.13757	supercritical
258.69	794.00	348.56	0.0028690	354.96	582.76	2.1701	1.9233	3.0524	1229.6	-0.041947	5.2353e-05	0.13712	supercritical
259.69	794.00	347.81	0.0028751	357.53	585.81	2.1819	1.9235	3.0525	1226.9	-0.041825	5.2105e-05	0.13668	supercritical
260.69	794.00	347.07	0.0028813	360.09	588.87	2.1936	1.9237	3.0525	1224.2	-0.041703	5.1859e-05	0.13624	supercritical
261.69	794.00	346.33	0.0028875	362.65	591.92	2.2053	1.9240	3.0526	1221.5	-0.041581	5.1617e-05	0.13581	supercritical
262.69	794.00	345.58	0.0028936	365.21	594.97	2.2169	1.9243	3.0527	1218.8	-0.041458	5.1376e-05	0.13539	supercritical
263.69	794.00	344.85	0.0028999	367.78	598.02	2.2285	1.9246	3.0528	1216.2	-0.041335	5.1139e-05	0.13496	supercritical
264.69	794.00	344.11	0.0029061	370.33	601.08	2.2401	1.9249	3.0529	1213.5	-0.041212	5.0904e-05	0.13454	supercritical
265.69	794.00	343.37	0.0029123	372.89	604.13	2.2516	1.9253	3.0531	1210.9	-0.041089	5.0672e-05	0.13413	supercritical
266.69	794.00	342.64	0.0029186	375.45	607.18	2.2631	1.9257	3.0532	1208.3	-0.040965	5.0442e-05	0.13372	supercritical
267.69	794.00	341.90	0.0029248	378.01	610.24	2.2745	1.9261	3.0534	1205.7	-0.040842	5.0215e-05	0.13331	supercritical
268.69	794.00	341.17	0.0029311	380.56	613.29	2.2859	1.9266	3.0536	1203.2	-0.040718	4.9990e-05	0.13291	supercritical
269.69	794.00	340.44	0.0029374	383.12	616.34	2.2972	1.9270	3.0537	1200.6	-0.040594	4.9767e-05	0.13251	supercritical
270.69	794.00	339.71	0.0029437	385.67	619.40	2.3085	1.9276	3.0539	1198.1	-0.040470	4.9547e-05	0.13212	supercritical
271.69	794.00	338.98	0.0029500	388.22	622.45	2.3198	1.9281	3.0542	1195.5	-0.040346	4.9330e-05	0.13173	supercritical
272.69	794.00	338.26	0.0029563	390.77	625.50	2.3310	1.9287	3.0544	1193.0	-0.040222	4.9115e-05	0.13134	supercritical
273.69	794.00	337.53	0.0029627	393.32	628.56	2.3422	1.9292	3.0546	1190.5	-0.040098	4.8902e-05	0.13096	supercritical
274.69	794.00	336.81	0.0029690	395.87	631.61	2.3533	1.9299	3.0549	1188.1	-0.039974	4.8691e-05	0.13058	supercritical
275.69	794.00	336.09	0.0029754	398.42	634.67	2.3644	1.9305	3.0551	1185.6	-0.039850	4.8483e-05	0.13021	supercritical
276.69	794.00	335.37	0.0029818	400.97	637.72	2.3755	1.9312	3.0554	1183.2	-0.039725	4.8276e-05	0.12984	supercritical
277.69	794.00	334.65	0.0029882	403.52	640.78	2.3865	1.9319	3.0557	1180.8	-0.039601	4.8072e-05	0.12948	supercritical
278.69	794.00	333.94	0.0029946	406.07	643.84	2.3975	1.9326	3.0560	1178.3	-0.039477	4.7871e-05	0.12911	supercritical
279.69	794.00	333.22	0.0030010	408.61	646.89	2.4084	1.9334	3.0563	1176.0	-0.039353	4.7671e-05	0.12876	supercritical
280.69	794.00	332.51	0.0030074	411.16	649.95	2.4193	1.9341	3.0567	1173.6	-0.039228	4.7473e-05	0.12840	supercritical
281.69	794.00	331.80	0.0030139	413.70	653.01	2.4302	1.9349	3.0570	1171.2	-0.039104	4.7278e-05	0.12805	supercritical
282.69	794.00	331.09	0.0030203	416.25	656.06	2.4410	1.9358	3.0574	1168.9	-0.038980	4.7084e-05	0.12770	supercritical
283.69	794.00	330.38	0.0030268	418.79	659.12	2.4518	1.9366	3.0578	1166.6	-0.038856	4.6893e-05	0.12736	supercritical
284.69	794.00	329.67	0.0030333	421.33	662.18	2.4626	1.9375	3.0581	1164.2	-0.038732	4.6704e-05	0.12702	supercritical
285.69	794.00	328.97	0.0030398	423.88	665.24	2.4733	1.9384	3.0585	1161.9	-0.038608	4.6516e-05	0.12669	supercritical
286.69	794.00	328.26	0.0030463	426.42	668.30	2.4840	1.9394	3.0589	1159.7	-0.038484	4.6331e-05	0.12636	supercritical
287.69	794.00	327.56	0.0030528	428.96	671.35	2.4947	1.9403	3.0594	1157.4	-0.038360	4.6147e-05	0.12603	supercritical
288.69	794.00	326.86	0.0030594	431.50	674.41	2.5053	1.9413	3.0598	1155.2	-0.038237	4.5966e-05	0.12570	supercritical
289.69	794.00	326.16	0.0030659	434.04	677.47	2.5159	1.9423	3.0603	1152.9	-0.038113	4.5786e-05	0.12538	supercritical
290.69	794.00	325.47	0.0030725	436.58	680.53	2.5264	1.9434	3.0607	1150.7	-0.037990	4.5608e-05	0.12507	supercritical
291.69	794.00	324.77	0.0030791	439.12	683.60	2.5369	1.9444	3.0612	1148.5	-0.037867	4.5432e-05	0.12475	supercritical
292.69	794.00	324.08	0.0030857	441.66	686.66	2.5474	1.9455	3.0617	1146.3	-0.037744	4.5258e-05	0.12444	supercritical
293.69	794.00	323.39	0.0030923	444.19	689.72	2.5578	1.9466	3.0622	1144.2	-0.037621	4.5086e-05	0.12414	supercritical
294.69	794.00	322.70	0.0030989	446.73	692.78	2.5683	1.9478	3.0627	1142.0	-0.037498	4.4916e-05	0.12384	supercritical
295.69	794.00	322.01	0.0031055	449.27	695.84	2.5786	1.9489	3.0632	1139.9	-0.037376	4.4747e-05	0.12354	supercritical
296.69	794.00	321.32	0.0031121	451.80	698.91	2.5890	1.9501	3.0637	1137.7	-0.037253	4.4580e-05	0.12324	supercritical
297.69	794.00	320.64	0.0031188	454.34	701.97	2.5993	1.9513	3.0643	1135.6	-0.037131	4.4415e-05	0.12295	supercritical
298.69	794.00	319.95	0.0031254	456.88	705.04	2.6096	1.9525	3.0648	1133.5	-0.037009	4.4251e-05	0.12266	supercritical
299.69	794.00	319.27	0.0031321	459.41	708.10	2.6198	1.9538	3.0654	1131.5	-0.036888	4.4089e-05	0.12238	supercritical
300.69	794.00	318.59	0.0031388	461.95	711.17	2.6300	1.9551	3.0660	1129.4	-0.036767	4.3929e-05	0.12210	supercritical
301.69	794.00	317.91	0.0031455	464.48	714.23	2.6402	1.9564	3.0666	1127.3	-0.036646	4.3770e-05	0.12182	supercritical
302.69	794.00	317.24	0.0031522	467.02	717.30	2.6503	1.9577	3.0672	1125.3	-0.036525	4.3613e-05	0.12154	supercritical
303.69	794.00	316.56	0.0031589	469.55	720.37	2.6605	1.9591	3.0678	1123.3	-0.036404	4.3458e-05	0.12127	supercritical
304.69	794.00	315.89	0.0031657	472.08	723.44	2.6705	1.9604	3.0685	1121.3	-0.036284	4.3304e-05	0.12100	supercritical
305.69	794.00	315.22	0.0031724	474.62	726.50	2.6806	1.9618	3.0691	1119.3	-0.036164	4.3152e-05	0.12074	supercritical
306.69	794.00	314.55	0.0031791	477.15	729.57	2.6906	1.9632	3.0698	1117.3	-0.036045	4.3001e-05	0.12048	supercritical
307.69	794.00	313.88	0.0031859	479.68	732.64	2.7006	1.9647	3.0704	1115.4	-0.035925	4.2852e-05	0.12022	supercritical
308.69	794.00	313.22	0.0031927	482.22	735.72	2.7106	1.9661	3.0711	1113.4	-0.035806	4.2705e-05	0.11997	supercritical
309.69	794.00	312.55	0.0031995	484.75	738.79	2.7205	1.9676	3.0718	1111.5	-0.035688	4.2558e-05	0.11971	supercritical
310.69	794.00	311.89	0.0032063	487.28	741.86	2.7304	1.9691	3.0725	1109.6	-0.035570	4.2414e-05	0.11947	supercritical
311.69	794.00	311.23	0.0032131	489.81	744.93	2.7403	1.9707	3.0732	1107.7	-0.035452	4.2271e-05	0.11922	supercritical
312.69	794.00	310.57	0.0032199	492.35	748.01	2.7501	1.9722	3.0740	1105.8	-0.035334	4.2129e-05	0.11898	supercritical
313.69	794.00	309.91	0.0032267	494.88	751.08	2.7600	1.9738	3.0747	1103.9	-0.035217	4.1989e-05	0.11874	supercritical
314.69	794.00	309.26	0.0032336	497.41	754.15	2.7697	1.9754	3.0754	1102.1	-0.035100	4.1850e-05	0.11850	supercritical
315.69	794.00	308.60	0.0032404	499.94	757.23	2.7795	1.9770	3.0762	1100.2	-0.034984	4.1713e-05	0.11827	supercritical
316.69	794.00	307.95	0.0032473	502.47	760.31	2.7892	1.9786	3.0770	1098.4	-0.034868	4.1577e-05	0.11804	supercritical
317.69	794.00	307.30	0.0032541	505.00	763.38	2.7989	1.9803	3.0778	1096.6	-0.034753	4.1442e-05	0.11782	supercritical
318.69	794.00	306.65	0.0032610	507.54	766.46	2.8086	1.9820	3.0786	1094.8	-0.034638	4.1309e-05	0.11759	supercritical
319.69	794.00	306.01	0.0032679	510.07	769.54	2.8183	1.9837	3.0794	1093.0	-0.034523	4.1177e-05	0.11737	supercritical
320.69	794.00	305.36	0.0032748	512.60	772.62	2.8279	1.9854	3.0802	1091.2	-0.034409	4.1046e-05	0.11715	supercritical
321.69	794.00	304.72	0.0032817	515.13	775.70	2.8375	1.9871	3.0810	1089.4	-0.034295	4.0917e-05	0.11694	supercritical
322.69	794.00	304.08	0.0032887	517.66	778.78	2.8470	1.9889	3.0819	1087.7	-0.034182	4.0789e-05	0.11673	supercritical
323.69	794.00	303.44	0.0032956	520.20	781.87	2.8566	1.9907	3.0827	1086.0	-0.034069	4.0662e-05	0.11652	supercritical
324.69	794.00	302.80	0.0033025	522.73	784.95	2.8661	1.9924	3.0836	1084.2	-0.033956	4.0536e-05	0.11631	supercritical
325.69	794.00	302.16	0.0033095	525.26	788.03	2.8756	1.9943	3.0845	1082.5	-0.033845	4.0412e-05	0.11611	supercritical
326.69	794.00	301.53	0.0033164	527.79	791.12	2.8850	1.9961	3.0854	1080.8	-0.033733	4.0289e-05	0.11591	supercritical
327.69	794.00	300.90	0.0033234	530.32	794.20	2.8944	1.9980	3.0863	1079.2	-0.033622	4.0168e-05	0.11572	supercritical
328.69	794.00	300.27	0.0033304	532.86	797.29	2.9039	1.9998	3.0872	1077.5	-0.033512	4.0047e-05	0.11552	supercritical
329.69	794.00	299.64	0.0033374	535.39	800.38	2.9132	2.0017	3.0881	1075.8	-0.033402	3.9928e-05	0.11533	supercritical
330.69	794.00	299.01	0.0033444	537.92	803.47	2.9226	2.0036	3.0890	1074.2	-0.033292	3.9810e-05	0.11514	supercritical
331.69	794.00	298.38	0.0033514	540.46	806.56	2.9319	2.0056	3.0900	1072.6	-0.033183	3.9693e-05	0.11496	supercritical
332.69	794.00	297.76	0.0033584	542.99	809.65	2.9412	2.0075	3.0909	1071.0	-0.033075	3.9577e-05	0.11477	supercritical
333.69	794.00	297.14	0.0033654	545.52	812.74	2.9505	2.0095	3.0919	1069.4	-0.032967	3.9463e-05	0.11459	supercritical
334.69	794.00	296.52	0.0033725	548.06	815.83	2.9597	2.0115	3.0929	1067.8	-0.032860	3.9349e-05	0.11442	supercritical
335.69	794.00	295.90	0.0033795	550.59	818.92	2.9690	2.0135	3.0939	1066.2	-0.032753	3.9237e-05	0.11424	supercritical
336.69	794.00	295.28	0.0033866	553.12	822.02	2.9782	2.0155	3.0949	1064.6	-0.032647	3.9126e-05	0.11407	supercritical
337.69	794.00	294.67	0.0033936	555.66	825.11	2.9874	2.0176	3.0959	1063.1	-0.032541	3.9016e-05	0.11390	supercritical
338.69	794.00	294.06	0.0034007	558.19	828.21	2.9965	2.0196	3.0969	1061.6	-0.032436	3.8907e-05	0.11373	supercritical
339.69	794.00	293.45	0.0034078	560.73	831.31	3.0056	2.0217	3.0979	1060.0	-0.032331	3.8799e-05	0.11357	supercritical
340.69	794.00	292.84	0.0034149	563.27	834.41	3.0148	2.0238	3.0990	1058.5	-0.032227	3.8692e-05	0.11341	supercritical
341.69	794.00	292.23	0.0034220	565.80	837.50	3.0238	2.0259	3.1000	1057.0	-0.032124	3.8586e-05	0.11325	supercritical
342.69	794.00	291.62	0.0034291	568.34	840.61	3.0329	2.0280	3.1011	1055.5	-0.032021	3.8481e-05	0.11309	supercritical
343.69	794.00	291.02	0.0034362	570.87	843.71	3.0419	2.0302	3.1022	1054.1	-0.031918	3.8378e-05	0.11294	supercritical
344.69	794.00	290.42	0.0034433	573.41	846.81	3.0510	2.0323	3.1033	1052.6	-0.031817	3.8275e-05	0.11279	supercritical
345.69	794.00	289.82	0.0034504	575.95	849.91	3.0599	2.0345	3.1044	1051.2	-0.031716	3.8174e-05	0.11264	supercritical
346.69	794.00	289.22	0.0034576	578.49	853.02	3.0689	2.0367	3.1055	1049.7	-0.031615	3.8073e-05	0.11249	supercritical
347.69	794.00	288.62	0.0034647	581.03	856.12	3.0779	2.0389	3.1066	1048.3	-0.031515	3.7973e-05	0.11235	supercritical
348.69	794.00	288.03	0.0034719	583.57	859.23	3.0868	2.0411	3.1077	1046.9	-0.031416	3.7875e-05	0.11221	supercritical
349.69	794.00	287.44	0.0034790	586.11	862.34	3.0957	2.0434	3.1088	1045.5	-0.031317	3.7777e-05	0.11207	supercritical
350.69	794.00	286.85	0.0034862	588.65	865.45	3.1046	2.0456	3.1100	1044.1	-0.031219	3.7681e-05	0.11193	supercritical
351.69	794.00	286.26	0.0034934	591.19	868.56	3.1134	2.0479	3.1112	1042.7	-0.031121	3.7585e-05	0.11180	supercritical
352.69	794.00	285.67	0.0035005	593.73	871.67	3.1223	2.0502	3.1123	1041.4	-0.031024	3.7490e-05	0.11167	supercritical
353.69	794.00	285.08	0.0035077	596.27	874.78	3.1311	2.0525	3.1135	1040.0	-0.030928	3.7396e-05	0.11154	supercritical
354.69	794.00	284.50	0.0035149	598.81	877.90	3.1399	2.0548	3.1147	1038.7	-0.030832	3.7303e-05	0.11141	supercritical
355.69	794.00	283.92	0.0035221	601.36	881.01	3.1486	2.0571	3.1159	1037.3	-0.030737	3.7212e-05	0.11129	supercritical
356.69	794.00	283.34	0.0035294	603.90	884.13	3.1574	2.0595	3.1171	1036.0	-0.030643	3.7121e-05	0.11116	supercritical
357.69	794.00	282.76	0.0035366	606.44	887.25	3.1661	2.0619	3.1183	1034.7	-0.030549	3.7030e-05	0.11104	supercritical
358.69	794.00	282.18	0.0035438	608.99	890.37	3.1748	2.0642	3.1196	1033.4	-0.030456	3.6941e-05	0.11093	supercritical
359.69	794.00	281.61	0.0035510	611.53	893.49	3.1835	2.0666	3.1208	1032.1	-0.030363	3.6853e-05	0.11081	supercritical
360.69	794.00	281.03	0.0035583	614.08	896.61	3.1922	2.0690	3.1221	1030.9	-0.030271	3.6765e-05	0.11070	supercritical
361.69	794.00	280.46	0.0035655	616.63	899.73	3.2008	2.0715	3.1233	1029.6	-0.030180	3.6679e-05	0.11059	supercritical
362.69	794.00	279.89	0.0035728	619.18	902.86	3.2094	2.0739	3.1246	1028.3	-0.030089	3.6593e-05	0.11048	supercritical
363.69	794.00	279.33	0.0035800	621.73	905.98	3.2180	2.0763	3.1259	1027.1	-0.029999	3.6508e-05	0.11037	supercritical
364.69	794.00	278.76	0.0035873	624.27	909.11	3.2266	2.0788	3.1272	1025.9	-0.029910	3.6424e-05	0.11027	supercritical
365.69	794.00	278.20	0.0035946	626.82	912.24	3.2352	2.0813	3.1285	1024.7	-0.029821	3.6341e-05	0.11016	supercritical
366.69	794.00	277.63	0.0036019	629.38	915.36	3.2437	2.0838	3.1298	1023.4	-0.029733	3.6259e-05	0.11006	supercritical
367.69	794.00	277.07	0.0036092	631.93	918.49	3.2523	2.0863	3.1311	1022.2	-0.029646	3.6177e-05	0.10997	supercritical
368.69	794.00	276.51	0.0036165	634.48	921.63	3.2608	2.0888	3.1324	1021.1	-0.029559	3.6096e-05	0.10987	supercritical
369.69	794.00	275.96	0.0036238	637.03	924.76	3.2693	2.0913	3.1338	1019.9	-0.029473	3.6017e-05	0.10978	supercritical
370.69	794.00	275.40	0.0036311	639.59	927.89	3.2777	2.0939	3.1351	1018.7	-0.029387	3.5937e-05	0.10969	supercritical
371.69	794.00	274.85	0.0036384	642.14	931.03	3.2862	2.0964	3.1365	1017.6	-0.029303	3.5859e-05	0.10960	supercritical
372.69	794.00	274.30	0.0036457	644.70	934.17	3.2946	2.0990	3.1379	1016.4	-0.029218	3.5781e-05	0.10951	supercritical
373.69	794.00	273.75	0.0036530	647.26	937.31	3.3030	2.1016	3.1393	1015.3	-0.029135	3.5705e-05	0.10942	supercritical
374.69	794.00	273.20	0.0036603	649.81	940.45	3.3114	2.1041	3.1406	1014.2	-0.029052	3.5629e-05	0.10934	supercritical
375.69	794.00	272.65	0.0036677	652.37	943.59	3.3198	2.1068	3.1420	1013.1	-0.028970	3.5553e-05	0.10926	supercritical
376.69	794.00	272.11	0.0036750	654.93	946.73	3.3281	2.1094	3.1435	1012.0	-0.028888	3.5479e-05	0.10918	supercritical
377.69	794.00	271.56	0.0036824	657.49	949.87	3.3365	2.1120	3.1449	1010.9	-0.028807	3.5405e-05	0.10910	supercritical
378.69	794.00	271.02	0.0036897	660.05	953.02	3.3448	2.1146	3.1463	1009.8	-0.028727	3.5332e-05	0.10903	supercritical
379.69	794.00	270.48	0.0036971	662.62	956.17	3.3531	2.1173	3.1477	1008.7	-0.028647	3.5260e-05	0.10895	supercritical
380.69	794.00	269.95	0.0037045	665.18	959.31	3.3614	2.1200	3.1492	1007.6	-0.028569	3.5188e-05	0.10888	supercritical
381.69	794.00	269.41	0.0037118	667.75	962.46	3.3696	2.1226	3.1506	1006.6	-0.028490	3.5117e-05	0.10881	supercritical
382.69	794.00	268.87	0.0037192	670.31	965.62	3.3779	2.1253	3.1521	1005.5	-0.028413	3.5047e-05	0.10874	supercritical
383.69	794.00	268.34	0.0037266	672.88	968.77	3.3861	2.1280	3.1536	1004.5	-0.028336	3.4978e-05	0.10868	supercritical
384.69	794.00	267.81	0.0037340	675.45	971.92	3.3943	2.1307	3.1551	1003.5	-0.028259	3.4909e-05	0.10861	supercritical
385.69	794.00	267.28	0.0037414	678.02	975.08	3.4025	2.1334	3.1566	1002.5	-0.028184	3.4841e-05	0.10855	supercritical
386.69	794.00	266.76	0.0037488	680.59	978.24	3.4107	2.1362	3.1581	1001.5	-0.028109	3.4774e-05	0.10849	supercritical
387.69	794.00	266.23	0.0037562	683.16	981.40	3.4188	2.1389	3.1596	1000.5	-0.028034	3.4707e-05	0.10843	supercritical
388.69	794.00	265.71	0.0037636	685.73	984.56	3.4270	2.1417	3.1611	999.49	-0.027960	3.4641e-05	0.10838	supercritical
389.69	794.00	265.18	0.0037710	688.30	987.72	3.4351	2.1444	3.1626	998.51	-0.027887	3.4576e-05	0.10832	supercritical
390.69	794.00	264.66	0.0037784	690.88	990.88	3.4432	2.1472	3.1642	997.54	-0.027815	3.4511e-05	0.10827	supercritical
391.69	794.00	264.14	0.0037858	693.45	994.05	3.4513	2.1500	3.1657	996.59	-0.027743	3.4447e-05	0.10822	supercritical
392.69	794.00	263.63	0.0037932	696.03	997.21	3.4594	2.1528	3.1673	995.64	-0.027672	3.4383e-05	0.10817	supercritical
393.69	794.00	263.11	0.0038007	698.61	1000.4	3.4674	2.1556	3.1688	994.70	-0.027602	3.4321e-05	0.10812	supercritical
394.69	794.00	262.60	0.0038081	701.19	1003.6	3.4755	2.1584	3.1704	993.77	-0.027532	3.4258e-05	0.10807	supercritical
395.69	794.00	262.09	0.0038155	703.77	1006.7	3.4835	2.1612	3.1720	992.84	-0.027462	3.4197e-05	0.10803	supercritical
396.69	794.00	261.58	0.0038230	706.35	1009.9	3.4915	2.1641	3.1736	991.93	-0.027394	3.4136e-05	0.10799	supercritical
397.69	794.00	261.07	0.0038304	708.93	1013.1	3.4995	2.1669	3.1752	991.03	-0.027326	3.4076e-05	0.10795	supercritical
398.69	794.00	260.56	0.0038379	711.52	1016.2	3.5075	2.1698	3.1768	990.13	-0.027259	3.4016e-05	0.10791	supercritical
399.69	794.00	260.06	0.0038453	714.10	1019.4	3.5154	2.1726	3.1784	989.25	-0.027192	3.3957e-05	0.10787	supercritical
400.69	794.00	259.55	0.0038528	716.69	1022.6	3.5234	2.1755	3.1801	988.37	-0.027126	3.3899e-05	0.10783	supercritical
401.69	794.00	259.05	0.0038603	719.28	1025.8	3.5313	2.1784	3.1817	987.50	-0.027061	3.3841e-05	0.10780	supercritical
402.69	794.00	258.55	0.0038677	721.87	1029.0	3.5392	2.1813	3.1833	986.64	-0.026996	3.3783e-05	0.10777	supercritical
403.69	794.00	258.05	0.0038752	724.46	1032.1	3.5471	2.1842	3.1850	985.79	-0.026932	3.3727e-05	0.10774	supercritical
404.69	794.00	257.55	0.0038827	727.05	1035.3	3.5550	2.1871	3.1867	984.94	-0.026868	3.3671e-05	0.10771	supercritical
405.69	794.00	257.06	0.0038902	729.64	1038.5	3.5629	2.1900	3.1883	984.11	-0.026805	3.3615e-05	0.10768	supercritical
406.69	794.00	256.57	0.0038976	732.24	1041.7	3.5707	2.1929	3.1900	983.28	-0.026743	3.3560e-05	0.10765	supercritical
407.69	794.00	256.07	0.0039051	734.83	1044.9	3.5786	2.1958	3.1917	982.46	-0.026682	3.3506e-05	0.10763	supercritical
408.69	794.00	255.58	0.0039126	737.43	1048.1	3.5864	2.1988	3.1934	981.65	-0.026621	3.3452e-05	0.10760	supercritical
409.69	794.00	255.09	0.0039201	740.03	1051.3	3.5942	2.2017	3.1951	980.85	-0.026560	3.3398e-05	0.10758	supercritical
410.69	794.00	254.61	0.0039276	742.63	1054.5	3.6020	2.2047	3.1968	980.05	-0.026500	3.3346e-05	0.10756	supercritical
411.69	794.00	254.12	0.0039351	745.23	1057.7	3.6097	2.2076	3.1985	979.27	-0.026441	3.3293e-05	0.10754	supercritical
412.69	794.00	253.64	0.0039426	747.84	1060.9	3.6175	2.2106	3.2003	978.49	-0.026383	3.3242e-05	0.10753	supercritical
413.69	794.00	253.16	0.0039501	750.44	1064.1	3.6253	2.2136	3.2020	977.72	-0.026325	3.3190e-05	0.10751	supercritical
414.69	794.00	252.68	0.0039576	753.05	1067.3	3.6330	2.2166	3.2038	976.95	-0.026267	3.3140e-05	0.10750	supercritical
415.69	794.00	252.20	0.0039652	755.66	1070.5	3.6407	2.2196	3.2055	976.20	-0.026211	3.3090e-05	0.10749	supercritical
416.69	794.00	251.72	0.0039727	758.27	1073.7	3.6484	2.2226	3.2073	975.45	-0.026155	3.3040e-05	0.10747	supercritical
417.69	794.00	251.24	0.0039802	760.88	1076.9	3.6561	2.2256	3.2091	974.71	-0.026099	3.2991e-05	0.10746	supercritical
418.69	794.00	250.77	0.0039877	763.49	1080.1	3.6638	2.2286	3.2108	973.98	-0.026044	3.2942e-05	0.10746	supercritical
419.69	794.00	250.30	0.0039953	766.10	1083.3	3.6714	2.2316	3.2126	973.26	-0.025990	3.2894e-05	0.10745	supercritical
420.69	794.00	249.83	0.0040028	768.72	1086.5	3.6791	2.2347	3.2144	972.54	-0.025936	3.2847e-05	0.10744	supercritical
421.69	794.00	249.36	0.0040103	771.34	1089.8	3.6867	2.2377	3.2162	971.83	-0.025883	3.2799e-05	0.10744	supercritical
422.69	794.00	248.89	0.0040179	773.95	1093.0	3.6943	2.2408	3.2180	971.13	-0.025830	3.2753e-05	0.10744	supercritical
423.69	794.00	248.42	0.0040254	776.57	1096.2	3.7019	2.2438	3.2199	970.43	-0.025778	3.2707e-05	0.10744	supercritical
424.69	794.00	247.96	0.0040329	779.20	1099.4	3.7095	2.2469	3.2217	969.75	-0.025727	3.2661e-05	0.10744	supercritical
425.69	794.00	247.49	0.0040405	781.82	1102.6	3.7171	2.2500	3.2235	969.07	-0.025676	3.2616e-05	0.10744	supercritical
426.69	794.00	247.03	0.0040480	784.45	1105.9	3.7247	2.2530	3.2254	968.39	-0.025626	3.2571e-05	0.10744	supercritical
427.69	794.00	246.57	0.0040556	787.07	1109.1	3.7322	2.2561	3.2272	967.73	-0.025576	3.2527e-05	0.10745	supercritical
428.69	794.00	246.11	0.0040631	789.70	1112.3	3.7398	2.2592	3.2291	967.07	-0.025527	3.2483e-05	0.10745	supercritical
429.69	794.00	245.66	0.0040707	792.33	1115.5	3.7473	2.2623	3.2309	966.42	-0.025478	3.2440e-05	0.10746	supercritical
430.69	794.00	245.20	0.0040783	794.96	1118.8	3.7548	2.2654	3.2328	965.77	-0.025430	3.2397e-05	0.10747	supercritical
431.69	794.00	244.75	0.0040858	797.60	1122.0	3.7623	2.2685	3.2347	965.13	-0.025383	3.2355e-05	0.10748	supercritical
432.69	794.00	244.30	0.0040934	800.23	1125.2	3.7698	2.2716	3.2366	964.50	-0.025336	3.2313e-05	0.10749	supercritical
433.69	794.00	243.85	0.0041010	802.87	1128.5	3.7773	2.2747	3.2385	963.88	-0.025289	3.2271e-05	0.10750	supercritical
434.69	794.00	243.40	0.0041085	805.51	1131.7	3.7847	2.2779	3.2404	963.26	-0.025243	3.2230e-05	0.10751	supercritical
435.69	794.00	242.95	0.0041161	808.15	1135.0	3.7922	2.2810	3.2423	962.65	-0.025198	3.2189e-05	0.10753	supercritical
436.69	794.00	242.50	0.0041237	810.79	1138.2	3.7996	2.2841	3.2442	962.05	-0.025153	3.2149e-05	0.10754	supercritical
437.69	794.00	242.06	0.0041312	813.43	1141.5	3.8070	2.2873	3.2461	961.45	-0.025109	3.2109e-05	0.10756	supercritical
438.69	794.00	241.61	0.0041388	816.08	1144.7	3.8144	2.2904	3.2481	960.86	-0.025066	3.2070e-05	0.10758	supercritical
439.69	794.00	241.17	0.0041464	818.72	1147.9	3.8218	2.2936	3.2500	960.27	-0.025022	3.2031e-05	0.10760	supercritical
440.69	794.00	240.73	0.0041540	821.37	1151.2	3.8292	2.2967	3.2519	959.70	-0.024980	3.1993e-05	0.10762	supercritical
441.69	794.00	240.29	0.0041616	824.02	1154.5	3.8366	2.2999	3.2539	959.13	-0.024938	3.1954e-05	0.10764	supercritical
442.69	794.00	239.86	0.0041691	826.68	1157.7	3.8440	2.3031	3.2559	958.56	-0.024896	3.1917e-05	0.10767	supercritical
443.69	794.00	239.42	0.0041767	829.33	1161.0	3.8513	2.3063	3.2578	958.00	-0.024855	3.1879e-05	0.10769	supercritical
444.69	794.00	238.99	0.0041843	831.99	1164.2	3.8587	2.3094	3.2598	957.45	-0.024814	3.1842e-05	0.10772	supercritical
445.69	794.00	238.55	0.0041919	834.65	1167.5	3.8660	2.3126	3.2618	956.90	-0.024774	3.1806e-05	0.10774	supercritical
446.69	794.00	238.12	0.0041995	837.31	1170.7	3.8733	2.3158	3.2638	956.36	-0.024735	3.1770e-05	0.10777	supercritical
447.69	794.00	237.69	0.0042071	839.97	1174.0	3.8806	2.3190	3.2658	955.83	-0.024696	3.1734e-05	0.10780	supercritical
448.69	794.00	237.26	0.0042147	842.63	1177.3	3.8879	2.3222	3.2678	955.30	-0.024657	3.1699e-05	0.10783	supercritical
449.69	794.00	236.84	0.0042223	845.30	1180.5	3.8952	2.3254	3.2698	954.78	-0.024619	3.1664e-05	0.10786	supercritical
450.69	794.00	236.41	0.0042299	847.96	1183.8	3.9024	2.3286	3.2718	954.26	-0.024582	3.1629e-05	0.10790	supercritical
451.69	794.00	235.99	0.0042375	850.63	1187.1	3.9097	2.3319	3.2738	953.75	-0.024545	3.1595e-05	0.10793	supercritical
452.69	794.00	235.57	0.0042451	853.30	1190.4	3.9169	2.3351	3.2759	953.25	-0.024508	3.1561e-05	0.10796	supercritical
453.69	794.00	235.14	0.0042527	855.98	1193.6	3.9241	2.3383	3.2779	952.75	-0.024472	3.1528e-05	0.10800	supercritical
454.69	794.00	234.72	0.0042603	858.65	1196.9	3.9314	2.3415	3.2800	952.26	-0.024436	3.1495e-05	0.10804	supercritical
455.69	794.00	234.31	0.0042679	861.33	1200.2	3.9386	2.3448	3.2820	951.77	-0.024401	3.1462e-05	0.10808	supercritical
456.69	794.00	233.89	0.0042755	864.01	1203.5	3.9458	2.3480	3.2841	951.29	-0.024366	3.1430e-05	0.10812	supercritical
457.69	794.00	233.47	0.0042831	866.69	1206.8	3.9530	2.3512	3.2861	950.82	-0.024332	3.1398e-05	0.10816	supercritical
458.69	794.00	233.06	0.0042908	869.37	1210.1	3.9601	2.3545	3.2882	950.35	-0.024298	3.1366e-05	0.10820	supercritical
459.69	794.00	232.65	0.0042984	872.06	1213.3	3.9673	2.3577	3.2903	949.89	-0.024265	3.1335e-05	0.10824	supercritical
460.69	794.00	232.23	0.0043060	874.74	1216.6	3.9744	2.3610	3.2924	949.43	-0.024232	3.1304e-05	0.10828	supercritical
461.69	794.00	231.82	0.0043136	877.43	1219.9	3.9816	2.3643	3.2944	948.97	-0.024200	3.1273e-05	0.10833	supercritical
462.69	794.00	231.42	0.0043212	880.12	1223.2	3.9887	2.3675	3.2965	948.53	-0.024168	3.1243e-05	0.10837	supercritical
463.69	794.00	231.01	0.0043288	882.81	1226.5	3.9958	2.3708	3.2986	948.09	-0.024136	3.1213e-05	0.10842	supercritical
464.69	794.00	230.60	0.0043365	885.51	1229.8	4.0029	2.3741	3.3008	947.65	-0.024105	3.1183e-05	0.10847	supercritical
465.69	794.00	230.20	0.0043441	888.21	1233.1	4.0100	2.3773	3.3029	947.22	-0.024075	3.1154e-05	0.10852	supercritical
466.69	794.00	229.80	0.0043517	890.91	1236.4	4.0171	2.3806	3.3050	946.79	-0.024045	3.1125e-05	0.10857	supercritical
467.69	794.00	229.39	0.0043593	893.61	1239.7	4.0242	2.3839	3.3071	946.37	-0.024015	3.1097e-05	0.10862	supercritical
468.69	794.00	228.99	0.0043669	896.31	1243.0	4.0313	2.3872	3.3093	945.96	-0.023985	3.1068e-05	0.10867	supercritical
469.69	794.00	228.59	0.0043746	899.01	1246.4	4.0383	2.3905	3.3114	945.55	-0.023957	3.1040e-05	0.10872	supercritical
470.69	794.00	228.20	0.0043822	901.72	1249.7	4.0454	2.3938	3.3135	945.14	-0.023928	3.1013e-05	0.10878	supercritical
471.69	794.00	227.80	0.0043898	904.43	1253.0	4.0524	2.3971	3.3157	944.74	-0.023900	3.0986e-05	0.10883	supercritical
472.69	794.00	227.40	0.0043974	907.14	1256.3	4.0594	2.4004	3.3179	944.35	-0.023872	3.0959e-05	0.10889	supercritical
473.69	794.00	227.01	0.0044051	909.85	1259.6	4.0664	2.4037	3.3200	943.96	-0.023845	3.0932e-05	0.10894	supercritical
474.69	794.00	226.62	0.0044127	912.57	1262.9	4.0734	2.4070	3.3222	943.57	-0.023818	3.0906e-05	0.10900	supercritical
475.69	794.00	226.23	0.0044203	915.29	1266.3	4.0804	2.4103	3.3244	943.19	-0.023792	3.0879e-05	0.10906	supercritical
476.69	794.00	225.84	0.0044280	918.01	1269.6	4.0874	2.4136	3.3266	942.82	-0.023766	3.0854e-05	0.10912	supercritical
477.69	794.00	225.45	0.0044356	920.73	1272.9	4.0944	2.4169	3.3287	942.45	-0.023740	3.0828e-05	0.10918	supercritical
478.69	794.00	225.06	0.0044432	923.45	1276.2	4.1014	2.4202	3.3309	942.08	-0.023715	3.0803e-05	0.10924	supercritical
479.69	794.00	224.68	0.0044509	926.18	1279.6	4.1083	2.4235	3.3331	941.72	-0.023690	3.0778e-05	0.10930	supercritical
480.69	794.00	224.29	0.0044585	928.91	1282.9	4.1153	2.4269	3.3353	941.36	-0.023666	3.0754e-05	0.10937	supercritical
481.69	794.00	223.91	0.0044661	931.64	1286.2	4.1222	2.4302	3.3376	941.01	-0.023642	3.0729e-05	0.10943	supercritical
482.69	794.00	223.53	0.0044738	934.37	1289.6	4.1291	2.4335	3.3398	940.67	-0.023618	3.0705e-05	0.10950	supercritical
483.69	794.00	223.15	0.0044814	937.10	1292.9	4.1360	2.4369	3.3420	940.32	-0.023595	3.0682e-05	0.10956	supercritical
484.69	794.00	222.77	0.0044890	939.84	1296.3	4.1429	2.4402	3.3442	939.99	-0.023572	3.0658e-05	0.10963	supercritical
485.69	794.00	222.39	0.0044967	942.58	1299.6	4.1498	2.4435	3.3465	939.66	-0.023549	3.0635e-05	0.10970	supercritical
486.69	794.00	222.01	0.0045043	945.32	1303.0	4.1567	2.4469	3.3487	939.33	-0.023527	3.0612e-05	0.10976	supercritical
487.69	794.00	221.63	0.0045119	948.07	1306.3	4.1636	2.4502	3.3509	939.00	-0.023505	3.0590e-05	0.10983	supercritical
488.69	794.00	221.26	0.0045196	950.81	1309.7	4.1705	2.4536	3.3532	938.68	-0.023484	3.0567e-05	0.10990	supercritical
489.69	794.00	220.89	0.0045272	953.56	1313.0	4.1773	2.4569	3.3554	938.37	-0.023462	3.0545e-05	0.10998	supercritical
490.69	794.00	220.51	0.0045348	956.31	1316.4	4.1842	2.4603	3.3577	938.06	-0.023442	3.0524e-05	0.11005	supercritical
491.69	794.00	220.14	0.0045425	959.06	1319.7	4.1910	2.4636	3.3600	937.75	-0.023421	3.0502e-05	0.11012	supercritical
492.69	794.00	219.77	0.0045501	961.82	1323.1	4.1978	2.4670	3.3622	937.45	-0.023401	3.0481e-05	0.11019	supercritical
493.69	794.00	219.41	0.0045578	964.57	1326.5	4.2046	2.4703	3.3645	937.15	-0.023381	3.0460e-05	0.11027	supercritical
494.69	794.00	219.04	0.0045654	967.33	1329.8	4.2115	2.4737	3.3668	936.86	-0.023362	3.0439e-05	0.11034	supercritical
495.69	794.00	218.67	0.0045730	970.09	1333.2	4.2183	2.4771	3.3691	936.57	-0.023343	3.0419e-05	0.11042	supercritical
496.69	794.00	218.31	0.0045807	972.86	1336.6	4.2251	2.4804	3.3714	936.29	-0.023324	3.0399e-05	0.11050	supercritical
497.69	794.00	217.95	0.0045883	975.62	1339.9	4.2318	2.4838	3.3737	936.01	-0.023306	3.0379e-05	0.11057	supercritical
498.69	794.00	217.58	0.0045959	978.39	1343.3	4.2386	2.4872	3.3760	935.73	-0.023288	3.0359e-05	0.11065	supercritical
499.69	794.00	217.22	0.0046036	981.16	1346.7	4.2454	2.4905	3.3783	935.46	-0.023270	3.0340e-05	0.11073	supercritical
500.69	794.00	216.86	0.0046112	983.93	1350.1	4.2521	2.4939	3.3806	935.19	-0.023252	3.0320e-05	0.11081	supercritical
501.69	794.00	216.50	0.0046189	986.71	1353.4	4.2589	2.4973	3.3829	934.93	-0.023235	3.0301e-05	0.11089	supercritical
502.69	794.00	216.15	0.0046265	989.49	1356.8	4.2656	2.5006	3.3852	934.66	-0.023219	3.0283e-05	0.11098	supercritical
503.69	794.00	215.79	0.0046341	992.27	1360.2	4.2723	2.5040	3.3876	934.41	-0.023202	3.0264e-05	0.11106	supercritical
504.69	794.00	215.43	0.0046418	995.05	1363.6	4.2791	2.5074	3.3899	934.16	-0.023186	3.0246e-05	0.11114	supercritical
505.69	794.00	215.08	0.0046494	997.83	1367.0	4.2858	2.5108	3.3922	933.91	-0.023170	3.0228e-05	0.11123	supercritical
506.69	794.00	214.73	0.0046571	1000.6	1370.4	4.2925	2.5142	3.3946	933.66	-0.023154	3.0210e-05	0.11131	supercritical
507.69	794.00	214.38	0.0046647	1003.4	1373.8	4.2992	2.5176	3.3969	933.42	-0.023139	3.0193e-05	0.11140	supercritical
508.69	794.00	214.03	0.0046723	1006.2	1377.2	4.3059	2.5209	3.3993	933.18	-0.023124	3.0176e-05	0.11148	supercritical
509.69	794.00	213.68	0.0046800	1009.0	1380.6	4.3125	2.5243	3.4016	932.95	-0.023109	3.0159e-05	0.11157	supercritical
510.69	794.00	213.33	0.0046876	1011.8	1384.0	4.3192	2.5277	3.4040	932.72	-0.023095	3.0142e-05	0.11166	supercritical
511.69	794.00	212.98	0.0046953	1014.6	1387.4	4.3259	2.5311	3.4064	932.50	-0.023081	3.0125e-05	0.11175	supercritical
512.69	794.00	212.63	0.0047029	1017.4	1390.8	4.3325	2.5345	3.4087	932.27	-0.023067	3.0109e-05	0.11184	supercritical
513.69	794.00	212.29	0.0047105	1020.2	1394.2	4.3392	2.5379	3.4111	932.06	-0.023053	3.0093e-05	0.11193	supercritical
514.69	794.00	211.95	0.0047182	1023.0	1397.6	4.3458	2.5413	3.4135	931.84	-0.023040	3.0077e-05	0.11202	supercritical
515.69	794.00	211.60	0.0047258	1025.8	1401.0	4.3524	2.5447	3.4159	931.63	-0.023027	3.0061e-05	0.11211	supercritical
516.69	794.00	211.26	0.0047335	1028.6	1404.5	4.3591	2.5481	3.4182	931.42	-0.023014	3.0046e-05	0.11220	supercritical
517.69	794.00	210.92	0.0047411	1031.4	1407.9	4.3657	2.5515	3.4206	931.22	-0.023002	3.0030e-05	0.11229	supercritical
518.69	794.00	210.58	0.0047487	1034.2	1411.3	4.3723	2.5549	3.4230	931.02	-0.022990	3.0015e-05	0.11239	supercritical
519.69	794.00	210.24	0.0047564	1037.1	1414.7	4.3789	2.5583	3.4254	930.82	-0.022978	3.0000e-05	0.11248	supercritical
520.69	794.00	209.91	0.0047640	1039.9	1418.1	4.3855	2.5617	3.4278	930.63	-0.022966	2.9986e-05	0.11258	supercritical
521.69	794.00	209.57	0.0047717	1042.7	1421.6	4.3920	2.5651	3.4302	930.44	-0.022955	2.9971e-05	0.11267	supercritical
522.69	794.00	209.24	0.0047793	1045.5	1425.0	4.3986	2.5685	3.4327	930.25	-0.022943	2.9957e-05	0.11277	supercritical
523.69	794.00	208.90	0.0047869	1048.4	1428.4	4.4052	2.5719	3.4351	930.07	-0.022933	2.9943e-05	0.11287	supercritical
524.69	794.00	208.57	0.0047946	1051.2	1431.9	4.4117	2.5753	3.4375	929.88	-0.022922	2.9929e-05	0.11296	supercritical
525.69	794.00	208.24	0.0048022	1054.0	1435.3	4.4183	2.5787	3.4399	929.71	-0.022911	2.9916e-05	0.11306	supercritical
526.69	794.00	207.91	0.0048098	1056.9	1438.8	4.4248	2.5821	3.4424	929.53	-0.022901	2.9902e-05	0.11316	supercritical
527.69	794.00	207.58	0.0048175	1059.7	1442.2	4.4313	2.5855	3.4448	929.36	-0.022891	2.9889e-05	0.11326	supercritical
528.69	794.00	207.25	0.0048251	1062.5	1445.6	4.4379	2.5890	3.4472	929.20	-0.022882	2.9876e-05	0.11336	supercritical
529.69	794.00	206.92	0.0048327	1065.4	1449.1	4.4444	2.5924	3.4497	929.03	-0.022872	2.9863e-05	0.11346	supercritical
530.69	794.00	206.60	0.0048404	1068.2	1452.5	4.4509	2.5958	3.4521	928.87	-0.022863	2.9851e-05	0.11357	supercritical
531.69	794.00	206.27	0.0048480	1071.1	1456.0	4.4574	2.5992	3.4546	928.72	-0.022854	2.9838e-05	0.11367	supercritical
532.69	794.00	205.95	0.0048556	1073.9	1459.5	4.4639	2.6026	3.4570	928.56	-0.022845	2.9826e-05	0.11377	supercritical
533.69	794.00	205.62	0.0048633	1076.8	1462.9	4.4704	2.6060	3.4595	928.41	-0.022837	2.9814e-05	0.11388	supercritical
534.69	794.00	205.30	0.0048709	1079.6	1466.4	4.4768	2.6094	3.4619	928.26	-0.022828	2.9802e-05	0.11398	supercritical
535.69	794.00	204.98	0.0048785	1082.5	1469.8	4.4833	2.6128	3.4644	928.12	-0.022820	2.9791e-05	0.11408	supercritical
536.69	794.00	204.66	0.0048862	1085.3	1473.3	4.4898	2.6163	3.4669	927.97	-0.022812	2.9779e-05	0.11419	supercritical
537.69	794.00	204.34	0.0048938	1088.2	1476.8	4.4962	2.6197	3.4693	927.84	-0.022805	2.9768e-05	0.11430	supercritical
538.69	794.00	204.02	0.0049014	1091.1	1480.2	4.5027	2.6231	3.4718	927.70	-0.022797	2.9757e-05	0.11440	supercritical
539.69	794.00	203.71	0.0049091	1093.9	1483.7	4.5091	2.6265	3.4743	927.57	-0.022790	2.9746e-05	0.11451	supercritical
540.69	794.00	203.39	0.0049167	1096.8	1487.2	4.5156	2.6299	3.4768	927.44	-0.022783	2.9735e-05	0.11462	supercritical
541.69	794.00	203.07	0.0049243	1099.7	1490.7	4.5220	2.6334	3.4793	927.31	-0.022776	2.9724e-05	0.11473	supercritical
542.69	794.00	202.76	0.0049319	1102.6	1494.1	4.5284	2.6368	3.4817	927.18	-0.022769	2.9714e-05	0.11484	supercritical
543.69	794.00	202.45	0.0049396	1105.4	1497.6	4.5348	2.6402	3.4842	927.06	-0.022763	2.9704e-05	0.11495	supercritical
544.69	794.00	202.13	0.0049472	1108.3	1501.1	4.5412	2.6436	3.4867	926.94	-0.022757	2.9694e-05	0.11506	supercritical
545.69	794.00	201.82	0.0049548	1111.2	1504.6	4.5476	2.6470	3.4892	926.83	-0.022751	2.9684e-05	0.11517	supercritical
546.69	794.00	201.51	0.0049624	1114.1	1508.1	4.5540	2.6505	3.4917	926.72	-0.022745	2.9674e-05	0.11528	supercritical
547.69	794.00	201.20	0.0049701	1117.0	1511.6	4.5604	2.6539	3.4943	926.61	-0.022739	2.9665e-05	0.11539	supercritical
548.69	794.00	200.90	0.0049777	1119.9	1515.1	4.5668	2.6573	3.4968	926.50	-0.022734	2.9655e-05	0.11551	supercritical
549.69	794.00	200.59	0.0049853	1122.7	1518.6	4.5731	2.6607	3.4993	926.39	-0.022728	2.9646e-05	0.11562	supercritical
550.69	794.00	200.28	0.0049929	1125.6	1522.1	4.5795	2.6641	3.5018	926.29	-0.022723	2.9637e-05	0.11573	supercritical
551.69	794.00	199.98	0.0050006	1128.5	1525.6	4.5859	2.6676	3.5043	926.19	-0.022718	2.9628e-05	0.11585	supercritical
552.69	794.00	199.67	0.0050082	1131.4	1529.1	4.5922	2.6710	3.5068	926.10	-0.022714	2.9619e-05	0.11596	supercritical
553.69	794.00	199.37	0.0050158	1134.3	1532.6	4.5986	2.6744	3.5094	926.00	-0.022709	2.9611e-05	0.11608	supercritical
554.69	794.00	199.07	0.0050234	1137.3	1536.1	4.6049	2.6778	3.5119	925.91	-0.022705	2.9602e-05	0.11620	supercritical
555.69	794.00	198.77	0.0050310	1140.2	1539.6	4.6112	2.6813	3.5144	925.82	-0.022701	2.9594e-05	0.11631	supercritical
556.69	794.00	198.47	0.0050386	1143.1	1543.1	4.6175	2.6847	3.5170	925.74	-0.022697	2.9586e-05	0.11643	supercritical
557.69	794.00	198.17	0.0050463	1146.0	1546.7	4.6238	2.6881	3.5195	925.65	-0.022693	2.9578e-05	0.11655	supercritical
558.69	794.00	197.87	0.0050539	1148.9	1550.2	4.6302	2.6915	3.5221	925.57	-0.022689	2.9570e-05	0.11667	supercritical
559.69	794.00	197.57	0.0050615	1151.8	1553.7	4.6365	2.6950	3.5246	925.49	-0.022686	2.9563e-05	0.11679	supercritical
560.69	794.00	197.27	0.0050691	1154.7	1557.2	4.6427	2.6984	3.5271	925.42	-0.022682	2.9555e-05	0.11691	supercritical
561.69	794.00	196.98	0.0050767	1157.7	1560.8	4.6490	2.7018	3.5297	925.35	-0.022679	2.9548e-05	0.11703	supercritical
562.69	794.00	196.68	0.0050843	1160.6	1564.3	4.6553	2.7052	3.5323	925.27	-0.022676	2.9541e-05	0.11715	supercritical
563.69	794.00	196.39	0.0050919	1163.5	1567.8	4.6616	2.7086	3.5348	925.21	-0.022673	2.9534e-05	0.11727	supercritical
564.69	794.00	196.10	0.0050996	1166.5	1571.4	4.6679	2.7121	3.5374	925.14	-0.022670	2.9527e-05	0.11739	supercritical
565.69	794.00	195.80	0.0051072	1169.4	1574.9	4.6741	2.7155	3.5399	925.08	-0.022668	2.9520e-05	0.11751	supercritical
566.69	794.00	195.51	0.0051148	1172.3	1578.4	4.6804	2.7189	3.5425	925.02	-0.022665	2.9514e-05	0.11764	supercritical
567.69	794.00	195.22	0.0051224	1175.3	1582.0	4.6866	2.7223	3.5451	924.96	-0.022663	2.9507e-05	0.11776	supercritical
568.69	794.00	194.93	0.0051300	1178.2	1585.5	4.6929	2.7258	3.5476	924.90	-0.022661	2.9501e-05	0.11788	supercritical
569.69	794.00	194.64	0.0051376	1181.2	1589.1	4.6991	2.7292	3.5502	924.85	-0.022659	2.9495e-05	0.11801	supercritical
570.69	794.00	194.36	0.0051452	1184.1	1592.6	4.7053	2.7326	3.5528	924.79	-0.022657	2.9489e-05	0.11813	supercritical
571.69	794.00	194.07	0.0051528	1187.0	1596.2	4.7116	2.7360	3.5554	924.75	-0.022655	2.9483e-05	0.11826	supercritical
572.69	794.00	193.78	0.0051604	1190.0	1599.7	4.7178	2.7394	3.5580	924.70	-0.022654	2.9477e-05	0.11839	supercritical
573.69	794.00	193.50	0.0051680	1193.0	1603.3	4.7240	2.7429	3.5605	924.65	-0.022653	2.9472e-05	0.11851	supercritical
574.69	794.00	193.21	0.0051756	1195.9	1606.9	4.7302	2.7463	3.5631	924.61	-0.022651	2.9466e-05	0.11864	supercritical
575.69	794.00	192.93	0.0051832	1198.9	1610.4	4.7364	2.7497	3.5657	924.57	-0.022650	2.9461e-05	0.11877	supercritical
576.69	794.00	192.65	0.0051908	1201.8	1614.0	4.7426	2.7531	3.5683	924.53	-0.022649	2.9456e-05	0.11889	supercritical
577.69	794.00	192.37	0.0051984	1204.8	1617.6	4.7488	2.7565	3.5709	924.50	-0.022648	2.9451e-05	0.11902	supercritical
578.69	794.00	192.09	0.0052060	1207.8	1621.1	4.7549	2.7600	3.5735	924.46	-0.022647	2.9446e-05	0.11915	supercritical
579.69	794.00	191.81	0.0052136	1210.7	1624.7	4.7611	2.7634	3.5761	924.43	-0.022647	2.9441e-05	0.11928	supercritical
580.69	794.00	191.53	0.0052212	1213.7	1628.3	4.7673	2.7668	3.5787	924.40	-0.022646	2.9436e-05	0.11941	supercritical
581.69	794.00	191.25	0.0052288	1216.7	1631.9	4.7734	2.7702	3.5813	924.37	-0.022646	2.9432e-05	0.11954	supercritical
582.69	794.00	190.97	0.0052364	1219.7	1635.4	4.7796	2.7736	3.5839	924.35	-0.022646	2.9428e-05	0.11967	supercritical
583.69	794.00	190.69	0.0052440	1222.7	1639.0	4.7857	2.7771	3.5865	924.33	-0.022646	2.9423e-05	0.11980	supercritical
584.69	794.00	190.42	0.0052516	1225.6	1642.6	4.7919	2.7805	3.5892	924.31	-0.022646	2.9419e-05	0.11994	supercritical
585.69	794.00	190.14	0.0052592	1228.6	1646.2	4.7980	2.7839	3.5918	924.29	-0.022646	2.9415e-05	0.12007	supercritical
586.69	794.00	189.87	0.0052668	1231.6	1649.8	4.8041	2.7873	3.5944	924.27	-0.022646	2.9411e-05	0.12020	supercritical
587.69	794.00	189.60	0.0052744	1234.6	1653.4	4.8103	2.7907	3.5970	924.25	-0.022646	2.9408e-05	0.12033	supercritical
588.69	794.00	189.32	0.0052819	1237.6	1657.0	4.8164	2.7941	3.5996	924.24	-0.022647	2.9404e-05	0.12047	supercritical
589.69	794.00	189.05	0.0052895	1240.6	1660.6	4.8225	2.7975	3.6023	924.23	-0.022647	2.9400e-05	0.12060	supercritical
590.69	794.00	188.78	0.0052971	1243.6	1664.2	4.8286	2.8010	3.6049	924.22	-0.022648	2.9397e-05	0.12074	supercritical
591.69	794.00	188.51	0.0053047	1246.6	1667.8	4.8347	2.8044	3.6075	924.21	-0.022649	2.9394e-05	0.12087	supercritical
592.69	794.00	188.24	0.0053123	1249.6	1671.4	4.8408	2.8078	3.6101	924.21	-0.022650	2.9391e-05	0.12101	supercritical
593.69	794.00	187.97	0.0053199	1252.6	1675.0	4.8469	2.8112	3.6128	924.21	-0.022651	2.9388e-05	0.12114	supercritical
594.69	794.00	187.71	0.0053275	1255.6	1678.6	4.8530	2.8146	3.6154	924.21	-0.022652	2.9385e-05	0.12128	supercritical
595.69	794.00	187.44	0.0053350	1258.7	1682.3	4.8590	2.8180	3.6180	924.21	-0.022653	2.9382e-05	0.12142	supercritical
596.69	794.00	187.17	0.0053426	1261.7	1685.9	4.8651	2.8214	3.6207	924.21	-0.022654	2.9379e-05	0.12155	supercritical
597.69	794.00	186.91	0.0053502	1264.7	1689.5	4.8712	2.8248	3.6233	924.21	-0.022656	2.9377e-05	0.12169	supercritical
598.69	794.00	186.64	0.0053578	1267.7	1693.1	4.8772	2.8282	3.6260	924.22	-0.022657	2.9374e-05	0.12183	supercritical
599.69	794.00	186.38	0.0053653	1270.7	1696.8	4.8833	2.8316	3.6286	924.23	-0.022659	2.9372e-05	0.12197	supercritical
600.69	794.00	186.12	0.0053729	1273.8	1700.4	4.8893	2.8350	3.6313	924.24	-0.022661	2.9370e-05	0.12211	supercritical
601.69	794.00	185.86	0.0053805	1276.8	1704.0	4.8954	2.8384	3.6339	924.25	-0.022663	2.9368e-05	0.12225	supercritical
602.69	794.00	185.60	0.0053881	1279.8	1707.7	4.9014	2.8418	3.6366	924.26	-0.022664	2.9366e-05	0.12239	supercritical
603.69	794.00	185.33	0.0053956	1282.9	1711.3	4.9074	2.8452	3.6392	924.28	-0.022666	2.9364e-05	0.12253	supercritical
604.69	794.00	185.08	0.0054032	1285.9	1714.9	4.9135	2.8487	3.6419	924.30	-0.022669	2.9362e-05	0.12267	supercritical
605.69	794.00	184.82	0.0054108	1289.0	1718.6	4.9195	2.8521	3.6445	924.32	-0.022671	2.9360e-05	0.12281	supercritical
606.69	794.00	184.56	0.0054183	1292.0	1722.2	4.9255	2.8555	3.6472	924.34	-0.022673	2.9359e-05	0.12295	supercritical
607.69	794.00	184.30	0.0054259	1295.0	1725.9	4.9315	2.8588	3.6498	924.36	-0.022675	2.9357e-05	0.12309	supercritical
608.69	794.00	184.04	0.0054335	1298.1	1729.5	4.9375	2.8622	3.6525	924.39	-0.022678	2.9356e-05	0.12324	supercritical
609.69	794.00	183.79	0.0054410	1301.2	1733.2	4.9435	2.8656	3.6552	924.41	-0.022680	2.9355e-05	0.12338	supercritical
610.69	794.00	183.53	0.0054486	1304.2	1736.8	4.9495	2.8690	3.6578	924.44	-0.022683	2.9354e-05	0.12352	supercritical
611.69	794.00	183.28	0.0054562	1307.3	1740.5	4.9555	2.8724	3.6605	924.47	-0.022686	2.9352e-05	0.12367	supercritical
612.69	794.00	183.03	0.0054637	1310.3	1744.1	4.9615	2.8758	3.6632	924.50	-0.022688	2.9352e-05	0.12381	supercritical
613.69	794.00	182.77	0.0054713	1313.4	1747.8	4.9674	2.8792	3.6658	924.53	-0.022691	2.9351e-05	0.12396	supercritical
614.69	794.00	182.52	0.0054789	1316.5	1751.5	4.9734	2.8826	3.6685	924.57	-0.022694	2.9350e-05	0.12410	supercritical
615.69	794.00	182.27	0.0054864	1319.5	1755.2	4.9794	2.8860	3.6712	924.60	-0.022697	2.9349e-05	0.12425	supercritical
616.69	794.00	182.02	0.0054940	1322.6	1758.8	4.9853	2.8894	3.6738	924.64	-0.022700	2.9349e-05	0.12439	supercritical
617.69	794.00	181.77	0.0055015	1325.7	1762.5	4.9913	2.8928	3.6765	924.68	-0.022703	2.9348e-05	0.12454	supercritical
618.69	794.00	181.52	0.0055091	1328.8	1766.2	4.9972	2.8962	3.6792	924.72	-0.022706	2.9348e-05	0.12468	supercritical
619.69	794.00	181.27	0.0055166	1331.8	1769.9	5.0032	2.8996	3.6819	924.76	-0.022710	2.9348e-05	0.12483	supercritical
620.69	794.00	181.02	0.0055242	1334.9	1773.5	5.0091	2.9029	3.6846	924.81	-0.022713	2.9348e-05	0.12498	supercritical
621.69	794.00	180.78	0.0055317	1338.0	1777.2	5.0151	2.9063	3.6872	924.85	-0.022717	2.9348e-05	0.12513	supercritical
622.69	794.00	180.53	0.0055393	1341.1	1780.9	5.0210	2.9097	3.6899	924.90	-0.022720	2.9348e-05	0.12527	supercritical
623.69	794.00	180.28	0.0055468	1344.2	1784.6	5.0269	2.9131	3.6926	924.95	-0.022724	2.9348e-05	0.12542	supercritical
624.69	794.00	180.04	0.0055544	1347.3	1788.3	5.0328	2.9165	3.6953	925.00	-0.022727	2.9348e-05	0.12557	supercritical