Temperature (K)	Pressure (bar)	Density (kg/m3)	Volume (m3/kg)	Internal Energy (kJ/kg)	Enthalpy (kJ/kg)	Entropy (J/g*K)	Cv (J/g*K)	Cp (J/g*K)	Sound Spd. (m/s)	Joule-Thomson (K/bar)	Viscosity (Pa*s)	Therm. Cond. (W/m*K)	Phase
90.694	790.00	489.35	0.0020435	-100.99	60.450	-1.0970	2.3093	3.1967	1931.0	-0.052876	0.00049098	0.26959	liquid
109.69	790.00	471.95	0.0021189	-46.511	120.88	-0.49192	2.2237	3.1692	1832.9	-0.052834	0.00023816	0.25341	liquid
110.69	790.00	471.04	0.0021229	-43.662	124.05	-0.46317	2.2198	3.1682	1827.7	-0.052815	0.00023160	0.25245	liquid
111.69	790.00	470.14	0.0021270	-40.816	127.22	-0.43468	2.2160	3.1673	1822.5	-0.052796	0.00022540	0.25149	liquid
112.69	790.00	469.24	0.0021311	-37.971	130.38	-0.40645	2.2121	3.1663	1817.2	-0.052776	0.00021952	0.25052	liquid
113.69	790.00	468.35	0.0021352	-35.128	133.55	-0.37849	2.2083	3.1653	1812.0	-0.052755	0.00021395	0.24954	liquid
114.69	790.00	467.45	0.0021393	-32.287	136.71	-0.35077	2.2045	3.1642	1806.8	-0.052734	0.00020867	0.24856	liquid
115.69	790.00	466.55	0.0021434	-29.448	139.88	-0.32331	2.2007	3.1632	1801.6	-0.052712	0.00020366	0.24757	liquid
116.69	790.00	465.66	0.0021475	-26.611	143.04	-0.29609	2.1969	3.1622	1796.4	-0.052689	0.00019889	0.24658	liquid
117.69	790.00	464.76	0.0021516	-23.776	146.20	-0.26911	2.1932	3.1612	1791.2	-0.052666	0.00019436	0.24559	liquid
118.69	790.00	463.87	0.0021558	-20.942	149.36	-0.24237	2.1894	3.1602	1786.0	-0.052641	0.00019004	0.24460	liquid
119.69	790.00	462.98	0.0021599	-18.111	152.52	-0.21586	2.1857	3.1591	1780.9	-0.052617	0.00018592	0.24360	liquid
120.69	790.00	462.09	0.0021641	-15.281	155.68	-0.18958	2.1820	3.1581	1775.7	-0.052592	0.00018200	0.24260	liquid
121.69	790.00	461.20	0.0021683	-12.453	158.84	-0.16353	2.1783	3.1570	1770.6	-0.052566	0.00017825	0.24159	liquid
122.69	790.00	460.31	0.0021724	-9.6275	162.00	-0.13769	2.1747	3.1559	1765.4	-0.052539	0.00017466	0.24059	liquid
123.69	790.00	459.42	0.0021766	-6.8037	165.15	-0.11208	2.1710	3.1548	1760.3	-0.052512	0.00017123	0.23958	liquid
124.69	790.00	458.54	0.0021809	-3.9820	168.31	-0.086683	2.1674	3.1537	1755.2	-0.052484	0.00016795	0.23857	liquid
125.69	790.00	457.65	0.0021851	-1.1622	171.46	-0.061496	2.1638	3.1526	1750.1	-0.052456	0.00016481	0.23757	liquid
126.69	790.00	456.77	0.0021893	1.6554	174.61	-0.036518	2.1602	3.1515	1745.0	-0.052427	0.00016179	0.23656	liquid
127.69	790.00	455.88	0.0021936	4.4711	177.76	-0.011745	2.1567	3.1504	1739.9	-0.052398	0.00015889	0.23555	liquid
128.69	790.00	455.00	0.0021978	7.2847	180.91	0.012826	2.1531	3.1493	1734.9	-0.052368	0.00015611	0.23454	liquid
129.69	790.00	454.12	0.0022021	10.096	184.06	0.037198	2.1496	3.1482	1729.8	-0.052337	0.00015344	0.23353	liquid
130.69	790.00	453.24	0.0022064	12.906	187.21	0.061375	2.1461	3.1470	1724.8	-0.052306	0.00015087	0.23252	liquid
131.69	790.00	452.35	0.0022107	15.713	190.35	0.085358	2.1426	3.1459	1719.8	-0.052273	0.00014840	0.23151	liquid
132.69	790.00	451.48	0.0022150	18.518	193.50	0.10915	2.1391	3.1447	1714.8	-0.052241	0.00014601	0.23051	liquid
133.69	790.00	450.60	0.0022193	21.321	196.64	0.13276	2.1357	3.1436	1709.8	-0.052207	0.00014371	0.22950	liquid
134.69	790.00	449.72	0.0022236	24.122	199.79	0.15618	2.1322	3.1424	1704.8	-0.052173	0.00014150	0.22850	liquid
135.69	790.00	448.84	0.0022280	26.921	202.93	0.17942	2.1288	3.1413	1699.8	-0.052139	0.00013935	0.22749	liquid
136.69	790.00	447.97	0.0022323	29.717	206.07	0.20248	2.1254	3.1401	1694.9	-0.052103	0.00013729	0.22649	liquid
137.69	790.00	447.09	0.0022367	32.512	209.21	0.22536	2.1221	3.1389	1690.0	-0.052067	0.00013529	0.22549	liquid
138.69	790.00	446.22	0.0022411	35.304	212.35	0.24807	2.1187	3.1378	1685.0	-0.052030	0.00013335	0.22449	liquid
139.69	790.00	445.35	0.0022454	38.094	215.48	0.27061	2.1154	3.1366	1680.1	-0.051993	0.00013148	0.22350	liquid
140.69	790.00	444.47	0.0022499	40.882	218.62	0.29298	2.1121	3.1354	1675.3	-0.051955	0.00012967	0.22251	liquid
141.69	790.00	443.60	0.0022543	43.668	221.76	0.31518	2.1088	3.1342	1670.4	-0.051916	0.00012791	0.22151	liquid
142.69	790.00	442.73	0.0022587	46.451	224.89	0.33722	2.1056	3.1330	1665.5	-0.051876	0.00012621	0.22053	liquid
143.69	790.00	441.86	0.0022632	49.232	228.02	0.35910	2.1023	3.1318	1660.7	-0.051836	0.00012456	0.21954	liquid
144.69	790.00	440.99	0.0022676	52.011	231.15	0.38081	2.0991	3.1307	1655.9	-0.051794	0.00012295	0.21856	liquid
145.69	790.00	440.12	0.0022721	54.788	234.28	0.40237	2.0960	3.1295	1651.1	-0.051752	0.00012140	0.21758	liquid
146.69	790.00	439.26	0.0022766	57.563	237.41	0.42377	2.0928	3.1283	1646.3	-0.051710	0.00011988	0.21660	liquid
147.69	790.00	438.39	0.0022811	60.335	240.54	0.44502	2.0897	3.1271	1641.6	-0.051666	0.00011841	0.21563	liquid
148.69	790.00	437.53	0.0022856	63.105	243.67	0.46612	2.0866	3.1259	1636.8	-0.051622	0.00011698	0.21466	liquid
149.69	790.00	436.66	0.0022901	65.873	246.79	0.48707	2.0835	3.1248	1632.1	-0.051577	0.00011559	0.21369	liquid
150.69	790.00	435.80	0.0022946	68.639	249.92	0.50787	2.0804	3.1236	1627.4	-0.051531	0.00011423	0.21273	liquid
151.69	790.00	434.93	0.0022992	71.402	253.04	0.52852	2.0774	3.1224	1622.7	-0.051484	0.00011291	0.21177	liquid
152.69	790.00	434.07	0.0023038	74.163	256.16	0.54904	2.0744	3.1213	1618.0	-0.051437	0.00011163	0.21081	liquid
153.69	790.00	433.21	0.0023083	76.922	259.28	0.56941	2.0714	3.1201	1613.3	-0.051388	0.00011037	0.20986	liquid
154.69	790.00	432.35	0.0023129	79.679	262.40	0.58964	2.0684	3.1189	1608.7	-0.051339	0.00010915	0.20891	liquid
155.69	790.00	431.49	0.0023175	82.433	265.52	0.60973	2.0655	3.1178	1604.1	-0.051289	0.00010796	0.20797	liquid
156.69	790.00	430.63	0.0023222	85.185	268.64	0.62969	2.0626	3.1166	1599.5	-0.051238	0.00010679	0.20703	liquid
157.69	790.00	429.77	0.0023268	87.935	271.75	0.64951	2.0597	3.1155	1594.9	-0.051187	0.00010565	0.20609	liquid
158.69	790.00	428.92	0.0023314	90.682	274.87	0.66920	2.0569	3.1143	1590.3	-0.051134	0.00010454	0.20516	liquid
159.69	790.00	428.06	0.0023361	93.428	277.98	0.68876	2.0541	3.1132	1585.8	-0.051081	0.00010346	0.20423	liquid
160.69	790.00	427.21	0.0023408	96.171	281.09	0.70819	2.0513	3.1121	1581.2	-0.051027	0.00010240	0.20331	liquid
161.69	790.00	426.35	0.0023455	98.912	284.20	0.72749	2.0485	3.1109	1576.7	-0.050972	0.00010136	0.20239	liquid
162.69	790.00	425.50	0.0023502	101.65	287.32	0.74667	2.0458	3.1098	1572.2	-0.050916	0.00010034	0.20147	liquid
163.69	790.00	424.64	0.0023549	104.39	290.42	0.76572	2.0431	3.1087	1567.7	-0.050859	9.9350e-05	0.20056	liquid
164.69	790.00	423.79	0.0023596	107.12	293.53	0.78465	2.0404	3.1076	1563.3	-0.050801	9.8378e-05	0.19966	liquid
165.69	790.00	422.94	0.0023644	109.85	296.64	0.80346	2.0377	3.1065	1558.8	-0.050742	9.7427e-05	0.19875	liquid
166.69	790.00	422.09	0.0023692	112.58	299.75	0.82215	2.0351	3.1054	1554.4	-0.050683	9.6495e-05	0.19786	liquid
167.69	790.00	421.24	0.0023739	115.31	302.85	0.84072	2.0325	3.1043	1550.0	-0.050623	9.5582e-05	0.19697	liquid
168.69	790.00	420.39	0.0023787	118.03	305.95	0.85917	2.0299	3.1032	1545.6	-0.050561	9.4688e-05	0.19608	liquid
169.69	790.00	419.55	0.0023835	120.76	309.06	0.87751	2.0274	3.1022	1541.3	-0.050499	9.3811e-05	0.19520	liquid
170.69	790.00	418.70	0.0023884	123.48	312.16	0.89574	2.0249	3.1011	1536.9	-0.050436	9.2952e-05	0.19432	liquid
171.69	790.00	417.85	0.0023932	126.20	315.26	0.91385	2.0224	3.1001	1532.6	-0.050372	9.2109e-05	0.19344	liquid
172.69	790.00	417.01	0.0023980	128.91	318.36	0.93185	2.0199	3.0990	1528.3	-0.050308	9.1282e-05	0.19258	liquid
173.69	790.00	416.16	0.0024029	131.63	321.46	0.94974	2.0175	3.0980	1524.0	-0.050242	9.0471e-05	0.19171	liquid
174.69	790.00	415.32	0.0024078	134.34	324.55	0.96752	2.0151	3.0970	1519.7	-0.050175	8.9675e-05	0.19085	liquid
175.69	790.00	414.48	0.0024127	137.05	327.65	0.98520	2.0128	3.0959	1515.5	-0.050108	8.8894e-05	0.19000	liquid
176.69	790.00	413.63	0.0024176	139.76	330.75	1.0028	2.0104	3.0949	1511.2	-0.050040	8.8127e-05	0.18915	liquid
177.69	790.00	412.79	0.0024225	142.46	333.84	1.0202	2.0081	3.0939	1507.0	-0.049970	8.7374e-05	0.18831	liquid
178.69	790.00	411.95	0.0024275	145.17	336.93	1.0376	2.0058	3.0930	1502.8	-0.049900	8.6634e-05	0.18747	liquid
179.69	790.00	411.11	0.0024324	147.87	340.03	1.0548	2.0036	3.0920	1498.6	-0.049829	8.5907e-05	0.18664	liquid
180.69	790.00	410.28	0.0024374	150.57	343.12	1.0720	2.0014	3.0910	1494.5	-0.049757	8.5193e-05	0.18581	liquid
181.69	790.00	409.44	0.0024424	153.26	346.21	1.0891	1.9992	3.0901	1490.3	-0.049684	8.4492e-05	0.18499	liquid
182.69	790.00	408.60	0.0024474	155.96	349.30	1.1060	1.9970	3.0891	1486.2	-0.049611	8.3802e-05	0.18417	liquid
183.69	790.00	407.77	0.0024524	158.65	352.39	1.1229	1.9949	3.0882	1482.1	-0.049536	8.3124e-05	0.18335	liquid
184.69	790.00	406.93	0.0024574	161.34	355.47	1.1396	1.9928	3.0873	1478.0	-0.049461	8.2457e-05	0.18255	liquid
185.69	790.00	406.10	0.0024625	164.03	358.56	1.1563	1.9907	3.0863	1473.9	-0.049384	8.1801e-05	0.18174	liquid
186.69	790.00	405.27	0.0024675	166.71	361.65	1.1729	1.9887	3.0854	1469.9	-0.049307	8.1156e-05	0.18095	liquid
187.69	790.00	404.43	0.0024726	169.40	364.73	1.1894	1.9866	3.0845	1465.9	-0.049229	8.0522e-05	0.18015	liquid
188.69	790.00	403.60	0.0024777	172.08	367.82	1.2057	1.9847	3.0837	1461.9	-0.049150	7.9898e-05	0.17937	liquid
189.69	790.00	402.77	0.0024828	174.76	370.90	1.2220	1.9827	3.0828	1457.9	-0.049070	7.9284e-05	0.17859	liquid
190.69	790.00	401.94	0.0024879	177.44	373.98	1.2383	1.9808	3.0819	1453.9	-0.048989	7.8679e-05	0.17781	supercritical
191.69	790.00	401.12	0.0024931	180.11	377.06	1.2544	1.9789	3.0811	1449.9	-0.048907	7.8084e-05	0.17704	supercritical
192.69	790.00	400.29	0.0024982	182.79	380.14	1.2704	1.9770	3.0802	1446.0	-0.048825	7.7498e-05	0.17627	supercritical
193.69	790.00	399.46	0.0025034	185.46	383.22	1.2863	1.9752	3.0794	1442.1	-0.048741	7.6921e-05	0.17551	supercritical
194.69	790.00	398.64	0.0025086	188.13	386.30	1.3022	1.9734	3.0786	1438.2	-0.048657	7.6353e-05	0.17475	supercritical
195.69	790.00	397.81	0.0025138	190.80	389.38	1.3180	1.9716	3.0778	1434.3	-0.048572	7.5794e-05	0.17400	supercritical
196.69	790.00	396.99	0.0025190	193.46	392.46	1.3337	1.9699	3.0770	1430.4	-0.048486	7.5243e-05	0.17325	supercritical
197.69	790.00	396.17	0.0025242	196.12	395.54	1.3493	1.9682	3.0762	1426.6	-0.048399	7.4700e-05	0.17251	supercritical
198.69	790.00	395.34	0.0025294	198.79	398.61	1.3648	1.9665	3.0755	1422.8	-0.048311	7.4166e-05	0.17178	supercritical
199.69	790.00	394.52	0.0025347	201.45	401.69	1.3802	1.9649	3.0747	1419.0	-0.048223	7.3639e-05	0.17105	supercritical
200.69	790.00	393.70	0.0025400	204.10	404.76	1.3956	1.9633	3.0740	1415.2	-0.048133	7.3119e-05	0.17032	supercritical
201.69	790.00	392.89	0.0025453	206.76	407.83	1.4108	1.9617	3.0733	1411.4	-0.048043	7.2608e-05	0.16960	supercritical
202.69	790.00	392.07	0.0025506	209.41	410.91	1.4260	1.9601	3.0726	1407.7	-0.047952	7.2103e-05	0.16888	supercritical
203.69	790.00	391.25	0.0025559	212.06	413.98	1.4412	1.9586	3.0719	1403.9	-0.047860	7.1606e-05	0.16817	supercritical
204.69	790.00	390.44	0.0025612	214.71	417.05	1.4562	1.9571	3.0712	1400.2	-0.047768	7.1116e-05	0.16747	supercritical
205.69	790.00	389.62	0.0025666	217.36	420.12	1.4712	1.9557	3.0705	1396.5	-0.047674	7.0633e-05	0.16677	supercritical
206.69	790.00	388.81	0.0025720	220.01	423.19	1.4861	1.9542	3.0698	1392.8	-0.047580	7.0157e-05	0.16608	supercritical
207.69	790.00	388.00	0.0025773	222.65	426.26	1.5009	1.9528	3.0692	1389.2	-0.047485	6.9687e-05	0.16539	supercritical
208.69	790.00	387.19	0.0025827	225.29	429.33	1.5156	1.9515	3.0685	1385.5	-0.047389	6.9223e-05	0.16470	supercritical
209.69	790.00	386.38	0.0025882	227.93	432.40	1.5303	1.9501	3.0679	1381.9	-0.047292	6.8766e-05	0.16402	supercritical
210.69	790.00	385.57	0.0025936	230.57	435.47	1.5449	1.9488	3.0673	1378.3	-0.047195	6.8316e-05	0.16335	supercritical
211.69	790.00	384.76	0.0025990	233.21	438.53	1.5594	1.9476	3.0667	1374.7	-0.047096	6.7871e-05	0.16268	supercritical
212.69	790.00	383.95	0.0026045	235.84	441.60	1.5738	1.9463	3.0661	1371.2	-0.046997	6.7432e-05	0.16202	supercritical
213.69	790.00	383.15	0.0026100	238.48	444.67	1.5882	1.9451	3.0655	1367.6	-0.046898	6.6999e-05	0.16136	supercritical
214.69	790.00	382.34	0.0026155	241.11	447.73	1.6025	1.9439	3.0650	1364.1	-0.046797	6.6572e-05	0.16071	supercritical
215.69	790.00	381.54	0.0026210	243.74	450.80	1.6168	1.9428	3.0644	1360.6	-0.046696	6.6151e-05	0.16006	supercritical
216.69	790.00	380.73	0.0026265	246.37	453.86	1.6310	1.9417	3.0639	1357.1	-0.046594	6.5735e-05	0.15941	supercritical
217.69	790.00	379.93	0.0026320	248.99	456.92	1.6451	1.9406	3.0634	1353.6	-0.046491	6.5325e-05	0.15878	supercritical
218.69	790.00	379.13	0.0026376	251.62	459.99	1.6591	1.9395	3.0629	1350.2	-0.046388	6.4920e-05	0.15814	supercritical
219.69	790.00	378.33	0.0026432	254.24	463.05	1.6731	1.9385	3.0624	1346.7	-0.046284	6.4520e-05	0.15752	supercritical
220.69	790.00	377.54	0.0026488	256.86	466.11	1.6870	1.9375	3.0619	1343.3	-0.046179	6.4125e-05	0.15689	supercritical
221.69	790.00	376.74	0.0026544	259.48	469.17	1.7008	1.9366	3.0615	1339.9	-0.046074	6.3735e-05	0.15628	supercritical
222.69	790.00	375.94	0.0026600	262.10	472.23	1.7146	1.9356	3.0610	1336.5	-0.045967	6.3351e-05	0.15566	supercritical
223.69	790.00	375.15	0.0026656	264.71	475.30	1.7283	1.9347	3.0606	1333.2	-0.045861	6.2971e-05	0.15505	supercritical
224.69	790.00	374.35	0.0026713	267.33	478.36	1.7420	1.9339	3.0601	1329.8	-0.045753	6.2596e-05	0.15445	supercritical
225.69	790.00	373.56	0.0026769	269.94	481.42	1.7555	1.9330	3.0597	1326.5	-0.045645	6.2226e-05	0.15385	supercritical
226.69	790.00	372.77	0.0026826	272.55	484.47	1.7691	1.9322	3.0593	1323.2	-0.045536	6.1860e-05	0.15326	supercritical
227.69	790.00	371.98	0.0026883	275.16	487.53	1.7825	1.9314	3.0590	1319.9	-0.045427	6.1499e-05	0.15267	supercritical
228.69	790.00	371.19	0.0026940	277.77	490.59	1.7959	1.9307	3.0586	1316.6	-0.045317	6.1142e-05	0.15209	supercritical
229.69	790.00	370.41	0.0026997	280.37	493.65	1.8093	1.9300	3.0582	1313.4	-0.045206	6.0790e-05	0.15151	supercritical
230.69	790.00	369.62	0.0027055	282.98	496.71	1.8226	1.9293	3.0579	1310.2	-0.045095	6.0442e-05	0.15094	supercritical
231.69	790.00	368.83	0.0027112	285.58	499.77	1.8358	1.9287	3.0576	1306.9	-0.044983	6.0099e-05	0.15037	supercritical
232.69	790.00	368.05	0.0027170	288.18	502.82	1.8490	1.9280	3.0572	1303.7	-0.044871	5.9759e-05	0.14981	supercritical
233.69	790.00	367.27	0.0027228	290.78	505.88	1.8621	1.9275	3.0569	1300.6	-0.044758	5.9424e-05	0.14925	supercritical
234.69	790.00	366.49	0.0027286	293.38	508.94	1.8751	1.9269	3.0567	1297.4	-0.044645	5.9093e-05	0.14869	supercritical
235.69	790.00	365.71	0.0027344	295.97	511.99	1.8881	1.9264	3.0564	1294.2	-0.044531	5.8765e-05	0.14814	supercritical
236.69	790.00	364.93	0.0027403	298.57	515.05	1.9011	1.9259	3.0561	1291.1	-0.044416	5.8442e-05	0.14760	supercritical
237.69	790.00	364.15	0.0027461	301.16	518.11	1.9139	1.9254	3.0559	1288.0	-0.044301	5.8122e-05	0.14706	supercritical
238.69	790.00	363.37	0.0027520	303.76	521.16	1.9268	1.9250	3.0557	1284.9	-0.044185	5.7807e-05	0.14652	supercritical
239.69	790.00	362.60	0.0027579	306.35	524.22	1.9396	1.9246	3.0554	1281.8	-0.044069	5.7495e-05	0.14599	supercritical
240.69	790.00	361.83	0.0027638	308.94	527.27	1.9523	1.9242	3.0552	1278.8	-0.043953	5.7186e-05	0.14547	supercritical
241.69	790.00	361.05	0.0027697	311.53	530.33	1.9649	1.9239	3.0550	1275.7	-0.043836	5.6882e-05	0.14495	supercritical
242.69	790.00	360.28	0.0027756	314.11	533.38	1.9776	1.9236	3.0549	1272.7	-0.043718	5.6581e-05	0.14443	supercritical
243.69	790.00	359.51	0.0027815	316.70	536.44	1.9901	1.9233	3.0547	1269.7	-0.043600	5.6283e-05	0.14392	supercritical
244.69	790.00	358.75	0.0027875	319.28	539.49	2.0026	1.9230	3.0546	1266.7	-0.043482	5.5989e-05	0.14341	supercritical
245.69	790.00	357.98	0.0027935	321.86	542.55	2.0151	1.9228	3.0544	1263.8	-0.043363	5.5698e-05	0.14291	supercritical
246.69	790.00	357.21	0.0027994	324.45	545.60	2.0275	1.9226	3.0543	1260.8	-0.043244	5.5411e-05	0.14241	supercritical
247.69	790.00	356.45	0.0028054	327.03	548.66	2.0398	1.9225	3.0542	1257.9	-0.043124	5.5127e-05	0.14192	supercritical
248.69	790.00	355.69	0.0028115	329.60	551.71	2.0521	1.9223	3.0541	1255.0	-0.043004	5.4846e-05	0.14143	supercritical
249.69	790.00	354.93	0.0028175	332.18	554.76	2.0644	1.9222	3.0540	1252.1	-0.042884	5.4569e-05	0.14095	supercritical
250.69	790.00	354.17	0.0028235	334.76	557.82	2.0766	1.9222	3.0539	1249.2	-0.042763	5.4294e-05	0.14047	supercritical
251.69	790.00	353.41	0.0028296	337.33	560.87	2.0888	1.9221	3.0539	1246.3	-0.042642	5.4023e-05	0.13999	supercritical
252.69	790.00	352.65	0.0028357	339.91	563.93	2.1009	1.9221	3.0538	1243.5	-0.042521	5.3755e-05	0.13952	supercritical
253.69	790.00	351.89	0.0028418	342.48	566.98	2.1129	1.9221	3.0538	1240.7	-0.042399	5.3490e-05	0.13906	supercritical
254.69	790.00	351.14	0.0028479	345.05	570.03	2.1250	1.9222	3.0538	1237.8	-0.042277	5.3227e-05	0.13860	supercritical
255.69	790.00	350.39	0.0028540	347.62	573.09	2.1369	1.9223	3.0538	1235.0	-0.042155	5.2968e-05	0.13814	supercritical
256.69	790.00	349.63	0.0028601	350.19	576.14	2.1488	1.9224	3.0538	1232.3	-0.042032	5.2712e-05	0.13769	supercritical
257.69	790.00	348.88	0.0028663	352.76	579.20	2.1607	1.9225	3.0539	1229.5	-0.041909	5.2458e-05	0.13724	supercritical
258.69	790.00	348.14	0.0028724	355.33	582.25	2.1725	1.9227	3.0539	1226.8	-0.041786	5.2208e-05	0.13679	supercritical
259.69	790.00	347.39	0.0028786	357.89	585.30	2.1843	1.9229	3.0539	1224.0	-0.041663	5.1960e-05	0.13635	supercritical
260.69	790.00	346.64	0.0028848	360.46	588.36	2.1961	1.9231	3.0540	1221.3	-0.041539	5.1715e-05	0.13592	supercritical
261.69	790.00	345.90	0.0028910	363.02	591.41	2.2078	1.9234	3.0541	1218.6	-0.041415	5.1472e-05	0.13549	supercritical
262.69	790.00	345.16	0.0028972	365.58	594.47	2.2194	1.9236	3.0542	1216.0	-0.041291	5.1233e-05	0.13506	supercritical
263.69	790.00	344.41	0.0029035	368.15	597.52	2.2310	1.9240	3.0543	1213.3	-0.041167	5.0996e-05	0.13464	supercritical
264.69	790.00	343.68	0.0029097	370.71	600.57	2.2426	1.9243	3.0544	1210.7	-0.041042	5.0761e-05	0.13422	supercritical
265.69	790.00	342.94	0.0029160	373.27	603.63	2.2541	1.9247	3.0546	1208.0	-0.040918	5.0529e-05	0.13381	supercritical
266.69	790.00	342.20	0.0029223	375.82	606.68	2.2656	1.9251	3.0547	1205.4	-0.040793	5.0300e-05	0.13340	supercritical
267.69	790.00	341.47	0.0029286	378.38	609.74	2.2770	1.9255	3.0549	1202.8	-0.040668	5.0073e-05	0.13299	supercritical
268.69	790.00	340.73	0.0029349	380.94	612.79	2.2884	1.9259	3.0550	1200.3	-0.040543	4.9849e-05	0.13259	supercritical
269.69	790.00	340.00	0.0029412	383.49	615.85	2.2997	1.9264	3.0552	1197.7	-0.040418	4.9627e-05	0.13219	supercritical
270.69	790.00	339.27	0.0029475	386.05	618.90	2.3110	1.9269	3.0554	1195.2	-0.040293	4.9407e-05	0.13180	supercritical
271.69	790.00	338.54	0.0029539	388.60	621.96	2.3223	1.9275	3.0556	1192.7	-0.040168	4.9190e-05	0.13141	supercritical
272.69	790.00	337.81	0.0029602	391.16	625.01	2.3335	1.9280	3.0559	1190.2	-0.040042	4.8975e-05	0.13102	supercritical
273.69	790.00	337.09	0.0029666	393.71	628.07	2.3447	1.9286	3.0561	1187.7	-0.039917	4.8763e-05	0.13064	supercritical
274.69	790.00	336.36	0.0029730	396.26	631.13	2.3559	1.9292	3.0564	1185.2	-0.039791	4.8552e-05	0.13026	supercritical
275.69	790.00	335.64	0.0029794	398.81	634.18	2.3670	1.9299	3.0566	1182.7	-0.039666	4.8344e-05	0.12989	supercritical
276.69	790.00	334.92	0.0029858	401.36	637.24	2.3780	1.9306	3.0569	1180.3	-0.039540	4.8139e-05	0.12952	supercritical
277.69	790.00	334.20	0.0029922	403.91	640.30	2.3891	1.9313	3.0572	1177.9	-0.039415	4.7935e-05	0.12916	supercritical
278.69	790.00	333.48	0.0029987	406.46	643.35	2.4001	1.9320	3.0575	1175.5	-0.039289	4.7734e-05	0.12880	supercritical
279.69	790.00	332.76	0.0030051	409.01	646.41	2.4110	1.9327	3.0578	1173.1	-0.039164	4.7534e-05	0.12844	supercritical
280.69	790.00	332.05	0.0030116	411.55	649.47	2.4219	1.9335	3.0582	1170.7	-0.039038	4.7337e-05	0.12808	supercritical
281.69	790.00	331.34	0.0030181	414.10	652.53	2.4328	1.9343	3.0585	1168.3	-0.038913	4.7142e-05	0.12773	supercritical
282.69	790.00	330.62	0.0030246	416.64	655.59	2.4436	1.9352	3.0589	1166.0	-0.038788	4.6949e-05	0.12739	supercritical
283.69	790.00	329.91	0.0030311	419.19	658.65	2.4544	1.9360	3.0592	1163.7	-0.038662	4.6758e-05	0.12705	supercritical
284.69	790.00	329.21	0.0030376	421.73	661.71	2.4652	1.9369	3.0596	1161.3	-0.038537	4.6569e-05	0.12671	supercritical
285.69	790.00	328.50	0.0030441	424.28	664.77	2.4759	1.9378	3.0600	1159.0	-0.038412	4.6382e-05	0.12637	supercritical
286.69	790.00	327.79	0.0030507	426.82	667.83	2.4866	1.9388	3.0604	1156.8	-0.038287	4.6197e-05	0.12604	supercritical
287.69	790.00	327.09	0.0030573	429.36	670.89	2.4973	1.9397	3.0608	1154.5	-0.038162	4.6014e-05	0.12571	supercritical
288.69	790.00	326.39	0.0030638	431.90	673.95	2.5079	1.9407	3.0613	1152.3	-0.038037	4.5833e-05	0.12539	supercritical
289.69	790.00	325.69	0.0030704	434.45	677.01	2.5185	1.9417	3.0617	1150.0	-0.037912	4.5654e-05	0.12507	supercritical
290.69	790.00	324.99	0.0030770	436.99	680.07	2.5290	1.9428	3.0622	1147.8	-0.037788	4.5477e-05	0.12476	supercritical
291.69	790.00	324.29	0.0030836	439.53	683.13	2.5396	1.9438	3.0626	1145.6	-0.037663	4.5301e-05	0.12444	supercritical
292.69	790.00	323.60	0.0030902	442.07	686.20	2.5500	1.9449	3.0631	1143.4	-0.037539	4.5127e-05	0.12413	supercritical
293.69	790.00	322.91	0.0030969	444.61	689.26	2.5605	1.9460	3.0636	1141.3	-0.037415	4.4955e-05	0.12383	supercritical
294.69	790.00	322.21	0.0031035	447.14	692.32	2.5709	1.9472	3.0641	1139.1	-0.037291	4.4785e-05	0.12353	supercritical
295.69	790.00	321.52	0.0031102	449.68	695.39	2.5813	1.9483	3.0646	1137.0	-0.037168	4.4617e-05	0.12323	supercritical
296.69	790.00	320.84	0.0031169	452.22	698.45	2.5916	1.9495	3.0652	1134.8	-0.037044	4.4450e-05	0.12293	supercritical
297.69	790.00	320.15	0.0031235	454.76	701.52	2.6019	1.9507	3.0657	1132.7	-0.036921	4.4285e-05	0.12264	supercritical
298.69	790.00	319.46	0.0031302	457.29	704.58	2.6122	1.9519	3.0663	1130.6	-0.036798	4.4122e-05	0.12235	supercritical
299.69	790.00	318.78	0.0031370	459.83	707.65	2.6225	1.9532	3.0668	1128.6	-0.036676	4.3961e-05	0.12207	supercritical
300.69	790.00	318.10	0.0031437	462.37	710.72	2.6327	1.9545	3.0674	1126.5	-0.036553	4.3801e-05	0.12179	supercritical
301.69	790.00	317.42	0.0031504	464.90	713.79	2.6429	1.9558	3.0680	1124.4	-0.036431	4.3643e-05	0.12151	supercritical
302.69	790.00	316.74	0.0031571	467.44	716.85	2.6530	1.9571	3.0686	1122.4	-0.036309	4.3486e-05	0.12124	supercritical
303.69	790.00	316.07	0.0031639	469.97	719.92	2.6632	1.9585	3.0692	1120.4	-0.036188	4.3331e-05	0.12097	supercritical
304.69	790.00	315.39	0.0031707	472.51	722.99	2.6732	1.9598	3.0698	1118.4	-0.036066	4.3178e-05	0.12070	supercritical
305.69	790.00	314.72	0.0031774	475.04	726.06	2.6833	1.9612	3.0705	1116.4	-0.035945	4.3026e-05	0.12044	supercritical
306.69	790.00	314.05	0.0031842	477.58	729.13	2.6933	1.9626	3.0711	1114.4	-0.035825	4.2876e-05	0.12018	supercritical
307.69	790.00	313.38	0.0031910	480.11	732.20	2.7033	1.9641	3.0718	1112.5	-0.035704	4.2727e-05	0.11992	supercritical
308.69	790.00	312.71	0.0031978	482.65	735.28	2.7133	1.9656	3.0725	1110.5	-0.035585	4.2580e-05	0.11966	supercritical
309.69	790.00	312.04	0.0032047	485.18	738.35	2.7232	1.9670	3.0732	1108.6	-0.035465	4.2434e-05	0.11941	supercritical
310.69	790.00	311.38	0.0032115	487.71	741.42	2.7331	1.9685	3.0739	1106.7	-0.035346	4.2290e-05	0.11917	supercritical
311.69	790.00	310.72	0.0032184	490.25	744.50	2.7430	1.9701	3.0746	1104.8	-0.035227	4.2147e-05	0.11892	supercritical
312.69	790.00	310.06	0.0032252	492.78	747.57	2.7529	1.9716	3.0753	1102.9	-0.035108	4.2006e-05	0.11868	supercritical
313.69	790.00	309.40	0.0032321	495.31	750.65	2.7627	1.9732	3.0760	1101.0	-0.034990	4.1866e-05	0.11844	supercritical
314.69	790.00	308.74	0.0032390	497.85	753.72	2.7725	1.9748	3.0768	1099.2	-0.034873	4.1727e-05	0.11821	supercritical
315.69	790.00	308.09	0.0032458	500.38	756.80	2.7823	1.9764	3.0775	1097.3	-0.034755	4.1590e-05	0.11797	supercritical
316.69	790.00	307.43	0.0032527	502.91	759.88	2.7920	1.9780	3.0783	1095.5	-0.034638	4.1455e-05	0.11775	supercritical
317.69	790.00	306.78	0.0032596	505.45	762.96	2.8017	1.9797	3.0791	1093.7	-0.034522	4.1320e-05	0.11752	supercritical
318.69	790.00	306.13	0.0032666	507.98	766.04	2.8114	1.9814	3.0799	1091.9	-0.034406	4.1187e-05	0.11730	supercritical
319.69	790.00	305.48	0.0032735	510.51	769.12	2.8210	1.9831	3.0807	1090.1	-0.034290	4.1056e-05	0.11708	supercritical
320.69	790.00	304.84	0.0032804	513.04	772.20	2.8306	1.9848	3.0815	1088.3	-0.034175	4.0926e-05	0.11686	supercritical
321.69	790.00	304.19	0.0032874	515.58	775.28	2.8402	1.9865	3.0823	1086.6	-0.034061	4.0797e-05	0.11665	supercritical
322.69	790.00	303.55	0.0032943	518.11	778.36	2.8498	1.9883	3.0832	1084.8	-0.033946	4.0669e-05	0.11644	supercritical
323.69	790.00	302.91	0.0033013	520.64	781.45	2.8593	1.9901	3.0840	1083.1	-0.033833	4.0543e-05	0.11623	supercritical
324.69	790.00	302.27	0.0033083	523.18	784.53	2.8689	1.9919	3.0849	1081.4	-0.033719	4.0418e-05	0.11602	supercritical
325.69	790.00	301.63	0.0033153	525.71	787.62	2.8783	1.9937	3.0857	1079.7	-0.033607	4.0294e-05	0.11582	supercritical
326.69	790.00	301.00	0.0033223	528.24	790.70	2.8878	1.9955	3.0866	1078.0	-0.033494	4.0171e-05	0.11562	supercritical
327.69	790.00	300.36	0.0033293	530.78	793.79	2.8972	1.9974	3.0875	1076.3	-0.033383	4.0050e-05	0.11543	supercritical
328.69	790.00	299.73	0.0033363	533.31	796.88	2.9067	1.9993	3.0884	1074.6	-0.033271	3.9930e-05	0.11523	supercritical
329.69	790.00	299.10	0.0033433	535.84	799.97	2.9160	2.0012	3.0893	1073.0	-0.033161	3.9811e-05	0.11504	supercritical
330.69	790.00	298.47	0.0033504	538.38	803.06	2.9254	2.0031	3.0903	1071.3	-0.033050	3.9693e-05	0.11485	supercritical
331.69	790.00	297.85	0.0033574	540.91	806.15	2.9347	2.0050	3.0912	1069.7	-0.032941	3.9576e-05	0.11467	supercritical
332.69	790.00	297.22	0.0033645	543.44	809.24	2.9440	2.0070	3.0921	1068.1	-0.032832	3.9461e-05	0.11449	supercritical
333.69	790.00	296.60	0.0033716	545.98	812.33	2.9533	2.0089	3.0931	1066.5	-0.032723	3.9347e-05	0.11431	supercritical
334.69	790.00	295.98	0.0033786	548.51	815.42	2.9626	2.0109	3.0941	1064.9	-0.032615	3.9234e-05	0.11413	supercritical
335.69	790.00	295.36	0.0033857	551.05	818.52	2.9718	2.0129	3.0951	1063.4	-0.032507	3.9122e-05	0.11396	supercritical
336.69	790.00	294.74	0.0033928	553.58	821.62	2.9810	2.0149	3.0961	1061.8	-0.032400	3.9011e-05	0.11378	supercritical
337.69	790.00	294.13	0.0033999	556.12	824.71	2.9902	2.0170	3.0971	1060.3	-0.032294	3.8901e-05	0.11362	supercritical
338.69	790.00	293.51	0.0034070	558.65	827.81	2.9994	2.0190	3.0981	1058.7	-0.032188	3.8793e-05	0.11345	supercritical
339.69	790.00	292.90	0.0034141	561.19	830.91	3.0085	2.0211	3.0991	1057.2	-0.032083	3.8685e-05	0.11329	supercritical
340.69	790.00	292.29	0.0034213	563.73	834.01	3.0176	2.0232	3.1001	1055.7	-0.031978	3.8579e-05	0.11313	supercritical
341.69	790.00	291.68	0.0034284	566.26	837.11	3.0267	2.0253	3.1012	1054.2	-0.031874	3.8473e-05	0.11297	supercritical
342.69	790.00	291.07	0.0034355	568.80	840.21	3.0358	2.0275	3.1022	1052.7	-0.031770	3.8369e-05	0.11281	supercritical
343.69	790.00	290.47	0.0034427	571.34	843.31	3.0448	2.0296	3.1033	1051.2	-0.031667	3.8266e-05	0.11266	supercritical
344.69	790.00	289.87	0.0034499	573.88	846.42	3.0538	2.0318	3.1044	1049.8	-0.031565	3.8163e-05	0.11251	supercritical
345.69	790.00	289.27	0.0034570	576.42	849.52	3.0628	2.0339	3.1055	1048.3	-0.031463	3.8062e-05	0.11236	supercritical
346.69	790.00	288.67	0.0034642	578.95	852.63	3.0718	2.0361	3.1066	1046.9	-0.031362	3.7962e-05	0.11221	supercritical
347.69	790.00	288.07	0.0034714	581.49	855.73	3.0807	2.0383	3.1077	1045.5	-0.031262	3.7863e-05	0.11207	supercritical
348.69	790.00	287.47	0.0034786	584.03	858.84	3.0897	2.0406	3.1088	1044.1	-0.031162	3.7764e-05	0.11193	supercritical
349.69	790.00	286.88	0.0034858	586.57	861.95	3.0986	2.0428	3.1099	1042.7	-0.031062	3.7667e-05	0.11179	supercritical
350.69	790.00	286.29	0.0034930	589.12	865.06	3.1074	2.0451	3.1111	1041.3	-0.030964	3.7571e-05	0.11166	supercritical
351.69	790.00	285.70	0.0035002	591.66	868.17	3.1163	2.0473	3.1122	1039.9	-0.030865	3.7475e-05	0.11152	supercritical
352.69	790.00	285.11	0.0035074	594.20	871.29	3.1251	2.0496	3.1134	1038.6	-0.030768	3.7381e-05	0.11139	supercritical
353.69	790.00	284.52	0.0035147	596.74	874.40	3.1340	2.0519	3.1146	1037.2	-0.030671	3.7288e-05	0.11126	supercritical
354.69	790.00	283.94	0.0035219	599.28	877.52	3.1428	2.0543	3.1157	1035.9	-0.030575	3.7195e-05	0.11114	supercritical
355.69	790.00	283.35	0.0035292	601.83	880.63	3.1515	2.0566	3.1169	1034.5	-0.030479	3.7103e-05	0.11101	supercritical
356.69	790.00	282.77	0.0035364	604.37	883.75	3.1603	2.0589	3.1181	1033.2	-0.030384	3.7013e-05	0.11089	supercritical
357.69	790.00	282.19	0.0035437	606.92	886.87	3.1690	2.0613	3.1194	1031.9	-0.030290	3.6923e-05	0.11077	supercritical
358.69	790.00	281.61	0.0035510	609.46	889.99	3.1777	2.0637	3.1206	1030.6	-0.030197	3.6834e-05	0.11066	supercritical
359.69	790.00	281.04	0.0035582	612.01	893.11	3.1864	2.0661	3.1218	1029.3	-0.030104	3.6746e-05	0.11054	supercritical
360.69	790.00	280.46	0.0035655	614.56	896.23	3.1951	2.0685	3.1231	1028.1	-0.030011	3.6659e-05	0.11043	supercritical
361.69	790.00	279.89	0.0035728	617.10	899.36	3.2037	2.0709	3.1243	1026.8	-0.029919	3.6573e-05	0.11032	supercritical
362.69	790.00	279.32	0.0035801	619.65	902.48	3.2124	2.0733	3.1256	1025.6	-0.029828	3.6487e-05	0.11021	supercritical
363.69	790.00	278.75	0.0035874	622.20	905.61	3.2210	2.0758	3.1269	1024.3	-0.029738	3.6403e-05	0.11010	supercritical
364.69	790.00	278.19	0.0035947	624.75	908.73	3.2295	2.0783	3.1281	1023.1	-0.029648	3.6319e-05	0.11000	supercritical
365.69	790.00	277.62	0.0036020	627.30	911.86	3.2381	2.0807	3.1294	1021.9	-0.029559	3.6236e-05	0.10990	supercritical
366.69	790.00	277.06	0.0036094	629.85	914.99	3.2467	2.0832	3.1307	1020.7	-0.029471	3.6154e-05	0.10980	supercritical
367.69	790.00	276.50	0.0036167	632.41	918.12	3.2552	2.0857	3.1320	1019.5	-0.029383	3.6073e-05	0.10970	supercritical
368.69	790.00	275.94	0.0036240	634.96	921.26	3.2637	2.0882	3.1334	1018.3	-0.029296	3.5993e-05	0.10961	supercritical
369.69	790.00	275.38	0.0036314	637.51	924.39	3.2722	2.0908	3.1347	1017.1	-0.029209	3.5913e-05	0.10951	supercritical
370.69	790.00	274.82	0.0036387	640.07	927.53	3.2807	2.0933	3.1360	1016.0	-0.029123	3.5834e-05	0.10942	supercritical
371.69	790.00	274.27	0.0036461	642.62	930.66	3.2891	2.0959	3.1374	1014.8	-0.029038	3.5756e-05	0.10933	supercritical
372.69	790.00	273.72	0.0036534	645.18	933.80	3.2975	2.0984	3.1388	1013.7	-0.028954	3.5679e-05	0.10925	supercritical
373.69	790.00	273.16	0.0036608	647.74	936.94	3.3060	2.1010	3.1401	1012.6	-0.028870	3.5602e-05	0.10916	supercritical
374.69	790.00	272.62	0.0036682	650.30	940.08	3.3143	2.1036	3.1415	1011.4	-0.028787	3.5527e-05	0.10908	supercritical
375.69	790.00	272.07	0.0036755	652.86	943.22	3.3227	2.1062	3.1429	1010.3	-0.028704	3.5452e-05	0.10900	supercritical
376.69	790.00	271.52	0.0036829	655.42	946.37	3.3311	2.1088	3.1443	1009.2	-0.028622	3.5378e-05	0.10892	supercritical
377.69	790.00	270.98	0.0036903	657.98	949.51	3.3394	2.1115	3.1457	1008.1	-0.028541	3.5304e-05	0.10884	supercritical
378.69	790.00	270.44	0.0036977	660.54	952.66	3.3477	2.1141	3.1471	1007.1	-0.028461	3.5231e-05	0.10877	supercritical
379.69	790.00	269.90	0.0037051	663.10	955.81	3.3560	2.1168	3.1486	1006.0	-0.028381	3.5159e-05	0.10870	supercritical
380.69	790.00	269.36	0.0037125	665.67	958.96	3.3643	2.1194	3.1500	1004.9	-0.028302	3.5088e-05	0.10862	supercritical
381.69	790.00	268.82	0.0037199	668.23	962.11	3.3726	2.1221	3.1515	1003.9	-0.028223	3.5018e-05	0.10856	supercritical
382.69	790.00	268.29	0.0037274	670.80	965.26	3.3808	2.1248	3.1529	1002.9	-0.028145	3.4948e-05	0.10849	supercritical
383.69	790.00	267.75	0.0037348	673.37	968.41	3.3891	2.1275	3.1544	1001.8	-0.028068	3.4879e-05	0.10842	supercritical
384.69	790.00	267.22	0.0037422	675.93	971.57	3.3973	2.1302	3.1559	1000.8	-0.027992	3.4810e-05	0.10836	supercritical
385.69	790.00	266.69	0.0037496	678.50	974.72	3.4055	2.1329	3.1573	999.79	-0.027916	3.4742e-05	0.10830	supercritical
386.69	790.00	266.16	0.0037571	681.07	977.88	3.4136	2.1357	3.1588	998.79	-0.027841	3.4675e-05	0.10824	supercritical
387.69	790.00	265.64	0.0037645	683.64	981.04	3.4218	2.1384	3.1603	997.80	-0.027766	3.4609e-05	0.10818	supercritical
388.69	790.00	265.11	0.0037720	686.22	984.20	3.4299	2.1412	3.1619	996.82	-0.027692	3.4543e-05	0.10812	supercritical
389.69	790.00	264.59	0.0037794	688.79	987.37	3.4381	2.1439	3.1634	995.85	-0.027619	3.4478e-05	0.10807	supercritical
390.69	790.00	264.07	0.0037869	691.37	990.53	3.4462	2.1467	3.1649	994.88	-0.027547	3.4414e-05	0.10802	supercritical
391.69	790.00	263.55	0.0037944	693.94	993.70	3.4543	2.1495	3.1665	993.93	-0.027475	3.4350e-05	0.10797	supercritical
392.69	790.00	263.03	0.0038018	696.52	996.86	3.4624	2.1523	3.1680	992.98	-0.027403	3.4287e-05	0.10792	supercritical
393.69	790.00	262.52	0.0038093	699.10	1000.0	3.4704	2.1551	3.1696	992.05	-0.027333	3.4224e-05	0.10787	supercritical
394.69	790.00	262.00	0.0038168	701.68	1003.2	3.4785	2.1579	3.1711	991.12	-0.027263	3.4162e-05	0.10783	supercritical
395.69	790.00	261.49	0.0038243	704.26	1006.4	3.4865	2.1607	3.1727	990.20	-0.027194	3.4101e-05	0.10778	supercritical
396.69	790.00	260.98	0.0038317	706.84	1009.5	3.4945	2.1635	3.1743	989.30	-0.027125	3.4041e-05	0.10774	supercritical
397.69	790.00	260.47	0.0038392	709.42	1012.7	3.5025	2.1664	3.1759	988.40	-0.027057	3.3981e-05	0.10770	supercritical
398.69	790.00	259.96	0.0038467	712.01	1015.9	3.5105	2.1692	3.1775	987.50	-0.026990	3.3921e-05	0.10766	supercritical
399.69	790.00	259.46	0.0038542	714.59	1019.1	3.5184	2.1721	3.1791	986.62	-0.026923	3.3862e-05	0.10762	supercritical
400.69	790.00	258.95	0.0038617	717.18	1022.3	3.5264	2.1750	3.1807	985.75	-0.026857	3.3804e-05	0.10759	supercritical
401.69	790.00	258.45	0.0038692	719.77	1025.4	3.5343	2.1779	3.1824	984.88	-0.026792	3.3747e-05	0.10755	supercritical
402.69	790.00	257.95	0.0038767	722.36	1028.6	3.5422	2.1807	3.1840	984.03	-0.026727	3.3690e-05	0.10752	supercritical
403.69	790.00	257.45	0.0038843	724.95	1031.8	3.5501	2.1836	3.1856	983.18	-0.026663	3.3633e-05	0.10749	supercritical
404.69	790.00	256.95	0.0038918	727.54	1035.0	3.5580	2.1866	3.1873	982.34	-0.026599	3.3577e-05	0.10746	supercritical
405.69	790.00	256.46	0.0038993	730.14	1038.2	3.5659	2.1895	3.1890	981.51	-0.026536	3.3522e-05	0.10744	supercritical
406.69	790.00	255.96	0.0039068	732.73	1041.4	3.5737	2.1924	3.1906	980.69	-0.026474	3.3467e-05	0.10741	supercritical
407.69	790.00	255.47	0.0039144	735.33	1044.6	3.5816	2.1953	3.1923	979.87	-0.026413	3.3413e-05	0.10739	supercritical
408.69	790.00	254.98	0.0039219	737.93	1047.8	3.5894	2.1983	3.1940	979.06	-0.026352	3.3360e-05	0.10736	supercritical
409.69	790.00	254.49	0.0039294	740.53	1051.0	3.5972	2.2012	3.1957	978.27	-0.026291	3.3307e-05	0.10734	supercritical
410.69	790.00	254.00	0.0039370	743.13	1054.1	3.6050	2.2042	3.1974	977.48	-0.026232	3.3254e-05	0.10732	supercritical
411.69	790.00	253.52	0.0039445	745.73	1057.3	3.6128	2.2071	3.1991	976.69	-0.026173	3.3202e-05	0.10731	supercritical
412.69	790.00	253.03	0.0039521	748.33	1060.5	3.6205	2.2101	3.2008	975.92	-0.026114	3.3151e-05	0.10729	supercritical
413.69	790.00	252.55	0.0039596	750.94	1063.7	3.6283	2.2131	3.2026	975.15	-0.026056	3.3100e-05	0.10727	supercritical
414.69	790.00	252.07	0.0039672	753.54	1067.0	3.6360	2.2161	3.2043	974.39	-0.025999	3.3049e-05	0.10726	supercritical
415.69	790.00	251.59	0.0039747	756.15	1070.2	3.6437	2.2191	3.2061	973.64	-0.025942	3.3000e-05	0.10725	supercritical
416.69	790.00	251.11	0.0039823	758.76	1073.4	3.6514	2.2221	3.2078	972.90	-0.025886	3.2950e-05	0.10724	supercritical
417.69	790.00	250.63	0.0039899	761.37	1076.6	3.6591	2.2251	3.2096	972.17	-0.025831	3.2901e-05	0.10723	supercritical
418.69	790.00	250.16	0.0039974	763.98	1079.8	3.6668	2.2281	3.2113	971.44	-0.025776	3.2853e-05	0.10722	supercritical
419.69	790.00	249.69	0.0040050	766.60	1083.0	3.6745	2.2312	3.2131	970.72	-0.025722	3.2805e-05	0.10722	supercritical
420.69	790.00	249.22	0.0040126	769.21	1086.2	3.6821	2.2342	3.2149	970.01	-0.025668	3.2758e-05	0.10721	supercritical
421.69	790.00	248.75	0.0040202	771.83	1089.4	3.6897	2.2372	3.2167	969.30	-0.025615	3.2711e-05	0.10721	supercritical
422.69	790.00	248.28	0.0040277	774.45	1092.6	3.6974	2.2403	3.2185	968.60	-0.025563	3.2665e-05	0.10721	supercritical
423.69	790.00	247.81	0.0040353	777.07	1095.9	3.7050	2.2433	3.2203	967.91	-0.025511	3.2619e-05	0.10720	supercritical
424.69	790.00	247.35	0.0040429	779.69	1099.1	3.7126	2.2464	3.2221	967.23	-0.025460	3.2573e-05	0.10721	supercritical
425.69	790.00	246.88	0.0040505	782.32	1102.3	3.7201	2.2495	3.2240	966.55	-0.025409	3.2529e-05	0.10721	supercritical
426.69	790.00	246.42	0.0040581	784.94	1105.5	3.7277	2.2525	3.2258	965.88	-0.025359	3.2484e-05	0.10721	supercritical
427.69	790.00	245.96	0.0040657	787.57	1108.8	3.7353	2.2556	3.2277	965.22	-0.025309	3.2440e-05	0.10722	supercritical
428.69	790.00	245.50	0.0040733	790.20	1112.0	3.7428	2.2587	3.2295	964.57	-0.025260	3.2397e-05	0.10722	supercritical
429.69	790.00	245.04	0.0040809	792.83	1115.2	3.7503	2.2618	3.2314	963.92	-0.025212	3.2354e-05	0.10723	supercritical
430.69	790.00	244.59	0.0040885	795.46	1118.4	3.7578	2.2649	3.2332	963.28	-0.025164	3.2311e-05	0.10724	supercritical
431.69	790.00	244.13	0.0040961	798.09	1121.7	3.7653	2.2680	3.2351	962.65	-0.025117	3.2269e-05	0.10725	supercritical
432.69	790.00	243.68	0.0041037	800.73	1124.9	3.7728	2.2711	3.2370	962.02	-0.025070	3.2227e-05	0.10726	supercritical
433.69	790.00	243.23	0.0041113	803.36	1128.2	3.7803	2.2743	3.2389	961.40	-0.025024	3.2186e-05	0.10727	supercritical
434.69	790.00	242.78	0.0041189	806.00	1131.4	3.7878	2.2774	3.2408	960.79	-0.024979	3.2145e-05	0.10729	supercritical
435.69	790.00	242.33	0.0041265	808.64	1134.6	3.7952	2.2805	3.2427	960.18	-0.024933	3.2105e-05	0.10730	supercritical
436.69	790.00	241.89	0.0041342	811.28	1137.9	3.8027	2.2837	3.2446	959.58	-0.024889	3.2065e-05	0.10732	supercritical
437.69	790.00	241.44	0.0041418	813.93	1141.1	3.8101	2.2868	3.2465	958.99	-0.024845	3.2025e-05	0.10734	supercritical
438.69	790.00	241.00	0.0041494	816.57	1144.4	3.8175	2.2900	3.2484	958.40	-0.024802	3.1986e-05	0.10736	supercritical
439.69	790.00	240.56	0.0041570	819.22	1147.6	3.8249	2.2931	3.2504	957.82	-0.024759	3.1947e-05	0.10738	supercritical
440.69	790.00	240.12	0.0041646	821.87	1150.9	3.8323	2.2963	3.2523	957.25	-0.024716	3.1909e-05	0.10740	supercritical
441.69	790.00	239.68	0.0041723	824.52	1154.1	3.8396	2.2994	3.2543	956.68	-0.024675	3.1871e-05	0.10742	supercritical
442.69	790.00	239.24	0.0041799	827.17	1157.4	3.8470	2.3026	3.2562	956.12	-0.024633	3.1834e-05	0.10744	supercritical
443.69	790.00	238.80	0.0041875	829.83	1160.6	3.8544	2.3058	3.2582	955.57	-0.024592	3.1797e-05	0.10747	supercritical
444.69	790.00	238.37	0.0041952	832.48	1163.9	3.8617	2.3090	3.2601	955.02	-0.024552	3.1760e-05	0.10750	supercritical
445.69	790.00	237.94	0.0042028	835.14	1167.2	3.8690	2.3122	3.2621	954.48	-0.024512	3.1724e-05	0.10752	supercritical
446.69	790.00	237.50	0.0042104	837.80	1170.4	3.8763	2.3154	3.2641	953.94	-0.024473	3.1688e-05	0.10755	supercritical
447.69	790.00	237.07	0.0042181	840.46	1173.7	3.8836	2.3185	3.2661	953.41	-0.024434	3.1652e-05	0.10758	supercritical
448.69	790.00	236.65	0.0042257	843.13	1177.0	3.8909	2.3218	3.2681	952.89	-0.024396	3.1617e-05	0.10761	supercritical
449.69	790.00	236.22	0.0042334	845.79	1180.2	3.8982	2.3250	3.2701	952.37	-0.024358	3.1583e-05	0.10764	supercritical
450.69	790.00	235.79	0.0042410	848.46	1183.5	3.9055	2.3282	3.2721	951.86	-0.024321	3.1548e-05	0.10768	supercritical
451.69	790.00	235.37	0.0042486	851.13	1186.8	3.9127	2.3314	3.2741	951.35	-0.024285	3.1514e-05	0.10771	supercritical
452.69	790.00	234.95	0.0042563	853.80	1190.0	3.9200	2.3346	3.2761	950.85	-0.024248	3.1481e-05	0.10775	supercritical
453.69	790.00	234.52	0.0042639	856.47	1193.3	3.9272	2.3378	3.2782	950.36	-0.024212	3.1447e-05	0.10778	supercritical
454.69	790.00	234.10	0.0042716	859.15	1196.6	3.9344	2.3411	3.2802	949.87	-0.024177	3.1415e-05	0.10782	supercritical
455.69	790.00	233.69	0.0042792	861.82	1199.9	3.9416	2.3443	3.2823	949.39	-0.024142	3.1382e-05	0.10786	supercritical
456.69	790.00	233.27	0.0042869	864.50	1203.2	3.9488	2.3475	3.2843	948.91	-0.024108	3.1350e-05	0.10790	supercritical
457.69	790.00	232.85	0.0042945	867.18	1206.5	3.9560	2.3508	3.2864	948.44	-0.024074	3.1318e-05	0.10794	supercritical
458.69	790.00	232.44	0.0043022	869.87	1209.7	3.9632	2.3540	3.2884	947.98	-0.024041	3.1287e-05	0.10798	supercritical
459.69	790.00	232.03	0.0043099	872.55	1213.0	3.9703	2.3573	3.2905	947.52	-0.024008	3.1256e-05	0.10803	supercritical
460.69	790.00	231.61	0.0043175	875.24	1216.3	3.9775	2.3605	3.2926	947.06	-0.023975	3.1225e-05	0.10807	supercritical
461.69	790.00	231.20	0.0043252	877.92	1219.6	3.9846	2.3638	3.2947	946.62	-0.023943	3.1195e-05	0.10812	supercritical
462.69	790.00	230.80	0.0043328	880.62	1222.9	3.9918	2.3671	3.2968	946.17	-0.023912	3.1165e-05	0.10816	supercritical
463.69	790.00	230.39	0.0043405	883.31	1226.2	3.9989	2.3703	3.2989	945.74	-0.023881	3.1135e-05	0.10821	supercritical
464.69	790.00	229.98	0.0043482	886.00	1229.5	4.0060	2.3736	3.3010	945.30	-0.023850	3.1106e-05	0.10826	supercritical
465.69	790.00	229.58	0.0043558	888.70	1232.8	4.0131	2.3769	3.3031	944.88	-0.023820	3.1077e-05	0.10831	supercritical
466.69	790.00	229.17	0.0043635	891.40	1236.1	4.0202	2.3802	3.3052	944.45	-0.023790	3.1048e-05	0.10836	supercritical
467.69	790.00	228.77	0.0043712	894.10	1239.4	4.0273	2.3834	3.3073	944.04	-0.023761	3.1020e-05	0.10841	supercritical
468.69	790.00	228.37	0.0043788	896.80	1242.7	4.0343	2.3867	3.3094	943.63	-0.023732	3.0992e-05	0.10846	supercritical
469.69	790.00	227.97	0.0043865	899.51	1246.0	4.0414	2.3900	3.3116	943.22	-0.023703	3.0964e-05	0.10851	supercritical
470.69	790.00	227.58	0.0043942	902.21	1249.4	4.0484	2.3933	3.3137	942.82	-0.023675	3.0936e-05	0.10857	supercritical
471.69	790.00	227.18	0.0044018	904.92	1252.7	4.0555	2.3966	3.3159	942.42	-0.023648	3.0909e-05	0.10862	supercritical
472.69	790.00	226.78	0.0044095	907.63	1256.0	4.0625	2.3999	3.3180	942.03	-0.023620	3.0883e-05	0.10868	supercritical
473.69	790.00	226.39	0.0044172	910.35	1259.3	4.0695	2.4032	3.3202	941.65	-0.023594	3.0856e-05	0.10874	supercritical
474.69	790.00	226.00	0.0044248	913.06	1262.6	4.0765	2.4065	3.3223	941.27	-0.023567	3.0830e-05	0.10879	supercritical
475.69	790.00	225.61	0.0044325	915.78	1265.9	4.0835	2.4098	3.3245	940.89	-0.023541	3.0804e-05	0.10885	supercritical
476.69	790.00	225.22	0.0044402	918.50	1269.3	4.0905	2.4131	3.3267	940.52	-0.023516	3.0779e-05	0.10891	supercritical
477.69	790.00	224.83	0.0044479	921.22	1272.6	4.0975	2.4165	3.3289	940.15	-0.023490	3.0753e-05	0.10897	supercritical
478.69	790.00	224.44	0.0044555	923.94	1275.9	4.1044	2.4198	3.3311	939.79	-0.023466	3.0728e-05	0.10904	supercritical
479.69	790.00	224.05	0.0044632	926.67	1279.3	4.1114	2.4231	3.3333	939.44	-0.023441	3.0704e-05	0.10910	supercritical
480.69	790.00	223.67	0.0044709	929.40	1282.6	4.1183	2.4264	3.3355	939.08	-0.023417	3.0679e-05	0.10916	supercritical
481.69	790.00	223.29	0.0044786	932.13	1285.9	4.1253	2.4298	3.3377	938.74	-0.023394	3.0655e-05	0.10923	supercritical
482.69	790.00	222.90	0.0044862	934.86	1289.3	4.1322	2.4331	3.3399	938.40	-0.023370	3.0632e-05	0.10929	supercritical
483.69	790.00	222.52	0.0044939	937.59	1292.6	4.1391	2.4364	3.3421	938.06	-0.023347	3.0608e-05	0.10936	supercritical
484.69	790.00	222.14	0.0045016	940.33	1296.0	4.1460	2.4398	3.3443	937.72	-0.023325	3.0585e-05	0.10943	supercritical
485.69	790.00	221.77	0.0045093	943.07	1299.3	4.1529	2.4431	3.3465	937.40	-0.023303	3.0562e-05	0.10949	supercritical
486.69	790.00	221.39	0.0045169	945.81	1302.6	4.1598	2.4464	3.3488	937.07	-0.023281	3.0539e-05	0.10956	supercritical
487.69	790.00	221.01	0.0045246	948.55	1306.0	4.1667	2.4498	3.3510	936.75	-0.023260	3.0517e-05	0.10963	supercritical
488.69	790.00	220.64	0.0045323	951.30	1309.4	4.1735	2.4531	3.3533	936.44	-0.023239	3.0495e-05	0.10970	supercritical
489.69	790.00	220.27	0.0045400	954.05	1312.7	4.1804	2.4565	3.3555	936.13	-0.023218	3.0473e-05	0.10977	supercritical
490.69	790.00	219.89	0.0045477	956.80	1316.1	4.1872	2.4598	3.3578	935.82	-0.023198	3.0452e-05	0.10985	supercritical
491.69	790.00	219.52	0.0045553	959.55	1319.4	4.1941	2.4632	3.3600	935.52	-0.023178	3.0430e-05	0.10992	supercritical
492.69	790.00	219.15	0.0045630	962.30	1322.8	4.2009	2.4665	3.3623	935.22	-0.023158	3.0409e-05	0.10999	supercritical
493.69	790.00	218.78	0.0045707	965.06	1326.1	4.2077	2.4699	3.3646	934.93	-0.023139	3.0388e-05	0.11007	supercritical
494.69	790.00	218.42	0.0045784	967.82	1329.5	4.2145	2.4733	3.3668	934.64	-0.023120	3.0368e-05	0.11015	supercritical
495.69	790.00	218.05	0.0045861	970.58	1332.9	4.2213	2.4766	3.3691	934.35	-0.023101	3.0348e-05	0.11022	supercritical
496.69	790.00	217.69	0.0045938	973.34	1336.2	4.2281	2.4800	3.3714	934.07	-0.023083	3.0328e-05	0.11030	supercritical
497.69	790.00	217.32	0.0046014	976.11	1339.6	4.2349	2.4834	3.3737	933.80	-0.023065	3.0308e-05	0.11038	supercritical
498.69	790.00	216.96	0.0046091	978.88	1343.0	4.2417	2.4867	3.3760	933.52	-0.023048	3.0289e-05	0.11046	supercritical
499.69	790.00	216.60	0.0046168	981.65	1346.4	4.2484	2.4901	3.3783	933.25	-0.023030	3.0269e-05	0.11054	supercritical
500.69	790.00	216.24	0.0046245	984.42	1349.8	4.2552	2.4935	3.3806	932.99	-0.023013	3.0250e-05	0.11062	supercritical
501.69	790.00	215.88	0.0046322	987.19	1353.1	4.2619	2.4968	3.3829	932.73	-0.022997	3.0232e-05	0.11070	supercritical
502.69	790.00	215.52	0.0046398	989.97	1356.5	4.2687	2.5002	3.3852	932.47	-0.022980	3.0213e-05	0.11078	supercritical
503.69	790.00	215.17	0.0046475	992.75	1359.9	4.2754	2.5036	3.3876	932.22	-0.022964	3.0195e-05	0.11086	supercritical
504.69	790.00	214.81	0.0046552	995.53	1363.3	4.2821	2.5070	3.3899	931.97	-0.022949	3.0177e-05	0.11095	supercritical
505.69	790.00	214.46	0.0046629	998.32	1366.7	4.2888	2.5104	3.3922	931.73	-0.022933	3.0159e-05	0.11103	supercritical
506.69	790.00	214.11	0.0046706	1001.1	1370.1	4.2955	2.5137	3.3946	931.49	-0.022918	3.0141e-05	0.11112	supercritical
507.69	790.00	213.75	0.0046783	1003.9	1373.5	4.3022	2.5171	3.3969	931.25	-0.022903	3.0124e-05	0.11120	supercritical
508.69	790.00	213.40	0.0046859	1006.7	1376.9	4.3089	2.5205	3.3993	931.02	-0.022889	3.0107e-05	0.11129	supercritical
509.69	790.00	213.06	0.0046936	1009.5	1380.3	4.3156	2.5239	3.4016	930.79	-0.022875	3.0090e-05	0.11138	supercritical
510.69	790.00	212.71	0.0047013	1012.3	1383.7	4.3223	2.5273	3.4040	930.56	-0.022861	3.0074e-05	0.11147	supercritical
511.69	790.00	212.36	0.0047090	1015.1	1387.1	4.3289	2.5307	3.4063	930.34	-0.022847	3.0057e-05	0.11155	supercritical
512.69	790.00	212.01	0.0047167	1017.9	1390.5	4.3356	2.5341	3.4087	930.12	-0.022834	3.0041e-05	0.11164	supercritical
513.69	790.00	211.67	0.0047244	1020.7	1393.9	4.3422	2.5375	3.4111	929.91	-0.022821	3.0025e-05	0.11174	supercritical
514.69	790.00	211.33	0.0047320	1023.5	1397.3	4.3489	2.5409	3.4134	929.69	-0.022808	3.0009e-05	0.11183	supercritical
515.69	790.00	210.98	0.0047397	1026.3	1400.7	4.3555	2.5443	3.4158	929.49	-0.022795	2.9994e-05	0.11192	supercritical
516.69	790.00	210.64	0.0047474	1029.1	1404.1	4.3621	2.5477	3.4182	929.28	-0.022783	2.9979e-05	0.11201	supercritical
517.69	790.00	210.30	0.0047551	1031.9	1407.6	4.3687	2.5511	3.4206	929.08	-0.022771	2.9963e-05	0.11210	supercritical
518.69	790.00	209.96	0.0047628	1034.7	1411.0	4.3753	2.5545	3.4230	928.89	-0.022760	2.9949e-05	0.11220	supercritical
519.69	790.00	209.62	0.0047704	1037.5	1414.4	4.3819	2.5579	3.4254	928.69	-0.022748	2.9934e-05	0.11229	supercritical
520.69	790.00	209.29	0.0047781	1040.4	1417.8	4.3885	2.5613	3.4278	928.50	-0.022737	2.9920e-05	0.11239	supercritical
521.69	790.00	208.95	0.0047858	1043.2	1421.3	4.3951	2.5647	3.4302	928.32	-0.022726	2.9905e-05	0.11248	supercritical
522.69	790.00	208.62	0.0047935	1046.0	1424.7	4.4017	2.5681	3.4326	928.13	-0.022715	2.9891e-05	0.11258	supercritical
523.69	790.00	208.28	0.0048012	1048.8	1428.1	4.4082	2.5715	3.4350	927.95	-0.022705	2.9877e-05	0.11268	supercritical
524.69	790.00	207.95	0.0048088	1051.7	1431.6	4.4148	2.5749	3.4374	927.78	-0.022695	2.9864e-05	0.11278	supercritical
525.69	790.00	207.62	0.0048165	1054.5	1435.0	4.4213	2.5783	3.4398	927.60	-0.022685	2.9850e-05	0.11288	supercritical
526.69	790.00	207.29	0.0048242	1057.3	1438.4	4.4279	2.5817	3.4423	927.43	-0.022675	2.9837e-05	0.11298	supercritical
527.69	790.00	206.96	0.0048319	1060.2	1441.9	4.4344	2.5851	3.4447	927.27	-0.022666	2.9824e-05	0.11308	supercritical
528.69	790.00	206.63	0.0048395	1063.0	1445.3	4.4409	2.5885	3.4471	927.10	-0.022657	2.9811e-05	0.11318	supercritical
529.69	790.00	206.30	0.0048472	1065.9	1448.8	4.4474	2.5920	3.4496	926.94	-0.022648	2.9799e-05	0.11328	supercritical
530.69	790.00	205.98	0.0048549	1068.7	1452.2	4.4540	2.5954	3.4520	926.79	-0.022639	2.9786e-05	0.11338	supercritical
531.69	790.00	205.65	0.0048626	1071.5	1455.7	4.4605	2.5988	3.4545	926.63	-0.022631	2.9774e-05	0.11348	supercritical
532.69	790.00	205.33	0.0048702	1074.4	1459.1	4.4669	2.6022	3.4569	926.48	-0.022622	2.9762e-05	0.11359	supercritical
533.69	790.00	205.01	0.0048779	1077.2	1462.6	4.4734	2.6056	3.4594	926.33	-0.022614	2.9750e-05	0.11369	supercritical
534.69	790.00	204.68	0.0048856	1080.1	1466.1	4.4799	2.6090	3.4618	926.19	-0.022606	2.9738e-05	0.11380	supercritical
535.69	790.00	204.36	0.0048933	1083.0	1469.5	4.4864	2.6125	3.4643	926.05	-0.022599	2.9727e-05	0.11390	supercritical
536.69	790.00	204.04	0.0049009	1085.8	1473.0	4.4928	2.6159	3.4667	925.91	-0.022591	2.9716e-05	0.11401	supercritical
537.69	790.00	203.72	0.0049086	1088.7	1476.5	4.4993	2.6193	3.4692	925.77	-0.022584	2.9704e-05	0.11411	supercritical
538.69	790.00	203.41	0.0049163	1091.5	1479.9	4.5057	2.6227	3.4717	925.64	-0.022577	2.9693e-05	0.11422	supercritical
539.69	790.00	203.09	0.0049240	1094.4	1483.4	4.5122	2.6261	3.4742	925.51	-0.022571	2.9683e-05	0.11433	supercritical
540.69	790.00	202.77	0.0049316	1097.3	1486.9	4.5186	2.6295	3.4766	925.38	-0.022564	2.9672e-05	0.11444	supercritical
541.69	790.00	202.46	0.0049393	1100.1	1490.4	4.5250	2.6330	3.4791	925.26	-0.022558	2.9662e-05	0.11455	supercritical
542.69	790.00	202.14	0.0049470	1103.0	1493.8	4.5315	2.6364	3.4816	925.14	-0.022552	2.9651e-05	0.11466	supercritical
543.69	790.00	201.83	0.0049546	1105.9	1497.3	4.5379	2.6398	3.4841	925.02	-0.022546	2.9641e-05	0.11477	supercritical
544.69	790.00	201.52	0.0049623	1108.8	1500.8	4.5443	2.6432	3.4866	924.91	-0.022540	2.9632e-05	0.11488	supercritical
545.69	790.00	201.21	0.0049700	1111.7	1504.3	4.5507	2.6466	3.4891	924.79	-0.022535	2.9622e-05	0.11499	supercritical
546.69	790.00	200.90	0.0049776	1114.5	1507.8	4.5571	2.6501	3.4916	924.69	-0.022529	2.9612e-05	0.11510	supercritical
547.69	790.00	200.59	0.0049853	1117.4	1511.3	4.5635	2.6535	3.4941	924.58	-0.022524	2.9603e-05	0.11521	supercritical
548.69	790.00	200.28	0.0049930	1120.3	1514.8	4.5698	2.6569	3.4966	924.47	-0.022519	2.9594e-05	0.11533	supercritical
549.69	790.00	199.98	0.0050006	1123.2	1518.3	4.5762	2.6603	3.4991	924.37	-0.022514	2.9585e-05	0.11544	supercritical
550.69	790.00	199.67	0.0050083	1126.1	1521.8	4.5826	2.6638	3.5016	924.28	-0.022510	2.9576e-05	0.11556	supercritical
551.69	790.00	199.36	0.0050160	1129.0	1525.3	4.5889	2.6672	3.5042	924.18	-0.022505	2.9567e-05	0.11567	supercritical
552.69	790.00	199.06	0.0050236	1131.9	1528.8	4.5953	2.6706	3.5067	924.09	-0.022501	2.9558e-05	0.11579	supercritical
553.69	790.00	198.76	0.0050313	1134.8	1532.3	4.6016	2.6740	3.5092	924.00	-0.022497	2.9550e-05	0.11590	supercritical
554.69	790.00	198.45	0.0050389	1137.7	1535.8	4.6079	2.6775	3.5117	923.91	-0.022493	2.9542e-05	0.11602	supercritical
555.69	790.00	198.15	0.0050466	1140.6	1539.3	4.6143	2.6809	3.5143	923.82	-0.022490	2.9534e-05	0.11614	supercritical
556.69	790.00	197.85	0.0050543	1143.5	1542.8	4.6206	2.6843	3.5168	923.74	-0.022486	2.9526e-05	0.11626	supercritical
557.69	790.00	197.55	0.0050619	1146.4	1546.3	4.6269	2.6877	3.5193	923.66	-0.022483	2.9518e-05	0.11637	supercritical
558.69	790.00	197.26	0.0050696	1149.4	1549.9	4.6332	2.6912	3.5219	923.58	-0.022480	2.9510e-05	0.11649	supercritical
559.69	790.00	196.96	0.0050772	1152.3	1553.4	4.6395	2.6946	3.5244	923.51	-0.022477	2.9503e-05	0.11661	supercritical
560.69	790.00	196.66	0.0050849	1155.2	1556.9	4.6458	2.6980	3.5270	923.43	-0.022474	2.9496e-05	0.11673	supercritical
561.69	790.00	196.37	0.0050925	1158.1	1560.4	4.6521	2.7014	3.5295	923.36	-0.022471	2.9489e-05	0.11685	supercritical
562.69	790.00	196.07	0.0051002	1161.1	1564.0	4.6584	2.7048	3.5321	923.30	-0.022469	2.9482e-05	0.11697	supercritical
563.69	790.00	195.78	0.0051078	1164.0	1567.5	4.6646	2.7083	3.5346	923.23	-0.022466	2.9475e-05	0.11710	supercritical
564.69	790.00	195.48	0.0051155	1166.9	1571.0	4.6709	2.7117	3.5372	923.17	-0.022464	2.9468e-05	0.11722	supercritical
565.69	790.00	195.19	0.0051231	1169.8	1574.6	4.6772	2.7151	3.5397	923.11	-0.022462	2.9461e-05	0.11734	supercritical
566.69	790.00	194.90	0.0051308	1172.8	1578.1	4.6834	2.7185	3.5423	923.05	-0.022460	2.9455e-05	0.11746	supercritical
567.69	790.00	194.61	0.0051384	1175.7	1581.7	4.6897	2.7220	3.5449	923.00	-0.022458	2.9449e-05	0.11759	supercritical
568.69	790.00	194.32	0.0051461	1178.7	1585.2	4.6959	2.7254	3.5474	922.94	-0.022457	2.9443e-05	0.11771	supercritical
569.69	790.00	194.03	0.0051537	1181.6	1588.8	4.7022	2.7288	3.5500	922.89	-0.022455	2.9437e-05	0.11784	supercritical
570.69	790.00	193.75	0.0051614	1184.6	1592.3	4.7084	2.7322	3.5526	922.84	-0.022454	2.9431e-05	0.11796	supercritical
571.69	790.00	193.46	0.0051690	1187.5	1595.9	4.7146	2.7357	3.5552	922.80	-0.022453	2.9425e-05	0.11809	supercritical
572.69	790.00	193.17	0.0051767	1190.5	1599.4	4.7208	2.7391	3.5577	922.75	-0.022452	2.9420e-05	0.11821	supercritical
573.69	790.00	192.89	0.0051843	1193.4	1603.0	4.7270	2.7425	3.5603	922.71	-0.022451	2.9414e-05	0.11834	supercritical
574.69	790.00	192.61	0.0051920	1196.4	1606.5	4.7332	2.7459	3.5629	922.67	-0.022450	2.9409e-05	0.11847	supercritical
575.69	790.00	192.32	0.0051996	1199.3	1610.1	4.7394	2.7493	3.5655	922.63	-0.022450	2.9404e-05	0.11860	supercritical
576.69	790.00	192.04	0.0052073	1202.3	1613.7	4.7456	2.7528	3.5681	922.60	-0.022449	2.9399e-05	0.11872	supercritical
577.69	790.00	191.76	0.0052149	1205.3	1617.2	4.7518	2.7562	3.5707	922.57	-0.022449	2.9394e-05	0.11885	supercritical
578.69	790.00	191.48	0.0052225	1208.2	1620.8	4.7580	2.7596	3.5733	922.54	-0.022448	2.9389e-05	0.11898	supercritical
579.69	790.00	191.20	0.0052302	1211.2	1624.4	4.7641	2.7630	3.5759	922.51	-0.022448	2.9384e-05	0.11911	supercritical
580.69	790.00	190.92	0.0052378	1214.2	1628.0	4.7703	2.7664	3.5785	922.48	-0.022448	2.9380e-05	0.11924	supercritical
581.69	790.00	190.64	0.0052454	1217.2	1631.5	4.7765	2.7699	3.5811	922.46	-0.022449	2.9376e-05	0.11937	supercritical
582.69	790.00	190.36	0.0052531	1220.1	1635.1	4.7826	2.7733	3.5837	922.43	-0.022449	2.9371e-05	0.11950	supercritical
583.69	790.00	190.09	0.0052607	1223.1	1638.7	4.7888	2.7767	3.5863	922.41	-0.022449	2.9367e-05	0.11964	supercritical
584.69	790.00	189.81	0.0052683	1226.1	1642.3	4.7949	2.7801	3.5889	922.40	-0.022450	2.9363e-05	0.11977	supercritical
585.69	790.00	189.54	0.0052760	1229.1	1645.9	4.8010	2.7835	3.5915	922.38	-0.022450	2.9359e-05	0.11990	supercritical
586.69	790.00	189.26	0.0052836	1232.1	1649.5	4.8072	2.7869	3.5941	922.37	-0.022451	2.9356e-05	0.12003	supercritical
587.69	790.00	188.99	0.0052912	1235.1	1653.1	4.8133	2.7904	3.5968	922.35	-0.022452	2.9352e-05	0.12017	supercritical
588.69	790.00	188.72	0.0052989	1238.1	1656.7	4.8194	2.7938	3.5994	922.34	-0.022453	2.9348e-05	0.12030	supercritical
589.69	790.00	188.45	0.0053065	1241.1	1660.3	4.8255	2.7972	3.6020	922.34	-0.022454	2.9345e-05	0.12044	supercritical
590.69	790.00	188.18	0.0053141	1244.1	1663.9	4.8316	2.8006	3.6046	922.33	-0.022455	2.9342e-05	0.12057	supercritical
591.69	790.00	187.91	0.0053217	1247.1	1667.5	4.8377	2.8040	3.6073	922.33	-0.022456	2.9339e-05	0.12071	supercritical
592.69	790.00	187.64	0.0053294	1250.1	1671.1	4.8438	2.8074	3.6099	922.33	-0.022458	2.9336e-05	0.12084	supercritical
593.69	790.00	187.37	0.0053370	1253.1	1674.7	4.8499	2.8108	3.6125	922.33	-0.022459	2.9333e-05	0.12098	supercritical
594.69	790.00	187.10	0.0053446	1256.1	1678.3	4.8560	2.8142	3.6151	922.33	-0.022461	2.9330e-05	0.12112	supercritical
595.69	790.00	186.84	0.0053522	1259.1	1681.9	4.8621	2.8177	3.6178	922.33	-0.022463	2.9327e-05	0.12125	supercritical
596.69	790.00	186.57	0.0053599	1262.1	1685.6	4.8681	2.8211	3.6204	922.34	-0.022465	2.9325e-05	0.12139	supercritical
597.69	790.00	186.31	0.0053675	1265.1	1689.2	4.8742	2.8245	3.6231	922.34	-0.022466	2.9322e-05	0.12153	supercritical
598.69	790.00	186.04	0.0053751	1268.2	1692.8	4.8803	2.8279	3.6257	922.35	-0.022468	2.9320e-05	0.12167	supercritical
599.69	790.00	185.78	0.0053827	1271.2	1696.4	4.8863	2.8313	3.6283	922.36	-0.022471	2.9318e-05	0.12181	supercritical
600.69	790.00	185.52	0.0053903	1274.2	1700.1	4.8924	2.8347	3.6310	922.38	-0.022473	2.9316e-05	0.12195	supercritical
601.69	790.00	185.26	0.0053979	1277.3	1703.7	4.8984	2.8381	3.6336	922.39	-0.022475	2.9314e-05	0.12209	supercritical
602.69	790.00	184.99	0.0054056	1280.3	1707.3	4.9044	2.8415	3.6363	922.41	-0.022477	2.9312e-05	0.12223	supercritical
603.69	790.00	184.73	0.0054132	1283.3	1711.0	4.9105	2.8449	3.6389	922.43	-0.022480	2.9310e-05	0.12237	supercritical
604.69	790.00	184.48	0.0054208	1286.4	1714.6	4.9165	2.8483	3.6416	922.45	-0.022483	2.9309e-05	0.12251	supercritical
605.69	790.00	184.22	0.0054284	1289.4	1718.2	4.9225	2.8517	3.6442	922.47	-0.022485	2.9307e-05	0.12265	supercritical
606.69	790.00	183.96	0.0054360	1292.4	1721.9	4.9285	2.8551	3.6469	922.49	-0.022488	2.9306e-05	0.12279	supercritical
607.69	790.00	183.70	0.0054436	1295.5	1725.5	4.9345	2.8585	3.6496	922.52	-0.022491	2.9304e-05	0.12293	supercritical
608.69	790.00	183.45	0.0054512	1298.5	1729.2	4.9405	2.8619	3.6522	922.55	-0.022494	2.9303e-05	0.12308	supercritical
609.69	790.00	183.19	0.0054588	1301.6	1732.8	4.9465	2.8653	3.6549	922.58	-0.022497	2.9302e-05	0.12322	supercritical
610.69	790.00	182.94	0.0054664	1304.7	1736.5	4.9525	2.8687	3.6575	922.61	-0.022500	2.9301e-05	0.12336	supercritical
611.69	790.00	182.68	0.0054740	1307.7	1740.2	4.9585	2.8721	3.6602	922.64	-0.022503	2.9300e-05	0.12351	supercritical
612.69	790.00	182.43	0.0054816	1310.8	1743.8	4.9645	2.8755	3.6629	922.67	-0.022506	2.9299e-05	0.12365	supercritical
613.69	790.00	182.18	0.0054892	1313.8	1747.5	4.9705	2.8789	3.6655	922.71	-0.022510	2.9299e-05	0.12380	supercritical
614.69	790.00	181.92	0.0054968	1316.9	1751.1	4.9764	2.8823	3.6682	922.74	-0.022513	2.9298e-05	0.12394	supercritical
615.69	790.00	181.67	0.0055044	1320.0	1754.8	4.9824	2.8857	3.6709	922.78	-0.022516	2.9297e-05	0.12409	supercritical
616.69	790.00	181.42	0.0055120	1323.0	1758.5	4.9884	2.8891	3.6735	922.82	-0.022520	2.9297e-05	0.12423	supercritical
617.69	790.00	181.17	0.0055196	1326.1	1762.2	4.9943	2.8924	3.6762	922.87	-0.022524	2.9297e-05	0.12438	supercritical
618.69	790.00	180.92	0.0055272	1329.2	1765.8	5.0003	2.8958	3.6789	922.91	-0.022527	2.9297e-05	0.12453	supercritical
619.69	790.00	180.67	0.0055348	1332.3	1769.5	5.0062	2.8992	3.6816	922.95	-0.022531	2.9296e-05	0.12467	supercritical
620.69	790.00	180.43	0.0055424	1335.4	1773.2	5.0122	2.9026	3.6843	923.00	-0.022535	2.9296e-05	0.12482	supercritical
621.69	790.00	180.18	0.0055500	1338.4	1776.9	5.0181	2.9060	3.6869	923.05	-0.022539	2.9297e-05	0.12497	supercritical
622.69	790.00	179.93	0.0055576	1341.5	1780.6	5.0240	2.9094	3.6896	923.10	-0.022543	2.9297e-05	0.12512	supercritical
623.69	790.00	179.69	0.0055652	1344.6	1784.3	5.0299	2.9128	3.6923	923.15	-0.022547	2.9297e-05	0.12527	supercritical
624.69	790.00	179.44	0.0055728	1347.7	1788.0	5.0359	2.9161	3.6950	923.20	-0.022551	2.9297e-05	0.12541	supercritical