Temperature (K)	Pressure (bar)	Density (kg/m3)	Volume (m3/kg)	Internal Energy (kJ/kg)	Enthalpy (kJ/kg)	Entropy (J/g*K)	Cv (J/g*K)	Cp (J/g*K)	Sound Spd. (m/s)	Joule-Thomson (K/bar)	Viscosity (Pa*s)	Therm. Cond. (W/m*K)	Phase
90.694	771.00	488.64	0.0020465	-100.55	57.238	-1.0895	2.3067	3.1977	1923.7	-0.052862	0.00048374	0.26835	liquid
109.69	771.00	471.14	0.0021225	-45.946	117.70	-0.48419	2.2208	3.1714	1824.7	-0.052774	0.00023556	0.25204	liquid
110.69	771.00	470.23	0.0021266	-43.091	120.87	-0.45541	2.2169	3.1704	1819.4	-0.052753	0.00022911	0.25108	liquid
111.69	771.00	469.32	0.0021307	-40.238	124.04	-0.42690	2.2130	3.1695	1814.1	-0.052731	0.00022301	0.25011	liquid
112.69	771.00	468.42	0.0021349	-37.387	127.21	-0.39866	2.2092	3.1685	1808.8	-0.052709	0.00021722	0.24913	liquid
113.69	771.00	467.51	0.0021390	-34.537	130.38	-0.37067	2.2053	3.1676	1803.6	-0.052685	0.00021174	0.24815	liquid
114.69	771.00	466.61	0.0021431	-31.689	133.55	-0.34293	2.2015	3.1666	1798.3	-0.052661	0.00020654	0.24717	liquid
115.69	771.00	465.71	0.0021473	-28.843	136.71	-0.31545	2.1977	3.1657	1793.1	-0.052637	0.00020160	0.24618	liquid
116.69	771.00	464.81	0.0021514	-25.999	139.88	-0.28821	2.1939	3.1647	1787.8	-0.052611	0.00019691	0.24518	liquid
117.69	771.00	463.91	0.0021556	-23.157	143.04	-0.26121	2.1902	3.1637	1782.6	-0.052585	0.00019244	0.24418	liquid
118.69	771.00	463.01	0.0021598	-20.316	146.20	-0.23445	2.1864	3.1627	1777.3	-0.052559	0.00018818	0.24318	liquid
119.69	771.00	462.11	0.0021640	-17.478	149.37	-0.20792	2.1827	3.1617	1772.1	-0.052531	0.00018412	0.24218	liquid
120.69	771.00	461.21	0.0021682	-14.641	152.53	-0.18161	2.1790	3.1607	1766.9	-0.052504	0.00018025	0.24117	liquid
121.69	771.00	460.32	0.0021724	-11.806	155.69	-0.15554	2.1753	3.1597	1761.7	-0.052475	0.00017655	0.24017	liquid
122.69	771.00	459.42	0.0021767	-8.9733	158.85	-0.12969	2.1716	3.1587	1756.5	-0.052446	0.00017301	0.23916	liquid
123.69	771.00	458.53	0.0021809	-6.1424	162.01	-0.10405	2.1680	3.1576	1751.4	-0.052416	0.00016963	0.23815	liquid
124.69	771.00	457.63	0.0021852	-3.3135	165.16	-0.078629	2.1643	3.1566	1746.2	-0.052385	0.00016639	0.23713	liquid
125.69	771.00	456.74	0.0021894	-0.48664	168.32	-0.053419	2.1607	3.1555	1741.1	-0.052354	0.00016328	0.23612	liquid
126.69	771.00	455.85	0.0021937	2.3383	171.47	-0.028418	2.1571	3.1545	1735.9	-0.052323	0.00016030	0.23511	liquid
127.69	771.00	454.96	0.0021980	5.1611	174.63	-0.0036220	2.1536	3.1534	1730.8	-0.052290	0.00015744	0.23409	liquid
128.69	771.00	454.07	0.0022023	7.9820	177.78	0.020973	2.1500	3.1523	1725.7	-0.052257	0.00015469	0.23308	liquid
129.69	771.00	453.18	0.0022066	10.801	180.93	0.045368	2.1465	3.1512	1720.6	-0.052223	0.00015205	0.23207	liquid
130.69	771.00	452.29	0.0022110	13.617	184.08	0.069568	2.1429	3.1501	1715.5	-0.052189	0.00014951	0.23106	liquid
131.69	771.00	451.41	0.0022153	16.432	187.23	0.093575	2.1394	3.1490	1710.4	-0.052154	0.00014706	0.23004	liquid
132.69	771.00	450.52	0.0022197	19.245	190.38	0.11739	2.1360	3.1479	1705.4	-0.052118	0.00014470	0.22903	liquid
133.69	771.00	449.63	0.0022240	22.055	193.53	0.14102	2.1325	3.1468	1700.3	-0.052082	0.00014242	0.22802	liquid
134.69	771.00	448.75	0.0022284	24.863	196.67	0.16447	2.1291	3.1457	1695.3	-0.052045	0.00014023	0.22701	liquid
135.69	771.00	447.87	0.0022328	27.670	199.82	0.18773	2.1257	3.1446	1690.3	-0.052007	0.00013811	0.22601	liquid
136.69	771.00	446.98	0.0022372	30.474	202.96	0.21082	2.1223	3.1435	1685.3	-0.051968	0.00013606	0.22500	liquid
137.69	771.00	446.10	0.0022416	33.276	206.11	0.23373	2.1189	3.1423	1680.3	-0.051929	0.00013408	0.22400	liquid
138.69	771.00	445.22	0.0022461	36.075	209.25	0.25646	2.1155	3.1412	1675.4	-0.051889	0.00013216	0.22300	liquid
139.69	771.00	444.34	0.0022505	38.873	212.39	0.27902	2.1122	3.1401	1670.4	-0.051848	0.00013031	0.22200	liquid
140.69	771.00	443.46	0.0022550	41.668	215.53	0.30142	2.1089	3.1389	1665.5	-0.051807	0.00012851	0.22100	liquid
141.69	771.00	442.58	0.0022595	44.462	218.67	0.32365	2.1056	3.1378	1660.6	-0.051764	0.00012677	0.22001	liquid
142.69	771.00	441.70	0.0022640	47.253	221.80	0.34571	2.1024	3.1367	1655.7	-0.051721	0.00012508	0.21902	liquid
143.69	771.00	440.83	0.0022685	50.042	224.94	0.36761	2.0991	3.1355	1650.8	-0.051677	0.00012344	0.21803	liquid
144.69	771.00	439.95	0.0022730	52.828	228.07	0.38935	2.0959	3.1344	1646.0	-0.051633	0.00012185	0.21704	liquid
145.69	771.00	439.08	0.0022775	55.613	231.21	0.41093	2.0927	3.1332	1641.1	-0.051587	0.00012031	0.21606	liquid
146.69	771.00	438.20	0.0022821	58.395	234.34	0.43236	2.0896	3.1321	1636.3	-0.051541	0.00011880	0.21508	liquid
147.69	771.00	437.33	0.0022866	61.175	237.47	0.45364	2.0864	3.1310	1631.5	-0.051494	0.00011734	0.21410	liquid
148.69	771.00	436.46	0.0022912	63.953	240.60	0.47476	2.0833	3.1298	1626.7	-0.051446	0.00011592	0.21313	liquid
149.69	771.00	435.58	0.0022958	66.729	243.73	0.49574	2.0802	3.1287	1621.9	-0.051397	0.00011454	0.21216	liquid
150.69	771.00	434.71	0.0023004	69.502	246.86	0.51656	2.0772	3.1276	1617.2	-0.051347	0.00011319	0.21119	liquid
151.69	771.00	433.84	0.0023050	72.273	249.99	0.53725	2.0741	3.1264	1612.4	-0.051297	0.00011188	0.21023	liquid
152.69	771.00	432.97	0.0023096	75.042	253.11	0.55778	2.0711	3.1253	1607.7	-0.051246	0.00011060	0.20927	liquid
153.69	771.00	432.10	0.0023143	77.809	256.24	0.57818	2.0682	3.1242	1603.0	-0.051193	0.00010936	0.20832	liquid
154.69	771.00	431.24	0.0023189	80.573	259.36	0.59844	2.0652	3.1231	1598.3	-0.051140	0.00010814	0.20736	liquid
155.69	771.00	430.37	0.0023236	83.335	262.48	0.61856	2.0623	3.1220	1593.6	-0.051086	0.00010695	0.20642	liquid
156.69	771.00	429.50	0.0023283	86.095	265.61	0.63854	2.0594	3.1209	1589.0	-0.051032	0.00010580	0.20548	liquid
157.69	771.00	428.64	0.0023330	88.853	268.73	0.65839	2.0565	3.1198	1584.4	-0.050976	0.00010467	0.20454	liquid
158.69	771.00	427.77	0.0023377	91.609	271.85	0.67811	2.0536	3.1187	1579.7	-0.050919	0.00010356	0.20360	liquid
159.69	771.00	426.91	0.0023424	94.362	274.96	0.69770	2.0508	3.1176	1575.1	-0.050862	0.00010248	0.20267	liquid
160.69	771.00	426.04	0.0023472	97.113	278.08	0.71716	2.0480	3.1165	1570.6	-0.050804	0.00010143	0.20175	liquid
161.69	771.00	425.18	0.0023519	99.862	281.20	0.73649	2.0453	3.1154	1566.0	-0.050744	0.00010039	0.20082	liquid
162.69	771.00	424.32	0.0023567	102.61	284.31	0.75569	2.0425	3.1143	1561.5	-0.050684	9.9386e-05	0.19991	liquid
163.69	771.00	423.46	0.0023615	105.35	287.43	0.77477	2.0398	3.1133	1557.0	-0.050623	9.8398e-05	0.19899	liquid
164.69	771.00	422.60	0.0023663	108.10	290.54	0.79373	2.0371	3.1122	1552.4	-0.050561	9.7431e-05	0.19809	liquid
165.69	771.00	421.74	0.0023711	110.84	293.65	0.81257	2.0345	3.1111	1548.0	-0.050498	9.6484e-05	0.19718	liquid
166.69	771.00	420.88	0.0023760	113.57	296.76	0.83128	2.0318	3.1101	1543.5	-0.050434	9.5557e-05	0.19628	liquid
167.69	771.00	420.02	0.0023808	116.31	299.87	0.84988	2.0292	3.1091	1539.1	-0.050369	9.4649e-05	0.19539	liquid
168.69	771.00	419.17	0.0023857	119.04	302.98	0.86836	2.0267	3.1080	1534.6	-0.050304	9.3759e-05	0.19450	liquid
169.69	771.00	418.31	0.0023906	121.77	306.09	0.88673	2.0241	3.1070	1530.2	-0.050237	9.2887e-05	0.19362	liquid
170.69	771.00	417.46	0.0023955	124.50	309.19	0.90498	2.0216	3.1060	1525.8	-0.050170	9.2032e-05	0.19274	liquid
171.69	771.00	416.60	0.0024004	127.23	312.30	0.92312	2.0191	3.1050	1521.4	-0.050101	9.1193e-05	0.19186	liquid
172.69	771.00	415.75	0.0024053	129.95	315.40	0.94115	2.0167	3.1040	1517.1	-0.050032	9.0370e-05	0.19099	liquid
173.69	771.00	414.89	0.0024102	132.68	318.51	0.95907	2.0142	3.1030	1512.8	-0.049961	8.9563e-05	0.19013	liquid
174.69	771.00	414.04	0.0024152	135.40	321.61	0.97688	2.0118	3.1020	1508.4	-0.049890	8.8771e-05	0.18927	liquid
175.69	771.00	413.19	0.0024202	138.11	324.71	0.99459	2.0095	3.1010	1504.1	-0.049818	8.7993e-05	0.18841	liquid
176.69	771.00	412.34	0.0024252	140.83	327.81	1.0122	2.0071	3.1001	1499.9	-0.049745	8.7230e-05	0.18756	liquid
177.69	771.00	411.49	0.0024302	143.54	330.91	1.0297	2.0048	3.0991	1495.6	-0.049670	8.6480e-05	0.18672	liquid
178.69	771.00	410.64	0.0024352	146.25	334.01	1.0471	2.0026	3.0982	1491.4	-0.049595	8.5744e-05	0.18588	liquid
179.69	771.00	409.80	0.0024402	148.96	337.11	1.0644	2.0003	3.0972	1487.2	-0.049519	8.5020e-05	0.18504	liquid
180.69	771.00	408.95	0.0024453	151.67	340.20	1.0815	1.9981	3.0963	1482.9	-0.049443	8.4310e-05	0.18421	liquid
181.69	771.00	408.10	0.0024504	154.38	343.30	1.0986	1.9959	3.0954	1478.8	-0.049365	8.3611e-05	0.18339	liquid
182.69	771.00	407.26	0.0024554	157.08	346.39	1.1156	1.9937	3.0945	1474.6	-0.049286	8.2925e-05	0.18257	liquid
183.69	771.00	406.41	0.0024605	159.78	349.49	1.1325	1.9916	3.0936	1470.5	-0.049206	8.2250e-05	0.18176	liquid
184.69	771.00	405.57	0.0024657	162.48	352.58	1.1493	1.9895	3.0927	1466.3	-0.049125	8.1586e-05	0.18095	liquid
185.69	771.00	404.73	0.0024708	165.18	355.67	1.1660	1.9874	3.0918	1462.2	-0.049044	8.0933e-05	0.18014	liquid
186.69	771.00	403.89	0.0024759	167.87	358.76	1.1826	1.9854	3.0910	1458.1	-0.048961	8.0291e-05	0.17935	liquid
187.69	771.00	403.05	0.0024811	170.56	361.86	1.1991	1.9834	3.0901	1454.1	-0.048878	7.9660e-05	0.17855	liquid
188.69	771.00	402.21	0.0024863	173.25	364.94	1.2155	1.9814	3.0893	1450.0	-0.048794	7.9039e-05	0.17776	liquid
189.69	771.00	401.37	0.0024915	175.94	368.03	1.2318	1.9794	3.0884	1446.0	-0.048708	7.8427e-05	0.17698	liquid
190.69	771.00	400.53	0.0024967	178.63	371.12	1.2481	1.9775	3.0876	1442.0	-0.048622	7.7825e-05	0.17621	supercritical
191.69	771.00	399.69	0.0025019	181.31	374.21	1.2642	1.9756	3.0868	1438.0	-0.048535	7.7233e-05	0.17543	supercritical
192.69	771.00	398.86	0.0025072	183.99	377.30	1.2803	1.9738	3.0860	1434.0	-0.048447	7.6650e-05	0.17466	supercritical
193.69	771.00	398.02	0.0025124	186.67	380.38	1.2963	1.9720	3.0852	1430.1	-0.048358	7.6076e-05	0.17390	supercritical
194.69	771.00	397.19	0.0025177	189.35	383.47	1.3121	1.9702	3.0845	1426.1	-0.048268	7.5511e-05	0.17314	supercritical
195.69	771.00	396.36	0.0025230	192.03	386.55	1.3279	1.9684	3.0837	1422.2	-0.048178	7.4954e-05	0.17239	supercritical
196.69	771.00	395.52	0.0025283	194.70	389.63	1.3437	1.9667	3.0829	1418.3	-0.048086	7.4406e-05	0.17164	supercritical
197.69	771.00	394.69	0.0025336	197.37	392.72	1.3593	1.9649	3.0822	1414.4	-0.047993	7.3866e-05	0.17090	supercritical
198.69	771.00	393.86	0.0025390	200.04	395.80	1.3748	1.9633	3.0815	1410.6	-0.047900	7.3334e-05	0.17017	supercritical
199.69	771.00	393.03	0.0025443	202.71	398.88	1.3903	1.9616	3.0808	1406.7	-0.047806	7.2809e-05	0.16944	supercritical
200.69	771.00	392.20	0.0025497	205.38	401.96	1.4057	1.9600	3.0801	1402.9	-0.047711	7.2293e-05	0.16871	supercritical
201.69	771.00	391.38	0.0025551	208.04	405.04	1.4210	1.9584	3.0794	1399.1	-0.047615	7.1783e-05	0.16799	supercritical
202.69	771.00	390.55	0.0025605	210.70	408.12	1.4362	1.9569	3.0787	1395.3	-0.047518	7.1282e-05	0.16727	supercritical
203.69	771.00	389.72	0.0025659	213.36	411.20	1.4514	1.9554	3.0780	1391.5	-0.047420	7.0787e-05	0.16656	supercritical
204.69	771.00	388.90	0.0025714	216.02	414.27	1.4665	1.9539	3.0774	1387.8	-0.047321	7.0299e-05	0.16586	supercritical
205.69	771.00	388.08	0.0025768	218.68	417.35	1.4815	1.9524	3.0767	1384.1	-0.047222	6.9819e-05	0.16516	supercritical
206.69	771.00	387.25	0.0025823	221.33	420.43	1.4964	1.9510	3.0761	1380.4	-0.047122	6.9345e-05	0.16447	supercritical
207.69	771.00	386.43	0.0025878	223.99	423.50	1.5112	1.9496	3.0755	1376.7	-0.047021	6.8877e-05	0.16378	supercritical
208.69	771.00	385.61	0.0025933	226.64	426.58	1.5260	1.9482	3.0749	1373.0	-0.046919	6.8417e-05	0.16309	supercritical
209.69	771.00	384.79	0.0025988	229.29	429.65	1.5407	1.9469	3.0743	1369.4	-0.046816	6.7962e-05	0.16241	supercritical
210.69	771.00	383.97	0.0026043	231.93	432.73	1.5553	1.9456	3.0737	1365.7	-0.046712	6.7514e-05	0.16174	supercritical
211.69	771.00	383.16	0.0026099	234.58	435.80	1.5699	1.9443	3.0731	1362.1	-0.046608	6.7071e-05	0.16107	supercritical
212.69	771.00	382.34	0.0026155	237.22	438.87	1.5843	1.9431	3.0726	1358.5	-0.046503	6.6635e-05	0.16041	supercritical
213.69	771.00	381.53	0.0026210	239.86	441.95	1.5988	1.9419	3.0721	1354.9	-0.046397	6.6205e-05	0.15975	supercritical
214.69	771.00	380.71	0.0026267	242.50	445.02	1.6131	1.9407	3.0715	1351.4	-0.046290	6.5780e-05	0.15910	supercritical
215.69	771.00	379.90	0.0026323	245.14	448.09	1.6274	1.9396	3.0710	1347.8	-0.046183	6.5361e-05	0.15845	supercritical
216.69	771.00	379.09	0.0026379	247.78	451.16	1.6416	1.9385	3.0705	1344.3	-0.046075	6.4948e-05	0.15781	supercritical
217.69	771.00	378.28	0.0026436	250.41	454.23	1.6557	1.9374	3.0700	1340.8	-0.045966	6.4539e-05	0.15717	supercritical
218.69	771.00	377.47	0.0026492	253.04	457.30	1.6698	1.9363	3.0695	1337.3	-0.045856	6.4137e-05	0.15654	supercritical
219.69	771.00	376.66	0.0026549	255.67	460.37	1.6838	1.9353	3.0691	1333.9	-0.045746	6.3739e-05	0.15591	supercritical
220.69	771.00	375.85	0.0026606	258.30	463.44	1.6977	1.9343	3.0686	1330.4	-0.045634	6.3347e-05	0.15529	supercritical
221.69	771.00	375.05	0.0026663	260.93	466.51	1.7116	1.9334	3.0682	1327.0	-0.045523	6.2960e-05	0.15467	supercritical
222.69	771.00	374.24	0.0026721	263.56	469.57	1.7254	1.9324	3.0678	1323.6	-0.045410	6.2577e-05	0.15406	supercritical
223.69	771.00	373.44	0.0026778	266.18	472.64	1.7391	1.9315	3.0674	1320.2	-0.045297	6.2200e-05	0.15345	supercritical
224.69	771.00	372.63	0.0026836	268.80	475.71	1.7528	1.9307	3.0670	1316.8	-0.045183	6.1827e-05	0.15285	supercritical
225.69	771.00	371.83	0.0026894	271.42	478.78	1.7664	1.9298	3.0666	1313.5	-0.045068	6.1459e-05	0.15225	supercritical
226.69	771.00	371.03	0.0026952	274.04	481.84	1.7800	1.9290	3.0662	1310.1	-0.044953	6.1096e-05	0.15166	supercritical
227.69	771.00	370.23	0.0027010	276.66	484.91	1.7935	1.9283	3.0658	1306.8	-0.044837	6.0737e-05	0.15107	supercritical
228.69	771.00	369.44	0.0027068	279.28	487.97	1.8069	1.9275	3.0655	1303.5	-0.044721	6.0383e-05	0.15049	supercritical
229.69	771.00	368.64	0.0027127	281.89	491.04	1.8203	1.9268	3.0652	1300.2	-0.044604	6.0033e-05	0.14991	supercritical
230.69	771.00	367.84	0.0027185	284.50	494.10	1.8336	1.9262	3.0648	1297.0	-0.044486	5.9687e-05	0.14934	supercritical
231.69	771.00	367.05	0.0027244	287.12	497.17	1.8469	1.9255	3.0645	1293.7	-0.044367	5.9346e-05	0.14877	supercritical
232.69	771.00	366.26	0.0027303	289.72	500.23	1.8601	1.9249	3.0642	1290.5	-0.044248	5.9009e-05	0.14821	supercritical
233.69	771.00	365.47	0.0027362	292.33	503.30	1.8732	1.9243	3.0640	1287.3	-0.044129	5.8675e-05	0.14765	supercritical
234.69	771.00	364.67	0.0027422	294.94	506.36	1.8863	1.9238	3.0637	1284.1	-0.044009	5.8346e-05	0.14710	supercritical
235.69	771.00	363.89	0.0027481	297.54	509.42	1.8993	1.9232	3.0634	1281.0	-0.043888	5.8021e-05	0.14655	supercritical
236.69	771.00	363.10	0.0027541	300.15	512.49	1.9123	1.9228	3.0632	1277.8	-0.043767	5.7700e-05	0.14601	supercritical
237.69	771.00	362.31	0.0027601	302.75	515.55	1.9252	1.9223	3.0630	1274.7	-0.043645	5.7383e-05	0.14547	supercritical
238.69	771.00	361.53	0.0027661	305.35	518.61	1.9381	1.9219	3.0628	1271.6	-0.043523	5.7069e-05	0.14493	supercritical
239.69	771.00	360.74	0.0027721	307.95	521.68	1.9509	1.9215	3.0626	1268.5	-0.043400	5.6760e-05	0.14440	supercritical
240.69	771.00	359.96	0.0027781	310.55	524.74	1.9636	1.9211	3.0624	1265.4	-0.043277	5.6454e-05	0.14388	supercritical
241.69	771.00	359.18	0.0027841	313.14	527.80	1.9763	1.9208	3.0622	1262.3	-0.043153	5.6151e-05	0.14336	supercritical
242.69	771.00	358.40	0.0027902	315.74	530.86	1.9890	1.9205	3.0620	1259.3	-0.043029	5.5852e-05	0.14285	supercritical
243.69	771.00	357.62	0.0027963	318.33	533.93	2.0015	1.9202	3.0619	1256.3	-0.042905	5.5557e-05	0.14234	supercritical
244.69	771.00	356.84	0.0028024	320.92	536.99	2.0141	1.9199	3.0617	1253.3	-0.042780	5.5265e-05	0.14183	supercritical
245.69	771.00	356.07	0.0028085	323.52	540.05	2.0266	1.9197	3.0616	1250.3	-0.042654	5.4976e-05	0.14133	supercritical
246.69	771.00	355.29	0.0028146	326.10	543.11	2.0390	1.9195	3.0615	1247.3	-0.042528	5.4691e-05	0.14083	supercritical
247.69	771.00	354.52	0.0028207	328.69	546.17	2.0514	1.9194	3.0614	1244.4	-0.042402	5.4409e-05	0.14034	supercritical
248.69	771.00	353.75	0.0028269	331.28	549.23	2.0637	1.9193	3.0613	1241.4	-0.042275	5.4131e-05	0.13985	supercritical
249.69	771.00	352.97	0.0028331	333.87	552.29	2.0760	1.9192	3.0613	1238.5	-0.042148	5.3855e-05	0.13937	supercritical
250.69	771.00	352.21	0.0028393	336.45	555.36	2.0882	1.9191	3.0612	1235.6	-0.042021	5.3583e-05	0.13889	supercritical
251.69	771.00	351.44	0.0028455	339.03	558.42	2.1004	1.9191	3.0612	1232.7	-0.041893	5.3314e-05	0.13842	supercritical
252.69	771.00	350.67	0.0028517	341.61	561.48	2.1126	1.9191	3.0611	1229.9	-0.041765	5.3048e-05	0.13795	supercritical
253.69	771.00	349.91	0.0028579	344.19	564.54	2.1247	1.9191	3.0611	1227.0	-0.041637	5.2785e-05	0.13749	supercritical
254.69	771.00	349.14	0.0028642	346.77	567.60	2.1367	1.9191	3.0611	1224.2	-0.041508	5.2525e-05	0.13703	supercritical
255.69	771.00	348.38	0.0028704	349.35	570.66	2.1487	1.9192	3.0611	1221.4	-0.041379	5.2268e-05	0.13657	supercritical
256.69	771.00	347.62	0.0028767	351.93	573.72	2.1606	1.9193	3.0611	1218.6	-0.041250	5.2013e-05	0.13612	supercritical
257.69	771.00	346.86	0.0028830	354.50	576.78	2.1725	1.9195	3.0612	1215.8	-0.041120	5.1762e-05	0.13568	supercritical
258.69	771.00	346.10	0.0028893	357.08	579.84	2.1844	1.9196	3.0612	1213.1	-0.040990	5.1513e-05	0.13523	supercritical
259.69	771.00	345.35	0.0028956	359.65	582.91	2.1962	1.9199	3.0613	1210.3	-0.040860	5.1268e-05	0.13480	supercritical
260.69	771.00	344.59	0.0029020	362.23	585.97	2.2080	1.9201	3.0613	1207.6	-0.040730	5.1025e-05	0.13436	supercritical
261.69	771.00	343.84	0.0029083	364.80	589.03	2.2197	1.9203	3.0614	1204.9	-0.040600	5.0784e-05	0.13393	supercritical
262.69	771.00	343.09	0.0029147	367.37	592.09	2.2314	1.9206	3.0615	1202.2	-0.040469	5.0547e-05	0.13351	supercritical
263.69	771.00	342.34	0.0029211	369.94	595.15	2.2430	1.9209	3.0616	1199.5	-0.040338	5.0312e-05	0.13309	supercritical
264.69	771.00	341.59	0.0029275	372.50	598.21	2.2546	1.9213	3.0617	1196.9	-0.040207	5.0079e-05	0.13267	supercritical
265.69	771.00	340.84	0.0029339	375.07	601.28	2.2661	1.9217	3.0619	1194.3	-0.040076	4.9850e-05	0.13226	supercritical
266.69	771.00	340.10	0.0029403	377.64	604.34	2.2776	1.9221	3.0620	1191.6	-0.039945	4.9622e-05	0.13185	supercritical
267.69	771.00	339.35	0.0029468	380.20	607.40	2.2891	1.9225	3.0622	1189.0	-0.039813	4.9397e-05	0.13145	supercritical
268.69	771.00	338.61	0.0029532	382.77	610.46	2.3005	1.9229	3.0624	1186.5	-0.039682	4.9175e-05	0.13105	supercritical
269.69	771.00	337.87	0.0029597	385.33	613.52	2.3119	1.9234	3.0625	1183.9	-0.039550	4.8955e-05	0.13065	supercritical
270.69	771.00	337.13	0.0029662	387.89	616.59	2.3232	1.9239	3.0627	1181.3	-0.039419	4.8738e-05	0.13026	supercritical
271.69	771.00	336.39	0.0029727	390.45	619.65	2.3345	1.9245	3.0629	1178.8	-0.039287	4.8522e-05	0.12987	supercritical
272.69	771.00	335.66	0.0029792	393.01	622.71	2.3458	1.9251	3.0632	1176.3	-0.039155	4.8310e-05	0.12949	supercritical
273.69	771.00	334.92	0.0029858	395.57	625.78	2.3570	1.9257	3.0634	1173.8	-0.039023	4.8099e-05	0.12911	supercritical
274.69	771.00	334.19	0.0029923	398.13	628.84	2.3682	1.9263	3.0637	1171.3	-0.038892	4.7891e-05	0.12874	supercritical
275.69	771.00	333.46	0.0029989	400.69	631.90	2.3793	1.9269	3.0639	1168.9	-0.038760	4.7685e-05	0.12837	supercritical
276.69	771.00	332.73	0.0030055	403.25	634.97	2.3904	1.9276	3.0642	1166.4	-0.038628	4.7481e-05	0.12800	supercritical
277.69	771.00	332.00	0.0030120	405.80	638.03	2.4014	1.9283	3.0645	1164.0	-0.038496	4.7280e-05	0.12764	supercritical
278.69	771.00	331.27	0.0030187	408.36	641.10	2.4125	1.9290	3.0648	1161.6	-0.038364	4.7080e-05	0.12728	supercritical
279.69	771.00	330.55	0.0030253	410.91	644.16	2.4234	1.9298	3.0651	1159.2	-0.038233	4.6883e-05	0.12692	supercritical
280.69	771.00	329.83	0.0030319	413.47	647.23	2.4344	1.9306	3.0654	1156.8	-0.038101	4.6688e-05	0.12657	supercritical
281.69	771.00	329.10	0.0030386	416.02	650.29	2.4453	1.9314	3.0657	1154.4	-0.037969	4.6495e-05	0.12622	supercritical
282.69	771.00	328.38	0.0030452	418.57	653.36	2.4561	1.9322	3.0661	1152.1	-0.037838	4.6304e-05	0.12588	supercritical
283.69	771.00	327.67	0.0030519	421.12	656.42	2.4670	1.9331	3.0664	1149.7	-0.037706	4.6115e-05	0.12554	supercritical
284.69	771.00	326.95	0.0030586	423.67	659.49	2.4778	1.9340	3.0668	1147.4	-0.037575	4.5928e-05	0.12520	supercritical
285.69	771.00	326.23	0.0030653	426.22	662.56	2.4885	1.9349	3.0672	1145.1	-0.037444	4.5743e-05	0.12487	supercritical
286.69	771.00	325.52	0.0030720	428.77	665.62	2.4992	1.9358	3.0676	1142.8	-0.037313	4.5559e-05	0.12454	supercritical
287.69	771.00	324.81	0.0030787	431.32	668.69	2.5099	1.9368	3.0680	1140.6	-0.037182	4.5378e-05	0.12422	supercritical
288.69	771.00	324.10	0.0030855	433.87	671.76	2.5206	1.9378	3.0684	1138.3	-0.037051	4.5199e-05	0.12390	supercritical
289.69	771.00	323.39	0.0030922	436.42	674.83	2.5312	1.9388	3.0688	1136.1	-0.036920	4.5022e-05	0.12358	supercritical
290.69	771.00	322.69	0.0030990	438.97	677.90	2.5418	1.9399	3.0693	1133.9	-0.036790	4.4846e-05	0.12327	supercritical
291.69	771.00	321.98	0.0031058	441.51	680.97	2.5523	1.9409	3.0697	1131.7	-0.036660	4.4673e-05	0.12296	supercritical
292.69	771.00	321.28	0.0031126	444.06	684.04	2.5628	1.9420	3.0702	1129.5	-0.036530	4.4501e-05	0.12265	supercritical
293.69	771.00	320.58	0.0031194	446.60	687.11	2.5733	1.9431	3.0706	1127.3	-0.036400	4.4331e-05	0.12235	supercritical
294.69	771.00	319.88	0.0031262	449.15	690.18	2.5837	1.9443	3.0711	1125.2	-0.036271	4.4163e-05	0.12205	supercritical
295.69	771.00	319.18	0.0031330	451.69	693.25	2.5941	1.9454	3.0716	1123.0	-0.036141	4.3996e-05	0.12175	supercritical
296.69	771.00	318.48	0.0031399	454.24	696.32	2.6045	1.9466	3.0721	1120.9	-0.036012	4.3832e-05	0.12146	supercritical
297.69	771.00	317.79	0.0031467	456.78	699.39	2.6148	1.9478	3.0727	1118.8	-0.035884	4.3669e-05	0.12117	supercritical
298.69	771.00	317.10	0.0031536	459.32	702.47	2.6251	1.9491	3.0732	1116.7	-0.035755	4.3507e-05	0.12089	supercritical
299.69	771.00	316.40	0.0031605	461.87	705.54	2.6354	1.9503	3.0737	1114.6	-0.035627	4.3348e-05	0.12060	supercritical
300.69	771.00	315.72	0.0031674	464.41	708.62	2.6456	1.9516	3.0743	1112.6	-0.035499	4.3190e-05	0.12033	supercritical
301.69	771.00	315.03	0.0031743	466.95	711.69	2.6559	1.9529	3.0749	1110.5	-0.035372	4.3033e-05	0.12005	supercritical
302.69	771.00	314.34	0.0031812	469.49	714.76	2.6660	1.9543	3.0755	1108.5	-0.035244	4.2879e-05	0.11978	supercritical
303.69	771.00	313.66	0.0031882	472.03	717.84	2.6762	1.9556	3.0760	1106.5	-0.035117	4.2725e-05	0.11951	supercritical
304.69	771.00	312.98	0.0031951	474.57	720.92	2.6863	1.9570	3.0766	1104.5	-0.034991	4.2574e-05	0.11925	supercritical
305.69	771.00	312.30	0.0032021	477.11	723.99	2.6964	1.9584	3.0773	1102.5	-0.034865	4.2424e-05	0.11899	supercritical
306.69	771.00	311.62	0.0032091	479.65	727.07	2.7064	1.9598	3.0779	1100.5	-0.034739	4.2275e-05	0.11873	supercritical
307.69	771.00	310.94	0.0032160	482.19	730.15	2.7164	1.9613	3.0785	1098.6	-0.034614	4.2129e-05	0.11847	supercritical
308.69	771.00	310.27	0.0032230	484.73	733.23	2.7264	1.9627	3.0792	1096.6	-0.034489	4.1983e-05	0.11822	supercritical
309.69	771.00	309.59	0.0032300	487.27	736.31	2.7364	1.9642	3.0798	1094.7	-0.034364	4.1839e-05	0.11797	supercritical
310.69	771.00	308.92	0.0032371	489.81	739.39	2.7463	1.9657	3.0805	1092.8	-0.034240	4.1697e-05	0.11773	supercritical
311.69	771.00	308.25	0.0032441	492.35	742.47	2.7562	1.9673	3.0812	1090.9	-0.034116	4.1556e-05	0.11749	supercritical
312.69	771.00	307.59	0.0032511	494.89	745.55	2.7661	1.9688	3.0819	1089.0	-0.033993	4.1416e-05	0.11725	supercritical
313.69	771.00	306.92	0.0032582	497.43	748.63	2.7759	1.9704	3.0826	1087.2	-0.033870	4.1278e-05	0.11701	supercritical
314.69	771.00	306.26	0.0032652	499.97	751.72	2.7857	1.9720	3.0833	1085.3	-0.033747	4.1142e-05	0.11678	supercritical
315.69	771.00	305.59	0.0032723	502.50	754.80	2.7955	1.9736	3.0840	1083.5	-0.033625	4.1006e-05	0.11655	supercritical
316.69	771.00	304.93	0.0032794	505.04	757.88	2.8053	1.9753	3.0848	1081.7	-0.033504	4.0873e-05	0.11633	supercritical
317.69	771.00	304.28	0.0032865	507.58	760.97	2.8150	1.9769	3.0855	1079.9	-0.033383	4.0740e-05	0.11610	supercritical
318.69	771.00	303.62	0.0032936	510.12	764.05	2.8247	1.9786	3.0863	1078.1	-0.033262	4.0609e-05	0.11588	supercritical
319.69	771.00	302.96	0.0033007	512.66	767.14	2.8344	1.9803	3.0871	1076.3	-0.033142	4.0479e-05	0.11567	supercritical
320.69	771.00	302.31	0.0033079	515.19	770.23	2.8440	1.9820	3.0878	1074.5	-0.033023	4.0351e-05	0.11545	supercritical
321.69	771.00	301.66	0.0033150	517.73	773.32	2.8536	1.9838	3.0886	1072.8	-0.032903	4.0223e-05	0.11524	supercritical
322.69	771.00	301.01	0.0033221	520.27	776.41	2.8632	1.9855	3.0894	1071.0	-0.032785	4.0097e-05	0.11504	supercritical
323.69	771.00	300.36	0.0033293	522.81	779.50	2.8728	1.9873	3.0903	1069.3	-0.032667	3.9973e-05	0.11483	supercritical
324.69	771.00	299.72	0.0033365	525.34	782.59	2.8823	1.9891	3.0911	1067.6	-0.032549	3.9850e-05	0.11463	supercritical
325.69	771.00	299.07	0.0033437	527.88	785.68	2.8918	1.9910	3.0919	1065.9	-0.032432	3.9727e-05	0.11443	supercritical
326.69	771.00	298.43	0.0033509	530.42	788.77	2.9013	1.9928	3.0928	1064.2	-0.032316	3.9607e-05	0.11423	supercritical
327.69	771.00	297.79	0.0033581	532.96	791.86	2.9108	1.9947	3.0936	1062.6	-0.032200	3.9487e-05	0.11404	supercritical
328.69	771.00	297.15	0.0033653	535.50	794.96	2.9202	1.9965	3.0945	1060.9	-0.032085	3.9369e-05	0.11385	supercritical
329.69	771.00	296.52	0.0033725	538.03	798.05	2.9296	1.9984	3.0954	1059.3	-0.031970	3.9251e-05	0.11366	supercritical
330.69	771.00	295.88	0.0033797	540.57	801.15	2.9390	2.0004	3.0963	1057.6	-0.031856	3.9135e-05	0.11348	supercritical
331.69	771.00	295.25	0.0033870	543.11	804.25	2.9483	2.0023	3.0972	1056.0	-0.031743	3.9021e-05	0.11330	supercritical
332.69	771.00	294.62	0.0033942	545.65	807.34	2.9576	2.0042	3.0981	1054.4	-0.031630	3.8907e-05	0.11312	supercritical
333.69	771.00	293.99	0.0034015	548.19	810.44	2.9669	2.0062	3.0990	1052.8	-0.031517	3.8794e-05	0.11294	supercritical
334.69	771.00	293.36	0.0034088	550.73	813.54	2.9762	2.0082	3.0999	1051.3	-0.031406	3.8683e-05	0.11277	supercritical
335.69	771.00	292.74	0.0034160	553.27	816.64	2.9855	2.0102	3.1009	1049.7	-0.031294	3.8573e-05	0.11259	supercritical
336.69	771.00	292.11	0.0034233	555.80	819.74	2.9947	2.0123	3.1018	1048.2	-0.031184	3.8464e-05	0.11243	supercritical
337.69	771.00	291.49	0.0034306	558.34	822.85	3.0039	2.0143	3.1028	1046.6	-0.031074	3.8355e-05	0.11226	supercritical
338.69	771.00	290.87	0.0034379	560.88	825.95	3.0131	2.0164	3.1038	1045.1	-0.030965	3.8249e-05	0.11210	supercritical
339.69	771.00	290.25	0.0034452	563.42	829.05	3.0222	2.0184	3.1048	1043.6	-0.030856	3.8143e-05	0.11194	supercritical
340.69	771.00	289.64	0.0034526	565.96	832.16	3.0313	2.0205	3.1058	1042.1	-0.030748	3.8038e-05	0.11178	supercritical
341.69	771.00	289.02	0.0034599	568.51	835.26	3.0404	2.0227	3.1068	1040.6	-0.030641	3.7934e-05	0.11162	supercritical
342.69	771.00	288.41	0.0034673	571.05	838.37	3.0495	2.0248	3.1078	1039.2	-0.030534	3.7831e-05	0.11147	supercritical
343.69	771.00	287.80	0.0034746	573.59	841.48	3.0586	2.0269	3.1088	1037.7	-0.030428	3.7730e-05	0.11132	supercritical
344.69	771.00	287.19	0.0034820	576.13	844.59	3.0676	2.0291	3.1099	1036.3	-0.030322	3.7629e-05	0.11117	supercritical
345.69	771.00	286.59	0.0034893	578.67	847.70	3.0766	2.0313	3.1109	1034.8	-0.030218	3.7530e-05	0.11103	supercritical
346.69	771.00	285.98	0.0034967	581.21	850.81	3.0856	2.0335	3.1120	1033.4	-0.030114	3.7431e-05	0.11089	supercritical
347.69	771.00	285.38	0.0035041	583.76	853.92	3.0946	2.0357	3.1131	1032.0	-0.030010	3.7333e-05	0.11075	supercritical
348.69	771.00	284.78	0.0035115	586.30	857.04	3.1035	2.0379	3.1141	1030.6	-0.029907	3.7237e-05	0.11061	supercritical
349.69	771.00	284.18	0.0035189	588.84	860.15	3.1124	2.0402	3.1152	1029.2	-0.029805	3.7141e-05	0.11047	supercritical
350.69	771.00	283.58	0.0035263	591.39	863.27	3.1213	2.0424	3.1163	1027.9	-0.029704	3.7046e-05	0.11034	supercritical
351.69	771.00	282.99	0.0035337	593.93	866.38	3.1302	2.0447	3.1174	1026.5	-0.029603	3.6953e-05	0.11021	supercritical
352.69	771.00	282.39	0.0035412	596.48	869.50	3.1391	2.0470	3.1186	1025.1	-0.029503	3.6860e-05	0.11008	supercritical
353.69	771.00	281.80	0.0035486	599.02	872.62	3.1479	2.0493	3.1197	1023.8	-0.029404	3.6768e-05	0.10996	supercritical
354.69	771.00	281.21	0.0035560	601.57	875.74	3.1567	2.0516	3.1208	1022.5	-0.029305	3.6677e-05	0.10983	supercritical
355.69	771.00	280.62	0.0035635	604.12	878.86	3.1655	2.0540	3.1220	1021.2	-0.029207	3.6587e-05	0.10971	supercritical
356.69	771.00	280.04	0.0035710	606.67	881.99	3.1743	2.0563	3.1231	1019.9	-0.029110	3.6498e-05	0.10959	supercritical
357.69	771.00	279.45	0.0035784	609.21	885.11	3.1830	2.0587	3.1243	1018.6	-0.029013	3.6410e-05	0.10948	supercritical
358.69	771.00	278.87	0.0035859	611.76	888.23	3.1917	2.0611	3.1255	1017.3	-0.028917	3.6322e-05	0.10936	supercritical
359.69	771.00	278.29	0.0035934	614.31	891.36	3.2004	2.0635	3.1267	1016.0	-0.028822	3.6236e-05	0.10925	supercritical
360.69	771.00	277.71	0.0036009	616.86	894.49	3.2091	2.0659	3.1279	1014.8	-0.028727	3.6150e-05	0.10914	supercritical
361.69	771.00	277.13	0.0036084	619.41	897.62	3.2178	2.0683	3.1291	1013.6	-0.028634	3.6066e-05	0.10903	supercritical
362.69	771.00	276.56	0.0036159	621.96	900.75	3.2264	2.0708	3.1303	1012.3	-0.028540	3.5982e-05	0.10893	supercritical
363.69	771.00	275.99	0.0036234	624.52	903.88	3.2350	2.0732	3.1316	1011.1	-0.028448	3.5899e-05	0.10883	supercritical
364.69	771.00	275.41	0.0036309	627.07	907.01	3.2436	2.0757	3.1328	1009.9	-0.028356	3.5817e-05	0.10873	supercritical
365.69	771.00	274.85	0.0036384	629.62	910.14	3.2522	2.0782	3.1341	1008.7	-0.028265	3.5736e-05	0.10863	supercritical
366.69	771.00	274.28	0.0036459	632.18	913.28	3.2608	2.0807	3.1353	1007.5	-0.028175	3.5655e-05	0.10853	supercritical
367.69	771.00	273.71	0.0036535	634.73	916.41	3.2693	2.0832	3.1366	1006.3	-0.028086	3.5575e-05	0.10844	supercritical
368.69	771.00	273.15	0.0036610	637.29	919.55	3.2778	2.0857	3.1379	1005.2	-0.027997	3.5496e-05	0.10834	supercritical
369.69	771.00	272.59	0.0036686	639.84	922.69	3.2863	2.0882	3.1392	1004.0	-0.027909	3.5418e-05	0.10825	supercritical
370.69	771.00	272.03	0.0036761	642.40	925.83	3.2948	2.0908	3.1405	1002.9	-0.027821	3.5341e-05	0.10817	supercritical
371.69	771.00	271.47	0.0036837	644.96	928.97	3.3033	2.0933	3.1418	1001.7	-0.027735	3.5265e-05	0.10808	supercritical
372.69	771.00	270.91	0.0036913	647.52	932.11	3.3117	2.0959	3.1431	1000.6	-0.027649	3.5189e-05	0.10800	supercritical
373.69	771.00	270.36	0.0036988	650.08	935.26	3.3202	2.0985	3.1444	999.51	-0.027564	3.5114e-05	0.10792	supercritical
374.69	771.00	269.80	0.0037064	652.64	938.40	3.3286	2.1011	3.1458	998.41	-0.027479	3.5040e-05	0.10784	supercritical
375.69	771.00	269.25	0.0037140	655.20	941.55	3.3369	2.1037	3.1471	997.32	-0.027395	3.4966e-05	0.10776	supercritical
376.69	771.00	268.70	0.0037216	657.76	944.70	3.3453	2.1063	3.1485	996.24	-0.027312	3.4894e-05	0.10768	supercritical
377.69	771.00	268.15	0.0037292	660.32	947.84	3.3537	2.1089	3.1499	995.17	-0.027230	3.4822e-05	0.10761	supercritical
378.69	771.00	267.61	0.0037368	662.89	951.00	3.3620	2.1116	3.1512	994.11	-0.027148	3.4750e-05	0.10754	supercritical
379.69	771.00	267.06	0.0037444	665.45	954.15	3.3703	2.1142	3.1526	993.06	-0.027067	3.4680e-05	0.10747	supercritical
380.69	771.00	266.52	0.0037520	668.02	957.30	3.3786	2.1169	3.1540	992.02	-0.026987	3.4610e-05	0.10740	supercritical
381.69	771.00	265.98	0.0037597	670.59	960.46	3.3869	2.1196	3.1554	990.99	-0.026908	3.4541e-05	0.10733	supercritical
382.69	771.00	265.44	0.0037673	673.15	963.61	3.3951	2.1223	3.1568	989.97	-0.026829	3.4473e-05	0.10727	supercritical
383.69	771.00	264.91	0.0037749	675.72	966.77	3.4034	2.1250	3.1583	988.96	-0.026751	3.4405e-05	0.10721	supercritical
384.69	771.00	264.37	0.0037826	678.29	969.93	3.4116	2.1277	3.1597	987.96	-0.026673	3.4338e-05	0.10714	supercritical
385.69	771.00	263.84	0.0037902	680.86	973.09	3.4198	2.1304	3.1611	986.97	-0.026597	3.4272e-05	0.10709	supercritical
386.69	771.00	263.31	0.0037978	683.44	976.25	3.4280	2.1332	3.1626	985.98	-0.026521	3.4206e-05	0.10703	supercritical
387.69	771.00	262.78	0.0038055	686.01	979.41	3.4362	2.1359	3.1641	985.01	-0.026446	3.4141e-05	0.10697	supercritical
388.69	771.00	262.25	0.0038132	688.58	982.58	3.4443	2.1387	3.1655	984.05	-0.026371	3.4077e-05	0.10692	supercritical
389.69	771.00	261.72	0.0038208	691.16	985.74	3.4524	2.1414	3.1670	983.10	-0.026297	3.4013e-05	0.10687	supercritical
390.69	771.00	261.20	0.0038285	693.74	988.91	3.4606	2.1442	3.1685	982.15	-0.026224	3.3950e-05	0.10682	supercritical
391.69	771.00	260.68	0.0038362	696.31	992.08	3.4687	2.1470	3.1700	981.22	-0.026152	3.3888e-05	0.10677	supercritical
392.69	771.00	260.16	0.0038439	698.89	995.25	3.4767	2.1498	3.1715	980.30	-0.026080	3.3826e-05	0.10673	supercritical
393.69	771.00	259.64	0.0038515	701.47	998.42	3.4848	2.1526	3.1730	979.38	-0.026009	3.3765e-05	0.10668	supercritical
394.69	771.00	259.12	0.0038592	704.05	1001.6	3.4929	2.1554	3.1746	978.47	-0.025939	3.3705e-05	0.10664	supercritical
395.69	771.00	258.60	0.0038669	706.63	1004.8	3.5009	2.1583	3.1761	977.58	-0.025870	3.3645e-05	0.10660	supercritical
396.69	771.00	258.09	0.0038746	709.22	1008.0	3.5089	2.1611	3.1776	976.69	-0.025801	3.3586e-05	0.10656	supercritical
397.69	771.00	257.58	0.0038823	711.80	1011.1	3.5169	2.1639	3.1792	975.81	-0.025733	3.3527e-05	0.10652	supercritical
398.69	771.00	257.07	0.0038900	714.39	1014.3	3.5249	2.1668	3.1807	974.94	-0.025665	3.3469e-05	0.10649	supercritical
399.69	771.00	256.56	0.0038977	716.97	1017.5	3.5329	2.1697	3.1823	974.08	-0.025598	3.3412e-05	0.10645	supercritical
400.69	771.00	256.05	0.0039055	719.56	1020.7	3.5408	2.1725	3.1839	973.22	-0.025532	3.3355e-05	0.10642	supercritical
401.69	771.00	255.55	0.0039132	722.15	1023.9	3.5488	2.1754	3.1855	972.38	-0.025467	3.3299e-05	0.10639	supercritical
402.69	771.00	255.04	0.0039209	724.74	1027.0	3.5567	2.1783	3.1871	971.54	-0.025402	3.3243e-05	0.10636	supercritical
403.69	771.00	254.54	0.0039286	727.34	1030.2	3.5646	2.1812	3.1887	970.71	-0.025338	3.3188e-05	0.10633	supercritical
404.69	771.00	254.04	0.0039364	729.93	1033.4	3.5725	2.1841	3.1903	969.90	-0.025275	3.3133e-05	0.10631	supercritical
405.69	771.00	253.54	0.0039441	732.52	1036.6	3.5804	2.1871	3.1919	969.08	-0.025212	3.3079e-05	0.10628	supercritical
406.69	771.00	253.05	0.0039518	735.12	1039.8	3.5882	2.1900	3.1936	968.28	-0.025150	3.3026e-05	0.10626	supercritical
407.69	771.00	252.55	0.0039596	737.72	1043.0	3.5961	2.1929	3.1952	967.49	-0.025089	3.2973e-05	0.10624	supercritical
408.69	771.00	252.06	0.0039673	740.32	1046.2	3.6039	2.1959	3.1969	966.70	-0.025028	3.2921e-05	0.10622	supercritical
409.69	771.00	251.57	0.0039751	742.92	1049.4	3.6117	2.1988	3.1985	965.93	-0.024968	3.2869e-05	0.10620	supercritical
410.69	771.00	251.08	0.0039828	745.52	1052.6	3.6195	2.2018	3.2002	965.16	-0.024909	3.2818e-05	0.10618	supercritical
411.69	771.00	250.59	0.0039906	748.12	1055.8	3.6273	2.2048	3.2019	964.39	-0.024850	3.2768e-05	0.10617	supercritical
412.69	771.00	250.10	0.0039984	750.72	1059.0	3.6351	2.2077	3.2035	963.64	-0.024792	3.2717e-05	0.10615	supercritical
413.69	771.00	249.62	0.0040061	753.33	1062.2	3.6428	2.2107	3.2052	962.90	-0.024735	3.2668e-05	0.10614	supercritical
414.69	771.00	249.13	0.0040139	755.94	1065.4	3.6506	2.2137	3.2069	962.16	-0.024678	3.2619e-05	0.10613	supercritical
415.69	771.00	248.65	0.0040217	758.55	1068.6	3.6583	2.2167	3.2086	961.43	-0.024622	3.2570e-05	0.10612	supercritical
416.69	771.00	248.17	0.0040294	761.16	1071.8	3.6660	2.2197	3.2104	960.71	-0.024567	3.2522e-05	0.10611	supercritical
417.69	771.00	247.70	0.0040372	763.77	1075.0	3.6737	2.2227	3.2121	959.99	-0.024512	3.2475e-05	0.10611	supercritical
418.69	771.00	247.22	0.0040450	766.38	1078.2	3.6814	2.2258	3.2138	959.28	-0.024458	3.2428e-05	0.10610	supercritical
419.69	771.00	246.74	0.0040528	768.99	1081.5	3.6890	2.2288	3.2156	958.59	-0.024404	3.2381e-05	0.10610	supercritical
420.69	771.00	246.27	0.0040606	771.61	1084.7	3.6967	2.2318	3.2173	957.89	-0.024352	3.2335e-05	0.10610	supercritical
421.69	771.00	245.80	0.0040684	774.23	1087.9	3.7043	2.2349	3.2191	957.21	-0.024299	3.2289e-05	0.10609	supercritical
422.69	771.00	245.33	0.0040762	776.85	1091.1	3.7120	2.2379	3.2208	956.53	-0.024248	3.2244e-05	0.10610	supercritical
423.69	771.00	244.86	0.0040840	779.47	1094.3	3.7196	2.2410	3.2226	955.86	-0.024197	3.2200e-05	0.10610	supercritical
424.69	771.00	244.39	0.0040918	782.09	1097.6	3.7272	2.2441	3.2244	955.20	-0.024146	3.2156e-05	0.10610	supercritical
425.69	771.00	243.93	0.0040996	784.71	1100.8	3.7348	2.2471	3.2262	954.55	-0.024097	3.2112e-05	0.10611	supercritical
426.69	771.00	243.47	0.0041074	787.34	1104.0	3.7423	2.2502	3.2280	953.90	-0.024048	3.2069e-05	0.10611	supercritical
427.69	771.00	243.00	0.0041152	789.96	1107.2	3.7499	2.2533	3.2298	953.26	-0.023999	3.2026e-05	0.10612	supercritical
428.69	771.00	242.54	0.0041230	792.59	1110.5	3.7574	2.2564	3.2316	952.63	-0.023951	3.1984e-05	0.10613	supercritical
429.69	771.00	242.08	0.0041308	795.22	1113.7	3.7650	2.2595	3.2334	952.00	-0.023904	3.1942e-05	0.10614	supercritical
430.69	771.00	241.63	0.0041386	797.86	1116.9	3.7725	2.2626	3.2353	951.38	-0.023857	3.1901e-05	0.10615	supercritical
431.69	771.00	241.17	0.0041464	800.49	1120.2	3.7800	2.2657	3.2371	950.77	-0.023811	3.1860e-05	0.10616	supercritical
432.69	771.00	240.72	0.0041543	803.12	1123.4	3.7875	2.2688	3.2389	950.16	-0.023766	3.1819e-05	0.10618	supercritical
433.69	771.00	240.26	0.0041621	805.76	1126.7	3.7950	2.2720	3.2408	949.56	-0.023721	3.1779e-05	0.10619	supercritical
434.69	771.00	239.81	0.0041699	808.40	1129.9	3.8024	2.2751	3.2427	948.97	-0.023676	3.1740e-05	0.10621	supercritical
435.69	771.00	239.36	0.0041777	811.04	1133.1	3.8099	2.2782	3.2445	948.39	-0.023632	3.1701e-05	0.10623	supercritical
436.69	771.00	238.92	0.0041856	813.68	1136.4	3.8173	2.2814	3.2464	947.81	-0.023589	3.1662e-05	0.10624	supercritical
437.69	771.00	238.47	0.0041934	816.32	1139.6	3.8248	2.2845	3.2483	947.24	-0.023547	3.1623e-05	0.10626	supercritical
438.69	771.00	238.03	0.0042012	818.97	1142.9	3.8322	2.2877	3.2502	946.67	-0.023505	3.1586e-05	0.10629	supercritical
439.69	771.00	237.58	0.0042091	821.62	1146.1	3.8396	2.2908	3.2521	946.11	-0.023463	3.1548e-05	0.10631	supercritical
440.69	771.00	237.14	0.0042169	824.26	1149.4	3.8470	2.2940	3.2540	945.56	-0.023422	3.1511e-05	0.10633	supercritical
441.69	771.00	236.70	0.0042247	826.92	1152.6	3.8543	2.2972	3.2559	945.01	-0.023382	3.1474e-05	0.10636	supercritical
442.69	771.00	236.26	0.0042326	829.57	1155.9	3.8617	2.3003	3.2578	944.47	-0.023342	3.1438e-05	0.10638	supercritical
443.69	771.00	235.83	0.0042404	832.22	1159.2	3.8691	2.3035	3.2597	943.94	-0.023303	3.1402e-05	0.10641	supercritical
444.69	771.00	235.39	0.0042483	834.88	1162.4	3.8764	2.3067	3.2617	943.41	-0.023264	3.1367e-05	0.10644	supercritical
445.69	771.00	234.96	0.0042561	837.53	1165.7	3.8837	2.3099	3.2636	942.89	-0.023226	3.1332e-05	0.10647	supercritical
446.69	771.00	234.52	0.0042640	840.19	1168.9	3.8910	2.3131	3.2656	942.38	-0.023188	3.1297e-05	0.10650	supercritical
447.69	771.00	234.09	0.0042718	842.86	1172.2	3.8984	2.3163	3.2675	941.87	-0.023151	3.1263e-05	0.10653	supercritical
448.69	771.00	233.66	0.0042797	845.52	1175.5	3.9056	2.3195	3.2695	941.37	-0.023114	3.1229e-05	0.10657	supercritical
449.69	771.00	233.23	0.0042875	848.18	1178.8	3.9129	2.3227	3.2715	940.87	-0.023078	3.1195e-05	0.10660	supercritical
450.69	771.00	232.81	0.0042954	850.85	1182.0	3.9202	2.3259	3.2734	940.38	-0.023043	3.1162e-05	0.10664	supercritical
451.69	771.00	232.38	0.0043032	853.52	1185.3	3.9275	2.3292	3.2754	939.89	-0.023008	3.1129e-05	0.10667	supercritical
452.69	771.00	231.96	0.0043111	856.19	1188.6	3.9347	2.3324	3.2774	939.41	-0.022973	3.1097e-05	0.10671	supercritical
453.69	771.00	231.54	0.0043190	858.86	1191.9	3.9419	2.3356	3.2794	938.94	-0.022939	3.1065e-05	0.10675	supercritical
454.69	771.00	231.12	0.0043268	861.54	1195.1	3.9492	2.3388	3.2814	938.47	-0.022906	3.1033e-05	0.10679	supercritical
455.69	771.00	230.70	0.0043347	864.21	1198.4	3.9564	2.3421	3.2835	938.01	-0.022873	3.1002e-05	0.10683	supercritical
456.69	771.00	230.28	0.0043426	866.89	1201.7	3.9636	2.3453	3.2855	937.56	-0.022840	3.0971e-05	0.10687	supercritical
457.69	771.00	229.86	0.0043504	869.57	1205.0	3.9708	2.3486	3.2875	937.11	-0.022808	3.0940e-05	0.10692	supercritical
458.69	771.00	229.45	0.0043583	872.25	1208.3	3.9779	2.3518	3.2895	936.66	-0.022777	3.0910e-05	0.10696	supercritical
459.69	771.00	229.03	0.0043662	874.94	1211.6	3.9851	2.3551	3.2916	936.22	-0.022746	3.0880e-05	0.10700	supercritical
460.69	771.00	228.62	0.0043740	877.62	1214.9	3.9923	2.3583	3.2936	935.79	-0.022715	3.0850e-05	0.10705	supercritical
461.69	771.00	228.21	0.0043819	880.31	1218.2	3.9994	2.3616	3.2957	935.36	-0.022685	3.0821e-05	0.10710	supercritical
462.69	771.00	227.80	0.0043898	883.00	1221.5	4.0065	2.3649	3.2977	934.94	-0.022655	3.0792e-05	0.10715	supercritical
463.69	771.00	227.39	0.0043976	885.69	1224.7	4.0136	2.3682	3.2998	934.52	-0.022626	3.0763e-05	0.10720	supercritical
464.69	771.00	226.99	0.0044055	888.38	1228.1	4.0208	2.3714	3.3019	934.11	-0.022598	3.0735e-05	0.10725	supercritical
465.69	771.00	226.58	0.0044134	891.08	1231.4	4.0279	2.3747	3.3040	933.70	-0.022569	3.0707e-05	0.10730	supercritical
466.69	771.00	226.18	0.0044213	893.78	1234.7	4.0349	2.3780	3.3061	933.30	-0.022542	3.0680e-05	0.10735	supercritical
467.69	771.00	225.78	0.0044291	896.48	1238.0	4.0420	2.3813	3.3081	932.91	-0.022514	3.0652e-05	0.10740	supercritical
468.69	771.00	225.38	0.0044370	899.18	1241.3	4.0491	2.3846	3.3102	932.52	-0.022487	3.0625e-05	0.10746	supercritical
469.69	771.00	224.98	0.0044449	901.88	1244.6	4.0562	2.3879	3.3124	932.13	-0.022461	3.0599e-05	0.10751	supercritical
470.69	771.00	224.58	0.0044528	904.59	1247.9	4.0632	2.3912	3.3145	931.75	-0.022435	3.0572e-05	0.10757	supercritical
471.69	771.00	224.18	0.0044607	907.30	1251.2	4.0702	2.3945	3.3166	931.37	-0.022409	3.0546e-05	0.10763	supercritical
472.69	771.00	223.79	0.0044685	910.01	1254.5	4.0773	2.3978	3.3187	931.00	-0.022384	3.0521e-05	0.10769	supercritical
473.69	771.00	223.39	0.0044764	912.72	1257.9	4.0843	2.4011	3.3208	930.64	-0.022360	3.0495e-05	0.10774	supercritical
474.69	771.00	223.00	0.0044843	915.43	1261.2	4.0913	2.4044	3.3230	930.28	-0.022335	3.0470e-05	0.10781	supercritical
475.69	771.00	222.61	0.0044922	918.15	1264.5	4.0983	2.4077	3.3251	929.92	-0.022312	3.0445e-05	0.10787	supercritical
476.69	771.00	222.22	0.0045001	920.87	1267.8	4.1053	2.4110	3.3273	929.57	-0.022288	3.0421e-05	0.10793	supercritical
477.69	771.00	221.83	0.0045080	923.59	1271.2	4.1122	2.4143	3.3294	929.22	-0.022265	3.0397e-05	0.10799	supercritical
478.69	771.00	221.44	0.0045158	926.31	1274.5	4.1192	2.4177	3.3316	928.88	-0.022243	3.0373e-05	0.10806	supercritical
479.69	771.00	221.06	0.0045237	929.04	1277.8	4.1262	2.4210	3.3338	928.55	-0.022220	3.0349e-05	0.10812	supercritical
480.69	771.00	220.67	0.0045316	931.76	1281.2	4.1331	2.4243	3.3359	928.21	-0.022199	3.0326e-05	0.10819	supercritical
481.69	771.00	220.29	0.0045395	934.49	1284.5	4.1400	2.4276	3.3381	927.89	-0.022177	3.0303e-05	0.10825	supercritical
482.69	771.00	219.91	0.0045474	937.22	1287.8	4.1470	2.4310	3.3403	927.56	-0.022156	3.0280e-05	0.10832	supercritical
483.69	771.00	219.53	0.0045553	939.96	1291.2	4.1539	2.4343	3.3425	927.25	-0.022136	3.0258e-05	0.10839	supercritical
484.69	771.00	219.15	0.0045632	942.69	1294.5	4.1608	2.4377	3.3447	926.93	-0.022116	3.0235e-05	0.10846	supercritical
485.69	771.00	218.77	0.0045711	945.43	1297.9	4.1677	2.4410	3.3469	926.62	-0.022096	3.0213e-05	0.10853	supercritical
486.69	771.00	218.39	0.0045789	948.17	1301.2	4.1746	2.4444	3.3491	926.32	-0.022076	3.0192e-05	0.10860	supercritical
487.69	771.00	218.02	0.0045868	950.91	1304.6	4.1814	2.4477	3.3513	926.02	-0.022057	3.0170e-05	0.10867	supercritical
488.69	771.00	217.64	0.0045947	953.66	1307.9	4.1883	2.4511	3.3536	925.72	-0.022039	3.0149e-05	0.10874	supercritical
489.69	771.00	217.27	0.0046026	956.40	1311.3	4.1952	2.4544	3.3558	925.43	-0.022020	3.0128e-05	0.10882	supercritical
490.69	771.00	216.90	0.0046105	959.15	1314.6	4.2020	2.4578	3.3580	925.15	-0.022002	3.0108e-05	0.10889	supercritical
491.69	771.00	216.53	0.0046184	961.90	1318.0	4.2089	2.4611	3.3603	924.86	-0.021985	3.0088e-05	0.10897	supercritical
492.69	771.00	216.16	0.0046263	964.65	1321.3	4.2157	2.4645	3.3625	924.58	-0.021967	3.0068e-05	0.10904	supercritical
493.69	771.00	215.79	0.0046342	967.41	1324.7	4.2225	2.4678	3.3647	924.31	-0.021951	3.0048e-05	0.10912	supercritical
494.69	771.00	215.42	0.0046421	970.17	1328.1	4.2293	2.4712	3.3670	924.04	-0.021934	3.0028e-05	0.10920	supercritical
495.69	771.00	215.06	0.0046500	972.93	1331.4	4.2361	2.4746	3.3693	923.77	-0.021918	3.0009e-05	0.10928	supercritical
496.69	771.00	214.69	0.0046578	975.69	1334.8	4.2429	2.4779	3.3715	923.51	-0.021902	2.9990e-05	0.10935	supercritical
497.69	771.00	214.33	0.0046657	978.45	1338.2	4.2497	2.4813	3.3738	923.25	-0.021887	2.9971e-05	0.10943	supercritical
498.69	771.00	213.97	0.0046736	981.22	1341.6	4.2565	2.4847	3.3761	923.00	-0.021871	2.9953e-05	0.10952	supercritical
499.69	771.00	213.61	0.0046815	983.99	1344.9	4.2632	2.4881	3.3783	922.75	-0.021857	2.9934e-05	0.10960	supercritical
500.69	771.00	213.25	0.0046894	986.76	1348.3	4.2700	2.4914	3.3806	922.51	-0.021842	2.9916e-05	0.10968	supercritical
501.69	771.00	212.89	0.0046973	989.53	1351.7	4.2767	2.4948	3.3829	922.26	-0.021828	2.9899e-05	0.10976	supercritical
502.69	771.00	212.53	0.0047052	992.31	1355.1	4.2835	2.4982	3.3852	922.03	-0.021814	2.9881e-05	0.10985	supercritical
503.69	771.00	212.18	0.0047131	995.09	1358.5	4.2902	2.5016	3.3875	921.79	-0.021800	2.9864e-05	0.10993	supercritical
504.69	771.00	211.82	0.0047210	997.87	1361.9	4.2969	2.5050	3.3898	921.56	-0.021787	2.9847e-05	0.11002	supercritical
505.69	771.00	211.47	0.0047289	1000.6	1365.2	4.3036	2.5084	3.3921	921.34	-0.021774	2.9830e-05	0.11010	supercritical
506.69	771.00	211.11	0.0047368	1003.4	1368.6	4.3103	2.5117	3.3945	921.11	-0.021762	2.9813e-05	0.11019	supercritical
507.69	771.00	210.76	0.0047446	1006.2	1372.0	4.3170	2.5151	3.3968	920.90	-0.021749	2.9797e-05	0.11028	supercritical
508.69	771.00	210.41	0.0047525	1009.0	1375.4	4.3237	2.5185	3.3991	920.68	-0.021737	2.9781e-05	0.11037	supercritical
509.69	771.00	210.07	0.0047604	1011.8	1378.8	4.3304	2.5219	3.4014	920.47	-0.021726	2.9765e-05	0.11046	supercritical
510.69	771.00	209.72	0.0047683	1014.6	1382.2	4.3371	2.5253	3.4038	920.26	-0.021714	2.9749e-05	0.11055	supercritical
511.69	771.00	209.37	0.0047762	1017.4	1385.6	4.3437	2.5287	3.4061	920.06	-0.021703	2.9733e-05	0.11064	supercritical
512.69	771.00	209.03	0.0047841	1020.2	1389.0	4.3504	2.5321	3.4085	919.86	-0.021693	2.9718e-05	0.11073	supercritical
513.69	771.00	208.68	0.0047920	1023.0	1392.5	4.3570	2.5355	3.4108	919.66	-0.021682	2.9703e-05	0.11082	supercritical
514.69	771.00	208.34	0.0047999	1025.8	1395.9	4.3637	2.5389	3.4132	919.47	-0.021672	2.9688e-05	0.11092	supercritical
515.69	771.00	208.00	0.0048078	1028.6	1399.3	4.3703	2.5423	3.4155	919.28	-0.021662	2.9674e-05	0.11101	supercritical
516.69	771.00	207.66	0.0048157	1031.4	1402.7	4.3769	2.5457	3.4179	919.09	-0.021652	2.9659e-05	0.11110	supercritical
517.69	771.00	207.32	0.0048235	1034.2	1406.1	4.3835	2.5491	3.4203	918.91	-0.021643	2.9645e-05	0.11120	supercritical
518.69	771.00	206.98	0.0048314	1037.0	1409.5	4.3901	2.5525	3.4226	918.73	-0.021634	2.9631e-05	0.11129	supercritical
519.69	771.00	206.64	0.0048393	1039.9	1413.0	4.3967	2.5559	3.4250	918.56	-0.021625	2.9617e-05	0.11139	supercritical
520.69	771.00	206.30	0.0048472	1042.7	1416.4	4.4033	2.5593	3.4274	918.39	-0.021616	2.9604e-05	0.11149	supercritical
521.69	771.00	205.97	0.0048551	1045.5	1419.8	4.4099	2.5627	3.4298	918.22	-0.021608	2.9590e-05	0.11159	supercritical
522.69	771.00	205.64	0.0048630	1048.3	1423.2	4.4165	2.5661	3.4322	918.05	-0.021600	2.9577e-05	0.11169	supercritical
523.69	771.00	205.30	0.0048709	1051.1	1426.7	4.4230	2.5696	3.4346	917.89	-0.021592	2.9564e-05	0.11178	supercritical
524.69	771.00	204.97	0.0048787	1054.0	1430.1	4.4296	2.5730	3.4370	917.73	-0.021584	2.9552e-05	0.11188	supercritical
525.69	771.00	204.64	0.0048866	1056.8	1433.6	4.4361	2.5764	3.4394	917.58	-0.021577	2.9539e-05	0.11199	supercritical
526.69	771.00	204.31	0.0048945	1059.6	1437.0	4.4427	2.5798	3.4418	917.42	-0.021570	2.9527e-05	0.11209	supercritical
527.69	771.00	203.98	0.0049024	1062.5	1440.4	4.4492	2.5832	3.4442	917.27	-0.021563	2.9514e-05	0.11219	supercritical
528.69	771.00	203.65	0.0049103	1065.3	1443.9	4.4557	2.5866	3.4466	917.13	-0.021556	2.9502e-05	0.11229	supercritical
529.69	771.00	203.33	0.0049182	1068.1	1447.3	4.4622	2.5900	3.4490	916.98	-0.021550	2.9491e-05	0.11239	supercritical
530.69	771.00	203.00	0.0049260	1071.0	1450.8	4.4687	2.5935	3.4515	916.85	-0.021544	2.9479e-05	0.11250	supercritical
531.69	771.00	202.68	0.0049339	1073.8	1454.2	4.4752	2.5969	3.4539	916.71	-0.021538	2.9468e-05	0.11260	supercritical
532.69	771.00	202.36	0.0049418	1076.7	1457.7	4.4817	2.6003	3.4563	916.58	-0.021532	2.9456e-05	0.11271	supercritical
533.69	771.00	202.03	0.0049497	1079.5	1461.1	4.4882	2.6037	3.4588	916.44	-0.021527	2.9445e-05	0.11281	supercritical
534.69	771.00	201.71	0.0049576	1082.4	1464.6	4.4947	2.6071	3.4612	916.32	-0.021522	2.9435e-05	0.11292	supercritical
535.69	771.00	201.39	0.0049654	1085.2	1468.1	4.5012	2.6106	3.4637	916.19	-0.021517	2.9424e-05	0.11303	supercritical
536.69	771.00	201.07	0.0049733	1088.1	1471.5	4.5076	2.6140	3.4661	916.07	-0.021512	2.9413e-05	0.11314	supercritical
537.69	771.00	200.76	0.0049812	1091.0	1475.0	4.5141	2.6174	3.4686	915.95	-0.021508	2.9403e-05	0.11324	supercritical
538.69	771.00	200.44	0.0049891	1093.8	1478.5	4.5205	2.6208	3.4710	915.84	-0.021503	2.9393e-05	0.11335	supercritical
539.69	771.00	200.12	0.0049969	1096.7	1481.9	4.5270	2.6242	3.4735	915.72	-0.021499	2.9383e-05	0.11346	supercritical
540.69	771.00	199.81	0.0050048	1099.5	1485.4	4.5334	2.6277	3.4759	915.61	-0.021495	2.9373e-05	0.11357	supercritical
541.69	771.00	199.49	0.0050127	1102.4	1488.9	4.5398	2.6311	3.4784	915.51	-0.021491	2.9364e-05	0.11368	supercritical
542.69	771.00	199.18	0.0050206	1105.3	1492.4	4.5462	2.6345	3.4809	915.40	-0.021488	2.9354e-05	0.11379	supercritical
543.69	771.00	198.87	0.0050284	1108.2	1495.9	4.5526	2.6379	3.4834	915.30	-0.021485	2.9345e-05	0.11391	supercritical
544.69	771.00	198.56	0.0050363	1111.0	1499.3	4.5590	2.6414	3.4858	915.20	-0.021482	2.9336e-05	0.11402	supercritical
545.69	771.00	198.25	0.0050442	1113.9	1502.8	4.5654	2.6448	3.4883	915.11	-0.021479	2.9327e-05	0.11413	supercritical
546.69	771.00	197.94	0.0050520	1116.8	1506.3	4.5718	2.6482	3.4908	915.02	-0.021476	2.9318e-05	0.11425	supercritical
547.69	771.00	197.63	0.0050599	1119.7	1509.8	4.5782	2.6516	3.4933	914.93	-0.021473	2.9310e-05	0.11436	supercritical
548.69	771.00	197.32	0.0050678	1122.6	1513.3	4.5846	2.6551	3.4958	914.84	-0.021471	2.9301e-05	0.11448	supercritical
549.69	771.00	197.02	0.0050757	1125.5	1516.8	4.5910	2.6585	3.4983	914.75	-0.021469	2.9293e-05	0.11459	supercritical
550.69	771.00	196.71	0.0050835	1128.4	1520.3	4.5973	2.6619	3.5008	914.67	-0.021467	2.9285e-05	0.11471	supercritical
551.69	771.00	196.41	0.0050914	1131.3	1523.8	4.6037	2.6654	3.5033	914.59	-0.021465	2.9277e-05	0.11482	supercritical
552.69	771.00	196.11	0.0050993	1134.2	1527.3	4.6100	2.6688	3.5058	914.51	-0.021464	2.9269e-05	0.11494	supercritical
553.69	771.00	195.81	0.0051071	1137.1	1530.8	4.6164	2.6722	3.5083	914.44	-0.021462	2.9261e-05	0.11506	supercritical
554.69	771.00	195.50	0.0051150	1140.0	1534.3	4.6227	2.6756	3.5108	914.37	-0.021461	2.9254e-05	0.11518	supercritical
555.69	771.00	195.20	0.0051228	1142.9	1537.8	4.6290	2.6791	3.5134	914.30	-0.021460	2.9247e-05	0.11530	supercritical
556.69	771.00	194.90	0.0051307	1145.8	1541.4	4.6353	2.6825	3.5159	914.23	-0.021459	2.9239e-05	0.11541	supercritical
557.69	771.00	194.61	0.0051386	1148.7	1544.9	4.6416	2.6859	3.5184	914.17	-0.021458	2.9232e-05	0.11553	supercritical
558.69	771.00	194.31	0.0051464	1151.6	1548.4	4.6479	2.6893	3.5209	914.11	-0.021458	2.9226e-05	0.11566	supercritical
559.69	771.00	194.01	0.0051543	1154.5	1551.9	4.6542	2.6928	3.5235	914.05	-0.021457	2.9219e-05	0.11578	supercritical
560.69	771.00	193.72	0.0051621	1157.4	1555.4	4.6605	2.6962	3.5260	913.99	-0.021457	2.9212e-05	0.11590	supercritical
561.69	771.00	193.42	0.0051700	1160.4	1559.0	4.6668	2.6996	3.5285	913.94	-0.021457	2.9206e-05	0.11602	supercritical
562.69	771.00	193.13	0.0051779	1163.3	1562.5	4.6731	2.7031	3.5311	913.88	-0.021457	2.9200e-05	0.11614	supercritical
563.69	771.00	192.84	0.0051857	1166.2	1566.0	4.6794	2.7065	3.5336	913.83	-0.021457	2.9193e-05	0.11627	supercritical
564.69	771.00	192.55	0.0051936	1169.1	1569.6	4.6856	2.7099	3.5362	913.79	-0.021458	2.9187e-05	0.11639	supercritical
565.69	771.00	192.26	0.0052014	1172.1	1573.1	4.6919	2.7133	3.5387	913.74	-0.021458	2.9182e-05	0.11651	supercritical
566.69	771.00	191.97	0.0052093	1175.0	1576.6	4.6982	2.7168	3.5413	913.70	-0.021459	2.9176e-05	0.11664	supercritical
567.69	771.00	191.68	0.0052171	1177.9	1580.2	4.7044	2.7202	3.5438	913.66	-0.021460	2.9170e-05	0.11676	supercritical
568.69	771.00	191.39	0.0052250	1180.9	1583.7	4.7106	2.7236	3.5464	913.62	-0.021460	2.9165e-05	0.11689	supercritical
569.69	771.00	191.10	0.0052328	1183.8	1587.3	4.7169	2.7270	3.5489	913.59	-0.021462	2.9160e-05	0.11702	supercritical
570.69	771.00	190.82	0.0052407	1186.8	1590.8	4.7231	2.7305	3.5515	913.55	-0.021463	2.9155e-05	0.11714	supercritical
571.69	771.00	190.53	0.0052485	1189.7	1594.4	4.7293	2.7339	3.5541	913.52	-0.021464	2.9150e-05	0.11727	supercritical
572.69	771.00	190.25	0.0052564	1192.7	1597.9	4.7355	2.7373	3.5566	913.49	-0.021466	2.9145e-05	0.11740	supercritical
573.69	771.00	189.96	0.0052642	1195.6	1601.5	4.7417	2.7407	3.5592	913.47	-0.021467	2.9140e-05	0.11753	supercritical
574.69	771.00	189.68	0.0052720	1198.6	1605.1	4.7479	2.7442	3.5618	913.44	-0.021469	2.9135e-05	0.11765	supercritical
575.69	771.00	189.40	0.0052799	1201.5	1608.6	4.7541	2.7476	3.5644	913.42	-0.021471	2.9131e-05	0.11778	supercritical
576.69	771.00	189.12	0.0052877	1204.5	1612.2	4.7603	2.7510	3.5670	913.40	-0.021473	2.9127e-05	0.11791	supercritical
577.69	771.00	188.84	0.0052956	1207.5	1615.7	4.7665	2.7544	3.5695	913.38	-0.021475	2.9122e-05	0.11804	supercritical
578.69	771.00	188.56	0.0053034	1210.4	1619.3	4.7727	2.7579	3.5721	913.37	-0.021478	2.9118e-05	0.11818	supercritical
579.69	771.00	188.28	0.0053112	1213.4	1622.9	4.7788	2.7613	3.5747	913.35	-0.021480	2.9114e-05	0.11831	supercritical
580.69	771.00	188.00	0.0053191	1216.4	1626.5	4.7850	2.7647	3.5773	913.34	-0.021483	2.9111e-05	0.11844	supercritical
581.69	771.00	187.73	0.0053269	1219.3	1630.0	4.7912	2.7681	3.5799	913.33	-0.021485	2.9107e-05	0.11857	supercritical
582.69	771.00	187.45	0.0053348	1222.3	1633.6	4.7973	2.7716	3.5825	913.32	-0.021488	2.9103e-05	0.11870	supercritical
583.69	771.00	187.18	0.0053426	1225.3	1637.2	4.8035	2.7750	3.5851	913.32	-0.021491	2.9100e-05	0.11884	supercritical
584.69	771.00	186.90	0.0053504	1228.3	1640.8	4.8096	2.7784	3.5877	913.32	-0.021494	2.9097e-05	0.11897	supercritical
585.69	771.00	186.63	0.0053583	1231.3	1644.4	4.8157	2.7818	3.5903	913.31	-0.021497	2.9093e-05	0.11910	supercritical
586.69	771.00	186.36	0.0053661	1234.3	1648.0	4.8219	2.7852	3.5929	913.31	-0.021501	2.9090e-05	0.11924	supercritical
587.69	771.00	186.08	0.0053739	1237.2	1651.6	4.8280	2.7887	3.5955	913.32	-0.021504	2.9087e-05	0.11937	supercritical
588.69	771.00	185.81	0.0053817	1240.2	1655.2	4.8341	2.7921	3.5981	913.32	-0.021507	2.9085e-05	0.11951	supercritical
589.69	771.00	185.54	0.0053896	1243.2	1658.8	4.8402	2.7955	3.6007	913.33	-0.021511	2.9082e-05	0.11964	supercritical
590.69	771.00	185.27	0.0053974	1246.2	1662.4	4.8463	2.7989	3.6034	913.34	-0.021515	2.9079e-05	0.11978	supercritical
591.69	771.00	185.01	0.0054052	1249.2	1666.0	4.8524	2.8023	3.6060	913.35	-0.021518	2.9077e-05	0.11992	supercritical
592.69	771.00	184.74	0.0054130	1252.2	1669.6	4.8585	2.8057	3.6086	913.36	-0.021522	2.9075e-05	0.12005	supercritical
593.69	771.00	184.47	0.0054209	1255.2	1673.2	4.8646	2.8092	3.6112	913.37	-0.021526	2.9072e-05	0.12019	supercritical
594.69	771.00	184.21	0.0054287	1258.3	1676.8	4.8707	2.8126	3.6138	913.39	-0.021530	2.9070e-05	0.12033	supercritical
595.69	771.00	183.94	0.0054365	1261.3	1680.4	4.8767	2.8160	3.6165	913.41	-0.021535	2.9068e-05	0.12047	supercritical
596.69	771.00	183.68	0.0054443	1264.3	1684.0	4.8828	2.8194	3.6191	913.43	-0.021539	2.9066e-05	0.12061	supercritical
597.69	771.00	183.41	0.0054521	1267.3	1687.7	4.8889	2.8228	3.6217	913.45	-0.021543	2.9064e-05	0.12075	supercritical
598.69	771.00	183.15	0.0054600	1270.3	1691.3	4.8949	2.8262	3.6244	913.47	-0.021548	2.9063e-05	0.12089	supercritical
599.69	771.00	182.89	0.0054678	1273.3	1694.9	4.9010	2.8296	3.6270	913.50	-0.021552	2.9061e-05	0.12103	supercritical
600.69	771.00	182.63	0.0054756	1276.4	1698.5	4.9070	2.8330	3.6296	913.52	-0.021557	2.9060e-05	0.12117	supercritical
601.69	771.00	182.37	0.0054834	1279.4	1702.2	4.9131	2.8364	3.6323	913.55	-0.021562	2.9058e-05	0.12131	supercritical
602.69	771.00	182.11	0.0054912	1282.4	1705.8	4.9191	2.8399	3.6349	913.58	-0.021567	2.9057e-05	0.12145	supercritical
603.69	771.00	181.85	0.0054990	1285.5	1709.4	4.9251	2.8433	3.6376	913.61	-0.021572	2.9056e-05	0.12159	supercritical
604.69	771.00	181.59	0.0055068	1288.5	1713.1	4.9311	2.8467	3.6402	913.65	-0.021577	2.9055e-05	0.12174	supercritical
605.69	771.00	181.34	0.0055146	1291.5	1716.7	4.9372	2.8501	3.6429	913.68	-0.021582	2.9054e-05	0.12188	supercritical
606.69	771.00	181.08	0.0055224	1294.6	1720.4	4.9432	2.8535	3.6455	913.72	-0.021587	2.9053e-05	0.12202	supercritical
607.69	771.00	180.82	0.0055302	1297.6	1724.0	4.9492	2.8569	3.6482	913.76	-0.021592	2.9053e-05	0.12217	supercritical
608.69	771.00	180.57	0.0055380	1300.7	1727.7	4.9552	2.8603	3.6508	913.80	-0.021597	2.9052e-05	0.12231	supercritical
609.69	771.00	180.32	0.0055458	1303.7	1731.3	4.9612	2.8637	3.6535	913.84	-0.021603	2.9051e-05	0.12245	supercritical
610.69	771.00	180.06	0.0055536	1306.8	1735.0	4.9672	2.8671	3.6561	913.89	-0.021608	2.9051e-05	0.12260	supercritical
611.69	771.00	179.81	0.0055614	1309.8	1738.6	4.9732	2.8705	3.6588	913.93	-0.021614	2.9051e-05	0.12274	supercritical
612.69	771.00	179.56	0.0055692	1312.9	1742.3	4.9791	2.8739	3.6614	913.98	-0.021620	2.9051e-05	0.12289	supercritical
613.69	771.00	179.31	0.0055770	1316.0	1745.9	4.9851	2.8773	3.6641	914.03	-0.021625	2.9050e-05	0.12304	supercritical
614.69	771.00	179.06	0.0055848	1319.0	1749.6	4.9911	2.8807	3.6668	914.08	-0.021631	2.9050e-05	0.12318	supercritical
615.69	771.00	178.81	0.0055926	1322.1	1753.3	4.9970	2.8841	3.6694	914.13	-0.021637	2.9051e-05	0.12333	supercritical
616.69	771.00	178.56	0.0056004	1325.2	1757.0	5.0030	2.8875	3.6721	914.18	-0.021643	2.9051e-05	0.12348	supercritical
617.69	771.00	178.31	0.0056082	1328.2	1760.6	5.0089	2.8909	3.6748	914.24	-0.021649	2.9051e-05	0.12362	supercritical
618.69	771.00	178.06	0.0056160	1331.3	1764.3	5.0149	2.8942	3.6774	914.29	-0.021655	2.9051e-05	0.12377	supercritical
619.69	771.00	177.82	0.0056238	1334.4	1768.0	5.0208	2.8976	3.6801	914.35	-0.021661	2.9052e-05	0.12392	supercritical
620.69	771.00	177.57	0.0056316	1337.5	1771.7	5.0268	2.9010	3.6828	914.41	-0.021667	2.9052e-05	0.12407	supercritical
621.69	771.00	177.32	0.0056394	1340.5	1775.3	5.0327	2.9044	3.6855	914.47	-0.021673	2.9053e-05	0.12422	supercritical
622.69	771.00	177.08	0.0056472	1343.6	1779.0	5.0386	2.9078	3.6881	914.54	-0.021680	2.9054e-05	0.12437	supercritical
623.69	771.00	176.84	0.0056549	1346.7	1782.7	5.0445	2.9112	3.6908	914.60	-0.021686	2.9055e-05	0.12452	supercritical
624.69	771.00	176.59	0.0056627	1349.8	1786.4	5.0505	2.9146	3.6935	914.67	-0.021693	2.9056e-05	0.12467	supercritical