Temperature (K)	Pressure (bar)	Density (kg/m3)	Volume (m3/kg)	Internal Energy (kJ/kg)	Enthalpy (kJ/kg)	Entropy (J/g*K)	Cv (J/g*K)	Cp (J/g*K)	Sound Spd. (m/s)	Joule-Thomson (K/bar)	Viscosity (Pa*s)	Therm. Cond. (W/m*K)	Phase
90.694	83.000	456.67	0.0021898	-76.448	-58.273	-0.76182	2.1878	3.3272	1592.4	-0.049429	0.00022527	0.21831	liquid
93.694	83.000	452.90	0.0022080	-66.608	-48.282	-0.65344	2.1693	3.3340	1567.5	-0.048925	0.00020413	0.21494	liquid
94.694	83.000	451.63	0.0022142	-63.324	-44.947	-0.61803	2.1635	3.3366	1559.1	-0.048742	0.00019798	0.21378	liquid
95.694	83.000	450.36	0.0022204	-60.038	-41.609	-0.58296	2.1579	3.3395	1550.6	-0.048553	0.00019219	0.21260	liquid
96.694	83.000	449.09	0.0022267	-56.749	-38.268	-0.54823	2.1523	3.3424	1542.1	-0.048357	0.00018674	0.21142	liquid
97.694	83.000	447.82	0.0022331	-53.458	-34.924	-0.51383	2.1469	3.3455	1533.6	-0.048155	0.00018158	0.21022	liquid
98.694	83.000	446.54	0.0022394	-50.164	-31.577	-0.47974	2.1416	3.3488	1525.0	-0.047946	0.00017671	0.20900	liquid
99.694	83.000	445.26	0.0022459	-46.867	-28.226	-0.44596	2.1364	3.3521	1516.4	-0.047731	0.00017208	0.20778	liquid
100.69	83.000	443.97	0.0022524	-43.567	-24.872	-0.41249	2.1312	3.3556	1507.8	-0.047509	0.00016767	0.20655	liquid
101.69	83.000	442.68	0.0022590	-40.264	-21.515	-0.37931	2.1262	3.3592	1499.1	-0.047281	0.00016348	0.20530	liquid
102.69	83.000	441.39	0.0022656	-36.958	-18.154	-0.34642	2.1212	3.3629	1490.4	-0.047047	0.00015948	0.20405	liquid
103.69	83.000	440.09	0.0022723	-33.649	-14.789	-0.31381	2.1162	3.3667	1481.7	-0.046806	0.00015565	0.20279	liquid
104.69	83.000	438.78	0.0022790	-30.336	-11.420	-0.28148	2.1114	3.3705	1473.0	-0.046558	0.00015199	0.20151	liquid
105.69	83.000	437.48	0.0022858	-27.020	-8.0480	-0.24942	2.1066	3.3745	1464.2	-0.046304	0.00014847	0.20024	liquid
106.69	83.000	436.16	0.0022927	-23.701	-4.6715	-0.21763	2.1018	3.3785	1455.4	-0.046042	0.00014510	0.19895	liquid
107.69	83.000	434.85	0.0022997	-20.378	-1.2908	-0.18609	2.0971	3.3827	1446.6	-0.045774	0.00014185	0.19766	liquid
108.69	83.000	433.53	0.0023067	-17.051	2.0940	-0.15481	2.0924	3.3869	1437.7	-0.045498	0.00013873	0.19636	liquid
109.69	83.000	432.20	0.0023137	-13.721	5.4830	-0.12377	2.0878	3.3913	1428.9	-0.045215	0.00013572	0.19506	liquid
110.69	83.000	430.87	0.0023209	-10.387	8.8765	-0.092973	2.0832	3.3957	1420.0	-0.044924	0.00013282	0.19375	liquid
111.69	83.000	429.53	0.0023281	-7.0490	12.274	-0.062415	2.0786	3.4002	1411.1	-0.044626	0.00013001	0.19244	liquid
112.69	83.000	428.19	0.0023354	-3.7070	15.677	-0.032088	2.0741	3.4048	1402.1	-0.044319	0.00012730	0.19113	liquid
113.69	83.000	426.84	0.0023428	-0.36103	19.084	-0.0019872	2.0696	3.4095	1393.2	-0.044005	0.00012468	0.18981	liquid
114.69	83.000	425.49	0.0023502	2.9891	22.496	0.027891	2.0652	3.4144	1384.2	-0.043681	0.00012214	0.18848	liquid
115.69	83.000	424.13	0.0023578	6.3434	25.913	0.057553	2.0608	3.4193	1375.2	-0.043349	0.00011968	0.18716	liquid
116.69	83.000	422.77	0.0023654	9.7020	29.335	0.087002	2.0564	3.4243	1366.2	-0.043008	0.00011729	0.18583	liquid
117.69	83.000	421.40	0.0023731	13.065	32.761	0.11624	2.0521	3.4295	1357.1	-0.042657	0.00011498	0.18450	liquid
118.69	83.000	420.02	0.0023808	16.433	36.194	0.14528	2.0478	3.4347	1348.1	-0.042297	0.00011273	0.18316	liquid
119.69	83.000	418.64	0.0023887	19.805	39.631	0.17412	2.0435	3.4401	1339.0	-0.041927	0.00011055	0.18183	liquid
120.69	83.000	417.25	0.0023967	23.182	43.074	0.20276	2.0393	3.4457	1329.9	-0.041546	0.00010843	0.18049	liquid
121.69	83.000	415.85	0.0024047	26.563	46.522	0.23122	2.0351	3.4513	1320.8	-0.041154	0.00010636	0.17916	liquid
122.69	83.000	414.45	0.0024128	29.950	49.977	0.25949	2.0309	3.4571	1311.6	-0.040752	0.00010435	0.17782	liquid
123.69	83.000	413.04	0.0024211	33.342	53.437	0.28757	2.0268	3.4630	1302.5	-0.040338	0.00010240	0.17648	liquid
124.69	83.000	411.63	0.0024294	36.739	56.903	0.31548	2.0227	3.4691	1293.3	-0.039912	0.00010050	0.17514	liquid
125.69	83.000	410.20	0.0024378	40.141	60.375	0.34322	2.0186	3.4754	1284.1	-0.039474	9.8640e-05	0.17380	liquid
126.69	83.000	408.77	0.0024464	43.549	63.853	0.37078	2.0146	3.4818	1274.9	-0.039023	9.6832e-05	0.17246	liquid
127.69	83.000	407.33	0.0024550	46.962	67.338	0.39818	2.0106	3.4883	1265.6	-0.038559	9.5069e-05	0.17112	liquid
128.69	83.000	405.89	0.0024637	50.381	70.830	0.42542	2.0066	3.4951	1256.3	-0.038082	9.3349e-05	0.16978	liquid
129.69	83.000	404.43	0.0024726	53.806	74.329	0.45250	2.0027	3.5020	1247.0	-0.037590	9.1671e-05	0.16844	liquid
130.69	83.000	402.97	0.0024816	57.237	77.834	0.47942	1.9989	3.5091	1237.7	-0.037084	9.0033e-05	0.16711	liquid
131.69	83.000	401.50	0.0024907	60.675	81.347	0.50620	1.9950	3.5165	1228.4	-0.036562	8.8434e-05	0.16577	liquid
132.69	83.000	400.02	0.0024999	64.118	84.867	0.53283	1.9912	3.5240	1219.0	-0.036025	8.6873e-05	0.16443	liquid
133.69	83.000	398.53	0.0025092	67.569	88.395	0.55932	1.9875	3.5317	1209.6	-0.035471	8.5347e-05	0.16310	liquid
134.69	83.000	397.04	0.0025187	71.026	91.931	0.58566	1.9838	3.5397	1200.2	-0.034901	8.3856e-05	0.16177	liquid
135.69	83.000	395.53	0.0025283	74.490	95.475	0.61188	1.9801	3.5479	1190.8	-0.034313	8.2398e-05	0.16043	liquid
136.69	83.000	394.01	0.0025380	77.961	99.027	0.63796	1.9765	3.5563	1181.3	-0.033706	8.0973e-05	0.15910	liquid
137.69	83.000	392.49	0.0025479	81.440	102.59	0.66391	1.9729	3.5650	1171.8	-0.033081	7.9580e-05	0.15777	liquid
138.69	83.000	390.95	0.0025579	84.927	106.16	0.68974	1.9693	3.5740	1162.3	-0.032436	7.8217e-05	0.15644	liquid
139.69	83.000	389.40	0.0025680	88.421	109.74	0.71545	1.9658	3.5832	1152.7	-0.031770	7.6883e-05	0.15512	liquid
140.69	83.000	387.85	0.0025783	91.923	113.32	0.74104	1.9624	3.5927	1143.2	-0.031083	7.5578e-05	0.15379	liquid
141.69	83.000	386.28	0.0025888	95.434	116.92	0.76652	1.9590	3.6025	1133.6	-0.030374	7.4300e-05	0.15247	liquid
142.69	83.000	384.70	0.0025994	98.953	120.53	0.79189	1.9556	3.6126	1123.9	-0.029642	7.3049e-05	0.15115	liquid
143.69	83.000	383.11	0.0026102	102.48	124.15	0.81716	1.9523	3.6231	1114.3	-0.028886	7.1823e-05	0.14983	liquid
144.69	83.000	381.51	0.0026212	106.02	127.77	0.84232	1.9490	3.6339	1104.6	-0.028105	7.0623e-05	0.14851	liquid
145.69	83.000	379.89	0.0026323	109.57	131.41	0.86739	1.9458	3.6450	1094.8	-0.027297	6.9447e-05	0.14720	liquid
146.69	83.000	378.26	0.0026437	113.12	135.06	0.89236	1.9426	3.6565	1085.1	-0.026463	6.8295e-05	0.14588	liquid
147.69	83.000	376.62	0.0026552	116.69	138.73	0.91724	1.9395	3.6684	1075.3	-0.025600	6.7166e-05	0.14457	liquid
148.69	83.000	374.96	0.0026669	120.27	142.40	0.94204	1.9364	3.6807	1065.4	-0.024708	6.6058e-05	0.14326	liquid
149.69	83.000	373.30	0.0026788	123.85	146.09	0.96675	1.9334	3.6934	1055.6	-0.023785	6.4972e-05	0.14195	liquid
150.69	83.000	371.61	0.0026910	127.45	149.79	0.99138	1.9305	3.7065	1045.7	-0.022829	6.3907e-05	0.14065	liquid
151.69	83.000	369.91	0.0027033	131.06	153.50	1.0159	1.9276	3.7201	1035.7	-0.021840	6.2862e-05	0.13934	liquid
152.69	83.000	368.20	0.0027159	134.69	157.23	1.0404	1.9247	3.7342	1025.8	-0.020816	6.1837e-05	0.13804	liquid
153.69	83.000	366.47	0.0027287	138.32	160.97	1.0649	1.9219	3.7488	1015.7	-0.019755	6.0831e-05	0.13674	liquid
154.69	83.000	364.73	0.0027418	141.97	164.73	1.0892	1.9192	3.7640	1005.7	-0.018655	5.9843e-05	0.13544	liquid
155.69	83.000	362.96	0.0027551	145.63	168.50	1.1135	1.9165	3.7797	995.58	-0.017515	5.8873e-05	0.13415	liquid
156.69	83.000	361.18	0.0027687	149.31	172.29	1.1378	1.9139	3.7959	985.44	-0.016332	5.7920e-05	0.13285	liquid
157.69	83.000	359.39	0.0027825	153.00	176.09	1.1620	1.9114	3.8128	975.26	-0.015105	5.6984e-05	0.13156	liquid
158.69	83.000	357.57	0.0027967	156.70	179.91	1.1861	1.9089	3.8304	965.03	-0.013831	5.6064e-05	0.13027	liquid
159.69	83.000	355.73	0.0028111	160.42	183.75	1.2102	1.9065	3.8486	954.75	-0.012508	5.5160e-05	0.12898	liquid
160.69	83.000	353.88	0.0028258	164.16	187.61	1.2343	1.9041	3.8675	944.43	-0.011134	5.4272e-05	0.12769	liquid
161.69	83.000	352.00	0.0028409	167.91	191.49	1.2584	1.9019	3.8872	934.05	-0.0097050	5.3398e-05	0.12640	liquid
162.69	83.000	350.10	0.0028563	171.68	195.38	1.2824	1.8997	3.9077	923.63	-0.0082191	5.2538e-05	0.12512	liquid
163.69	83.000	348.18	0.0028721	175.46	199.30	1.3064	1.8975	3.9290	913.16	-0.0066730	5.1692e-05	0.12383	liquid
164.69	83.000	346.23	0.0028882	179.27	203.24	1.3304	1.8955	3.9513	902.63	-0.0050633	5.0859e-05	0.12255	liquid
165.69	83.000	344.27	0.0029047	183.10	207.21	1.3544	1.8935	3.9745	892.05	-0.0033865	5.0040e-05	0.12127	liquid
166.69	83.000	342.27	0.0029217	186.94	211.19	1.3784	1.8917	3.9987	881.42	-0.0016389	4.9233e-05	0.11999	liquid
167.69	83.000	340.25	0.0029390	190.81	215.20	1.4024	1.8899	4.0239	870.72	0.00018382	4.8437e-05	0.11871	liquid
168.69	83.000	338.20	0.0029568	194.70	219.24	1.4264	1.8882	4.0503	859.97	0.0020859	4.7654e-05	0.11743	liquid
169.69	83.000	336.13	0.0029751	198.61	223.30	1.4504	1.8865	4.0779	849.16	0.0040722	4.6881e-05	0.11616	liquid
170.69	83.000	334.02	0.0029938	202.55	227.40	1.4745	1.8850	4.1068	838.28	0.0061478	4.6119e-05	0.11488	liquid
171.69	83.000	331.88	0.0030131	206.51	231.52	1.4985	1.8836	4.1370	827.34	0.0083183	4.5368e-05	0.11360	liquid
172.69	83.000	329.71	0.0030330	210.50	235.67	1.5226	1.8823	4.1688	816.34	0.010590	4.4626e-05	0.11233	liquid
173.69	83.000	327.51	0.0030534	214.51	239.86	1.5468	1.8811	4.2021	805.26	0.012969	4.3893e-05	0.11105	liquid
174.69	83.000	325.27	0.0030744	218.56	244.08	1.5710	1.8800	4.2370	794.12	0.015462	4.3170e-05	0.10978	liquid
175.69	83.000	322.99	0.0030961	222.63	248.33	1.5953	1.8790	4.2738	782.90	0.018078	4.2455e-05	0.10851	liquid
176.69	83.000	320.67	0.0031184	226.74	252.62	1.6197	1.8781	4.3125	771.61	0.020825	4.1748e-05	0.10724	liquid
177.69	83.000	318.31	0.0031416	230.88	256.96	1.6441	1.8774	4.3534	760.25	0.023711	4.1049e-05	0.10597	liquid
178.69	83.000	315.91	0.0031654	235.06	261.33	1.6687	1.8768	4.3964	748.80	0.026748	4.0357e-05	0.10470	liquid
179.69	83.000	313.46	0.0031902	239.27	265.75	1.6934	1.8764	4.4419	737.28	0.029945	3.9671e-05	0.10343	liquid
180.69	83.000	310.97	0.0032158	243.53	270.22	1.7181	1.8761	4.4901	725.67	0.033316	3.8992e-05	0.10217	liquid
181.69	83.000	308.42	0.0032423	247.82	274.73	1.7431	1.8759	4.5411	713.98	0.036872	3.8319e-05	0.10091	liquid
182.69	83.000	305.82	0.0032699	252.16	279.30	1.7681	1.8760	4.5952	702.19	0.040630	3.7651e-05	0.099652	liquid
183.69	83.000	303.16	0.0032986	256.54	283.92	1.7934	1.8762	4.6527	690.32	0.044605	3.6988e-05	0.098401	liquid
184.69	83.000	300.44	0.0033285	260.98	288.61	1.8188	1.8766	4.7139	678.36	0.048814	3.6329e-05	0.097157	liquid
185.69	83.000	297.66	0.0033596	265.47	293.35	1.8444	1.8772	4.7791	666.31	0.053277	3.5674e-05	0.095924	liquid
186.69	83.000	294.80	0.0033921	270.01	298.17	1.8703	1.8780	4.8488	654.17	0.058016	3.5023e-05	0.094705	liquid
187.69	83.000	291.88	0.0034261	274.61	303.05	1.8964	1.8790	4.9233	641.93	0.063055	3.4374e-05	0.093507	liquid
188.69	83.000	288.87	0.0034617	279.28	308.01	1.9227	1.8803	5.0031	629.59	0.068419	3.3728e-05	0.092343	liquid
189.69	83.000	285.79	0.0034991	284.02	313.06	1.9494	1.8818	5.0888	617.17	0.074139	3.3083e-05	0.091241	liquid
190.69	83.000	282.61	0.0035385	288.82	318.19	1.9764	1.8836	5.1810	604.65	0.080247	3.2439e-05	0.090243	supercritical
191.69	83.000	279.34	0.0035799	293.71	323.42	2.0038	1.8857	5.2804	592.05	0.086779	3.1796e-05	0.088773	supercritical
192.69	83.000	275.96	0.0036237	298.68	328.76	2.0315	1.8881	5.3877	579.37	0.093775	3.1152e-05	0.087409	supercritical
193.69	83.000	272.48	0.0036700	303.74	334.20	2.0597	1.8909	5.5037	566.61	0.10128	3.0508e-05	0.086070	supercritical
194.69	83.000	268.87	0.0037192	308.90	339.77	2.0883	1.8939	5.6294	553.80	0.10934	2.9862e-05	0.084742	supercritical
195.69	83.000	265.14	0.0037716	314.16	345.46	2.1175	1.8974	5.7658	540.93	0.11800	2.9213e-05	0.083420	supercritical
196.69	83.000	261.27	0.0038274	319.54	351.30	2.1473	1.9011	5.9138	528.04	0.12733	2.8562e-05	0.082102	supercritical
197.69	83.000	257.25	0.0038872	325.03	357.30	2.1777	1.9053	6.0745	515.14	0.13738	2.7907e-05	0.080789	supercritical
198.69	83.000	253.08	0.0039514	330.66	363.46	2.2088	1.9098	6.2487	502.27	0.14822	2.7247e-05	0.079480	supercritical
199.69	83.000	248.73	0.0040204	336.43	369.80	2.2406	1.9146	6.4371	489.46	0.15989	2.6583e-05	0.078177	supercritical
200.69	83.000	244.21	0.0040949	342.35	376.34	2.2733	1.9198	6.6400	476.77	0.17247	2.5913e-05	0.076880	supercritical
201.69	83.000	239.49	0.0041756	348.43	383.08	2.3068	1.9252	6.8569	464.25	0.18599	2.5238e-05	0.075591	supercritical
202.69	83.000	234.58	0.0042630	354.67	390.05	2.3413	1.9309	7.0863	451.98	0.20050	2.4558e-05	0.074313	supercritical
203.69	83.000	229.46	0.0043581	361.09	397.26	2.3767	1.9366	7.3254	440.03	0.21600	2.3874e-05	0.073047	supercritical
204.69	83.000	224.14	0.0044614	367.68	404.71	2.4132	1.9422	7.5694	428.51	0.23249	2.3187e-05	0.071793	supercritical
205.69	83.000	218.64	0.0045738	374.43	412.40	2.4507	1.9477	7.8116	417.50	0.24991	2.2500e-05	0.070553	supercritical
206.69	83.000	212.95	0.0046959	381.35	420.33	2.4891	1.9528	8.0431	407.10	0.26818	2.1817e-05	0.069325	supercritical
207.69	83.000	207.12	0.0048281	388.40	428.48	2.5285	1.9572	8.2531	397.41	0.28716	2.1140e-05	0.068106	supercritical
208.69	83.000	201.18	0.0049706	395.56	436.82	2.5685	1.9608	8.4296	388.53	0.30665	2.0476e-05	0.066892	supercritical
209.69	83.000	195.18	0.0051234	402.80	445.32	2.6092	1.9634	8.5609	380.53	0.32642	1.9830e-05	0.065677	supercritical
210.69	83.000	189.19	0.0052858	410.05	453.92	2.6501	1.9647	8.6368	373.47	0.34617	1.9209e-05	0.064455	supercritical
211.69	83.000	183.25	0.0054570	417.28	462.57	2.6911	1.9645	8.6507	367.38	0.36559	1.8617e-05	0.063224	supercritical
212.69	83.000	177.44	0.0056356	424.43	471.20	2.7317	1.9629	8.6009	362.26	0.38435	1.8060e-05	0.061984	supercritical
213.69	83.000	171.81	0.0058203	431.45	479.75	2.7718	1.9599	8.4907	358.07	0.40218	1.7542e-05	0.060737	supercritical
214.69	83.000	166.41	0.0060091	438.29	488.17	2.8111	1.9557	8.3282	354.72	0.41883	1.7063e-05	0.059492	supercritical
215.69	83.000	161.27	0.0062006	444.93	496.40	2.8494	1.9505	8.1246	352.14	0.43412	1.6626e-05	0.058260	supercritical
216.69	83.000	156.42	0.0063932	451.34	504.41	2.8864	1.9447	7.8926	350.24	0.44796	1.6228e-05	0.057055	supercritical
217.69	83.000	151.85	0.0065856	457.52	512.18	2.9222	1.9384	7.6438	348.91	0.46032	1.5869e-05	0.055887	supercritical
218.69	83.000	147.57	0.0067767	463.45	519.69	2.9566	1.9318	7.3885	348.07	0.47122	1.5545e-05	0.054767	supercritical
219.69	83.000	143.56	0.0069657	469.14	526.95	2.9898	1.9251	7.1342	347.65	0.48074	1.5254e-05	0.053701	supercritical
220.69	83.000	139.82	0.0071521	474.60	533.96	3.0216	1.9183	6.8864	347.56	0.48898	1.4993e-05	0.052695	supercritical
221.69	83.000	136.32	0.0073356	479.85	540.73	3.0522	1.9116	6.6488	347.76	0.49602	1.4757e-05	0.051750	supercritical
222.69	83.000	133.05	0.0075158	484.88	547.27	3.0816	1.9049	6.4232	348.19	0.50199	1.4546e-05	0.050866	supercritical
223.69	83.000	129.99	0.0076926	489.73	553.58	3.1099	1.8983	6.2109	348.81	0.50698	1.4356e-05	0.050042	supercritical
224.69	83.000	127.13	0.0078661	494.40	559.69	3.1372	1.8919	6.0119	349.59	0.51109	1.4185e-05	0.049275	supercritical
225.69	83.000	124.44	0.0080362	498.91	565.61	3.1634	1.8857	5.8262	350.49	0.51442	1.4030e-05	0.048564	supercritical
226.69	83.000	121.91	0.0082029	503.26	571.35	3.1888	1.8797	5.6532	351.49	0.51705	1.3890e-05	0.047905	supercritical
227.69	83.000	119.53	0.0083664	507.48	576.92	3.2133	1.8738	5.4922	352.59	0.51905	1.3764e-05	0.047294	supercritical
228.69	83.000	117.28	0.0085268	511.56	582.34	3.2371	1.8682	5.3425	353.75	0.52050	1.3649e-05	0.046728	supercritical
229.69	83.000	115.15	0.0086842	515.53	587.61	3.2601	1.8628	5.2032	354.96	0.52145	1.3545e-05	0.046204	supercritical
230.69	83.000	113.14	0.0088388	519.38	592.75	3.2824	1.8575	5.0735	356.22	0.52196	1.3450e-05	0.045720	supercritical
231.69	83.000	111.23	0.0089905	523.14	597.76	3.3041	1.8525	4.9528	357.52	0.52208	1.3364e-05	0.045271	supercritical
232.69	83.000	109.41	0.0091396	526.80	602.65	3.3252	1.8477	4.8402	358.85	0.52185	1.3286e-05	0.044856	supercritical
233.69	83.000	107.69	0.0092862	530.37	607.44	3.3457	1.8431	4.7350	360.20	0.52131	1.3215e-05	0.044471	supercritical
234.69	83.000	106.04	0.0094304	533.86	612.13	3.3657	1.8387	4.6368	361.57	0.52049	1.3150e-05	0.044115	supercritical
235.69	83.000	104.47	0.0095722	537.27	616.72	3.3852	1.8344	4.5449	362.95	0.51942	1.3090e-05	0.043786	supercritical
236.69	83.000	102.97	0.0097119	540.61	621.22	3.4043	1.8304	4.4587	364.35	0.51813	1.3036e-05	0.043481	supercritical
237.69	83.000	101.53	0.0098495	543.89	625.64	3.4229	1.8265	4.3779	365.74	0.51664	1.2987e-05	0.043198	supercritical
238.69	83.000	100.15	0.0099852	547.10	629.98	3.4411	1.8229	4.3020	367.15	0.51498	1.2942e-05	0.042937	supercritical
239.69	83.000	98.825	0.010119	550.26	634.24	3.4589	1.8193	4.2305	368.55	0.51316	1.2902e-05	0.042695	supercritical
240.69	83.000	97.554	0.010251	553.36	638.44	3.4764	1.8160	4.1633	369.96	0.51121	1.2864e-05	0.042471	supercritical
241.69	83.000	96.331	0.010381	556.41	642.57	3.4935	1.8128	4.0998	371.36	0.50913	1.2831e-05	0.042264	supercritical
242.69	83.000	95.153	0.010509	559.41	646.64	3.5103	1.8098	4.0399	372.77	0.50694	1.2800e-05	0.042073	supercritical
243.69	83.000	94.017	0.010636	562.37	650.65	3.5268	1.8069	3.9833	374.16	0.50465	1.2773e-05	0.041896	supercritical
244.69	83.000	92.922	0.010762	565.28	654.61	3.5430	1.8042	3.9297	375.56	0.50228	1.2748e-05	0.041733	supercritical
245.69	83.000	91.864	0.010886	568.16	658.51	3.5590	1.8016	3.8790	376.95	0.49983	1.2726e-05	0.041583	supercritical
246.69	83.000	90.842	0.011008	571.00	662.37	3.5746	1.7991	3.8309	378.33	0.49731	1.2705e-05	0.041445	supercritical
247.69	83.000	89.853	0.011129	573.80	666.17	3.5900	1.7968	3.7852	379.70	0.49473	1.2688e-05	0.041318	supercritical
248.69	83.000	88.895	0.011249	576.57	669.94	3.6052	1.7946	3.7418	381.07	0.49210	1.2672e-05	0.041202	supercritical
249.69	83.000	87.967	0.011368	579.30	673.66	3.6201	1.7925	3.7005	382.43	0.48942	1.2658e-05	0.041096	supercritical
250.69	83.000	87.067	0.011485	582.01	677.34	3.6348	1.7906	3.6612	383.78	0.48670	1.2646e-05	0.040999	supercritical
251.69	83.000	86.194	0.011602	584.69	680.98	3.6493	1.7888	3.6237	385.13	0.48395	1.2636e-05	0.040911	supercritical
252.69	83.000	85.347	0.011717	587.34	684.59	3.6636	1.7871	3.5880	386.46	0.48117	1.2627e-05	0.040831	supercritical
253.69	83.000	84.523	0.011831	589.96	688.16	3.6777	1.7855	3.5540	387.79	0.47836	1.2619e-05	0.040759	supercritical
254.69	83.000	83.722	0.011944	592.56	691.70	3.6917	1.7840	3.5215	389.11	0.47553	1.2613e-05	0.040695	supercritical
255.69	83.000	82.943	0.012056	595.13	695.20	3.7054	1.7826	3.4904	390.42	0.47268	1.2609e-05	0.040637	supercritical
256.69	83.000	82.185	0.012168	597.69	698.68	3.7190	1.7813	3.4606	391.72	0.46982	1.2605e-05	0.040587	supercritical
257.69	83.000	81.447	0.012278	600.22	702.12	3.7324	1.7801	3.4322	393.01	0.46694	1.2603e-05	0.040542	supercritical
258.69	83.000	80.728	0.012387	602.73	705.54	3.7456	1.7790	3.4050	394.30	0.46406	1.2602e-05	0.040504	supercritical
259.69	83.000	80.027	0.012496	605.22	708.93	3.7587	1.7780	3.3789	395.57	0.46117	1.2602e-05	0.040471	supercritical
260.69	83.000	79.343	0.012604	607.69	712.30	3.7716	1.7771	3.3538	396.84	0.45828	1.2603e-05	0.040444	supercritical
261.69	83.000	78.675	0.012710	610.14	715.64	3.7844	1.7763	3.3299	398.09	0.45539	1.2605e-05	0.040422	supercritical
262.69	83.000	78.024	0.012817	612.58	718.96	3.7971	1.7755	3.3068	399.34	0.45249	1.2607e-05	0.040405	supercritical
263.69	83.000	77.388	0.012922	615.00	722.25	3.8096	1.7749	3.2847	400.58	0.44960	1.2611e-05	0.040393	supercritical
264.69	83.000	76.766	0.013027	617.41	725.53	3.8220	1.7743	3.2635	401.81	0.44671	1.2615e-05	0.040385	supercritical
265.69	83.000	76.158	0.013131	619.80	728.78	3.8343	1.7738	3.2431	403.03	0.44382	1.2621e-05	0.040381	supercritical
266.69	83.000	75.564	0.013234	622.17	732.02	3.8464	1.7734	3.2234	404.25	0.44094	1.2627e-05	0.040382	supercritical
267.69	83.000	74.983	0.013336	624.54	735.23	3.8584	1.7730	3.2046	405.45	0.43807	1.2633e-05	0.040387	supercritical
268.69	83.000	74.414	0.013438	626.89	738.42	3.8703	1.7727	3.1864	406.65	0.43520	1.2640e-05	0.040395	supercritical
269.69	83.000	73.857	0.013540	629.22	741.60	3.8821	1.7725	3.1689	407.84	0.43235	1.2648e-05	0.040407	supercritical
270.69	83.000	73.312	0.013640	631.55	744.76	3.8938	1.7724	3.1521	409.02	0.42950	1.2657e-05	0.040423	supercritical
271.69	83.000	72.778	0.013740	633.86	747.91	3.9054	1.7723	3.1359	410.19	0.42667	1.2666e-05	0.040442	supercritical
272.69	83.000	72.254	0.013840	636.16	751.03	3.9169	1.7723	3.1202	411.35	0.42384	1.2676e-05	0.040464	supercritical
273.69	83.000	71.741	0.013939	638.45	754.15	3.9283	1.7724	3.1052	412.51	0.42103	1.2686e-05	0.040489	supercritical
274.69	83.000	71.238	0.014037	640.74	757.25	3.9396	1.7725	3.0907	413.66	0.41823	1.2697e-05	0.040517	supercritical
275.69	83.000	70.745	0.014135	643.01	760.33	3.9508	1.7727	3.0766	414.80	0.41545	1.2708e-05	0.040548	supercritical
276.69	83.000	70.261	0.014233	645.27	763.40	3.9619	1.7730	3.0631	415.93	0.41267	1.2720e-05	0.040582	supercritical
277.69	83.000	69.786	0.014330	647.52	766.46	3.9730	1.7733	3.0501	417.05	0.40992	1.2732e-05	0.040619	supercritical
278.69	83.000	69.320	0.014426	649.76	769.50	3.9839	1.7736	3.0375	418.17	0.40717	1.2744e-05	0.040658	supercritical
279.69	83.000	68.862	0.014522	652.00	772.53	3.9948	1.7741	3.0254	419.28	0.40445	1.2757e-05	0.040700	supercritical
280.69	83.000	68.412	0.014617	654.23	775.55	4.0055	1.7745	3.0137	420.38	0.40173	1.2771e-05	0.040744	supercritical
281.69	83.000	67.971	0.014712	656.45	778.56	4.0162	1.7751	3.0023	421.48	0.39903	1.2784e-05	0.040791	supercritical
282.69	83.000	67.537	0.014807	658.66	781.55	4.0269	1.7756	2.9914	422.56	0.39635	1.2798e-05	0.040839	supercritical
283.69	83.000	67.110	0.014901	660.86	784.54	4.0374	1.7763	2.9808	423.64	0.39369	1.2813e-05	0.040890	supercritical
284.69	83.000	66.691	0.014995	663.06	787.52	4.0479	1.7769	2.9706	424.72	0.39104	1.2828e-05	0.040944	supercritical
285.69	83.000	66.279	0.015088	665.25	790.48	4.0583	1.7777	2.9608	425.78	0.38840	1.2843e-05	0.040999	supercritical
286.69	83.000	65.873	0.015181	667.44	793.44	4.0686	1.7784	2.9513	426.84	0.38579	1.2858e-05	0.041056	supercritical
287.69	83.000	65.474	0.015273	669.62	796.38	4.0789	1.7793	2.9421	427.90	0.38319	1.2874e-05	0.041115	supercritical
288.69	83.000	65.082	0.015365	671.79	799.32	4.0891	1.7801	2.9332	428.95	0.38060	1.2890e-05	0.041177	supercritical
289.69	83.000	64.696	0.015457	673.96	802.25	4.0992	1.7811	2.9246	429.99	0.37804	1.2906e-05	0.041240	supercritical
290.69	83.000	64.316	0.015548	676.12	805.17	4.1092	1.7820	2.9163	431.02	0.37549	1.2923e-05	0.041304	supercritical
291.69	83.000	63.942	0.015639	678.28	808.08	4.1192	1.7830	2.9083	432.05	0.37295	1.2940e-05	0.041371	supercritical
292.69	83.000	63.573	0.015730	680.43	810.99	4.1292	1.7841	2.9005	433.07	0.37044	1.2957e-05	0.041439	supercritical
293.69	83.000	63.211	0.015820	682.58	813.89	4.1391	1.7851	2.8930	434.08	0.36794	1.2974e-05	0.041509	supercritical
294.69	83.000	62.853	0.015910	684.72	816.77	4.1489	1.7863	2.8858	435.09	0.36546	1.2992e-05	0.041581	supercritical
295.69	83.000	62.501	0.016000	686.86	819.66	4.1587	1.7874	2.8788	436.10	0.36299	1.3010e-05	0.041654	supercritical
296.69	83.000	62.154	0.016089	688.99	822.53	4.1684	1.7886	2.8720	437.09	0.36054	1.3028e-05	0.041729	supercritical
297.69	83.000	61.812	0.016178	691.12	825.40	4.1780	1.7899	2.8655	438.08	0.35811	1.3046e-05	0.041805	supercritical
298.69	83.000	61.476	0.016267	693.25	828.26	4.1876	1.7912	2.8591	439.07	0.35570	1.3065e-05	0.041883	supercritical
299.69	83.000	61.143	0.016355	695.37	831.12	4.1972	1.7925	2.8530	440.05	0.35330	1.3083e-05	0.041962	supercritical
300.69	83.000	60.816	0.016443	697.49	833.97	4.2066	1.7939	2.8471	441.02	0.35092	1.3102e-05	0.042042	supercritical
301.69	83.000	60.493	0.016531	699.61	836.81	4.2161	1.7953	2.8414	441.99	0.34855	1.3121e-05	0.042124	supercritical
302.69	83.000	60.175	0.016618	701.72	839.65	4.2255	1.7967	2.8359	442.95	0.34621	1.3140e-05	0.042208	supercritical
303.69	83.000	59.861	0.016705	703.83	842.49	4.2348	1.7981	2.8306	443.91	0.34388	1.3160e-05	0.042292	supercritical
304.69	83.000	59.551	0.016792	705.94	845.31	4.2441	1.7996	2.8255	444.86	0.34156	1.3179e-05	0.042378	supercritical
305.69	83.000	59.245	0.016879	708.04	848.14	4.2534	1.8012	2.8205	445.81	0.33926	1.3199e-05	0.042466	supercritical
306.69	83.000	58.943	0.016965	710.14	850.95	4.2626	1.8027	2.8158	446.75	0.33698	1.3219e-05	0.042554	supercritical
307.69	83.000	58.646	0.017052	712.24	853.77	4.2717	1.8043	2.8112	447.69	0.33472	1.3239e-05	0.042644	supercritical
308.69	83.000	58.352	0.017137	714.34	856.58	4.2809	1.8060	2.8067	448.62	0.33247	1.3259e-05	0.042735	supercritical
309.69	83.000	58.062	0.017223	716.43	859.38	4.2899	1.8076	2.8024	449.55	0.33024	1.3279e-05	0.042827	supercritical
310.69	83.000	57.775	0.017308	718.52	862.18	4.2990	1.8093	2.7983	450.47	0.32802	1.3300e-05	0.042920	supercritical
311.69	83.000	57.493	0.017394	720.61	864.98	4.3079	1.8111	2.7943	451.38	0.32582	1.3321e-05	0.043014	supercritical
312.69	83.000	57.213	0.017478	722.70	867.77	4.3169	1.8128	2.7905	452.30	0.32364	1.3341e-05	0.043110	supercritical
313.69	83.000	56.937	0.017563	724.79	870.56	4.3258	1.8146	2.7868	453.20	0.32147	1.3362e-05	0.043206	supercritical
314.69	83.000	56.665	0.017648	726.87	873.34	4.3347	1.8164	2.7833	454.11	0.31932	1.3383e-05	0.043304	supercritical
315.69	83.000	56.396	0.017732	728.95	876.13	4.3435	1.8183	2.7798	455.00	0.31719	1.3404e-05	0.043402	supercritical
316.69	83.000	56.130	0.017816	731.03	878.90	4.3523	1.8201	2.7766	455.90	0.31506	1.3425e-05	0.043502	supercritical
317.69	83.000	55.867	0.017900	733.11	881.68	4.3610	1.8220	2.7734	456.79	0.31296	1.3447e-05	0.043603	supercritical
318.69	83.000	55.608	0.017983	735.19	884.45	4.3697	1.8240	2.7704	457.67	0.31087	1.3468e-05	0.043705	supercritical
319.69	83.000	55.351	0.018066	737.27	887.22	4.3784	1.8259	2.7675	458.55	0.30880	1.3490e-05	0.043807	supercritical
320.69	83.000	55.098	0.018150	739.34	889.99	4.3870	1.8279	2.7647	459.42	0.30674	1.3511e-05	0.043911	supercritical
321.69	83.000	54.847	0.018233	741.42	892.75	4.3956	1.8299	2.7620	460.30	0.30469	1.3533e-05	0.044016	supercritical
322.69	83.000	54.599	0.018315	743.49	895.51	4.4042	1.8319	2.7595	461.16	0.30266	1.3555e-05	0.044121	supercritical
323.69	83.000	54.354	0.018398	745.57	898.27	4.4127	1.8340	2.7570	462.03	0.30065	1.3577e-05	0.044228	supercritical
324.69	83.000	54.112	0.018480	747.64	901.02	4.4212	1.8361	2.7547	462.88	0.29865	1.3599e-05	0.044335	supercritical
325.69	83.000	53.873	0.018562	749.71	903.78	4.4297	1.8382	2.7524	463.74	0.29666	1.3621e-05	0.044444	supercritical
326.69	83.000	53.636	0.018644	751.78	906.53	4.4381	1.8403	2.7503	464.59	0.29469	1.3643e-05	0.044553	supercritical
327.69	83.000	53.402	0.018726	753.85	909.28	4.4465	1.8425	2.7483	465.43	0.29274	1.3665e-05	0.044663	supercritical
328.69	83.000	53.170	0.018808	755.92	912.03	4.4549	1.8446	2.7463	466.28	0.29080	1.3688e-05	0.044774	supercritical
329.69	83.000	52.941	0.018889	757.99	914.77	4.4633	1.8469	2.7445	467.12	0.28887	1.3710e-05	0.044886	supercritical
330.69	83.000	52.714	0.018970	760.06	917.51	4.4716	1.8491	2.7428	467.95	0.28696	1.3732e-05	0.044998	supercritical
331.69	83.000	52.490	0.019051	762.13	920.26	4.4798	1.8513	2.7411	468.78	0.28506	1.3755e-05	0.045112	supercritical
332.69	83.000	52.268	0.019132	764.20	923.00	4.4881	1.8536	2.7396	469.61	0.28317	1.3778e-05	0.045226	supercritical
333.69	83.000	52.048	0.019213	766.27	925.74	4.4963	1.8559	2.7381	470.43	0.28130	1.3800e-05	0.045341	supercritical
334.69	83.000	51.831	0.019294	768.34	928.47	4.5045	1.8582	2.7367	471.25	0.27944	1.3823e-05	0.045457	supercritical
335.69	83.000	51.615	0.019374	770.40	931.21	4.5127	1.8606	2.7354	472.07	0.27760	1.3846e-05	0.045574	supercritical
336.69	83.000	51.403	0.019454	772.47	933.94	4.5208	1.8629	2.7342	472.88	0.27577	1.3869e-05	0.045692	supercritical
337.69	83.000	51.192	0.019534	774.54	936.68	4.5289	1.8653	2.7330	473.69	0.27395	1.3892e-05	0.045810	supercritical
338.69	83.000	50.983	0.019614	776.61	939.41	4.5370	1.8677	2.7320	474.49	0.27215	1.3915e-05	0.045929	supercritical
339.69	83.000	50.777	0.019694	778.68	942.14	4.5450	1.8701	2.7310	475.30	0.27036	1.3938e-05	0.046049	supercritical
340.69	83.000	50.572	0.019774	780.75	944.87	4.5531	1.8726	2.7301	476.09	0.26858	1.3961e-05	0.046169	supercritical
341.69	83.000	50.370	0.019853	782.82	947.60	4.5611	1.8750	2.7292	476.89	0.26682	1.3984e-05	0.046291	supercritical
342.69	83.000	50.169	0.019933	784.89	950.33	4.5690	1.8775	2.7285	477.68	0.26507	1.4007e-05	0.046413	supercritical
343.69	83.000	49.971	0.020012	786.96	953.06	4.5770	1.8800	2.7278	478.47	0.26333	1.4031e-05	0.046535	supercritical
344.69	83.000	49.774	0.020091	789.03	955.79	4.5849	1.8825	2.7272	479.26	0.26160	1.4054e-05	0.046659	supercritical
345.69	83.000	49.579	0.020170	791.10	958.51	4.5928	1.8851	2.7266	480.04	0.25989	1.4077e-05	0.046783	supercritical
346.69	83.000	49.386	0.020249	793.18	961.24	4.6007	1.8876	2.7261	480.82	0.25819	1.4101e-05	0.046908	supercritical
347.69	83.000	49.195	0.020327	795.25	963.97	4.6085	1.8902	2.7257	481.59	0.25650	1.4124e-05	0.047033	supercritical
348.69	83.000	49.006	0.020406	797.32	966.69	4.6164	1.8928	2.7253	482.37	0.25482	1.4148e-05	0.047159	supercritical
349.69	83.000	48.818	0.020484	799.40	969.42	4.6242	1.8954	2.7250	483.13	0.25316	1.4171e-05	0.047286	supercritical
350.69	83.000	48.633	0.020562	801.47	972.14	4.6320	1.8980	2.7248	483.90	0.25151	1.4195e-05	0.047414	supercritical
351.69	83.000	48.449	0.020640	803.55	974.87	4.6397	1.9007	2.7246	484.66	0.24987	1.4218e-05	0.047542	supercritical
352.69	83.000	48.266	0.020718	805.63	977.59	4.6475	1.9033	2.7245	485.43	0.24824	1.4242e-05	0.047671	supercritical
353.69	83.000	48.086	0.020796	807.71	980.31	4.6552	1.9060	2.7245	486.18	0.24662	1.4266e-05	0.047800	supercritical
354.69	83.000	47.907	0.020874	809.78	983.04	4.6629	1.9087	2.7245	486.94	0.24502	1.4289e-05	0.047931	supercritical
355.69	83.000	47.729	0.020952	811.87	985.76	4.6705	1.9114	2.7245	487.69	0.24343	1.4313e-05	0.048061	supercritical
356.69	83.000	47.553	0.021029	813.95	988.49	4.6782	1.9141	2.7246	488.44	0.24185	1.4337e-05	0.048193	supercritical
357.69	83.000	47.379	0.021106	816.03	991.21	4.6858	1.9169	2.7248	489.18	0.24028	1.4361e-05	0.048325	supercritical
358.69	83.000	47.206	0.021184	818.11	993.94	4.6934	1.9196	2.7250	489.93	0.23872	1.4385e-05	0.048458	supercritical
359.69	83.000	47.035	0.021261	820.20	996.66	4.7010	1.9224	2.7253	490.67	0.23717	1.4409e-05	0.048591	supercritical
360.69	83.000	46.865	0.021338	822.28	999.39	4.7086	1.9252	2.7256	491.41	0.23563	1.4433e-05	0.048725	supercritical
361.69	83.000	46.697	0.021415	824.37	1002.1	4.7161	1.9280	2.7260	492.14	0.23411	1.4456e-05	0.048859	supercritical
362.69	83.000	46.530	0.021492	826.46	1004.8	4.7236	1.9308	2.7264	492.87	0.23260	1.4480e-05	0.048994	supercritical
363.69	83.000	46.364	0.021568	828.55	1007.6	4.7311	1.9337	2.7269	493.60	0.23109	1.4504e-05	0.049130	supercritical
364.69	83.000	46.200	0.021645	830.64	1010.3	4.7386	1.9365	2.7274	494.33	0.22960	1.4528e-05	0.049266	supercritical
365.69	83.000	46.038	0.021721	832.73	1013.0	4.7461	1.9394	2.7279	495.06	0.22812	1.4553e-05	0.049403	supercritical
366.69	83.000	45.877	0.021798	834.83	1015.7	4.7536	1.9423	2.7286	495.78	0.22665	1.4577e-05	0.049541	supercritical
367.69	83.000	45.717	0.021874	836.93	1018.5	4.7610	1.9452	2.7292	496.50	0.22519	1.4601e-05	0.049679	supercritical
368.69	83.000	45.558	0.021950	839.02	1021.2	4.7684	1.9481	2.7299	497.21	0.22374	1.4625e-05	0.049817	supercritical
369.69	83.000	45.401	0.022026	841.12	1023.9	4.7758	1.9510	2.7306	497.93	0.22230	1.4649e-05	0.049956	supercritical
370.69	83.000	45.245	0.022102	843.22	1026.7	4.7832	1.9539	2.7314	498.64	0.22087	1.4673e-05	0.050096	supercritical
371.69	83.000	45.090	0.022178	845.32	1029.4	4.7905	1.9569	2.7322	499.35	0.21945	1.4697e-05	0.050236	supercritical
372.69	83.000	44.936	0.022254	847.43	1032.1	4.7979	1.9598	2.7331	500.06	0.21804	1.4721e-05	0.050377	supercritical
373.69	83.000	44.784	0.022329	849.53	1034.9	4.8052	1.9628	2.7340	500.76	0.21664	1.4746e-05	0.050518	supercritical
374.69	83.000	44.633	0.022405	851.64	1037.6	4.8125	1.9658	2.7350	501.47	0.21526	1.4770e-05	0.050660	supercritical
375.69	83.000	44.483	0.022480	853.75	1040.3	4.8198	1.9688	2.7360	502.17	0.21388	1.4794e-05	0.050802	supercritical
376.69	83.000	44.335	0.022556	855.86	1043.1	4.8271	1.9718	2.7370	502.86	0.21251	1.4818e-05	0.050945	supercritical
377.69	83.000	44.187	0.022631	857.97	1045.8	4.8343	1.9748	2.7380	503.56	0.21115	1.4843e-05	0.051089	supercritical
378.69	83.000	44.041	0.022706	860.09	1048.6	4.8416	1.9778	2.7391	504.25	0.20980	1.4867e-05	0.051233	supercritical
379.69	83.000	43.896	0.022781	862.21	1051.3	4.8488	1.9809	2.7403	504.94	0.20846	1.4891e-05	0.051377	supercritical
380.69	83.000	43.752	0.022856	864.32	1054.0	4.8560	1.9839	2.7414	505.63	0.20713	1.4916e-05	0.051522	supercritical
381.69	83.000	43.609	0.022931	866.44	1056.8	4.8632	1.9870	2.7426	506.32	0.20581	1.4940e-05	0.051668	supercritical
382.69	83.000	43.467	0.023006	868.57	1059.5	4.8704	1.9901	2.7439	507.00	0.20450	1.4964e-05	0.051814	supercritical
383.69	83.000	43.326	0.023081	870.69	1062.3	4.8775	1.9932	2.7452	507.69	0.20319	1.4989e-05	0.051960	supercritical
384.69	83.000	43.187	0.023155	872.82	1065.0	4.8847	1.9963	2.7465	508.37	0.20190	1.5013e-05	0.052107	supercritical
385.69	83.000	43.048	0.023230	874.95	1067.8	4.8918	1.9994	2.7478	509.05	0.20062	1.5037e-05	0.052255	supercritical
386.69	83.000	42.910	0.023304	877.08	1070.5	4.8989	2.0025	2.7492	509.72	0.19934	1.5062e-05	0.052403	supercritical
387.69	83.000	42.774	0.023379	879.21	1073.3	4.9060	2.0057	2.7506	510.40	0.19808	1.5086e-05	0.052551	supercritical
388.69	83.000	42.638	0.023453	881.34	1076.0	4.9131	2.0088	2.7520	511.07	0.19682	1.5111e-05	0.052700	supercritical
389.69	83.000	42.504	0.023527	883.48	1078.8	4.9202	2.0120	2.7535	511.74	0.19557	1.5135e-05	0.052850	supercritical
390.69	83.000	42.370	0.023601	885.62	1081.5	4.9273	2.0151	2.7550	512.41	0.19433	1.5160e-05	0.053000	supercritical
391.69	83.000	42.238	0.023676	887.76	1084.3	4.9343	2.0183	2.7565	513.07	0.19310	1.5184e-05	0.053150	supercritical
392.69	83.000	42.106	0.023750	889.90	1087.0	4.9413	2.0215	2.7581	513.74	0.19188	1.5208e-05	0.053301	supercritical
393.69	83.000	41.975	0.023823	892.05	1089.8	4.9483	2.0247	2.7597	514.40	0.19067	1.5233e-05	0.053452	supercritical
394.69	83.000	41.846	0.023897	894.19	1092.5	4.9553	2.0279	2.7613	515.06	0.18946	1.5257e-05	0.053604	supercritical
395.69	83.000	41.717	0.023971	896.34	1095.3	4.9623	2.0311	2.7629	515.72	0.18827	1.5282e-05	0.053756	supercritical
396.69	83.000	41.589	0.024045	898.50	1098.1	4.9693	2.0343	2.7646	516.38	0.18708	1.5306e-05	0.053909	supercritical
397.69	83.000	41.462	0.024118	900.65	1100.8	4.9763	2.0376	2.7663	517.03	0.18590	1.5331e-05	0.054062	supercritical
398.69	83.000	41.336	0.024192	902.81	1103.6	4.9832	2.0408	2.7680	517.68	0.18473	1.5355e-05	0.054216	supercritical
399.69	83.000	41.211	0.024265	904.97	1106.4	4.9902	2.0440	2.7698	518.34	0.18356	1.5380e-05	0.054370	supercritical
400.69	83.000	41.087	0.024339	907.13	1109.1	4.9971	2.0473	2.7715	518.99	0.18241	1.5404e-05	0.054525	supercritical
401.69	83.000	40.963	0.024412	909.29	1111.9	5.0040	2.0506	2.7733	519.63	0.18126	1.5429e-05	0.054680	supercritical
402.69	83.000	40.841	0.024485	911.46	1114.7	5.0109	2.0538	2.7752	520.28	0.18012	1.5453e-05	0.054835	supercritical
403.69	83.000	40.719	0.024559	913.63	1117.5	5.0178	2.0571	2.7770	520.92	0.17899	1.5478e-05	0.054991	supercritical
404.69	83.000	40.598	0.024632	915.80	1120.2	5.0246	2.0604	2.7789	521.57	0.17787	1.5502e-05	0.055147	supercritical
405.69	83.000	40.478	0.024705	917.97	1123.0	5.0315	2.0637	2.7808	522.21	0.17675	1.5527e-05	0.055304	supercritical
406.69	83.000	40.359	0.024778	920.15	1125.8	5.0384	2.0670	2.7827	522.84	0.17564	1.5551e-05	0.055461	supercritical
407.69	83.000	40.241	0.024851	922.33	1128.6	5.0452	2.0703	2.7847	523.48	0.17454	1.5576e-05	0.055618	supercritical
408.69	83.000	40.123	0.024923	924.51	1131.4	5.0520	2.0737	2.7866	524.12	0.17345	1.5600e-05	0.055776	supercritical
409.69	83.000	40.006	0.024996	926.69	1134.2	5.0588	2.0770	2.7886	524.75	0.17236	1.5625e-05	0.055935	supercritical
410.69	83.000	39.890	0.025069	928.88	1136.9	5.0656	2.0803	2.7907	525.38	0.17129	1.5649e-05	0.056094	supercritical
411.69	83.000	39.775	0.025142	931.07	1139.7	5.0724	2.0837	2.7927	526.01	0.17022	1.5674e-05	0.056253	supercritical
412.69	83.000	39.660	0.025214	933.26	1142.5	5.0792	2.0870	2.7947	526.64	0.16915	1.5698e-05	0.056412	supercritical
413.69	83.000	39.547	0.025287	935.45	1145.3	5.0860	2.0904	2.7968	527.27	0.16810	1.5723e-05	0.056573	supercritical
414.69	83.000	39.434	0.025359	937.65	1148.1	5.0927	2.0938	2.7989	527.90	0.16705	1.5747e-05	0.056733	supercritical
415.69	83.000	39.321	0.025431	939.85	1150.9	5.0995	2.0971	2.8010	528.52	0.16601	1.5772e-05	0.056894	supercritical
416.69	83.000	39.210	0.025504	942.05	1153.7	5.1062	2.1005	2.8032	529.14	0.16497	1.5796e-05	0.057055	supercritical
417.69	83.000	39.099	0.025576	944.25	1156.5	5.1129	2.1039	2.8053	529.76	0.16395	1.5821e-05	0.057217	supercritical
418.69	83.000	38.989	0.025648	946.46	1159.3	5.1196	2.1073	2.8075	530.38	0.16293	1.5845e-05	0.057379	supercritical
419.69	83.000	38.880	0.025720	948.67	1162.1	5.1263	2.1107	2.8097	531.00	0.16191	1.5870e-05	0.057541	supercritical
420.69	83.000	38.771	0.025793	950.88	1165.0	5.1330	2.1141	2.8119	531.62	0.16091	1.5894e-05	0.057704	supercritical
421.69	83.000	38.663	0.025865	953.10	1167.8	5.1397	2.1175	2.8142	532.23	0.15991	1.5919e-05	0.057867	supercritical
422.69	83.000	38.556	0.025937	955.32	1170.6	5.1464	2.1210	2.8164	532.85	0.15892	1.5943e-05	0.058031	supercritical
423.69	83.000	38.449	0.026008	957.54	1173.4	5.1530	2.1244	2.8187	533.46	0.15793	1.5968e-05	0.058195	supercritical
424.69	83.000	38.343	0.026080	959.76	1176.2	5.1597	2.1278	2.8210	534.07	0.15695	1.5992e-05	0.058359	supercritical
425.69	83.000	38.238	0.026152	961.99	1179.0	5.1663	2.1313	2.8233	534.68	0.15598	1.6017e-05	0.058524	supercritical
426.69	83.000	38.133	0.026224	964.21	1181.9	5.1729	2.1347	2.8256	535.29	0.15501	1.6041e-05	0.058689	supercritical
427.69	83.000	38.029	0.026296	966.45	1184.7	5.1796	2.1381	2.8280	535.89	0.15406	1.6066e-05	0.058854	supercritical
428.69	83.000	37.926	0.026367	968.68	1187.5	5.1862	2.1416	2.8303	536.50	0.15310	1.6090e-05	0.059020	supercritical
429.69	83.000	37.823	0.026439	970.92	1190.4	5.1928	2.1451	2.8327	537.10	0.15216	1.6115e-05	0.059186	supercritical
430.69	83.000	37.721	0.026510	973.16	1193.2	5.1993	2.1485	2.8351	537.71	0.15122	1.6139e-05	0.059353	supercritical
431.69	83.000	37.620	0.026582	975.40	1196.0	5.2059	2.1520	2.8375	538.31	0.15028	1.6163e-05	0.059520	supercritical
432.69	83.000	37.519	0.026653	977.65	1198.9	5.2125	2.1555	2.8400	538.91	0.14936	1.6188e-05	0.059687	supercritical
433.69	83.000	37.419	0.026725	979.90	1201.7	5.2191	2.1590	2.8424	539.50	0.14844	1.6212e-05	0.059855	supercritical
434.69	83.000	37.319	0.026796	982.15	1204.6	5.2256	2.1625	2.8448	540.10	0.14752	1.6237e-05	0.060023	supercritical
435.69	83.000	37.220	0.026867	984.40	1207.4	5.2321	2.1659	2.8473	540.70	0.14661	1.6261e-05	0.060191	supercritical
436.69	83.000	37.122	0.026938	986.66	1210.2	5.2387	2.1694	2.8498	541.29	0.14571	1.6286e-05	0.060360	supercritical
437.69	83.000	37.024	0.027010	988.92	1213.1	5.2452	2.1729	2.8523	541.88	0.14481	1.6310e-05	0.060529	supercritical
438.69	83.000	36.927	0.027081	991.18	1216.0	5.2517	2.1765	2.8548	542.48	0.14392	1.6334e-05	0.060699	supercritical
439.69	83.000	36.830	0.027152	993.45	1218.8	5.2582	2.1800	2.8574	543.07	0.14304	1.6359e-05	0.060868	supercritical
440.69	83.000	36.734	0.027223	995.72	1221.7	5.2647	2.1835	2.8599	543.66	0.14216	1.6383e-05	0.061039	supercritical
441.69	83.000	36.638	0.027294	997.99	1224.5	5.2712	2.1870	2.8625	544.24	0.14129	1.6408e-05	0.061209	supercritical
442.69	83.000	36.543	0.027365	1000.3	1227.4	5.2777	2.1905	2.8650	544.83	0.14042	1.6432e-05	0.061380	supercritical
443.69	83.000	36.449	0.027436	1002.5	1230.3	5.2841	2.1941	2.8676	545.42	0.13956	1.6456e-05	0.061551	supercritical
444.69	83.000	36.355	0.027506	1004.8	1233.1	5.2906	2.1976	2.8702	546.00	0.13870	1.6481e-05	0.061722	supercritical
445.69	83.000	36.262	0.027577	1007.1	1236.0	5.2970	2.2011	2.8728	546.58	0.13785	1.6505e-05	0.061894	supercritical
446.69	83.000	36.169	0.027648	1009.4	1238.9	5.3035	2.2047	2.8754	547.17	0.13701	1.6530e-05	0.062066	supercritical
447.69	83.000	36.077	0.027719	1011.7	1241.8	5.3099	2.2082	2.8781	547.75	0.13617	1.6554e-05	0.062239	supercritical
448.69	83.000	35.985	0.027789	1014.0	1244.6	5.3163	2.2118	2.8807	548.33	0.13534	1.6578e-05	0.062412	supercritical
449.69	83.000	35.894	0.027860	1016.3	1247.5	5.3228	2.2153	2.8834	548.90	0.13451	1.6603e-05	0.062585	supercritical
450.69	83.000	35.803	0.027930	1018.6	1250.4	5.3292	2.2189	2.8861	549.48	0.13369	1.6627e-05	0.062758	supercritical
451.69	83.000	35.713	0.028001	1020.9	1253.3	5.3356	2.2224	2.8887	550.06	0.13287	1.6651e-05	0.062932	supercritical
452.69	83.000	35.623	0.028071	1023.2	1256.2	5.3420	2.2260	2.8914	550.63	0.13206	1.6676e-05	0.063106	supercritical
453.69	83.000	35.534	0.028142	1025.5	1259.1	5.3483	2.2296	2.8942	551.21	0.13125	1.6700e-05	0.063281	supercritical
454.69	83.000	35.446	0.028212	1027.8	1262.0	5.3547	2.2332	2.8969	551.78	0.13045	1.6724e-05	0.063455	supercritical
455.69	83.000	35.357	0.028283	1030.1	1264.9	5.3611	2.2367	2.8996	552.35	0.12966	1.6749e-05	0.063630	supercritical
456.69	83.000	35.270	0.028353	1032.4	1267.8	5.3674	2.2403	2.9023	552.92	0.12887	1.6773e-05	0.063806	supercritical
457.69	83.000	35.183	0.028423	1034.8	1270.7	5.3738	2.2439	2.9051	553.49	0.12808	1.6797e-05	0.063981	supercritical
458.69	83.000	35.096	0.028493	1037.1	1273.6	5.3801	2.2475	2.9079	554.06	0.12730	1.6821e-05	0.064157	supercritical
459.69	83.000	35.010	0.028564	1039.4	1276.5	5.3865	2.2511	2.9106	554.62	0.12653	1.6846e-05	0.064334	supercritical
460.69	83.000	34.924	0.028634	1041.7	1279.4	5.3928	2.2547	2.9134	555.19	0.12576	1.6870e-05	0.064510	supercritical
461.69	83.000	34.839	0.028704	1044.1	1282.3	5.3991	2.2582	2.9162	555.76	0.12499	1.6894e-05	0.064687	supercritical
462.69	83.000	34.754	0.028774	1046.4	1285.2	5.4054	2.2618	2.9190	556.32	0.12423	1.6918e-05	0.064864	supercritical
463.69	83.000	34.670	0.028844	1048.7	1288.1	5.4117	2.2654	2.9218	556.88	0.12348	1.6943e-05	0.065042	supercritical
464.69	83.000	34.586	0.028914	1051.1	1291.1	5.4180	2.2690	2.9247	557.44	0.12273	1.6967e-05	0.065220	supercritical
465.69	83.000	34.502	0.028984	1053.4	1294.0	5.4243	2.2727	2.9275	558.00	0.12198	1.6991e-05	0.065398	supercritical
466.69	83.000	34.419	0.029054	1055.8	1296.9	5.4306	2.2763	2.9303	558.56	0.12124	1.7015e-05	0.065576	supercritical
467.69	83.000	34.337	0.029123	1058.1	1299.9	5.4369	2.2799	2.9332	559.12	0.12051	1.7039e-05	0.065755	supercritical
468.69	83.000	34.255	0.029193	1060.5	1302.8	5.4431	2.2835	2.9361	559.68	0.11978	1.7063e-05	0.065934	supercritical
469.69	83.000	34.173	0.029263	1062.8	1305.7	5.4494	2.2871	2.9389	560.24	0.11905	1.7088e-05	0.066113	supercritical
470.69	83.000	34.092	0.029333	1065.2	1308.7	5.4557	2.2907	2.9418	560.79	0.11833	1.7112e-05	0.066293	supercritical
471.69	83.000	34.011	0.029402	1067.6	1311.6	5.4619	2.2943	2.9447	561.35	0.11761	1.7136e-05	0.066473	supercritical
472.69	83.000	33.930	0.029472	1069.9	1314.6	5.4681	2.2980	2.9476	561.90	0.11690	1.7160e-05	0.066653	supercritical
473.69	83.000	33.850	0.029542	1072.3	1317.5	5.4744	2.3016	2.9505	562.45	0.11619	1.7184e-05	0.066833	supercritical
474.69	83.000	33.771	0.029611	1074.7	1320.5	5.4806	2.3052	2.9534	563.01	0.11549	1.7208e-05	0.067014	supercritical
475.69	83.000	33.692	0.029681	1077.1	1323.4	5.4868	2.3089	2.9563	563.56	0.11479	1.7232e-05	0.067195	supercritical
476.69	83.000	33.613	0.029750	1079.4	1326.4	5.4930	2.3125	2.9593	564.11	0.11410	1.7257e-05	0.067376	supercritical
477.69	83.000	33.535	0.029820	1081.8	1329.3	5.4992	2.3161	2.9622	564.65	0.11341	1.7281e-05	0.067558	supercritical
478.69	83.000	33.457	0.029889	1084.2	1332.3	5.5054	2.3198	2.9651	565.20	0.11272	1.7305e-05	0.067740	supercritical
479.69	83.000	33.379	0.029959	1086.6	1335.3	5.5116	2.3234	2.9681	565.75	0.11204	1.7329e-05	0.067922	supercritical
480.69	83.000	33.302	0.030028	1089.0	1338.2	5.5178	2.3270	2.9711	566.30	0.11137	1.7353e-05	0.068104	supercritical
481.69	83.000	33.226	0.030097	1091.4	1341.2	5.5240	2.3307	2.9740	566.84	0.11069	1.7377e-05	0.068287	supercritical
482.69	83.000	33.149	0.030167	1093.8	1344.2	5.5302	2.3343	2.9770	567.38	0.11003	1.7401e-05	0.068470	supercritical
483.69	83.000	33.073	0.030236	1096.2	1347.2	5.5363	2.3380	2.9800	567.93	0.10936	1.7425e-05	0.068653	supercritical
484.69	83.000	32.998	0.030305	1098.6	1350.1	5.5425	2.3416	2.9830	568.47	0.10870	1.7449e-05	0.068837	supercritical
485.69	83.000	32.923	0.030374	1101.0	1353.1	5.5486	2.3453	2.9860	569.01	0.10805	1.7473e-05	0.069020	supercritical
486.69	83.000	32.848	0.030443	1103.4	1356.1	5.5548	2.3489	2.9890	569.55	0.10740	1.7497e-05	0.069204	supercritical
487.69	83.000	32.773	0.030513	1105.8	1359.1	5.5609	2.3526	2.9920	570.09	0.10675	1.7521e-05	0.069389	supercritical
488.69	83.000	32.699	0.030582	1108.3	1362.1	5.5670	2.3562	2.9950	570.63	0.10611	1.7545e-05	0.069573	supercritical
489.69	83.000	32.626	0.030651	1110.7	1365.1	5.5732	2.3599	2.9980	571.17	0.10547	1.7569e-05	0.069758	supercritical
490.69	83.000	32.552	0.030720	1113.1	1368.1	5.5793	2.3635	3.0011	571.71	0.10483	1.7593e-05	0.069943	supercritical
491.69	83.000	32.479	0.030789	1115.5	1371.1	5.5854	2.3672	3.0041	572.24	0.10420	1.7617e-05	0.070128	supercritical
492.69	83.000	32.407	0.030858	1118.0	1374.1	5.5915	2.3709	3.0072	572.78	0.10358	1.7641e-05	0.070314	supercritical
493.69	83.000	32.334	0.030927	1120.4	1377.1	5.5976	2.3745	3.0102	573.31	0.10295	1.7664e-05	0.070500	supercritical
494.69	83.000	32.263	0.030996	1122.9	1380.1	5.6037	2.3782	3.0133	573.84	0.10233	1.7688e-05	0.070686	supercritical
495.69	83.000	32.191	0.031065	1125.3	1383.1	5.6098	2.3818	3.0163	574.38	0.10172	1.7712e-05	0.070872	supercritical
496.69	83.000	32.120	0.031133	1127.7	1386.2	5.6159	2.3855	3.0194	574.91	0.10111	1.7736e-05	0.071059	supercritical
497.69	83.000	32.049	0.031202	1130.2	1389.2	5.6219	2.3892	3.0225	575.44	0.10050	1.7760e-05	0.071245	supercritical
498.69	83.000	31.979	0.031271	1132.7	1392.2	5.6280	2.3928	3.0256	575.97	0.099896	1.7784e-05	0.071432	supercritical
499.69	83.000	31.908	0.031340	1135.1	1395.2	5.6341	2.3965	3.0286	576.50	0.099296	1.7808e-05	0.071620	supercritical
500.69	83.000	31.839	0.031408	1137.6	1398.3	5.6401	2.4002	3.0317	577.03	0.098700	1.7831e-05	0.071807	supercritical
501.69	83.000	31.769	0.031477	1140.0	1401.3	5.6462	2.4038	3.0348	577.56	0.098107	1.7855e-05	0.071995	supercritical
502.69	83.000	31.700	0.031546	1142.5	1404.3	5.6522	2.4075	3.0379	578.08	0.097518	1.7879e-05	0.072183	supercritical
503.69	83.000	31.631	0.031614	1145.0	1407.4	5.6583	2.4112	3.0410	578.61	0.096933	1.7903e-05	0.072371	supercritical
504.69	83.000	31.563	0.031683	1147.4	1410.4	5.6643	2.4149	3.0442	579.13	0.096351	1.7927e-05	0.072560	supercritical
505.69	83.000	31.494	0.031752	1149.9	1413.5	5.6703	2.4185	3.0473	579.66	0.095773	1.7950e-05	0.072749	supercritical
506.69	83.000	31.427	0.031820	1152.4	1416.5	5.6764	2.4222	3.0504	580.18	0.095199	1.7974e-05	0.072938	supercritical
507.69	83.000	31.359	0.031889	1154.9	1419.6	5.6824	2.4259	3.0535	580.71	0.094628	1.7998e-05	0.073127	supercritical
508.69	83.000	31.292	0.031957	1157.4	1422.6	5.6884	2.4295	3.0567	581.23	0.094060	1.8022e-05	0.073316	supercritical
509.69	83.000	31.225	0.032026	1159.9	1425.7	5.6944	2.4332	3.0598	581.75	0.093496	1.8045e-05	0.073506	supercritical
510.69	83.000	31.158	0.032094	1162.3	1428.7	5.7004	2.4369	3.0629	582.27	0.092936	1.8069e-05	0.073696	supercritical
511.69	83.000	31.092	0.032162	1164.8	1431.8	5.7064	2.4406	3.0661	582.79	0.092379	1.8093e-05	0.073886	supercritical
512.69	83.000	31.026	0.032231	1167.3	1434.9	5.7124	2.4443	3.0692	583.31	0.091825	1.8116e-05	0.074077	supercritical
513.69	83.000	30.961	0.032299	1169.8	1437.9	5.7184	2.4479	3.0724	583.83	0.091275	1.8140e-05	0.074267	supercritical
514.69	83.000	30.895	0.032367	1172.4	1441.0	5.7243	2.4516	3.0755	584.35	0.090728	1.8164e-05	0.074458	supercritical
515.69	83.000	30.830	0.032436	1174.9	1444.1	5.7303	2.4553	3.0787	584.86	0.090184	1.8187e-05	0.074649	supercritical
516.69	83.000	30.765	0.032504	1177.4	1447.2	5.7363	2.4590	3.0819	585.38	0.089644	1.8211e-05	0.074841	supercritical
517.69	83.000	30.701	0.032572	1179.9	1450.2	5.7422	2.4626	3.0851	585.89	0.089107	1.8235e-05	0.075032	supercritical
518.69	83.000	30.637	0.032640	1182.4	1453.3	5.7482	2.4663	3.0882	586.41	0.088573	1.8258e-05	0.075224	supercritical
519.69	83.000	30.573	0.032709	1184.9	1456.4	5.7542	2.4700	3.0914	586.92	0.088042	1.8282e-05	0.075416	supercritical
520.69	83.000	30.509	0.032777	1187.5	1459.5	5.7601	2.4737	3.0946	587.44	0.087515	1.8305e-05	0.075608	supercritical
521.69	83.000	30.446	0.032845	1190.0	1462.6	5.7660	2.4774	3.0978	587.95	0.086991	1.8329e-05	0.075801	supercritical
522.69	83.000	30.383	0.032913	1192.5	1465.7	5.7720	2.4810	3.1010	588.46	0.086470	1.8352e-05	0.075993	supercritical
523.69	83.000	30.320	0.032981	1195.1	1468.8	5.7779	2.4847	3.1042	588.97	0.085952	1.8376e-05	0.076186	supercritical
524.69	83.000	30.258	0.033049	1197.6	1471.9	5.7838	2.4884	3.1074	589.48	0.085437	1.8400e-05	0.076379	supercritical
525.69	83.000	30.196	0.033117	1200.2	1475.0	5.7898	2.4921	3.1106	589.99	0.084926	1.8423e-05	0.076573	supercritical
526.69	83.000	30.134	0.033185	1202.7	1478.1	5.7957	2.4958	3.1138	590.50	0.084417	1.8447e-05	0.076766	supercritical
527.69	83.000	30.072	0.033253	1205.3	1481.3	5.8016	2.4994	3.1170	591.01	0.083912	1.8470e-05	0.076960	supercritical
528.69	83.000	30.011	0.033321	1207.8	1484.4	5.8075	2.5031	3.1202	591.52	0.083409	1.8494e-05	0.077154	supercritical
529.69	83.000	29.950	0.033389	1210.4	1487.5	5.8134	2.5068	3.1234	592.02	0.082910	1.8517e-05	0.077348	supercritical
530.69	83.000	29.889	0.033457	1212.9	1490.6	5.8193	2.5105	3.1266	592.53	0.082413	1.8540e-05	0.077542	supercritical
531.69	83.000	29.829	0.033525	1215.5	1493.8	5.8252	2.5142	3.1299	593.03	0.081920	1.8564e-05	0.077737	supercritical
532.69	83.000	29.768	0.033593	1218.1	1496.9	5.8310	2.5178	3.1331	593.54	0.081429	1.8587e-05	0.077932	supercritical
533.69	83.000	29.708	0.033661	1220.6	1500.0	5.8369	2.5215	3.1363	594.04	0.080942	1.8611e-05	0.078127	supercritical
534.69	83.000	29.649	0.033728	1223.2	1503.2	5.8428	2.5252	3.1395	594.55	0.080457	1.8634e-05	0.078322	supercritical
535.69	83.000	29.589	0.033796	1225.8	1506.3	5.8487	2.5289	3.1428	595.05	0.079975	1.8658e-05	0.078517	supercritical
536.69	83.000	29.530	0.033864	1228.4	1509.4	5.8545	2.5325	3.1460	595.55	0.079496	1.8681e-05	0.078713	supercritical
537.69	83.000	29.471	0.033932	1231.0	1512.6	5.8604	2.5362	3.1493	596.05	0.079020	1.8704e-05	0.078909	supercritical
538.69	83.000	29.412	0.034000	1233.5	1515.7	5.8662	2.5399	3.1525	596.55	0.078546	1.8728e-05	0.079105	supercritical
539.69	83.000	29.354	0.034067	1236.1	1518.9	5.8721	2.5436	3.1558	597.05	0.078076	1.8751e-05	0.079301	supercritical
540.69	83.000	29.296	0.034135	1238.7	1522.1	5.8779	2.5473	3.1590	597.55	0.077608	1.8774e-05	0.079497	supercritical
541.69	83.000	29.238	0.034203	1241.3	1525.2	5.8838	2.5509	3.1623	598.05	0.077143	1.8798e-05	0.079694	supercritical
542.69	83.000	29.180	0.034270	1243.9	1528.4	5.8896	2.5546	3.1655	598.55	0.076681	1.8821e-05	0.079891	supercritical
543.69	83.000	29.122	0.034338	1246.5	1531.5	5.8954	2.5583	3.1688	599.05	0.076221	1.8844e-05	0.080088	supercritical
544.69	83.000	29.065	0.034405	1249.1	1534.7	5.9013	2.5620	3.1720	599.55	0.075764	1.8867e-05	0.080285	supercritical
545.69	83.000	29.008	0.034473	1251.8	1537.9	5.9071	2.5656	3.1753	600.04	0.075310	1.8891e-05	0.080482	supercritical
546.69	83.000	28.952	0.034540	1254.4	1541.1	5.9129	2.5693	3.1785	600.54	0.074858	1.8914e-05	0.080680	supercritical
547.69	83.000	28.895	0.034608	1257.0	1544.2	5.9187	2.5730	3.1818	601.03	0.074409	1.8937e-05	0.080878	supercritical
548.69	83.000	28.839	0.034676	1259.6	1547.4	5.9245	2.5767	3.1851	601.53	0.073963	1.8960e-05	0.081076	supercritical
549.69	83.000	28.783	0.034743	1262.2	1550.6	5.9303	2.5803	3.1884	602.02	0.073519	1.8984e-05	0.081274	supercritical
550.69	83.000	28.727	0.034810	1264.9	1553.8	5.9361	2.5840	3.1916	602.52	0.073078	1.9007e-05	0.081472	supercritical
551.69	83.000	28.671	0.034878	1267.5	1557.0	5.9419	2.5877	3.1949	603.01	0.072640	1.9030e-05	0.081671	supercritical
552.69	83.000	28.616	0.034945	1270.1	1560.2	5.9477	2.5913	3.1982	603.50	0.072204	1.9053e-05	0.081870	supercritical
553.69	83.000	28.561	0.035013	1272.8	1563.4	5.9535	2.5950	3.2015	603.99	0.071770	1.9076e-05	0.082069	supercritical
554.69	83.000	28.506	0.035080	1275.4	1566.6	5.9593	2.5987	3.2047	604.48	0.071339	1.9100e-05	0.082268	supercritical
555.69	83.000	28.452	0.035147	1278.1	1569.8	5.9651	2.6023	3.2080	604.97	0.070911	1.9123e-05	0.082467	supercritical
556.69	83.000	28.397	0.035215	1280.7	1573.0	5.9708	2.6060	3.2113	605.46	0.070485	1.9146e-05	0.082667	supercritical
557.69	83.000	28.343	0.035282	1283.4	1576.2	5.9766	2.6097	3.2146	605.95	0.070061	1.9169e-05	0.082866	supercritical
558.69	83.000	28.289	0.035349	1286.0	1579.4	5.9824	2.6133	3.2179	606.44	0.069640	1.9192e-05	0.083066	supercritical
559.69	83.000	28.235	0.035417	1288.7	1582.7	5.9881	2.6170	3.2212	606.93	0.069222	1.9215e-05	0.083266	supercritical
560.69	83.000	28.182	0.035484	1291.4	1585.9	5.9939	2.6207	3.2245	607.42	0.068805	1.9238e-05	0.083466	supercritical
561.69	83.000	28.129	0.035551	1294.0	1589.1	5.9996	2.6243	3.2277	607.90	0.068391	1.9261e-05	0.083667	supercritical
562.69	83.000	28.075	0.035618	1296.7	1592.3	6.0054	2.6280	3.2310	608.39	0.067980	1.9284e-05	0.083867	supercritical
563.69	83.000	28.023	0.035686	1299.4	1595.6	6.0111	2.6317	3.2343	608.87	0.067571	1.9307e-05	0.084068	supercritical
564.69	83.000	27.970	0.035753	1302.1	1598.8	6.0168	2.6353	3.2376	609.36	0.067164	1.9330e-05	0.084269	supercritical
565.69	83.000	27.917	0.035820	1304.7	1602.0	6.0226	2.6390	3.2409	609.84	0.066759	1.9353e-05	0.084470	supercritical
566.69	83.000	27.865	0.035887	1307.4	1605.3	6.0283	2.6426	3.2442	610.33	0.066357	1.9376e-05	0.084671	supercritical
567.69	83.000	27.813	0.035954	1310.1	1608.5	6.0340	2.6463	3.2475	610.81	0.065957	1.9399e-05	0.084873	supercritical
568.69	83.000	27.761	0.036021	1312.8	1611.8	6.0397	2.6500	3.2508	611.29	0.065560	1.9422e-05	0.085074	supercritical
569.69	83.000	27.710	0.036088	1315.5	1615.0	6.0454	2.6536	3.2541	611.78	0.065164	1.9445e-05	0.085276	supercritical
570.69	83.000	27.658	0.036155	1318.2	1618.3	6.0512	2.6573	3.2574	612.26	0.064771	1.9468e-05	0.085478	supercritical
571.69	83.000	27.607	0.036222	1320.9	1621.6	6.0569	2.6609	3.2608	612.74	0.064380	1.9491e-05	0.085680	supercritical
572.69	83.000	27.556	0.036289	1323.6	1624.8	6.0626	2.6646	3.2641	613.22	0.063992	1.9514e-05	0.085883	supercritical
573.69	83.000	27.505	0.036356	1326.3	1628.1	6.0683	2.6682	3.2674	613.70	0.063605	1.9537e-05	0.086085	supercritical
574.69	83.000	27.455	0.036423	1329.0	1631.3	6.0740	2.6719	3.2707	614.18	0.063221	1.9560e-05	0.086288	supercritical
575.69	83.000	27.405	0.036490	1331.8	1634.6	6.0796	2.6755	3.2740	614.66	0.062839	1.9583e-05	0.086491	supercritical
576.69	83.000	27.354	0.036557	1334.5	1637.9	6.0853	2.6792	3.2773	615.14	0.062459	1.9606e-05	0.086694	supercritical
577.69	83.000	27.304	0.036624	1337.2	1641.2	6.0910	2.6828	3.2806	615.61	0.062081	1.9628e-05	0.086897	supercritical
578.69	83.000	27.255	0.036691	1339.9	1644.5	6.0967	2.6865	3.2839	616.09	0.061705	1.9651e-05	0.087100	supercritical
579.69	83.000	27.205	0.036758	1342.7	1647.7	6.1024	2.6901	3.2872	616.57	0.061331	1.9674e-05	0.087304	supercritical
580.69	83.000	27.156	0.036825	1345.4	1651.0	6.1080	2.6937	3.2906	617.04	0.060960	1.9697e-05	0.087507	supercritical
581.69	83.000	27.106	0.036892	1348.1	1654.3	6.1137	2.6974	3.2939	617.52	0.060590	1.9720e-05	0.087711	supercritical
582.69	83.000	27.057	0.036959	1350.9	1657.6	6.1194	2.7010	3.2972	617.99	0.060223	1.9742e-05	0.087915	supercritical
583.69	83.000	27.008	0.037025	1353.6	1660.9	6.1250	2.7047	3.3005	618.47	0.059858	1.9765e-05	0.088119	supercritical
584.69	83.000	26.960	0.037092	1356.4	1664.2	6.1307	2.7083	3.3038	618.94	0.059494	1.9788e-05	0.088323	supercritical
585.69	83.000	26.911	0.037159	1359.1	1667.5	6.1363	2.7119	3.3072	619.42	0.059133	1.9811e-05	0.088528	supercritical
586.69	83.000	26.863	0.037226	1361.9	1670.8	6.1420	2.7156	3.3105	619.89	0.058774	1.9833e-05	0.088732	supercritical
587.69	83.000	26.815	0.037293	1364.6	1674.1	6.1476	2.7192	3.3138	620.36	0.058416	1.9856e-05	0.088937	supercritical
588.69	83.000	26.767	0.037359	1367.4	1677.5	6.1532	2.7228	3.3171	620.83	0.058061	1.9879e-05	0.089142	supercritical
589.69	83.000	26.719	0.037426	1370.1	1680.8	6.1589	2.7265	3.3204	621.31	0.057708	1.9902e-05	0.089347	supercritical
590.69	83.000	26.672	0.037493	1372.9	1684.1	6.1645	2.7301	3.3238	621.78	0.057356	1.9924e-05	0.089553	supercritical
591.69	83.000	26.624	0.037559	1375.7	1687.4	6.1701	2.7337	3.3271	622.25	0.057007	1.9947e-05	0.089758	supercritical
592.69	83.000	26.577	0.037626	1378.5	1690.8	6.1757	2.7374	3.3304	622.72	0.056659	1.9970e-05	0.089964	supercritical
593.69	83.000	26.530	0.037693	1381.2	1694.1	6.1814	2.7410	3.3337	623.19	0.056314	1.9992e-05	0.090169	supercritical
594.69	83.000	26.483	0.037759	1384.0	1697.4	6.1870	2.7446	3.3371	623.66	0.055970	2.0015e-05	0.090375	supercritical
595.69	83.000	26.437	0.037826	1386.8	1700.8	6.1926	2.7482	3.3404	624.12	0.055628	2.0038e-05	0.090581	supercritical
596.69	83.000	26.390	0.037893	1389.6	1704.1	6.1982	2.7519	3.3437	624.59	0.055288	2.0060e-05	0.090787	supercritical
597.69	83.000	26.344	0.037959	1392.4	1707.5	6.2038	2.7555	3.3470	625.06	0.054950	2.0083e-05	0.090994	supercritical
598.69	83.000	26.298	0.038026	1395.2	1710.8	6.2094	2.7591	3.3504	625.53	0.054614	2.0105e-05	0.091200	supercritical
599.69	83.000	26.252	0.038092	1398.0	1714.2	6.2150	2.7627	3.3537	625.99	0.054279	2.0128e-05	0.091407	supercritical
600.69	83.000	26.206	0.038159	1400.8	1717.5	6.2206	2.7663	3.3570	626.46	0.053947	2.0150e-05	0.091613	supercritical
601.69	83.000	26.161	0.038225	1403.6	1720.9	6.2262	2.7699	3.3603	626.93	0.053616	2.0173e-05	0.091820	supercritical
602.69	83.000	26.115	0.038292	1406.4	1724.2	6.2317	2.7735	3.3637	627.39	0.053287	2.0196e-05	0.092027	supercritical
603.69	83.000	26.070	0.038358	1409.2	1727.6	6.2373	2.7772	3.3670	627.86	0.052960	2.0218e-05	0.092235	supercritical
604.69	83.000	26.025	0.038425	1412.0	1731.0	6.2429	2.7808	3.3703	628.32	0.052634	2.0241e-05	0.092442	supercritical
605.69	83.000	25.980	0.038491	1414.9	1734.3	6.2485	2.7844	3.3736	628.78	0.052311	2.0263e-05	0.092650	supercritical
606.69	83.000	25.935	0.038558	1417.7	1737.7	6.2540	2.7880	3.3770	629.25	0.051989	2.0286e-05	0.092857	supercritical
607.69	83.000	25.890	0.038624	1420.5	1741.1	6.2596	2.7916	3.3803	629.71	0.051669	2.0308e-05	0.093065	supercritical
608.69	83.000	25.846	0.038691	1423.3	1744.5	6.2652	2.7952	3.3836	630.17	0.051350	2.0330e-05	0.093273	supercritical
609.69	83.000	25.802	0.038757	1426.2	1747.9	6.2707	2.7988	3.3869	630.63	0.051034	2.0353e-05	0.093481	supercritical
610.69	83.000	25.758	0.038824	1429.0	1751.2	6.2763	2.8024	3.3903	631.09	0.050719	2.0375e-05	0.093689	supercritical
611.69	83.000	25.714	0.038890	1431.9	1754.6	6.2818	2.8060	3.3936	631.56	0.050405	2.0398e-05	0.093898	supercritical
612.69	83.000	25.670	0.038956	1434.7	1758.0	6.2874	2.8096	3.3969	632.02	0.050094	2.0420e-05	0.094106	supercritical
613.69	83.000	25.626	0.039023	1437.5	1761.4	6.2929	2.8132	3.4003	632.48	0.049784	2.0443e-05	0.094315	supercritical
614.69	83.000	25.583	0.039089	1440.4	1764.8	6.2984	2.8168	3.4036	632.94	0.049475	2.0465e-05	0.094523	supercritical
615.69	83.000	25.539	0.039155	1443.2	1768.2	6.3040	2.8203	3.4069	633.39	0.049169	2.0487e-05	0.094732	supercritical
616.69	83.000	25.496	0.039222	1446.1	1771.6	6.3095	2.8239	3.4102	633.85	0.048864	2.0510e-05	0.094941	supercritical
617.69	83.000	25.453	0.039288	1449.0	1775.1	6.3150	2.8275	3.4136	634.31	0.048560	2.0532e-05	0.095151	supercritical
618.69	83.000	25.410	0.039354	1451.8	1778.5	6.3206	2.8311	3.4169	634.77	0.048259	2.0554e-05	0.095360	supercritical
619.69	83.000	25.368	0.039420	1454.7	1781.9	6.3261	2.8347	3.4202	635.23	0.047958	2.0577e-05	0.095569	supercritical
620.69	83.000	25.325	0.039487	1457.6	1785.3	6.3316	2.8383	3.4235	635.68	0.047660	2.0599e-05	0.095779	supercritical
621.69	83.000	25.283	0.039553	1460.4	1788.7	6.3371	2.8419	3.4269	636.14	0.047363	2.0621e-05	0.095989	supercritical
622.69	83.000	25.240	0.039619	1463.3	1792.2	6.3426	2.8454	3.4302	636.60	0.047068	2.0644e-05	0.096199	supercritical
623.69	83.000	25.198	0.039685	1466.2	1795.6	6.3481	2.8490	3.4335	637.05	0.046774	2.0666e-05	0.096409	supercritical
624.69	83.000	25.156	0.039752	1469.1	1799.0	6.3536	2.8526	3.4368	637.51	0.046481	2.0688e-05	0.096619	supercritical