Temperature (K)	Pressure (bar)	Density (kg/m3)	Volume (m3/kg)	Internal Energy (kJ/kg)	Enthalpy (kJ/kg)	Entropy (J/g*K)	Cv (J/g*K)	Cp (J/g*K)	Sound Spd. (m/s)	Joule-Thomson (K/bar)	Viscosity (Pa*s)	Therm. Cond. (W/m*K)	Phase
90.694	45.000	454.35	0.0022010	-74.411	-64.506	-0.73856	2.1789	3.3445	1568.4	-0.048906	0.00021079	0.21509	liquid
92.694	45.000	451.77	0.0022135	-67.773	-57.812	-0.66555	2.1662	3.3500	1551.1	-0.048528	0.00019779	0.21279	liquid
93.694	45.000	450.47	0.0022199	-64.450	-54.461	-0.62959	2.1602	3.3530	1542.3	-0.048327	0.00019191	0.21161	liquid
94.694	45.000	449.17	0.0022263	-61.124	-51.106	-0.59398	2.1544	3.3563	1533.6	-0.048119	0.00018639	0.21042	liquid
95.694	45.000	447.86	0.0022328	-57.795	-47.748	-0.55870	2.1486	3.3598	1524.7	-0.047902	0.00018119	0.20921	liquid
96.694	45.000	446.56	0.0022394	-54.463	-44.386	-0.52375	2.1430	3.3634	1515.9	-0.047678	0.00017627	0.20799	liquid
97.694	45.000	445.24	0.0022460	-51.128	-41.021	-0.48913	2.1376	3.3672	1507.0	-0.047446	0.00017161	0.20675	liquid
98.694	45.000	443.92	0.0022526	-47.789	-37.652	-0.45482	2.1322	3.3712	1498.0	-0.047207	0.00016718	0.20551	liquid
99.694	45.000	442.60	0.0022594	-44.446	-34.279	-0.42081	2.1269	3.3753	1489.0	-0.046961	0.00016297	0.20425	liquid
100.69	45.000	441.27	0.0022662	-41.099	-30.901	-0.38710	2.1217	3.3795	1480.0	-0.046707	0.00015895	0.20298	liquid
101.69	45.000	439.94	0.0022730	-37.748	-27.520	-0.35369	2.1166	3.3838	1470.9	-0.046445	0.00015510	0.20170	liquid
102.69	45.000	438.60	0.0022800	-34.393	-24.133	-0.32055	2.1116	3.3883	1461.8	-0.046175	0.00015143	0.20041	liquid
103.69	45.000	437.26	0.0022870	-31.034	-20.743	-0.28770	2.1066	3.3929	1452.7	-0.045898	0.00014790	0.19911	liquid
104.69	45.000	435.91	0.0022940	-27.671	-17.348	-0.25511	2.1016	3.3976	1443.5	-0.045612	0.00014451	0.19780	liquid
105.69	45.000	434.56	0.0023012	-24.303	-13.948	-0.22279	2.0968	3.4025	1434.3	-0.045319	0.00014125	0.19649	liquid
106.69	45.000	433.20	0.0023084	-20.930	-10.543	-0.19072	2.0919	3.4074	1425.1	-0.045016	0.00013812	0.19517	liquid
107.69	45.000	431.84	0.0023157	-17.553	-7.1327	-0.15891	2.0872	3.4125	1415.8	-0.044706	0.00013509	0.19384	liquid
108.69	45.000	430.46	0.0023231	-14.171	-3.7176	-0.12735	2.0825	3.4177	1406.5	-0.044386	0.00013217	0.19251	liquid
109.69	45.000	429.09	0.0023305	-10.785	-0.29720	-0.096024	2.0778	3.4231	1397.2	-0.044057	0.00012934	0.19117	liquid
110.69	45.000	427.70	0.0023381	-7.3927	3.1286	-0.064935	2.0731	3.4285	1387.8	-0.043718	0.00012661	0.18982	liquid
111.69	45.000	426.31	0.0023457	-3.9957	6.5599	-0.034076	2.0685	3.4341	1378.4	-0.043370	0.00012396	0.18847	liquid
112.69	45.000	424.92	0.0023534	-0.59340	9.9969	-0.0034409	2.0640	3.4399	1369.0	-0.043011	0.00012140	0.18711	liquid
113.69	45.000	423.51	0.0023612	2.8143	13.440	0.026974	2.0595	3.4458	1359.6	-0.042642	0.00011891	0.18576	liquid
114.69	45.000	422.10	0.0023691	6.2276	16.889	0.057176	2.0550	3.4518	1350.1	-0.042262	0.00011650	0.18439	liquid
115.69	45.000	420.68	0.0023771	9.6466	20.343	0.087168	2.0505	3.4580	1340.6	-0.041871	0.00011416	0.18303	liquid
116.69	45.000	419.26	0.0023852	13.071	23.805	0.11696	2.0461	3.4643	1331.0	-0.041468	0.00011188	0.18166	liquid
117.69	45.000	417.83	0.0023933	16.502	27.272	0.14654	2.0417	3.4709	1321.5	-0.041053	0.00010966	0.18028	liquid
118.69	45.000	416.39	0.0024016	19.939	30.746	0.17594	2.0374	3.4776	1311.8	-0.040625	0.00010751	0.17891	liquid
119.69	45.000	414.94	0.0024100	23.382	34.227	0.20514	2.0331	3.4844	1302.2	-0.040184	0.00010541	0.17753	liquid
120.69	45.000	413.48	0.0024185	26.832	37.715	0.23416	2.0289	3.4915	1292.5	-0.039730	0.00010337	0.17615	liquid
121.69	45.000	412.02	0.0024271	30.288	41.210	0.26300	2.0246	3.4987	1282.8	-0.039262	0.00010138	0.17477	liquid
122.69	45.000	410.54	0.0024358	33.752	44.713	0.29166	2.0205	3.5062	1273.1	-0.038779	9.9436e-05	0.17339	liquid
123.69	45.000	409.06	0.0024446	37.222	48.223	0.32016	2.0163	3.5139	1263.3	-0.038281	9.7543e-05	0.17201	liquid
124.69	45.000	407.57	0.0024536	40.700	51.741	0.34848	2.0122	3.5218	1253.5	-0.037767	9.5696e-05	0.17062	liquid
125.69	45.000	406.07	0.0024627	44.185	55.267	0.37664	2.0081	3.5300	1243.6	-0.037236	9.3894e-05	0.16924	liquid
126.69	45.000	404.55	0.0024719	47.677	58.801	0.40465	2.0041	3.5383	1233.8	-0.036688	9.2135e-05	0.16785	liquid
127.69	45.000	403.03	0.0024812	51.178	62.343	0.43250	2.0001	3.5470	1223.8	-0.036123	9.0417e-05	0.16646	liquid
128.69	45.000	401.50	0.0024906	54.687	65.895	0.46021	1.9962	3.5559	1213.9	-0.035538	8.8739e-05	0.16507	liquid
129.69	45.000	399.96	0.0025003	58.204	69.455	0.48777	1.9923	3.5651	1203.9	-0.034935	8.7099e-05	0.16368	liquid
130.69	45.000	398.41	0.0025100	61.730	73.025	0.51519	1.9884	3.5746	1193.8	-0.034311	8.5496e-05	0.16230	liquid
131.69	45.000	396.84	0.0025199	65.265	76.605	0.54247	1.9846	3.5845	1183.7	-0.033665	8.3929e-05	0.16091	liquid
132.69	45.000	395.27	0.0025299	68.809	80.194	0.56962	1.9808	3.5946	1173.6	-0.032998	8.2396e-05	0.15952	liquid
133.69	45.000	393.68	0.0025402	72.363	83.794	0.59665	1.9771	3.6051	1163.4	-0.032308	8.0897e-05	0.15813	liquid
134.69	45.000	392.08	0.0025505	75.927	87.405	0.62356	1.9734	3.6160	1153.2	-0.031593	7.9430e-05	0.15674	liquid
135.69	45.000	390.46	0.0025611	79.501	91.026	0.65034	1.9698	3.6272	1143.0	-0.030853	7.7994e-05	0.15535	liquid
136.69	45.000	388.84	0.0025718	83.086	94.659	0.67702	1.9662	3.6388	1132.6	-0.030087	7.6589e-05	0.15396	liquid
137.69	45.000	387.20	0.0025827	86.682	98.304	0.70359	1.9627	3.6509	1122.3	-0.029292	7.5213e-05	0.15257	liquid
138.69	45.000	385.54	0.0025938	90.289	101.96	0.73005	1.9592	3.6634	1111.9	-0.028469	7.3865e-05	0.15118	liquid
139.69	45.000	383.87	0.0026050	93.908	105.63	0.75641	1.9558	3.6763	1101.4	-0.027615	7.2544e-05	0.14979	liquid
140.69	45.000	382.19	0.0026165	97.539	109.31	0.78268	1.9524	3.6898	1090.8	-0.026730	7.1250e-05	0.14840	liquid
141.69	45.000	380.49	0.0026282	101.18	113.01	0.80887	1.9491	3.7038	1080.3	-0.025810	6.9982e-05	0.14701	liquid
142.69	45.000	378.77	0.0026401	104.84	116.72	0.83496	1.9459	3.7183	1069.6	-0.024856	6.8739e-05	0.14562	liquid
143.69	45.000	377.04	0.0026523	108.51	120.45	0.86098	1.9427	3.7334	1058.9	-0.023864	6.7520e-05	0.14423	liquid
144.69	45.000	375.28	0.0026646	112.20	124.19	0.88693	1.9395	3.7491	1048.1	-0.022833	6.6324e-05	0.14284	liquid
145.69	45.000	373.51	0.0026773	115.90	127.95	0.91281	1.9365	3.7655	1037.3	-0.021760	6.5151e-05	0.14146	liquid
146.69	45.000	371.73	0.0026902	119.61	131.72	0.93862	1.9335	3.7825	1026.4	-0.020644	6.4000e-05	0.14007	liquid
147.69	45.000	369.92	0.0027033	123.35	135.51	0.96438	1.9305	3.8003	1015.4	-0.019482	6.2870e-05	0.13867	liquid
148.69	45.000	368.09	0.0027167	127.10	139.32	0.99008	1.9277	3.8188	1004.3	-0.018271	6.1760e-05	0.13728	liquid
149.69	45.000	366.24	0.0027305	130.86	143.15	1.0157	1.9249	3.8382	993.18	-0.017009	6.0671e-05	0.13589	liquid
150.69	45.000	364.36	0.0027445	134.65	147.00	1.0414	1.9222	3.8585	981.95	-0.015692	5.9601e-05	0.13450	liquid
151.69	45.000	362.47	0.0027589	138.45	150.87	1.0670	1.9195	3.8797	970.65	-0.014317	5.8549e-05	0.13310	liquid
152.69	45.000	360.55	0.0027736	142.28	154.76	1.0925	1.9170	3.9019	959.25	-0.012880	5.7515e-05	0.13171	liquid
153.69	45.000	358.60	0.0027886	146.12	158.67	1.1181	1.9145	3.9252	947.76	-0.011378	5.6499e-05	0.13031	liquid
154.69	45.000	356.63	0.0028040	149.99	162.61	1.1436	1.9122	3.9496	936.17	-0.0098063	5.5499e-05	0.12891	liquid
155.69	45.000	354.63	0.0028199	153.88	166.57	1.1691	1.9099	3.9753	924.48	-0.0081597	5.4515e-05	0.12751	liquid
156.69	45.000	352.60	0.0028361	157.80	170.56	1.1947	1.9077	4.0023	912.68	-0.0064334	5.3547e-05	0.12611	liquid
157.69	45.000	350.53	0.0028528	161.74	174.58	1.2202	1.9056	4.0308	900.77	-0.0046217	5.2593e-05	0.12470	liquid
158.69	45.000	348.44	0.0028699	165.71	178.62	1.2458	1.9036	4.0608	888.74	-0.0027185	5.1654e-05	0.12329	liquid
159.69	45.000	346.31	0.0028876	169.70	182.70	1.2714	1.9018	4.0926	876.59	-0.00071685	5.0728e-05	0.12188	liquid
160.69	45.000	344.15	0.0029057	173.73	186.81	1.2971	1.9001	4.1262	864.31	0.0013908	4.9815e-05	0.12047	liquid
161.69	45.000	341.94	0.0029245	177.79	190.95	1.3228	1.8985	4.1618	851.89	0.0036130	4.8915e-05	0.11905	liquid
162.69	45.000	339.70	0.0029438	181.88	195.13	1.3485	1.8970	4.1996	839.33	0.0059590	4.8026e-05	0.11762	liquid
163.69	45.000	337.41	0.0029637	186.01	199.35	1.3744	1.8957	4.2398	826.61	0.0084394	4.7149e-05	0.11619	liquid
164.69	45.000	335.08	0.0029844	190.18	203.61	1.4003	1.8945	4.2828	813.72	0.011066	4.6282e-05	0.11475	liquid
165.69	45.000	332.69	0.0030058	194.39	207.92	1.4264	1.8936	4.3286	800.66	0.013852	4.5424e-05	0.11331	liquid
166.69	45.000	330.26	0.0030279	198.64	212.27	1.4526	1.8928	4.3778	787.42	0.016813	4.4575e-05	0.11186	liquid
167.69	45.000	327.77	0.0030509	202.94	216.67	1.4789	1.8922	4.4306	773.97	0.019965	4.3735e-05	0.11040	liquid
168.69	45.000	325.22	0.0030749	207.30	221.13	1.5054	1.8918	4.4876	760.31	0.023329	4.2902e-05	0.10893	liquid
169.69	45.000	322.60	0.0030998	211.70	225.65	1.5321	1.8917	4.5492	746.42	0.026927	4.2075e-05	0.10746	liquid
170.69	45.000	319.91	0.0031259	216.17	230.23	1.5591	1.8918	4.6160	732.28	0.030785	4.1254e-05	0.10597	liquid
171.69	45.000	317.14	0.0031532	220.70	234.88	1.5862	1.8922	4.6889	717.87	0.034933	4.0438e-05	0.10447	liquid
172.69	45.000	314.29	0.0031817	225.29	239.61	1.6137	1.8930	4.7686	703.17	0.039408	3.9625e-05	0.10295	liquid
173.69	45.000	311.35	0.0032118	229.97	244.42	1.6415	1.8941	4.8564	688.13	0.044252	3.8814e-05	0.10143	liquid
174.69	45.000	308.31	0.0032435	234.73	249.33	1.6696	1.8957	4.9536	672.75	0.049515	3.8005e-05	0.099881	liquid
175.69	45.000	305.15	0.0032771	239.59	254.34	1.6982	1.8977	5.0618	656.96	0.055258	3.7194e-05	0.098319	liquid
176.69	45.000	301.86	0.0033128	244.55	259.46	1.7273	1.9004	5.1833	640.74	0.061556	3.6382e-05	0.096738	liquid
177.69	45.000	298.43	0.0033508	249.63	264.71	1.7569	1.9036	5.3209	624.02	0.068501	3.5565e-05	0.095134	liquid
178.69	45.000	294.84	0.0033916	254.84	270.10	1.7872	1.9077	5.4781	606.74	0.076209	3.4741e-05	0.093507	liquid
179.69	45.000	291.06	0.0034357	260.21	275.67	1.8183	1.9126	5.6601	588.82	0.084826	3.3907e-05	0.091854	liquid
180.69	45.000	287.06	0.0034835	265.76	281.44	1.8503	1.9188	5.8736	570.15	0.094544	3.3059e-05	0.090172	liquid
181.69	45.000	282.80	0.0035360	271.52	287.43	1.8834	1.9263	6.1286	550.61	0.10562	3.2194e-05	0.088458	liquid
182.69	45.000	278.23	0.0035941	277.54	293.71	1.9178	1.9358	6.4397	530.02	0.11841	3.1304e-05	0.086712	liquid
183.69	45.000	273.27	0.0036594	283.87	300.34	1.9540	1.9477	6.8299	508.16	0.13340	3.0380e-05	0.084932	liquid
184.69	45.000	267.80	0.0037341	290.61	307.41	1.9924	1.9631	7.3379	484.67	0.15136	2.9412e-05	0.083120	liquid
185.69	45.000	261.67	0.0038216	297.88	315.08	2.0338	1.9835	8.0339	459.04	0.17349	2.8379e-05	0.081286	liquid
186.69	45.000	254.58	0.0039280	305.91	323.59	2.0795	2.0120	9.0639	430.40	0.20188	2.7249e-05	0.079462	liquid
187.69	45.000	245.98	0.0040654	315.14	333.43	2.1321	2.0550	10.795	397.13	0.24072	2.5963e-05	0.077750	liquid
188.69	45.000	234.48	0.0042648	326.62	345.81	2.1978	2.1309	14.563	355.26	0.30077	2.4366e-05	0.076573	liquid
189.69	45.000	213.20	0.0046904	345.57	366.68	2.3081	2.3617	36.061	285.83	0.43658	2.1710e-05	0.080671	liquid
189.87	45.000	203.77	0.0049075	353.17	375.26	2.3533	2.5406	74.901	257.35	0.50584	2.0634e-05	0.089661	liquid
189.87	45.000	122.33	0.0081744	425.71	462.49	2.8128	2.8030	112.21	240.30	0.86694	1.2011e-05	0.11004	vapor
190.69	45.000	102.45	0.0097613	450.55	494.48	2.9809	2.3853	21.323	257.77	0.96328	1.0764e-05	0.063344	vapor
191.69	45.000	93.826	0.010658	463.00	510.97	3.0672	2.2326	13.307	266.60	0.98857	1.0346e-05	0.050626	vapor
192.69	45.000	88.375	0.011315	471.66	522.58	3.1276	2.1426	10.282	272.95	0.99610	1.0123e-05	0.045203	vapor
193.69	45.000	84.318	0.011860	478.60	531.97	3.1762	2.0803	8.6354	278.14	0.99626	9.9787e-06	0.041982	vapor
194.69	45.000	81.065	0.012336	484.53	540.04	3.2178	2.0338	7.5831	282.64	0.99252	9.8778e-06	0.039804	vapor
195.69	45.000	78.340	0.012765	489.80	547.24	3.2547	1.9973	6.8453	286.67	0.98649	9.8038e-06	0.038219	vapor
196.69	45.000	75.990	0.013160	494.58	553.80	3.2881	1.9678	6.2958	290.36	0.97902	9.7483e-06	0.037009	vapor
197.69	45.000	73.923	0.013528	499.00	559.87	3.3189	1.9433	5.8687	293.78	0.97066	9.7062e-06	0.036056	vapor
198.69	45.000	72.076	0.013874	503.13	565.56	3.3476	1.9225	5.5260	296.98	0.96171	9.6743e-06	0.035285	vapor
199.69	45.000	70.407	0.014203	507.03	570.94	3.3746	1.9046	5.2440	300.02	0.95240	9.6503e-06	0.034652	vapor
200.69	45.000	68.883	0.014517	510.74	576.07	3.4002	1.8890	5.0075	302.91	0.94288	9.6328e-06	0.034123	vapor
201.69	45.000	67.481	0.014819	514.28	580.97	3.4246	1.8752	4.8058	305.67	0.93325	9.6205e-06	0.033678	vapor
202.69	45.000	66.183	0.015110	517.69	585.69	3.4479	1.8629	4.6315	308.33	0.92358	9.6125e-06	0.033299	vapor
203.69	45.000	64.975	0.015391	520.98	590.24	3.4703	1.8517	4.4791	310.88	0.91393	9.6083e-06	0.032974	vapor
204.69	45.000	63.845	0.015663	524.17	594.65	3.4919	1.8417	4.3447	313.36	0.90433	9.6072e-06	0.032695	vapor
205.69	45.000	62.783	0.015928	527.26	598.93	3.5128	1.8324	4.2250	315.76	0.89482	9.6088e-06	0.032454	vapor
206.69	45.000	61.783	0.016186	530.27	603.11	3.5330	1.8240	4.1178	318.08	0.88540	9.6128e-06	0.032246	vapor
207.69	45.000	60.837	0.016437	533.21	607.17	3.5527	1.8162	4.0210	320.35	0.87609	9.6188e-06	0.032065	vapor
208.69	45.000	59.940	0.016683	536.08	611.15	3.5718	1.8090	3.9332	322.55	0.86691	9.6267e-06	0.031909	vapor
209.69	45.000	59.087	0.016924	538.88	615.04	3.5904	1.8022	3.8531	324.71	0.85786	9.6363e-06	0.031774	vapor
210.69	45.000	58.274	0.017160	541.64	618.86	3.6085	1.7960	3.7798	326.81	0.84894	9.6472e-06	0.031658	vapor
211.69	45.000	57.498	0.017392	544.34	622.60	3.6263	1.7901	3.7123	328.86	0.84015	9.6595e-06	0.031557	vapor
212.69	45.000	56.756	0.017619	547.00	626.29	3.6436	1.7846	3.6501	330.88	0.83151	9.6729e-06	0.031472	vapor
213.69	45.000	56.045	0.017843	549.61	629.91	3.6606	1.7795	3.5924	332.85	0.82299	9.6874e-06	0.031400	vapor
214.69	45.000	55.362	0.018063	552.19	633.47	3.6773	1.7746	3.5389	334.78	0.81462	9.7029e-06	0.031339	vapor
215.69	45.000	54.705	0.018280	554.73	636.99	3.6936	1.7701	3.4890	336.68	0.80638	9.7192e-06	0.031290	vapor
216.69	45.000	54.073	0.018493	557.23	640.45	3.7096	1.7658	3.4424	338.54	0.79827	9.7364e-06	0.031249	vapor
217.69	45.000	53.464	0.018704	559.70	643.87	3.7254	1.7617	3.3988	340.37	0.79029	9.7543e-06	0.031218	vapor
218.69	45.000	52.876	0.018912	562.14	647.25	3.7408	1.7579	3.3578	342.17	0.78244	9.7728e-06	0.031195	vapor
219.69	45.000	52.308	0.019117	564.56	650.59	3.7561	1.7543	3.3194	343.94	0.77472	9.7920e-06	0.031179	vapor
220.69	45.000	51.759	0.019320	566.95	653.89	3.7711	1.7509	3.2832	345.68	0.76712	9.8117e-06	0.031170	vapor
221.69	45.000	51.227	0.019521	569.31	657.15	3.7858	1.7477	3.2491	347.39	0.75965	9.8320e-06	0.031167	vapor
222.69	45.000	50.712	0.019719	571.65	660.39	3.8004	1.7447	3.2168	349.08	0.75229	9.8528e-06	0.031170	vapor
223.69	45.000	50.213	0.019915	573.97	663.59	3.8147	1.7418	3.1863	350.74	0.74504	9.8740e-06	0.031178	vapor
224.69	45.000	49.728	0.020109	576.27	666.76	3.8289	1.7391	3.1574	352.38	0.73791	9.8957e-06	0.031192	vapor
225.69	45.000	49.257	0.020302	578.55	669.90	3.8428	1.7366	3.1301	354.00	0.73089	9.9178e-06	0.031209	vapor
226.69	45.000	48.799	0.020492	580.81	673.02	3.8566	1.7342	3.1040	355.59	0.72398	9.9402e-06	0.031232	vapor
227.69	45.000	48.354	0.020681	583.05	676.11	3.8702	1.7319	3.0793	357.16	0.71718	9.9630e-06	0.031258	vapor
228.69	45.000	47.921	0.020868	585.27	679.18	3.8837	1.7298	3.0558	358.72	0.71048	9.9861e-06	0.031288	vapor
229.69	45.000	47.499	0.021053	587.49	682.22	3.8969	1.7278	3.0334	360.25	0.70388	1.0010e-05	0.031322	vapor
230.69	45.000	47.088	0.021237	589.68	685.25	3.9101	1.7259	3.0120	361.77	0.69737	1.0033e-05	0.031359	vapor
231.69	45.000	46.687	0.021419	591.86	688.25	3.9231	1.7241	2.9916	363.26	0.69097	1.0057e-05	0.031399	vapor
232.69	45.000	46.295	0.021600	594.03	691.23	3.9359	1.7225	2.9721	364.74	0.68466	1.0081e-05	0.031443	vapor
233.69	45.000	45.914	0.021780	596.18	694.19	3.9486	1.7209	2.9535	366.20	0.67844	1.0106e-05	0.031489	vapor
234.69	45.000	45.541	0.021958	598.33	697.14	3.9612	1.7195	2.9357	367.64	0.67231	1.0131e-05	0.031538	vapor
235.69	45.000	45.177	0.022135	600.46	700.07	3.9736	1.7182	2.9187	369.07	0.66626	1.0156e-05	0.031589	vapor
236.69	45.000	44.821	0.022311	602.58	702.98	3.9859	1.7169	2.9024	370.49	0.66031	1.0181e-05	0.031643	vapor
237.69	45.000	44.472	0.022486	604.68	705.87	3.9981	1.7158	2.8868	371.88	0.65444	1.0206e-05	0.031699	vapor
238.69	45.000	44.132	0.022659	606.78	708.75	4.0102	1.7147	2.8718	373.26	0.64864	1.0232e-05	0.031758	vapor
239.69	45.000	43.799	0.022832	608.87	711.61	4.0222	1.7137	2.8574	374.63	0.64293	1.0257e-05	0.031818	vapor
240.69	45.000	43.472	0.023003	610.95	714.46	4.0341	1.7129	2.8436	375.99	0.63730	1.0283e-05	0.031881	vapor
241.69	45.000	43.153	0.023174	613.02	717.30	4.0458	1.7121	2.8304	377.33	0.63174	1.0309e-05	0.031945	vapor
242.69	45.000	42.840	0.023343	615.08	720.13	4.0575	1.7113	2.8177	378.65	0.62626	1.0335e-05	0.032011	vapor
243.69	45.000	42.533	0.023511	617.14	722.94	4.0691	1.7107	2.8055	379.97	0.62086	1.0361e-05	0.032080	vapor
244.69	45.000	42.232	0.023679	619.18	725.74	4.0805	1.7101	2.7937	381.27	0.61552	1.0388e-05	0.032149	vapor
245.69	45.000	41.937	0.023845	621.22	728.52	4.0919	1.7096	2.7825	382.56	0.61025	1.0414e-05	0.032221	vapor
246.69	45.000	41.647	0.024011	623.25	731.30	4.1032	1.7092	2.7716	383.84	0.60506	1.0441e-05	0.032294	vapor
247.69	45.000	41.363	0.024176	625.28	734.07	4.1144	1.7088	2.7612	385.10	0.59993	1.0468e-05	0.032368	vapor
248.69	45.000	41.084	0.024340	627.29	736.82	4.1255	1.7086	2.7511	386.36	0.59486	1.0495e-05	0.032444	vapor
249.69	45.000	40.811	0.024503	629.31	739.57	4.1365	1.7083	2.7414	387.60	0.58986	1.0522e-05	0.032522	vapor
250.69	45.000	40.542	0.024666	631.31	742.31	4.1474	1.7082	2.7321	388.83	0.58492	1.0549e-05	0.032601	vapor
251.69	45.000	40.278	0.024828	633.31	745.03	4.1583	1.7081	2.7231	390.06	0.58005	1.0576e-05	0.032681	vapor
252.69	45.000	40.018	0.024989	635.30	747.75	4.1691	1.7080	2.7145	391.27	0.57523	1.0603e-05	0.032762	vapor
253.69	45.000	39.763	0.025149	637.29	750.46	4.1798	1.7081	2.7062	392.47	0.57048	1.0631e-05	0.032845	vapor
254.69	45.000	39.512	0.025309	639.28	753.17	4.1904	1.7081	2.6982	393.66	0.56578	1.0658e-05	0.032929	vapor
255.69	45.000	39.265	0.025468	641.26	755.86	4.2010	1.7083	2.6904	394.84	0.56114	1.0685e-05	0.033014	vapor
256.69	45.000	39.023	0.025626	643.23	758.55	4.2114	1.7085	2.6830	396.01	0.55656	1.0713e-05	0.033100	vapor
257.69	45.000	38.784	0.025784	645.20	761.23	4.2219	1.7087	2.6758	397.18	0.55203	1.0741e-05	0.033188	vapor
258.69	45.000	38.549	0.025941	647.17	763.90	4.2322	1.7090	2.6689	398.33	0.54755	1.0768e-05	0.033276	vapor
259.69	45.000	38.318	0.026097	649.13	766.56	4.2425	1.7093	2.6622	399.48	0.54313	1.0796e-05	0.033365	vapor
260.69	45.000	38.091	0.026253	651.08	769.22	4.2527	1.7097	2.6558	400.61	0.53875	1.0824e-05	0.033456	vapor
261.69	45.000	37.867	0.026408	653.04	771.88	4.2629	1.7102	2.6496	401.74	0.53443	1.0852e-05	0.033548	vapor
262.69	45.000	37.646	0.026563	654.99	774.52	4.2730	1.7107	2.6436	402.86	0.53016	1.0880e-05	0.033640	vapor
263.69	45.000	37.429	0.026717	656.94	777.16	4.2830	1.7112	2.6379	403.97	0.52594	1.0908e-05	0.033734	vapor
264.69	45.000	37.215	0.026871	658.88	779.80	4.2930	1.7118	2.6323	405.07	0.52176	1.0936e-05	0.033828	vapor
265.69	45.000	37.004	0.027024	660.82	782.43	4.3029	1.7124	2.6270	406.17	0.51763	1.0964e-05	0.033923	vapor
266.69	45.000	36.796	0.027177	662.76	785.05	4.3128	1.7131	2.6218	407.25	0.51355	1.0992e-05	0.034020	vapor
267.69	45.000	36.591	0.027329	664.69	787.67	4.3226	1.7138	2.6169	408.33	0.50952	1.1020e-05	0.034117	vapor
268.69	45.000	36.389	0.027481	666.62	790.29	4.3323	1.7146	2.6121	409.41	0.50552	1.1048e-05	0.034215	vapor
269.69	45.000	36.190	0.027632	668.55	792.90	4.3420	1.7154	2.6075	410.47	0.50158	1.1077e-05	0.034314	vapor
270.69	45.000	35.994	0.027782	670.48	795.50	4.3516	1.7163	2.6031	411.53	0.49767	1.1105e-05	0.034414	vapor
271.69	45.000	35.800	0.027933	672.40	798.10	4.3612	1.7171	2.5988	412.58	0.49381	1.1133e-05	0.034514	vapor
272.69	45.000	35.609	0.028083	674.33	800.70	4.3708	1.7181	2.5947	413.62	0.48999	1.1161e-05	0.034615	vapor
273.69	45.000	35.421	0.028232	676.25	803.29	4.3803	1.7190	2.5908	414.66	0.48620	1.1190e-05	0.034718	vapor
274.69	45.000	35.235	0.028381	678.17	805.88	4.3897	1.7200	2.5870	415.68	0.48246	1.1218e-05	0.034820	vapor
275.69	45.000	35.051	0.028529	680.08	808.47	4.3991	1.7211	2.5834	416.71	0.47876	1.1247e-05	0.034924	vapor
276.69	45.000	34.870	0.028678	682.00	811.05	4.4084	1.7222	2.5799	417.72	0.47510	1.1275e-05	0.035029	vapor
277.69	45.000	34.692	0.028825	683.91	813.63	4.4177	1.7233	2.5765	418.73	0.47148	1.1304e-05	0.035134	vapor
278.69	45.000	34.515	0.028973	685.82	816.20	4.4270	1.7244	2.5733	419.74	0.46789	1.1332e-05	0.035240	vapor
279.69	45.000	34.341	0.029120	687.73	818.77	4.4362	1.7256	2.5702	420.73	0.46434	1.1361e-05	0.035346	vapor
280.69	45.000	34.169	0.029266	689.64	821.34	4.4454	1.7268	2.5673	421.72	0.46082	1.1389e-05	0.035454	vapor
281.69	45.000	33.999	0.029413	691.55	823.91	4.4545	1.7281	2.5644	422.71	0.45735	1.1418e-05	0.035562	vapor
282.69	45.000	33.831	0.029558	693.46	826.47	4.4636	1.7294	2.5617	423.69	0.45390	1.1446e-05	0.035671	vapor
283.69	45.000	33.666	0.029704	695.36	829.03	4.4726	1.7307	2.5591	424.66	0.45050	1.1475e-05	0.035780	vapor
284.69	45.000	33.502	0.029849	697.27	831.59	4.4816	1.7321	2.5566	425.63	0.44712	1.1503e-05	0.035890	vapor
285.69	45.000	33.340	0.029994	699.17	834.14	4.4906	1.7335	2.5542	426.59	0.44378	1.1532e-05	0.036001	vapor
286.69	45.000	33.180	0.030138	701.07	836.70	4.4995	1.7349	2.5520	427.54	0.44047	1.1561e-05	0.036113	vapor
287.69	45.000	33.022	0.030283	702.98	839.25	4.5084	1.7364	2.5498	428.49	0.43720	1.1589e-05	0.036225	vapor
288.69	45.000	32.866	0.030426	704.88	841.80	4.5172	1.7378	2.5478	429.44	0.43396	1.1618e-05	0.036337	vapor
289.69	45.000	32.712	0.030570	706.78	844.34	4.5260	1.7394	2.5458	430.38	0.43074	1.1647e-05	0.036451	vapor
290.69	45.000	32.559	0.030713	708.68	846.89	4.5348	1.7409	2.5440	431.31	0.42756	1.1675e-05	0.036565	vapor
291.69	45.000	32.409	0.030856	710.58	849.43	4.5435	1.7425	2.5422	432.24	0.42441	1.1704e-05	0.036680	vapor
292.69	45.000	32.259	0.030999	712.48	851.97	4.5522	1.7441	2.5405	433.17	0.42130	1.1732e-05	0.036795	vapor
293.69	45.000	32.112	0.031141	714.38	854.51	4.5609	1.7457	2.5390	434.08	0.41821	1.1761e-05	0.036911	vapor
294.69	45.000	31.966	0.031283	716.28	857.05	4.5695	1.7474	2.5375	435.00	0.41515	1.1790e-05	0.037027	vapor
295.69	45.000	31.822	0.031425	718.18	859.59	4.5781	1.7491	2.5361	435.91	0.41211	1.1819e-05	0.037145	vapor
296.69	45.000	31.679	0.031566	720.07	862.12	4.5867	1.7508	2.5348	436.81	0.40911	1.1847e-05	0.037262	vapor
297.69	45.000	31.538	0.031708	721.97	864.66	4.5952	1.7525	2.5336	437.71	0.40614	1.1876e-05	0.037381	vapor
298.69	45.000	31.399	0.031848	723.87	867.19	4.6037	1.7543	2.5324	438.60	0.40319	1.1905e-05	0.037500	vapor
299.69	45.000	31.261	0.031989	725.77	869.72	4.6122	1.7561	2.5314	439.49	0.40027	1.1933e-05	0.037619	vapor
300.69	45.000	31.124	0.032130	727.67	872.25	4.6206	1.7580	2.5304	440.38	0.39738	1.1962e-05	0.037739	vapor
301.69	45.000	30.989	0.032270	729.57	874.78	4.6290	1.7598	2.5295	441.26	0.39451	1.1991e-05	0.037860	vapor
302.69	45.000	30.855	0.032410	731.47	877.31	4.6374	1.7617	2.5286	442.14	0.39167	1.2019e-05	0.037981	vapor
303.69	45.000	30.723	0.032549	733.37	879.84	4.6457	1.7636	2.5279	443.01	0.38886	1.2048e-05	0.038103	vapor
304.69	45.000	30.592	0.032689	735.27	882.37	4.6540	1.7655	2.5272	443.88	0.38607	1.2077e-05	0.038225	vapor
305.69	45.000	30.462	0.032828	737.17	884.89	4.6623	1.7675	2.5266	444.74	0.38331	1.2105e-05	0.038348	vapor
306.69	45.000	30.333	0.032967	739.07	887.42	4.6705	1.7695	2.5260	445.60	0.38057	1.2134e-05	0.038472	vapor
307.69	45.000	30.206	0.033106	740.97	889.95	4.6788	1.7715	2.5255	446.45	0.37785	1.2163e-05	0.038596	vapor
308.69	45.000	30.081	0.033244	742.87	892.47	4.6870	1.7735	2.5251	447.30	0.37516	1.2191e-05	0.038720	vapor
309.69	45.000	29.956	0.033382	744.78	895.00	4.6951	1.7756	2.5248	448.15	0.37250	1.2220e-05	0.038845	vapor
310.69	45.000	29.833	0.033520	746.68	897.52	4.7033	1.7776	2.5245	448.99	0.36986	1.2249e-05	0.038971	vapor
311.69	45.000	29.710	0.033658	748.58	900.05	4.7114	1.7797	2.5243	449.83	0.36724	1.2277e-05	0.039097	vapor
312.69	45.000	29.589	0.033796	750.49	902.57	4.7195	1.7819	2.5241	450.67	0.36464	1.2306e-05	0.039224	vapor
313.69	45.000	29.470	0.033933	752.39	905.09	4.7275	1.7840	2.5240	451.50	0.36207	1.2335e-05	0.039351	vapor
314.69	45.000	29.351	0.034070	754.30	907.62	4.7356	1.7862	2.5240	452.32	0.35952	1.2363e-05	0.039479	vapor
315.69	45.000	29.233	0.034207	756.21	910.14	4.7436	1.7884	2.5240	453.15	0.35699	1.2392e-05	0.039607	vapor
316.69	45.000	29.117	0.034344	758.12	912.67	4.7516	1.7906	2.5241	453.97	0.35449	1.2420e-05	0.039736	vapor
317.69	45.000	29.002	0.034481	760.03	915.19	4.7595	1.7928	2.5242	454.78	0.35200	1.2449e-05	0.039866	vapor
318.69	45.000	28.887	0.034617	761.94	917.71	4.7674	1.7951	2.5244	455.59	0.34954	1.2478e-05	0.039995	vapor
319.69	45.000	28.774	0.034754	763.85	920.24	4.7754	1.7973	2.5246	456.40	0.34710	1.2506e-05	0.040126	vapor
320.69	45.000	28.662	0.034890	765.76	922.76	4.7832	1.7996	2.5249	457.21	0.34468	1.2535e-05	0.040257	vapor
321.69	45.000	28.551	0.035025	767.67	925.29	4.7911	1.8019	2.5252	458.01	0.34228	1.2563e-05	0.040388	vapor
322.69	45.000	28.441	0.035161	769.59	927.81	4.7989	1.8043	2.5256	458.81	0.33990	1.2592e-05	0.040520	vapor
323.69	45.000	28.331	0.035297	771.51	930.34	4.8068	1.8066	2.5261	459.60	0.33754	1.2620e-05	0.040652	vapor
324.69	45.000	28.223	0.035432	773.42	932.87	4.8145	1.8090	2.5266	460.39	0.33520	1.2649e-05	0.040785	vapor
325.69	45.000	28.116	0.035567	775.34	935.39	4.8223	1.8114	2.5271	461.18	0.33288	1.2677e-05	0.040919	vapor
326.69	45.000	28.010	0.035702	777.26	937.92	4.8301	1.8138	2.5277	461.97	0.33058	1.2706e-05	0.041052	vapor
327.69	45.000	27.904	0.035837	779.18	940.45	4.8378	1.8163	2.5283	462.75	0.32830	1.2734e-05	0.041187	vapor
328.69	45.000	27.800	0.035971	781.11	942.98	4.8455	1.8187	2.5290	463.53	0.32603	1.2763e-05	0.041322	vapor
329.69	45.000	27.696	0.036106	783.03	945.51	4.8532	1.8212	2.5297	464.30	0.32379	1.2791e-05	0.041457	vapor
330.69	45.000	27.594	0.036240	784.96	948.04	4.8608	1.8237	2.5305	465.07	0.32157	1.2820e-05	0.041593	vapor
331.69	45.000	27.492	0.036374	786.88	950.57	4.8685	1.8262	2.5313	465.84	0.31936	1.2848e-05	0.041729	vapor
332.69	45.000	27.391	0.036508	788.81	953.10	4.8761	1.8287	2.5322	466.61	0.31717	1.2877e-05	0.041866	vapor
333.69	45.000	27.291	0.036642	790.74	955.63	4.8837	1.8313	2.5331	467.37	0.31500	1.2905e-05	0.042003	vapor
334.69	45.000	27.192	0.036775	792.68	958.17	4.8913	1.8338	2.5340	468.13	0.31285	1.2933e-05	0.042141	vapor
335.69	45.000	27.094	0.036909	794.61	960.70	4.8988	1.8364	2.5350	468.88	0.31072	1.2962e-05	0.042279	vapor
336.69	45.000	26.996	0.037042	796.54	963.24	4.9064	1.8390	2.5360	469.64	0.30860	1.2990e-05	0.042418	vapor
337.69	45.000	26.899	0.037175	798.48	965.77	4.9139	1.8416	2.5371	470.39	0.30650	1.3018e-05	0.042557	vapor
338.69	45.000	26.804	0.037309	800.42	968.31	4.9214	1.8443	2.5381	471.14	0.30442	1.3047e-05	0.042696	vapor
339.69	45.000	26.708	0.037441	802.36	970.85	4.9289	1.8469	2.5393	471.88	0.30235	1.3075e-05	0.042836	vapor
340.69	45.000	26.614	0.037574	804.30	973.39	4.9364	1.8496	2.5405	472.62	0.30030	1.3103e-05	0.042977	vapor
341.69	45.000	26.520	0.037707	806.25	975.93	4.9438	1.8523	2.5417	473.36	0.29827	1.3132e-05	0.043118	vapor
342.69	45.000	26.428	0.037839	808.19	978.47	4.9512	1.8550	2.5429	474.10	0.29626	1.3160e-05	0.043259	vapor
343.69	45.000	26.335	0.037972	810.14	981.01	4.9587	1.8577	2.5442	474.83	0.29426	1.3188e-05	0.043401	vapor
344.69	45.000	26.244	0.038104	812.09	983.56	4.9660	1.8604	2.5455	475.57	0.29227	1.3216e-05	0.043543	vapor
345.69	45.000	26.153	0.038236	814.04	986.11	4.9734	1.8632	2.5468	476.29	0.29031	1.3245e-05	0.043686	vapor
346.69	45.000	26.064	0.038368	816.00	988.65	4.9808	1.8659	2.5482	477.02	0.28835	1.3273e-05	0.043829	vapor
347.69	45.000	25.974	0.038500	817.95	991.20	4.9881	1.8687	2.5496	477.74	0.28642	1.3301e-05	0.043973	vapor
348.69	45.000	25.886	0.038631	819.91	993.75	4.9954	1.8715	2.5511	478.46	0.28450	1.3329e-05	0.044117	vapor
349.69	45.000	25.798	0.038763	821.87	996.30	5.0028	1.8743	2.5526	479.18	0.28259	1.3357e-05	0.044262	vapor
350.69	45.000	25.711	0.038894	823.83	998.86	5.0100	1.8771	2.5541	479.90	0.28070	1.3385e-05	0.044407	vapor
351.69	45.000	25.624	0.039025	825.80	1001.4	5.0173	1.8800	2.5556	480.61	0.27882	1.3414e-05	0.044552	vapor
352.69	45.000	25.538	0.039157	827.76	1004.0	5.0246	1.8828	2.5572	481.32	0.27696	1.3442e-05	0.044698	vapor
353.69	45.000	25.453	0.039288	829.73	1006.5	5.0318	1.8857	2.5588	482.03	0.27512	1.3470e-05	0.044844	vapor
354.69	45.000	25.369	0.039419	831.70	1009.1	5.0390	1.8885	2.5605	482.74	0.27328	1.3498e-05	0.044991	vapor
355.69	45.000	25.285	0.039549	833.68	1011.6	5.0463	1.8914	2.5621	483.44	0.27147	1.3526e-05	0.045138	vapor
356.69	45.000	25.202	0.039680	835.65	1014.2	5.0535	1.8943	2.5638	484.14	0.26966	1.3554e-05	0.045285	vapor
357.69	45.000	25.119	0.039811	837.63	1016.8	5.0606	1.8973	2.5655	484.84	0.26787	1.3582e-05	0.045433	vapor
358.69	45.000	25.037	0.039941	839.61	1019.3	5.0678	1.9002	2.5673	485.54	0.26610	1.3610e-05	0.045582	vapor
359.69	45.000	24.955	0.040071	841.59	1021.9	5.0749	1.9031	2.5691	486.23	0.26434	1.3638e-05	0.045731	vapor
360.69	45.000	24.875	0.040202	843.57	1024.5	5.0821	1.9061	2.5709	486.92	0.26259	1.3666e-05	0.045880	vapor
361.69	45.000	24.794	0.040332	845.56	1027.1	5.0892	1.9091	2.5727	487.61	0.26086	1.3694e-05	0.046029	vapor
362.69	45.000	24.715	0.040462	847.55	1029.6	5.0963	1.9121	2.5746	488.30	0.25913	1.3722e-05	0.046179	vapor
363.69	45.000	24.636	0.040592	849.54	1032.2	5.1034	1.9151	2.5765	488.99	0.25743	1.3749e-05	0.046330	vapor
364.69	45.000	24.557	0.040721	851.53	1034.8	5.1105	1.9181	2.5784	489.67	0.25573	1.3777e-05	0.046481	vapor
365.69	45.000	24.479	0.040851	853.53	1037.4	5.1175	1.9211	2.5803	490.35	0.25405	1.3805e-05	0.046632	vapor
366.69	45.000	24.402	0.040981	855.53	1039.9	5.1246	1.9241	2.5823	491.03	0.25238	1.3833e-05	0.046784	vapor
367.69	45.000	24.325	0.041110	857.53	1042.5	5.1316	1.9272	2.5843	491.71	0.25073	1.3861e-05	0.046936	vapor
368.69	45.000	24.249	0.041240	859.53	1045.1	5.1386	1.9302	2.5863	492.38	0.24908	1.3889e-05	0.047088	vapor
369.69	45.000	24.173	0.041369	861.53	1047.7	5.1457	1.9333	2.5883	493.05	0.24745	1.3916e-05	0.047241	vapor
370.69	45.000	24.098	0.041498	863.54	1050.3	5.1526	1.9364	2.5904	493.72	0.24583	1.3944e-05	0.047395	vapor
371.69	45.000	24.023	0.041627	865.55	1052.9	5.1596	1.9395	2.5924	494.39	0.24423	1.3972e-05	0.047548	vapor
372.69	45.000	23.949	0.041756	867.57	1055.5	5.1666	1.9426	2.5945	495.06	0.24263	1.4000e-05	0.047702	vapor
373.69	45.000	23.875	0.041885	869.58	1058.1	5.1736	1.9457	2.5967	495.72	0.24105	1.4027e-05	0.047857	vapor
374.69	45.000	23.802	0.042014	871.60	1060.7	5.1805	1.9488	2.5988	496.39	0.23948	1.4055e-05	0.048012	vapor
375.69	45.000	23.729	0.042142	873.62	1063.3	5.1874	1.9519	2.6010	497.05	0.23793	1.4083e-05	0.048167	vapor
376.69	45.000	23.657	0.042271	875.64	1065.9	5.1943	1.9551	2.6032	497.71	0.23638	1.4110e-05	0.048323	vapor
377.69	45.000	23.585	0.042400	877.67	1068.5	5.2012	1.9582	2.6054	498.36	0.23484	1.4138e-05	0.048479	vapor
378.69	45.000	23.514	0.042528	879.70	1071.1	5.2081	1.9614	2.6076	499.02	0.23332	1.4165e-05	0.048635	vapor
379.69	45.000	23.443	0.042656	881.73	1073.7	5.2150	1.9646	2.6099	499.67	0.23181	1.4193e-05	0.048792	vapor
380.69	45.000	23.373	0.042785	883.76	1076.3	5.2219	1.9678	2.6122	500.32	0.23031	1.4220e-05	0.048949	vapor
381.69	45.000	23.303	0.042913	885.80	1078.9	5.2287	1.9709	2.6145	500.97	0.22882	1.4248e-05	0.049107	vapor
382.69	45.000	23.234	0.043041	887.84	1081.5	5.2356	1.9742	2.6168	501.62	0.22734	1.4276e-05	0.049265	vapor
383.69	45.000	23.165	0.043169	889.88	1084.1	5.2424	1.9774	2.6191	502.27	0.22588	1.4303e-05	0.049423	vapor
384.69	45.000	23.097	0.043297	891.93	1086.8	5.2492	1.9806	2.6215	502.91	0.22442	1.4330e-05	0.049582	vapor
385.69	45.000	23.029	0.043424	893.98	1089.4	5.2560	1.9838	2.6239	503.55	0.22298	1.4358e-05	0.049741	vapor
386.69	45.000	22.961	0.043552	896.03	1092.0	5.2628	1.9871	2.6262	504.19	0.22154	1.4385e-05	0.049900	vapor
387.69	45.000	22.894	0.043680	898.08	1094.6	5.2696	1.9903	2.6287	504.83	0.22012	1.4413e-05	0.050060	vapor
388.69	45.000	22.827	0.043807	900.13	1097.3	5.2764	1.9936	2.6311	505.47	0.21870	1.4440e-05	0.050221	vapor
389.69	45.000	22.761	0.043935	902.19	1099.9	5.2832	1.9969	2.6335	506.10	0.21730	1.4468e-05	0.050381	vapor
390.69	45.000	22.695	0.044062	904.25	1102.5	5.2899	2.0001	2.6360	506.74	0.21591	1.4495e-05	0.050542	vapor
391.69	45.000	22.630	0.044189	906.32	1105.2	5.2967	2.0034	2.6385	507.37	0.21453	1.4522e-05	0.050703	vapor
392.69	45.000	22.565	0.044317	908.39	1107.8	5.3034	2.0067	2.6410	508.00	0.21315	1.4549e-05	0.050865	vapor
393.69	45.000	22.500	0.044444	910.46	1110.5	5.3101	2.0100	2.6435	508.63	0.21179	1.4577e-05	0.051027	vapor
394.69	45.000	22.436	0.044571	912.53	1113.1	5.3168	2.0133	2.6460	509.26	0.21044	1.4604e-05	0.051189	vapor
395.69	45.000	22.372	0.044698	914.60	1115.7	5.3235	2.0167	2.6486	509.88	0.20910	1.4631e-05	0.051352	vapor
396.69	45.000	22.309	0.044825	916.68	1118.4	5.3302	2.0200	2.6511	510.51	0.20777	1.4659e-05	0.051515	vapor
397.69	45.000	22.246	0.044952	918.77	1121.0	5.3369	2.0233	2.6537	511.13	0.20644	1.4686e-05	0.051679	vapor
398.69	45.000	22.184	0.045078	920.85	1123.7	5.3436	2.0267	2.6563	511.75	0.20513	1.4713e-05	0.051842	vapor
399.69	45.000	22.121	0.045205	922.94	1126.4	5.3502	2.0300	2.6589	512.37	0.20383	1.4740e-05	0.052007	vapor
400.69	45.000	22.060	0.045332	925.03	1129.0	5.3569	2.0334	2.6616	512.99	0.20253	1.4767e-05	0.052171	vapor
401.69	45.000	21.998	0.045458	927.12	1131.7	5.3635	2.0368	2.6642	513.61	0.20125	1.4794e-05	0.052336	vapor
402.69	45.000	21.937	0.045585	929.22	1134.3	5.3701	2.0401	2.6669	514.22	0.19997	1.4821e-05	0.052501	vapor
403.69	45.000	21.876	0.045711	931.32	1137.0	5.3767	2.0435	2.6695	514.83	0.19871	1.4848e-05	0.052667	vapor
404.69	45.000	21.816	0.045838	933.42	1139.7	5.3833	2.0469	2.6722	515.45	0.19745	1.4875e-05	0.052833	vapor
405.69	45.000	21.756	0.045964	935.52	1142.4	5.3899	2.0503	2.6749	516.06	0.19620	1.4903e-05	0.052999	vapor
406.69	45.000	21.697	0.046090	937.63	1145.0	5.3965	2.0537	2.6776	516.67	0.19496	1.4930e-05	0.053165	vapor
407.69	45.000	21.637	0.046216	939.74	1147.7	5.4031	2.0571	2.6804	517.27	0.19373	1.4957e-05	0.053332	vapor
408.69	45.000	21.579	0.046342	941.86	1150.4	5.4097	2.0605	2.6831	517.88	0.19251	1.4983e-05	0.053500	vapor
409.69	45.000	21.520	0.046468	943.98	1153.1	5.4162	2.0640	2.6859	518.48	0.19130	1.5010e-05	0.053667	vapor
410.69	45.000	21.462	0.046594	946.10	1155.8	5.4228	2.0674	2.6886	519.09	0.19010	1.5037e-05	0.053835	vapor
411.69	45.000	21.404	0.046720	948.22	1158.5	5.4293	2.0708	2.6914	519.69	0.18890	1.5064e-05	0.054003	vapor
412.69	45.000	21.347	0.046846	950.35	1161.2	5.4359	2.0743	2.6942	520.29	0.18772	1.5091e-05	0.054172	vapor
413.69	45.000	21.290	0.046972	952.48	1163.8	5.4424	2.0777	2.6970	520.89	0.18654	1.5118e-05	0.054341	vapor
414.69	45.000	21.233	0.047097	954.61	1166.5	5.4489	2.0812	2.6998	521.49	0.18537	1.5145e-05	0.054510	vapor
415.69	45.000	21.176	0.047223	956.75	1169.2	5.4554	2.0846	2.7027	522.09	0.18421	1.5172e-05	0.054679	vapor
416.69	45.000	21.120	0.047348	958.89	1172.0	5.4619	2.0881	2.7055	522.68	0.18305	1.5198e-05	0.054849	vapor
417.69	45.000	21.064	0.047474	961.03	1174.7	5.4684	2.0916	2.7084	523.28	0.18191	1.5225e-05	0.055019	vapor
418.69	45.000	21.009	0.047599	963.17	1177.4	5.4749	2.0951	2.7112	523.87	0.18077	1.5252e-05	0.055190	vapor
419.69	45.000	20.954	0.047725	965.32	1180.1	5.4814	2.0985	2.7141	524.46	0.17964	1.5279e-05	0.055361	vapor
420.69	45.000	20.899	0.047850	967.47	1182.8	5.4878	2.1020	2.7170	525.05	0.17852	1.5305e-05	0.055532	vapor
421.69	45.000	20.844	0.047975	969.63	1185.5	5.4943	2.1055	2.7199	525.64	0.17741	1.5332e-05	0.055703	vapor
422.69	45.000	20.790	0.048100	971.79	1188.2	5.5007	2.1090	2.7228	526.23	0.17630	1.5359e-05	0.055875	vapor
423.69	45.000	20.736	0.048225	973.95	1191.0	5.5072	2.1125	2.7257	526.81	0.17521	1.5385e-05	0.056047	vapor
424.69	45.000	20.682	0.048350	976.11	1193.7	5.5136	2.1160	2.7287	527.40	0.17412	1.5412e-05	0.056220	vapor
425.69	45.000	20.629	0.048476	978.28	1196.4	5.5200	2.1196	2.7316	527.98	0.17303	1.5439e-05	0.056392	vapor
426.69	45.000	20.576	0.048600	980.45	1199.2	5.5264	2.1231	2.7346	528.57	0.17196	1.5465e-05	0.056565	vapor
427.69	45.000	20.523	0.048725	982.62	1201.9	5.5328	2.1266	2.7375	529.15	0.17089	1.5492e-05	0.056739	vapor
428.69	45.000	20.471	0.048850	984.80	1204.6	5.5392	2.1301	2.7405	529.73	0.16983	1.5518e-05	0.056912	vapor
429.69	45.000	20.419	0.048975	986.98	1207.4	5.5456	2.1337	2.7435	530.31	0.16878	1.5545e-05	0.057086	vapor
430.69	45.000	20.367	0.049100	989.17	1210.1	5.5520	2.1372	2.7465	530.88	0.16774	1.5571e-05	0.057261	vapor
431.69	45.000	20.315	0.049224	991.35	1212.9	5.5584	2.1408	2.7495	531.46	0.16670	1.5598e-05	0.057435	vapor
432.69	45.000	20.264	0.049349	993.54	1215.6	5.5647	2.1443	2.7525	532.04	0.16567	1.5624e-05	0.057610	vapor
433.69	45.000	20.213	0.049474	995.74	1218.4	5.5711	2.1479	2.7555	532.61	0.16464	1.5651e-05	0.057785	vapor
434.69	45.000	20.162	0.049598	997.93	1221.1	5.5774	2.1514	2.7586	533.19	0.16363	1.5677e-05	0.057961	vapor
435.69	45.000	20.112	0.049722	1000.1	1223.9	5.5838	2.1550	2.7616	533.76	0.16262	1.5704e-05	0.058136	vapor
436.69	45.000	20.061	0.049847	1002.3	1226.6	5.5901	2.1586	2.7646	534.33	0.16162	1.5730e-05	0.058312	vapor
437.69	45.000	20.012	0.049971	1004.5	1229.4	5.5964	2.1621	2.7677	534.90	0.16062	1.5756e-05	0.058489	vapor
438.69	45.000	19.962	0.050096	1006.8	1232.2	5.6028	2.1657	2.7708	535.47	0.15963	1.5783e-05	0.058665	vapor
439.69	45.000	19.912	0.050220	1009.0	1235.0	5.6091	2.1693	2.7738	536.04	0.15865	1.5809e-05	0.058842	vapor
440.69	45.000	19.863	0.050344	1011.2	1237.7	5.6154	2.1729	2.7769	536.60	0.15768	1.5835e-05	0.059019	vapor
441.69	45.000	19.814	0.050468	1013.4	1240.5	5.6217	2.1765	2.7800	537.17	0.15671	1.5861e-05	0.059197	vapor
442.69	45.000	19.766	0.050592	1015.6	1243.3	5.6280	2.1801	2.7831	537.73	0.15575	1.5888e-05	0.059375	vapor
443.69	45.000	19.718	0.050716	1017.9	1246.1	5.6342	2.1837	2.7862	538.30	0.15479	1.5914e-05	0.059553	vapor
444.69	45.000	19.669	0.050840	1020.1	1248.9	5.6405	2.1873	2.7894	538.86	0.15384	1.5940e-05	0.059731	vapor
445.69	45.000	19.622	0.050964	1022.3	1251.7	5.6468	2.1909	2.7925	539.42	0.15290	1.5966e-05	0.059910	vapor
446.69	45.000	19.574	0.051088	1024.6	1254.4	5.6530	2.1945	2.7956	539.98	0.15197	1.5992e-05	0.060089	vapor
447.69	45.000	19.527	0.051212	1026.8	1257.2	5.6593	2.1981	2.7988	540.54	0.15104	1.6019e-05	0.060268	vapor
448.69	45.000	19.480	0.051336	1029.0	1260.0	5.6656	2.2017	2.8019	541.10	0.15011	1.6045e-05	0.060447	vapor
449.69	45.000	19.433	0.051460	1031.3	1262.8	5.6718	2.2053	2.8051	541.66	0.14920	1.6071e-05	0.060627	vapor
450.69	45.000	19.386	0.051583	1033.5	1265.7	5.6780	2.2089	2.8082	542.21	0.14829	1.6097e-05	0.060807	vapor
451.69	45.000	19.340	0.051707	1035.8	1268.5	5.6843	2.2125	2.8114	542.77	0.14738	1.6123e-05	0.060987	vapor
452.69	45.000	19.294	0.051831	1038.0	1271.3	5.6905	2.2162	2.8146	543.32	0.14648	1.6149e-05	0.061168	vapor
453.69	45.000	19.248	0.051954	1040.3	1274.1	5.6967	2.2198	2.8177	543.88	0.14559	1.6175e-05	0.061349	vapor
454.69	45.000	19.202	0.052078	1042.6	1276.9	5.7029	2.2234	2.8209	544.43	0.14471	1.6201e-05	0.061530	vapor
455.69	45.000	19.157	0.052201	1044.8	1279.7	5.7091	2.2271	2.8241	544.98	0.14383	1.6227e-05	0.061711	vapor
456.69	45.000	19.111	0.052325	1047.1	1282.6	5.7153	2.2307	2.8273	545.53	0.14295	1.6253e-05	0.061893	vapor
457.69	45.000	19.066	0.052448	1049.4	1285.4	5.7215	2.2343	2.8305	546.08	0.14208	1.6279e-05	0.062075	vapor
458.69	45.000	19.022	0.052571	1051.7	1288.2	5.7277	2.2380	2.8338	546.63	0.14122	1.6305e-05	0.062257	vapor
459.69	45.000	18.977	0.052695	1053.9	1291.1	5.7338	2.2416	2.8370	547.18	0.14036	1.6331e-05	0.062439	vapor
460.69	45.000	18.933	0.052818	1056.2	1293.9	5.7400	2.2453	2.8402	547.72	0.13951	1.6357e-05	0.062622	vapor
461.69	45.000	18.889	0.052941	1058.5	1296.7	5.7462	2.2489	2.8434	548.27	0.13867	1.6382e-05	0.062805	vapor
462.69	45.000	18.845	0.053064	1060.8	1299.6	5.7523	2.2526	2.8467	548.82	0.13783	1.6408e-05	0.062988	vapor
463.69	45.000	18.801	0.053188	1063.1	1302.4	5.7585	2.2562	2.8499	549.36	0.13699	1.6434e-05	0.063172	vapor
464.69	45.000	18.758	0.053311	1065.4	1305.3	5.7646	2.2599	2.8532	549.90	0.13616	1.6460e-05	0.063355	vapor
465.69	45.000	18.715	0.053434	1067.7	1308.1	5.7708	2.2636	2.8564	550.44	0.13534	1.6486e-05	0.063539	vapor
466.69	45.000	18.672	0.053557	1070.0	1311.0	5.7769	2.2672	2.8597	550.99	0.13452	1.6511e-05	0.063724	vapor
467.69	45.000	18.629	0.053680	1072.3	1313.9	5.7830	2.2709	2.8630	551.53	0.13371	1.6537e-05	0.063908	vapor
468.69	45.000	18.586	0.053803	1074.6	1316.7	5.7891	2.2746	2.8662	552.07	0.13290	1.6563e-05	0.064093	vapor
469.69	45.000	18.544	0.053926	1076.9	1319.6	5.7952	2.2782	2.8695	552.60	0.13210	1.6588e-05	0.064278	vapor
470.69	45.000	18.502	0.054048	1079.2	1322.5	5.8013	2.2819	2.8728	553.14	0.13131	1.6614e-05	0.064463	vapor
471.69	45.000	18.460	0.054171	1081.6	1325.3	5.8074	2.2856	2.8761	553.68	0.13052	1.6640e-05	0.064649	vapor
472.69	45.000	18.418	0.054294	1083.9	1328.2	5.8135	2.2892	2.8794	554.22	0.12973	1.6665e-05	0.064835	vapor
473.69	45.000	18.377	0.054417	1086.2	1331.1	5.8196	2.2929	2.8827	554.75	0.12895	1.6691e-05	0.065021	vapor
474.69	45.000	18.335	0.054539	1088.6	1334.0	5.8257	2.2966	2.8860	555.29	0.12817	1.6717e-05	0.065207	vapor
475.69	45.000	18.294	0.054662	1090.9	1336.9	5.8318	2.3003	2.8893	555.82	0.12740	1.6742e-05	0.065393	vapor
476.69	45.000	18.253	0.054785	1093.2	1339.8	5.8379	2.3040	2.8926	556.35	0.12664	1.6768e-05	0.065580	vapor
477.69	45.000	18.212	0.054907	1095.6	1342.7	5.8439	2.3076	2.8959	556.88	0.12588	1.6793e-05	0.065767	vapor
478.69	45.000	18.172	0.055030	1097.9	1345.5	5.8500	2.3113	2.8993	557.42	0.12512	1.6819e-05	0.065954	vapor
479.69	45.000	18.132	0.055152	1100.3	1348.5	5.8560	2.3150	2.9026	557.95	0.12437	1.6844e-05	0.066142	vapor
480.69	45.000	18.091	0.055275	1102.6	1351.4	5.8621	2.3187	2.9059	558.48	0.12362	1.6870e-05	0.066329	vapor
481.69	45.000	18.051	0.055397	1105.0	1354.3	5.8681	2.3224	2.9093	559.00	0.12288	1.6895e-05	0.066517	vapor
482.69	45.000	18.012	0.055520	1107.3	1357.2	5.8742	2.3261	2.9126	559.53	0.12215	1.6920e-05	0.066706	vapor
483.69	45.000	17.972	0.055642	1109.7	1360.1	5.8802	2.3298	2.9159	560.06	0.12142	1.6946e-05	0.066894	vapor
484.69	45.000	17.933	0.055764	1112.1	1363.0	5.8862	2.3335	2.9193	560.59	0.12069	1.6971e-05	0.067083	vapor
485.69	45.000	17.893	0.055887	1114.4	1365.9	5.8922	2.3372	2.9226	561.11	0.11997	1.6997e-05	0.067271	vapor
486.69	45.000	17.854	0.056009	1116.8	1368.9	5.8983	2.3409	2.9260	561.64	0.11925	1.7022e-05	0.067461	vapor
487.69	45.000	17.815	0.056131	1119.2	1371.8	5.9043	2.3446	2.9294	562.16	0.11854	1.7047e-05	0.067650	vapor
488.69	45.000	17.777	0.056253	1121.6	1374.7	5.9103	2.3483	2.9327	562.68	0.11783	1.7073e-05	0.067839	vapor
489.69	45.000	17.738	0.056376	1124.0	1377.6	5.9163	2.3520	2.9361	563.21	0.11713	1.7098e-05	0.068029	vapor
490.69	45.000	17.700	0.056498	1126.3	1380.6	5.9223	2.3557	2.9395	563.73	0.11643	1.7123e-05	0.068219	vapor
491.69	45.000	17.662	0.056620	1128.7	1383.5	5.9282	2.3594	2.9428	564.25	0.11573	1.7148e-05	0.068410	vapor
492.69	45.000	17.624	0.056742	1131.1	1386.5	5.9342	2.3631	2.9462	564.77	0.11504	1.7174e-05	0.068600	vapor
493.69	45.000	17.586	0.056864	1133.5	1389.4	5.9402	2.3668	2.9496	565.29	0.11436	1.7199e-05	0.068791	vapor
494.69	45.000	17.548	0.056986	1135.9	1392.4	5.9462	2.3705	2.9530	565.81	0.11367	1.7224e-05	0.068982	vapor
495.69	45.000	17.511	0.057108	1138.3	1395.3	5.9521	2.3742	2.9564	566.32	0.11300	1.7249e-05	0.069173	vapor
496.69	45.000	17.473	0.057230	1140.7	1398.3	5.9581	2.3779	2.9597	566.84	0.11232	1.7274e-05	0.069364	vapor
497.69	45.000	17.436	0.057352	1143.2	1401.2	5.9641	2.3816	2.9631	567.36	0.11166	1.7299e-05	0.069556	vapor
498.69	45.000	17.399	0.057474	1145.6	1404.2	5.9700	2.3853	2.9665	567.87	0.11099	1.7325e-05	0.069748	vapor
499.69	45.000	17.362	0.057595	1148.0	1407.2	5.9760	2.3890	2.9699	568.39	0.11033	1.7350e-05	0.069940	vapor
500.69	45.000	17.326	0.057717	1150.4	1410.1	5.9819	2.3927	2.9733	568.90	0.10968	1.7375e-05	0.070132	vapor
501.69	45.000	17.289	0.057839	1152.8	1413.1	5.9878	2.3964	2.9767	569.42	0.10902	1.7400e-05	0.070324	vapor
502.69	45.000	17.253	0.057961	1155.3	1416.1	5.9938	2.4001	2.9802	569.93	0.10838	1.7425e-05	0.070517	vapor
503.69	45.000	17.217	0.058082	1157.7	1419.1	5.9997	2.4039	2.9836	570.44	0.10773	1.7450e-05	0.070710	vapor
504.69	45.000	17.181	0.058204	1160.1	1422.1	6.0056	2.4076	2.9870	570.95	0.10709	1.7475e-05	0.070903	vapor
505.69	45.000	17.145	0.058326	1162.6	1425.1	6.0115	2.4113	2.9904	571.46	0.10646	1.7500e-05	0.071096	vapor
506.69	45.000	17.109	0.058447	1165.0	1428.0	6.0174	2.4150	2.9938	571.97	0.10583	1.7525e-05	0.071290	vapor
507.69	45.000	17.074	0.058569	1167.5	1431.0	6.0233	2.4187	2.9972	572.48	0.10520	1.7550e-05	0.071484	vapor
508.69	45.000	17.039	0.058691	1169.9	1434.0	6.0292	2.4224	3.0007	572.99	0.10457	1.7575e-05	0.071678	vapor
509.69	45.000	17.003	0.058812	1172.4	1437.0	6.0351	2.4261	3.0041	573.50	0.10396	1.7599e-05	0.071872	vapor
510.69	45.000	16.968	0.058934	1174.8	1440.0	6.0410	2.4298	3.0075	574.01	0.10334	1.7624e-05	0.072066	vapor
511.69	45.000	16.933	0.059055	1177.3	1443.1	6.0469	2.4336	3.0110	574.51	0.10273	1.7649e-05	0.072261	vapor
512.69	45.000	16.899	0.059176	1179.8	1446.1	6.0528	2.4373	3.0144	575.02	0.10212	1.7674e-05	0.072455	vapor
513.69	45.000	16.864	0.059298	1182.2	1449.1	6.0587	2.4410	3.0178	575.53	0.10151	1.7699e-05	0.072650	vapor
514.69	45.000	16.830	0.059419	1184.7	1452.1	6.0646	2.4447	3.0213	576.03	0.10091	1.7724e-05	0.072846	vapor
515.69	45.000	16.795	0.059541	1187.2	1455.1	6.0704	2.4484	3.0247	576.54	0.10032	1.7748e-05	0.073041	vapor
516.69	45.000	16.761	0.059662	1189.7	1458.2	6.0763	2.4521	3.0281	577.04	0.099723	1.7773e-05	0.073237	vapor
517.69	45.000	16.727	0.059783	1192.2	1461.2	6.0821	2.4558	3.0316	577.54	0.099134	1.7798e-05	0.073432	vapor
518.69	45.000	16.693	0.059905	1194.6	1464.2	6.0880	2.4596	3.0350	578.04	0.098548	1.7823e-05	0.073628	vapor
519.69	45.000	16.660	0.060026	1197.1	1467.3	6.0938	2.4633	3.0385	578.55	0.097965	1.7847e-05	0.073824	vapor
520.69	45.000	16.626	0.060147	1199.6	1470.3	6.0997	2.4670	3.0419	579.05	0.097387	1.7872e-05	0.074021	vapor
521.69	45.000	16.592	0.060268	1202.1	1473.3	6.1055	2.4707	3.0454	579.55	0.096811	1.7897e-05	0.074217	vapor
522.69	45.000	16.559	0.060389	1204.6	1476.4	6.1114	2.4744	3.0488	580.05	0.096240	1.7921e-05	0.074414	vapor
523.69	45.000	16.526	0.060510	1207.1	1479.4	6.1172	2.4781	3.0523	580.55	0.095671	1.7946e-05	0.074611	vapor
524.69	45.000	16.493	0.060632	1209.6	1482.5	6.1230	2.4818	3.0557	581.04	0.095107	1.7971e-05	0.074808	vapor
525.69	45.000	16.460	0.060753	1212.2	1485.5	6.1288	2.4856	3.0592	581.54	0.094545	1.7995e-05	0.075006	vapor
526.69	45.000	16.427	0.060874	1214.7	1488.6	6.1347	2.4893	3.0627	582.04	0.093987	1.8020e-05	0.075203	vapor
527.69	45.000	16.395	0.060995	1217.2	1491.7	6.1405	2.4930	3.0661	582.54	0.093433	1.8044e-05	0.075401	vapor
528.69	45.000	16.362	0.061116	1219.7	1494.7	6.1463	2.4967	3.0696	583.03	0.092882	1.8069e-05	0.075599	vapor
529.69	45.000	16.330	0.061237	1222.2	1497.8	6.1521	2.5004	3.0731	583.53	0.092334	1.8093e-05	0.075797	vapor
530.69	45.000	16.298	0.061358	1224.8	1500.9	6.1579	2.5041	3.0765	584.02	0.091789	1.8118e-05	0.075995	vapor
531.69	45.000	16.266	0.061479	1227.3	1504.0	6.1637	2.5078	3.0800	584.52	0.091248	1.8142e-05	0.076194	vapor
532.69	45.000	16.234	0.061600	1229.9	1507.0	6.1695	2.5116	3.0835	585.01	0.090710	1.8167e-05	0.076392	vapor
533.69	45.000	16.202	0.061720	1232.4	1510.1	6.1753	2.5153	3.0869	585.50	0.090176	1.8191e-05	0.076591	vapor
534.69	45.000	16.170	0.061841	1234.9	1513.2	6.1810	2.5190	3.0904	585.99	0.089644	1.8216e-05	0.076790	vapor
535.69	45.000	16.139	0.061962	1237.5	1516.3	6.1868	2.5227	3.0939	586.49	0.089116	1.8240e-05	0.076990	vapor
536.69	45.000	16.107	0.062083	1240.0	1519.4	6.1926	2.5264	3.0973	586.98	0.088591	1.8264e-05	0.077189	vapor
537.69	45.000	16.076	0.062204	1242.6	1522.5	6.1984	2.5301	3.1008	587.47	0.088069	1.8289e-05	0.077389	vapor
538.69	45.000	16.045	0.062324	1245.2	1525.6	6.2041	2.5338	3.1043	587.96	0.087550	1.8313e-05	0.077588	vapor
539.69	45.000	16.014	0.062445	1247.7	1528.7	6.2099	2.5375	3.1078	588.45	0.087035	1.8337e-05	0.077788	vapor
540.69	45.000	15.983	0.062566	1250.3	1531.8	6.2156	2.5412	3.1112	588.94	0.086522	1.8362e-05	0.077989	vapor
541.69	45.000	15.952	0.062687	1252.9	1534.9	6.2214	2.5449	3.1147	589.42	0.086012	1.8386e-05	0.078189	vapor
542.69	45.000	15.922	0.062807	1255.4	1538.1	6.2271	2.5486	3.1182	589.91	0.085506	1.8410e-05	0.078389	vapor
543.69	45.000	15.891	0.062928	1258.0	1541.2	6.2329	2.5523	3.1217	590.40	0.085002	1.8435e-05	0.078590	vapor
544.69	45.000	15.861	0.063048	1260.6	1544.3	6.2386	2.5561	3.1252	590.89	0.084502	1.8459e-05	0.078791	vapor
545.69	45.000	15.831	0.063169	1263.2	1547.4	6.2444	2.5598	3.1286	591.37	0.084004	1.8483e-05	0.078992	vapor
546.69	45.000	15.800	0.063290	1265.8	1550.6	6.2501	2.5635	3.1321	591.86	0.083510	1.8507e-05	0.079193	vapor
547.69	45.000	15.770	0.063410	1268.3	1553.7	6.2558	2.5672	3.1356	592.34	0.083018	1.8531e-05	0.079395	vapor
548.69	45.000	15.740	0.063531	1270.9	1556.8	6.2615	2.5709	3.1391	592.83	0.082530	1.8556e-05	0.079596	vapor
549.69	45.000	15.711	0.063651	1273.5	1560.0	6.2673	2.5746	3.1426	593.31	0.082044	1.8580e-05	0.079798	vapor
550.69	45.000	15.681	0.063772	1276.1	1563.1	6.2730	2.5783	3.1461	593.79	0.081561	1.8604e-05	0.080000	vapor
551.69	45.000	15.651	0.063892	1278.7	1566.3	6.2787	2.5820	3.1495	594.28	0.081081	1.8628e-05	0.080202	vapor
552.69	45.000	15.622	0.064012	1281.4	1569.4	6.2844	2.5857	3.1530	594.76	0.080603	1.8652e-05	0.080404	vapor
553.69	45.000	15.593	0.064133	1284.0	1572.6	6.2901	2.5894	3.1565	595.24	0.080129	1.8676e-05	0.080606	vapor
554.69	45.000	15.563	0.064253	1286.6	1575.7	6.2958	2.5931	3.1600	595.72	0.079657	1.8700e-05	0.080809	vapor
555.69	45.000	15.534	0.064374	1289.2	1578.9	6.3015	2.5968	3.1635	596.20	0.079188	1.8724e-05	0.081012	vapor
556.69	45.000	15.505	0.064494	1291.8	1582.1	6.3072	2.6005	3.1670	596.68	0.078722	1.8748e-05	0.081215	vapor
557.69	45.000	15.476	0.064614	1294.5	1585.2	6.3129	2.6041	3.1705	597.16	0.078258	1.8772e-05	0.081418	vapor
558.69	45.000	15.448	0.064735	1297.1	1588.4	6.3185	2.6078	3.1740	597.64	0.077798	1.8796e-05	0.081621	vapor
559.69	45.000	15.419	0.064855	1299.7	1591.6	6.3242	2.6115	3.1774	598.12	0.077340	1.8820e-05	0.081824	vapor
560.69	45.000	15.391	0.064975	1302.4	1594.7	6.3299	2.6152	3.1809	598.60	0.076884	1.8844e-05	0.082028	vapor
561.69	45.000	15.362	0.065095	1305.0	1597.9	6.3356	2.6189	3.1844	599.07	0.076431	1.8868e-05	0.082232	vapor
562.69	45.000	15.334	0.065216	1307.6	1601.1	6.3412	2.6226	3.1879	599.55	0.075981	1.8892e-05	0.082436	vapor
563.69	45.000	15.306	0.065336	1310.3	1604.3	6.3469	2.6263	3.1914	600.03	0.075534	1.8916e-05	0.082640	vapor
564.69	45.000	15.277	0.065456	1312.9	1607.5	6.3526	2.6300	3.1949	600.50	0.075089	1.8940e-05	0.082844	vapor
565.69	45.000	15.249	0.065576	1315.6	1610.7	6.3582	2.6337	3.1984	600.98	0.074646	1.8964e-05	0.083048	vapor
566.69	45.000	15.222	0.065696	1318.3	1613.9	6.3639	2.6374	3.2019	601.45	0.074206	1.8988e-05	0.083253	vapor
567.69	45.000	15.194	0.065816	1320.9	1617.1	6.3695	2.6410	3.2054	601.93	0.073769	1.9012e-05	0.083457	vapor
568.69	45.000	15.166	0.065936	1323.6	1620.3	6.3752	2.6447	3.2089	602.40	0.073334	1.9035e-05	0.083662	vapor
569.69	45.000	15.139	0.066056	1326.3	1623.5	6.3808	2.6484	3.2123	602.88	0.072902	1.9059e-05	0.083867	vapor
570.69	45.000	15.111	0.066177	1328.9	1626.7	6.3864	2.6521	3.2158	603.35	0.072472	1.9083e-05	0.084072	vapor
571.69	45.000	15.084	0.066297	1331.6	1629.9	6.3921	2.6558	3.2193	603.82	0.072045	1.9107e-05	0.084278	vapor
572.69	45.000	15.056	0.066417	1334.3	1633.2	6.3977	2.6594	3.2228	604.29	0.071620	1.9130e-05	0.084483	vapor
573.69	45.000	15.029	0.066537	1337.0	1636.4	6.4033	2.6631	3.2263	604.76	0.071198	1.9154e-05	0.084689	vapor
574.69	45.000	15.002	0.066657	1339.7	1639.6	6.4090	2.6668	3.2298	605.24	0.070777	1.9178e-05	0.084895	vapor
575.69	45.000	14.975	0.066777	1342.4	1642.9	6.4146	2.6705	3.2333	605.71	0.070360	1.9202e-05	0.085101	vapor
576.69	45.000	14.948	0.066896	1345.1	1646.1	6.4202	2.6741	3.2368	606.18	0.069944	1.9225e-05	0.085307	vapor
577.69	45.000	14.922	0.067016	1347.8	1649.3	6.4258	2.6778	3.2403	606.65	0.069532	1.9249e-05	0.085513	vapor
578.69	45.000	14.895	0.067136	1350.5	1652.6	6.4314	2.6815	3.2437	607.11	0.069121	1.9273e-05	0.085719	vapor
579.69	45.000	14.869	0.067256	1353.2	1655.8	6.4370	2.6851	3.2472	607.58	0.068713	1.9296e-05	0.085926	vapor
580.69	45.000	14.842	0.067376	1355.9	1659.1	6.4426	2.6888	3.2507	608.05	0.068307	1.9320e-05	0.086133	vapor
581.69	45.000	14.816	0.067496	1358.6	1662.3	6.4482	2.6925	3.2542	608.52	0.067903	1.9343e-05	0.086339	vapor
582.69	45.000	14.789	0.067616	1361.3	1665.6	6.4538	2.6961	3.2577	608.99	0.067502	1.9367e-05	0.086546	vapor
583.69	45.000	14.763	0.067735	1364.0	1668.8	6.4594	2.6998	3.2612	609.45	0.067103	1.9391e-05	0.086754	vapor
584.69	45.000	14.737	0.067855	1366.7	1672.1	6.4650	2.7035	3.2647	609.92	0.066706	1.9414e-05	0.086961	vapor
585.69	45.000	14.711	0.067975	1369.5	1675.4	6.4706	2.7071	3.2682	610.38	0.066311	1.9438e-05	0.087168	vapor
586.69	45.000	14.685	0.068095	1372.2	1678.6	6.4761	2.7108	3.2717	610.85	0.065919	1.9461e-05	0.087376	vapor
587.69	45.000	14.660	0.068215	1374.9	1681.9	6.4817	2.7144	3.2751	611.31	0.065528	1.9485e-05	0.087584	vapor
588.69	45.000	14.634	0.068334	1377.7	1685.2	6.4873	2.7181	3.2786	611.78	0.065140	1.9508e-05	0.087791	vapor
589.69	45.000	14.608	0.068454	1380.4	1688.5	6.4928	2.7217	3.2821	612.24	0.064755	1.9532e-05	0.087999	vapor
590.69	45.000	14.583	0.068574	1383.2	1691.7	6.4984	2.7254	3.2856	612.71	0.064371	1.9555e-05	0.088208	vapor
591.69	45.000	14.557	0.068693	1385.9	1695.0	6.5040	2.7290	3.2891	613.17	0.063989	1.9579e-05	0.088416	vapor
592.69	45.000	14.532	0.068813	1388.7	1698.3	6.5095	2.7327	3.2926	613.63	0.063610	1.9602e-05	0.088624	vapor
593.69	45.000	14.507	0.068933	1391.4	1701.6	6.5151	2.7363	3.2960	614.09	0.063233	1.9625e-05	0.088833	vapor
594.69	45.000	14.482	0.069052	1394.2	1704.9	6.5206	2.7400	3.2995	614.56	0.062857	1.9649e-05	0.089042	vapor
595.69	45.000	14.457	0.069172	1396.9	1708.2	6.5262	2.7436	3.3030	615.02	0.062484	1.9672e-05	0.089251	vapor
596.69	45.000	14.432	0.069291	1399.7	1711.5	6.5317	2.7473	3.3065	615.48	0.062113	1.9696e-05	0.089460	vapor
597.69	45.000	14.407	0.069411	1402.5	1714.8	6.5373	2.7509	3.3100	615.94	0.061744	1.9719e-05	0.089669	vapor
598.69	45.000	14.382	0.069530	1405.3	1718.1	6.5428	2.7546	3.3134	616.40	0.061377	1.9742e-05	0.089878	vapor
599.69	45.000	14.358	0.069650	1408.0	1721.5	6.5483	2.7582	3.3169	616.86	0.061012	1.9766e-05	0.090087	vapor
600.69	45.000	14.333	0.069769	1410.8	1724.8	6.5539	2.7618	3.3204	617.32	0.060649	1.9789e-05	0.090297	vapor
601.69	45.000	14.308	0.069889	1413.6	1728.1	6.5594	2.7655	3.3239	617.77	0.060288	1.9812e-05	0.090507	vapor
602.69	45.000	14.284	0.070008	1416.4	1731.4	6.5649	2.7691	3.3274	618.23	0.059929	1.9835e-05	0.090716	vapor
603.69	45.000	14.260	0.070128	1419.2	1734.8	6.5704	2.7727	3.3308	618.69	0.059572	1.9859e-05	0.090926	vapor
604.69	45.000	14.235	0.070247	1422.0	1738.1	6.5759	2.7764	3.3343	619.15	0.059217	1.9882e-05	0.091136	vapor
605.69	45.000	14.211	0.070367	1424.8	1741.4	6.5815	2.7800	3.3378	619.60	0.058864	1.9905e-05	0.091347	vapor
606.69	45.000	14.187	0.070486	1427.6	1744.8	6.5870	2.7836	3.3413	620.06	0.058513	1.9928e-05	0.091557	vapor
607.69	45.000	14.163	0.070606	1430.4	1748.1	6.5925	2.7872	3.3447	620.52	0.058164	1.9951e-05	0.091767	vapor
608.69	45.000	14.139	0.070725	1433.2	1751.5	6.5980	2.7909	3.3482	620.97	0.057816	1.9975e-05	0.091978	vapor
609.69	45.000	14.115	0.070844	1436.0	1754.8	6.6035	2.7945	3.3517	621.43	0.057471	1.9998e-05	0.092189	vapor
610.69	45.000	14.092	0.070964	1438.8	1758.2	6.6090	2.7981	3.3551	621.88	0.057127	2.0021e-05	0.092400	vapor
611.69	45.000	14.068	0.071083	1441.6	1761.5	6.6145	2.8017	3.3586	622.34	0.056785	2.0044e-05	0.092611	vapor
612.69	45.000	14.044	0.071202	1444.5	1764.9	6.6199	2.8053	3.3621	622.79	0.056445	2.0067e-05	0.092822	vapor
613.69	45.000	14.021	0.071322	1447.3	1768.2	6.6254	2.8089	3.3655	623.24	0.056107	2.0090e-05	0.093033	vapor
614.69	45.000	13.998	0.071441	1450.1	1771.6	6.6309	2.8125	3.3690	623.70	0.055771	2.0113e-05	0.093244	vapor
615.69	45.000	13.974	0.071560	1453.0	1775.0	6.6364	2.8162	3.3725	624.15	0.055437	2.0136e-05	0.093456	vapor
616.69	45.000	13.951	0.071679	1455.8	1778.3	6.6419	2.8198	3.3759	624.60	0.055104	2.0159e-05	0.093668	vapor
617.69	45.000	13.928	0.071799	1458.6	1781.7	6.6473	2.8234	3.3794	625.05	0.054773	2.0182e-05	0.093879	vapor
618.69	45.000	13.905	0.071918	1461.5	1785.1	6.6528	2.8270	3.3829	625.50	0.054444	2.0205e-05	0.094091	vapor
619.69	45.000	13.882	0.072037	1464.3	1788.5	6.6583	2.8306	3.3863	625.96	0.054117	2.0228e-05	0.094303	vapor
620.69	45.000	13.859	0.072156	1467.2	1791.9	6.6637	2.8342	3.3898	626.41	0.053792	2.0251e-05	0.094515	vapor
621.69	45.000	13.836	0.072275	1470.0	1795.3	6.6692	2.8378	3.3932	626.86	0.053468	2.0274e-05	0.094728	vapor
622.69	45.000	13.813	0.072395	1472.9	1798.7	6.6747	2.8414	3.3967	627.31	0.053146	2.0297e-05	0.094940	vapor
623.69	45.000	13.790	0.072514	1475.8	1802.1	6.6801	2.8450	3.4002	627.76	0.052826	2.0320e-05	0.095153	vapor
624.69	45.000	13.768	0.072633	1478.6	1805.5	6.6856	2.8486	3.4036	628.20	0.052507	2.0343e-05	0.095365	vapor