Temperature (K)	Pressure (bar)	Density (kg/m3)	Volume (m3/kg)	Internal Energy (kJ/kg)	Enthalpy (kJ/kg)	Entropy (J/g*K)	Cv (J/g*K)	Cp (J/g*K)	Sound Spd. (m/s)	Joule-Thomson (K/bar)	Viscosity (Pa*s)	Therm. Cond. (W/m*K)	Phase
90.694	779.00	488.94	0.0020452	-100.73	58.591	-1.0927	2.3078	3.1973	1926.8	-0.052869	0.00048679	0.26887	liquid
109.69	779.00	471.48	0.0021210	-46.185	119.04	-0.48745	2.2221	3.1705	1828.2	-0.052799	0.00023666	0.25262	liquid
110.69	779.00	470.57	0.0021251	-43.333	122.21	-0.45869	2.2181	3.1695	1822.9	-0.052780	0.00023016	0.25166	liquid
111.69	779.00	469.67	0.0021292	-40.483	125.38	-0.43019	2.2143	3.1685	1817.6	-0.052759	0.00022401	0.25069	liquid
112.69	779.00	468.77	0.0021333	-37.634	128.55	-0.40195	2.2104	3.1676	1812.4	-0.052738	0.00021819	0.24972	liquid
113.69	779.00	467.86	0.0021374	-34.788	131.71	-0.37397	2.2066	3.1666	1807.1	-0.052715	0.00021267	0.24874	liquid
114.69	779.00	466.96	0.0021415	-31.943	134.88	-0.34624	2.2028	3.1656	1801.9	-0.052692	0.00020744	0.24775	liquid
115.69	779.00	466.06	0.0021456	-29.099	138.04	-0.31877	2.1990	3.1646	1796.7	-0.052669	0.00020247	0.24676	liquid
116.69	779.00	465.17	0.0021498	-26.258	141.21	-0.29154	2.1952	3.1636	1791.4	-0.052645	0.00019774	0.24577	liquid
117.69	779.00	464.27	0.0021539	-23.419	144.37	-0.26455	2.1914	3.1626	1786.2	-0.052620	0.00019325	0.24478	liquid
118.69	779.00	463.37	0.0021581	-20.581	147.53	-0.23779	2.1877	3.1616	1781.0	-0.052594	0.00018896	0.24378	liquid
119.69	779.00	462.48	0.0021623	-17.746	150.70	-0.21127	2.1840	3.1606	1775.8	-0.052568	0.00018488	0.24278	liquid
120.69	779.00	461.58	0.0021665	-14.912	153.86	-0.18498	2.1803	3.1596	1770.6	-0.052541	0.00018099	0.24177	liquid
121.69	779.00	460.69	0.0021707	-12.080	157.01	-0.15891	2.1766	3.1585	1765.5	-0.052514	0.00017726	0.24077	liquid
122.69	779.00	459.80	0.0021749	-9.2504	160.17	-0.13307	2.1729	3.1575	1760.3	-0.052486	0.00017371	0.23976	liquid
123.69	779.00	458.90	0.0021791	-6.4225	163.33	-0.10744	2.1693	3.1564	1755.1	-0.052457	0.00017030	0.23875	liquid
124.69	779.00	458.01	0.0021833	-3.5967	166.49	-0.082031	2.1656	3.1554	1750.0	-0.052428	0.00016705	0.23774	liquid
125.69	779.00	457.12	0.0021876	-0.77282	169.64	-0.056831	2.1620	3.1543	1744.9	-0.052398	0.00016392	0.23673	liquid
126.69	779.00	456.24	0.0021918	2.0490	172.79	-0.031840	2.1584	3.1532	1739.8	-0.052367	0.00016093	0.23572	liquid
127.69	779.00	455.35	0.0021961	4.8688	175.95	-0.0070536	2.1549	3.1521	1734.7	-0.052336	0.00015805	0.23471	liquid
128.69	779.00	454.46	0.0022004	7.6866	179.10	0.017531	2.1513	3.1510	1729.6	-0.052304	0.00015529	0.23370	liquid
129.69	779.00	453.58	0.0022047	10.502	182.25	0.041917	2.1478	3.1499	1724.5	-0.052272	0.00015264	0.23268	liquid
130.69	779.00	452.69	0.0022090	13.316	185.40	0.066107	2.1443	3.1488	1719.4	-0.052239	0.00015008	0.23167	liquid
131.69	779.00	451.81	0.0022133	16.127	188.55	0.090104	2.1408	3.1477	1714.4	-0.052205	0.00014762	0.23066	liquid
132.69	779.00	450.92	0.0022177	18.937	191.69	0.11391	2.1373	3.1466	1709.3	-0.052171	0.00014525	0.22965	liquid
133.69	779.00	450.04	0.0022220	21.744	194.84	0.13753	2.1338	3.1454	1704.3	-0.052136	0.00014297	0.22865	liquid
134.69	779.00	449.16	0.0022264	24.549	197.98	0.16097	2.1304	3.1443	1699.3	-0.052100	0.00014076	0.22764	liquid
135.69	779.00	448.28	0.0022308	27.352	201.13	0.18422	2.1270	3.1432	1694.3	-0.052063	0.00013863	0.22663	liquid
136.69	779.00	447.40	0.0022351	30.153	204.27	0.20729	2.1236	3.1420	1689.4	-0.052026	0.00013658	0.22563	liquid
137.69	779.00	446.52	0.0022395	32.952	207.41	0.23019	2.1202	3.1409	1684.4	-0.051988	0.00013459	0.22463	liquid
138.69	779.00	445.64	0.0022440	35.749	210.55	0.25292	2.1169	3.1397	1679.5	-0.051949	0.00013267	0.22363	liquid
139.69	779.00	444.77	0.0022484	38.543	213.69	0.27547	2.1136	3.1386	1674.5	-0.051910	0.00013080	0.22263	liquid
140.69	779.00	443.89	0.0022528	41.335	216.83	0.29785	2.1103	3.1374	1669.6	-0.051870	0.00012900	0.22164	liquid
141.69	779.00	443.01	0.0022573	44.125	219.97	0.32007	2.1070	3.1363	1664.7	-0.051829	0.00012725	0.22064	liquid
142.69	779.00	442.14	0.0022617	46.913	223.10	0.34212	2.1037	3.1351	1659.9	-0.051787	0.00012556	0.21965	liquid
143.69	779.00	441.27	0.0022662	49.699	226.24	0.36401	2.1005	3.1340	1655.0	-0.051745	0.00012391	0.21866	liquid
144.69	779.00	440.39	0.0022707	52.482	229.37	0.38574	2.0973	3.1328	1650.2	-0.051702	0.00012232	0.21768	liquid
145.69	779.00	439.52	0.0022752	55.263	232.50	0.40731	2.0941	3.1316	1645.3	-0.051658	0.00012077	0.21670	liquid
146.69	779.00	438.65	0.0022797	58.042	235.63	0.42873	2.0909	3.1305	1640.5	-0.051613	0.00011926	0.21572	liquid
147.69	779.00	437.78	0.0022843	60.819	238.76	0.45000	2.0878	3.1293	1635.7	-0.051567	0.00011779	0.21474	liquid
148.69	779.00	436.91	0.0022888	63.594	241.89	0.47111	2.0847	3.1282	1631.0	-0.051521	0.00011637	0.21377	liquid
149.69	779.00	436.04	0.0022934	66.366	245.02	0.49207	2.0816	3.1270	1626.2	-0.051474	0.00011498	0.21280	liquid
150.69	779.00	435.17	0.0022979	69.136	248.15	0.51289	2.0785	3.1259	1621.5	-0.051426	0.00011363	0.21184	liquid
151.69	779.00	434.30	0.0023025	71.904	251.27	0.53356	2.0755	3.1247	1616.8	-0.051377	0.00011232	0.21088	liquid
152.69	779.00	433.44	0.0023071	74.670	254.40	0.55409	2.0725	3.1236	1612.1	-0.051327	0.00011103	0.20992	liquid
153.69	779.00	432.57	0.0023118	77.433	257.52	0.57447	2.0695	3.1224	1607.4	-0.051277	0.00010979	0.20897	liquid
154.69	779.00	431.71	0.0023164	80.194	260.64	0.59472	2.0666	3.1213	1602.7	-0.051225	0.00010857	0.20802	liquid
155.69	779.00	430.84	0.0023210	82.953	263.76	0.61483	2.0636	3.1202	1598.1	-0.051173	0.00010738	0.20707	liquid
156.69	779.00	429.98	0.0023257	85.710	266.88	0.63480	2.0607	3.1191	1593.4	-0.051120	0.00010622	0.20613	liquid
157.69	779.00	429.12	0.0023304	88.464	270.00	0.65464	2.0579	3.1179	1588.8	-0.051066	0.00010508	0.20519	liquid
158.69	779.00	428.26	0.0023351	91.216	273.12	0.67434	2.0550	3.1168	1584.2	-0.051011	0.00010398	0.20426	liquid
159.69	779.00	427.40	0.0023398	93.966	276.23	0.69392	2.0522	3.1157	1579.6	-0.050955	0.00010289	0.20333	liquid
160.69	779.00	426.54	0.0023445	96.714	279.35	0.71337	2.0494	3.1146	1575.1	-0.050899	0.00010184	0.20240	liquid
161.69	779.00	425.68	0.0023492	99.459	282.46	0.73268	2.0466	3.1135	1570.5	-0.050841	0.00010080	0.20148	liquid
162.69	779.00	424.82	0.0023539	102.20	285.57	0.75188	2.0439	3.1124	1566.0	-0.050783	9.9790e-05	0.20057	liquid
163.69	779.00	423.96	0.0023587	104.94	288.69	0.77095	2.0412	3.1113	1561.5	-0.050724	9.8800e-05	0.19966	liquid
164.69	779.00	423.10	0.0023635	107.68	291.80	0.78989	2.0385	3.1102	1557.0	-0.050664	9.7831e-05	0.19875	liquid
165.69	779.00	422.25	0.0023683	110.42	294.91	0.80872	2.0358	3.1092	1552.6	-0.050602	9.6882e-05	0.19785	liquid
166.69	779.00	421.39	0.0023731	113.15	298.02	0.82742	2.0332	3.1081	1548.1	-0.050541	9.5953e-05	0.19695	liquid
167.69	779.00	420.54	0.0023779	115.89	301.12	0.84601	2.0306	3.1070	1543.7	-0.050478	9.5043e-05	0.19606	liquid
168.69	779.00	419.69	0.0023827	118.61	304.23	0.86448	2.0280	3.1060	1539.3	-0.050414	9.4151e-05	0.19517	liquid
169.69	779.00	418.83	0.0023876	121.34	307.34	0.88283	2.0255	3.1049	1534.9	-0.050349	9.3277e-05	0.19428	liquid
170.69	779.00	417.98	0.0023925	124.07	310.44	0.90107	2.0230	3.1039	1530.5	-0.050284	9.2420e-05	0.19340	liquid
171.69	779.00	417.13	0.0023973	126.79	313.54	0.91920	2.0205	3.1029	1526.2	-0.050217	9.1579e-05	0.19253	liquid
172.69	779.00	416.28	0.0024022	129.51	316.65	0.93722	2.0181	3.1019	1521.8	-0.050150	9.0755e-05	0.19166	liquid
173.69	779.00	415.43	0.0024071	132.23	319.75	0.95512	2.0156	3.1008	1517.5	-0.050081	8.9946e-05	0.19080	liquid
174.69	779.00	414.58	0.0024121	134.95	322.85	0.97292	2.0132	3.0998	1513.2	-0.050012	8.9153e-05	0.18994	liquid
175.69	779.00	413.74	0.0024170	137.66	325.95	0.99061	2.0109	3.0989	1508.9	-0.049942	8.8373e-05	0.18908	liquid
176.69	779.00	412.89	0.0024220	140.37	329.05	1.0082	2.0085	3.0979	1504.7	-0.049871	8.7608e-05	0.18823	liquid
177.69	779.00	412.04	0.0024269	143.08	332.14	1.0257	2.0062	3.0969	1500.4	-0.049799	8.6857e-05	0.18739	liquid
178.69	779.00	411.20	0.0024319	145.79	335.24	1.0431	2.0039	3.0959	1496.2	-0.049726	8.6120e-05	0.18655	liquid
179.69	779.00	410.35	0.0024369	148.50	338.33	1.0603	2.0017	3.0950	1492.0	-0.049652	8.5395e-05	0.18572	liquid
180.69	779.00	409.51	0.0024419	151.20	341.43	1.0775	1.9995	3.0940	1487.8	-0.049577	8.4683e-05	0.18489	liquid
181.69	779.00	408.67	0.0024470	153.90	344.52	1.0946	1.9973	3.0931	1483.7	-0.049501	8.3983e-05	0.18406	liquid
182.69	779.00	407.83	0.0024520	156.60	347.62	1.1116	1.9951	3.0922	1479.5	-0.049425	8.3295e-05	0.18324	liquid
183.69	779.00	406.99	0.0024571	159.30	350.71	1.1284	1.9930	3.0913	1475.4	-0.049347	8.2619e-05	0.18243	liquid
184.69	779.00	406.15	0.0024622	162.00	353.80	1.1452	1.9909	3.0904	1471.3	-0.049269	8.1954e-05	0.18162	liquid
185.69	779.00	405.31	0.0024673	164.69	356.89	1.1619	1.9888	3.0895	1467.2	-0.049189	8.1300e-05	0.18082	liquid
186.69	779.00	404.47	0.0024724	167.38	359.98	1.1785	1.9868	3.0886	1463.1	-0.049109	8.0657e-05	0.18002	liquid
187.69	779.00	403.63	0.0024775	170.07	363.06	1.1950	1.9848	3.0877	1459.1	-0.049028	8.0024e-05	0.17923	liquid
188.69	779.00	402.80	0.0024826	172.75	366.15	1.2114	1.9828	3.0869	1455.0	-0.048946	7.9401e-05	0.17844	liquid
189.69	779.00	401.96	0.0024878	175.44	369.24	1.2277	1.9808	3.0860	1451.0	-0.048863	7.8789e-05	0.17766	liquid
190.69	779.00	401.13	0.0024930	178.12	372.32	1.2439	1.9789	3.0852	1447.0	-0.048779	7.8186e-05	0.17688	supercritical
191.69	779.00	400.30	0.0024982	180.80	375.41	1.2601	1.9770	3.0844	1443.0	-0.048694	7.7592e-05	0.17611	supercritical
192.69	779.00	399.46	0.0025034	183.48	378.49	1.2761	1.9752	3.0836	1439.1	-0.048609	7.7008e-05	0.17534	supercritical
193.69	779.00	398.63	0.0025086	186.16	381.58	1.2921	1.9733	3.0828	1435.1	-0.048522	7.6433e-05	0.17458	supercritical
194.69	779.00	397.80	0.0025138	188.83	384.66	1.3079	1.9715	3.0820	1431.2	-0.048435	7.5866e-05	0.17382	supercritical
195.69	779.00	396.97	0.0025191	191.50	387.74	1.3237	1.9698	3.0812	1427.3	-0.048346	7.5309e-05	0.17307	supercritical
196.69	779.00	396.14	0.0025243	194.17	390.82	1.3394	1.9680	3.0804	1423.4	-0.048257	7.4759e-05	0.17232	supercritical
197.69	779.00	395.32	0.0025296	196.84	393.90	1.3550	1.9663	3.0797	1419.6	-0.048167	7.4218e-05	0.17158	supercritical
198.69	779.00	394.49	0.0025349	199.51	396.98	1.3706	1.9646	3.0789	1415.7	-0.048076	7.3685e-05	0.17085	supercritical
199.69	779.00	393.66	0.0025402	202.17	400.06	1.3860	1.9630	3.0782	1411.9	-0.047984	7.3159e-05	0.17012	supercritical
200.69	779.00	392.84	0.0025456	204.84	403.14	1.4014	1.9614	3.0775	1408.1	-0.047891	7.2642e-05	0.16939	supercritical
201.69	779.00	392.02	0.0025509	207.50	406.21	1.4167	1.9598	3.0768	1404.3	-0.047798	7.2131e-05	0.16867	supercritical
202.69	779.00	391.19	0.0025563	210.16	409.29	1.4319	1.9583	3.0761	1400.5	-0.047704	7.1629e-05	0.16795	supercritical
203.69	779.00	390.37	0.0025617	212.81	412.37	1.4471	1.9567	3.0754	1396.8	-0.047608	7.1133e-05	0.16724	supercritical
204.69	779.00	389.55	0.0025671	215.47	415.44	1.4621	1.9552	3.0747	1393.1	-0.047512	7.0644e-05	0.16654	supercritical
205.69	779.00	388.73	0.0025725	218.12	418.52	1.4771	1.9538	3.0741	1389.3	-0.047415	7.0163e-05	0.16584	supercritical
206.69	779.00	387.91	0.0025779	220.77	421.59	1.4920	1.9524	3.0734	1385.6	-0.047318	6.9688e-05	0.16515	supercritical
207.69	779.00	387.10	0.0025833	223.42	424.66	1.5068	1.9510	3.0728	1382.0	-0.047219	6.9219e-05	0.16446	supercritical
208.69	779.00	386.28	0.0025888	226.07	427.73	1.5216	1.9496	3.0722	1378.3	-0.047120	6.8757e-05	0.16377	supercritical
209.69	779.00	385.46	0.0025943	228.71	430.81	1.5363	1.9483	3.0716	1374.7	-0.047020	6.8302e-05	0.16309	supercritical
210.69	779.00	384.65	0.0025998	231.36	433.88	1.5509	1.9470	3.0710	1371.1	-0.046919	6.7852e-05	0.16242	supercritical
211.69	779.00	383.84	0.0026053	234.00	436.95	1.5654	1.9457	3.0704	1367.5	-0.046817	6.7409e-05	0.16175	supercritical
212.69	779.00	383.02	0.0026108	236.64	440.02	1.5799	1.9445	3.0698	1363.9	-0.046715	6.6972e-05	0.16109	supercritical
213.69	779.00	382.21	0.0026163	239.27	443.09	1.5943	1.9432	3.0693	1360.3	-0.046611	6.6540e-05	0.16043	supercritical
214.69	779.00	381.40	0.0026219	241.91	446.16	1.6086	1.9421	3.0687	1356.8	-0.046507	6.6115e-05	0.15978	supercritical
215.69	779.00	380.59	0.0026275	244.55	449.23	1.6229	1.9409	3.0682	1353.2	-0.046403	6.5695e-05	0.15913	supercritical
216.69	779.00	379.79	0.0026331	247.18	452.29	1.6371	1.9398	3.0677	1349.7	-0.046297	6.5280e-05	0.15849	supercritical
217.69	779.00	378.98	0.0026387	249.81	455.36	1.6512	1.9387	3.0672	1346.2	-0.046191	6.4871e-05	0.15785	supercritical
218.69	779.00	378.17	0.0026443	252.44	458.43	1.6653	1.9377	3.0667	1342.8	-0.046084	6.4467e-05	0.15721	supercritical
219.69	779.00	377.37	0.0026499	255.06	461.49	1.6792	1.9367	3.0662	1339.3	-0.045976	6.4069e-05	0.15659	supercritical
220.69	779.00	376.57	0.0026556	257.69	464.56	1.6932	1.9357	3.0658	1335.9	-0.045868	6.3675e-05	0.15596	supercritical
221.69	779.00	375.76	0.0026612	260.31	467.63	1.7070	1.9347	3.0653	1332.5	-0.045759	6.3287e-05	0.15535	supercritical
222.69	779.00	374.96	0.0026669	262.94	470.69	1.7208	1.9338	3.0649	1329.1	-0.045649	6.2904e-05	0.15473	supercritical
223.69	779.00	374.16	0.0026726	265.56	473.76	1.7346	1.9329	3.0645	1325.7	-0.045538	6.2525e-05	0.15413	supercritical
224.69	779.00	373.36	0.0026784	268.18	476.82	1.7482	1.9320	3.0640	1322.3	-0.045427	6.2152e-05	0.15352	supercritical
225.69	779.00	372.57	0.0026841	270.79	479.88	1.7618	1.9312	3.0636	1319.0	-0.045315	6.1783e-05	0.15293	supercritical
226.69	779.00	371.77	0.0026898	273.41	482.95	1.7754	1.9304	3.0633	1315.7	-0.045203	6.1418e-05	0.15233	supercritical
227.69	779.00	370.97	0.0026956	276.02	486.01	1.7889	1.9296	3.0629	1312.4	-0.045090	6.1059e-05	0.15175	supercritical
228.69	779.00	370.18	0.0027014	278.64	489.07	1.8023	1.9289	3.0625	1309.1	-0.044976	6.0703e-05	0.15116	supercritical
229.69	779.00	369.39	0.0027072	281.25	492.14	1.8156	1.9282	3.0622	1305.8	-0.044862	6.0353e-05	0.15059	supercritical
230.69	779.00	368.60	0.0027130	283.86	495.20	1.8289	1.9275	3.0619	1302.6	-0.044747	6.0006e-05	0.15001	supercritical
231.69	779.00	367.81	0.0027188	286.46	498.26	1.8422	1.9268	3.0616	1299.3	-0.044631	5.9664e-05	0.14945	supercritical
232.69	779.00	367.02	0.0027247	289.07	501.32	1.8554	1.9262	3.0613	1296.1	-0.044515	5.9325e-05	0.14888	supercritical
233.69	779.00	366.23	0.0027305	291.67	504.38	1.8685	1.9256	3.0610	1292.9	-0.044398	5.8991e-05	0.14832	supercritical
234.69	779.00	365.44	0.0027364	294.28	507.44	1.8816	1.9251	3.0607	1289.7	-0.044281	5.8661e-05	0.14777	supercritical
235.69	779.00	364.66	0.0027423	296.88	510.50	1.8946	1.9246	3.0604	1286.6	-0.044163	5.8335e-05	0.14722	supercritical
236.69	779.00	363.87	0.0027482	299.48	513.56	1.9075	1.9241	3.0602	1283.4	-0.044045	5.8013e-05	0.14668	supercritical
237.69	779.00	363.09	0.0027541	302.08	516.62	1.9204	1.9236	3.0599	1280.3	-0.043926	5.7695e-05	0.14614	supercritical
238.69	779.00	362.31	0.0027601	304.67	519.68	1.9333	1.9232	3.0597	1277.2	-0.043807	5.7381e-05	0.14560	supercritical
239.69	779.00	361.53	0.0027660	307.27	522.74	1.9461	1.9228	3.0595	1274.1	-0.043687	5.7070e-05	0.14508	supercritical
240.69	779.00	360.75	0.0027720	309.86	525.80	1.9588	1.9224	3.0593	1271.1	-0.043567	5.6763e-05	0.14455	supercritical
241.69	779.00	359.97	0.0027780	312.46	528.86	1.9715	1.9221	3.0591	1268.0	-0.043446	5.6460e-05	0.14403	supercritical
242.69	779.00	359.20	0.0027840	315.05	531.92	1.9841	1.9218	3.0590	1265.0	-0.043324	5.6160e-05	0.14352	supercritical
243.69	779.00	358.42	0.0027900	317.64	534.98	1.9967	1.9215	3.0588	1262.0	-0.043203	5.5863e-05	0.14300	supercritical
244.69	779.00	357.65	0.0027960	320.23	538.04	2.0092	1.9212	3.0587	1259.0	-0.043080	5.5571e-05	0.14250	supercritical
245.69	779.00	356.88	0.0028021	322.81	541.10	2.0217	1.9210	3.0585	1256.0	-0.042958	5.5281e-05	0.14200	supercritical
246.69	779.00	356.11	0.0028082	325.40	544.15	2.0341	1.9208	3.0584	1253.0	-0.042835	5.4995e-05	0.14150	supercritical
247.69	779.00	355.34	0.0028142	327.98	547.21	2.0465	1.9207	3.0583	1250.1	-0.042711	5.4712e-05	0.14101	supercritical
248.69	779.00	354.57	0.0028203	330.57	550.27	2.0588	1.9206	3.0582	1247.2	-0.042588	5.4433e-05	0.14052	supercritical
249.69	779.00	353.80	0.0028264	333.15	553.33	2.0711	1.9205	3.0582	1244.2	-0.042463	5.4156e-05	0.14004	supercritical
250.69	779.00	353.04	0.0028326	335.73	556.39	2.0833	1.9204	3.0581	1241.4	-0.042339	5.3883e-05	0.13956	supercritical
251.69	779.00	352.27	0.0028387	338.31	559.45	2.0955	1.9204	3.0580	1238.5	-0.042214	5.3613e-05	0.13909	supercritical
252.69	779.00	351.51	0.0028449	340.89	562.50	2.1076	1.9204	3.0580	1235.6	-0.042089	5.3346e-05	0.13862	supercritical
253.69	779.00	350.75	0.0028510	343.47	565.56	2.1197	1.9204	3.0580	1232.8	-0.041963	5.3082e-05	0.13815	supercritical
254.69	779.00	349.99	0.0028572	346.04	568.62	2.1317	1.9204	3.0580	1230.0	-0.041837	5.2821e-05	0.13769	supercritical
255.69	779.00	349.23	0.0028634	348.62	571.68	2.1437	1.9205	3.0580	1227.2	-0.041711	5.2563e-05	0.13723	supercritical
256.69	779.00	348.48	0.0028696	351.19	574.74	2.1556	1.9206	3.0580	1224.4	-0.041585	5.2308e-05	0.13678	supercritical
257.69	779.00	347.72	0.0028759	353.76	577.79	2.1675	1.9208	3.0580	1221.6	-0.041458	5.2056e-05	0.13634	supercritical
258.69	779.00	346.97	0.0028821	356.33	580.85	2.1794	1.9209	3.0581	1218.9	-0.041331	5.1807e-05	0.13589	supercritical
259.69	779.00	346.21	0.0028884	358.90	583.91	2.1912	1.9211	3.0581	1216.1	-0.041204	5.1560e-05	0.13545	supercritical
260.69	779.00	345.46	0.0028947	361.47	586.97	2.2029	1.9214	3.0582	1213.4	-0.041077	5.1316e-05	0.13502	supercritical
261.69	779.00	344.71	0.0029010	364.04	590.03	2.2146	1.9216	3.0583	1210.7	-0.040949	5.1075e-05	0.13459	supercritical
262.69	779.00	343.97	0.0029073	366.61	593.08	2.2263	1.9219	3.0584	1208.0	-0.040821	5.0836e-05	0.13416	supercritical
263.69	779.00	343.22	0.0029136	369.17	596.14	2.2379	1.9222	3.0585	1205.4	-0.040693	5.0601e-05	0.13374	supercritical
264.69	779.00	342.47	0.0029199	371.74	599.20	2.2495	1.9226	3.0586	1202.7	-0.040565	5.0367e-05	0.13333	supercritical
265.69	779.00	341.73	0.0029263	374.30	602.26	2.2610	1.9229	3.0587	1200.1	-0.040437	5.0137e-05	0.13291	supercritical
266.69	779.00	340.99	0.0029326	376.87	605.32	2.2725	1.9233	3.0589	1197.5	-0.040309	4.9908e-05	0.13250	supercritical
267.69	779.00	340.25	0.0029390	379.43	608.38	2.2840	1.9238	3.0591	1194.9	-0.040180	4.9683e-05	0.13210	supercritical
268.69	779.00	339.51	0.0029454	381.99	611.44	2.2954	1.9242	3.0592	1192.3	-0.040051	4.9460e-05	0.13170	supercritical
269.69	779.00	338.77	0.0029518	384.55	614.50	2.3067	1.9247	3.0594	1189.7	-0.039922	4.9239e-05	0.13130	supercritical
270.69	779.00	338.04	0.0029582	387.11	617.56	2.3181	1.9252	3.0596	1187.2	-0.039794	4.9020e-05	0.13091	supercritical
271.69	779.00	337.30	0.0029647	389.67	620.62	2.3293	1.9257	3.0598	1184.7	-0.039665	4.8804e-05	0.13052	supercritical
272.69	779.00	336.57	0.0029711	392.22	623.68	2.3406	1.9263	3.0600	1182.2	-0.039536	4.8591e-05	0.13014	supercritical
273.69	779.00	335.84	0.0029776	394.78	626.74	2.3518	1.9269	3.0603	1179.7	-0.039407	4.8379e-05	0.12976	supercritical
274.69	779.00	335.11	0.0029841	397.34	629.80	2.3630	1.9275	3.0605	1177.2	-0.039277	4.8170e-05	0.12938	supercritical
275.69	779.00	334.38	0.0029906	399.89	632.86	2.3741	1.9282	3.0608	1174.7	-0.039148	4.7963e-05	0.12901	supercritical
276.69	779.00	333.66	0.0029971	402.45	635.92	2.3852	1.9289	3.0611	1172.3	-0.039019	4.7759e-05	0.12864	supercritical
277.69	779.00	332.93	0.0030036	405.00	638.98	2.3962	1.9296	3.0614	1169.9	-0.038890	4.7556e-05	0.12828	supercritical
278.69	779.00	332.21	0.0030101	407.55	642.04	2.4072	1.9303	3.0617	1167.4	-0.038761	4.7356e-05	0.12792	supercritical
279.69	779.00	331.49	0.0030167	410.10	645.10	2.4182	1.9310	3.0620	1165.0	-0.038632	4.7158e-05	0.12756	supercritical
280.69	779.00	330.77	0.0030233	412.65	648.16	2.4291	1.9318	3.0623	1162.7	-0.038503	4.6962e-05	0.12721	supercritical
281.69	779.00	330.05	0.0030298	415.20	651.23	2.4400	1.9326	3.0626	1160.3	-0.038374	4.6768e-05	0.12686	supercritical
282.69	779.00	329.33	0.0030364	417.75	654.29	2.4508	1.9335	3.0630	1158.0	-0.038245	4.6576e-05	0.12652	supercritical
283.69	779.00	328.62	0.0030430	420.30	657.35	2.4617	1.9343	3.0633	1155.6	-0.038116	4.6386e-05	0.12618	supercritical
284.69	779.00	327.91	0.0030496	422.85	660.42	2.4724	1.9352	3.0637	1153.3	-0.037987	4.6198e-05	0.12584	supercritical
285.69	779.00	327.20	0.0030563	425.40	663.48	2.4832	1.9361	3.0641	1151.0	-0.037859	4.6013e-05	0.12551	supercritical
286.69	779.00	326.49	0.0030629	427.94	666.55	2.4939	1.9371	3.0645	1148.7	-0.037730	4.5829e-05	0.12518	supercritical
287.69	779.00	325.78	0.0030696	430.49	669.61	2.5046	1.9380	3.0649	1146.5	-0.037602	4.5647e-05	0.12485	supercritical
288.69	779.00	325.07	0.0030762	433.04	672.67	2.5152	1.9390	3.0653	1144.2	-0.037474	4.5467e-05	0.12453	supercritical
289.69	779.00	324.37	0.0030829	435.58	675.74	2.5258	1.9400	3.0658	1142.0	-0.037346	4.5289e-05	0.12421	supercritical
290.69	779.00	323.66	0.0030896	438.12	678.81	2.5364	1.9411	3.0662	1139.8	-0.037218	4.5112e-05	0.12389	supercritical
291.69	779.00	322.96	0.0030963	440.67	681.87	2.5469	1.9421	3.0667	1137.6	-0.037090	4.4938e-05	0.12358	supercritical
292.69	779.00	322.26	0.0031031	443.21	684.94	2.5574	1.9432	3.0672	1135.4	-0.036963	4.4765e-05	0.12328	supercritical
293.69	779.00	321.56	0.0031098	445.75	688.01	2.5679	1.9444	3.0676	1133.2	-0.036835	4.4595e-05	0.12297	supercritical
294.69	779.00	320.87	0.0031165	448.30	691.08	2.5783	1.9455	3.0681	1131.1	-0.036708	4.4426e-05	0.12267	supercritical
295.69	779.00	320.17	0.0031233	450.84	694.14	2.5887	1.9467	3.0686	1128.9	-0.036581	4.4258e-05	0.12238	supercritical
296.69	779.00	319.48	0.0031301	453.38	697.21	2.5990	1.9478	3.0692	1126.8	-0.036455	4.4093e-05	0.12208	supercritical
297.69	779.00	318.79	0.0031369	455.92	700.28	2.6094	1.9491	3.0697	1124.7	-0.036329	4.3929e-05	0.12179	supercritical
298.69	779.00	318.10	0.0031437	458.46	703.35	2.6197	1.9503	3.0702	1122.6	-0.036202	4.3767e-05	0.12151	supercritical
299.69	779.00	317.41	0.0031505	461.00	706.42	2.6299	1.9515	3.0708	1120.5	-0.036077	4.3606e-05	0.12122	supercritical
300.69	779.00	316.73	0.0031573	463.54	709.49	2.6402	1.9528	3.0714	1118.5	-0.035951	4.3448e-05	0.12094	supercritical
301.69	779.00	316.04	0.0031641	466.08	712.56	2.6503	1.9541	3.0719	1116.4	-0.035826	4.3291e-05	0.12067	supercritical
302.69	779.00	315.36	0.0031710	468.62	715.64	2.6605	1.9555	3.0725	1114.4	-0.035701	4.3135e-05	0.12040	supercritical
303.69	779.00	314.68	0.0031778	471.16	718.71	2.6707	1.9568	3.0731	1112.4	-0.035576	4.2981e-05	0.12013	supercritical
304.69	779.00	314.00	0.0031847	473.70	721.78	2.6808	1.9582	3.0737	1110.4	-0.035452	4.2829e-05	0.11986	supercritical
305.69	779.00	313.32	0.0031916	476.23	724.86	2.6908	1.9596	3.0744	1108.4	-0.035328	4.2678e-05	0.11960	supercritical
306.69	779.00	312.65	0.0031985	478.77	727.93	2.7009	1.9610	3.0750	1106.4	-0.035205	4.2529e-05	0.11934	supercritical
307.69	779.00	311.98	0.0032054	481.31	731.01	2.7109	1.9625	3.0757	1104.5	-0.035081	4.2381e-05	0.11908	supercritical
308.69	779.00	311.30	0.0032123	483.85	734.08	2.7209	1.9639	3.0763	1102.5	-0.034959	4.2235e-05	0.11883	supercritical
309.69	779.00	310.63	0.0032192	486.38	737.16	2.7308	1.9654	3.0770	1100.6	-0.034836	4.2090e-05	0.11858	supercritical
310.69	779.00	309.97	0.0032262	488.92	740.24	2.7407	1.9669	3.0777	1098.7	-0.034714	4.1947e-05	0.11834	supercritical
311.69	779.00	309.30	0.0032331	491.46	743.32	2.7506	1.9685	3.0784	1096.8	-0.034592	4.1805e-05	0.11809	supercritical
312.69	779.00	308.64	0.0032401	493.99	746.39	2.7605	1.9700	3.0791	1094.9	-0.034471	4.1665e-05	0.11785	supercritical
313.69	779.00	307.97	0.0032470	496.53	749.47	2.7703	1.9716	3.0798	1093.0	-0.034350	4.1526e-05	0.11762	supercritical
314.69	779.00	307.31	0.0032540	499.07	752.55	2.7801	1.9732	3.0805	1091.2	-0.034230	4.1389e-05	0.11738	supercritical
315.69	779.00	306.65	0.0032610	501.60	755.63	2.7899	1.9748	3.0813	1089.3	-0.034110	4.1253e-05	0.11715	supercritical
316.69	779.00	305.99	0.0032680	504.14	758.72	2.7996	1.9764	3.0820	1087.5	-0.033990	4.1118e-05	0.11693	supercritical
317.69	779.00	305.34	0.0032750	506.67	761.80	2.8094	1.9781	3.0828	1085.7	-0.033871	4.0985e-05	0.11670	supercritical
318.69	779.00	304.69	0.0032821	509.21	764.88	2.8190	1.9798	3.0835	1083.9	-0.033753	4.0853e-05	0.11648	supercritical
319.69	779.00	304.03	0.0032891	511.74	767.97	2.8287	1.9815	3.0843	1082.1	-0.033635	4.0723e-05	0.11626	supercritical
320.69	779.00	303.38	0.0032962	514.28	771.05	2.8383	1.9832	3.0851	1080.4	-0.033517	4.0593e-05	0.11605	supercritical
321.69	779.00	302.74	0.0033032	516.82	774.14	2.8479	1.9849	3.0859	1078.6	-0.033400	4.0465e-05	0.11584	supercritical
322.69	779.00	302.09	0.0033103	519.35	777.22	2.8575	1.9867	3.0868	1076.9	-0.033283	4.0339e-05	0.11563	supercritical
323.69	779.00	301.44	0.0033174	521.89	780.31	2.8671	1.9885	3.0876	1075.1	-0.033167	4.0213e-05	0.11542	supercritical
324.69	779.00	300.80	0.0033245	524.42	783.40	2.8766	1.9903	3.0884	1073.4	-0.033051	4.0089e-05	0.11522	supercritical
325.69	779.00	300.16	0.0033316	526.96	786.49	2.8861	1.9921	3.0893	1071.7	-0.032936	3.9967e-05	0.11502	supercritical
326.69	779.00	299.52	0.0033387	529.49	789.58	2.8956	1.9940	3.0901	1070.0	-0.032821	3.9845e-05	0.11482	supercritical
327.69	779.00	298.88	0.0033458	532.03	792.67	2.9050	1.9958	3.0910	1068.4	-0.032707	3.9725e-05	0.11462	supercritical
328.69	779.00	298.25	0.0033529	534.57	795.76	2.9144	1.9977	3.0919	1066.7	-0.032594	3.9605e-05	0.11443	supercritical
329.69	779.00	297.61	0.0033601	537.10	798.85	2.9238	1.9996	3.0928	1065.1	-0.032481	3.9488e-05	0.11424	supercritical
330.69	779.00	296.98	0.0033672	539.64	801.94	2.9332	2.0015	3.0937	1063.4	-0.032368	3.9371e-05	0.11406	supercritical
331.69	779.00	296.35	0.0033744	542.18	805.04	2.9425	2.0034	3.0946	1061.8	-0.032256	3.9255e-05	0.11387	supercritical
332.69	779.00	295.72	0.0033815	544.71	808.13	2.9519	2.0054	3.0956	1060.2	-0.032145	3.9141e-05	0.11369	supercritical
333.69	779.00	295.10	0.0033887	547.25	811.23	2.9612	2.0074	3.0965	1058.6	-0.032034	3.9028e-05	0.11352	supercritical
334.69	779.00	294.47	0.0033959	549.79	814.33	2.9704	2.0094	3.0974	1057.0	-0.031924	3.8915e-05	0.11334	supercritical
335.69	779.00	293.85	0.0034031	552.32	817.42	2.9797	2.0114	3.0984	1055.5	-0.031815	3.8804e-05	0.11317	supercritical
336.69	779.00	293.23	0.0034103	554.86	820.52	2.9889	2.0134	3.0994	1053.9	-0.031706	3.8695e-05	0.11300	supercritical
337.69	779.00	292.61	0.0034175	557.40	823.62	2.9981	2.0154	3.1004	1052.4	-0.031597	3.8586e-05	0.11283	supercritical
338.69	779.00	291.99	0.0034247	559.94	826.72	3.0072	2.0175	3.1013	1050.9	-0.031489	3.8478e-05	0.11267	supercritical
339.69	779.00	291.38	0.0034320	562.47	829.83	3.0164	2.0196	3.1024	1049.4	-0.031382	3.8372e-05	0.11251	supercritical
340.69	779.00	290.76	0.0034392	565.01	832.93	3.0255	2.0217	3.1034	1047.9	-0.031276	3.8266e-05	0.11235	supercritical
341.69	779.00	290.15	0.0034465	567.55	836.03	3.0346	2.0238	3.1044	1046.4	-0.031170	3.8162e-05	0.11219	supercritical
342.69	779.00	289.54	0.0034537	570.09	839.14	3.0437	2.0259	3.1054	1044.9	-0.031064	3.8058e-05	0.11204	supercritical
343.69	779.00	288.93	0.0034610	572.63	842.24	3.0527	2.0281	3.1065	1043.4	-0.030959	3.7956e-05	0.11189	supercritical
344.69	779.00	288.33	0.0034683	575.17	845.35	3.0618	2.0302	3.1075	1042.0	-0.030855	3.7855e-05	0.11174	supercritical
345.69	779.00	287.72	0.0034755	577.71	848.46	3.0708	2.0324	3.1086	1040.5	-0.030752	3.7754e-05	0.11159	supercritical
346.69	779.00	287.12	0.0034828	580.25	851.57	3.0797	2.0346	3.1097	1039.1	-0.030649	3.7655e-05	0.11145	supercritical
347.69	779.00	286.52	0.0034901	582.80	854.68	3.0887	2.0368	3.1108	1037.7	-0.030547	3.7557e-05	0.11131	supercritical
348.69	779.00	285.92	0.0034975	585.34	857.79	3.0976	2.0390	3.1119	1036.3	-0.030445	3.7459e-05	0.11117	supercritical
349.69	779.00	285.33	0.0035048	587.88	860.90	3.1065	2.0413	3.1130	1034.9	-0.030344	3.7363e-05	0.11103	supercritical
350.69	779.00	284.73	0.0035121	590.42	864.01	3.1154	2.0436	3.1141	1033.5	-0.030244	3.7268e-05	0.11090	supercritical
351.69	779.00	284.14	0.0035194	592.97	867.13	3.1243	2.0458	3.1152	1032.2	-0.030144	3.7173e-05	0.11076	supercritical
352.69	779.00	283.55	0.0035268	595.51	870.25	3.1332	2.0481	3.1164	1030.8	-0.030045	3.7080e-05	0.11064	supercritical
353.69	779.00	282.96	0.0035341	598.05	873.36	3.1420	2.0504	3.1175	1029.5	-0.029947	3.6987e-05	0.11051	supercritical
354.69	779.00	282.37	0.0035415	600.60	876.48	3.1508	2.0527	3.1187	1028.1	-0.029849	3.6896e-05	0.11038	supercritical
355.69	779.00	281.78	0.0035488	603.15	879.60	3.1596	2.0551	3.1198	1026.8	-0.029752	3.6805e-05	0.11026	supercritical
356.69	779.00	281.20	0.0035562	605.69	882.72	3.1683	2.0574	3.1210	1025.5	-0.029656	3.6715e-05	0.11014	supercritical
357.69	779.00	280.62	0.0035636	608.24	885.84	3.1771	2.0598	3.1222	1024.2	-0.029561	3.6626e-05	0.11002	supercritical
358.69	779.00	280.04	0.0035710	610.79	888.96	3.1858	2.0622	3.1234	1022.9	-0.029466	3.6538e-05	0.10991	supercritical
359.69	779.00	279.46	0.0035784	613.33	892.09	3.1945	2.0646	3.1246	1021.7	-0.029371	3.6451e-05	0.10980	supercritical
360.69	779.00	278.88	0.0035858	615.88	895.21	3.2032	2.0670	3.1258	1020.4	-0.029278	3.6365e-05	0.10968	supercritical
361.69	779.00	278.31	0.0035932	618.43	898.34	3.2118	2.0694	3.1271	1019.2	-0.029185	3.6280e-05	0.10958	supercritical
362.69	779.00	277.73	0.0036006	620.98	901.47	3.2204	2.0719	3.1283	1017.9	-0.029093	3.6195e-05	0.10947	supercritical
363.69	779.00	277.16	0.0036080	623.53	904.60	3.2291	2.0743	3.1296	1016.7	-0.029001	3.6112e-05	0.10937	supercritical
364.69	779.00	276.59	0.0036154	626.08	907.73	3.2377	2.0768	3.1308	1015.5	-0.028910	3.6029e-05	0.10926	supercritical
365.69	779.00	276.02	0.0036229	628.64	910.86	3.2462	2.0792	3.1321	1014.3	-0.028820	3.5947e-05	0.10916	supercritical
366.69	779.00	275.46	0.0036303	631.19	913.99	3.2548	2.0817	3.1334	1013.1	-0.028731	3.5866e-05	0.10907	supercritical
367.69	779.00	274.89	0.0036378	633.74	917.12	3.2633	2.0842	3.1347	1011.9	-0.028642	3.5785e-05	0.10897	supercritical
368.69	779.00	274.33	0.0036452	636.30	920.26	3.2718	2.0868	3.1360	1010.7	-0.028554	3.5706e-05	0.10888	supercritical
369.69	779.00	273.77	0.0036527	638.85	923.40	3.2803	2.0893	3.1373	1009.6	-0.028466	3.5627e-05	0.10879	supercritical
370.69	779.00	273.21	0.0036601	641.41	926.53	3.2888	2.0918	3.1386	1008.4	-0.028380	3.5549e-05	0.10870	supercritical
371.69	779.00	272.66	0.0036676	643.97	929.67	3.2973	2.0944	3.1399	1007.3	-0.028293	3.5472e-05	0.10861	supercritical
372.69	779.00	272.10	0.0036751	646.52	932.81	3.3057	2.0970	3.1413	1006.1	-0.028208	3.5396e-05	0.10852	supercritical
373.69	779.00	271.55	0.0036826	649.08	935.96	3.3141	2.0996	3.1426	1005.0	-0.028124	3.5320e-05	0.10844	supercritical
374.69	779.00	271.00	0.0036901	651.64	939.10	3.3225	2.1022	3.1440	1003.9	-0.028040	3.5245e-05	0.10836	supercritical
375.69	779.00	270.45	0.0036976	654.20	942.24	3.3309	2.1048	3.1453	1002.8	-0.027956	3.5171e-05	0.10828	supercritical
376.69	779.00	269.90	0.0037051	656.76	945.39	3.3393	2.1074	3.1467	1001.7	-0.027874	3.5098e-05	0.10820	supercritical
377.69	779.00	269.35	0.0037126	659.33	948.54	3.3476	2.1100	3.1481	1000.7	-0.027792	3.5025e-05	0.10813	supercritical
378.69	779.00	268.81	0.0037201	661.89	951.69	3.3559	2.1127	3.1495	999.58	-0.027711	3.4953e-05	0.10806	supercritical
379.69	779.00	268.27	0.0037276	664.45	954.84	3.3642	2.1153	3.1509	998.53	-0.027630	3.4882e-05	0.10798	supercritical
380.69	779.00	267.73	0.0037352	667.02	957.99	3.3725	2.1180	3.1523	997.48	-0.027551	3.4812e-05	0.10792	supercritical
381.69	779.00	267.19	0.0037427	669.59	961.14	3.3808	2.1207	3.1537	996.44	-0.027471	3.4742e-05	0.10785	supercritical
382.69	779.00	266.65	0.0037502	672.15	964.30	3.3891	2.1233	3.1552	995.41	-0.027393	3.4673e-05	0.10778	supercritical
383.69	779.00	266.11	0.0037578	674.72	967.45	3.3973	2.1260	3.1566	994.39	-0.027315	3.4605e-05	0.10772	supercritical
384.69	779.00	265.58	0.0037653	677.29	970.61	3.4055	2.1288	3.1581	993.39	-0.027238	3.4537e-05	0.10766	supercritical
385.69	779.00	265.05	0.0037729	679.86	973.77	3.4137	2.1315	3.1595	992.39	-0.027162	3.4470e-05	0.10760	supercritical
386.69	779.00	264.52	0.0037804	682.43	976.93	3.4219	2.1342	3.1610	991.40	-0.027086	3.4404e-05	0.10754	supercritical
387.69	779.00	263.99	0.0037880	685.00	980.09	3.4301	2.1370	3.1625	990.42	-0.027012	3.4339e-05	0.10748	supercritical
388.69	779.00	263.46	0.0037956	687.58	983.25	3.4382	2.1397	3.1640	989.45	-0.026937	3.4274e-05	0.10743	supercritical
389.69	779.00	262.94	0.0038031	690.15	986.42	3.4463	2.1425	3.1655	988.48	-0.026864	3.4209e-05	0.10738	supercritical
390.69	779.00	262.42	0.0038107	692.73	989.58	3.4545	2.1453	3.1670	987.53	-0.026791	3.4146e-05	0.10733	supercritical
391.69	779.00	261.90	0.0038183	695.31	992.75	3.4626	2.1480	3.1685	986.59	-0.026719	3.4083e-05	0.10728	supercritical
392.69	779.00	261.38	0.0038259	697.88	995.92	3.4706	2.1508	3.1700	985.66	-0.026647	3.4021e-05	0.10723	supercritical
393.69	779.00	260.86	0.0038335	700.46	999.09	3.4787	2.1536	3.1716	984.73	-0.026576	3.3959e-05	0.10718	supercritical
394.69	779.00	260.34	0.0038411	703.04	1002.3	3.4867	2.1565	3.1731	983.82	-0.026506	3.3898e-05	0.10714	supercritical
395.69	779.00	259.83	0.0038487	705.62	1005.4	3.4948	2.1593	3.1747	982.91	-0.026437	3.3837e-05	0.10710	supercritical
396.69	779.00	259.32	0.0038563	708.21	1008.6	3.5028	2.1621	3.1762	982.01	-0.026368	3.3778e-05	0.10706	supercritical
397.69	779.00	258.80	0.0038639	710.79	1011.8	3.5108	2.1650	3.1778	981.13	-0.026300	3.3718e-05	0.10702	supercritical
398.69	779.00	258.30	0.0038715	713.38	1015.0	3.5188	2.1678	3.1794	980.25	-0.026233	3.3660e-05	0.10698	supercritical
399.69	779.00	257.79	0.0038792	715.96	1018.1	3.5267	2.1707	3.1810	979.38	-0.026166	3.3602e-05	0.10695	supercritical
400.69	779.00	257.28	0.0038868	718.55	1021.3	3.5347	2.1736	3.1826	978.51	-0.026100	3.3544e-05	0.10691	supercritical
401.69	779.00	256.78	0.0038944	721.14	1024.5	3.5426	2.1765	3.1842	977.66	-0.026034	3.3488e-05	0.10688	supercritical
402.69	779.00	256.28	0.0039020	723.73	1027.7	3.5505	2.1793	3.1858	976.82	-0.025970	3.3431e-05	0.10685	supercritical
403.69	779.00	255.78	0.0039097	726.32	1030.9	3.5584	2.1822	3.1874	975.98	-0.025906	3.3376e-05	0.10682	supercritical
404.69	779.00	255.28	0.0039173	728.92	1034.1	3.5663	2.1852	3.1890	975.15	-0.025842	3.3321e-05	0.10679	supercritical
405.69	779.00	254.78	0.0039250	731.51	1037.3	3.5742	2.1881	3.1907	974.33	-0.025779	3.3266e-05	0.10677	supercritical
406.69	779.00	254.28	0.0039326	734.11	1040.5	3.5821	2.1910	3.1923	973.52	-0.025717	3.3212e-05	0.10674	supercritical
407.69	779.00	253.79	0.0039403	736.70	1043.6	3.5899	2.1939	3.1940	972.72	-0.025656	3.3159e-05	0.10672	supercritical
408.69	779.00	253.30	0.0039479	739.30	1046.8	3.5977	2.1969	3.1956	971.92	-0.025595	3.3106e-05	0.10670	supercritical
409.69	779.00	252.81	0.0039556	741.90	1050.0	3.6055	2.1998	3.1973	971.14	-0.025535	3.3054e-05	0.10668	supercritical
410.69	779.00	252.32	0.0039632	744.50	1053.2	3.6133	2.2028	3.1990	970.36	-0.025475	3.3002e-05	0.10666	supercritical
411.69	779.00	251.83	0.0039709	747.10	1056.4	3.6211	2.2058	3.2007	969.59	-0.025417	3.2951e-05	0.10665	supercritical
412.69	779.00	251.35	0.0039786	749.71	1059.6	3.6289	2.2087	3.2024	968.83	-0.025358	3.2900e-05	0.10663	supercritical
413.69	779.00	250.86	0.0039863	752.31	1062.8	3.6366	2.2117	3.2041	968.07	-0.025301	3.2850e-05	0.10662	supercritical
414.69	779.00	250.38	0.0039939	754.92	1066.0	3.6444	2.2147	3.2058	967.33	-0.025244	3.2800e-05	0.10661	supercritical
415.69	779.00	249.90	0.0040016	757.53	1069.3	3.6521	2.2177	3.2075	966.59	-0.025187	3.2751e-05	0.10660	supercritical
416.69	779.00	249.42	0.0040093	760.14	1072.5	3.6598	2.2207	3.2093	965.86	-0.025132	3.2703e-05	0.10659	supercritical
417.69	779.00	248.94	0.0040170	762.75	1075.7	3.6675	2.2237	3.2110	965.13	-0.025077	3.2655e-05	0.10658	supercritical
418.69	779.00	248.47	0.0040247	765.36	1078.9	3.6752	2.2268	3.2128	964.42	-0.025022	3.2607e-05	0.10657	supercritical
419.69	779.00	247.99	0.0040324	767.98	1082.1	3.6829	2.2298	3.2145	963.71	-0.024969	3.2560e-05	0.10657	supercritical
420.69	779.00	247.52	0.0040401	770.59	1085.3	3.6905	2.2328	3.2163	963.01	-0.024915	3.2513e-05	0.10657	supercritical
421.69	779.00	247.05	0.0040478	773.21	1088.5	3.6981	2.2359	3.2181	962.32	-0.024863	3.2467e-05	0.10656	supercritical
422.69	779.00	246.58	0.0040555	775.83	1091.8	3.7058	2.2389	3.2199	961.63	-0.024811	3.2422e-05	0.10656	supercritical
423.69	779.00	246.11	0.0040632	778.45	1095.0	3.7134	2.2420	3.2216	960.95	-0.024759	3.2377e-05	0.10656	supercritical
424.69	779.00	245.65	0.0040709	781.07	1098.2	3.7210	2.2450	3.2234	960.28	-0.024709	3.2332e-05	0.10657	supercritical
425.69	779.00	245.18	0.0040786	783.69	1101.4	3.7286	2.2481	3.2253	959.62	-0.024659	3.2288e-05	0.10657	supercritical
426.69	779.00	244.72	0.0040863	786.32	1104.6	3.7361	2.2512	3.2271	958.96	-0.024609	3.2244e-05	0.10658	supercritical
427.69	779.00	244.26	0.0040940	788.95	1107.9	3.7437	2.2543	3.2289	958.31	-0.024560	3.2201e-05	0.10658	supercritical
428.69	779.00	243.80	0.0041018	791.58	1111.1	3.7512	2.2574	3.2307	957.67	-0.024512	3.2158e-05	0.10659	supercritical
429.69	779.00	243.34	0.0041095	794.21	1114.3	3.7588	2.2605	3.2326	957.03	-0.024464	3.2116e-05	0.10660	supercritical
430.69	779.00	242.88	0.0041172	796.84	1117.6	3.7663	2.2636	3.2344	956.40	-0.024417	3.2074e-05	0.10661	supercritical
431.69	779.00	242.43	0.0041249	799.47	1120.8	3.7738	2.2667	3.2363	955.78	-0.024370	3.2032e-05	0.10662	supercritical
432.69	779.00	241.98	0.0041327	802.11	1124.0	3.7813	2.2698	3.2381	955.17	-0.024324	3.1991e-05	0.10663	supercritical
433.69	779.00	241.52	0.0041404	804.74	1127.3	3.7887	2.2729	3.2400	954.56	-0.024278	3.1951e-05	0.10665	supercritical
434.69	779.00	241.07	0.0041481	807.38	1130.5	3.7962	2.2761	3.2419	953.96	-0.024234	3.1911e-05	0.10666	supercritical
435.69	779.00	240.62	0.0041559	810.02	1133.8	3.8037	2.2792	3.2437	953.37	-0.024189	3.1871e-05	0.10668	supercritical
436.69	779.00	240.18	0.0041636	812.66	1137.0	3.8111	2.2823	3.2456	952.78	-0.024145	3.1832e-05	0.10670	supercritical
437.69	779.00	239.73	0.0041713	815.31	1140.3	3.8185	2.2855	3.2475	952.20	-0.024102	3.1793e-05	0.10672	supercritical
438.69	779.00	239.29	0.0041791	817.95	1143.5	3.8259	2.2886	3.2494	951.62	-0.024060	3.1754e-05	0.10674	supercritical
439.69	779.00	238.84	0.0041868	820.60	1146.8	3.8333	2.2918	3.2514	951.05	-0.024018	3.1716e-05	0.10676	supercritical
440.69	779.00	238.40	0.0041946	823.25	1150.0	3.8407	2.2950	3.2533	950.49	-0.023976	3.1679e-05	0.10678	supercritical
441.69	779.00	237.96	0.0042023	825.90	1153.3	3.8481	2.2981	3.2552	949.94	-0.023935	3.1642e-05	0.10681	supercritical
442.69	779.00	237.53	0.0042101	828.55	1156.5	3.8555	2.3013	3.2571	949.39	-0.023894	3.1605e-05	0.10683	supercritical
443.69	779.00	237.09	0.0042178	831.20	1159.8	3.8628	2.3045	3.2591	948.85	-0.023855	3.1569e-05	0.10686	supercritical
444.69	779.00	236.65	0.0042256	833.86	1163.0	3.8702	2.3077	3.2610	948.31	-0.023815	3.1533e-05	0.10689	supercritical
445.69	779.00	236.22	0.0042333	836.52	1166.3	3.8775	2.3109	3.2630	947.78	-0.023776	3.1497e-05	0.10691	supercritical
446.69	779.00	235.79	0.0042411	839.18	1169.6	3.8848	2.3140	3.2650	947.26	-0.023738	3.1462e-05	0.10694	supercritical
447.69	779.00	235.36	0.0042489	841.84	1172.8	3.8921	2.3172	3.2669	946.74	-0.023700	3.1427e-05	0.10698	supercritical
448.69	779.00	234.93	0.0042566	844.50	1176.1	3.8994	2.3205	3.2689	946.23	-0.023663	3.1393e-05	0.10701	supercritical
449.69	779.00	234.50	0.0042644	847.17	1179.4	3.9067	2.3237	3.2709	945.72	-0.023626	3.1359e-05	0.10704	supercritical
450.69	779.00	234.07	0.0042721	849.83	1182.6	3.9139	2.3269	3.2729	945.22	-0.023590	3.1325e-05	0.10708	supercritical
451.69	779.00	233.65	0.0042799	852.50	1185.9	3.9212	2.3301	3.2749	944.73	-0.023554	3.1292e-05	0.10711	supercritical
452.69	779.00	233.23	0.0042877	855.17	1189.2	3.9284	2.3333	3.2769	944.24	-0.023519	3.1259e-05	0.10715	supercritical
453.69	779.00	232.80	0.0042955	857.85	1192.5	3.9357	2.3366	3.2789	943.76	-0.023484	3.1226e-05	0.10719	supercritical
454.69	779.00	232.38	0.0043032	860.52	1195.7	3.9429	2.3398	3.2809	943.28	-0.023450	3.1194e-05	0.10722	supercritical
455.69	779.00	231.96	0.0043110	863.20	1199.0	3.9501	2.3430	3.2830	942.81	-0.023416	3.1162e-05	0.10726	supercritical
456.69	779.00	231.55	0.0043188	865.88	1202.3	3.9573	2.3463	3.2850	942.35	-0.023382	3.1131e-05	0.10731	supercritical
457.69	779.00	231.13	0.0043265	868.56	1205.6	3.9645	2.3495	3.2870	941.89	-0.023350	3.1099e-05	0.10735	supercritical
458.69	779.00	230.72	0.0043343	871.24	1208.9	3.9717	2.3528	3.2891	941.44	-0.023317	3.1069e-05	0.10739	supercritical
459.69	779.00	230.30	0.0043421	873.92	1212.2	3.9788	2.3560	3.2911	940.99	-0.023285	3.1038e-05	0.10744	supercritical
460.69	779.00	229.89	0.0043499	876.61	1215.5	3.9860	2.3593	3.2932	940.55	-0.023254	3.1008e-05	0.10748	supercritical
461.69	779.00	229.48	0.0043577	879.30	1218.8	3.9931	2.3625	3.2953	940.11	-0.023223	3.0979e-05	0.10753	supercritical
462.69	779.00	229.07	0.0043654	881.99	1222.1	4.0003	2.3658	3.2973	939.68	-0.023193	3.0949e-05	0.10757	supercritical
463.69	779.00	228.66	0.0043732	884.68	1225.4	4.0074	2.3691	3.2994	939.25	-0.023163	3.0920e-05	0.10762	supercritical
464.69	779.00	228.26	0.0043810	887.37	1228.7	4.0145	2.3723	3.3015	938.83	-0.023133	3.0891e-05	0.10767	supercritical
465.69	779.00	227.85	0.0043888	890.07	1232.0	4.0216	2.3756	3.3036	938.42	-0.023104	3.0863e-05	0.10772	supercritical
466.69	779.00	227.45	0.0043966	892.77	1235.3	4.0287	2.3789	3.3057	938.01	-0.023075	3.0835e-05	0.10777	supercritical
467.69	779.00	227.05	0.0044044	895.47	1238.6	4.0358	2.3822	3.3078	937.60	-0.023047	3.0807e-05	0.10783	supercritical
468.69	779.00	226.65	0.0044122	898.17	1241.9	4.0428	2.3855	3.3099	937.20	-0.023019	3.0780e-05	0.10788	supercritical
469.69	779.00	226.25	0.0044199	900.87	1245.2	4.0499	2.3888	3.3120	936.81	-0.022992	3.0753e-05	0.10794	supercritical
470.69	779.00	225.85	0.0044277	903.58	1248.5	4.0569	2.3921	3.3142	936.42	-0.022965	3.0726e-05	0.10799	supercritical
471.69	779.00	225.45	0.0044355	906.29	1251.8	4.0640	2.3954	3.3163	936.04	-0.022939	3.0699e-05	0.10805	supercritical
472.69	779.00	225.06	0.0044433	909.00	1255.1	4.0710	2.3987	3.3184	935.66	-0.022913	3.0673e-05	0.10810	supercritical
473.69	779.00	224.66	0.0044511	911.71	1258.5	4.0780	2.4020	3.3206	935.28	-0.022887	3.0647e-05	0.10816	supercritical
474.69	779.00	224.27	0.0044589	914.43	1261.8	4.0850	2.4053	3.3227	934.91	-0.022862	3.0622e-05	0.10822	supercritical
475.69	779.00	223.88	0.0044667	917.14	1265.1	4.0920	2.4086	3.3249	934.55	-0.022837	3.0597e-05	0.10828	supercritical
476.69	779.00	223.49	0.0044745	919.86	1268.4	4.0990	2.4119	3.3270	934.19	-0.022813	3.0572e-05	0.10834	supercritical
477.69	779.00	223.10	0.0044823	922.58	1271.8	4.1060	2.4152	3.3292	933.84	-0.022789	3.0547e-05	0.10841	supercritical
478.69	779.00	222.71	0.0044901	925.31	1275.1	4.1129	2.4186	3.3314	933.49	-0.022765	3.0523e-05	0.10847	supercritical
479.69	779.00	222.33	0.0044979	928.03	1278.4	4.1199	2.4219	3.3336	933.14	-0.022742	3.0499e-05	0.10853	supercritical
480.69	779.00	221.94	0.0045057	930.76	1281.8	4.1268	2.4252	3.3357	932.80	-0.022720	3.0475e-05	0.10860	supercritical
481.69	779.00	221.56	0.0045135	933.49	1285.1	4.1338	2.4285	3.3379	932.46	-0.022697	3.0451e-05	0.10866	supercritical
482.69	779.00	221.18	0.0045213	936.22	1288.4	4.1407	2.4319	3.3401	932.13	-0.022675	3.0428e-05	0.10873	supercritical
483.69	779.00	220.80	0.0045291	938.95	1291.8	4.1476	2.4352	3.3423	931.81	-0.022654	3.0405e-05	0.10880	supercritical
484.69	779.00	220.42	0.0045369	941.69	1295.1	4.1545	2.4385	3.3445	931.49	-0.022632	3.0383e-05	0.10887	supercritical
485.69	779.00	220.04	0.0045447	944.43	1298.5	4.1614	2.4419	3.3468	931.17	-0.022612	3.0360e-05	0.10893	supercritical
486.69	779.00	219.66	0.0045525	947.17	1301.8	4.1683	2.4452	3.3490	930.86	-0.022591	3.0338e-05	0.10901	supercritical
487.69	779.00	219.29	0.0045603	949.91	1305.2	4.1752	2.4486	3.3512	930.55	-0.022571	3.0317e-05	0.10908	supercritical
488.69	779.00	218.91	0.0045681	952.66	1308.5	4.1820	2.4519	3.3534	930.24	-0.022551	3.0295e-05	0.10915	supercritical
489.69	779.00	218.54	0.0045759	955.40	1311.9	4.1889	2.4553	3.3557	929.94	-0.022532	3.0274e-05	0.10922	supercritical
490.69	779.00	218.17	0.0045837	958.15	1315.2	4.1957	2.4586	3.3579	929.65	-0.022513	3.0253e-05	0.10929	supercritical
491.69	779.00	217.80	0.0045915	960.90	1318.6	4.2026	2.4620	3.3602	929.36	-0.022494	3.0232e-05	0.10937	supercritical
492.69	779.00	217.43	0.0045993	963.66	1321.9	4.2094	2.4653	3.3624	929.07	-0.022476	3.0212e-05	0.10944	supercritical
493.69	779.00	217.06	0.0046071	966.41	1325.3	4.2162	2.4687	3.3647	928.79	-0.022458	3.0191e-05	0.10952	supercritical
494.69	779.00	216.69	0.0046149	969.17	1328.7	4.2230	2.4721	3.3669	928.51	-0.022441	3.0171e-05	0.10960	supercritical
495.69	779.00	216.33	0.0046227	971.93	1332.0	4.2298	2.4754	3.3692	928.24	-0.022423	3.0152e-05	0.10967	supercritical
496.69	779.00	215.96	0.0046305	974.69	1335.4	4.2366	2.4788	3.3715	927.97	-0.022407	3.0132e-05	0.10975	supercritical
497.69	779.00	215.60	0.0046383	977.46	1338.8	4.2434	2.4822	3.3738	927.70	-0.022390	3.0113e-05	0.10983	supercritical
498.69	779.00	215.24	0.0046461	980.23	1342.2	4.2502	2.4855	3.3761	927.44	-0.022374	3.0094e-05	0.10991	supercritical
499.69	779.00	214.88	0.0046539	982.99	1345.5	4.2570	2.4889	3.3783	927.18	-0.022358	3.0076e-05	0.10999	supercritical
500.69	779.00	214.52	0.0046617	985.77	1348.9	4.2637	2.4923	3.3806	926.93	-0.022342	3.0057e-05	0.11008	supercritical
501.69	779.00	214.16	0.0046695	988.54	1352.3	4.2705	2.4957	3.3829	926.68	-0.022327	3.0039e-05	0.11016	supercritical
502.69	779.00	213.80	0.0046773	991.32	1355.7	4.2772	2.4991	3.3852	926.43	-0.022312	3.0021e-05	0.11024	supercritical
503.69	779.00	213.44	0.0046851	994.10	1359.1	4.2839	2.5024	3.3876	926.19	-0.022298	3.0003e-05	0.11033	supercritical
504.69	779.00	213.09	0.0046929	996.88	1362.5	4.2906	2.5058	3.3899	925.95	-0.022283	2.9986e-05	0.11041	supercritical
505.69	779.00	212.74	0.0047007	999.66	1365.8	4.2974	2.5092	3.3922	925.72	-0.022269	2.9969e-05	0.11050	supercritical
506.69	779.00	212.38	0.0047085	1002.4	1369.2	4.3041	2.5126	3.3945	925.49	-0.022256	2.9952e-05	0.11058	supercritical
507.69	779.00	212.03	0.0047163	1005.2	1372.6	4.3108	2.5160	3.3968	925.26	-0.022242	2.9935e-05	0.11067	supercritical
508.69	779.00	211.68	0.0047241	1008.0	1376.0	4.3174	2.5194	3.3992	925.04	-0.022229	2.9918e-05	0.11076	supercritical
509.69	779.00	211.33	0.0047319	1010.8	1379.4	4.3241	2.5228	3.4015	924.82	-0.022216	2.9902e-05	0.11085	supercritical
510.69	779.00	210.98	0.0047397	1013.6	1382.8	4.3308	2.5261	3.4039	924.61	-0.022204	2.9886e-05	0.11094	supercritical
511.69	779.00	210.64	0.0047475	1016.4	1386.2	4.3375	2.5295	3.4062	924.39	-0.022192	2.9870e-05	0.11103	supercritical
512.69	779.00	210.29	0.0047553	1019.2	1389.6	4.3441	2.5329	3.4086	924.19	-0.022180	2.9854e-05	0.11112	supercritical
513.69	779.00	209.95	0.0047631	1022.0	1393.1	4.3507	2.5363	3.4109	923.98	-0.022168	2.9839e-05	0.11121	supercritical
514.69	779.00	209.60	0.0047709	1024.8	1396.5	4.3574	2.5397	3.4133	923.78	-0.022157	2.9824e-05	0.11130	supercritical
515.69	779.00	209.26	0.0047787	1027.6	1399.9	4.3640	2.5431	3.4157	923.58	-0.022146	2.9809e-05	0.11139	supercritical
516.69	779.00	208.92	0.0047865	1030.4	1403.3	4.3706	2.5465	3.4180	923.39	-0.022135	2.9794e-05	0.11149	supercritical
517.69	779.00	208.58	0.0047943	1033.2	1406.7	4.3772	2.5499	3.4204	923.20	-0.022125	2.9779e-05	0.11158	supercritical
518.69	779.00	208.24	0.0048021	1036.1	1410.1	4.3838	2.5533	3.4228	923.01	-0.022114	2.9765e-05	0.11168	supercritical
519.69	779.00	207.91	0.0048099	1038.9	1413.6	4.3904	2.5567	3.4252	922.83	-0.022104	2.9751e-05	0.11177	supercritical
520.69	779.00	207.57	0.0048177	1041.7	1417.0	4.3970	2.5602	3.4276	922.65	-0.022095	2.9737e-05	0.11187	supercritical
521.69	779.00	207.23	0.0048255	1044.5	1420.4	4.4036	2.5636	3.4300	922.48	-0.022085	2.9723e-05	0.11197	supercritical
522.69	779.00	206.90	0.0048333	1047.3	1423.8	4.4102	2.5670	3.4324	922.30	-0.022076	2.9710e-05	0.11206	supercritical
523.69	779.00	206.57	0.0048411	1050.2	1427.3	4.4167	2.5704	3.4348	922.13	-0.022067	2.9696e-05	0.11216	supercritical
524.69	779.00	206.23	0.0048489	1053.0	1430.7	4.4233	2.5738	3.4372	921.97	-0.022058	2.9683e-05	0.11226	supercritical
525.69	779.00	205.90	0.0048567	1055.8	1434.2	4.4298	2.5772	3.4396	921.80	-0.022050	2.9670e-05	0.11236	supercritical
526.69	779.00	205.57	0.0048645	1058.7	1437.6	4.4364	2.5806	3.4420	921.64	-0.022042	2.9658e-05	0.11246	supercritical
527.69	779.00	205.24	0.0048723	1061.5	1441.0	4.4429	2.5840	3.4444	921.49	-0.022034	2.9645e-05	0.11256	supercritical
528.69	779.00	204.92	0.0048800	1064.3	1444.5	4.4494	2.5874	3.4468	921.33	-0.022026	2.9633e-05	0.11266	supercritical
529.69	779.00	204.59	0.0048878	1067.2	1447.9	4.4560	2.5909	3.4493	921.18	-0.022019	2.9621e-05	0.11277	supercritical
530.69	779.00	204.26	0.0048956	1070.0	1451.4	4.4625	2.5943	3.4517	921.04	-0.022011	2.9609e-05	0.11287	supercritical
531.69	779.00	203.94	0.0049034	1072.9	1454.8	4.4690	2.5977	3.4541	920.89	-0.022004	2.9597e-05	0.11297	supercritical
532.69	779.00	203.62	0.0049112	1075.7	1458.3	4.4755	2.6011	3.4566	920.75	-0.021998	2.9585e-05	0.11308	supercritical
533.69	779.00	203.29	0.0049190	1078.6	1461.8	4.4819	2.6045	3.4590	920.61	-0.021991	2.9574e-05	0.11318	supercritical
534.69	779.00	202.97	0.0049268	1081.4	1465.2	4.4884	2.6079	3.4615	920.48	-0.021985	2.9563e-05	0.11329	supercritical
535.69	779.00	202.65	0.0049346	1084.3	1468.7	4.4949	2.6114	3.4639	920.35	-0.021979	2.9552e-05	0.11340	supercritical
536.69	779.00	202.33	0.0049424	1087.1	1472.1	4.5013	2.6148	3.4664	920.22	-0.021973	2.9541e-05	0.11350	supercritical
537.69	779.00	202.01	0.0049502	1090.0	1475.6	4.5078	2.6182	3.4688	920.09	-0.021967	2.9530e-05	0.11361	supercritical
538.69	779.00	201.70	0.0049580	1092.9	1479.1	4.5142	2.6216	3.4713	919.97	-0.021962	2.9520e-05	0.11372	supercritical
539.69	779.00	201.38	0.0049658	1095.7	1482.5	4.5207	2.6250	3.4738	919.85	-0.021956	2.9509e-05	0.11383	supercritical
540.69	779.00	201.06	0.0049735	1098.6	1486.0	4.5271	2.6285	3.4763	919.73	-0.021951	2.9499e-05	0.11394	supercritical
541.69	779.00	200.75	0.0049813	1101.5	1489.5	4.5335	2.6319	3.4787	919.62	-0.021947	2.9489e-05	0.11405	supercritical
542.69	779.00	200.44	0.0049891	1104.3	1493.0	4.5400	2.6353	3.4812	919.51	-0.021942	2.9479e-05	0.11416	supercritical
543.69	779.00	200.12	0.0049969	1107.2	1496.5	4.5464	2.6387	3.4837	919.40	-0.021937	2.9470e-05	0.11427	supercritical
544.69	779.00	199.81	0.0050047	1110.1	1499.9	4.5528	2.6422	3.4862	919.29	-0.021933	2.9460e-05	0.11438	supercritical
545.69	779.00	199.50	0.0050125	1113.0	1503.4	4.5592	2.6456	3.4887	919.19	-0.021929	2.9451e-05	0.11449	supercritical
546.69	779.00	199.19	0.0050203	1115.8	1506.9	4.5656	2.6490	3.4912	919.09	-0.021925	2.9442e-05	0.11461	supercritical
547.69	779.00	198.88	0.0050280	1118.7	1510.4	4.5720	2.6524	3.4937	918.99	-0.021922	2.9433e-05	0.11472	supercritical
548.69	779.00	198.58	0.0050358	1121.6	1513.9	4.5783	2.6558	3.4962	918.90	-0.021918	2.9424e-05	0.11483	supercritical
549.69	779.00	198.27	0.0050436	1124.5	1517.4	4.5847	2.6593	3.4987	918.81	-0.021915	2.9416e-05	0.11495	supercritical
550.69	779.00	197.97	0.0050514	1127.4	1520.9	4.5911	2.6627	3.5012	918.72	-0.021912	2.9407e-05	0.11507	supercritical
551.69	779.00	197.66	0.0050592	1130.3	1524.4	4.5974	2.6661	3.5037	918.63	-0.021909	2.9399e-05	0.11518	supercritical
552.69	779.00	197.36	0.0050669	1133.2	1527.9	4.6038	2.6696	3.5062	918.55	-0.021906	2.9391e-05	0.11530	supercritical
553.69	779.00	197.06	0.0050747	1136.1	1531.4	4.6101	2.6730	3.5087	918.47	-0.021904	2.9383e-05	0.11541	supercritical
554.69	779.00	196.75	0.0050825	1139.0	1534.9	4.6164	2.6764	3.5112	918.39	-0.021901	2.9375e-05	0.11553	supercritical
555.69	779.00	196.45	0.0050903	1141.9	1538.4	4.6228	2.6798	3.5138	918.31	-0.021899	2.9368e-05	0.11565	supercritical
556.69	779.00	196.15	0.0050980	1144.8	1542.0	4.6291	2.6833	3.5163	918.24	-0.021897	2.9360e-05	0.11577	supercritical
557.69	779.00	195.86	0.0051058	1147.7	1545.5	4.6354	2.6867	3.5188	918.17	-0.021895	2.9353e-05	0.11589	supercritical
558.69	779.00	195.56	0.0051136	1150.7	1549.0	4.6417	2.6901	3.5213	918.10	-0.021894	2.9346e-05	0.11601	supercritical
559.69	779.00	195.26	0.0051214	1153.6	1552.5	4.6480	2.6935	3.5239	918.03	-0.021892	2.9339e-05	0.11613	supercritical
560.69	779.00	194.96	0.0051291	1156.5	1556.0	4.6543	2.6970	3.5264	917.97	-0.021891	2.9332e-05	0.11625	supercritical
561.69	779.00	194.67	0.0051369	1159.4	1559.6	4.6606	2.7004	3.5290	917.91	-0.021890	2.9325e-05	0.11637	supercritical
562.69	779.00	194.38	0.0051447	1162.3	1563.1	4.6669	2.7038	3.5315	917.85	-0.021888	2.9318e-05	0.11649	supercritical
563.69	779.00	194.08	0.0051524	1165.3	1566.6	4.6731	2.7072	3.5341	917.80	-0.021888	2.9312e-05	0.11662	supercritical
564.69	779.00	193.79	0.0051602	1168.2	1570.2	4.6794	2.7107	3.5366	917.74	-0.021887	2.9306e-05	0.11674	supercritical
565.69	779.00	193.50	0.0051680	1171.1	1573.7	4.6857	2.7141	3.5392	917.69	-0.021886	2.9300e-05	0.11686	supercritical
566.69	779.00	193.21	0.0051757	1174.1	1577.3	4.6919	2.7175	3.5417	917.64	-0.021886	2.9294e-05	0.11699	supercritical
567.69	779.00	192.92	0.0051835	1177.0	1580.8	4.6982	2.7209	3.5443	917.59	-0.021886	2.9288e-05	0.11711	supercritical
568.69	779.00	192.63	0.0051913	1179.9	1584.3	4.7044	2.7244	3.5468	917.55	-0.021885	2.9282e-05	0.11724	supercritical
569.69	779.00	192.34	0.0051990	1182.9	1587.9	4.7106	2.7278	3.5494	917.51	-0.021885	2.9276e-05	0.11736	supercritical
570.69	779.00	192.06	0.0052068	1185.8	1591.4	4.7169	2.7312	3.5520	917.47	-0.021886	2.9271e-05	0.11749	supercritical
571.69	779.00	191.77	0.0052146	1188.8	1595.0	4.7231	2.7346	3.5546	917.43	-0.021886	2.9266e-05	0.11761	supercritical
572.69	779.00	191.49	0.0052223	1191.7	1598.5	4.7293	2.7381	3.5571	917.40	-0.021886	2.9261e-05	0.11774	supercritical
573.69	779.00	191.20	0.0052301	1194.7	1602.1	4.7355	2.7415	3.5597	917.36	-0.021887	2.9256e-05	0.11787	supercritical
574.69	779.00	190.92	0.0052378	1197.6	1605.7	4.7417	2.7449	3.5623	917.33	-0.021888	2.9251e-05	0.11800	supercritical
575.69	779.00	190.64	0.0052456	1200.6	1609.2	4.7479	2.7483	3.5649	917.30	-0.021888	2.9246e-05	0.11813	supercritical
576.69	779.00	190.35	0.0052533	1203.6	1612.8	4.7541	2.7518	3.5675	917.28	-0.021889	2.9241e-05	0.11826	supercritical
577.69	779.00	190.07	0.0052611	1206.5	1616.4	4.7603	2.7552	3.5700	917.25	-0.021890	2.9237e-05	0.11839	supercritical
578.69	779.00	189.79	0.0052689	1209.5	1619.9	4.7664	2.7586	3.5726	917.23	-0.021892	2.9232e-05	0.11852	supercritical
579.69	779.00	189.52	0.0052766	1212.5	1623.5	4.7726	2.7620	3.5752	917.21	-0.021893	2.9228e-05	0.11865	supercritical
580.69	779.00	189.24	0.0052844	1215.4	1627.1	4.7788	2.7654	3.5778	917.19	-0.021894	2.9224e-05	0.11878	supercritical
581.69	779.00	188.96	0.0052921	1218.4	1630.7	4.7849	2.7689	3.5804	917.18	-0.021896	2.9220e-05	0.11891	supercritical
582.69	779.00	188.68	0.0052999	1221.4	1634.3	4.7911	2.7723	3.5830	917.16	-0.021898	2.9216e-05	0.11904	supercritical
583.69	779.00	188.41	0.0053076	1224.4	1637.8	4.7972	2.7757	3.5856	917.15	-0.021900	2.9213e-05	0.11917	supercritical
584.69	779.00	188.13	0.0053154	1227.4	1641.4	4.8034	2.7791	3.5882	917.14	-0.021902	2.9209e-05	0.11931	supercritical
585.69	779.00	187.86	0.0053231	1230.3	1645.0	4.8095	2.7825	3.5908	917.13	-0.021904	2.9206e-05	0.11944	supercritical
586.69	779.00	187.59	0.0053308	1233.3	1648.6	4.8156	2.7860	3.5934	917.13	-0.021906	2.9202e-05	0.11957	supercritical
587.69	779.00	187.32	0.0053386	1236.3	1652.2	4.8218	2.7894	3.5961	917.13	-0.021908	2.9199e-05	0.11971	supercritical
588.69	779.00	187.04	0.0053463	1239.3	1655.8	4.8279	2.7928	3.5987	917.12	-0.021910	2.9196e-05	0.11984	supercritical
589.69	779.00	186.77	0.0053541	1242.3	1659.4	4.8340	2.7962	3.6013	917.12	-0.021913	2.9193e-05	0.11998	supercritical
590.69	779.00	186.50	0.0053618	1245.3	1663.0	4.8401	2.7996	3.6039	917.13	-0.021916	2.9190e-05	0.12011	supercritical
591.69	779.00	186.24	0.0053696	1248.3	1666.6	4.8462	2.8030	3.6065	917.13	-0.021918	2.9187e-05	0.12025	supercritical
592.69	779.00	185.97	0.0053773	1251.3	1670.2	4.8523	2.8065	3.6092	917.14	-0.021921	2.9185e-05	0.12039	supercritical
593.69	779.00	185.70	0.0053850	1254.3	1673.8	4.8584	2.8099	3.6118	917.15	-0.021924	2.9182e-05	0.12052	supercritical
594.69	779.00	185.43	0.0053928	1257.3	1677.4	4.8644	2.8133	3.6144	917.15	-0.021927	2.9180e-05	0.12066	supercritical
595.69	779.00	185.17	0.0054005	1260.4	1681.1	4.8705	2.8167	3.6170	917.17	-0.021930	2.9177e-05	0.12080	supercritical
596.69	779.00	184.90	0.0054082	1263.4	1684.7	4.8766	2.8201	3.6197	917.18	-0.021933	2.9175e-05	0.12094	supercritical
597.69	779.00	184.64	0.0054160	1266.4	1688.3	4.8827	2.8235	3.6223	917.20	-0.021937	2.9173e-05	0.12108	supercritical
598.69	779.00	184.38	0.0054237	1269.4	1691.9	4.8887	2.8269	3.6249	917.21	-0.021940	2.9171e-05	0.12122	supercritical
599.69	779.00	184.11	0.0054314	1272.4	1695.5	4.8948	2.8303	3.6276	917.23	-0.021944	2.9169e-05	0.12136	supercritical
600.69	779.00	183.85	0.0054392	1275.5	1699.2	4.9008	2.8337	3.6302	917.25	-0.021947	2.9168e-05	0.12150	supercritical
601.69	779.00	183.59	0.0054469	1278.5	1702.8	4.9068	2.8371	3.6329	917.28	-0.021951	2.9166e-05	0.12164	supercritical
602.69	779.00	183.33	0.0054546	1281.5	1706.4	4.9129	2.8405	3.6355	917.30	-0.021955	2.9165e-05	0.12178	supercritical
603.69	779.00	183.07	0.0054623	1284.6	1710.1	4.9189	2.8440	3.6382	917.33	-0.021959	2.9163e-05	0.12192	supercritical
604.69	779.00	182.81	0.0054701	1287.6	1713.7	4.9249	2.8474	3.6408	917.36	-0.021963	2.9162e-05	0.12206	supercritical
605.69	779.00	182.56	0.0054778	1290.6	1717.4	4.9310	2.8508	3.6435	917.39	-0.021967	2.9161e-05	0.12220	supercritical
606.69	779.00	182.30	0.0054855	1293.7	1721.0	4.9370	2.8542	3.6461	917.42	-0.021971	2.9160e-05	0.12235	supercritical
607.69	779.00	182.04	0.0054932	1296.7	1724.6	4.9430	2.8576	3.6488	917.45	-0.021975	2.9159e-05	0.12249	supercritical
608.69	779.00	181.79	0.0055009	1299.8	1728.3	4.9490	2.8610	3.6514	917.48	-0.021979	2.9158e-05	0.12263	supercritical
609.69	779.00	181.53	0.0055087	1302.8	1731.9	4.9550	2.8644	3.6541	917.52	-0.021984	2.9157e-05	0.12278	supercritical
610.69	779.00	181.28	0.0055164	1305.9	1735.6	4.9610	2.8678	3.6567	917.56	-0.021988	2.9156e-05	0.12292	supercritical
611.69	779.00	181.03	0.0055241	1308.9	1739.3	4.9669	2.8712	3.6594	917.60	-0.021993	2.9156e-05	0.12307	supercritical
612.69	779.00	180.77	0.0055318	1312.0	1742.9	4.9729	2.8746	3.6621	917.64	-0.021997	2.9155e-05	0.12321	supercritical
613.69	779.00	180.52	0.0055395	1315.1	1746.6	4.9789	2.8780	3.6647	917.68	-0.022002	2.9155e-05	0.12336	supercritical
614.69	779.00	180.27	0.0055472	1318.1	1750.3	4.9849	2.8813	3.6674	917.73	-0.022007	2.9155e-05	0.12350	supercritical
615.69	779.00	180.02	0.0055549	1321.2	1753.9	4.9908	2.8847	3.6701	917.78	-0.022012	2.9155e-05	0.12365	supercritical
616.69	779.00	179.77	0.0055627	1324.3	1757.6	4.9968	2.8881	3.6727	917.82	-0.022017	2.9155e-05	0.12380	supercritical
617.69	779.00	179.52	0.0055704	1327.3	1761.3	5.0027	2.8915	3.6754	917.87	-0.022022	2.9155e-05	0.12394	supercritical
618.69	779.00	179.27	0.0055781	1330.4	1764.9	5.0087	2.8949	3.6781	917.92	-0.022027	2.9155e-05	0.12409	supercritical
619.69	779.00	179.03	0.0055858	1333.5	1768.6	5.0146	2.8983	3.6807	917.98	-0.022032	2.9155e-05	0.12424	supercritical
620.69	779.00	178.78	0.0055935	1336.6	1772.3	5.0206	2.9017	3.6834	918.03	-0.022037	2.9155e-05	0.12439	supercritical
621.69	779.00	178.53	0.0056012	1339.7	1776.0	5.0265	2.9051	3.6861	918.09	-0.022042	2.9156e-05	0.12453	supercritical
622.69	779.00	178.29	0.0056089	1342.7	1779.7	5.0324	2.9085	3.6888	918.14	-0.022047	2.9156e-05	0.12468	supercritical
623.69	779.00	178.04	0.0056166	1345.8	1783.4	5.0383	2.9119	3.6915	918.20	-0.022053	2.9157e-05	0.12483	supercritical
624.69	779.00	177.80	0.0056243	1348.9	1787.1	5.0443	2.9152	3.6941	918.26	-0.022058	2.9157e-05	0.12498	supercritical