Temperature (K)	Pressure (bar)	Density (kg/m3)	Volume (m3/kg)	Internal Energy (kJ/kg)	Enthalpy (kJ/kg)	Entropy (J/g*K)	Cv (J/g*K)	Cp (J/g*K)	Sound Spd. (m/s)	Joule-Thomson (K/bar)	Viscosity (Pa*s)	Therm. Cond. (W/m*K)	Phase
90.694	425.00	474.41	0.0021079	-90.778	-1.1935	-0.94185	2.2542	3.2340	1776.1	-0.052076	0.00035359	0.24469	liquid
101.69	425.00	462.87	0.0021605	-57.466	34.353	-0.57191	2.1974	3.2313	1706.6	-0.051456	0.00023459	0.23416	liquid
102.69	425.00	461.82	0.0021654	-54.443	37.584	-0.54029	2.1929	3.2315	1700.2	-0.051383	0.00022749	0.23313	liquid
103.69	425.00	460.77	0.0021703	-51.421	40.816	-0.50898	2.1884	3.2318	1693.7	-0.051306	0.00022080	0.23209	liquid
104.69	425.00	459.72	0.0021752	-48.400	44.048	-0.47796	2.1839	3.2320	1687.3	-0.051228	0.00021448	0.23104	liquid
105.69	425.00	458.67	0.0021802	-45.379	47.280	-0.44723	2.1795	3.2323	1680.8	-0.051148	0.00020851	0.22998	liquid
106.69	425.00	457.62	0.0021852	-42.359	50.513	-0.41679	2.1752	3.2327	1674.4	-0.051066	0.00020286	0.22891	liquid
107.69	425.00	456.57	0.0021902	-39.339	53.746	-0.38663	2.1709	3.2330	1667.9	-0.050982	0.00019751	0.22784	liquid
108.69	425.00	455.52	0.0021953	-36.321	56.979	-0.35675	2.1666	3.2333	1661.5	-0.050896	0.00019243	0.22676	liquid
109.69	425.00	454.47	0.0022003	-33.303	60.212	-0.32714	2.1624	3.2337	1655.0	-0.050809	0.00018761	0.22567	liquid
110.69	425.00	453.42	0.0022054	-30.285	63.446	-0.29779	2.1582	3.2340	1648.5	-0.050719	0.00018302	0.22458	liquid
111.69	425.00	452.37	0.0022106	-27.268	66.680	-0.26871	2.1540	3.2344	1642.1	-0.050628	0.00017865	0.22349	liquid
112.69	425.00	451.32	0.0022157	-24.252	69.915	-0.23987	2.1498	3.2348	1635.6	-0.050535	0.00017449	0.22239	liquid
113.69	425.00	450.27	0.0022209	-21.237	73.150	-0.21130	2.1457	3.2351	1629.2	-0.050440	0.00017052	0.22129	liquid
114.69	425.00	449.22	0.0022261	-18.223	76.385	-0.18296	2.1416	3.2355	1622.7	-0.050344	0.00016673	0.22018	liquid
115.69	425.00	448.17	0.0022313	-15.209	79.621	-0.15488	2.1376	3.2358	1616.3	-0.050246	0.00016310	0.21907	liquid
116.69	425.00	447.12	0.0022365	-12.196	82.857	-0.12703	2.1335	3.2362	1609.9	-0.050146	0.00015963	0.21796	liquid
117.69	425.00	446.07	0.0022418	-9.1836	86.093	-0.099410	2.1295	3.2365	1603.4	-0.050044	0.00015630	0.21685	liquid
118.69	425.00	445.02	0.0022471	-6.1722	89.330	-0.072026	2.1255	3.2368	1597.0	-0.049940	0.00015311	0.21573	liquid
119.69	425.00	443.97	0.0022524	-3.1615	92.567	-0.044868	2.1216	3.2372	1590.6	-0.049835	0.00015005	0.21462	liquid
120.69	425.00	442.91	0.0022578	-0.15174	95.804	-0.017934	2.1176	3.2375	1584.2	-0.049727	0.00014711	0.21350	liquid
121.69	425.00	441.86	0.0022632	2.8572	99.042	0.0087809	2.1137	3.2378	1577.8	-0.049618	0.00014428	0.21238	liquid
122.69	425.00	440.81	0.0022686	5.8653	102.28	0.035280	2.1098	3.2382	1571.4	-0.049507	0.00014156	0.21127	liquid
123.69	425.00	439.75	0.0022740	8.8725	105.52	0.061567	2.1060	3.2385	1565.0	-0.049394	0.00013894	0.21015	liquid
124.69	425.00	438.70	0.0022795	11.879	108.76	0.087644	2.1021	3.2388	1558.7	-0.049279	0.00013642	0.20903	liquid
125.69	425.00	437.64	0.0022850	14.884	112.00	0.11352	2.0983	3.2392	1552.3	-0.049162	0.00013398	0.20791	liquid
126.69	425.00	436.59	0.0022905	17.889	115.24	0.13919	2.0945	3.2395	1546.0	-0.049043	0.00013163	0.20680	liquid
127.69	425.00	435.53	0.0022961	20.892	118.47	0.16466	2.0907	3.2398	1539.7	-0.048921	0.00012936	0.20568	liquid
128.69	425.00	434.47	0.0023016	23.895	121.71	0.18993	2.0870	3.2401	1533.3	-0.048798	0.00012717	0.20456	liquid
129.69	425.00	433.42	0.0023072	26.897	124.95	0.21501	2.0833	3.2405	1527.0	-0.048673	0.00012505	0.20345	liquid
130.69	425.00	432.36	0.0023129	29.898	128.20	0.23990	2.0796	3.2408	1520.7	-0.048545	0.00012299	0.20234	liquid
131.69	425.00	431.30	0.0023186	32.897	131.44	0.26461	2.0759	3.2411	1514.5	-0.048415	0.00012100	0.20123	liquid
132.69	425.00	430.24	0.0023243	35.896	134.68	0.28912	2.0723	3.2415	1508.2	-0.048283	0.00011908	0.20012	liquid
133.69	425.00	429.18	0.0023300	38.894	137.92	0.31346	2.0687	3.2418	1501.9	-0.048149	0.00011721	0.19902	liquid
134.69	425.00	428.12	0.0023358	41.891	141.16	0.33762	2.0651	3.2422	1495.7	-0.048012	0.00011539	0.19792	liquid
135.69	425.00	427.06	0.0023416	44.887	144.40	0.36160	2.0615	3.2425	1489.5	-0.047874	0.00011364	0.19682	liquid
136.69	425.00	426.00	0.0023474	47.881	147.65	0.38541	2.0580	3.2429	1483.3	-0.047732	0.00011193	0.19572	liquid
137.69	425.00	424.94	0.0023533	50.875	150.89	0.40905	2.0545	3.2432	1477.1	-0.047589	0.00011027	0.19462	liquid
138.69	425.00	423.88	0.0023592	53.868	154.13	0.43252	2.0510	3.2436	1470.9	-0.047442	0.00010865	0.19353	liquid
139.69	425.00	422.81	0.0023651	56.860	157.38	0.45583	2.0475	3.2440	1464.7	-0.047294	0.00010709	0.19245	liquid
140.69	425.00	421.75	0.0023711	59.850	160.62	0.47897	2.0441	3.2443	1458.6	-0.047143	0.00010556	0.19136	liquid
141.69	425.00	420.69	0.0023771	62.840	163.87	0.50195	2.0407	3.2447	1452.4	-0.046989	0.00010407	0.19028	liquid
142.69	425.00	419.62	0.0023831	65.828	167.11	0.52477	2.0373	3.2451	1446.3	-0.046833	0.00010263	0.18920	liquid
143.69	425.00	418.56	0.0023892	68.816	170.36	0.54743	2.0340	3.2455	1440.2	-0.046674	0.00010122	0.18813	liquid
144.69	425.00	417.49	0.0023953	71.802	173.60	0.56994	2.0307	3.2460	1434.1	-0.046513	9.9846e-05	0.18706	liquid
145.69	425.00	416.42	0.0024014	74.788	176.85	0.59230	2.0274	3.2464	1428.1	-0.046349	9.8507e-05	0.18600	liquid
146.69	425.00	415.35	0.0024076	77.772	180.09	0.61451	2.0241	3.2468	1422.0	-0.046182	9.7202e-05	0.18493	liquid
147.69	425.00	414.29	0.0024138	80.755	183.34	0.63657	2.0209	3.2473	1416.0	-0.046012	9.5928e-05	0.18388	liquid
148.69	425.00	413.22	0.0024200	83.737	186.59	0.65848	2.0177	3.2477	1410.0	-0.045840	9.4686e-05	0.18283	liquid
149.69	425.00	412.15	0.0024263	86.718	189.84	0.68025	2.0145	3.2482	1404.0	-0.045665	9.3472e-05	0.18178	liquid
150.69	425.00	411.08	0.0024326	89.698	193.09	0.70188	2.0114	3.2487	1398.0	-0.045487	9.2288e-05	0.18073	liquid
151.69	425.00	410.01	0.0024390	92.677	196.33	0.72337	2.0083	3.2492	1392.1	-0.045306	9.1130e-05	0.17970	liquid
152.69	425.00	408.93	0.0024454	95.655	199.58	0.74472	2.0052	3.2497	1386.1	-0.045123	8.9999e-05	0.17866	liquid
153.69	425.00	407.86	0.0024518	98.631	202.83	0.76593	2.0022	3.2502	1380.2	-0.044936	8.8894e-05	0.17763	liquid
154.69	425.00	406.79	0.0024583	101.61	206.08	0.78701	1.9991	3.2507	1374.3	-0.044747	8.7813e-05	0.17661	liquid
155.69	425.00	405.71	0.0024648	104.58	209.34	0.80796	1.9961	3.2513	1368.4	-0.044555	8.6756e-05	0.17559	liquid
156.69	425.00	404.64	0.0024713	107.55	212.59	0.82878	1.9932	3.2519	1362.6	-0.044359	8.5723e-05	0.17458	liquid
157.69	425.00	403.56	0.0024779	110.53	215.84	0.84947	1.9903	3.2524	1356.7	-0.044161	8.4711e-05	0.17357	liquid
158.69	425.00	402.49	0.0024845	113.50	219.09	0.87003	1.9874	3.2530	1350.9	-0.043960	8.3721e-05	0.17257	liquid
159.69	425.00	401.41	0.0024912	116.47	222.34	0.89046	1.9845	3.2536	1345.1	-0.043755	8.2752e-05	0.17157	liquid
160.69	425.00	400.33	0.0024979	119.44	225.60	0.91078	1.9817	3.2542	1339.3	-0.043548	8.1803e-05	0.17057	liquid
161.69	425.00	399.25	0.0025047	122.40	228.85	0.93097	1.9789	3.2548	1333.5	-0.043337	8.0874e-05	0.16959	liquid
162.69	425.00	398.18	0.0025115	125.37	232.11	0.95104	1.9761	3.2555	1327.8	-0.043123	7.9963e-05	0.16860	liquid
163.69	425.00	397.10	0.0025183	128.34	235.36	0.97099	1.9734	3.2561	1322.1	-0.042907	7.9071e-05	0.16763	liquid
164.69	425.00	396.02	0.0025252	131.30	238.62	0.99082	1.9707	3.2568	1316.4	-0.042686	7.8197e-05	0.16666	liquid
165.69	425.00	394.93	0.0025321	134.26	241.88	1.0105	1.9680	3.2575	1310.7	-0.042463	7.7340e-05	0.16569	liquid
166.69	425.00	393.85	0.0025390	137.23	245.14	1.0301	1.9653	3.2582	1305.0	-0.042237	7.6500e-05	0.16473	liquid
167.69	425.00	392.77	0.0025460	140.19	248.39	1.0496	1.9627	3.2589	1299.4	-0.042007	7.5676e-05	0.16378	liquid
168.69	425.00	391.69	0.0025531	143.15	251.65	1.0690	1.9601	3.2596	1293.8	-0.041774	7.4869e-05	0.16283	liquid
169.69	425.00	390.60	0.0025601	146.11	254.91	1.0883	1.9576	3.2603	1288.2	-0.041538	7.4076e-05	0.16189	liquid
170.69	425.00	389.52	0.0025673	149.06	258.17	1.1074	1.9551	3.2610	1282.6	-0.041299	7.3299e-05	0.16095	liquid
171.69	425.00	388.43	0.0025744	152.02	261.44	1.1265	1.9526	3.2618	1277.1	-0.041056	7.2536e-05	0.16002	liquid
172.69	425.00	387.35	0.0025817	154.98	264.70	1.1454	1.9502	3.2626	1271.6	-0.040810	7.1787e-05	0.15910	liquid
173.69	425.00	386.26	0.0025889	157.93	267.96	1.1643	1.9477	3.2634	1266.1	-0.040560	7.1052e-05	0.15818	liquid
174.69	425.00	385.17	0.0025962	160.88	271.22	1.1830	1.9453	3.2641	1260.6	-0.040307	7.0330e-05	0.15727	liquid
175.69	425.00	384.09	0.0026036	163.84	274.49	1.2016	1.9430	3.2650	1255.1	-0.040051	6.9622e-05	0.15636	liquid
176.69	425.00	383.00	0.0026110	166.79	277.75	1.2202	1.9407	3.2658	1249.7	-0.039792	6.8926e-05	0.15546	liquid
177.69	425.00	381.91	0.0026184	169.74	281.02	1.2386	1.9384	3.2666	1244.3	-0.039529	6.8243e-05	0.15456	liquid
178.69	425.00	380.82	0.0026259	172.69	284.29	1.2569	1.9361	3.2674	1238.9	-0.039263	6.7572e-05	0.15367	liquid
179.69	425.00	379.73	0.0026335	175.63	287.56	1.2752	1.9339	3.2683	1233.5	-0.038993	6.6912e-05	0.15279	liquid
180.69	425.00	378.64	0.0026410	178.58	290.82	1.2933	1.9317	3.2692	1228.2	-0.038720	6.6264e-05	0.15192	liquid
181.69	425.00	377.55	0.0026487	181.52	294.09	1.3114	1.9295	3.2700	1222.9	-0.038443	6.5628e-05	0.15105	liquid
182.69	425.00	376.45	0.0026564	184.47	297.36	1.3293	1.9274	3.2709	1217.6	-0.038163	6.5002e-05	0.15018	liquid
183.69	425.00	375.36	0.0026641	187.41	300.64	1.3472	1.9253	3.2718	1212.3	-0.037880	6.4387e-05	0.14933	liquid
184.69	425.00	374.27	0.0026719	190.35	303.91	1.3649	1.9233	3.2727	1207.1	-0.037593	6.3782e-05	0.14848	liquid
185.69	425.00	373.18	0.0026797	193.29	307.18	1.3826	1.9212	3.2736	1201.8	-0.037303	6.3188e-05	0.14763	liquid
186.69	425.00	372.08	0.0026876	196.23	310.45	1.4002	1.9192	3.2746	1196.7	-0.037009	6.2603e-05	0.14679	liquid
187.69	425.00	370.99	0.0026955	199.17	313.73	1.4177	1.9173	3.2755	1191.5	-0.036712	6.2028e-05	0.14596	liquid
188.69	425.00	369.89	0.0027035	202.11	317.01	1.4351	1.9153	3.2764	1186.3	-0.036412	6.1463e-05	0.14514	liquid
189.69	425.00	368.80	0.0027115	205.04	320.28	1.4524	1.9134	3.2774	1181.2	-0.036108	6.0907e-05	0.14432	liquid
190.69	425.00	367.70	0.0027196	207.98	323.56	1.4696	1.9116	3.2783	1176.1	-0.035800	6.0360e-05	0.14352	supercritical
191.69	425.00	366.60	0.0027277	210.91	326.84	1.4868	1.9097	3.2793	1171.1	-0.035490	5.9821e-05	0.14270	supercritical
192.69	425.00	365.51	0.0027359	213.84	330.12	1.5039	1.9079	3.2803	1166.0	-0.035175	5.9292e-05	0.14190	supercritical
193.69	425.00	364.41	0.0027442	216.77	333.40	1.5208	1.9062	3.2812	1161.0	-0.034858	5.8771e-05	0.14110	supercritical
194.69	425.00	363.31	0.0027524	219.70	336.68	1.5377	1.9044	3.2822	1156.0	-0.034537	5.8258e-05	0.14031	supercritical
195.69	425.00	362.22	0.0027608	222.63	339.96	1.5546	1.9027	3.2832	1151.1	-0.034212	5.7753e-05	0.13952	supercritical
196.69	425.00	361.12	0.0027692	225.56	343.25	1.5713	1.9011	3.2842	1146.2	-0.033885	5.7256e-05	0.13875	supercritical
197.69	425.00	360.02	0.0027776	228.48	346.53	1.5880	1.8994	3.2852	1141.3	-0.033553	5.6767e-05	0.13797	supercritical
198.69	425.00	358.92	0.0027861	231.41	349.82	1.6045	1.8978	3.2862	1136.4	-0.033219	5.6286e-05	0.13721	supercritical
199.69	425.00	357.82	0.0027947	234.33	353.11	1.6210	1.8963	3.2872	1131.5	-0.032881	5.5812e-05	0.13645	supercritical
200.69	425.00	356.72	0.0028033	237.25	356.39	1.6375	1.8947	3.2882	1126.7	-0.032540	5.5345e-05	0.13570	supercritical
201.69	425.00	355.62	0.0028120	240.17	359.68	1.6538	1.8932	3.2892	1121.9	-0.032195	5.4886e-05	0.13495	supercritical
202.69	425.00	354.52	0.0028207	243.09	362.97	1.6701	1.8918	3.2902	1117.2	-0.031848	5.4433e-05	0.13421	supercritical
203.69	425.00	353.43	0.0028295	246.01	366.26	1.6863	1.8903	3.2912	1112.4	-0.031497	5.3987e-05	0.13348	supercritical
204.69	425.00	352.33	0.0028383	248.93	369.55	1.7024	1.8889	3.2922	1107.7	-0.031142	5.3548e-05	0.13275	supercritical
205.69	425.00	351.23	0.0028472	251.84	372.85	1.7184	1.8875	3.2932	1103.0	-0.030785	5.3116e-05	0.13203	supercritical
206.69	425.00	350.13	0.0028561	254.76	376.14	1.7344	1.8862	3.2942	1098.4	-0.030424	5.2690e-05	0.13131	supercritical
207.69	425.00	349.03	0.0028651	257.67	379.43	1.7503	1.8849	3.2952	1093.8	-0.030061	5.2270e-05	0.13061	supercritical
208.69	425.00	347.93	0.0028742	260.58	382.73	1.7661	1.8836	3.2962	1089.2	-0.029694	5.1857e-05	0.12990	supercritical
209.69	425.00	346.83	0.0028833	263.49	386.03	1.7819	1.8824	3.2972	1084.6	-0.029324	5.1449e-05	0.12921	supercritical
210.69	425.00	345.73	0.0028924	266.40	389.33	1.7976	1.8812	3.2982	1080.1	-0.028951	5.1048e-05	0.12852	supercritical
211.69	425.00	344.63	0.0029017	269.30	392.62	1.8132	1.8800	3.2992	1075.6	-0.028575	5.0652e-05	0.12783	supercritical
212.69	425.00	343.53	0.0029109	272.21	395.92	1.8288	1.8789	3.3002	1071.1	-0.028196	5.0263e-05	0.12716	supercritical
213.69	425.00	342.43	0.0029203	275.11	399.22	1.8442	1.8777	3.3012	1066.6	-0.027814	4.9879e-05	0.12649	supercritical
214.69	425.00	341.33	0.0029297	278.01	402.53	1.8597	1.8767	3.3021	1062.2	-0.027429	4.9500e-05	0.12582	supercritical
215.69	425.00	340.24	0.0029391	280.92	405.83	1.8750	1.8756	3.3031	1057.8	-0.027042	4.9127e-05	0.12516	supercritical
216.69	425.00	339.14	0.0029487	283.81	409.13	1.8903	1.8746	3.3041	1053.5	-0.026651	4.8759e-05	0.12451	supercritical
217.69	425.00	338.04	0.0029582	286.71	412.44	1.9055	1.8736	3.3050	1049.2	-0.026258	4.8396e-05	0.12387	supercritical
218.69	425.00	336.94	0.0029679	289.61	415.74	1.9206	1.8727	3.3060	1044.9	-0.025862	4.8039e-05	0.12323	supercritical
219.69	425.00	335.85	0.0029775	292.50	419.05	1.9357	1.8718	3.3069	1040.6	-0.025463	4.7686e-05	0.12259	supercritical
220.69	425.00	334.75	0.0029873	295.40	422.36	1.9508	1.8709	3.3078	1036.4	-0.025062	4.7339e-05	0.12196	supercritical
221.69	425.00	333.66	0.0029971	298.29	425.66	1.9657	1.8700	3.3087	1032.2	-0.024658	4.6996e-05	0.12134	supercritical
222.69	425.00	332.56	0.0030070	301.18	428.97	1.9806	1.8692	3.3096	1028.0	-0.024252	4.6659e-05	0.12073	supercritical
223.69	425.00	331.47	0.0030169	304.06	432.28	1.9954	1.8684	3.3105	1023.9	-0.023843	4.6325e-05	0.12012	supercritical
224.69	425.00	330.37	0.0030269	306.95	435.59	2.0102	1.8677	3.3113	1019.8	-0.023432	4.5997e-05	0.11952	supercritical
225.69	425.00	329.28	0.0030369	309.84	438.91	2.0249	1.8670	3.3122	1015.7	-0.023019	4.5673e-05	0.11892	supercritical
226.69	425.00	328.19	0.0030470	312.72	442.22	2.0396	1.8663	3.3130	1011.7	-0.022603	4.5354e-05	0.11833	supercritical
227.69	425.00	327.09	0.0030572	315.60	445.53	2.0541	1.8656	3.3139	1007.6	-0.022185	4.5039e-05	0.11774	supercritical
228.69	425.00	326.00	0.0030674	318.48	448.85	2.0687	1.8650	3.3147	1003.7	-0.021765	4.4728e-05	0.11717	supercritical
229.69	425.00	324.91	0.0030777	321.36	452.16	2.0831	1.8644	3.3155	999.73	-0.021343	4.4422e-05	0.11659	supercritical
230.69	425.00	323.83	0.0030881	324.23	455.48	2.0975	1.8638	3.3162	995.81	-0.020919	4.4120e-05	0.11603	supercritical
231.69	425.00	322.74	0.0030985	327.11	458.79	2.1119	1.8633	3.3170	991.93	-0.020493	4.3822e-05	0.11547	supercritical
232.69	425.00	321.65	0.0031090	329.98	462.11	2.1262	1.8628	3.3177	988.08	-0.020065	4.3528e-05	0.11491	supercritical
233.69	425.00	320.57	0.0031195	332.85	465.43	2.1404	1.8624	3.3184	984.26	-0.019635	4.3238e-05	0.11436	supercritical
234.69	425.00	319.48	0.0031301	335.72	468.75	2.1546	1.8619	3.3191	980.48	-0.019204	4.2952e-05	0.11382	supercritical
235.69	425.00	318.40	0.0031407	338.59	472.07	2.1687	1.8615	3.3198	976.73	-0.018771	4.2669e-05	0.11329	supercritical
236.69	425.00	317.31	0.0031514	341.45	475.39	2.1827	1.8611	3.3205	973.01	-0.018336	4.2391e-05	0.11276	supercritical
237.69	425.00	316.23	0.0031622	344.31	478.71	2.1967	1.8608	3.3211	969.32	-0.017900	4.2116e-05	0.11223	supercritical
238.69	425.00	315.15	0.0031730	347.18	482.03	2.2107	1.8605	3.3217	965.67	-0.017463	4.1845e-05	0.11171	supercritical
239.69	425.00	314.08	0.0031839	350.03	485.35	2.2246	1.8602	3.3223	962.05	-0.017024	4.1578e-05	0.11120	supercritical
240.69	425.00	313.00	0.0031949	352.89	488.67	2.2384	1.8600	3.3229	958.46	-0.016584	4.1314e-05	0.11069	supercritical
241.69	425.00	311.92	0.0032059	355.75	492.00	2.2522	1.8597	3.3234	954.91	-0.016143	4.1054e-05	0.11019	supercritical
242.69	425.00	310.85	0.0032170	358.60	495.32	2.2659	1.8595	3.3239	951.38	-0.015701	4.0798e-05	0.10970	supercritical
243.69	425.00	309.78	0.0032281	361.45	498.65	2.2796	1.8594	3.3244	947.89	-0.015257	4.0544e-05	0.10921	supercritical
244.69	425.00	308.71	0.0032393	364.30	501.97	2.2932	1.8593	3.3249	944.44	-0.014813	4.0294e-05	0.10872	supercritical
245.69	425.00	307.64	0.0032506	367.15	505.30	2.3067	1.8592	3.3253	941.02	-0.014368	4.0048e-05	0.10824	supercritical
246.69	425.00	306.57	0.0032619	369.99	508.62	2.3203	1.8591	3.3258	937.63	-0.013923	3.9805e-05	0.10777	supercritical
247.69	425.00	305.51	0.0032733	372.83	511.95	2.3337	1.8591	3.3262	934.27	-0.013477	3.9565e-05	0.10730	supercritical
248.69	425.00	304.44	0.0032847	375.67	515.27	2.3471	1.8591	3.3265	930.95	-0.013030	3.9328e-05	0.10684	supercritical
249.69	425.00	303.38	0.0032962	378.51	518.60	2.3605	1.8591	3.3269	927.66	-0.012583	3.9094e-05	0.10639	supercritical
250.69	425.00	302.32	0.0033077	381.35	521.93	2.3738	1.8591	3.3272	924.40	-0.012135	3.8863e-05	0.10594	supercritical
251.69	425.00	301.26	0.0033194	384.18	525.25	2.3870	1.8592	3.3274	921.17	-0.011687	3.8636e-05	0.10549	supercritical
252.69	425.00	300.21	0.0033310	387.01	528.58	2.4002	1.8593	3.3277	917.98	-0.011239	3.8411e-05	0.10506	supercritical
253.69	425.00	299.15	0.0033428	389.84	531.91	2.4133	1.8595	3.3279	914.82	-0.010791	3.8190e-05	0.10462	supercritical
254.69	425.00	298.10	0.0033546	392.67	535.24	2.4264	1.8596	3.3281	911.70	-0.010343	3.7971e-05	0.10419	supercritical
255.69	425.00	297.05	0.0033664	395.49	538.57	2.4395	1.8598	3.3283	908.60	-0.0098950	3.7756e-05	0.10377	supercritical
256.69	425.00	296.01	0.0033783	398.32	541.89	2.4525	1.8601	3.3284	905.54	-0.0094473	3.7543e-05	0.10336	supercritical
257.69	425.00	294.96	0.0033903	401.14	545.22	2.4654	1.8603	3.3285	902.52	-0.0089998	3.7333e-05	0.10294	supercritical
258.69	425.00	293.92	0.0034023	403.95	548.55	2.4783	1.8606	3.3286	899.52	-0.0085528	3.7125e-05	0.10254	supercritical
259.69	425.00	292.88	0.0034144	406.77	551.88	2.4911	1.8609	3.3286	896.56	-0.0081062	3.6921e-05	0.10214	supercritical
260.69	425.00	291.84	0.0034265	409.58	555.21	2.5039	1.8612	3.3287	893.63	-0.0076603	3.6719e-05	0.10174	supercritical
261.69	425.00	290.81	0.0034387	412.39	558.54	2.5167	1.8616	3.3287	890.74	-0.0072150	3.6520e-05	0.10135	supercritical
262.69	425.00	289.77	0.0034510	415.20	561.87	2.5294	1.8620	3.3286	887.87	-0.0067705	3.6324e-05	0.10097	supercritical
263.69	425.00	288.74	0.0034633	418.01	565.19	2.5420	1.8624	3.3285	885.04	-0.0063268	3.6130e-05	0.10059	supercritical
264.69	425.00	287.72	0.0034756	420.81	568.52	2.5546	1.8629	3.3284	882.24	-0.0058842	3.5938e-05	0.10021	supercritical
265.69	425.00	286.69	0.0034880	423.61	571.85	2.5672	1.8634	3.3283	879.47	-0.0054426	3.5750e-05	0.099844	supercritical
266.69	425.00	285.67	0.0035005	426.41	575.18	2.5797	1.8639	3.3281	876.74	-0.0050021	3.5563e-05	0.099479	supercritical
267.69	425.00	284.65	0.0035130	429.20	578.51	2.5921	1.8644	3.3280	874.03	-0.0045629	3.5379e-05	0.099120	supercritical
268.69	425.00	283.64	0.0035256	432.00	581.84	2.6045	1.8650	3.3277	871.36	-0.0041251	3.5198e-05	0.098766	supercritical
269.69	425.00	282.62	0.0035383	434.79	585.16	2.6169	1.8656	3.3275	868.72	-0.0036887	3.5019e-05	0.098417	supercritical
270.69	425.00	281.61	0.0035510	437.57	588.49	2.6292	1.8662	3.3272	866.11	-0.0032538	3.4842e-05	0.098073	supercritical
271.69	425.00	280.61	0.0035637	440.36	591.82	2.6415	1.8668	3.3269	863.54	-0.0028205	3.4668e-05	0.097734	supercritical
272.69	425.00	279.60	0.0035765	443.14	595.14	2.6537	1.8675	3.3266	860.99	-0.0023890	3.4496e-05	0.097400	supercritical
273.69	425.00	278.60	0.0035894	445.92	598.47	2.6659	1.8682	3.3262	858.48	-0.0019593	3.4327e-05	0.097071	supercritical
274.69	425.00	277.60	0.0036023	448.70	601.80	2.6780	1.8689	3.3258	855.99	-0.0015314	3.4159e-05	0.096746	supercritical
275.69	425.00	276.61	0.0036152	451.48	605.12	2.6901	1.8697	3.3254	853.54	-0.0011055	3.3994e-05	0.096426	supercritical
276.69	425.00	275.62	0.0036282	454.25	608.45	2.7021	1.8705	3.3249	851.12	-0.00068174	3.3831e-05	0.096111	supercritical
277.69	425.00	274.63	0.0036413	457.02	611.77	2.7141	1.8713	3.3245	848.73	-0.00026009	3.3670e-05	0.095801	supercritical
278.69	425.00	273.64	0.0036544	459.79	615.10	2.7261	1.8721	3.3239	846.37	0.00015931	3.3512e-05	0.095496	supercritical
279.69	425.00	272.66	0.0036675	462.55	618.42	2.7380	1.8729	3.3234	844.04	0.00057639	3.3355e-05	0.095195	supercritical
280.69	425.00	271.68	0.0036807	465.31	621.74	2.7498	1.8738	3.3229	841.74	0.00099106	3.3201e-05	0.094899	supercritical
281.69	425.00	270.71	0.0036940	468.07	625.07	2.7617	1.8747	3.3223	839.47	0.0014032	3.3048e-05	0.094607	supercritical
282.69	425.00	269.74	0.0037073	470.83	628.39	2.7734	1.8757	3.3217	837.23	0.0018128	3.2898e-05	0.094320	supercritical
283.69	425.00	268.77	0.0037206	473.58	631.71	2.7852	1.8766	3.3210	835.02	0.0022198	3.2750e-05	0.094037	supercritical
284.69	425.00	267.81	0.0037340	476.33	635.03	2.7968	1.8776	3.3204	832.83	0.0026240	3.2604e-05	0.093759	supercritical
285.69	425.00	266.85	0.0037475	479.08	638.35	2.8085	1.8786	3.3197	830.68	0.0030254	3.2459e-05	0.093486	supercritical
286.69	425.00	265.89	0.0037610	481.83	641.67	2.8201	1.8796	3.3190	828.56	0.0034240	3.2317e-05	0.093216	supercritical
287.69	425.00	264.93	0.0037745	484.57	644.99	2.8316	1.8807	3.3182	826.46	0.0038196	3.2176e-05	0.092951	supercritical
288.69	425.00	263.98	0.0037881	487.31	648.31	2.8431	1.8818	3.3175	824.40	0.0042121	3.2038e-05	0.092691	supercritical
289.69	425.00	263.04	0.0038017	490.05	651.62	2.8546	1.8829	3.3167	822.36	0.0046016	3.1901e-05	0.092434	supercritical
290.69	425.00	262.10	0.0038154	492.78	654.94	2.8660	1.8840	3.3159	820.35	0.0049878	3.1766e-05	0.092182	supercritical
291.69	425.00	261.16	0.0038291	495.52	658.25	2.8774	1.8852	3.3151	818.37	0.0053709	3.1633e-05	0.091934	supercritical
292.69	425.00	260.22	0.0038429	498.25	661.57	2.8888	1.8863	3.3142	816.42	0.0057506	3.1502e-05	0.091691	supercritical
293.69	425.00	259.29	0.0038567	500.97	664.88	2.9001	1.8875	3.3134	814.49	0.0061270	3.1373e-05	0.091451	supercritical
294.69	425.00	258.36	0.0038705	503.70	668.20	2.9113	1.8888	3.3125	812.59	0.0065000	3.1245e-05	0.091216	supercritical
295.69	425.00	257.44	0.0038844	506.42	671.51	2.9226	1.8900	3.3116	810.72	0.0068694	3.1119e-05	0.090984	supercritical
296.69	425.00	256.52	0.0038983	509.14	674.82	2.9337	1.8913	3.3106	808.87	0.0072353	3.0995e-05	0.090757	supercritical
297.69	425.00	255.60	0.0039123	511.86	678.13	2.9449	1.8926	3.3097	807.06	0.0075977	3.0873e-05	0.090533	supercritical
298.69	425.00	254.69	0.0039263	514.57	681.44	2.9560	1.8939	3.3087	805.26	0.0079563	3.0752e-05	0.090314	supercritical
299.69	425.00	253.78	0.0039404	517.28	684.75	2.9670	1.8952	3.3078	803.50	0.0083113	3.0633e-05	0.090098	supercritical
300.69	425.00	252.88	0.0039544	519.99	688.05	2.9780	1.8966	3.3068	801.76	0.0086625	3.0515e-05	0.089886	supercritical
301.69	425.00	251.98	0.0039686	522.70	691.36	2.9890	1.8980	3.3058	800.05	0.0090098	3.0399e-05	0.089679	supercritical
302.69	425.00	251.08	0.0039827	525.40	694.67	3.0000	1.8994	3.3048	798.36	0.0093533	3.0285e-05	0.089474	supercritical
303.69	425.00	250.19	0.0039969	528.10	697.97	3.0109	1.9008	3.3037	796.70	0.0096929	3.0173e-05	0.089274	supercritical
304.69	425.00	249.30	0.0040112	530.80	701.27	3.0217	1.9023	3.3027	795.06	0.010029	3.0061e-05	0.089077	supercritical
305.69	425.00	248.42	0.0040254	533.49	704.57	3.0325	1.9037	3.3016	793.45	0.010360	2.9952e-05	0.088884	supercritical
306.69	425.00	247.54	0.0040397	536.19	707.88	3.0433	1.9052	3.3006	791.86	0.010688	2.9844e-05	0.088695	supercritical
307.69	425.00	246.67	0.0040541	538.88	711.18	3.0541	1.9068	3.2995	790.29	0.011012	2.9737e-05	0.088509	supercritical
308.69	425.00	245.79	0.0040684	541.57	714.47	3.0648	1.9083	3.2984	788.76	0.011331	2.9632e-05	0.088327	supercritical
309.69	425.00	244.93	0.0040828	544.25	717.77	3.0754	1.9099	3.2973	787.24	0.011646	2.9529e-05	0.088148	supercritical
310.69	425.00	244.06	0.0040973	546.93	721.07	3.0861	1.9114	3.2962	785.75	0.011958	2.9427e-05	0.087973	supercritical
311.69	425.00	243.20	0.0041118	549.62	724.36	3.0967	1.9130	3.2950	784.28	0.012265	2.9326e-05	0.087802	supercritical
312.69	425.00	242.35	0.0041263	552.29	727.66	3.1072	1.9147	3.2939	782.84	0.012567	2.9227e-05	0.087633	supercritical
313.69	425.00	241.50	0.0041408	554.97	730.95	3.1177	1.9163	3.2928	781.41	0.012866	2.9129e-05	0.087468	supercritical
314.69	425.00	240.65	0.0041554	557.64	734.25	3.1282	1.9180	3.2916	780.01	0.013160	2.9032e-05	0.087307	supercritical
315.69	425.00	239.81	0.0041700	560.31	737.54	3.1386	1.9197	3.2905	778.64	0.013450	2.8937e-05	0.087149	supercritical
316.69	425.00	238.97	0.0041846	562.98	740.83	3.1490	1.9214	3.2894	777.28	0.013736	2.8843e-05	0.086994	supercritical
317.69	425.00	238.14	0.0041992	565.65	744.11	3.1594	1.9231	3.2882	775.95	0.014017	2.8751e-05	0.086842	supercritical
318.69	425.00	237.31	0.0042139	568.31	747.40	3.1697	1.9249	3.2870	774.64	0.014294	2.8660e-05	0.086694	supercritical
319.69	425.00	236.48	0.0042286	570.97	750.69	3.1800	1.9266	3.2859	773.35	0.014566	2.8570e-05	0.086548	supercritical
320.69	425.00	235.66	0.0042434	573.63	753.97	3.1903	1.9284	3.2847	772.09	0.014835	2.8481e-05	0.086406	supercritical
321.69	425.00	234.84	0.0042581	576.29	757.26	3.2005	1.9302	3.2836	770.84	0.015098	2.8394e-05	0.086267	supercritical
322.69	425.00	234.03	0.0042729	578.94	760.54	3.2107	1.9320	3.2824	769.61	0.015358	2.8308e-05	0.086131	supercritical
323.69	425.00	233.22	0.0042877	581.59	763.82	3.2209	1.9339	3.2812	768.41	0.015613	2.8223e-05	0.085998	supercritical
324.69	425.00	232.42	0.0043026	584.24	767.10	3.2310	1.9358	3.2801	767.23	0.015864	2.8140e-05	0.085869	supercritical
325.69	425.00	231.62	0.0043175	586.89	770.38	3.2411	1.9376	3.2789	766.06	0.016110	2.8057e-05	0.085742	supercritical
326.69	425.00	230.82	0.0043323	589.54	773.66	3.2511	1.9395	3.2777	764.92	0.016351	2.7976e-05	0.085618	supercritical
327.69	425.00	230.03	0.0043473	592.18	776.94	3.2611	1.9415	3.2766	763.79	0.016589	2.7896e-05	0.085497	supercritical
328.69	425.00	229.24	0.0043622	594.82	780.21	3.2711	1.9434	3.2754	762.69	0.016822	2.7817e-05	0.085379	supercritical
329.69	425.00	228.46	0.0043772	597.46	783.49	3.2811	1.9454	3.2743	761.60	0.017050	2.7739e-05	0.085264	supercritical
330.69	425.00	227.68	0.0043921	600.10	786.76	3.2910	1.9474	3.2731	760.54	0.017274	2.7663e-05	0.085151	supercritical
331.69	425.00	226.90	0.0044071	602.73	790.04	3.3009	1.9493	3.2720	759.49	0.017494	2.7587e-05	0.085042	supercritical
332.69	425.00	226.13	0.0044222	605.37	793.31	3.3107	1.9514	3.2709	758.46	0.017709	2.7513e-05	0.084935	supercritical
333.69	425.00	225.37	0.0044372	608.00	796.58	3.3205	1.9534	3.2697	757.45	0.017920	2.7440e-05	0.084831	supercritical
334.69	425.00	224.60	0.0044523	610.63	799.85	3.3303	1.9554	3.2686	756.46	0.018127	2.7367e-05	0.084729	supercritical
335.69	425.00	223.85	0.0044673	613.25	803.11	3.3401	1.9575	3.2675	755.48	0.018329	2.7296e-05	0.084631	supercritical
336.69	425.00	223.09	0.0044824	615.88	806.38	3.3498	1.9596	3.2664	754.52	0.018527	2.7226e-05	0.084535	supercritical
337.69	425.00	222.34	0.0044976	618.50	809.65	3.3595	1.9617	3.2653	753.59	0.018720	2.7157e-05	0.084441	supercritical
338.69	425.00	221.60	0.0045127	621.12	812.91	3.3691	1.9638	3.2642	752.66	0.018909	2.7089e-05	0.084351	supercritical
339.69	425.00	220.86	0.0045279	623.74	816.18	3.3787	1.9660	3.2631	751.76	0.019094	2.7022e-05	0.084262	supercritical
340.69	425.00	220.12	0.0045430	626.36	819.44	3.3883	1.9681	3.2621	750.87	0.019274	2.6956e-05	0.084177	supercritical
341.69	425.00	219.38	0.0045582	628.98	822.70	3.3979	1.9703	3.2610	750.00	0.019451	2.6891e-05	0.084094	supercritical
342.69	425.00	218.65	0.0045734	631.59	825.96	3.4074	1.9725	3.2600	749.14	0.019623	2.6827e-05	0.084013	supercritical
343.69	425.00	217.93	0.0045886	634.20	829.22	3.4169	1.9747	3.2589	748.30	0.019790	2.6764e-05	0.083935	supercritical
344.69	425.00	217.21	0.0046039	636.81	832.48	3.4264	1.9769	3.2579	747.48	0.019954	2.6702e-05	0.083859	supercritical
345.69	425.00	216.49	0.0046191	639.42	835.74	3.4358	1.9792	3.2569	746.67	0.020113	2.6641e-05	0.083786	supercritical
346.69	425.00	215.78	0.0046344	642.03	838.99	3.4452	1.9814	3.2559	745.88	0.020268	2.6580e-05	0.083715	supercritical
347.69	425.00	215.07	0.0046497	644.64	842.25	3.4546	1.9837	3.2549	745.11	0.020419	2.6521e-05	0.083646	supercritical
348.69	425.00	214.36	0.0046650	647.24	845.50	3.4639	1.9860	3.2539	744.34	0.020566	2.6463e-05	0.083580	supercritical
349.69	425.00	213.66	0.0046803	649.84	848.76	3.4733	1.9883	3.2530	743.60	0.020708	2.6405e-05	0.083516	supercritical
350.69	425.00	212.97	0.0046956	652.45	852.01	3.4826	1.9906	3.2521	742.87	0.020847	2.6348e-05	0.083455	supercritical
351.69	425.00	212.27	0.0047109	655.05	855.26	3.4918	1.9929	3.2511	742.15	0.020982	2.6292e-05	0.083395	supercritical
352.69	425.00	211.58	0.0047262	657.64	858.51	3.5010	1.9953	3.2502	741.45	0.021112	2.6237e-05	0.083338	supercritical
353.69	425.00	210.90	0.0047416	660.24	861.76	3.5102	1.9977	3.2493	740.76	0.021239	2.6183e-05	0.083284	supercritical
354.69	425.00	210.22	0.0047570	662.84	865.01	3.5194	2.0001	3.2484	740.09	0.021361	2.6130e-05	0.083231	supercritical
355.69	425.00	209.54	0.0047723	665.43	868.26	3.5286	2.0025	3.2476	739.43	0.021480	2.6077e-05	0.083180	supercritical
356.69	425.00	208.87	0.0047877	668.03	871.50	3.5377	2.0049	3.2467	738.78	0.021595	2.6026e-05	0.083132	supercritical
357.69	425.00	208.20	0.0048031	670.62	874.75	3.5468	2.0073	3.2459	738.15	0.021706	2.5975e-05	0.083086	supercritical
358.69	425.00	207.53	0.0048185	673.21	878.00	3.5558	2.0097	3.2451	737.53	0.021813	2.5925e-05	0.083042	supercritical
359.69	425.00	206.87	0.0048339	675.80	881.24	3.5649	2.0122	3.2443	736.92	0.021916	2.5876e-05	0.083000	supercritical
360.69	425.00	206.21	0.0048493	678.39	884.48	3.5739	2.0147	3.2435	736.33	0.022015	2.5827e-05	0.082960	supercritical
361.69	425.00	205.56	0.0048648	680.98	887.73	3.5828	2.0172	3.2428	735.75	0.022111	2.5779e-05	0.082922	supercritical
362.69	425.00	204.91	0.0048802	683.56	890.97	3.5918	2.0197	3.2421	735.18	0.022203	2.5732e-05	0.082887	supercritical
363.69	425.00	204.26	0.0048957	686.15	894.21	3.6007	2.0222	3.2413	734.63	0.022292	2.5686e-05	0.082853	supercritical
364.69	425.00	203.62	0.0049111	688.73	897.45	3.6096	2.0247	3.2406	734.08	0.022377	2.5641e-05	0.082821	supercritical
365.69	425.00	202.98	0.0049266	691.31	900.69	3.6185	2.0272	3.2400	733.55	0.022458	2.5596e-05	0.082791	supercritical
366.69	425.00	202.35	0.0049420	693.90	903.93	3.6273	2.0298	3.2393	733.03	0.022535	2.5552e-05	0.082763	supercritical
367.69	425.00	201.71	0.0049575	696.48	907.17	3.6362	2.0324	3.2387	732.53	0.022610	2.5508e-05	0.082737	supercritical
368.69	425.00	201.09	0.0049730	699.06	910.41	3.6450	2.0349	3.2380	732.03	0.022680	2.5466e-05	0.082713	supercritical
369.69	425.00	200.46	0.0049885	701.64	913.65	3.6537	2.0375	3.2375	731.55	0.022747	2.5424e-05	0.082691	supercritical
370.69	425.00	199.84	0.0050039	704.22	916.89	3.6625	2.0402	3.2369	731.07	0.022811	2.5382e-05	0.082671	supercritical
371.69	425.00	199.23	0.0050194	706.80	920.12	3.6712	2.0428	3.2363	730.61	0.022872	2.5342e-05	0.082652	supercritical
372.69	425.00	198.61	0.0050349	709.37	923.36	3.6799	2.0454	3.2358	730.16	0.022929	2.5302e-05	0.082636	supercritical
373.69	425.00	198.00	0.0050504	711.95	926.59	3.6886	2.0481	3.2353	729.72	0.022983	2.5263e-05	0.082621	supercritical
374.69	425.00	197.40	0.0050659	714.53	929.83	3.6972	2.0507	3.2348	729.29	0.023033	2.5224e-05	0.082608	supercritical
375.69	425.00	196.79	0.0050815	717.10	933.06	3.7058	2.0534	3.2343	728.87	0.023081	2.5186e-05	0.082597	supercritical
376.69	425.00	196.19	0.0050970	719.68	936.30	3.7144	2.0561	3.2339	728.46	0.023125	2.5149e-05	0.082588	supercritical
377.69	425.00	195.60	0.0051125	722.25	939.53	3.7230	2.0588	3.2334	728.07	0.023166	2.5112e-05	0.082580	supercritical
378.69	425.00	195.01	0.0051280	724.82	942.76	3.7315	2.0615	3.2330	727.68	0.023204	2.5076e-05	0.082574	supercritical
379.69	425.00	194.42	0.0051435	727.40	946.00	3.7401	2.0642	3.2326	727.30	0.023239	2.5040e-05	0.082570	supercritical
380.69	425.00	193.83	0.0051591	729.97	949.23	3.7486	2.0670	3.2323	726.93	0.023270	2.5005e-05	0.082567	supercritical
381.69	425.00	193.25	0.0051746	732.54	952.46	3.7570	2.0697	3.2319	726.58	0.023299	2.4971e-05	0.082567	supercritical
382.69	425.00	192.67	0.0051901	735.11	955.69	3.7655	2.0725	3.2316	726.23	0.023325	2.4937e-05	0.082568	supercritical
383.69	425.00	192.10	0.0052057	737.68	958.92	3.7739	2.0752	3.2313	725.89	0.023348	2.4904e-05	0.082570	supercritical
384.69	425.00	191.53	0.0052212	740.26	962.16	3.7823	2.0780	3.2311	725.56	0.023369	2.4871e-05	0.082574	supercritical
385.69	425.00	190.96	0.0052367	742.83	965.39	3.7907	2.0808	3.2308	725.24	0.023386	2.4839e-05	0.082580	supercritical
386.69	425.00	190.39	0.0052523	745.40	968.62	3.7991	2.0836	3.2306	724.93	0.023401	2.4808e-05	0.082587	supercritical
387.69	425.00	189.83	0.0052678	747.97	971.85	3.8074	2.0864	3.2304	724.62	0.023412	2.4777e-05	0.082596	supercritical
388.69	425.00	189.27	0.0052833	750.54	975.08	3.8158	2.0893	3.2302	724.33	0.023422	2.4746e-05	0.082607	supercritical
389.69	425.00	188.72	0.0052989	753.11	978.31	3.8241	2.0921	3.2301	724.04	0.023428	2.4716e-05	0.082619	supercritical
390.69	425.00	188.17	0.0053144	755.68	981.54	3.8323	2.0949	3.2299	723.77	0.023432	2.4687e-05	0.082633	supercritical
391.69	425.00	187.62	0.0053300	758.25	984.77	3.8406	2.0978	3.2298	723.50	0.023433	2.4658e-05	0.082648	supercritical
392.69	425.00	187.07	0.0053455	760.81	988.00	3.8488	2.1007	3.2297	723.24	0.023432	2.4630e-05	0.082665	supercritical
393.69	425.00	186.53	0.0053610	763.38	991.23	3.8570	2.1036	3.2297	722.99	0.023428	2.4602e-05	0.082683	supercritical
394.69	425.00	185.99	0.0053766	765.95	994.46	3.8652	2.1064	3.2296	722.74	0.023422	2.4575e-05	0.082703	supercritical
395.69	425.00	185.46	0.0053921	768.52	997.69	3.8734	2.1093	3.2296	722.51	0.023413	2.4548e-05	0.082724	supercritical
396.69	425.00	184.92	0.0054076	771.09	1000.9	3.8816	2.1123	3.2296	722.28	0.023402	2.4522e-05	0.082747	supercritical
397.69	425.00	184.39	0.0054232	773.66	1004.1	3.8897	2.1152	3.2296	722.06	0.023388	2.4496e-05	0.082771	supercritical
398.69	425.00	183.87	0.0054387	776.23	1007.4	3.8978	2.1181	3.2297	721.85	0.023373	2.4470e-05	0.082797	supercritical
399.69	425.00	183.34	0.0054543	778.80	1010.6	3.9059	2.1211	3.2297	721.64	0.023355	2.4445e-05	0.082824	supercritical
400.69	425.00	182.82	0.0054698	781.37	1013.8	3.9140	2.1240	3.2298	721.45	0.023334	2.4421e-05	0.082852	supercritical
401.69	425.00	182.30	0.0054853	783.94	1017.1	3.9220	2.1270	3.2300	721.26	0.023312	2.4397e-05	0.082882	supercritical
402.69	425.00	181.79	0.0055008	786.51	1020.3	3.9300	2.1299	3.2301	721.08	0.023287	2.4374e-05	0.082913	supercritical
403.69	425.00	181.28	0.0055164	789.08	1023.5	3.9381	2.1329	3.2303	720.90	0.023260	2.4351e-05	0.082946	supercritical
404.69	425.00	180.77	0.0055319	791.65	1026.8	3.9461	2.1359	3.2304	720.73	0.023231	2.4328e-05	0.082980	supercritical
405.69	425.00	180.26	0.0055474	794.22	1030.0	3.9540	2.1389	3.2307	720.57	0.023200	2.4306e-05	0.083016	supercritical
406.69	425.00	179.76	0.0055629	796.79	1033.2	3.9620	2.1419	3.2309	720.42	0.023167	2.4284e-05	0.083052	supercritical
407.69	425.00	179.26	0.0055785	799.36	1036.4	3.9699	2.1449	3.2311	720.27	0.023132	2.4263e-05	0.083090	supercritical
408.69	425.00	178.76	0.0055940	801.94	1039.7	3.9778	2.1479	3.2314	720.13	0.023095	2.4242e-05	0.083130	supercritical
409.69	425.00	178.27	0.0056095	804.51	1042.9	3.9857	2.1510	3.2317	719.99	0.023056	2.4221e-05	0.083170	supercritical
410.69	425.00	177.78	0.0056250	807.08	1046.1	3.9936	2.1540	3.2320	719.86	0.023015	2.4201e-05	0.083212	supercritical
411.69	425.00	177.29	0.0056405	809.65	1049.4	4.0015	2.1571	3.2324	719.74	0.022972	2.4181e-05	0.083256	supercritical
412.69	425.00	176.80	0.0056560	812.23	1052.6	4.0093	2.1601	3.2327	719.63	0.022928	2.4162e-05	0.083300	supercritical
413.69	425.00	176.32	0.0056715	814.80	1055.8	4.0171	2.1632	3.2331	719.52	0.022881	2.4143e-05	0.083346	supercritical
414.69	425.00	175.84	0.0056870	817.38	1059.1	4.0249	2.1663	3.2335	719.41	0.022833	2.4125e-05	0.083393	supercritical
415.69	425.00	175.36	0.0057025	819.95	1062.3	4.0327	2.1693	3.2340	719.32	0.022783	2.4107e-05	0.083441	supercritical
416.69	425.00	174.89	0.0057180	822.53	1065.5	4.0405	2.1724	3.2344	719.23	0.022732	2.4089e-05	0.083491	supercritical
417.69	425.00	174.41	0.0057335	825.10	1068.8	4.0483	2.1755	3.2349	719.14	0.022679	2.4072e-05	0.083542	supercritical
418.69	425.00	173.94	0.0057489	827.68	1072.0	4.0560	2.1786	3.2354	719.06	0.022624	2.4055e-05	0.083593	supercritical
419.69	425.00	173.48	0.0057644	830.26	1075.2	4.0637	2.1817	3.2359	718.99	0.022567	2.4038e-05	0.083647	supercritical
420.69	425.00	173.01	0.0057799	832.84	1078.5	4.0714	2.1849	3.2365	718.92	0.022509	2.4022e-05	0.083701	supercritical
421.69	425.00	172.55	0.0057954	835.42	1081.7	4.0791	2.1880	3.2370	718.86	0.022450	2.4006e-05	0.083757	supercritical
422.69	425.00	172.09	0.0058108	838.00	1085.0	4.0868	2.1911	3.2376	718.80	0.022389	2.3990e-05	0.083813	supercritical
423.69	425.00	171.64	0.0058263	840.58	1088.2	4.0944	2.1943	3.2382	718.75	0.022326	2.3975e-05	0.083871	supercritical
424.69	425.00	171.18	0.0058417	843.16	1091.4	4.1020	2.1974	3.2388	718.70	0.022262	2.3960e-05	0.083930	supercritical
425.69	425.00	170.73	0.0058572	845.74	1094.7	4.1097	2.2006	3.2395	718.66	0.022197	2.3946e-05	0.083990	supercritical
426.69	425.00	170.28	0.0058726	848.33	1097.9	4.1173	2.2037	3.2402	718.62	0.022130	2.3932e-05	0.084052	supercritical
427.69	425.00	169.83	0.0058881	850.91	1101.2	4.1249	2.2069	3.2409	718.59	0.022062	2.3918e-05	0.084114	supercritical
428.69	425.00	169.39	0.0059035	853.50	1104.4	4.1324	2.2101	3.2416	718.56	0.021992	2.3904e-05	0.084177	supercritical
429.69	425.00	168.95	0.0059189	856.08	1107.6	4.1400	2.2133	3.2423	718.54	0.021922	2.3891e-05	0.084242	supercritical
430.69	425.00	168.51	0.0059344	858.67	1110.9	4.1475	2.2165	3.2431	718.53	0.021850	2.3878e-05	0.084308	supercritical
431.69	425.00	168.07	0.0059498	861.26	1114.1	4.1550	2.2197	3.2438	718.52	0.021776	2.3866e-05	0.084375	supercritical
432.69	425.00	167.64	0.0059652	863.85	1117.4	4.1625	2.2229	3.2446	718.51	0.021702	2.3854e-05	0.084443	supercritical
433.69	425.00	167.21	0.0059806	866.44	1120.6	4.1700	2.2261	3.2454	718.51	0.021626	2.3842e-05	0.084511	supercritical
434.69	425.00	166.78	0.0059960	869.03	1123.9	4.1775	2.2293	3.2463	718.51	0.021549	2.3830e-05	0.084581	supercritical
435.69	425.00	166.35	0.0060114	871.62	1127.1	4.1850	2.2325	3.2471	718.52	0.021471	2.3819e-05	0.084653	supercritical
436.69	425.00	165.92	0.0060268	874.21	1130.4	4.1924	2.2357	3.2480	718.53	0.021392	2.3808e-05	0.084725	supercritical
437.69	425.00	165.50	0.0060422	876.81	1133.6	4.1998	2.2390	3.2489	718.54	0.021311	2.3797e-05	0.084798	supercritical
438.69	425.00	165.08	0.0060576	879.40	1136.8	4.2073	2.2422	3.2498	718.57	0.021230	2.3787e-05	0.084872	supercritical
439.69	425.00	164.66	0.0060730	882.00	1140.1	4.2147	2.2455	3.2507	718.59	0.021147	2.3777e-05	0.084947	supercritical
440.69	425.00	164.25	0.0060883	884.60	1143.4	4.2220	2.2487	3.2517	718.62	0.021064	2.3767e-05	0.085023	supercritical
441.69	425.00	163.83	0.0061037	887.20	1146.6	4.2294	2.2520	3.2526	718.65	0.020979	2.3757e-05	0.085101	supercritical
442.69	425.00	163.42	0.0061191	889.80	1149.9	4.2368	2.2552	3.2536	718.69	0.020894	2.3748e-05	0.085179	supercritical
443.69	425.00	163.01	0.0061344	892.40	1153.1	4.2441	2.2585	3.2546	718.73	0.020808	2.3739e-05	0.085258	supercritical
444.69	425.00	162.61	0.0061498	895.00	1156.4	4.2514	2.2618	3.2557	718.78	0.020720	2.3730e-05	0.085338	supercritical
445.69	425.00	162.20	0.0061651	897.60	1159.6	4.2588	2.2650	3.2567	718.83	0.020632	2.3722e-05	0.085419	supercritical
446.69	425.00	161.80	0.0061805	900.21	1162.9	4.2661	2.2683	3.2578	718.88	0.020543	2.3713e-05	0.085501	supercritical
447.69	425.00	161.40	0.0061958	902.82	1166.1	4.2733	2.2716	3.2589	718.94	0.020453	2.3705e-05	0.085584	supercritical
448.69	425.00	161.00	0.0062111	905.42	1169.4	4.2806	2.2749	3.2600	719.00	0.020362	2.3698e-05	0.085668	supercritical
449.69	425.00	160.61	0.0062264	908.03	1172.7	4.2879	2.2782	3.2611	719.06	0.020270	2.3690e-05	0.085753	supercritical
450.69	425.00	160.21	0.0062417	910.64	1175.9	4.2951	2.2815	3.2622	719.13	0.020178	2.3683e-05	0.085839	supercritical
451.69	425.00	159.82	0.0062571	913.26	1179.2	4.3024	2.2848	3.2634	719.20	0.020085	2.3676e-05	0.085926	supercritical
452.69	425.00	159.43	0.0062724	915.87	1182.4	4.3096	2.2881	3.2645	719.28	0.019991	2.3670e-05	0.086013	supercritical
453.69	425.00	159.04	0.0062876	918.49	1185.7	4.3168	2.2915	3.2657	719.36	0.019896	2.3663e-05	0.086102	supercritical
454.69	425.00	158.66	0.0063029	921.10	1189.0	4.3240	2.2948	3.2669	719.44	0.019801	2.3657e-05	0.086192	supercritical
455.69	425.00	158.27	0.0063182	923.72	1192.2	4.3311	2.2981	3.2682	719.53	0.019704	2.3651e-05	0.086282	supercritical
456.69	425.00	157.89	0.0063335	926.34	1195.5	4.3383	2.3014	3.2694	719.62	0.019608	2.3645e-05	0.086373	supercritical
457.69	425.00	157.51	0.0063488	928.96	1198.8	4.3455	2.3048	3.2707	719.71	0.019510	2.3640e-05	0.086465	supercritical
458.69	425.00	157.13	0.0063640	931.58	1202.1	4.3526	2.3081	3.2719	719.81	0.019412	2.3634e-05	0.086558	supercritical
459.69	425.00	156.76	0.0063793	934.21	1205.3	4.3597	2.3115	3.2732	719.90	0.019313	2.3629e-05	0.086652	supercritical
460.69	425.00	156.38	0.0063945	936.83	1208.6	4.3668	2.3148	3.2745	720.01	0.019214	2.3625e-05	0.086747	supercritical
461.69	425.00	156.01	0.0064098	939.46	1211.9	4.3739	2.3182	3.2759	720.11	0.019114	2.3620e-05	0.086843	supercritical
462.69	425.00	155.64	0.0064250	942.09	1215.2	4.3810	2.3215	3.2772	720.22	0.019013	2.3616e-05	0.086939	supercritical
463.69	425.00	155.27	0.0064402	944.72	1218.4	4.3881	2.3249	3.2786	720.34	0.018912	2.3611e-05	0.087036	supercritical
464.69	425.00	154.91	0.0064555	947.35	1221.7	4.3952	2.3283	3.2799	720.45	0.018810	2.3608e-05	0.087135	supercritical
465.69	425.00	154.54	0.0064707	949.99	1225.0	4.4022	2.3316	3.2813	720.57	0.018708	2.3604e-05	0.087234	supercritical
466.69	425.00	154.18	0.0064859	952.62	1228.3	4.4093	2.3350	3.2827	720.69	0.018606	2.3600e-05	0.087333	supercritical
467.69	425.00	153.82	0.0065011	955.26	1231.6	4.4163	2.3384	3.2842	720.81	0.018502	2.3597e-05	0.087434	supercritical
468.69	425.00	153.46	0.0065163	957.90	1234.8	4.4233	2.3418	3.2856	720.94	0.018399	2.3594e-05	0.087535	supercritical
469.69	425.00	153.10	0.0065315	960.54	1238.1	4.4303	2.3451	3.2871	721.07	0.018295	2.3591e-05	0.087638	supercritical
470.69	425.00	152.75	0.0065467	963.18	1241.4	4.4373	2.3485	3.2885	721.20	0.018190	2.3588e-05	0.087741	supercritical
471.69	425.00	152.40	0.0065618	965.83	1244.7	4.4443	2.3519	3.2900	721.34	0.018085	2.3586e-05	0.087844	supercritical
472.69	425.00	152.05	0.0065770	968.47	1248.0	4.4513	2.3553	3.2915	721.48	0.017980	2.3583e-05	0.087949	supercritical
473.69	425.00	151.70	0.0065922	971.12	1251.3	4.4582	2.3587	3.2930	721.62	0.017874	2.3581e-05	0.088054	supercritical
474.69	425.00	151.35	0.0066073	973.77	1254.6	4.4652	2.3621	3.2945	721.76	0.017768	2.3579e-05	0.088161	supercritical
475.69	425.00	151.00	0.0066225	976.42	1257.9	4.4721	2.3655	3.2961	721.91	0.017661	2.3578e-05	0.088267	supercritical
476.69	425.00	150.66	0.0066376	979.08	1261.2	4.4790	2.3689	3.2976	722.06	0.017554	2.3576e-05	0.088375	supercritical
477.69	425.00	150.31	0.0066527	981.73	1264.5	4.4859	2.3723	3.2992	722.21	0.017447	2.3575e-05	0.088484	supercritical
478.69	425.00	149.97	0.0066679	984.39	1267.8	4.4928	2.3758	3.3008	722.36	0.017340	2.3573e-05	0.088593	supercritical
479.69	425.00	149.63	0.0066830	987.05	1271.1	4.4997	2.3792	3.3024	722.52	0.017232	2.3572e-05	0.088703	supercritical
480.69	425.00	149.30	0.0066981	989.71	1274.4	4.5066	2.3826	3.3040	722.68	0.017123	2.3572e-05	0.088813	supercritical
481.69	425.00	148.96	0.0067132	992.37	1277.7	4.5135	2.3860	3.3057	722.84	0.017015	2.3571e-05	0.088925	supercritical
482.69	425.00	148.63	0.0067283	995.03	1281.0	4.5203	2.3894	3.3073	723.00	0.016906	2.3571e-05	0.089037	supercritical
483.69	425.00	148.29	0.0067434	997.70	1284.3	4.5272	2.3929	3.3090	723.17	0.016797	2.3570e-05	0.089150	supercritical
484.69	425.00	147.96	0.0067585	1000.4	1287.6	4.5340	2.3963	3.3106	723.34	0.016688	2.3570e-05	0.089263	supercritical
485.69	425.00	147.63	0.0067736	1003.0	1290.9	4.5408	2.3997	3.3123	723.51	0.016578	2.3570e-05	0.089377	supercritical
486.69	425.00	147.30	0.0067887	1005.7	1294.2	4.5476	2.4032	3.3140	723.68	0.016468	2.3570e-05	0.089492	supercritical
487.69	425.00	146.98	0.0068037	1008.4	1297.5	4.5544	2.4066	3.3157	723.86	0.016358	2.3571e-05	0.089608	supercritical
488.69	425.00	146.65	0.0068188	1011.1	1300.9	4.5612	2.4101	3.3174	724.03	0.016248	2.3571e-05	0.089725	supercritical
489.69	425.00	146.33	0.0068338	1013.7	1304.2	4.5680	2.4135	3.3192	724.21	0.016138	2.3572e-05	0.089842	supercritical
490.69	425.00	146.01	0.0068489	1016.4	1307.5	4.5748	2.4169	3.3209	724.40	0.016027	2.3573e-05	0.089959	supercritical
491.69	425.00	145.69	0.0068639	1019.1	1310.8	4.5816	2.4204	3.3227	724.58	0.015916	2.3574e-05	0.090078	supercritical
492.69	425.00	145.37	0.0068789	1021.8	1314.1	4.5883	2.4238	3.3245	724.77	0.015806	2.3575e-05	0.090197	supercritical
493.69	425.00	145.05	0.0068940	1024.5	1317.5	4.5951	2.4273	3.3262	724.95	0.015694	2.3576e-05	0.090317	supercritical
494.69	425.00	144.74	0.0069090	1027.2	1320.8	4.6018	2.4308	3.3280	725.14	0.015583	2.3578e-05	0.090437	supercritical
495.69	425.00	144.43	0.0069240	1029.9	1324.1	4.6085	2.4342	3.3299	725.34	0.015472	2.3579e-05	0.090558	supercritical
496.69	425.00	144.11	0.0069390	1032.6	1327.5	4.6152	2.4377	3.3317	725.53	0.015360	2.3581e-05	0.090680	supercritical
497.69	425.00	143.80	0.0069540	1035.2	1330.8	4.6219	2.4411	3.3335	725.73	0.015249	2.3583e-05	0.090802	supercritical
498.69	425.00	143.49	0.0069690	1037.9	1334.1	4.6286	2.4446	3.3354	725.92	0.015137	2.3585e-05	0.090925	supercritical
499.69	425.00	143.18	0.0069840	1040.6	1337.5	4.6353	2.4481	3.3372	726.12	0.015025	2.3587e-05	0.091049	supercritical
500.69	425.00	142.88	0.0069990	1043.3	1340.8	4.6420	2.4515	3.3391	726.33	0.014913	2.3590e-05	0.091174	supercritical
501.69	425.00	142.57	0.0070139	1046.0	1344.1	4.6486	2.4550	3.3410	726.53	0.014801	2.3592e-05	0.091298	supercritical
502.69	425.00	142.27	0.0070289	1048.8	1347.5	4.6553	2.4585	3.3429	726.74	0.014689	2.3595e-05	0.091424	supercritical
503.69	425.00	141.97	0.0070438	1051.5	1350.8	4.6619	2.4619	3.3448	726.94	0.014577	2.3597e-05	0.091550	supercritical
504.69	425.00	141.67	0.0070588	1054.2	1354.2	4.6686	2.4654	3.3467	727.15	0.014465	2.3600e-05	0.091677	supercritical
505.69	425.00	141.37	0.0070737	1056.9	1357.5	4.6752	2.4689	3.3486	727.36	0.014352	2.3603e-05	0.091805	supercritical
506.69	425.00	141.07	0.0070887	1059.6	1360.9	4.6818	2.4724	3.3506	727.58	0.014240	2.3606e-05	0.091933	supercritical
507.69	425.00	140.77	0.0071036	1062.3	1364.2	4.6884	2.4759	3.3525	727.79	0.014128	2.3610e-05	0.092061	supercritical
508.69	425.00	140.48	0.0071185	1065.0	1367.6	4.6950	2.4793	3.3545	728.01	0.014015	2.3613e-05	0.092191	supercritical
509.69	425.00	140.19	0.0071334	1067.8	1370.9	4.7016	2.4828	3.3564	728.22	0.013903	2.3617e-05	0.092321	supercritical
510.69	425.00	139.89	0.0071483	1070.5	1374.3	4.7082	2.4863	3.3584	728.44	0.013791	2.3620e-05	0.092451	supercritical
511.69	425.00	139.60	0.0071632	1073.2	1377.6	4.7148	2.4898	3.3604	728.66	0.013678	2.3624e-05	0.092582	supercritical
512.69	425.00	139.31	0.0071781	1075.9	1381.0	4.7213	2.4933	3.3624	728.89	0.013566	2.3628e-05	0.092714	supercritical
513.69	425.00	139.02	0.0071930	1078.7	1384.4	4.7279	2.4968	3.3644	729.11	0.013454	2.3632e-05	0.092846	supercritical
514.69	425.00	138.74	0.0072079	1081.4	1387.7	4.7344	2.5002	3.3665	729.34	0.013341	2.3636e-05	0.092979	supercritical
515.69	425.00	138.45	0.0072228	1084.1	1391.1	4.7410	2.5037	3.3685	729.56	0.013229	2.3641e-05	0.093112	supercritical
516.69	425.00	138.17	0.0072376	1086.9	1394.5	4.7475	2.5072	3.3705	729.79	0.013117	2.3645e-05	0.093246	supercritical
517.69	425.00	137.88	0.0072525	1089.6	1397.8	4.7540	2.5107	3.3726	730.02	0.013004	2.3650e-05	0.093381	supercritical
518.69	425.00	137.60	0.0072674	1092.4	1401.2	4.7605	2.5142	3.3746	730.26	0.012892	2.3654e-05	0.093516	supercritical
519.69	425.00	137.32	0.0072822	1095.1	1404.6	4.7670	2.5177	3.3767	730.49	0.012780	2.3659e-05	0.093651	supercritical
520.69	425.00	137.04	0.0072970	1097.8	1408.0	4.7735	2.5212	3.3788	730.72	0.012668	2.3664e-05	0.093788	supercritical
521.69	425.00	136.76	0.0073119	1100.6	1411.4	4.7800	2.5247	3.3809	730.96	0.012556	2.3669e-05	0.093924	supercritical
522.69	425.00	136.49	0.0073267	1103.3	1414.7	4.7865	2.5282	3.3830	731.20	0.012444	2.3674e-05	0.094062	supercritical
523.69	425.00	136.21	0.0073415	1106.1	1418.1	4.7929	2.5317	3.3851	731.44	0.012332	2.3679e-05	0.094199	supercritical
524.69	425.00	135.94	0.0073563	1108.9	1421.5	4.7994	2.5352	3.3872	731.68	0.012220	2.3685e-05	0.094338	supercritical
525.69	425.00	135.66	0.0073711	1111.6	1424.9	4.8059	2.5387	3.3894	731.92	0.012108	2.3690e-05	0.094477	supercritical
526.69	425.00	135.39	0.0073859	1114.4	1428.3	4.8123	2.5422	3.3915	732.16	0.011997	2.3696e-05	0.094616	supercritical
527.69	425.00	135.12	0.0074007	1117.1	1431.7	4.8187	2.5457	3.3936	732.41	0.011885	2.3701e-05	0.094756	supercritical
528.69	425.00	134.85	0.0074155	1119.9	1435.1	4.8252	2.5492	3.3958	732.65	0.011774	2.3707e-05	0.094897	supercritical
529.69	425.00	134.58	0.0074303	1122.7	1438.5	4.8316	2.5527	3.3980	732.90	0.011662	2.3713e-05	0.095038	supercritical
530.69	425.00	134.32	0.0074451	1125.5	1441.9	4.8380	2.5562	3.4001	733.15	0.011551	2.3719e-05	0.095179	supercritical
531.69	425.00	134.05	0.0074598	1128.2	1445.3	4.8444	2.5597	3.4023	733.40	0.011440	2.3725e-05	0.095321	supercritical
532.69	425.00	133.79	0.0074746	1131.0	1448.7	4.8508	2.5632	3.4045	733.65	0.011329	2.3731e-05	0.095464	supercritical
533.69	425.00	133.52	0.0074893	1133.8	1452.1	4.8572	2.5667	3.4067	733.90	0.011218	2.3738e-05	0.095607	supercritical
534.69	425.00	133.26	0.0075041	1136.6	1455.5	4.8636	2.5702	3.4089	734.15	0.011107	2.3744e-05	0.095750	supercritical
535.69	425.00	133.00	0.0075188	1139.3	1458.9	4.8699	2.5738	3.4111	734.41	0.010997	2.3750e-05	0.095894	supercritical
536.69	425.00	132.74	0.0075336	1142.1	1462.3	4.8763	2.5773	3.4133	734.66	0.010886	2.3757e-05	0.096039	supercritical
537.69	425.00	132.48	0.0075483	1144.9	1465.7	4.8827	2.5808	3.4156	734.92	0.010776	2.3764e-05	0.096184	supercritical
538.69	425.00	132.22	0.0075630	1147.7	1469.1	4.8890	2.5843	3.4178	735.18	0.010666	2.3770e-05	0.096329	supercritical
539.69	425.00	131.97	0.0075777	1150.5	1472.6	4.8953	2.5878	3.4201	735.43	0.010556	2.3777e-05	0.096475	supercritical
540.69	425.00	131.71	0.0075924	1153.3	1476.0	4.9017	2.5913	3.4223	735.69	0.010446	2.3784e-05	0.096622	supercritical
541.69	425.00	131.46	0.0076071	1156.1	1479.4	4.9080	2.5948	3.4246	735.96	0.010336	2.3791e-05	0.096769	supercritical
542.69	425.00	131.20	0.0076218	1158.9	1482.8	4.9143	2.5983	3.4268	736.22	0.010226	2.3798e-05	0.096916	supercritical
543.69	425.00	130.95	0.0076365	1161.7	1486.3	4.9206	2.6018	3.4291	736.48	0.010117	2.3806e-05	0.097064	supercritical
544.69	425.00	130.70	0.0076512	1164.5	1489.7	4.9269	2.6053	3.4314	736.75	0.010008	2.3813e-05	0.097213	supercritical
545.69	425.00	130.45	0.0076659	1167.3	1493.1	4.9332	2.6089	3.4337	737.01	0.0098988	2.3820e-05	0.097361	supercritical
546.69	425.00	130.20	0.0076805	1170.1	1496.6	4.9395	2.6124	3.4360	737.28	0.0097899	2.3828e-05	0.097511	supercritical
547.69	425.00	129.95	0.0076952	1172.9	1500.0	4.9458	2.6159	3.4383	737.55	0.0096812	2.3835e-05	0.097661	supercritical
548.69	425.00	129.70	0.0077098	1175.8	1503.4	4.9521	2.6194	3.4406	737.81	0.0095726	2.3843e-05	0.097811	supercritical
549.69	425.00	129.46	0.0077245	1178.6	1506.9	4.9583	2.6229	3.4429	738.08	0.0094643	2.3851e-05	0.097962	supercritical
550.69	425.00	129.21	0.0077391	1181.4	1510.3	4.9646	2.6264	3.4453	738.35	0.0093561	2.3859e-05	0.098113	supercritical
551.69	425.00	128.97	0.0077538	1184.2	1513.8	4.9709	2.6299	3.4476	738.63	0.0092482	2.3866e-05	0.098264	supercritical
552.69	425.00	128.73	0.0077684	1187.1	1517.2	4.9771	2.6334	3.4499	738.90	0.0091404	2.3874e-05	0.098416	supercritical
553.69	425.00	128.48	0.0077830	1189.9	1520.7	4.9833	2.6370	3.4523	739.17	0.0090328	2.3883e-05	0.098569	supercritical
554.69	425.00	128.24	0.0077976	1192.7	1524.1	4.9896	2.6405	3.4546	739.45	0.0089255	2.3891e-05	0.098722	supercritical
555.69	425.00	128.00	0.0078122	1195.5	1527.6	4.9958	2.6440	3.4570	739.72	0.0088183	2.3899e-05	0.098875	supercritical
556.69	425.00	127.77	0.0078268	1198.4	1531.0	5.0020	2.6475	3.4594	740.00	0.0087113	2.3907e-05	0.099029	supercritical
557.69	425.00	127.53	0.0078414	1201.2	1534.5	5.0082	2.6510	3.4618	740.27	0.0086046	2.3916e-05	0.099183	supercritical
558.69	425.00	127.29	0.0078560	1204.1	1538.0	5.0144	2.6545	3.4641	740.55	0.0084981	2.3924e-05	0.099338	supercritical
559.69	425.00	127.05	0.0078706	1206.9	1541.4	5.0206	2.6580	3.4665	740.83	0.0083917	2.3933e-05	0.099493	supercritical
560.69	425.00	126.82	0.0078852	1209.8	1544.9	5.0268	2.6615	3.4689	741.11	0.0082856	2.3941e-05	0.099648	supercritical
561.69	425.00	126.59	0.0078998	1212.6	1548.4	5.0330	2.6650	3.4713	741.39	0.0081797	2.3950e-05	0.099804	supercritical
562.69	425.00	126.35	0.0079143	1215.5	1551.8	5.0392	2.6686	3.4737	741.67	0.0080741	2.3959e-05	0.099961	supercritical
563.69	425.00	126.12	0.0079289	1218.3	1555.3	5.0453	2.6721	3.4761	741.95	0.0079686	2.3968e-05	0.10012	supercritical
564.69	425.00	125.89	0.0079435	1221.2	1558.8	5.0515	2.6756	3.4785	742.24	0.0078634	2.3976e-05	0.10027	supercritical
565.69	425.00	125.66	0.0079580	1224.0	1562.3	5.0577	2.6791	3.4810	742.52	0.0077584	2.3985e-05	0.10043	supercritical
566.69	425.00	125.43	0.0079725	1226.9	1565.7	5.0638	2.6826	3.4834	742.80	0.0076536	2.3995e-05	0.10059	supercritical
567.69	425.00	125.20	0.0079871	1229.8	1569.2	5.0700	2.6861	3.4858	743.09	0.0075491	2.4004e-05	0.10075	supercritical
568.69	425.00	124.97	0.0080016	1232.6	1572.7	5.0761	2.6896	3.4883	743.38	0.0074448	2.4013e-05	0.10091	supercritical
569.69	425.00	124.75	0.0080161	1235.5	1576.2	5.0822	2.6931	3.4907	743.66	0.0073407	2.4022e-05	0.10107	supercritical
570.69	425.00	124.52	0.0080307	1238.4	1579.7	5.0883	2.6966	3.4932	743.95	0.0072369	2.4031e-05	0.10123	supercritical
571.69	425.00	124.30	0.0080452	1241.3	1583.2	5.0945	2.7001	3.4956	744.24	0.0071333	2.4041e-05	0.10139	supercritical
572.69	425.00	124.07	0.0080597	1244.1	1586.7	5.1006	2.7037	3.4981	744.53	0.0070299	2.4050e-05	0.10155	supercritical
573.69	425.00	123.85	0.0080742	1247.0	1590.2	5.1067	2.7072	3.5006	744.82	0.0069268	2.4060e-05	0.10171	supercritical
574.69	425.00	123.63	0.0080887	1249.9	1593.7	5.1128	2.7107	3.5030	745.11	0.0068239	2.4069e-05	0.10187	supercritical
575.69	425.00	123.41	0.0081032	1252.8	1597.2	5.1189	2.7142	3.5055	745.40	0.0067213	2.4079e-05	0.10203	supercritical
576.69	425.00	123.19	0.0081176	1255.7	1600.7	5.1250	2.7177	3.5080	745.69	0.0066189	2.4089e-05	0.10219	supercritical
577.69	425.00	122.97	0.0081321	1258.6	1604.2	5.1310	2.7212	3.5105	745.98	0.0065168	2.4099e-05	0.10235	supercritical
578.69	425.00	122.75	0.0081466	1261.5	1607.7	5.1371	2.7247	3.5130	746.28	0.0064149	2.4109e-05	0.10252	supercritical
579.69	425.00	122.53	0.0081610	1264.4	1611.2	5.1432	2.7282	3.5155	746.57	0.0063133	2.4118e-05	0.10268	supercritical
580.69	425.00	122.32	0.0081755	1267.3	1614.7	5.1492	2.7317	3.5180	746.86	0.0062119	2.4128e-05	0.10284	supercritical
581.69	425.00	122.10	0.0081900	1270.2	1618.3	5.1553	2.7352	3.5205	747.16	0.0061108	2.4138e-05	0.10301	supercritical
582.69	425.00	121.89	0.0082044	1273.1	1621.8	5.1613	2.7387	3.5230	747.45	0.0060099	2.4149e-05	0.10317	supercritical
583.69	425.00	121.67	0.0082188	1276.0	1625.3	5.1674	2.7422	3.5255	747.75	0.0059093	2.4159e-05	0.10334	supercritical
584.69	425.00	121.46	0.0082333	1278.9	1628.8	5.1734	2.7457	3.5281	748.05	0.0058089	2.4169e-05	0.10350	supercritical
585.69	425.00	121.25	0.0082477	1281.8	1632.4	5.1795	2.7492	3.5306	748.35	0.0057088	2.4179e-05	0.10367	supercritical
586.69	425.00	121.03	0.0082621	1284.8	1635.9	5.1855	2.7527	3.5331	748.64	0.0056090	2.4190e-05	0.10383	supercritical
587.69	425.00	120.82	0.0082765	1287.7	1639.4	5.1915	2.7562	3.5357	748.94	0.0055094	2.4200e-05	0.10400	supercritical
588.69	425.00	120.61	0.0082910	1290.6	1643.0	5.1975	2.7597	3.5382	749.24	0.0054101	2.4210e-05	0.10416	supercritical
589.69	425.00	120.40	0.0083054	1293.5	1646.5	5.2035	2.7632	3.5407	749.54	0.0053111	2.4221e-05	0.10433	supercritical
590.69	425.00	120.20	0.0083198	1296.5	1650.1	5.2095	2.7667	3.5433	749.84	0.0052123	2.4232e-05	0.10450	supercritical
591.69	425.00	119.99	0.0083342	1299.4	1653.6	5.2155	2.7702	3.5459	750.14	0.0051137	2.4242e-05	0.10467	supercritical
592.69	425.00	119.78	0.0083485	1302.3	1657.1	5.2215	2.7737	3.5484	750.45	0.0050155	2.4253e-05	0.10483	supercritical
593.69	425.00	119.58	0.0083629	1305.3	1660.7	5.2275	2.7772	3.5510	750.75	0.0049175	2.4264e-05	0.10500	supercritical
594.69	425.00	119.37	0.0083773	1308.2	1664.2	5.2335	2.7807	3.5535	751.05	0.0048198	2.4274e-05	0.10517	supercritical
595.69	425.00	119.17	0.0083917	1311.2	1667.8	5.2394	2.7842	3.5561	751.36	0.0047223	2.4285e-05	0.10534	supercritical
596.69	425.00	118.96	0.0084060	1314.1	1671.4	5.2454	2.7876	3.5587	751.66	0.0046251	2.4296e-05	0.10551	supercritical
597.69	425.00	118.76	0.0084204	1317.1	1674.9	5.2514	2.7911	3.5613	751.96	0.0045282	2.4307e-05	0.10568	supercritical
598.69	425.00	118.56	0.0084348	1320.0	1678.5	5.2573	2.7946	3.5639	752.27	0.0044315	2.4318e-05	0.10585	supercritical
599.69	425.00	118.36	0.0084491	1323.0	1682.0	5.2633	2.7981	3.5664	752.57	0.0043352	2.4329e-05	0.10602	supercritical
600.69	425.00	118.16	0.0084635	1325.9	1685.6	5.2692	2.8016	3.5690	752.88	0.0042390	2.4340e-05	0.10619	supercritical
601.69	425.00	117.96	0.0084778	1328.9	1689.2	5.2752	2.8051	3.5716	753.19	0.0041432	2.4351e-05	0.10636	supercritical
602.69	425.00	117.76	0.0084921	1331.8	1692.8	5.2811	2.8086	3.5742	753.49	0.0040476	2.4363e-05	0.10653	supercritical
603.69	425.00	117.56	0.0085065	1334.8	1696.3	5.2870	2.8121	3.5768	753.80	0.0039523	2.4374e-05	0.10670	supercritical
604.69	425.00	117.36	0.0085208	1337.8	1699.9	5.2929	2.8155	3.5794	754.11	0.0038573	2.4385e-05	0.10687	supercritical
605.69	425.00	117.16	0.0085351	1340.8	1703.5	5.2989	2.8190	3.5821	754.42	0.0037626	2.4396e-05	0.10704	supercritical
606.69	425.00	116.97	0.0085494	1343.7	1707.1	5.3048	2.8225	3.5847	754.73	0.0036681	2.4408e-05	0.10722	supercritical
607.69	425.00	116.77	0.0085637	1346.7	1710.7	5.3107	2.8260	3.5873	755.04	0.0035739	2.4419e-05	0.10739	supercritical
608.69	425.00	116.58	0.0085780	1349.7	1714.3	5.3166	2.8295	3.5899	755.35	0.0034800	2.4431e-05	0.10756	supercritical
609.69	425.00	116.38	0.0085923	1352.7	1717.8	5.3225	2.8329	3.5925	755.66	0.0033863	2.4442e-05	0.10774	supercritical
610.69	425.00	116.19	0.0086066	1355.7	1721.4	5.3284	2.8364	3.5952	755.97	0.0032929	2.4454e-05	0.10791	supercritical
611.69	425.00	116.00	0.0086209	1358.6	1725.0	5.3342	2.8399	3.5978	756.28	0.0031998	2.4466e-05	0.10808	supercritical
612.69	425.00	115.81	0.0086352	1361.6	1728.6	5.3401	2.8434	3.6004	756.59	0.0031070	2.4477e-05	0.10826	supercritical
613.69	425.00	115.61	0.0086494	1364.6	1732.2	5.3460	2.8468	3.6031	756.90	0.0030145	2.4489e-05	0.10843	supercritical
614.69	425.00	115.42	0.0086637	1367.6	1735.8	5.3519	2.8503	3.6057	757.21	0.0029222	2.4501e-05	0.10861	supercritical
615.69	425.00	115.23	0.0086780	1370.6	1739.4	5.3577	2.8538	3.6084	757.53	0.0028302	2.4513e-05	0.10878	supercritical
616.69	425.00	115.05	0.0086922	1373.6	1743.1	5.3636	2.8572	3.6110	757.84	0.0027385	2.4524e-05	0.10896	supercritical
617.69	425.00	114.86	0.0087065	1376.6	1746.7	5.3694	2.8607	3.6136	758.15	0.0026470	2.4536e-05	0.10913	supercritical
618.69	425.00	114.67	0.0087207	1379.7	1750.3	5.3753	2.8642	3.6163	758.47	0.0025559	2.4548e-05	0.10931	supercritical
619.69	425.00	114.48	0.0087350	1382.7	1753.9	5.3811	2.8676	3.6190	758.78	0.0024650	2.4560e-05	0.10949	supercritical
620.69	425.00	114.30	0.0087492	1385.7	1757.5	5.3870	2.8711	3.6216	759.10	0.0023744	2.4572e-05	0.10966	supercritical
621.69	425.00	114.11	0.0087634	1388.7	1761.1	5.3928	2.8746	3.6243	759.41	0.0022840	2.4584e-05	0.10984	supercritical
622.69	425.00	113.93	0.0087777	1391.7	1764.8	5.3986	2.8780	3.6269	759.73	0.0021940	2.4596e-05	0.11002	supercritical
623.69	425.00	113.74	0.0087919	1394.7	1768.4	5.4045	2.8815	3.6296	760.04	0.0021042	2.4609e-05	0.11019	supercritical
624.69	425.00	113.56	0.0088061	1397.8	1772.0	5.4103	2.8849	3.6323	760.36	0.0020147	2.4621e-05	0.11037	supercritical