Temperature (K)	Pressure (bar)	Density (kg/m3)	Volume (m3/kg)	Internal Energy (kJ/kg)	Enthalpy (kJ/kg)	Entropy (J/g*K)	Cv (J/g*K)	Cp (J/g*K)	Sound Spd. (m/s)	Joule-Thomson (K/bar)	Viscosity (Pa*s)	Therm. Cond. (W/m*K)	Phase
90.694	533.00	479.16	0.0020870	-94.218	17.019	-0.99078	2.2717	3.2185	1825.3	-0.052451	0.00039397	0.25232	liquid
103.69	533.00	466.11	0.0021454	-55.568	58.783	-0.56043	2.2073	3.2095	1748.5	-0.051984	0.00024044	0.24039	liquid
104.69	533.00	465.11	0.0021500	-52.604	61.993	-0.52963	2.2030	3.2093	1742.5	-0.051932	0.00023324	0.23939	liquid
105.69	533.00	464.11	0.0021547	-49.641	65.202	-0.49912	2.1987	3.2091	1736.5	-0.051877	0.00022645	0.23838	liquid
106.69	533.00	463.11	0.0021593	-46.680	68.411	-0.46890	2.1944	3.2089	1730.5	-0.051821	0.00022004	0.23736	liquid
107.69	533.00	462.12	0.0021640	-43.720	71.620	-0.43897	2.1902	3.2087	1724.5	-0.051764	0.00021398	0.23633	liquid
108.69	533.00	461.12	0.0021686	-40.760	74.828	-0.40931	2.1861	3.2085	1718.4	-0.051705	0.00020825	0.23530	liquid
109.69	533.00	460.12	0.0021733	-37.802	78.037	-0.37993	2.1819	3.2084	1712.4	-0.051645	0.00020281	0.23426	liquid
110.69	533.00	459.12	0.0021781	-34.846	81.245	-0.35081	2.1778	3.2082	1706.4	-0.051583	0.00019766	0.23321	liquid
111.69	533.00	458.13	0.0021828	-31.890	84.453	-0.32196	2.1738	3.2080	1700.4	-0.051520	0.00019276	0.23216	liquid
112.69	533.00	457.13	0.0021875	-28.935	87.661	-0.29337	2.1697	3.2078	1694.4	-0.051456	0.00018811	0.23111	liquid
113.69	533.00	456.14	0.0021923	-25.982	90.869	-0.26503	2.1657	3.2076	1688.4	-0.051391	0.00018368	0.23005	liquid
114.69	533.00	455.14	0.0021971	-23.030	94.076	-0.23694	2.1617	3.2074	1682.4	-0.051324	0.00017946	0.22899	liquid
115.69	533.00	454.15	0.0022019	-20.079	97.284	-0.20910	2.1577	3.2073	1676.4	-0.051256	0.00017544	0.22792	liquid
116.69	533.00	453.15	0.0022068	-17.130	100.49	-0.18150	2.1538	3.2070	1670.4	-0.051187	0.00017159	0.22685	liquid
117.69	533.00	452.16	0.0022116	-14.181	103.70	-0.15413	2.1499	3.2068	1664.5	-0.051117	0.00016792	0.22578	liquid
118.69	533.00	451.16	0.0022165	-11.234	106.90	-0.12700	2.1460	3.2066	1658.5	-0.051045	0.00016441	0.22471	liquid
119.69	533.00	450.17	0.0022214	-8.2888	110.11	-0.10010	2.1421	3.2064	1652.5	-0.050973	0.00016105	0.22363	liquid
120.69	533.00	449.18	0.0022263	-5.3444	113.32	-0.073424	2.1382	3.2062	1646.6	-0.050899	0.00015783	0.22256	liquid
121.69	533.00	448.18	0.0022312	-2.4015	116.52	-0.046970	2.1344	3.2059	1640.6	-0.050823	0.00015474	0.22148	liquid
122.69	533.00	447.19	0.0022362	0.54017	119.73	-0.020735	2.1306	3.2057	1634.7	-0.050747	0.00015177	0.22040	liquid
123.69	533.00	446.20	0.0022412	3.4804	122.93	0.0052857	2.1268	3.2054	1628.8	-0.050669	0.00014892	0.21932	liquid
124.69	533.00	445.20	0.0022462	6.4193	126.14	0.031095	2.1230	3.2052	1622.9	-0.050590	0.00014618	0.21824	liquid
125.69	533.00	444.21	0.0022512	9.3567	129.34	0.056695	2.1193	3.2049	1617.0	-0.050509	0.00014354	0.21717	liquid
126.69	533.00	443.22	0.0022562	12.293	132.55	0.082091	2.1155	3.2046	1611.1	-0.050427	0.00014100	0.21609	liquid
127.69	533.00	442.22	0.0022613	15.227	135.75	0.10728	2.1118	3.2043	1605.3	-0.050344	0.00013855	0.21501	liquid
128.69	533.00	441.23	0.0022664	18.160	138.96	0.13228	2.1082	3.2041	1599.4	-0.050259	0.00013619	0.21393	liquid
129.69	533.00	440.24	0.0022715	21.092	142.16	0.15708	2.1045	3.2038	1593.6	-0.050173	0.00013391	0.21286	liquid
130.69	533.00	439.25	0.0022766	24.022	145.37	0.18169	2.1009	3.2035	1587.7	-0.050086	0.00013171	0.21178	liquid
131.69	533.00	438.26	0.0022818	26.951	148.57	0.20610	2.0973	3.2032	1581.9	-0.049997	0.00012958	0.21071	liquid
132.69	533.00	437.26	0.0022870	29.878	151.77	0.23033	2.0937	3.2029	1576.1	-0.049906	0.00012752	0.20964	liquid
133.69	533.00	436.27	0.0022922	32.803	154.97	0.25438	2.0901	3.2026	1570.4	-0.049815	0.00012553	0.20857	liquid
134.69	533.00	435.28	0.0022974	35.727	158.18	0.27824	2.0866	3.2023	1564.6	-0.049721	0.00012360	0.20750	liquid
135.69	533.00	434.29	0.0023026	38.650	161.38	0.30193	2.0831	3.2020	1558.8	-0.049626	0.00012174	0.20644	liquid
136.69	533.00	433.30	0.0023079	41.571	164.58	0.32544	2.0796	3.2017	1553.1	-0.049530	0.00011993	0.20538	liquid
137.69	533.00	432.30	0.0023132	44.490	167.78	0.34877	2.0761	3.2014	1547.4	-0.049432	0.00011817	0.20432	liquid
138.69	533.00	431.31	0.0023185	47.408	170.98	0.37194	2.0727	3.2011	1541.7	-0.049332	0.00011647	0.20326	liquid
139.69	533.00	430.32	0.0023238	50.324	174.18	0.39493	2.0693	3.2008	1536.0	-0.049231	0.00011481	0.20221	liquid
140.69	533.00	429.33	0.0023292	53.238	177.39	0.41776	2.0659	3.2004	1530.3	-0.049128	0.00011320	0.20116	liquid
141.69	533.00	428.34	0.0023346	56.151	180.59	0.44043	2.0625	3.2001	1524.7	-0.049024	0.00011164	0.20011	liquid
142.69	533.00	427.35	0.0023400	59.062	183.79	0.46293	2.0592	3.1998	1519.0	-0.048918	0.00011012	0.19907	liquid
143.69	533.00	426.35	0.0023455	61.972	186.99	0.48528	2.0559	3.1996	1513.4	-0.048810	0.00010864	0.19803	liquid
144.69	533.00	425.36	0.0023509	64.880	190.18	0.50747	2.0526	3.1993	1507.8	-0.048700	0.00010720	0.19699	liquid
145.69	533.00	424.37	0.0023564	67.786	193.38	0.52950	2.0493	3.1990	1502.2	-0.048589	0.00010580	0.19596	liquid
146.69	533.00	423.38	0.0023619	70.691	196.58	0.55138	2.0461	3.1987	1496.7	-0.048476	0.00010443	0.19493	liquid
147.69	533.00	422.39	0.0023675	73.594	199.78	0.57311	2.0429	3.1984	1491.1	-0.048362	0.00010310	0.19391	liquid
148.69	533.00	421.40	0.0023731	76.496	202.98	0.59469	2.0398	3.1981	1485.6	-0.048245	0.00010181	0.19289	liquid
149.69	533.00	420.41	0.0023787	79.395	206.18	0.61613	2.0366	3.1979	1480.1	-0.048127	0.00010054	0.19187	liquid
150.69	533.00	419.41	0.0023843	82.293	209.38	0.63742	2.0335	3.1976	1474.6	-0.048007	9.9308e-05	0.19086	liquid
151.69	533.00	418.42	0.0023899	85.190	212.57	0.65857	2.0304	3.1973	1469.1	-0.047885	9.8104e-05	0.18985	liquid
152.69	533.00	417.43	0.0023956	88.085	215.77	0.67957	2.0274	3.1971	1463.7	-0.047762	9.6928e-05	0.18885	liquid
153.69	533.00	416.44	0.0024013	90.978	218.97	0.70044	2.0243	3.1968	1458.2	-0.047636	9.5779e-05	0.18785	liquid
154.69	533.00	415.45	0.0024070	93.869	222.16	0.72118	2.0213	3.1966	1452.8	-0.047509	9.4657e-05	0.18685	liquid
155.69	533.00	414.46	0.0024128	96.759	225.36	0.74177	2.0184	3.1963	1447.4	-0.047380	9.3560e-05	0.18587	liquid
156.69	533.00	413.47	0.0024186	99.646	228.56	0.76223	2.0154	3.1961	1442.0	-0.047249	9.2488e-05	0.18488	liquid
157.69	533.00	412.48	0.0024244	102.53	231.75	0.78257	2.0125	3.1959	1436.7	-0.047116	9.1440e-05	0.18390	liquid
158.69	533.00	411.49	0.0024302	105.42	234.95	0.80277	2.0096	3.1957	1431.4	-0.046981	9.0414e-05	0.18293	liquid
159.69	533.00	410.49	0.0024361	108.30	238.14	0.82284	2.0068	3.1955	1426.0	-0.046844	8.9411e-05	0.18196	liquid
160.69	533.00	409.50	0.0024420	111.18	241.34	0.84279	2.0040	3.1953	1420.7	-0.046705	8.8429e-05	0.18099	liquid
161.69	533.00	408.51	0.0024479	114.06	244.53	0.86261	2.0012	3.1951	1415.5	-0.046565	8.7468e-05	0.18003	liquid
162.69	533.00	407.52	0.0024539	116.94	247.73	0.88231	1.9984	3.1949	1410.2	-0.046422	8.6526e-05	0.17908	liquid
163.69	533.00	406.53	0.0024598	119.81	250.92	0.90189	1.9957	3.1947	1405.0	-0.046278	8.5604e-05	0.17813	liquid
164.69	533.00	405.54	0.0024659	122.69	254.12	0.92134	1.9930	3.1945	1399.8	-0.046131	8.4701e-05	0.17719	liquid
165.69	533.00	404.55	0.0024719	125.56	257.31	0.94068	1.9903	3.1944	1394.6	-0.045983	8.3816e-05	0.17625	liquid
166.69	533.00	403.56	0.0024780	128.43	260.51	0.95990	1.9877	3.1942	1389.4	-0.045832	8.2949e-05	0.17531	liquid
167.69	533.00	402.57	0.0024841	131.30	263.70	0.97901	1.9850	3.1941	1384.2	-0.045680	8.2099e-05	0.17439	liquid
168.69	533.00	401.58	0.0024902	134.17	266.90	0.99800	1.9825	3.1940	1379.1	-0.045526	8.1265e-05	0.17346	liquid
169.69	533.00	400.59	0.0024963	137.03	270.09	1.0169	1.9799	3.1938	1374.0	-0.045369	8.0447e-05	0.17255	liquid
170.69	533.00	399.60	0.0025025	139.90	273.28	1.0356	1.9774	3.1937	1368.9	-0.045211	7.9645e-05	0.17163	liquid
171.69	533.00	398.61	0.0025087	142.76	276.48	1.0543	1.9749	3.1936	1363.8	-0.045050	7.8858e-05	0.17073	liquid
172.69	533.00	397.62	0.0025150	145.62	279.67	1.0728	1.9724	3.1935	1358.8	-0.044888	7.8086e-05	0.16983	liquid
173.69	533.00	396.63	0.0025213	148.48	282.86	1.0913	1.9700	3.1934	1353.8	-0.044723	7.7328e-05	0.16893	liquid
174.69	533.00	395.64	0.0025276	151.34	286.06	1.1096	1.9676	3.1933	1348.8	-0.044557	7.6584e-05	0.16804	liquid
175.69	533.00	394.65	0.0025339	154.19	289.25	1.1278	1.9653	3.1933	1343.8	-0.044389	7.5854e-05	0.16716	liquid
176.69	533.00	393.66	0.0025403	157.05	292.44	1.1460	1.9629	3.1932	1338.8	-0.044218	7.5137e-05	0.16628	liquid
177.69	533.00	392.67	0.0025467	159.90	295.64	1.1640	1.9606	3.1931	1333.9	-0.044045	7.4432e-05	0.16541	liquid
178.69	533.00	391.68	0.0025531	162.75	298.83	1.1819	1.9583	3.1931	1329.0	-0.043871	7.3740e-05	0.16455	liquid
179.69	533.00	390.69	0.0025596	165.60	302.02	1.1997	1.9561	3.1930	1324.1	-0.043694	7.3061e-05	0.16369	liquid
180.69	533.00	389.70	0.0025661	168.44	305.22	1.2174	1.9539	3.1930	1319.2	-0.043516	7.2393e-05	0.16283	liquid
181.69	533.00	388.71	0.0025726	171.29	308.41	1.2351	1.9517	3.1930	1314.3	-0.043335	7.1736e-05	0.16198	liquid
182.69	533.00	387.72	0.0025792	174.13	311.60	1.2526	1.9496	3.1930	1309.5	-0.043152	7.1091e-05	0.16114	liquid
183.69	533.00	386.73	0.0025858	176.97	314.80	1.2700	1.9475	3.1930	1304.7	-0.042968	7.0457e-05	0.16030	liquid
184.69	533.00	385.75	0.0025924	179.81	317.99	1.2874	1.9454	3.1930	1299.9	-0.042781	6.9834e-05	0.15947	liquid
185.69	533.00	384.76	0.0025990	182.65	321.18	1.3046	1.9433	3.1930	1295.2	-0.042592	6.9220e-05	0.15865	liquid
186.69	533.00	383.77	0.0026057	185.49	324.37	1.3217	1.9413	3.1930	1290.4	-0.042401	6.8618e-05	0.15783	liquid
187.69	533.00	382.78	0.0026125	188.32	327.57	1.3388	1.9393	3.1930	1285.7	-0.042209	6.8025e-05	0.15702	liquid
188.69	533.00	381.80	0.0026192	191.16	330.76	1.3558	1.9374	3.1930	1281.0	-0.042014	6.7441e-05	0.15621	liquid
189.69	533.00	380.81	0.0026260	193.99	333.95	1.3726	1.9354	3.1931	1276.4	-0.041817	6.6868e-05	0.15541	liquid
190.69	533.00	379.82	0.0026328	196.82	337.15	1.3894	1.9335	3.1931	1271.7	-0.041618	6.6303e-05	0.15462	supercritical
191.69	533.00	378.84	0.0026397	199.65	340.34	1.4061	1.9317	3.1932	1267.1	-0.041418	6.5748e-05	0.15382	supercritical
192.69	533.00	377.85	0.0026466	202.47	343.53	1.4227	1.9299	3.1933	1262.5	-0.041215	6.5201e-05	0.15304	supercritical
193.69	533.00	376.86	0.0026535	205.30	346.73	1.4393	1.9281	3.1933	1257.9	-0.041010	6.4663e-05	0.15226	supercritical
194.69	533.00	375.88	0.0026604	208.12	349.92	1.4557	1.9263	3.1934	1253.4	-0.040803	6.4134e-05	0.15149	supercritical
195.69	533.00	374.89	0.0026674	210.94	353.11	1.4721	1.9246	3.1935	1248.9	-0.040595	6.3612e-05	0.15072	supercritical
196.69	533.00	373.91	0.0026744	213.76	356.31	1.4884	1.9229	3.1936	1244.4	-0.040384	6.3099e-05	0.14996	supercritical
197.69	533.00	372.93	0.0026815	216.58	359.50	1.5046	1.9212	3.1937	1239.9	-0.040172	6.2594e-05	0.14920	supercritical
198.69	533.00	371.94	0.0026886	219.39	362.69	1.5207	1.9196	3.1938	1235.4	-0.039957	6.2096e-05	0.14845	supercritical
199.69	533.00	370.96	0.0026957	222.21	365.89	1.5367	1.9179	3.1939	1231.0	-0.039741	6.1606e-05	0.14771	supercritical
200.69	533.00	369.98	0.0027029	225.02	369.08	1.5527	1.9164	3.1940	1226.6	-0.039523	6.1124e-05	0.14697	supercritical
201.69	533.00	368.99	0.0027101	227.83	372.28	1.5685	1.9148	3.1941	1222.2	-0.039303	6.0648e-05	0.14624	supercritical
202.69	533.00	368.01	0.0027173	230.64	375.47	1.5843	1.9133	3.1942	1217.9	-0.039081	6.0180e-05	0.14551	supercritical
203.69	533.00	367.03	0.0027246	233.44	378.66	1.6000	1.9118	3.1944	1213.5	-0.038857	5.9719e-05	0.14479	supercritical
204.69	533.00	366.05	0.0027319	236.25	381.86	1.6157	1.9104	3.1945	1209.2	-0.038632	5.9265e-05	0.14408	supercritical
205.69	533.00	365.07	0.0027392	239.05	385.05	1.6313	1.9090	3.1947	1204.9	-0.038404	5.8817e-05	0.14337	supercritical
206.69	533.00	364.09	0.0027466	241.86	388.25	1.6468	1.9076	3.1948	1200.7	-0.038175	5.8376e-05	0.14267	supercritical
207.69	533.00	363.11	0.0027540	244.66	391.44	1.6622	1.9063	3.1950	1196.4	-0.037944	5.7941e-05	0.14197	supercritical
208.69	533.00	362.13	0.0027614	247.45	394.64	1.6775	1.9050	3.1951	1192.2	-0.037712	5.7513e-05	0.14128	supercritical
209.69	533.00	361.15	0.0027689	250.25	397.83	1.6928	1.9037	3.1953	1188.0	-0.037477	5.7090e-05	0.14059	supercritical
210.69	533.00	360.18	0.0027764	253.05	401.03	1.7080	1.9024	3.1954	1183.9	-0.037241	5.6674e-05	0.13992	supercritical
211.69	533.00	359.20	0.0027840	255.84	404.22	1.7231	1.9012	3.1956	1179.8	-0.037003	5.6264e-05	0.13924	supercritical
212.69	533.00	358.23	0.0027915	258.63	407.42	1.7382	1.9000	3.1958	1175.6	-0.036764	5.5860e-05	0.13857	supercritical
213.69	533.00	357.25	0.0027992	261.42	410.62	1.7532	1.8989	3.1959	1171.6	-0.036522	5.5461e-05	0.13791	supercritical
214.69	533.00	356.28	0.0028068	264.21	413.81	1.7681	1.8977	3.1961	1167.5	-0.036280	5.5068e-05	0.13726	supercritical
215.69	533.00	355.30	0.0028145	266.99	417.01	1.7830	1.8966	3.1963	1163.5	-0.036035	5.4680e-05	0.13661	supercritical
216.69	533.00	354.33	0.0028222	269.78	420.20	1.7977	1.8956	3.1965	1159.4	-0.035789	5.4298e-05	0.13596	supercritical
217.69	533.00	353.36	0.0028300	272.56	423.40	1.8125	1.8946	3.1967	1155.5	-0.035542	5.3921e-05	0.13532	supercritical
218.69	533.00	352.39	0.0028378	275.34	426.60	1.8271	1.8936	3.1969	1151.5	-0.035293	5.3549e-05	0.13469	supercritical
219.69	533.00	351.42	0.0028456	278.12	429.79	1.8417	1.8926	3.1970	1147.6	-0.035042	5.3183e-05	0.13406	supercritical
220.69	533.00	350.45	0.0028535	280.90	432.99	1.8562	1.8917	3.1972	1143.7	-0.034790	5.2821e-05	0.13344	supercritical
221.69	533.00	349.48	0.0028614	283.68	436.19	1.8707	1.8908	3.1974	1139.8	-0.034537	5.2465e-05	0.13283	supercritical
222.69	533.00	348.51	0.0028693	286.45	439.39	1.8851	1.8899	3.1976	1135.9	-0.034282	5.2113e-05	0.13222	supercritical
223.69	533.00	347.54	0.0028773	289.22	442.58	1.8994	1.8891	3.1978	1132.1	-0.034026	5.1766e-05	0.13161	supercritical
224.69	533.00	346.58	0.0028853	291.99	445.78	1.9136	1.8883	3.1980	1128.3	-0.033768	5.1424e-05	0.13102	supercritical
225.69	533.00	345.61	0.0028934	294.76	448.98	1.9278	1.8875	3.1982	1124.5	-0.033510	5.1086e-05	0.13042	supercritical
226.69	533.00	344.65	0.0029015	297.53	452.18	1.9420	1.8868	3.1984	1120.7	-0.033249	5.0753e-05	0.12983	supercritical
227.69	533.00	343.69	0.0029096	300.29	455.38	1.9561	1.8861	3.1986	1117.0	-0.032988	5.0424e-05	0.12925	supercritical
228.69	533.00	342.73	0.0029178	303.06	458.58	1.9701	1.8854	3.1988	1113.3	-0.032725	5.0100e-05	0.12868	supercritical
229.69	533.00	341.77	0.0029260	305.82	461.77	1.9840	1.8847	3.1990	1109.6	-0.032462	4.9779e-05	0.12811	supercritical
230.69	533.00	340.81	0.0029342	308.58	464.97	1.9979	1.8841	3.1992	1106.0	-0.032197	4.9464e-05	0.12754	supercritical
231.69	533.00	339.85	0.0029425	311.34	468.17	2.0118	1.8835	3.1994	1102.3	-0.031931	4.9152e-05	0.12698	supercritical
232.69	533.00	338.89	0.0029508	314.09	471.37	2.0256	1.8830	3.1996	1098.7	-0.031664	4.8844e-05	0.12643	supercritical
233.69	533.00	337.94	0.0029591	316.85	474.57	2.0393	1.8825	3.1998	1095.1	-0.031395	4.8541e-05	0.12588	supercritical
234.69	533.00	336.98	0.0029675	319.60	477.77	2.0529	1.8820	3.1999	1091.6	-0.031126	4.8241e-05	0.12534	supercritical
235.69	533.00	336.03	0.0029759	322.35	480.97	2.0665	1.8815	3.2001	1088.1	-0.030856	4.7945e-05	0.12480	supercritical
236.69	533.00	335.08	0.0029844	325.10	484.17	2.0801	1.8811	3.2003	1084.6	-0.030585	4.7654e-05	0.12427	supercritical
237.69	533.00	334.13	0.0029929	327.85	487.37	2.0936	1.8807	3.2005	1081.1	-0.030313	4.7365e-05	0.12374	supercritical
238.69	533.00	333.18	0.0030014	330.60	490.57	2.1070	1.8804	3.2007	1077.6	-0.030040	4.7081e-05	0.12322	supercritical
239.69	533.00	332.23	0.0030100	333.34	493.77	2.1204	1.8800	3.2009	1074.2	-0.029766	4.6800e-05	0.12270	supercritical
240.69	533.00	331.28	0.0030186	336.08	496.97	2.1337	1.8797	3.2010	1070.8	-0.029492	4.6523e-05	0.12219	supercritical
241.69	533.00	330.34	0.0030272	338.82	500.18	2.1470	1.8795	3.2012	1067.5	-0.029217	4.6249e-05	0.12169	supercritical
242.69	533.00	329.39	0.0030359	341.56	503.38	2.1602	1.8792	3.2014	1064.1	-0.028941	4.5979e-05	0.12119	supercritical
243.69	533.00	328.45	0.0030446	344.30	506.58	2.1734	1.8790	3.2016	1060.8	-0.028664	4.5713e-05	0.12069	supercritical
244.69	533.00	327.51	0.0030533	347.04	509.78	2.1865	1.8788	3.2017	1057.5	-0.028387	4.5449e-05	0.12020	supercritical
245.69	533.00	326.57	0.0030621	349.77	512.98	2.1996	1.8787	3.2019	1054.2	-0.028109	4.5189e-05	0.11972	supercritical
246.69	533.00	325.63	0.0030709	352.50	516.18	2.2126	1.8786	3.2021	1051.0	-0.027831	4.4933e-05	0.11924	supercritical
247.69	533.00	324.70	0.0030798	355.23	519.39	2.2255	1.8785	3.2022	1047.8	-0.027552	4.4679e-05	0.11877	supercritical
248.69	533.00	323.76	0.0030887	357.96	522.59	2.2384	1.8784	3.2024	1044.6	-0.027273	4.4429e-05	0.11830	supercritical
249.69	533.00	322.83	0.0030976	360.69	525.79	2.2513	1.8784	3.2025	1041.4	-0.026993	4.4182e-05	0.11783	supercritical
250.69	533.00	321.90	0.0031066	363.41	528.99	2.2641	1.8784	3.2027	1038.3	-0.026713	4.3938e-05	0.11738	supercritical
251.69	533.00	320.97	0.0031156	366.14	532.20	2.2768	1.8784	3.2028	1035.2	-0.026433	4.3697e-05	0.11692	supercritical
252.69	533.00	320.04	0.0031246	368.86	535.40	2.2895	1.8785	3.2029	1032.1	-0.026152	4.3459e-05	0.11647	supercritical
253.69	533.00	319.11	0.0031337	371.58	538.60	2.3022	1.8786	3.2031	1029.0	-0.025872	4.3224e-05	0.11603	supercritical
254.69	533.00	318.19	0.0031428	374.29	541.80	2.3148	1.8787	3.2032	1026.0	-0.025590	4.2992e-05	0.11559	supercritical
255.69	533.00	317.27	0.0031519	377.01	545.01	2.3273	1.8789	3.2033	1023.0	-0.025309	4.2763e-05	0.11516	supercritical
256.69	533.00	316.35	0.0031611	379.73	548.21	2.3398	1.8791	3.2034	1020.0	-0.025028	4.2536e-05	0.11473	supercritical
257.69	533.00	315.43	0.0031703	382.44	551.41	2.3523	1.8793	3.2035	1017.0	-0.024747	4.2313e-05	0.11431	supercritical
258.69	533.00	314.51	0.0031795	385.15	554.62	2.3647	1.8795	3.2036	1014.1	-0.024465	4.2092e-05	0.11389	supercritical
259.69	533.00	313.60	0.0031888	387.86	557.82	2.3771	1.8798	3.2037	1011.2	-0.024184	4.1874e-05	0.11348	supercritical
260.69	533.00	312.68	0.0031981	390.57	561.03	2.3894	1.8801	3.2038	1008.3	-0.023903	4.1659e-05	0.11307	supercritical
261.69	533.00	311.77	0.0032075	393.27	564.23	2.4016	1.8804	3.2039	1005.5	-0.023621	4.1446e-05	0.11266	supercritical
262.69	533.00	310.86	0.0032169	395.98	567.43	2.4139	1.8808	3.2040	1002.6	-0.023340	4.1236e-05	0.11226	supercritical
263.69	533.00	309.95	0.0032263	398.68	570.64	2.4260	1.8811	3.2041	999.81	-0.023060	4.1028e-05	0.11187	supercritical
264.69	533.00	309.05	0.0032357	401.38	573.84	2.4382	1.8816	3.2042	997.03	-0.022779	4.0823e-05	0.11148	supercritical
265.69	533.00	308.15	0.0032452	404.08	577.05	2.4502	1.8820	3.2043	994.28	-0.022499	4.0621e-05	0.11110	supercritical
266.69	533.00	307.25	0.0032547	406.77	580.25	2.4623	1.8825	3.2043	991.54	-0.022219	4.0421e-05	0.11072	supercritical
267.69	533.00	306.35	0.0032643	409.47	583.46	2.4743	1.8830	3.2044	988.84	-0.021939	4.0223e-05	0.11034	supercritical
268.69	533.00	305.45	0.0032739	412.16	586.66	2.4862	1.8835	3.2044	986.16	-0.021660	4.0028e-05	0.10997	supercritical
269.69	533.00	304.55	0.0032835	414.85	589.86	2.4981	1.8840	3.2045	983.50	-0.021381	3.9835e-05	0.10960	supercritical
270.69	533.00	303.66	0.0032931	417.54	593.07	2.5100	1.8846	3.2045	980.87	-0.021103	3.9645e-05	0.10924	supercritical
271.69	533.00	302.77	0.0033028	420.23	596.27	2.5218	1.8852	3.2046	978.26	-0.020825	3.9457e-05	0.10889	supercritical
272.69	533.00	301.88	0.0033125	422.92	599.48	2.5336	1.8859	3.2046	975.68	-0.020548	3.9271e-05	0.10853	supercritical
273.69	533.00	301.00	0.0033223	425.60	602.68	2.5453	1.8865	3.2046	973.12	-0.020272	3.9087e-05	0.10819	supercritical
274.69	533.00	300.11	0.0033321	428.29	605.89	2.5570	1.8872	3.2047	970.58	-0.019996	3.8906e-05	0.10784	supercritical
275.69	533.00	299.23	0.0033419	430.97	609.09	2.5686	1.8879	3.2047	968.07	-0.019721	3.8727e-05	0.10750	supercritical
276.69	533.00	298.35	0.0033517	433.65	612.30	2.5802	1.8887	3.2047	965.59	-0.019447	3.8550e-05	0.10717	supercritical
277.69	533.00	297.48	0.0033616	436.33	615.50	2.5918	1.8894	3.2047	963.13	-0.019173	3.8375e-05	0.10684	supercritical
278.69	533.00	296.60	0.0033715	439.00	618.71	2.6033	1.8902	3.2047	960.69	-0.018901	3.8202e-05	0.10651	supercritical
279.69	533.00	295.73	0.0033814	441.68	621.91	2.6148	1.8911	3.2047	958.27	-0.018629	3.8031e-05	0.10619	supercritical
280.69	533.00	294.86	0.0033914	444.35	625.12	2.6262	1.8919	3.2047	955.89	-0.018358	3.7863e-05	0.10587	supercritical
281.69	533.00	293.99	0.0034014	447.02	628.32	2.6376	1.8928	3.2047	953.52	-0.018088	3.7696e-05	0.10556	supercritical
282.69	533.00	293.13	0.0034115	449.69	631.52	2.6490	1.8937	3.2047	951.18	-0.017819	3.7532e-05	0.10525	supercritical
283.69	533.00	292.27	0.0034215	452.36	634.73	2.6603	1.8946	3.2047	948.86	-0.017552	3.7369e-05	0.10495	supercritical
284.69	533.00	291.41	0.0034316	455.03	637.93	2.6716	1.8956	3.2047	946.56	-0.017285	3.7209e-05	0.10465	supercritical
285.69	533.00	290.55	0.0034417	457.69	641.14	2.6828	1.8966	3.2046	944.29	-0.017019	3.7050e-05	0.10435	supercritical
286.69	533.00	289.70	0.0034519	460.36	644.34	2.6940	1.8976	3.2046	942.04	-0.016755	3.6893e-05	0.10406	supercritical
287.69	533.00	288.84	0.0034621	463.02	647.55	2.7052	1.8986	3.2046	939.82	-0.016491	3.6739e-05	0.10377	supercritical
288.69	533.00	288.00	0.0034723	465.68	650.75	2.7163	1.8996	3.2046	937.61	-0.016229	3.6586e-05	0.10349	supercritical
289.69	533.00	287.15	0.0034825	468.34	653.96	2.7274	1.9007	3.2045	935.43	-0.015968	3.6434e-05	0.10321	supercritical
290.69	533.00	286.30	0.0034928	471.00	657.16	2.7384	1.9018	3.2045	933.28	-0.015709	3.6285e-05	0.10293	supercritical
291.69	533.00	285.46	0.0035031	473.65	660.37	2.7494	1.9030	3.2044	931.14	-0.015451	3.6138e-05	0.10266	supercritical
292.69	533.00	284.62	0.0035134	476.31	663.57	2.7604	1.9041	3.2044	929.03	-0.015194	3.5992e-05	0.10239	supercritical
293.69	533.00	283.79	0.0035238	478.96	666.77	2.7713	1.9053	3.2043	926.94	-0.014939	3.5848e-05	0.10213	supercritical
294.69	533.00	282.95	0.0035341	481.61	669.98	2.7822	1.9065	3.2043	924.88	-0.014685	3.5706e-05	0.10187	supercritical
295.69	533.00	282.12	0.0035446	484.26	673.18	2.7931	1.9077	3.2042	922.83	-0.014432	3.5565e-05	0.10161	supercritical
296.69	533.00	281.29	0.0035550	486.91	676.39	2.8039	1.9090	3.2042	920.81	-0.014181	3.5427e-05	0.10136	supercritical
297.69	533.00	280.47	0.0035655	489.55	679.59	2.8147	1.9102	3.2041	918.81	-0.013932	3.5289e-05	0.10111	supercritical
298.69	533.00	279.65	0.0035759	492.20	682.80	2.8254	1.9115	3.2040	916.83	-0.013684	3.5154e-05	0.10086	supercritical
299.69	533.00	278.83	0.0035865	494.84	686.00	2.8361	1.9129	3.2040	914.87	-0.013437	3.5020e-05	0.10062	supercritical
300.69	533.00	278.01	0.0035970	497.48	689.20	2.8468	1.9142	3.2039	912.93	-0.013193	3.4888e-05	0.10039	supercritical
301.69	533.00	277.19	0.0036076	500.12	692.41	2.8574	1.9156	3.2038	911.02	-0.012950	3.4757e-05	0.10015	supercritical
302.69	533.00	276.38	0.0036182	502.76	695.61	2.8680	1.9170	3.2038	909.13	-0.012708	3.4628e-05	0.099922	supercritical
303.69	533.00	275.57	0.0036288	505.40	698.81	2.8786	1.9184	3.2037	907.25	-0.012469	3.4501e-05	0.099695	supercritical
304.69	533.00	274.77	0.0036394	508.04	702.02	2.8891	1.9198	3.2036	905.40	-0.012231	3.4375e-05	0.099472	supercritical
305.69	533.00	273.96	0.0036501	510.67	705.22	2.8996	1.9213	3.2035	903.57	-0.011995	3.4250e-05	0.099253	supercritical
306.69	533.00	273.16	0.0036608	513.30	708.43	2.9101	1.9227	3.2035	901.76	-0.011760	3.4128e-05	0.099037	supercritical
307.69	533.00	272.37	0.0036715	515.94	711.63	2.9205	1.9242	3.2034	899.97	-0.011528	3.4006e-05	0.098825	supercritical
308.69	533.00	271.57	0.0036823	518.57	714.83	2.9309	1.9258	3.2033	898.21	-0.011297	3.3886e-05	0.098616	supercritical
309.69	533.00	270.78	0.0036930	521.20	718.04	2.9413	1.9273	3.2032	896.46	-0.011068	3.3768e-05	0.098410	supercritical
310.69	533.00	269.99	0.0037038	523.82	721.24	2.9516	1.9289	3.2032	894.73	-0.010841	3.3651e-05	0.098208	supercritical
311.69	533.00	269.20	0.0037146	526.45	724.44	2.9619	1.9305	3.2031	893.02	-0.010616	3.3535e-05	0.098009	supercritical
312.69	533.00	268.42	0.0037255	529.08	727.65	2.9721	1.9321	3.2030	891.33	-0.010393	3.3421e-05	0.097814	supercritical
313.69	533.00	267.64	0.0037363	531.70	730.85	2.9824	1.9337	3.2030	889.66	-0.010172	3.3308e-05	0.097622	supercritical
314.69	533.00	266.86	0.0037472	534.32	734.05	2.9926	1.9354	3.2029	888.01	-0.0099527	3.3196e-05	0.097433	supercritical
315.69	533.00	266.09	0.0037581	536.95	737.25	3.0027	1.9370	3.2028	886.38	-0.0097354	3.3086e-05	0.097248	supercritical
316.69	533.00	265.32	0.0037691	539.57	740.46	3.0129	1.9387	3.2028	884.77	-0.0095202	3.2978e-05	0.097065	supercritical
317.69	533.00	264.55	0.0037800	542.18	743.66	3.0230	1.9405	3.2027	883.18	-0.0093070	3.2870e-05	0.096886	supercritical
318.69	533.00	263.78	0.0037910	544.80	746.86	3.0330	1.9422	3.2026	881.61	-0.0090959	3.2764e-05	0.096710	supercritical
319.69	533.00	263.02	0.0038020	547.42	750.06	3.0430	1.9440	3.2026	880.06	-0.0088868	3.2659e-05	0.096538	supercritical
320.69	533.00	262.26	0.0038130	550.03	753.27	3.0531	1.9457	3.2025	878.52	-0.0086797	3.2556e-05	0.096368	supercritical
321.69	533.00	261.50	0.0038240	552.65	756.47	3.0630	1.9475	3.2025	877.01	-0.0084748	3.2453e-05	0.096202	supercritical
322.69	533.00	260.75	0.0038351	555.26	759.67	3.0730	1.9493	3.2024	875.51	-0.0082720	3.2352e-05	0.096038	supercritical
323.69	533.00	260.00	0.0038461	557.87	762.87	3.0829	1.9512	3.2024	874.03	-0.0080713	3.2252e-05	0.095878	supercritical
324.69	533.00	259.25	0.0038572	560.49	766.08	3.0927	1.9530	3.2023	872.57	-0.0078727	3.2154e-05	0.095720	supercritical
325.69	533.00	258.51	0.0038684	563.10	769.28	3.1026	1.9549	3.2023	871.13	-0.0076763	3.2056e-05	0.095566	supercritical
326.69	533.00	257.77	0.0038795	565.70	772.48	3.1124	1.9568	3.2022	869.70	-0.0074820	3.1960e-05	0.095415	supercritical
327.69	533.00	257.03	0.0038906	568.31	775.68	3.1222	1.9587	3.2022	868.29	-0.0072899	3.1865e-05	0.095266	supercritical
328.69	533.00	256.29	0.0039018	570.92	778.89	3.1320	1.9606	3.2022	866.90	-0.0071000	3.1771e-05	0.095121	supercritical
329.69	533.00	255.56	0.0039130	573.53	782.09	3.1417	1.9626	3.2022	865.53	-0.0069122	3.1679e-05	0.094978	supercritical
330.69	533.00	254.83	0.0039242	576.13	785.29	3.1514	1.9646	3.2021	864.18	-0.0067267	3.1587e-05	0.094838	supercritical
331.69	533.00	254.10	0.0039354	578.73	788.49	3.1610	1.9666	3.2021	862.84	-0.0065434	3.1497e-05	0.094701	supercritical
332.69	533.00	253.38	0.0039467	581.34	791.69	3.1707	1.9686	3.2021	861.52	-0.0063622	3.1407e-05	0.094567	supercritical
333.69	533.00	252.66	0.0039579	583.94	794.90	3.1803	1.9706	3.2021	860.21	-0.0061833	3.1319e-05	0.094436	supercritical
334.69	533.00	251.94	0.0039692	586.54	798.10	3.1899	1.9726	3.2021	858.93	-0.0060066	3.1232e-05	0.094307	supercritical
335.69	533.00	251.23	0.0039805	589.14	801.30	3.1994	1.9747	3.2021	857.66	-0.0058322	3.1146e-05	0.094181	supercritical
336.69	533.00	250.51	0.0039918	591.74	804.50	3.2090	1.9768	3.2022	856.40	-0.0056599	3.1061e-05	0.094058	supercritical
337.69	533.00	249.80	0.0040031	594.34	807.70	3.2185	1.9789	3.2022	855.16	-0.0054900	3.0977e-05	0.093937	supercritical
338.69	533.00	249.10	0.0040145	596.94	810.91	3.2279	1.9810	3.2022	853.94	-0.0053222	3.0894e-05	0.093819	supercritical
339.69	533.00	248.40	0.0040258	599.53	814.11	3.2374	1.9831	3.2022	852.73	-0.0051567	3.0812e-05	0.093704	supercritical
340.69	533.00	247.70	0.0040372	602.13	817.31	3.2468	1.9853	3.2023	851.54	-0.0049935	3.0732e-05	0.093592	supercritical
341.69	533.00	247.00	0.0040486	604.72	820.51	3.2562	1.9874	3.2023	850.37	-0.0048325	3.0652e-05	0.093481	supercritical
342.69	533.00	246.31	0.0040600	607.32	823.72	3.2655	1.9896	3.2024	849.21	-0.0046738	3.0573e-05	0.093374	supercritical
343.69	533.00	245.62	0.0040714	609.91	826.92	3.2749	1.9918	3.2025	848.07	-0.0045173	3.0495e-05	0.093269	supercritical
344.69	533.00	244.93	0.0040828	612.51	830.12	3.2842	1.9940	3.2025	846.94	-0.0043630	3.0418e-05	0.093167	supercritical
345.69	533.00	244.24	0.0040943	615.10	833.32	3.2934	1.9962	3.2026	845.83	-0.0042111	3.0342e-05	0.093067	supercritical
346.69	533.00	243.56	0.0041058	617.69	836.53	3.3027	1.9985	3.2027	844.73	-0.0040613	3.0267e-05	0.092969	supercritical
347.69	533.00	242.88	0.0041172	620.28	839.73	3.3119	2.0008	3.2028	843.64	-0.0039139	3.0193e-05	0.092874	supercritical
348.69	533.00	242.21	0.0041287	622.87	842.93	3.3211	2.0030	3.2029	842.58	-0.0037686	3.0120e-05	0.092781	supercritical
349.69	533.00	241.53	0.0041402	625.46	846.14	3.3303	2.0053	3.2030	841.52	-0.0036257	3.0048e-05	0.092691	supercritical
350.69	533.00	240.86	0.0041517	628.05	849.34	3.3394	2.0076	3.2032	840.48	-0.0034849	2.9977e-05	0.092603	supercritical
351.69	533.00	240.20	0.0041633	630.64	852.54	3.3485	2.0100	3.2033	839.46	-0.0033464	2.9907e-05	0.092518	supercritical
352.69	533.00	239.53	0.0041748	633.23	855.74	3.3576	2.0123	3.2035	838.45	-0.0032101	2.9837e-05	0.092435	supercritical
353.69	533.00	238.87	0.0041863	635.82	858.95	3.3667	2.0147	3.2036	837.45	-0.0030761	2.9769e-05	0.092354	supercritical
354.69	533.00	238.21	0.0041979	638.40	862.15	3.3758	2.0170	3.2038	836.47	-0.0029443	2.9701e-05	0.092275	supercritical
355.69	533.00	237.56	0.0042095	640.99	865.36	3.3848	2.0194	3.2040	835.50	-0.0028147	2.9634e-05	0.092199	supercritical
356.69	533.00	236.91	0.0042211	643.58	868.56	3.3938	2.0218	3.2041	834.54	-0.0026873	2.9568e-05	0.092125	supercritical
357.69	533.00	236.26	0.0042327	646.16	871.76	3.4027	2.0242	3.2043	833.60	-0.0025621	2.9503e-05	0.092053	supercritical
358.69	533.00	235.61	0.0042443	648.75	874.97	3.4117	2.0267	3.2045	832.67	-0.0024392	2.9439e-05	0.091983	supercritical
359.69	533.00	234.97	0.0042559	651.33	878.17	3.4206	2.0291	3.2048	831.75	-0.0023184	2.9375e-05	0.091916	supercritical
360.69	533.00	234.33	0.0042675	653.92	881.38	3.4295	2.0316	3.2050	830.85	-0.0021998	2.9312e-05	0.091850	supercritical
361.69	533.00	233.69	0.0042792	656.50	884.58	3.4384	2.0341	3.2052	829.96	-0.0020834	2.9250e-05	0.091787	supercritical
362.69	533.00	233.06	0.0042908	659.09	887.79	3.4472	2.0365	3.2055	829.09	-0.0019691	2.9189e-05	0.091726	supercritical
363.69	533.00	232.42	0.0043025	661.67	890.99	3.4561	2.0390	3.2057	828.22	-0.0018570	2.9129e-05	0.091667	supercritical
364.69	533.00	231.80	0.0043142	664.26	894.20	3.4649	2.0416	3.2060	827.37	-0.0017471	2.9070e-05	0.091610	supercritical
365.69	533.00	231.17	0.0043258	666.84	897.41	3.4736	2.0441	3.2063	826.53	-0.0016392	2.9011e-05	0.091555	supercritical
366.69	533.00	230.55	0.0043375	669.42	900.61	3.4824	2.0466	3.2066	825.71	-0.0015336	2.8953e-05	0.091503	supercritical
367.69	533.00	229.93	0.0043492	672.01	903.82	3.4911	2.0492	3.2069	824.89	-0.0014300	2.8896e-05	0.091452	supercritical
368.69	533.00	229.31	0.0043609	674.59	907.03	3.4998	2.0518	3.2072	824.09	-0.0013285	2.8839e-05	0.091403	supercritical
369.69	533.00	228.69	0.0043726	677.17	910.23	3.5085	2.0543	3.2075	823.30	-0.0012292	2.8783e-05	0.091356	supercritical
370.69	533.00	228.08	0.0043844	679.75	913.44	3.5172	2.0569	3.2079	822.52	-0.0011319	2.8728e-05	0.091311	supercritical
371.69	533.00	227.47	0.0043961	682.34	916.65	3.5258	2.0595	3.2082	821.75	-0.0010367	2.8674e-05	0.091269	supercritical
372.69	533.00	226.87	0.0044078	684.92	919.86	3.5345	2.0622	3.2086	821.00	-0.00094357	2.8620e-05	0.091228	supercritical
373.69	533.00	226.26	0.0044196	687.50	923.07	3.5431	2.0648	3.2090	820.26	-0.00085248	2.8567e-05	0.091189	supercritical
374.69	533.00	225.66	0.0044314	690.08	926.28	3.5516	2.0674	3.2094	819.52	-0.00076342	2.8515e-05	0.091152	supercritical
375.69	533.00	225.07	0.0044431	692.67	929.49	3.5602	2.0701	3.2098	818.80	-0.00067639	2.8464e-05	0.091116	supercritical
376.69	533.00	224.47	0.0044549	695.25	932.70	3.5687	2.0728	3.2102	818.09	-0.00059136	2.8413e-05	0.091083	supercritical
377.69	533.00	223.88	0.0044667	697.83	935.91	3.5772	2.0755	3.2106	817.39	-0.00050834	2.8363e-05	0.091051	supercritical
378.69	533.00	223.29	0.0044785	700.41	939.12	3.5857	2.0781	3.2111	816.71	-0.00042729	2.8313e-05	0.091022	supercritical
379.69	533.00	222.70	0.0044903	703.00	942.33	3.5942	2.0809	3.2115	816.03	-0.00034822	2.8264e-05	0.090994	supercritical
380.69	533.00	222.12	0.0045021	705.58	945.54	3.6026	2.0836	3.2120	815.36	-0.00027110	2.8216e-05	0.090968	supercritical
381.69	533.00	221.54	0.0045139	708.16	948.75	3.6111	2.0863	3.2125	814.71	-0.00019592	2.8169e-05	0.090944	supercritical
382.69	533.00	220.96	0.0045257	710.75	951.96	3.6195	2.0890	3.2130	814.06	-0.00012266	2.8122e-05	0.090921	supercritical
383.69	533.00	220.39	0.0045375	713.33	955.18	3.6279	2.0918	3.2135	813.43	-5.1322e-05	2.8075e-05	0.090900	supercritical
384.69	533.00	219.81	0.0045493	715.91	958.39	3.6362	2.0946	3.2140	812.80	1.8124e-05	2.8030e-05	0.090881	supercritical
385.69	533.00	219.24	0.0045611	718.50	961.61	3.6446	2.0973	3.2146	812.19	8.5689e-05	2.7985e-05	0.090864	supercritical
386.69	533.00	218.68	0.0045730	721.08	964.82	3.6529	2.1001	3.2151	811.59	0.00015139	2.7940e-05	0.090848	supercritical
387.69	533.00	218.11	0.0045848	723.67	968.04	3.6612	2.1029	3.2157	810.99	0.00021523	2.7896e-05	0.090834	supercritical
388.69	533.00	217.55	0.0045967	726.25	971.25	3.6695	2.1057	3.2163	810.41	0.00027725	2.7853e-05	0.090822	supercritical
389.69	533.00	216.99	0.0046085	728.83	974.47	3.6777	2.1085	3.2168	809.83	0.00033744	2.7811e-05	0.090811	supercritical
390.69	533.00	216.43	0.0046204	731.42	977.69	3.6860	2.1114	3.2174	809.27	0.00039583	2.7768e-05	0.090802	supercritical
391.69	533.00	215.88	0.0046322	734.01	980.90	3.6942	2.1142	3.2181	808.71	0.00045243	2.7727e-05	0.090795	supercritical
392.69	533.00	215.33	0.0046441	736.59	984.12	3.7024	2.1171	3.2187	808.16	0.00050726	2.7686e-05	0.090789	supercritical
393.69	533.00	214.78	0.0046560	739.18	987.34	3.7106	2.1199	3.2193	807.63	0.00056033	2.7646e-05	0.090785	supercritical
394.69	533.00	214.23	0.0046678	741.76	990.56	3.7188	2.1228	3.2200	807.10	0.00061166	2.7606e-05	0.090782	supercritical
395.69	533.00	213.69	0.0046797	744.35	993.78	3.7269	2.1257	3.2207	806.58	0.00066127	2.7567e-05	0.090781	supercritical
396.69	533.00	213.15	0.0046916	746.94	997.00	3.7351	2.1285	3.2214	806.07	0.00070917	2.7528e-05	0.090782	supercritical
397.69	533.00	212.61	0.0047035	749.53	1000.2	3.7432	2.1314	3.2221	805.57	0.00075538	2.7490e-05	0.090784	supercritical
398.69	533.00	212.07	0.0047154	752.12	1003.4	3.7513	2.1344	3.2228	805.08	0.00079992	2.7452e-05	0.090788	supercritical
399.69	533.00	211.54	0.0047273	754.71	1006.7	3.7593	2.1373	3.2235	804.59	0.00084280	2.7415e-05	0.090793	supercritical
400.69	533.00	211.01	0.0047392	757.30	1009.9	3.7674	2.1402	3.2243	804.12	0.00088404	2.7378e-05	0.090799	supercritical
401.69	533.00	210.48	0.0047511	759.89	1013.1	3.7754	2.1431	3.2250	803.65	0.00092366	2.7342e-05	0.090807	supercritical
402.69	533.00	209.95	0.0047630	762.48	1016.3	3.7834	2.1461	3.2258	803.19	0.00096166	2.7307e-05	0.090817	supercritical
403.69	533.00	209.43	0.0047749	765.07	1019.6	3.7914	2.1490	3.2266	802.75	0.00099808	2.7272e-05	0.090828	supercritical
404.69	533.00	208.91	0.0047868	767.66	1022.8	3.7994	2.1520	3.2274	802.30	0.0010329	2.7237e-05	0.090841	supercritical
405.69	533.00	208.39	0.0047987	770.25	1026.0	3.8074	2.1550	3.2282	801.87	0.0010662	2.7203e-05	0.090855	supercritical
406.69	533.00	207.87	0.0048106	772.85	1029.3	3.8153	2.1580	3.2290	801.45	0.0010980	2.7170e-05	0.090870	supercritical
407.69	533.00	207.36	0.0048225	775.44	1032.5	3.8233	2.1609	3.2299	801.03	0.0011282	2.7136e-05	0.090887	supercritical
408.69	533.00	206.85	0.0048345	778.04	1035.7	3.8312	2.1639	3.2307	800.62	0.0011569	2.7104e-05	0.090905	supercritical
409.69	533.00	206.34	0.0048464	780.63	1038.9	3.8391	2.1669	3.2316	800.22	0.0011841	2.7072e-05	0.090924	supercritical
410.69	533.00	205.83	0.0048583	783.23	1042.2	3.8470	2.1700	3.2325	799.83	0.0012099	2.7040e-05	0.090945	supercritical
411.69	533.00	205.33	0.0048702	785.83	1045.4	3.8548	2.1730	3.2334	799.44	0.0012342	2.7009e-05	0.090968	supercritical
412.69	533.00	204.83	0.0048822	788.42	1048.6	3.8627	2.1760	3.2343	799.06	0.0012570	2.6978e-05	0.090991	supercritical
413.69	533.00	204.33	0.0048941	791.02	1051.9	3.8705	2.1791	3.2353	798.69	0.0012785	2.6948e-05	0.091016	supercritical
414.69	533.00	203.83	0.0049060	793.62	1055.1	3.8783	2.1821	3.2362	798.33	0.0012985	2.6918e-05	0.091043	supercritical
415.69	533.00	203.34	0.0049179	796.22	1058.4	3.8861	2.1852	3.2372	797.97	0.0013171	2.6889e-05	0.091070	supercritical
416.69	533.00	202.84	0.0049299	798.83	1061.6	3.8939	2.1882	3.2381	797.62	0.0013344	2.6860e-05	0.091099	supercritical
417.69	533.00	202.35	0.0049418	801.43	1064.8	3.9017	2.1913	3.2391	797.28	0.0013503	2.6831e-05	0.091129	supercritical
418.69	533.00	201.87	0.0049538	804.03	1068.1	3.9094	2.1944	3.2401	796.95	0.0013649	2.6803e-05	0.091161	supercritical
419.69	533.00	201.38	0.0049657	806.64	1071.3	3.9171	2.1975	3.2411	796.62	0.0013781	2.6775e-05	0.091194	supercritical
420.69	533.00	200.90	0.0049776	809.24	1074.5	3.9248	2.2005	3.2422	796.30	0.0013901	2.6748e-05	0.091228	supercritical
421.69	533.00	200.42	0.0049896	811.85	1077.8	3.9325	2.2036	3.2432	795.98	0.0014007	2.6721e-05	0.091263	supercritical
422.69	533.00	199.94	0.0050015	814.45	1081.0	3.9402	2.2068	3.2443	795.68	0.0014101	2.6695e-05	0.091300	supercritical
423.69	533.00	199.46	0.0050134	817.06	1084.3	3.9479	2.2099	3.2453	795.38	0.0014183	2.6669e-05	0.091338	supercritical
424.69	533.00	198.99	0.0050254	819.67	1087.5	3.9555	2.2130	3.2464	795.08	0.0014251	2.6643e-05	0.091377	supercritical
425.69	533.00	198.52	0.0050373	822.28	1090.8	3.9632	2.2161	3.2475	794.79	0.0014308	2.6618e-05	0.091417	supercritical
426.69	533.00	198.05	0.0050493	824.89	1094.0	3.9708	2.2192	3.2486	794.51	0.0014353	2.6593e-05	0.091458	supercritical
427.69	533.00	197.58	0.0050612	827.51	1097.3	3.9784	2.2224	3.2498	794.24	0.0014385	2.6569e-05	0.091501	supercritical
428.69	533.00	197.12	0.0050732	830.12	1100.5	3.9860	2.2255	3.2509	793.97	0.0014406	2.6545e-05	0.091545	supercritical
429.69	533.00	196.65	0.0050851	832.74	1103.8	3.9936	2.2287	3.2520	793.71	0.0014415	2.6521e-05	0.091590	supercritical
430.69	533.00	196.19	0.0050970	835.35	1107.0	4.0011	2.2319	3.2532	793.45	0.0014413	2.6498e-05	0.091636	supercritical
431.69	533.00	195.73	0.0051090	837.97	1110.3	4.0087	2.2350	3.2544	793.20	0.0014400	2.6475e-05	0.091683	supercritical
432.69	533.00	195.28	0.0051209	840.59	1113.5	4.0162	2.2382	3.2556	792.96	0.0014375	2.6452e-05	0.091732	supercritical
433.69	533.00	194.82	0.0051329	843.21	1116.8	4.0237	2.2414	3.2568	792.72	0.0014340	2.6430e-05	0.091781	supercritical
434.69	533.00	194.37	0.0051448	845.83	1120.0	4.0312	2.2446	3.2580	792.49	0.0014293	2.6408e-05	0.091832	supercritical
435.69	533.00	193.92	0.0051568	848.45	1123.3	4.0387	2.2478	3.2593	792.27	0.0014236	2.6387e-05	0.091884	supercritical
436.69	533.00	193.47	0.0051687	851.07	1126.6	4.0462	2.2509	3.2605	792.05	0.0014168	2.6365e-05	0.091937	supercritical
437.69	533.00	193.03	0.0051806	853.70	1129.8	4.0537	2.2542	3.2618	791.83	0.0014090	2.6345e-05	0.091991	supercritical
438.69	533.00	192.58	0.0051926	856.32	1133.1	4.0611	2.2574	3.2630	791.62	0.0014002	2.6324e-05	0.092046	supercritical
439.69	533.00	192.14	0.0052045	858.95	1136.4	4.0685	2.2606	3.2643	791.42	0.0013904	2.6304e-05	0.092102	supercritical
440.69	533.00	191.70	0.0052165	861.58	1139.6	4.0759	2.2638	3.2656	791.22	0.0013796	2.6284e-05	0.092160	supercritical
441.69	533.00	191.26	0.0052284	864.21	1142.9	4.0833	2.2670	3.2670	791.03	0.0013678	2.6265e-05	0.092218	supercritical
442.69	533.00	190.83	0.0052403	866.84	1146.2	4.0907	2.2703	3.2683	790.84	0.0013550	2.6246e-05	0.092278	supercritical
443.69	533.00	190.39	0.0052523	869.47	1149.4	4.0981	2.2735	3.2696	790.66	0.0013413	2.6227e-05	0.092338	supercritical
444.69	533.00	189.96	0.0052642	872.11	1152.7	4.1055	2.2767	3.2710	790.49	0.0013267	2.6209e-05	0.092400	supercritical
445.69	533.00	189.53	0.0052762	874.74	1156.0	4.1128	2.2800	3.2724	790.32	0.0013112	2.6191e-05	0.092462	supercritical
446.69	533.00	189.10	0.0052881	877.38	1159.2	4.1202	2.2832	3.2737	790.15	0.0012947	2.6173e-05	0.092526	supercritical
447.69	533.00	188.68	0.0053000	880.02	1162.5	4.1275	2.2865	3.2751	789.99	0.0012773	2.6155e-05	0.092590	supercritical
448.69	533.00	188.25	0.0053119	882.66	1165.8	4.1348	2.2898	3.2765	789.84	0.0012591	2.6138e-05	0.092656	supercritical
449.69	533.00	187.83	0.0053239	885.30	1169.1	4.1421	2.2930	3.2780	789.69	0.0012400	2.6121e-05	0.092723	supercritical
450.69	533.00	187.41	0.0053358	887.94	1172.3	4.1494	2.2963	3.2794	789.54	0.0012201	2.6105e-05	0.092790	supercritical
451.69	533.00	187.00	0.0053477	890.59	1175.6	4.1566	2.2996	3.2808	789.40	0.0011993	2.6088e-05	0.092859	supercritical
452.69	533.00	186.58	0.0053597	893.23	1178.9	4.1639	2.3029	3.2823	789.26	0.0011777	2.6073e-05	0.092929	supercritical
453.69	533.00	186.16	0.0053716	895.88	1182.2	4.1711	2.3061	3.2838	789.13	0.0011553	2.6057e-05	0.092999	supercritical
454.69	533.00	185.75	0.0053835	898.53	1185.5	4.1784	2.3094	3.2852	789.01	0.0011321	2.6042e-05	0.093071	supercritical
455.69	533.00	185.34	0.0053954	901.18	1188.8	4.1856	2.3127	3.2867	788.89	0.0011081	2.6026e-05	0.093143	supercritical
456.69	533.00	184.93	0.0054073	903.83	1192.0	4.1928	2.3160	3.2882	788.77	0.0010833	2.6012e-05	0.093217	supercritical
457.69	533.00	184.53	0.0054193	906.49	1195.3	4.2000	2.3193	3.2898	788.66	0.0010578	2.5997e-05	0.093291	supercritical
458.69	533.00	184.12	0.0054312	909.14	1198.6	4.2072	2.3226	3.2913	788.55	0.0010315	2.5983e-05	0.093366	supercritical
459.69	533.00	183.72	0.0054431	911.80	1201.9	4.2143	2.3260	3.2928	788.45	0.0010045	2.5969e-05	0.093443	supercritical
460.69	533.00	183.32	0.0054550	914.46	1205.2	4.2215	2.3293	3.2944	788.35	0.00097682	2.5955e-05	0.093520	supercritical
461.69	533.00	182.92	0.0054669	917.12	1208.5	4.2286	2.3326	3.2960	788.25	0.00094839	2.5942e-05	0.093598	supercritical
462.69	533.00	182.52	0.0054788	919.78	1211.8	4.2358	2.3359	3.2975	788.16	0.00091927	2.5929e-05	0.093677	supercritical
463.69	533.00	182.13	0.0054907	922.44	1215.1	4.2429	2.3393	3.2991	788.08	0.00088947	2.5916e-05	0.093757	supercritical
464.69	533.00	181.73	0.0055026	925.11	1218.4	4.2500	2.3426	3.3007	788.00	0.00085899	2.5903e-05	0.093838	supercritical
465.69	533.00	181.34	0.0055145	927.78	1221.7	4.2571	2.3459	3.3023	787.92	0.00082786	2.5891e-05	0.093919	supercritical
466.69	533.00	180.95	0.0055264	930.45	1225.0	4.2642	2.3493	3.3040	787.85	0.00079607	2.5879e-05	0.094002	supercritical
467.69	533.00	180.56	0.0055383	933.12	1228.3	4.2713	2.3526	3.3056	787.78	0.00076365	2.5867e-05	0.094085	supercritical
468.69	533.00	180.17	0.0055502	935.79	1231.6	4.2783	2.3560	3.3073	787.71	0.00073061	2.5855e-05	0.094170	supercritical
469.69	533.00	179.79	0.0055621	938.46	1234.9	4.2854	2.3593	3.3089	787.65	0.00069695	2.5844e-05	0.094255	supercritical
470.69	533.00	179.40	0.0055740	941.14	1238.2	4.2924	2.3627	3.3106	787.59	0.00066269	2.5833e-05	0.094341	supercritical
471.69	533.00	179.02	0.0055859	943.82	1241.5	4.2994	2.3660	3.3123	787.54	0.00062784	2.5822e-05	0.094428	supercritical
472.69	533.00	178.64	0.0055978	946.50	1244.9	4.3065	2.3694	3.3140	787.49	0.00059240	2.5812e-05	0.094515	supercritical
473.69	533.00	178.26	0.0056097	949.18	1248.2	4.3135	2.3727	3.3157	787.44	0.00055640	2.5801e-05	0.094604	supercritical
474.69	533.00	177.89	0.0056215	951.86	1251.5	4.3205	2.3761	3.3174	787.40	0.00051984	2.5791e-05	0.094693	supercritical
475.69	533.00	177.51	0.0056334	954.55	1254.8	4.3274	2.3795	3.3191	787.36	0.00048273	2.5781e-05	0.094784	supercritical
476.69	533.00	177.14	0.0056453	957.23	1258.1	4.3344	2.3829	3.3208	787.33	0.00044508	2.5772e-05	0.094875	supercritical
477.69	533.00	176.77	0.0056572	959.92	1261.4	4.3414	2.3862	3.3226	787.30	0.00040690	2.5762e-05	0.094966	supercritical
478.69	533.00	176.40	0.0056690	962.61	1264.8	4.3483	2.3896	3.3244	787.27	0.00036821	2.5753e-05	0.095059	supercritical
479.69	533.00	176.03	0.0056809	965.31	1268.1	4.3553	2.3930	3.3261	787.25	0.00032900	2.5744e-05	0.095153	supercritical
480.69	533.00	175.66	0.0056928	968.00	1271.4	4.3622	2.3964	3.3279	787.23	0.00028931	2.5735e-05	0.095247	supercritical
481.69	533.00	175.30	0.0057046	970.70	1274.8	4.3691	2.3998	3.3297	787.21	0.00024912	2.5727e-05	0.095342	supercritical
482.69	533.00	174.93	0.0057165	973.40	1278.1	4.3760	2.4032	3.3315	787.20	0.00020845	2.5718e-05	0.095438	supercritical
483.69	533.00	174.57	0.0057283	976.10	1281.4	4.3829	2.4066	3.3333	787.19	0.00016732	2.5710e-05	0.095534	supercritical
484.69	533.00	174.21	0.0057402	978.80	1284.8	4.3898	2.4100	3.3351	787.18	0.00012573	2.5703e-05	0.095632	supercritical
485.69	533.00	173.85	0.0057520	981.50	1288.1	4.3967	2.4134	3.3370	787.18	8.3687e-05	2.5695e-05	0.095730	supercritical
486.69	533.00	173.49	0.0057639	984.21	1291.4	4.4035	2.4168	3.3388	787.18	4.1206e-05	2.5687e-05	0.095829	supercritical
487.69	533.00	173.14	0.0057757	986.92	1294.8	4.4104	2.4202	3.3407	787.19	-1.7071e-06	2.5680e-05	0.095929	supercritical
488.69	533.00	172.78	0.0057876	989.63	1298.1	4.4172	2.4236	3.3425	787.19	-4.5042e-05	2.5673e-05	0.096029	supercritical
489.69	533.00	172.43	0.0057994	992.34	1301.4	4.4241	2.4270	3.3444	787.20	-8.8790e-05	2.5666e-05	0.096130	supercritical
490.69	533.00	172.08	0.0058113	995.06	1304.8	4.4309	2.4304	3.3463	787.22	-0.00013294	2.5660e-05	0.096232	supercritical
491.69	533.00	171.73	0.0058231	997.77	1308.1	4.4377	2.4338	3.3482	787.23	-0.00017749	2.5653e-05	0.096335	supercritical
492.69	533.00	171.38	0.0058349	1000.5	1311.5	4.4445	2.4372	3.3501	787.25	-0.00022242	2.5647e-05	0.096438	supercritical
493.69	533.00	171.04	0.0058467	1003.2	1314.8	4.4513	2.4407	3.3520	787.28	-0.00026774	2.5641e-05	0.096542	supercritical
494.69	533.00	170.69	0.0058586	1005.9	1318.2	4.4581	2.4441	3.3539	787.30	-0.00031342	2.5635e-05	0.096647	supercritical
495.69	533.00	170.35	0.0058704	1008.7	1321.5	4.4649	2.4475	3.3558	787.33	-0.00035947	2.5630e-05	0.096753	supercritical
496.69	533.00	170.00	0.0058822	1011.4	1324.9	4.4716	2.4509	3.3578	787.36	-0.00040587	2.5624e-05	0.096859	supercritical
497.69	533.00	169.66	0.0058940	1014.1	1328.3	4.4784	2.4544	3.3597	787.40	-0.00045261	2.5619e-05	0.096966	supercritical
498.69	533.00	169.32	0.0059058	1016.8	1331.6	4.4851	2.4578	3.3617	787.43	-0.00049970	2.5614e-05	0.097074	supercritical
499.69	533.00	168.99	0.0059176	1019.6	1335.0	4.4919	2.4612	3.3636	787.48	-0.00054711	2.5609e-05	0.097182	supercritical
500.69	533.00	168.65	0.0059294	1022.3	1338.4	4.4986	2.4647	3.3656	787.52	-0.00059485	2.5604e-05	0.097291	supercritical
501.69	533.00	168.32	0.0059412	1025.1	1341.7	4.5053	2.4681	3.3676	787.56	-0.00064290	2.5600e-05	0.097401	supercritical
502.69	533.00	167.98	0.0059530	1027.8	1345.1	4.5120	2.4715	3.3696	787.61	-0.00069125	2.5595e-05	0.097511	supercritical
503.69	533.00	167.65	0.0059648	1030.5	1348.5	4.5187	2.4750	3.3716	787.67	-0.00073991	2.5591e-05	0.097622	supercritical
504.69	533.00	167.32	0.0059766	1033.3	1351.8	4.5254	2.4784	3.3736	787.72	-0.00078886	2.5587e-05	0.097734	supercritical
505.69	533.00	166.99	0.0059884	1036.0	1355.2	4.5321	2.4819	3.3756	787.78	-0.00083810	2.5583e-05	0.097847	supercritical
506.69	533.00	166.66	0.0060002	1038.8	1358.6	4.5388	2.4853	3.3777	787.84	-0.00088761	2.5580e-05	0.097960	supercritical
507.69	533.00	166.33	0.0060120	1041.5	1362.0	4.5454	2.4888	3.3797	787.90	-0.00093739	2.5576e-05	0.098073	supercritical
508.69	533.00	166.01	0.0060237	1044.3	1365.3	4.5521	2.4922	3.3818	787.96	-0.00098744	2.5573e-05	0.098188	supercritical
509.69	533.00	165.69	0.0060355	1047.0	1368.7	4.5587	2.4957	3.3838	788.03	-0.0010378	2.5570e-05	0.098303	supercritical
510.69	533.00	165.36	0.0060473	1049.8	1372.1	4.5654	2.4991	3.3859	788.10	-0.0010883	2.5567e-05	0.098419	supercritical
511.69	533.00	165.04	0.0060591	1052.5	1375.5	4.5720	2.5026	3.3879	788.17	-0.0011391	2.5564e-05	0.098535	supercritical
512.69	533.00	164.72	0.0060708	1055.3	1378.9	4.5786	2.5060	3.3900	788.25	-0.0011901	2.5561e-05	0.098652	supercritical
513.69	533.00	164.40	0.0060826	1058.1	1382.3	4.5852	2.5095	3.3921	788.33	-0.0012414	2.5559e-05	0.098770	supercritical
514.69	533.00	164.09	0.0060943	1060.8	1385.7	4.5918	2.5129	3.3942	788.41	-0.0012929	2.5556e-05	0.098888	supercritical
515.69	533.00	163.77	0.0061061	1063.6	1389.1	4.5984	2.5164	3.3963	788.49	-0.0013446	2.5554e-05	0.099007	supercritical
516.69	533.00	163.46	0.0061178	1066.4	1392.5	4.6050	2.5198	3.3984	788.57	-0.0013966	2.5552e-05	0.099126	supercritical
517.69	533.00	163.14	0.0061296	1069.2	1395.9	4.6115	2.5233	3.4005	788.66	-0.0014487	2.5550e-05	0.099247	supercritical
518.69	533.00	162.83	0.0061413	1071.9	1399.3	4.6181	2.5268	3.4027	788.75	-0.0015010	2.5549e-05	0.099367	supercritical
519.69	533.00	162.52	0.0061531	1074.7	1402.7	4.6247	2.5302	3.4048	788.84	-0.0015535	2.5547e-05	0.099489	supercritical
520.69	533.00	162.21	0.0061648	1077.5	1406.1	4.6312	2.5337	3.4070	788.94	-0.0016063	2.5546e-05	0.099611	supercritical
521.69	533.00	161.90	0.0061765	1080.3	1409.5	4.6378	2.5372	3.4091	789.03	-0.0016592	2.5544e-05	0.099733	supercritical
522.69	533.00	161.60	0.0061883	1083.1	1412.9	4.6443	2.5406	3.4113	789.13	-0.0017122	2.5543e-05	0.099856	supercritical
523.69	533.00	161.29	0.0062000	1085.8	1416.3	4.6508	2.5441	3.4134	789.23	-0.0017655	2.5542e-05	0.099980	supercritical
524.69	533.00	160.99	0.0062117	1088.6	1419.7	4.6573	2.5476	3.4156	789.33	-0.0018189	2.5541e-05	0.10010	supercritical
525.69	533.00	160.68	0.0062234	1091.4	1423.1	4.6638	2.5510	3.4178	789.44	-0.0018725	2.5541e-05	0.10023	supercritical
526.69	533.00	160.38	0.0062352	1094.2	1426.6	4.6703	2.5545	3.4200	789.55	-0.0019262	2.5540e-05	0.10035	supercritical
527.69	533.00	160.08	0.0062469	1097.0	1430.0	4.6768	2.5580	3.4222	789.66	-0.0019801	2.5540e-05	0.10048	supercritical
528.69	533.00	159.78	0.0062586	1099.8	1433.4	4.6833	2.5614	3.4244	789.77	-0.0020341	2.5539e-05	0.10061	supercritical
529.69	533.00	159.48	0.0062703	1102.6	1436.8	4.6898	2.5649	3.4266	789.88	-0.0020883	2.5539e-05	0.10073	supercritical
530.69	533.00	159.19	0.0062820	1105.4	1440.3	4.6962	2.5684	3.4288	790.00	-0.0021425	2.5539e-05	0.10086	supercritical
531.69	533.00	158.89	0.0062937	1108.2	1443.7	4.7027	2.5719	3.4310	790.11	-0.0021970	2.5539e-05	0.10099	supercritical
532.69	533.00	158.59	0.0063054	1111.0	1447.1	4.7091	2.5753	3.4333	790.23	-0.0022515	2.5540e-05	0.10112	supercritical
533.69	533.00	158.30	0.0063171	1113.8	1450.5	4.7156	2.5788	3.4355	790.36	-0.0023062	2.5540e-05	0.10125	supercritical
534.69	533.00	158.01	0.0063287	1116.7	1454.0	4.7220	2.5823	3.4377	790.48	-0.0023610	2.5541e-05	0.10138	supercritical
535.69	533.00	157.72	0.0063404	1119.5	1457.4	4.7284	2.5858	3.4400	790.61	-0.0024159	2.5541e-05	0.10151	supercritical
536.69	533.00	157.43	0.0063521	1122.3	1460.9	4.7349	2.5892	3.4423	790.73	-0.0024709	2.5542e-05	0.10164	supercritical
537.69	533.00	157.14	0.0063638	1125.1	1464.3	4.7413	2.5927	3.4445	790.86	-0.0025260	2.5543e-05	0.10177	supercritical
538.69	533.00	156.85	0.0063755	1127.9	1467.8	4.7477	2.5962	3.4468	790.99	-0.0025812	2.5544e-05	0.10191	supercritical
539.69	533.00	156.56	0.0063871	1130.8	1471.2	4.7541	2.5997	3.4491	791.13	-0.0026365	2.5545e-05	0.10204	supercritical
540.69	533.00	156.28	0.0063988	1133.6	1474.7	4.7605	2.6032	3.4514	791.26	-0.0026919	2.5547e-05	0.10217	supercritical
541.69	533.00	156.00	0.0064104	1136.4	1478.1	4.7668	2.6066	3.4536	791.40	-0.0027474	2.5548e-05	0.10230	supercritical
542.69	533.00	155.71	0.0064221	1139.3	1481.6	4.7732	2.6101	3.4559	791.54	-0.0028029	2.5550e-05	0.10244	supercritical
543.69	533.00	155.43	0.0064338	1142.1	1485.0	4.7796	2.6136	3.4582	791.68	-0.0028585	2.5551e-05	0.10257	supercritical
544.69	533.00	155.15	0.0064454	1144.9	1488.5	4.7859	2.6171	3.4606	791.82	-0.0029142	2.5553e-05	0.10271	supercritical
545.69	533.00	154.87	0.0064571	1147.8	1491.9	4.7923	2.6206	3.4629	791.96	-0.0029700	2.5555e-05	0.10285	supercritical
546.69	533.00	154.59	0.0064687	1150.6	1495.4	4.7986	2.6240	3.4652	792.11	-0.0030258	2.5557e-05	0.10298	supercritical
547.69	533.00	154.31	0.0064803	1153.5	1498.9	4.8050	2.6275	3.4675	792.26	-0.0030817	2.5559e-05	0.10312	supercritical
548.69	533.00	154.04	0.0064920	1156.3	1502.3	4.8113	2.6310	3.4699	792.40	-0.0031377	2.5561e-05	0.10326	supercritical
549.69	533.00	153.76	0.0065036	1159.2	1505.8	4.8176	2.6345	3.4722	792.56	-0.0031937	2.5564e-05	0.10339	supercritical
550.69	533.00	153.49	0.0065152	1162.0	1509.3	4.8239	2.6380	3.4745	792.71	-0.0032497	2.5566e-05	0.10353	supercritical
551.69	533.00	153.21	0.0065269	1164.9	1512.8	4.8302	2.6414	3.4769	792.86	-0.0033058	2.5569e-05	0.10367	supercritical
552.69	533.00	152.94	0.0065385	1167.7	1516.2	4.8365	2.6449	3.4792	793.02	-0.0033620	2.5572e-05	0.10381	supercritical
553.69	533.00	152.67	0.0065501	1170.6	1519.7	4.8428	2.6484	3.4816	793.17	-0.0034181	2.5574e-05	0.10395	supercritical
554.69	533.00	152.40	0.0065617	1173.5	1523.2	4.8491	2.6519	3.4840	793.33	-0.0034744	2.5577e-05	0.10409	supercritical
555.69	533.00	152.13	0.0065733	1176.3	1526.7	4.8554	2.6554	3.4863	793.49	-0.0035306	2.5580e-05	0.10423	supercritical
556.69	533.00	151.86	0.0065849	1179.2	1530.2	4.8616	2.6589	3.4887	793.66	-0.0035869	2.5584e-05	0.10437	supercritical
557.69	533.00	151.60	0.0065965	1182.1	1533.7	4.8679	2.6623	3.4911	793.82	-0.0036432	2.5587e-05	0.10451	supercritical
558.69	533.00	151.33	0.0066081	1184.9	1537.2	4.8742	2.6658	3.4935	793.98	-0.0036995	2.5590e-05	0.10466	supercritical
559.69	533.00	151.06	0.0066197	1187.8	1540.6	4.8804	2.6693	3.4959	794.15	-0.0037558	2.5594e-05	0.10480	supercritical
560.69	533.00	150.80	0.0066313	1190.7	1544.1	4.8867	2.6728	3.4983	794.32	-0.0038122	2.5597e-05	0.10494	supercritical
561.69	533.00	150.54	0.0066429	1193.6	1547.6	4.8929	2.6763	3.5007	794.49	-0.0038686	2.5601e-05	0.10509	supercritical
562.69	533.00	150.27	0.0066545	1196.5	1551.1	4.8991	2.6797	3.5031	794.66	-0.0039249	2.5605e-05	0.10523	supercritical
563.69	533.00	150.01	0.0066661	1199.3	1554.7	4.9053	2.6832	3.5055	794.83	-0.0039813	2.5608e-05	0.10538	supercritical
564.69	533.00	149.75	0.0066776	1202.2	1558.2	4.9116	2.6867	3.5079	795.00	-0.0040377	2.5612e-05	0.10552	supercritical
565.69	533.00	149.49	0.0066892	1205.1	1561.7	4.9178	2.6902	3.5104	795.18	-0.0040941	2.5616e-05	0.10567	supercritical
566.69	533.00	149.24	0.0067008	1208.0	1565.2	4.9240	2.6937	3.5128	795.36	-0.0041505	2.5621e-05	0.10581	supercritical
567.69	533.00	148.98	0.0067123	1210.9	1568.7	4.9302	2.6971	3.5152	795.53	-0.0042069	2.5625e-05	0.10596	supercritical
568.69	533.00	148.72	0.0067239	1213.8	1572.2	4.9363	2.7006	3.5177	795.71	-0.0042632	2.5629e-05	0.10611	supercritical
569.69	533.00	148.47	0.0067355	1216.7	1575.7	4.9425	2.7041	3.5201	795.89	-0.0043196	2.5634e-05	0.10625	supercritical
570.69	533.00	148.21	0.0067470	1219.6	1579.2	4.9487	2.7076	3.5226	796.08	-0.0043760	2.5638e-05	0.10640	supercritical
571.69	533.00	147.96	0.0067586	1222.5	1582.8	4.9549	2.7111	3.5250	796.26	-0.0044323	2.5643e-05	0.10655	supercritical
572.69	533.00	147.71	0.0067701	1225.5	1586.3	4.9610	2.7145	3.5275	796.44	-0.0044886	2.5648e-05	0.10670	supercritical
573.69	533.00	147.46	0.0067817	1228.4	1589.8	4.9672	2.7180	3.5300	796.63	-0.0045449	2.5652e-05	0.10685	supercritical
574.69	533.00	147.21	0.0067932	1231.3	1593.4	4.9733	2.7215	3.5324	796.82	-0.0046012	2.5657e-05	0.10700	supercritical
575.69	533.00	146.96	0.0068047	1234.2	1596.9	4.9795	2.7250	3.5349	797.01	-0.0046575	2.5662e-05	0.10715	supercritical
576.69	533.00	146.71	0.0068163	1237.1	1600.4	4.9856	2.7285	3.5374	797.19	-0.0047137	2.5667e-05	0.10730	supercritical
577.69	533.00	146.46	0.0068278	1240.0	1604.0	4.9918	2.7319	3.5399	797.39	-0.0047699	2.5673e-05	0.10745	supercritical
578.69	533.00	146.21	0.0068393	1243.0	1607.5	4.9979	2.7354	3.5423	797.58	-0.0048261	2.5678e-05	0.10760	supercritical
579.69	533.00	145.97	0.0068508	1245.9	1611.1	5.0040	2.7389	3.5448	797.77	-0.0048822	2.5683e-05	0.10775	supercritical
580.69	533.00	145.72	0.0068624	1248.8	1614.6	5.0101	2.7424	3.5473	797.97	-0.0049383	2.5689e-05	0.10790	supercritical
581.69	533.00	145.48	0.0068739	1251.8	1618.1	5.0162	2.7458	3.5498	798.16	-0.0049943	2.5694e-05	0.10805	supercritical
582.69	533.00	145.24	0.0068854	1254.7	1621.7	5.0223	2.7493	3.5523	798.36	-0.0050504	2.5700e-05	0.10821	supercritical
583.69	533.00	144.99	0.0068969	1257.6	1625.3	5.0284	2.7528	3.5548	798.56	-0.0051063	2.5705e-05	0.10836	supercritical
584.69	533.00	144.75	0.0069084	1260.6	1628.8	5.0345	2.7563	3.5574	798.76	-0.0051623	2.5711e-05	0.10851	supercritical
585.69	533.00	144.51	0.0069199	1263.5	1632.4	5.0406	2.7597	3.5599	798.96	-0.0052182	2.5717e-05	0.10867	supercritical
586.69	533.00	144.27	0.0069314	1266.5	1635.9	5.0467	2.7632	3.5624	799.16	-0.0052740	2.5723e-05	0.10882	supercritical
587.69	533.00	144.03	0.0069429	1269.4	1639.5	5.0527	2.7667	3.5649	799.36	-0.0053298	2.5729e-05	0.10898	supercritical
588.69	533.00	143.79	0.0069544	1272.4	1643.1	5.0588	2.7701	3.5674	799.56	-0.0053855	2.5735e-05	0.10913	supercritical
589.69	533.00	143.56	0.0069658	1275.3	1646.6	5.0648	2.7736	3.5700	799.77	-0.0054412	2.5741e-05	0.10929	supercritical
590.69	533.00	143.32	0.0069773	1278.3	1650.2	5.0709	2.7771	3.5725	799.98	-0.0054968	2.5747e-05	0.10944	supercritical
591.69	533.00	143.09	0.0069888	1281.3	1653.8	5.0769	2.7805	3.5750	800.18	-0.0055524	2.5754e-05	0.10960	supercritical
592.69	533.00	142.85	0.0070003	1284.2	1657.3	5.0830	2.7840	3.5776	800.39	-0.0056079	2.5760e-05	0.10976	supercritical
593.69	533.00	142.62	0.0070118	1287.2	1660.9	5.0890	2.7875	3.5801	800.60	-0.0056633	2.5767e-05	0.10991	supercritical
594.69	533.00	142.38	0.0070232	1290.2	1664.5	5.0950	2.7909	3.5827	800.81	-0.0057187	2.5773e-05	0.11007	supercritical
595.69	533.00	142.15	0.0070347	1293.1	1668.1	5.1011	2.7944	3.5852	801.02	-0.0057740	2.5780e-05	0.11023	supercritical
596.69	533.00	141.92	0.0070461	1296.1	1671.7	5.1071	2.7979	3.5878	801.23	-0.0058293	2.5786e-05	0.11039	supercritical
597.69	533.00	141.69	0.0070576	1299.1	1675.3	5.1131	2.8013	3.5904	801.45	-0.0058845	2.5793e-05	0.11055	supercritical
598.69	533.00	141.46	0.0070691	1302.1	1678.9	5.1191	2.8048	3.5929	801.66	-0.0059396	2.5800e-05	0.11071	supercritical
599.69	533.00	141.23	0.0070805	1305.1	1682.5	5.1251	2.8082	3.5955	801.88	-0.0059946	2.5807e-05	0.11086	supercritical
600.69	533.00	141.00	0.0070919	1308.0	1686.0	5.1311	2.8117	3.5981	802.09	-0.0060496	2.5814e-05	0.11102	supercritical
601.69	533.00	140.78	0.0071034	1311.0	1689.6	5.1371	2.8152	3.6006	802.31	-0.0061045	2.5821e-05	0.11118	supercritical
602.69	533.00	140.55	0.0071148	1314.0	1693.3	5.1430	2.8186	3.6032	802.53	-0.0061593	2.5828e-05	0.11135	supercritical
603.69	533.00	140.33	0.0071263	1317.0	1696.9	5.1490	2.8221	3.6058	802.75	-0.0062141	2.5835e-05	0.11151	supercritical
604.69	533.00	140.10	0.0071377	1320.0	1700.5	5.1550	2.8255	3.6084	802.97	-0.0062688	2.5843e-05	0.11167	supercritical
605.69	533.00	139.88	0.0071491	1323.0	1704.1	5.1610	2.8290	3.6110	803.19	-0.0063233	2.5850e-05	0.11183	supercritical
606.69	533.00	139.65	0.0071605	1326.0	1707.7	5.1669	2.8324	3.6136	803.41	-0.0063779	2.5857e-05	0.11199	supercritical
607.69	533.00	139.43	0.0071720	1329.0	1711.3	5.1729	2.8359	3.6162	803.63	-0.0064323	2.5865e-05	0.11215	supercritical
608.69	533.00	139.21	0.0071834	1332.0	1714.9	5.1788	2.8393	3.6187	803.86	-0.0064866	2.5872e-05	0.11232	supercritical
609.69	533.00	138.99	0.0071948	1335.1	1718.5	5.1848	2.8428	3.6213	804.08	-0.0065409	2.5880e-05	0.11248	supercritical
610.69	533.00	138.77	0.0072062	1338.1	1722.2	5.1907	2.8462	3.6239	804.31	-0.0065951	2.5888e-05	0.11264	supercritical
611.69	533.00	138.55	0.0072176	1341.1	1725.8	5.1966	2.8497	3.6266	804.53	-0.0066492	2.5896e-05	0.11281	supercritical
612.69	533.00	138.33	0.0072290	1344.1	1729.4	5.2026	2.8531	3.6292	804.76	-0.0067032	2.5903e-05	0.11297	supercritical
613.69	533.00	138.11	0.0072404	1347.1	1733.0	5.2085	2.8566	3.6318	804.99	-0.0067571	2.5911e-05	0.11313	supercritical
614.69	533.00	137.90	0.0072518	1350.2	1736.7	5.2144	2.8600	3.6344	805.22	-0.0068109	2.5919e-05	0.11330	supercritical
615.69	533.00	137.68	0.0072632	1353.2	1740.3	5.2203	2.8635	3.6370	805.45	-0.0068646	2.5927e-05	0.11346	supercritical
616.69	533.00	137.46	0.0072746	1356.2	1743.9	5.2262	2.8669	3.6396	805.68	-0.0069183	2.5935e-05	0.11363	supercritical
617.69	533.00	137.25	0.0072860	1359.2	1747.6	5.2321	2.8704	3.6422	805.91	-0.0069718	2.5943e-05	0.11380	supercritical
618.69	533.00	137.04	0.0072974	1362.3	1751.2	5.2380	2.8738	3.6449	806.14	-0.0070253	2.5952e-05	0.11396	supercritical
619.69	533.00	136.82	0.0073087	1365.3	1754.9	5.2439	2.8772	3.6475	806.38	-0.0070786	2.5960e-05	0.11413	supercritical
620.69	533.00	136.61	0.0073201	1368.4	1758.5	5.2498	2.8807	3.6501	806.61	-0.0071319	2.5968e-05	0.11429	supercritical
621.69	533.00	136.40	0.0073315	1371.4	1762.2	5.2556	2.8841	3.6528	806.84	-0.0071851	2.5976e-05	0.11446	supercritical
622.69	533.00	136.19	0.0073429	1374.5	1765.8	5.2615	2.8875	3.6554	807.08	-0.0072381	2.5985e-05	0.11463	supercritical
623.69	533.00	135.98	0.0073542	1377.5	1769.5	5.2674	2.8910	3.6580	807.32	-0.0072911	2.5993e-05	0.11480	supercritical
624.69	533.00	135.77	0.0073656	1380.6	1773.2	5.2733	2.8944	3.6607	807.55	-0.0073440	2.6002e-05	0.11496	supercritical