Temperature (K)	Pressure (bar)	Density (kg/m3)	Volume (m3/kg)	Internal Energy (kJ/kg)	Enthalpy (kJ/kg)	Entropy (J/g*K)	Cv (J/g*K)	Cp (J/g*K)	Sound Spd. (m/s)	Joule-Thomson (K/bar)	Viscosity (Pa*s)	Therm. Cond. (W/m*K)	Phase
90.694	235.00	465.17	0.0021498	-83.589	-33.069	-0.84747	2.2200	3.2749	1680.3	-0.050968	0.00028258	0.23053	liquid
96.694	235.00	458.27	0.0021821	-64.689	-13.409	-0.63756	2.1857	3.2796	1636.9	-0.050343	0.00022768	0.22433	liquid
97.694	235.00	457.11	0.0021876	-61.538	-10.129	-0.60381	2.1805	3.2809	1629.5	-0.050223	0.00022052	0.22325	liquid
98.694	235.00	455.96	0.0021932	-58.387	-6.8470	-0.57039	2.1754	3.2822	1622.1	-0.050098	0.00021379	0.22215	liquid
99.694	235.00	454.80	0.0021988	-55.235	-3.5641	-0.53729	2.1704	3.2836	1614.7	-0.049969	0.00020745	0.22104	liquid
100.69	235.00	453.64	0.0022044	-52.083	-0.27973	-0.50451	2.1655	3.2851	1607.3	-0.049837	0.00020147	0.21992	liquid
101.69	235.00	452.48	0.0022100	-48.930	3.0062	-0.47204	2.1606	3.2867	1599.9	-0.049701	0.00019582	0.21879	liquid
102.69	235.00	451.32	0.0022157	-45.776	6.2936	-0.43987	2.1559	3.2883	1592.4	-0.049561	0.00019047	0.21765	liquid
103.69	235.00	450.16	0.0022215	-42.621	9.5827	-0.40800	2.1511	3.2899	1585.0	-0.049418	0.00018540	0.21651	liquid
104.69	235.00	448.99	0.0022272	-39.466	12.873	-0.37642	2.1465	3.2916	1577.5	-0.049271	0.00018059	0.21535	liquid
105.69	235.00	447.82	0.0022330	-36.310	16.166	-0.34512	2.1419	3.2934	1570.0	-0.049121	0.00017601	0.21419	liquid
106.69	235.00	446.66	0.0022389	-33.153	19.460	-0.31410	2.1373	3.2951	1562.5	-0.048967	0.00017166	0.21302	liquid
107.69	235.00	445.49	0.0022447	-29.995	22.756	-0.28335	2.1328	3.2969	1555.0	-0.048810	0.00016750	0.21184	liquid
108.69	235.00	444.31	0.0022507	-26.836	26.054	-0.25287	2.1283	3.2987	1547.5	-0.048649	0.00016354	0.21066	liquid
109.69	235.00	443.14	0.0022566	-23.677	29.354	-0.22265	2.1238	3.3006	1539.9	-0.048485	0.00015975	0.20948	liquid
110.69	235.00	441.96	0.0022626	-20.516	32.655	-0.19269	2.1194	3.3025	1532.4	-0.048317	0.00015612	0.20829	liquid
111.69	235.00	440.79	0.0022687	-17.355	35.959	-0.16298	2.1151	3.3044	1524.9	-0.048145	0.00015265	0.20709	liquid
112.69	235.00	439.61	0.0022748	-14.193	39.264	-0.13352	2.1107	3.3063	1517.3	-0.047970	0.00014931	0.20589	liquid
113.69	235.00	438.42	0.0022809	-11.030	42.571	-0.10430	2.1064	3.3083	1509.8	-0.047791	0.00014611	0.20469	liquid
114.69	235.00	437.24	0.0022871	-7.8657	45.881	-0.075320	2.1021	3.3102	1502.2	-0.047608	0.00014304	0.20349	liquid
115.69	235.00	436.05	0.0022933	-4.7008	49.192	-0.046575	2.0979	3.3122	1494.7	-0.047421	0.00014008	0.20228	liquid
116.69	235.00	434.86	0.0022996	-1.5348	52.505	-0.018060	2.0937	3.3143	1487.1	-0.047230	0.00013723	0.20107	liquid
117.69	235.00	433.67	0.0023059	1.6320	55.820	0.010229	2.0895	3.3163	1479.6	-0.047035	0.00013449	0.19986	liquid
118.69	235.00	432.48	0.0023122	4.7998	59.138	0.038296	2.0853	3.3184	1472.0	-0.046836	0.00013184	0.19865	liquid
119.69	235.00	431.28	0.0023187	7.9686	62.457	0.066145	2.0812	3.3205	1464.5	-0.046633	0.00012929	0.19743	liquid
120.69	235.00	430.09	0.0023251	11.138	65.779	0.093779	2.0771	3.3226	1457.0	-0.046426	0.00012682	0.19622	liquid
121.69	235.00	428.89	0.0023316	14.309	69.102	0.12120	2.0730	3.3248	1449.4	-0.046214	0.00012443	0.19501	liquid
122.69	235.00	427.68	0.0023382	17.481	72.428	0.14842	2.0690	3.3269	1441.9	-0.045997	0.00012212	0.19379	liquid
123.69	235.00	426.48	0.0023448	20.653	75.756	0.17544	2.0650	3.3292	1434.3	-0.045776	0.00011989	0.19258	liquid
124.69	235.00	425.27	0.0023515	23.827	79.086	0.20225	2.0610	3.3314	1426.8	-0.045551	0.00011772	0.19137	liquid
125.69	235.00	424.06	0.0023582	27.002	82.419	0.22887	2.0570	3.3337	1419.3	-0.045320	0.00011563	0.19015	liquid
126.69	235.00	422.84	0.0023649	30.178	85.754	0.25530	2.0531	3.3360	1411.7	-0.045085	0.00011359	0.18894	liquid
127.69	235.00	421.63	0.0023718	33.355	89.091	0.28153	2.0492	3.3383	1404.2	-0.044845	0.00011162	0.18773	liquid
128.69	235.00	420.41	0.0023786	36.532	92.430	0.30758	2.0453	3.3407	1396.7	-0.044599	0.00010970	0.18652	liquid
129.69	235.00	419.19	0.0023856	39.711	95.772	0.33345	2.0415	3.3432	1389.2	-0.044348	0.00010784	0.18532	liquid
130.69	235.00	417.96	0.0023926	42.892	99.117	0.35914	2.0377	3.3456	1381.6	-0.044092	0.00010603	0.18411	liquid
131.69	235.00	416.73	0.0023996	46.073	102.46	0.38465	2.0339	3.3481	1374.1	-0.043831	0.00010427	0.18291	liquid
132.69	235.00	415.50	0.0024067	49.255	105.81	0.40999	2.0301	3.3507	1366.6	-0.043563	0.00010256	0.18171	liquid
133.69	235.00	414.27	0.0024139	52.439	109.16	0.43515	2.0264	3.3533	1359.1	-0.043290	0.00010090	0.18051	liquid
134.69	235.00	413.03	0.0024211	55.623	112.52	0.46015	2.0227	3.3559	1351.7	-0.043012	9.9275e-05	0.17931	liquid
135.69	235.00	411.79	0.0024284	58.809	115.88	0.48499	2.0191	3.3586	1344.2	-0.042727	9.7696e-05	0.17812	liquid
136.69	235.00	410.55	0.0024358	61.996	119.24	0.50966	2.0154	3.3613	1336.7	-0.042436	9.6158e-05	0.17693	liquid
137.69	235.00	409.30	0.0024432	65.185	122.60	0.53417	2.0118	3.3641	1329.2	-0.042139	9.4659e-05	0.17574	liquid
138.69	235.00	408.05	0.0024507	68.375	125.96	0.55852	2.0083	3.3669	1321.8	-0.041836	9.3197e-05	0.17456	liquid
139.69	235.00	406.80	0.0024582	71.566	129.33	0.58272	2.0048	3.3698	1314.3	-0.041526	9.1772e-05	0.17338	liquid
140.69	235.00	405.55	0.0024658	74.758	132.70	0.60676	2.0013	3.3727	1306.9	-0.041209	9.0381e-05	0.17220	liquid
141.69	235.00	404.29	0.0024735	77.951	136.08	0.63066	1.9978	3.3757	1299.4	-0.040886	8.9024e-05	0.17103	liquid
142.69	235.00	403.02	0.0024812	81.147	139.46	0.65441	1.9944	3.3787	1292.0	-0.040555	8.7699e-05	0.16986	liquid
143.69	235.00	401.76	0.0024891	84.343	142.84	0.67802	1.9910	3.3818	1284.6	-0.040218	8.6405e-05	0.16870	liquid
144.69	235.00	400.49	0.0024970	87.541	146.22	0.70148	1.9876	3.3850	1277.2	-0.039874	8.5141e-05	0.16754	liquid
145.69	235.00	399.21	0.0025049	90.740	149.61	0.72481	1.9843	3.3882	1269.8	-0.039522	8.3906e-05	0.16638	liquid
146.69	235.00	397.94	0.0025130	93.941	153.00	0.74800	1.9810	3.3914	1262.4	-0.039162	8.2699e-05	0.16523	liquid
147.69	235.00	396.66	0.0025211	97.144	156.39	0.77105	1.9777	3.3948	1255.0	-0.038795	8.1520e-05	0.16408	liquid
148.69	235.00	395.37	0.0025293	100.35	159.79	0.79397	1.9745	3.3982	1247.6	-0.038421	8.0366e-05	0.16294	liquid
149.69	235.00	394.08	0.0025375	103.55	163.19	0.81676	1.9713	3.4016	1240.3	-0.038038	7.9238e-05	0.16180	liquid
150.69	235.00	392.79	0.0025459	106.76	166.59	0.83941	1.9681	3.4051	1232.9	-0.037647	7.8134e-05	0.16066	liquid
151.69	235.00	391.49	0.0025543	109.97	170.00	0.86195	1.9650	3.4087	1225.6	-0.037248	7.7054e-05	0.15953	liquid
152.69	235.00	390.19	0.0025628	113.18	173.41	0.88436	1.9619	3.4124	1218.3	-0.036840	7.5997e-05	0.15841	liquid
153.69	235.00	388.89	0.0025714	116.39	176.82	0.90664	1.9588	3.4161	1210.9	-0.036424	7.4963e-05	0.15729	liquid
154.69	235.00	387.58	0.0025801	119.61	180.24	0.92881	1.9558	3.4199	1203.6	-0.035999	7.3950e-05	0.15618	liquid
155.69	235.00	386.27	0.0025889	122.82	183.66	0.95086	1.9528	3.4237	1196.3	-0.035565	7.2958e-05	0.15507	liquid
156.69	235.00	384.95	0.0025977	126.04	187.09	0.97279	1.9499	3.4277	1189.1	-0.035122	7.1987e-05	0.15396	liquid
157.69	235.00	383.63	0.0026066	129.26	190.52	0.99461	1.9470	3.4317	1181.8	-0.034670	7.1035e-05	0.15286	liquid
158.69	235.00	382.31	0.0026157	132.48	193.95	1.0163	1.9441	3.4357	1174.5	-0.034208	7.0102e-05	0.15177	liquid
159.69	235.00	380.98	0.0026248	135.70	197.39	1.0379	1.9413	3.4399	1167.3	-0.033736	6.9188e-05	0.15068	liquid
160.69	235.00	379.65	0.0026340	138.93	200.83	1.0594	1.9384	3.4441	1160.1	-0.033255	6.8292e-05	0.14960	liquid
161.69	235.00	378.31	0.0026433	142.16	204.28	1.0808	1.9357	3.4484	1152.9	-0.032764	6.7414e-05	0.14852	liquid
162.69	235.00	376.97	0.0026527	145.39	207.73	1.1021	1.9329	3.4527	1145.7	-0.032262	6.6553e-05	0.14745	liquid
163.69	235.00	375.62	0.0026622	148.62	211.18	1.1232	1.9303	3.4571	1138.5	-0.031751	6.5709e-05	0.14638	liquid
164.69	235.00	374.27	0.0026719	151.85	214.64	1.1443	1.9276	3.4616	1131.3	-0.031228	6.4880e-05	0.14532	liquid
165.69	235.00	372.92	0.0026816	155.09	218.10	1.1653	1.9250	3.4662	1124.2	-0.030695	6.4068e-05	0.14427	liquid
166.69	235.00	371.56	0.0026914	158.33	221.57	1.1861	1.9224	3.4709	1117.0	-0.030151	6.3271e-05	0.14322	liquid
167.69	235.00	370.19	0.0027013	161.57	225.05	1.2069	1.9198	3.4756	1109.9	-0.029596	6.2488e-05	0.14217	liquid
168.69	235.00	368.82	0.0027113	164.81	228.52	1.2276	1.9173	3.4804	1102.8	-0.029029	6.1721e-05	0.14114	liquid
169.69	235.00	367.45	0.0027215	168.05	232.01	1.2482	1.9149	3.4853	1095.7	-0.028451	6.0967e-05	0.14011	liquid
170.69	235.00	366.07	0.0027317	171.30	235.49	1.2687	1.9124	3.4903	1088.6	-0.027862	6.0227e-05	0.13908	liquid
171.69	235.00	364.69	0.0027421	174.55	238.99	1.2891	1.9100	3.4953	1081.6	-0.027260	5.9501e-05	0.13806	liquid
172.69	235.00	363.30	0.0027526	177.80	242.49	1.3094	1.9077	3.5005	1074.6	-0.026646	5.8787e-05	0.13705	liquid
173.69	235.00	361.90	0.0027632	181.05	245.99	1.3296	1.9054	3.5056	1067.6	-0.026020	5.8087e-05	0.13604	liquid
174.69	235.00	360.51	0.0027739	184.31	249.50	1.3497	1.9031	3.5109	1060.6	-0.025381	5.7399e-05	0.13504	liquid
175.69	235.00	359.10	0.0027847	187.57	253.01	1.3698	1.9008	3.5163	1053.6	-0.024730	5.6723e-05	0.13405	liquid
176.69	235.00	357.69	0.0027957	190.83	256.53	1.3898	1.8986	3.5217	1046.6	-0.024066	5.6058e-05	0.13306	liquid
177.69	235.00	356.28	0.0028068	194.09	260.05	1.4097	1.8964	3.5272	1039.7	-0.023388	5.5406e-05	0.13208	liquid
178.69	235.00	354.86	0.0028180	197.36	263.58	1.4295	1.8943	3.5328	1032.8	-0.022697	5.4764e-05	0.13110	liquid
179.69	235.00	353.44	0.0028293	200.63	267.12	1.4492	1.8922	3.5384	1025.9	-0.021993	5.4134e-05	0.13014	liquid
180.69	235.00	352.01	0.0028408	203.90	270.66	1.4689	1.8902	3.5442	1019.1	-0.021275	5.3514e-05	0.12918	liquid
181.69	235.00	350.58	0.0028524	207.18	274.21	1.4884	1.8882	3.5500	1012.2	-0.020543	5.2905e-05	0.12822	liquid
182.69	235.00	349.14	0.0028642	210.45	277.76	1.5079	1.8862	3.5558	1005.4	-0.019797	5.2306e-05	0.12728	liquid
183.69	235.00	347.70	0.0028761	213.73	281.32	1.5274	1.8842	3.5618	998.65	-0.019037	5.1717e-05	0.12634	liquid
184.69	235.00	346.25	0.0028881	217.01	284.88	1.5467	1.8823	3.5678	991.90	-0.018262	5.1138e-05	0.12541	liquid
185.69	235.00	344.79	0.0029003	220.30	288.45	1.5660	1.8805	3.5739	985.17	-0.017472	5.0568e-05	0.12448	liquid
186.69	235.00	343.33	0.0029126	223.58	292.03	1.5852	1.8786	3.5800	978.47	-0.016667	5.0008e-05	0.12357	liquid
187.69	235.00	341.87	0.0029251	226.87	295.61	1.6043	1.8769	3.5862	971.79	-0.015848	4.9457e-05	0.12266	liquid
188.69	235.00	340.40	0.0029377	230.17	299.20	1.6234	1.8751	3.5925	965.15	-0.015013	4.8914e-05	0.12177	liquid
189.69	235.00	338.92	0.0029505	233.46	302.80	1.6424	1.8734	3.5989	958.53	-0.014162	4.8381e-05	0.12089	liquid
190.69	235.00	337.44	0.0029635	236.76	306.40	1.6614	1.8717	3.6053	951.95	-0.013296	4.7855e-05	0.12002	supercritical
191.69	235.00	335.96	0.0029766	240.06	310.01	1.6802	1.8701	3.6117	945.39	-0.012415	4.7339e-05	0.11911	supercritical
192.69	235.00	334.46	0.0029899	243.36	313.63	1.6990	1.8685	3.6182	938.87	-0.011517	4.6830e-05	0.11822	supercritical
193.69	235.00	332.97	0.0030033	246.67	317.25	1.7178	1.8669	3.6248	932.39	-0.010603	4.6329e-05	0.11733	supercritical
194.69	235.00	331.47	0.0030169	249.98	320.87	1.7365	1.8654	3.6314	925.93	-0.0096731	4.5836e-05	0.11646	supercritical
195.69	235.00	329.96	0.0030307	253.29	324.51	1.7551	1.8639	3.6381	919.52	-0.0087267	4.5351e-05	0.11559	supercritical
196.69	235.00	328.45	0.0030446	256.60	328.15	1.7737	1.8625	3.6447	913.13	-0.0077638	4.4873e-05	0.11474	supercritical
197.69	235.00	326.93	0.0030588	259.92	331.80	1.7922	1.8611	3.6515	906.79	-0.0067843	4.4403e-05	0.11389	supercritical
198.69	235.00	325.41	0.0030731	263.24	335.45	1.8106	1.8597	3.6583	900.48	-0.0057880	4.3940e-05	0.11304	supercritical
199.69	235.00	323.88	0.0030876	266.56	339.12	1.8290	1.8584	3.6651	894.21	-0.0047749	4.3484e-05	0.11221	supercritical
200.69	235.00	322.35	0.0031022	269.88	342.78	1.8473	1.8571	3.6719	887.98	-0.0037448	4.3035e-05	0.11138	supercritical
201.69	235.00	320.81	0.0031171	273.21	346.46	1.8656	1.8558	3.6787	881.79	-0.0026978	4.2592e-05	0.11056	supercritical
202.69	235.00	319.27	0.0031322	276.54	350.14	1.8838	1.8546	3.6856	875.64	-0.0016337	4.2156e-05	0.10974	supercritical
203.69	235.00	317.72	0.0031474	279.87	353.83	1.9019	1.8534	3.6925	869.54	-0.00055252	4.1727e-05	0.10894	supercritical
204.69	235.00	316.17	0.0031629	283.20	357.53	1.9200	1.8523	3.6994	863.48	0.00054580	4.1304e-05	0.10814	supercritical
205.69	235.00	314.61	0.0031785	286.53	361.23	1.9381	1.8511	3.7063	857.46	0.0016613	4.0888e-05	0.10735	supercritical
206.69	235.00	313.05	0.0031944	289.87	364.94	1.9561	1.8501	3.7131	851.48	0.0027939	4.0477e-05	0.10656	supercritical
207.69	235.00	311.48	0.0032104	293.21	368.66	1.9740	1.8490	3.7200	845.56	0.0039436	4.0073e-05	0.10579	supercritical
208.69	235.00	309.91	0.0032267	296.55	372.38	1.9919	1.8480	3.7269	839.68	0.0051105	3.9675e-05	0.10502	supercritical
209.69	235.00	308.34	0.0032432	299.89	376.11	2.0097	1.8470	3.7337	833.85	0.0062943	3.9282e-05	0.10426	supercritical
210.69	235.00	306.76	0.0032599	303.24	379.85	2.0275	1.8461	3.7405	828.07	0.0074952	3.8896e-05	0.10350	supercritical
211.69	235.00	305.18	0.0032768	306.59	383.59	2.0452	1.8452	3.7473	822.34	0.0087129	3.8515e-05	0.10276	supercritical
212.69	235.00	303.59	0.0032939	309.93	387.34	2.0629	1.8443	3.7540	816.66	0.0099473	3.8139e-05	0.10202	supercritical
213.69	235.00	302.00	0.0033113	313.28	391.10	2.0805	1.8435	3.7606	811.04	0.011198	3.7769e-05	0.10129	supercritical
214.69	235.00	300.40	0.0033289	316.63	394.86	2.0981	1.8427	3.7672	805.46	0.012466	3.7405e-05	0.10057	supercritical
215.69	235.00	298.80	0.0033467	319.99	398.63	2.1156	1.8419	3.7738	799.94	0.013750	3.7046e-05	0.099852	supercritical
216.69	235.00	297.20	0.0033647	323.34	402.41	2.1331	1.8412	3.7802	794.48	0.015049	3.6692e-05	0.099146	supercritical
217.69	235.00	295.60	0.0033830	326.69	406.19	2.1505	1.8405	3.7866	789.08	0.016365	3.6343e-05	0.098447	supercritical
218.69	235.00	293.99	0.0034015	330.05	409.98	2.1679	1.8398	3.7929	783.73	0.017696	3.6000e-05	0.097757	supercritical
219.69	235.00	292.38	0.0034202	333.40	413.78	2.1852	1.8392	3.7991	778.44	0.019043	3.5661e-05	0.097074	supercritical
220.69	235.00	290.77	0.0034392	336.76	417.58	2.2025	1.8386	3.8052	773.21	0.020404	3.5328e-05	0.096400	supercritical
221.69	235.00	289.15	0.0034584	340.12	421.39	2.2197	1.8380	3.8111	768.04	0.021780	3.4999e-05	0.095734	supercritical
222.69	235.00	287.53	0.0034779	343.47	425.20	2.2369	1.8375	3.8169	762.93	0.023170	3.4675e-05	0.095076	supercritical
223.69	235.00	285.91	0.0034976	346.83	429.02	2.2540	1.8369	3.8226	757.88	0.024574	3.4356e-05	0.094426	supercritical
224.69	235.00	284.29	0.0035176	350.19	432.85	2.2710	1.8365	3.8282	752.89	0.025991	3.4042e-05	0.093784	supercritical
225.69	235.00	282.66	0.0035378	353.54	436.68	2.2880	1.8360	3.8336	747.97	0.027421	3.3732e-05	0.093151	supercritical
226.69	235.00	281.04	0.0035582	356.90	440.52	2.3050	1.8356	3.8388	743.12	0.028863	3.3428e-05	0.092526	supercritical
227.69	235.00	279.41	0.0035789	360.25	444.36	2.3219	1.8352	3.8438	738.33	0.030318	3.3127e-05	0.091909	supercritical
228.69	235.00	277.79	0.0035999	363.61	448.20	2.3388	1.8348	3.8487	733.60	0.031783	3.2831e-05	0.091301	supercritical
229.69	235.00	276.16	0.0036211	366.96	452.05	2.3556	1.8345	3.8533	728.94	0.033259	3.2540e-05	0.090700	supercritical
230.69	235.00	274.53	0.0036426	370.31	455.91	2.3723	1.8342	3.8578	724.35	0.034745	3.2253e-05	0.090108	supercritical
231.69	235.00	272.90	0.0036643	373.66	459.77	2.3890	1.8339	3.8620	719.83	0.036241	3.1971e-05	0.089525	supercritical
232.69	235.00	271.27	0.0036863	377.01	463.63	2.4057	1.8336	3.8660	715.38	0.037745	3.1693e-05	0.088949	supercritical
233.69	235.00	269.65	0.0037085	380.35	467.50	2.4222	1.8334	3.8698	710.99	0.039257	3.1419e-05	0.088383	supercritical
234.69	235.00	268.02	0.0037310	383.69	471.37	2.4388	1.8332	3.8733	706.68	0.040776	3.1150e-05	0.087824	supercritical
235.69	235.00	266.40	0.0037538	387.03	475.25	2.4552	1.8330	3.8766	702.44	0.042301	3.0884e-05	0.087274	supercritical
236.69	235.00	264.77	0.0037768	390.37	479.13	2.4717	1.8329	3.8797	698.27	0.043832	3.0623e-05	0.086732	supercritical
237.69	235.00	263.15	0.0038001	393.71	483.01	2.4880	1.8327	3.8824	694.17	0.045367	3.0366e-05	0.086198	supercritical
238.69	235.00	261.53	0.0038236	397.04	486.89	2.5043	1.8326	3.8849	690.14	0.046906	3.0114e-05	0.085673	supercritical
239.69	235.00	259.92	0.0038474	400.36	490.78	2.5206	1.8325	3.8871	686.19	0.048447	2.9865e-05	0.085156	supercritical
240.69	235.00	258.30	0.0038714	403.69	494.67	2.5368	1.8325	3.8890	682.30	0.049991	2.9621e-05	0.084647	supercritical
241.69	235.00	256.69	0.0038957	407.01	498.56	2.5529	1.8325	3.8906	678.50	0.051535	2.9380e-05	0.084147	supercritical
242.69	235.00	255.09	0.0039202	410.32	502.45	2.5690	1.8324	3.8919	674.76	0.053079	2.9144e-05	0.083655	supercritical
243.69	235.00	253.48	0.0039450	413.63	506.34	2.5850	1.8325	3.8929	671.10	0.054622	2.8911e-05	0.083170	supercritical
244.69	235.00	251.88	0.0039701	416.94	510.23	2.6009	1.8325	3.8936	667.52	0.056162	2.8683e-05	0.082694	supercritical
245.69	235.00	250.29	0.0039954	420.24	514.13	2.6168	1.8325	3.8940	664.00	0.057700	2.8458e-05	0.082227	supercritical
246.69	235.00	248.70	0.0040209	423.53	518.02	2.6326	1.8326	3.8940	660.56	0.059233	2.8237e-05	0.081767	supercritical
247.69	235.00	247.12	0.0040467	426.82	521.91	2.6484	1.8327	3.8938	657.20	0.060762	2.8020e-05	0.081315	supercritical
248.69	235.00	245.54	0.0040727	430.10	525.81	2.6640	1.8329	3.8932	653.91	0.062283	2.7807e-05	0.080871	supercritical
249.69	235.00	243.97	0.0040989	433.38	529.70	2.6797	1.8330	3.8922	650.70	0.063798	2.7598e-05	0.080435	supercritical
250.69	235.00	242.40	0.0041254	436.65	533.59	2.6952	1.8332	3.8910	647.55	0.065305	2.7392e-05	0.080006	supercritical
251.69	235.00	240.84	0.0041521	439.91	537.48	2.7107	1.8334	3.8894	644.49	0.066802	2.7191e-05	0.079586	supercritical
252.69	235.00	239.29	0.0041790	443.16	541.37	2.7261	1.8336	3.8875	641.49	0.068289	2.6993e-05	0.079173	supercritical
253.69	235.00	237.75	0.0042062	446.41	545.26	2.7415	1.8338	3.8853	638.57	0.069765	2.6798e-05	0.078768	supercritical
254.69	235.00	236.21	0.0042335	449.65	549.14	2.7568	1.8340	3.8827	635.72	0.071229	2.6607e-05	0.078370	supercritical
255.69	235.00	234.68	0.0042611	452.89	553.02	2.7720	1.8343	3.8798	632.94	0.072680	2.6420e-05	0.077980	supercritical
256.69	235.00	233.16	0.0042889	456.11	556.90	2.7871	1.8346	3.8767	630.24	0.074117	2.6237e-05	0.077597	supercritical
257.69	235.00	231.65	0.0043169	459.33	560.78	2.8022	1.8349	3.8732	627.60	0.075539	2.6057e-05	0.077222	supercritical
258.69	235.00	230.14	0.0043451	462.54	564.65	2.8172	1.8352	3.8694	625.04	0.076946	2.5880e-05	0.076853	supercritical
259.69	235.00	228.65	0.0043735	465.74	568.51	2.8321	1.8356	3.8653	622.55	0.078337	2.5707e-05	0.076492	supercritical
260.69	235.00	227.16	0.0044021	468.93	572.38	2.8469	1.8359	3.8609	620.12	0.079711	2.5537e-05	0.076138	supercritical
261.69	235.00	225.69	0.0044309	472.11	576.24	2.8617	1.8363	3.8563	617.76	0.081066	2.5371e-05	0.075791	supercritical
262.69	235.00	224.22	0.0044599	475.28	580.09	2.8764	1.8367	3.8514	615.47	0.082404	2.5208e-05	0.075451	supercritical
263.69	235.00	222.76	0.0044890	478.45	583.94	2.8910	1.8371	3.8462	613.25	0.083722	2.5048e-05	0.075117	supercritical
264.69	235.00	221.32	0.0045184	481.60	587.78	2.9056	1.8376	3.8407	611.09	0.085021	2.4892e-05	0.074791	supercritical
265.69	235.00	219.88	0.0045479	484.75	591.62	2.9200	1.8380	3.8350	608.99	0.086300	2.4738e-05	0.074471	supercritical
266.69	235.00	218.46	0.0045775	487.88	595.45	2.9344	1.8385	3.8291	606.96	0.087557	2.4588e-05	0.074157	supercritical
267.69	235.00	217.05	0.0046073	491.01	599.28	2.9488	1.8390	3.8229	604.99	0.088793	2.4441e-05	0.073850	supercritical
268.69	235.00	215.64	0.0046373	494.12	603.10	2.9630	1.8395	3.8165	603.08	0.090008	2.4298e-05	0.073549	supercritical
269.69	235.00	214.25	0.0046674	497.23	606.91	2.9772	1.8400	3.8099	601.24	0.091200	2.4157e-05	0.073255	supercritical
270.69	235.00	212.87	0.0046977	500.32	610.72	2.9913	1.8406	3.8031	599.45	0.092369	2.4019e-05	0.072967	supercritical
271.69	235.00	211.50	0.0047281	503.41	614.52	3.0053	1.8412	3.7962	597.72	0.093515	2.3884e-05	0.072685	supercritical
272.69	235.00	210.15	0.0047586	506.48	618.31	3.0192	1.8417	3.7890	596.04	0.094638	2.3752e-05	0.072409	supercritical
273.69	235.00	208.80	0.0047893	509.55	622.10	3.0331	1.8423	3.7816	594.42	0.095737	2.3623e-05	0.072138	supercritical
274.69	235.00	207.47	0.0048201	512.60	625.87	3.0468	1.8430	3.7741	592.86	0.096812	2.3497e-05	0.071874	supercritical
275.69	235.00	206.14	0.0048510	515.65	629.64	3.0605	1.8436	3.7665	591.35	0.097863	2.3373e-05	0.071616	supercritical
276.69	235.00	204.83	0.0048820	518.68	633.41	3.0742	1.8443	3.7586	589.89	0.098889	2.3253e-05	0.071363	supercritical
277.69	235.00	203.54	0.0049131	521.70	637.16	3.0877	1.8449	3.7507	588.49	0.099890	2.3135e-05	0.071115	supercritical
278.69	235.00	202.25	0.0049443	524.72	640.91	3.1012	1.8456	3.7426	587.13	0.10087	2.3019e-05	0.070874	supercritical
279.69	235.00	200.98	0.0049757	527.72	644.65	3.1146	1.8464	3.7345	585.82	0.10182	2.2906e-05	0.070637	supercritical
280.69	235.00	199.72	0.0050071	530.71	648.38	3.1279	1.8471	3.7262	584.56	0.10274	2.2796e-05	0.070406	supercritical
281.69	235.00	198.47	0.0050386	533.69	652.10	3.1411	1.8479	3.7178	583.35	0.10364	2.2688e-05	0.070181	supercritical
282.69	235.00	197.23	0.0050702	536.66	655.81	3.1543	1.8486	3.7093	582.19	0.10452	2.2583e-05	0.069960	supercritical
283.69	235.00	196.00	0.0051019	539.62	659.52	3.1674	1.8494	3.7008	581.07	0.10537	2.2480e-05	0.069745	supercritical
284.69	235.00	194.79	0.0051337	542.57	663.21	3.1804	1.8502	3.6921	579.99	0.10619	2.2379e-05	0.069535	supercritical
285.69	235.00	193.59	0.0051655	545.51	666.90	3.1933	1.8511	3.6835	578.95	0.10699	2.2281e-05	0.069330	supercritical
286.69	235.00	192.40	0.0051974	548.44	670.58	3.2062	1.8519	3.6747	577.96	0.10776	2.2185e-05	0.069130	supercritical
287.69	235.00	191.23	0.0052294	551.36	674.25	3.2189	1.8528	3.6659	577.01	0.10851	2.2091e-05	0.068934	supercritical
288.69	235.00	190.06	0.0052615	554.27	677.91	3.2316	1.8537	3.6571	576.09	0.10923	2.2000e-05	0.068744	supercritical
289.69	235.00	188.91	0.0052935	557.17	681.56	3.2443	1.8546	3.6483	575.22	0.10992	2.1910e-05	0.068558	supercritical
290.69	235.00	187.77	0.0053257	560.05	685.21	3.2568	1.8556	3.6394	574.38	0.11059	2.1823e-05	0.068377	supercritical
291.69	235.00	186.64	0.0053579	562.93	688.84	3.2693	1.8566	3.6305	573.58	0.11124	2.1738e-05	0.068200	supercritical
292.69	235.00	185.52	0.0053901	565.80	692.47	3.2817	1.8575	3.6216	572.82	0.11186	2.1655e-05	0.068028	supercritical
293.69	235.00	184.42	0.0054224	568.66	696.09	3.2941	1.8585	3.6127	572.09	0.11246	2.1574e-05	0.067861	supercritical
294.69	235.00	183.33	0.0054547	571.51	699.70	3.3063	1.8596	3.6039	571.40	0.11303	2.1494e-05	0.067698	supercritical
295.69	235.00	182.25	0.0054871	574.35	703.29	3.3185	1.8606	3.5950	570.73	0.11357	2.1417e-05	0.067539	supercritical
296.69	235.00	181.18	0.0055194	577.18	706.89	3.3306	1.8617	3.5861	570.10	0.11410	2.1342e-05	0.067385	supercritical
297.69	235.00	180.12	0.0055518	580.00	710.47	3.3427	1.8628	3.5773	569.50	0.11459	2.1268e-05	0.067235	supercritical
298.69	235.00	179.07	0.0055843	582.81	714.04	3.3547	1.8639	3.5685	568.94	0.11507	2.1196e-05	0.067089	supercritical
299.69	235.00	178.04	0.0056167	585.61	717.60	3.3666	1.8651	3.5597	568.40	0.11552	2.1126e-05	0.066947	supercritical
300.69	235.00	177.02	0.0056492	588.40	721.16	3.3784	1.8663	3.5510	567.89	0.11595	2.1058e-05	0.066809	supercritical
301.69	235.00	176.00	0.0056817	591.19	724.71	3.3902	1.8674	3.5423	567.41	0.11635	2.0991e-05	0.066676	supercritical
302.69	235.00	175.00	0.0057142	593.96	728.24	3.4019	1.8687	3.5336	566.95	0.11673	2.0927e-05	0.066546	supercritical
303.69	235.00	174.01	0.0057467	596.73	731.77	3.4135	1.8699	3.5251	566.53	0.11709	2.0863e-05	0.066420	supercritical
304.69	235.00	173.03	0.0057792	599.48	735.29	3.4251	1.8712	3.5165	566.13	0.11743	2.0801e-05	0.066299	supercritical
305.69	235.00	172.07	0.0058117	602.23	738.81	3.4366	1.8725	3.5081	565.75	0.11775	2.0741e-05	0.066181	supercritical
306.69	235.00	171.11	0.0058443	604.97	742.31	3.4481	1.8738	3.4997	565.40	0.11804	2.0683e-05	0.066066	supercritical
307.69	235.00	170.16	0.0058768	607.70	745.81	3.4595	1.8751	3.4914	565.07	0.11832	2.0626e-05	0.065956	supercritical
308.69	235.00	169.22	0.0059093	610.42	749.29	3.4708	1.8765	3.4831	564.77	0.11857	2.0570e-05	0.065849	supercritical
309.69	235.00	168.30	0.0059418	613.14	752.77	3.4820	1.8778	3.4749	564.49	0.11881	2.0516e-05	0.065746	supercritical
310.69	235.00	167.38	0.0059743	615.85	756.24	3.4932	1.8793	3.4668	564.23	0.11902	2.0463e-05	0.065647	supercritical
311.69	235.00	166.48	0.0060068	618.54	759.71	3.5043	1.8807	3.4588	563.99	0.11921	2.0411e-05	0.065551	supercritical
312.69	235.00	165.58	0.0060393	621.24	763.16	3.5154	1.8821	3.4509	563.77	0.11939	2.0361e-05	0.065458	supercritical
313.69	235.00	164.70	0.0060718	623.92	766.61	3.5264	1.8836	3.4430	563.57	0.11954	2.0312e-05	0.065369	supercritical
314.69	235.00	163.82	0.0061043	626.60	770.05	3.5374	1.8851	3.4353	563.39	0.11968	2.0265e-05	0.065284	supercritical
315.69	235.00	162.95	0.0061367	629.26	773.48	3.5482	1.8867	3.4276	563.23	0.11980	2.0219e-05	0.065201	supercritical
316.69	235.00	162.10	0.0061692	631.93	776.90	3.5591	1.8882	3.4200	563.09	0.11990	2.0174e-05	0.065122	supercritical
317.69	235.00	161.25	0.0062016	634.58	780.32	3.5698	1.8898	3.4126	562.97	0.11999	2.0130e-05	0.065047	supercritical
318.69	235.00	160.41	0.0062340	637.23	783.73	3.5806	1.8914	3.4052	562.86	0.12005	2.0087e-05	0.064974	supercritical
319.69	235.00	159.58	0.0062664	639.87	787.13	3.5912	1.8930	3.3979	562.77	0.12010	2.0046e-05	0.064905	supercritical
320.69	235.00	158.76	0.0062987	642.50	790.52	3.6018	1.8947	3.3907	562.70	0.12014	2.0005e-05	0.064839	supercritical
321.69	235.00	157.95	0.0063311	645.13	793.91	3.6124	1.8963	3.3836	562.65	0.12016	1.9966e-05	0.064776	supercritical
322.69	235.00	157.15	0.0063634	647.75	797.29	3.6228	1.8980	3.3767	562.60	0.12016	1.9928e-05	0.064716	supercritical
323.69	235.00	156.36	0.0063956	650.37	800.66	3.6333	1.8998	3.3698	562.58	0.12015	1.9891e-05	0.064659	supercritical
324.69	235.00	155.57	0.0064279	652.97	804.03	3.6437	1.9015	3.3630	562.57	0.12012	1.9855e-05	0.064606	supercritical
325.69	235.00	154.80	0.0064601	655.58	807.39	3.6540	1.9033	3.3563	562.57	0.12008	1.9820e-05	0.064555	supercritical
326.69	235.00	154.03	0.0064923	658.17	810.74	3.6643	1.9051	3.3498	562.59	0.12003	1.9786e-05	0.064507	supercritical
327.69	235.00	153.27	0.0065245	660.76	814.09	3.6745	1.9069	3.3433	562.62	0.11996	1.9753e-05	0.064462	supercritical
328.69	235.00	152.52	0.0065566	663.35	817.43	3.6847	1.9087	3.3369	562.66	0.11988	1.9721e-05	0.064419	supercritical
329.69	235.00	151.77	0.0065887	665.93	820.76	3.6948	1.9106	3.3307	562.71	0.11978	1.9690e-05	0.064380	supercritical
330.69	235.00	151.04	0.0066208	668.50	824.09	3.7049	1.9124	3.3245	562.78	0.11968	1.9660e-05	0.064343	supercritical
331.69	235.00	150.31	0.0066528	671.07	827.41	3.7149	1.9143	3.3185	562.86	0.11956	1.9630e-05	0.064309	supercritical
332.69	235.00	149.59	0.0066848	673.63	830.73	3.7249	1.9163	3.3125	562.95	0.11942	1.9602e-05	0.064278	supercritical
333.69	235.00	148.88	0.0067168	676.19	834.04	3.7348	1.9182	3.3067	563.05	0.11928	1.9574e-05	0.064249	supercritical
334.69	235.00	148.18	0.0067487	678.75	837.34	3.7447	1.9202	3.3009	563.17	0.11913	1.9548e-05	0.064223	supercritical
335.69	235.00	147.48	0.0067806	681.29	840.64	3.7546	1.9222	3.2953	563.29	0.11896	1.9522e-05	0.064200	supercritical
336.69	235.00	146.79	0.0068125	683.84	843.93	3.7643	1.9242	3.2898	563.42	0.11878	1.9497e-05	0.064179	supercritical
337.69	235.00	146.11	0.0068443	686.38	847.22	3.7741	1.9262	3.2843	563.57	0.11860	1.9472e-05	0.064161	supercritical
338.69	235.00	145.43	0.0068761	688.91	850.50	3.7838	1.9283	3.2790	563.72	0.11840	1.9449e-05	0.064145	supercritical
339.69	235.00	144.76	0.0069078	691.44	853.78	3.7935	1.9303	3.2738	563.88	0.11819	1.9426e-05	0.064131	supercritical
340.69	235.00	144.10	0.0069395	693.97	857.05	3.8031	1.9324	3.2687	564.06	0.11798	1.9404e-05	0.064120	supercritical
341.69	235.00	143.45	0.0069712	696.49	860.31	3.8126	1.9346	3.2636	564.24	0.11775	1.9383e-05	0.064112	supercritical
342.69	235.00	142.80	0.0070028	699.01	863.57	3.8222	1.9367	3.2587	564.43	0.11752	1.9362e-05	0.064105	supercritical
343.69	235.00	142.16	0.0070344	701.52	866.83	3.8317	1.9389	3.2539	564.62	0.11728	1.9342e-05	0.064101	supercritical
344.69	235.00	141.52	0.0070660	704.03	870.08	3.8411	1.9410	3.2492	564.83	0.11703	1.9323e-05	0.064100	supercritical
345.69	235.00	140.90	0.0070975	706.54	873.33	3.8505	1.9432	3.2445	565.04	0.11677	1.9305e-05	0.064100	supercritical
346.69	235.00	140.27	0.0071289	709.04	876.57	3.8599	1.9455	3.2400	565.26	0.11650	1.9287e-05	0.064103	supercritical
347.69	235.00	139.66	0.0071604	711.54	879.81	3.8692	1.9477	3.2356	565.49	0.11622	1.9270e-05	0.064108	supercritical
348.69	235.00	139.05	0.0071918	714.04	883.04	3.8785	1.9500	3.2312	565.73	0.11594	1.9253e-05	0.064115	supercritical
349.69	235.00	138.44	0.0072231	716.53	886.27	3.8877	1.9522	3.2270	565.97	0.11565	1.9237e-05	0.064125	supercritical
350.69	235.00	137.85	0.0072544	719.02	889.50	3.8970	1.9545	3.2228	566.22	0.11535	1.9222e-05	0.064136	supercritical
351.69	235.00	137.26	0.0072857	721.50	892.72	3.9061	1.9569	3.2188	566.48	0.11505	1.9207e-05	0.064149	supercritical
352.69	235.00	136.67	0.0073169	723.99	895.93	3.9153	1.9592	3.2148	566.74	0.11474	1.9193e-05	0.064165	supercritical
353.69	235.00	136.09	0.0073481	726.47	899.15	3.9244	1.9615	3.2110	567.01	0.11443	1.9179e-05	0.064183	supercritical
354.69	235.00	135.52	0.0073792	728.94	902.36	3.9334	1.9639	3.2072	567.28	0.11410	1.9166e-05	0.064202	supercritical
355.69	235.00	134.95	0.0074103	731.42	905.56	3.9424	1.9663	3.2035	567.56	0.11378	1.9154e-05	0.064224	supercritical
356.69	235.00	134.38	0.0074414	733.89	908.76	3.9514	1.9687	3.1999	567.85	0.11344	1.9142e-05	0.064247	supercritical
357.69	235.00	133.83	0.0074724	736.36	911.96	3.9604	1.9711	3.1964	568.14	0.11310	1.9130e-05	0.064273	supercritical
358.69	235.00	133.27	0.0075034	738.83	915.16	3.9693	1.9736	3.1929	568.44	0.11276	1.9120e-05	0.064300	supercritical
359.69	235.00	132.73	0.0075343	741.29	918.35	3.9782	1.9760	3.1896	568.74	0.11241	1.9109e-05	0.064329	supercritical
360.69	235.00	132.18	0.0075652	743.75	921.54	3.9870	1.9785	3.1863	569.05	0.11205	1.9099e-05	0.064361	supercritical
361.69	235.00	131.65	0.0075961	746.21	924.72	3.9959	1.9810	3.1831	569.36	0.11170	1.9090e-05	0.064393	supercritical
362.69	235.00	131.12	0.0076269	748.67	927.90	4.0046	1.9835	3.1801	569.68	0.11133	1.9081e-05	0.064428	supercritical
363.69	235.00	130.59	0.0076577	751.13	931.08	4.0134	1.9861	3.1770	570.00	0.11096	1.9072e-05	0.064465	supercritical
364.69	235.00	130.07	0.0076884	753.58	934.26	4.0221	1.9886	3.1741	570.32	0.11059	1.9064e-05	0.064503	supercritical
365.69	235.00	129.55	0.0077191	756.03	937.43	4.0308	1.9912	3.1713	570.65	0.11022	1.9057e-05	0.064543	supercritical
366.69	235.00	129.04	0.0077497	758.48	940.60	4.0394	1.9937	3.1685	570.99	0.10984	1.9050e-05	0.064585	supercritical
367.69	235.00	128.53	0.0077803	760.93	943.77	4.0481	1.9963	3.1658	571.33	0.10945	1.9043e-05	0.064628	supercritical
368.69	235.00	128.03	0.0078109	763.37	946.93	4.0567	1.9989	3.1632	571.67	0.10906	1.9037e-05	0.064673	supercritical
369.69	235.00	127.53	0.0078414	765.82	950.09	4.0652	2.0016	3.1606	572.02	0.10867	1.9031e-05	0.064720	supercritical
370.69	235.00	127.03	0.0078719	768.26	953.25	4.0738	2.0042	3.1582	572.37	0.10828	1.9025e-05	0.064768	supercritical
371.69	235.00	126.55	0.0079023	770.70	956.41	4.0823	2.0069	3.1558	572.72	0.10788	1.9020e-05	0.064818	supercritical
372.69	235.00	126.06	0.0079327	773.14	959.56	4.0907	2.0095	3.1535	573.08	0.10748	1.9016e-05	0.064870	supercritical
373.69	235.00	125.58	0.0079631	775.58	962.71	4.0992	2.0122	3.1512	573.44	0.10708	1.9011e-05	0.064923	supercritical
374.69	235.00	125.10	0.0079934	778.02	965.87	4.1076	2.0149	3.1490	573.80	0.10667	1.9007e-05	0.064977	supercritical
375.69	235.00	124.63	0.0080237	780.46	969.01	4.1160	2.0176	3.1469	574.17	0.10627	1.9004e-05	0.065034	supercritical
376.69	235.00	124.16	0.0080539	782.89	972.16	4.1244	2.0204	3.1449	574.54	0.10585	1.9001e-05	0.065091	supercritical
377.69	235.00	123.70	0.0080841	785.33	975.30	4.1327	2.0231	3.1429	574.92	0.10544	1.8998e-05	0.065150	supercritical
378.69	235.00	123.24	0.0081143	787.76	978.44	4.1410	2.0259	3.1410	575.29	0.10503	1.8996e-05	0.065211	supercritical
379.69	235.00	122.78	0.0081444	790.19	981.58	4.1493	2.0286	3.1392	575.67	0.10461	1.8993e-05	0.065273	supercritical
380.69	235.00	122.33	0.0081745	792.62	984.72	4.1575	2.0314	3.1374	576.05	0.10419	1.8992e-05	0.065337	supercritical
381.69	235.00	121.88	0.0082045	795.05	987.86	4.1658	2.0342	3.1357	576.44	0.10377	1.8990e-05	0.065402	supercritical
382.69	235.00	121.44	0.0082345	797.48	990.99	4.1740	2.0370	3.1341	576.83	0.10334	1.8989e-05	0.065468	supercritical
383.69	235.00	121.00	0.0082645	799.91	994.13	4.1822	2.0398	3.1325	577.22	0.10292	1.8988e-05	0.065536	supercritical
384.69	235.00	120.56	0.0082944	802.34	997.26	4.1903	2.0427	3.1310	577.61	0.10249	1.8988e-05	0.065605	supercritical
385.69	235.00	120.13	0.0083243	804.77	1000.4	4.1984	2.0455	3.1296	578.01	0.10206	1.8988e-05	0.065675	supercritical
386.69	235.00	119.70	0.0083541	807.20	1003.5	4.2065	2.0484	3.1282	578.40	0.10164	1.8988e-05	0.065747	supercritical
387.69	235.00	119.28	0.0083839	809.62	1006.6	4.2146	2.0513	3.1268	578.80	0.10120	1.8988e-05	0.065820	supercritical
388.69	235.00	118.85	0.0084137	812.05	1009.8	4.2227	2.0542	3.1256	579.21	0.10077	1.8989e-05	0.065895	supercritical
389.69	235.00	118.44	0.0084434	814.48	1012.9	4.2307	2.0571	3.1244	579.61	0.10034	1.8990e-05	0.065970	supercritical
390.69	235.00	118.02	0.0084731	816.90	1016.0	4.2387	2.0600	3.1232	580.02	0.099905	1.8991e-05	0.066047	supercritical
391.69	235.00	117.61	0.0085028	819.33	1019.1	4.2467	2.0629	3.1221	580.42	0.099470	1.8993e-05	0.066126	supercritical
392.69	235.00	117.20	0.0085324	821.75	1022.3	4.2546	2.0658	3.1211	580.83	0.099034	1.8995e-05	0.066205	supercritical
393.69	235.00	116.80	0.0085620	824.18	1025.4	4.2626	2.0688	3.1201	581.25	0.098597	1.8997e-05	0.066286	supercritical
394.69	235.00	116.39	0.0085915	826.61	1028.5	4.2705	2.0717	3.1192	581.66	0.098160	1.8999e-05	0.066368	supercritical
395.69	235.00	116.00	0.0086210	829.03	1031.6	4.2784	2.0747	3.1183	582.08	0.097721	1.9002e-05	0.066451	supercritical
396.69	235.00	115.60	0.0086505	831.46	1034.7	4.2863	2.0777	3.1175	582.49	0.097282	1.9005e-05	0.066535	supercritical
397.69	235.00	115.21	0.0086799	833.88	1037.9	4.2941	2.0807	3.1167	582.91	0.096843	1.9008e-05	0.066621	supercritical
398.69	235.00	114.82	0.0087093	836.31	1041.0	4.3019	2.0837	3.1160	583.33	0.096403	1.9012e-05	0.066707	supercritical
399.69	235.00	114.43	0.0087387	838.73	1044.1	4.3097	2.0867	3.1153	583.76	0.095963	1.9015e-05	0.066795	supercritical
400.69	235.00	114.05	0.0087680	841.16	1047.2	4.3175	2.0897	3.1147	584.18	0.095522	1.9019e-05	0.066884	supercritical
401.69	235.00	113.67	0.0087973	843.58	1050.3	4.3253	2.0927	3.1141	584.61	0.095082	1.9023e-05	0.066974	supercritical
402.69	235.00	113.29	0.0088266	846.01	1053.4	4.3330	2.0958	3.1136	585.03	0.094641	1.9028e-05	0.067065	supercritical
403.69	235.00	112.92	0.0088558	848.44	1056.5	4.3407	2.0988	3.1131	585.46	0.094199	1.9032e-05	0.067158	supercritical
404.69	235.00	112.55	0.0088850	850.86	1059.7	4.3484	2.1019	3.1127	585.89	0.093758	1.9037e-05	0.067251	supercritical
405.69	235.00	112.18	0.0089141	853.29	1062.8	4.3561	2.1050	3.1123	586.32	0.093317	1.9042e-05	0.067345	supercritical
406.69	235.00	111.82	0.0089432	855.72	1065.9	4.3638	2.1080	3.1120	586.75	0.092876	1.9047e-05	0.067441	supercritical
407.69	235.00	111.45	0.0089723	858.15	1069.0	4.3714	2.1111	3.1117	587.19	0.092434	1.9052e-05	0.067537	supercritical
408.69	235.00	111.09	0.0090013	860.58	1072.1	4.3791	2.1142	3.1115	587.62	0.091993	1.9058e-05	0.067635	supercritical
409.69	235.00	110.74	0.0090304	863.01	1075.2	4.3867	2.1173	3.1113	588.06	0.091552	1.9064e-05	0.067733	supercritical
410.69	235.00	110.38	0.0090593	865.44	1078.3	4.3942	2.1205	3.1112	588.50	0.091112	1.9070e-05	0.067833	supercritical
411.69	235.00	110.03	0.0090883	867.87	1081.4	4.4018	2.1236	3.1111	588.93	0.090671	1.9076e-05	0.067934	supercritical
412.69	235.00	109.68	0.0091172	870.30	1084.6	4.4094	2.1267	3.1110	589.37	0.090231	1.9083e-05	0.068035	supercritical
413.69	235.00	109.34	0.0091461	872.73	1087.7	4.4169	2.1299	3.1110	589.81	0.089791	1.9089e-05	0.068138	supercritical
414.69	235.00	108.99	0.0091749	875.17	1090.8	4.4244	2.1330	3.1110	590.25	0.089352	1.9096e-05	0.068241	supercritical
415.69	235.00	108.65	0.0092037	877.60	1093.9	4.4319	2.1362	3.1111	590.70	0.088913	1.9103e-05	0.068346	supercritical
416.69	235.00	108.31	0.0092325	880.03	1097.0	4.4394	2.1394	3.1112	591.14	0.088475	1.9110e-05	0.068451	supercritical
417.69	235.00	107.98	0.0092612	882.47	1100.1	4.4468	2.1426	3.1113	591.58	0.088037	1.9118e-05	0.068558	supercritical
418.69	235.00	107.64	0.0092900	884.91	1103.2	4.4543	2.1457	3.1115	592.03	0.087600	1.9125e-05	0.068665	supercritical
419.69	235.00	107.31	0.0093186	887.34	1106.3	4.4617	2.1489	3.1117	592.47	0.087163	1.9133e-05	0.068773	supercritical
420.69	235.00	106.98	0.0093473	889.78	1109.4	4.4691	2.1521	3.1120	592.92	0.086727	1.9141e-05	0.068882	supercritical
421.69	235.00	106.66	0.0093759	892.22	1112.6	4.4765	2.1554	3.1123	593.37	0.086291	1.9149e-05	0.068992	supercritical
422.69	235.00	106.33	0.0094045	894.66	1115.7	4.4838	2.1586	3.1126	593.81	0.085857	1.9157e-05	0.069103	supercritical
423.69	235.00	106.01	0.0094330	897.10	1118.8	4.4912	2.1618	3.1130	594.26	0.085423	1.9165e-05	0.069215	supercritical
424.69	235.00	105.69	0.0094616	899.55	1121.9	4.4985	2.1650	3.1134	594.71	0.084989	1.9174e-05	0.069328	supercritical
425.69	235.00	105.37	0.0094901	901.99	1125.0	4.5059	2.1683	3.1138	595.16	0.084557	1.9182e-05	0.069441	supercritical
426.69	235.00	105.06	0.0095185	904.44	1128.1	4.5132	2.1715	3.1143	595.61	0.084125	1.9191e-05	0.069556	supercritical
427.69	235.00	104.75	0.0095470	906.88	1131.2	4.5205	2.1748	3.1148	596.06	0.083694	1.9200e-05	0.069671	supercritical
428.69	235.00	104.43	0.0095754	909.33	1134.4	4.5277	2.1780	3.1154	596.52	0.083265	1.9209e-05	0.069787	supercritical
429.69	235.00	104.13	0.0096037	911.78	1137.5	4.5350	2.1813	3.1159	596.97	0.082836	1.9218e-05	0.069904	supercritical
430.69	235.00	103.82	0.0096321	914.23	1140.6	4.5422	2.1846	3.1166	597.42	0.082407	1.9228e-05	0.070022	supercritical
431.69	235.00	103.52	0.0096604	916.68	1143.7	4.5495	2.1879	3.1172	597.88	0.081980	1.9237e-05	0.070140	supercritical
432.69	235.00	103.21	0.0096887	919.13	1146.8	4.5567	2.1912	3.1179	598.33	0.081554	1.9247e-05	0.070260	supercritical
433.69	235.00	102.91	0.0097169	921.59	1149.9	4.5639	2.1945	3.1186	598.78	0.081129	1.9257e-05	0.070380	supercritical
434.69	235.00	102.62	0.0097452	924.04	1153.1	4.5711	2.1978	3.1193	599.24	0.080705	1.9267e-05	0.070501	supercritical
435.69	235.00	102.32	0.0097733	926.50	1156.2	4.5782	2.2011	3.1201	599.70	0.080282	1.9277e-05	0.070622	supercritical
436.69	235.00	102.03	0.0098015	928.96	1159.3	4.5854	2.2044	3.1209	600.15	0.079860	1.9287e-05	0.070745	supercritical
437.69	235.00	101.73	0.0098297	931.42	1162.4	4.5925	2.2077	3.1218	600.61	0.079439	1.9298e-05	0.070868	supercritical
438.69	235.00	101.44	0.0098578	933.88	1165.5	4.5997	2.2110	3.1226	601.06	0.079019	1.9308e-05	0.070992	supercritical
439.69	235.00	101.15	0.0098858	936.34	1168.7	4.6068	2.2144	3.1235	601.52	0.078600	1.9319e-05	0.071117	supercritical
440.69	235.00	100.87	0.0099139	938.81	1171.8	4.6139	2.2177	3.1244	601.98	0.078183	1.9329e-05	0.071242	supercritical
441.69	235.00	100.58	0.0099419	941.28	1174.9	4.6209	2.2211	3.1254	602.44	0.077766	1.9340e-05	0.071369	supercritical
442.69	235.00	100.30	0.0099699	943.74	1178.0	4.6280	2.2244	3.1264	602.90	0.077351	1.9351e-05	0.071496	supercritical
443.69	235.00	100.02	0.0099979	946.21	1181.2	4.6351	2.2278	3.1274	603.35	0.076937	1.9362e-05	0.071623	supercritical
444.69	235.00	99.742	0.010026	948.68	1184.3	4.6421	2.2311	3.1284	603.81	0.076524	1.9373e-05	0.071752	supercritical
445.69	235.00	99.465	0.010054	951.16	1187.4	4.6491	2.2345	3.1295	604.27	0.076112	1.9385e-05	0.071881	supercritical
446.69	235.00	99.190	0.010082	953.63	1190.6	4.6562	2.2379	3.1306	604.73	0.075702	1.9396e-05	0.072011	supercritical
447.69	235.00	98.917	0.010109	956.11	1193.7	4.6632	2.2413	3.1317	605.19	0.075293	1.9408e-05	0.072141	supercritical
448.69	235.00	98.645	0.010137	958.59	1196.8	4.6701	2.2446	3.1329	605.65	0.074885	1.9419e-05	0.072273	supercritical
449.69	235.00	98.375	0.010165	961.07	1199.9	4.6771	2.2480	3.1340	606.11	0.074478	1.9431e-05	0.072405	supercritical
450.69	235.00	98.107	0.010193	963.55	1203.1	4.6841	2.2514	3.1352	606.57	0.074073	1.9443e-05	0.072537	supercritical
451.69	235.00	97.841	0.010221	966.03	1206.2	4.6910	2.2548	3.1364	607.03	0.073669	1.9455e-05	0.072670	supercritical
452.69	235.00	97.576	0.010248	968.52	1209.4	4.6980	2.2582	3.1377	607.49	0.073266	1.9467e-05	0.072804	supercritical
453.69	235.00	97.313	0.010276	971.00	1212.5	4.7049	2.2616	3.1390	607.96	0.072865	1.9479e-05	0.072939	supercritical
454.69	235.00	97.052	0.010304	973.49	1215.6	4.7118	2.2650	3.1403	608.42	0.072465	1.9491e-05	0.073074	supercritical
455.69	235.00	96.792	0.010331	975.99	1218.8	4.7187	2.2685	3.1416	608.88	0.072066	1.9504e-05	0.073210	supercritical
456.69	235.00	96.534	0.010359	978.48	1221.9	4.7256	2.2719	3.1429	609.34	0.071669	1.9516e-05	0.073346	supercritical
457.69	235.00	96.277	0.010387	980.97	1225.1	4.7325	2.2753	3.1443	609.80	0.071273	1.9529e-05	0.073484	supercritical
458.69	235.00	96.022	0.010414	983.47	1228.2	4.7393	2.2787	3.1457	610.26	0.070878	1.9541e-05	0.073621	supercritical
459.69	235.00	95.769	0.010442	985.97	1231.4	4.7462	2.2822	3.1471	610.73	0.070485	1.9554e-05	0.073760	supercritical
460.69	235.00	95.517	0.010469	988.47	1234.5	4.7530	2.2856	3.1485	611.19	0.070093	1.9567e-05	0.073899	supercritical
461.69	235.00	95.267	0.010497	990.97	1237.6	4.7599	2.2890	3.1500	611.65	0.069702	1.9580e-05	0.074039	supercritical
462.69	235.00	95.018	0.010524	993.48	1240.8	4.7667	2.2925	3.1515	612.11	0.069313	1.9593e-05	0.074179	supercritical
463.69	235.00	94.771	0.010552	995.98	1244.0	4.7735	2.2959	3.1530	612.57	0.068925	1.9606e-05	0.074320	supercritical
464.69	235.00	94.525	0.010579	998.49	1247.1	4.7803	2.2994	3.1545	613.04	0.068539	1.9619e-05	0.074461	supercritical
465.69	235.00	94.281	0.010607	1001.0	1250.3	4.7871	2.3029	3.1560	613.50	0.068154	1.9632e-05	0.074603	supercritical
466.69	235.00	94.038	0.010634	1003.5	1253.4	4.7938	2.3063	3.1576	613.96	0.067771	1.9646e-05	0.074746	supercritical
467.69	235.00	93.797	0.010661	1006.0	1256.6	4.8006	2.3098	3.1592	614.42	0.067388	1.9659e-05	0.074889	supercritical
468.69	235.00	93.557	0.010689	1008.6	1259.7	4.8073	2.3132	3.1608	614.89	0.067008	1.9673e-05	0.075033	supercritical
469.69	235.00	93.318	0.010716	1011.1	1262.9	4.8141	2.3167	3.1624	615.35	0.066629	1.9686e-05	0.075177	supercritical
470.69	235.00	93.081	0.010743	1013.6	1266.1	4.8208	2.3202	3.1640	615.81	0.066251	1.9700e-05	0.075322	supercritical
471.69	235.00	92.846	0.010771	1016.1	1269.2	4.8275	2.3237	3.1657	616.27	0.065874	1.9714e-05	0.075467	supercritical
472.69	235.00	92.612	0.010798	1018.6	1272.4	4.8342	2.3272	3.1674	616.74	0.065500	1.9727e-05	0.075614	supercritical
473.69	235.00	92.379	0.010825	1021.2	1275.6	4.8409	2.3306	3.1691	617.20	0.065126	1.9741e-05	0.075760	supercritical
474.69	235.00	92.147	0.010852	1023.7	1278.7	4.8476	2.3341	3.1708	617.66	0.064754	1.9755e-05	0.075907	supercritical
475.69	235.00	91.917	0.010879	1026.2	1281.9	4.8543	2.3376	3.1725	618.13	0.064383	1.9769e-05	0.076055	supercritical
476.69	235.00	91.688	0.010907	1028.8	1285.1	4.8609	2.3411	3.1743	618.59	0.064014	1.9783e-05	0.076203	supercritical
477.69	235.00	91.461	0.010934	1031.3	1288.2	4.8676	2.3446	3.1761	619.05	0.063647	1.9798e-05	0.076352	supercritical
478.69	235.00	91.234	0.010961	1033.8	1291.4	4.8742	2.3481	3.1779	619.51	0.063280	1.9812e-05	0.076501	supercritical
479.69	235.00	91.009	0.010988	1036.4	1294.6	4.8809	2.3516	3.1797	619.98	0.062916	1.9826e-05	0.076651	supercritical
480.69	235.00	90.786	0.011015	1038.9	1297.8	4.8875	2.3551	3.1815	620.44	0.062552	1.9840e-05	0.076801	supercritical
481.69	235.00	90.564	0.011042	1041.5	1301.0	4.8941	2.3586	3.1833	620.90	0.062191	1.9855e-05	0.076952	supercritical
482.69	235.00	90.342	0.011069	1044.0	1304.2	4.9007	2.3621	3.1852	621.36	0.061830	1.9869e-05	0.077104	supercritical
483.69	235.00	90.123	0.011096	1046.6	1307.3	4.9073	2.3657	3.1871	621.82	0.061471	1.9884e-05	0.077255	supercritical
484.69	235.00	89.904	0.011123	1049.1	1310.5	4.9139	2.3692	3.1889	622.29	0.061114	1.9899e-05	0.077408	supercritical
485.69	235.00	89.687	0.011150	1051.7	1313.7	4.9205	2.3727	3.1909	622.75	0.060758	1.9913e-05	0.077561	supercritical
486.69	235.00	89.470	0.011177	1054.3	1316.9	4.9270	2.3762	3.1928	623.21	0.060404	1.9928e-05	0.077714	supercritical
487.69	235.00	89.255	0.011204	1056.8	1320.1	4.9336	2.3797	3.1947	623.67	0.060050	1.9943e-05	0.077868	supercritical
488.69	235.00	89.042	0.011231	1059.4	1323.3	4.9401	2.3833	3.1967	624.13	0.059699	1.9958e-05	0.078022	supercritical
489.69	235.00	88.829	0.011258	1061.9	1326.5	4.9467	2.3868	3.1986	624.60	0.059349	1.9973e-05	0.078177	supercritical
490.69	235.00	88.618	0.011284	1064.5	1329.7	4.9532	2.3903	3.2006	625.06	0.059000	1.9988e-05	0.078332	supercritical
491.69	235.00	88.408	0.011311	1067.1	1332.9	4.9597	2.3939	3.2026	625.52	0.058653	2.0003e-05	0.078488	supercritical
492.69	235.00	88.198	0.011338	1069.7	1336.1	4.9662	2.3974	3.2046	625.98	0.058307	2.0018e-05	0.078644	supercritical
493.69	235.00	87.990	0.011365	1072.2	1339.3	4.9727	2.4009	3.2067	626.44	0.057963	2.0033e-05	0.078801	supercritical
494.69	235.00	87.784	0.011392	1074.8	1342.5	4.9792	2.4045	3.2087	626.90	0.057620	2.0048e-05	0.078958	supercritical
495.69	235.00	87.578	0.011418	1077.4	1345.7	4.9857	2.4080	3.2108	627.36	0.057279	2.0063e-05	0.079116	supercritical
496.69	235.00	87.373	0.011445	1080.0	1348.9	4.9922	2.4115	3.2128	627.83	0.056939	2.0079e-05	0.079274	supercritical
497.69	235.00	87.170	0.011472	1082.6	1352.1	4.9986	2.4151	3.2149	628.29	0.056601	2.0094e-05	0.079433	supercritical
498.69	235.00	86.968	0.011499	1085.1	1355.4	5.0051	2.4186	3.2170	628.75	0.056264	2.0110e-05	0.079592	supercritical
499.69	235.00	86.766	0.011525	1087.7	1358.6	5.0115	2.4222	3.2191	629.21	0.055928	2.0125e-05	0.079751	supercritical
500.69	235.00	86.566	0.011552	1090.3	1361.8	5.0180	2.4257	3.2212	629.67	0.055594	2.0141e-05	0.079911	supercritical
501.69	235.00	86.367	0.011579	1092.9	1365.0	5.0244	2.4293	3.2234	630.13	0.055261	2.0156e-05	0.080071	supercritical
502.69	235.00	86.169	0.011605	1095.5	1368.3	5.0308	2.4328	3.2255	630.59	0.054930	2.0172e-05	0.080232	supercritical
503.69	235.00	85.972	0.011632	1098.1	1371.5	5.0372	2.4364	3.2277	631.05	0.054600	2.0188e-05	0.080393	supercritical
504.69	235.00	85.776	0.011658	1100.7	1374.7	5.0436	2.4399	3.2299	631.51	0.054272	2.0203e-05	0.080555	supercritical
505.69	235.00	85.581	0.011685	1103.3	1377.9	5.0500	2.4435	3.2321	631.97	0.053945	2.0219e-05	0.080717	supercritical
506.69	235.00	85.387	0.011711	1106.0	1381.2	5.0564	2.4471	3.2343	632.43	0.053620	2.0235e-05	0.080880	supercritical
507.69	235.00	85.194	0.011738	1108.6	1384.4	5.0628	2.4506	3.2365	632.88	0.053296	2.0251e-05	0.081043	supercritical
508.69	235.00	85.002	0.011764	1111.2	1387.6	5.0692	2.4542	3.2387	633.34	0.052973	2.0267e-05	0.081206	supercritical
509.69	235.00	84.811	0.011791	1113.8	1390.9	5.0755	2.4577	3.2409	633.80	0.052652	2.0283e-05	0.081370	supercritical
510.69	235.00	84.621	0.011817	1116.4	1394.1	5.0819	2.4613	3.2432	634.26	0.052332	2.0299e-05	0.081534	supercritical
511.69	235.00	84.432	0.011844	1119.0	1397.4	5.0882	2.4649	3.2454	634.72	0.052014	2.0315e-05	0.081698	supercritical
512.69	235.00	84.244	0.011870	1121.7	1400.6	5.0946	2.4684	3.2477	635.18	0.051697	2.0331e-05	0.081863	supercritical
513.69	235.00	84.057	0.011897	1124.3	1403.9	5.1009	2.4720	3.2500	635.63	0.051381	2.0347e-05	0.082029	supercritical
514.69	235.00	83.871	0.011923	1126.9	1407.1	5.1072	2.4756	3.2523	636.09	0.051067	2.0363e-05	0.082195	supercritical
515.69	235.00	83.685	0.011950	1129.6	1410.4	5.1135	2.4791	3.2546	636.55	0.050755	2.0379e-05	0.082361	supercritical
516.69	235.00	83.501	0.011976	1132.2	1413.6	5.1198	2.4827	3.2569	637.01	0.050443	2.0395e-05	0.082527	supercritical
517.69	235.00	83.318	0.012002	1134.8	1416.9	5.1261	2.4863	3.2592	637.46	0.050134	2.0412e-05	0.082694	supercritical
518.69	235.00	83.135	0.012029	1137.5	1420.1	5.1324	2.4899	3.2615	637.92	0.049825	2.0428e-05	0.082862	supercritical
519.69	235.00	82.954	0.012055	1140.1	1423.4	5.1387	2.4934	3.2639	638.38	0.049518	2.0444e-05	0.083029	supercritical
520.69	235.00	82.773	0.012081	1142.8	1426.7	5.1450	2.4970	3.2662	638.83	0.049212	2.0461e-05	0.083198	supercritical
521.69	235.00	82.594	0.012107	1145.4	1429.9	5.1513	2.5006	3.2686	639.29	0.048908	2.0477e-05	0.083366	supercritical
522.69	235.00	82.415	0.012134	1148.1	1433.2	5.1575	2.5042	3.2710	639.75	0.048605	2.0494e-05	0.083535	supercritical
523.69	235.00	82.237	0.012160	1150.7	1436.5	5.1638	2.5077	3.2734	640.20	0.048303	2.0510e-05	0.083704	supercritical
524.69	235.00	82.060	0.012186	1153.4	1439.8	5.1700	2.5113	3.2758	640.66	0.048003	2.0527e-05	0.083874	supercritical
525.69	235.00	81.884	0.012212	1156.0	1443.0	5.1763	2.5149	3.2782	641.11	0.047704	2.0543e-05	0.084044	supercritical
526.69	235.00	81.709	0.012239	1158.7	1446.3	5.1825	2.5185	3.2806	641.57	0.047407	2.0560e-05	0.084214	supercritical
527.69	235.00	81.534	0.012265	1161.4	1449.6	5.1887	2.5220	3.2830	642.02	0.047111	2.0577e-05	0.084385	supercritical
528.69	235.00	81.361	0.012291	1164.0	1452.9	5.1949	2.5256	3.2854	642.48	0.046816	2.0593e-05	0.084556	supercritical
529.69	235.00	81.188	0.012317	1166.7	1456.2	5.2012	2.5292	3.2879	642.93	0.046522	2.0610e-05	0.084727	supercritical
530.69	235.00	81.016	0.012343	1169.4	1459.5	5.2074	2.5328	3.2903	643.39	0.046230	2.0627e-05	0.084899	supercritical
531.69	235.00	80.845	0.012369	1172.1	1462.7	5.2136	2.5364	3.2928	643.84	0.045939	2.0644e-05	0.085071	supercritical
532.69	235.00	80.675	0.012395	1174.7	1466.0	5.2197	2.5399	3.2952	644.30	0.045650	2.0660e-05	0.085244	supercritical
533.69	235.00	80.505	0.012422	1177.4	1469.3	5.2259	2.5435	3.2977	644.75	0.045362	2.0677e-05	0.085417	supercritical
534.69	235.00	80.337	0.012448	1180.1	1472.6	5.2321	2.5471	3.3002	645.20	0.045075	2.0694e-05	0.085590	supercritical
535.69	235.00	80.169	0.012474	1182.8	1475.9	5.2383	2.5507	3.3027	645.66	0.044790	2.0711e-05	0.085764	supercritical
536.69	235.00	80.002	0.012500	1185.5	1479.2	5.2444	2.5543	3.3052	646.11	0.044505	2.0728e-05	0.085937	supercritical
537.69	235.00	79.836	0.012526	1188.2	1482.5	5.2506	2.5579	3.3077	646.56	0.044223	2.0745e-05	0.086112	supercritical
538.69	235.00	79.670	0.012552	1190.9	1485.9	5.2567	2.5614	3.3102	647.01	0.043941	2.0762e-05	0.086286	supercritical
539.69	235.00	79.506	0.012578	1193.6	1489.2	5.2629	2.5650	3.3127	647.46	0.043661	2.0779e-05	0.086461	supercritical
540.69	235.00	79.342	0.012604	1196.3	1492.5	5.2690	2.5686	3.3153	647.92	0.043382	2.0796e-05	0.086636	supercritical
541.69	235.00	79.179	0.012630	1199.0	1495.8	5.2751	2.5722	3.3178	648.37	0.043104	2.0813e-05	0.086812	supercritical
542.69	235.00	79.016	0.012656	1201.7	1499.1	5.2813	2.5758	3.3203	648.82	0.042828	2.0830e-05	0.086988	supercritical
543.69	235.00	78.855	0.012682	1204.4	1502.4	5.2874	2.5794	3.3229	649.27	0.042553	2.0847e-05	0.087164	supercritical
544.69	235.00	78.694	0.012707	1207.1	1505.8	5.2935	2.5829	3.3255	649.72	0.042279	2.0865e-05	0.087341	supercritical
545.69	235.00	78.534	0.012733	1209.9	1509.1	5.2996	2.5865	3.3280	650.17	0.042006	2.0882e-05	0.087518	supercritical
546.69	235.00	78.374	0.012759	1212.6	1512.4	5.3057	2.5901	3.3306	650.62	0.041735	2.0899e-05	0.087695	supercritical
547.69	235.00	78.216	0.012785	1215.3	1515.7	5.3118	2.5937	3.3332	651.07	0.041465	2.0916e-05	0.087872	supercritical
548.69	235.00	78.058	0.012811	1218.0	1519.1	5.3179	2.5973	3.3358	651.52	0.041196	2.0934e-05	0.088050	supercritical
549.69	235.00	77.901	0.012837	1220.8	1522.4	5.3239	2.6009	3.3384	651.97	0.040929	2.0951e-05	0.088228	supercritical
550.69	235.00	77.744	0.012863	1223.5	1525.8	5.3300	2.6044	3.3410	652.42	0.040663	2.0968e-05	0.088407	supercritical
551.69	235.00	77.589	0.012888	1226.2	1529.1	5.3361	2.6080	3.3436	652.87	0.040397	2.0986e-05	0.088585	supercritical
552.69	235.00	77.434	0.012914	1229.0	1532.4	5.3421	2.6116	3.3462	653.32	0.040134	2.1003e-05	0.088764	supercritical
553.69	235.00	77.279	0.012940	1231.7	1535.8	5.3482	2.6152	3.3488	653.77	0.039871	2.1020e-05	0.088944	supercritical
554.69	235.00	77.126	0.012966	1234.4	1539.1	5.3542	2.6188	3.3515	654.21	0.039610	2.1038e-05	0.089123	supercritical
555.69	235.00	76.973	0.012992	1237.2	1542.5	5.3603	2.6223	3.3541	654.66	0.039350	2.1055e-05	0.089303	supercritical
556.69	235.00	76.820	0.013017	1239.9	1545.9	5.3663	2.6259	3.3567	655.11	0.039091	2.1073e-05	0.089484	supercritical
557.69	235.00	76.669	0.013043	1242.7	1549.2	5.3723	2.6295	3.3594	655.56	0.038833	2.1090e-05	0.089664	supercritical
558.69	235.00	76.518	0.013069	1245.5	1552.6	5.3783	2.6331	3.3620	656.00	0.038577	2.1108e-05	0.089845	supercritical
559.69	235.00	76.368	0.013095	1248.2	1555.9	5.3844	2.6367	3.3647	656.45	0.038321	2.1125e-05	0.090026	supercritical
560.69	235.00	76.218	0.013120	1251.0	1559.3	5.3904	2.6403	3.3674	656.90	0.038067	2.1143e-05	0.090208	supercritical
561.69	235.00	76.069	0.013146	1253.7	1562.7	5.3964	2.6438	3.3700	657.34	0.037814	2.1160e-05	0.090390	supercritical
562.69	235.00	75.921	0.013172	1256.5	1566.0	5.4024	2.6474	3.3727	657.79	0.037562	2.1178e-05	0.090572	supercritical
563.69	235.00	75.774	0.013197	1259.3	1569.4	5.4084	2.6510	3.3754	658.24	0.037312	2.1195e-05	0.090754	supercritical
564.69	235.00	75.627	0.013223	1262.1	1572.8	5.4143	2.6546	3.3781	658.68	0.037062	2.1213e-05	0.090936	supercritical
565.69	235.00	75.480	0.013248	1264.8	1576.2	5.4203	2.6581	3.3808	659.13	0.036814	2.1231e-05	0.091119	supercritical
566.69	235.00	75.335	0.013274	1267.6	1579.6	5.4263	2.6617	3.3835	659.57	0.036567	2.1248e-05	0.091302	supercritical
567.69	235.00	75.190	0.013300	1270.4	1582.9	5.4323	2.6653	3.3862	660.02	0.036321	2.1266e-05	0.091486	supercritical
568.69	235.00	75.045	0.013325	1273.2	1586.3	5.4382	2.6689	3.3889	660.46	0.036077	2.1284e-05	0.091670	supercritical
569.69	235.00	74.902	0.013351	1276.0	1589.7	5.4442	2.6725	3.3916	660.90	0.035833	2.1302e-05	0.091854	supercritical
570.69	235.00	74.758	0.013376	1278.8	1593.1	5.4501	2.6760	3.3943	661.35	0.035591	2.1319e-05	0.092038	supercritical
571.69	235.00	74.616	0.013402	1281.6	1596.5	5.4561	2.6796	3.3970	661.79	0.035349	2.1337e-05	0.092222	supercritical
572.69	235.00	74.474	0.013428	1284.4	1599.9	5.4620	2.6832	3.3998	662.23	0.035109	2.1355e-05	0.092407	supercritical
573.69	235.00	74.333	0.013453	1287.2	1603.3	5.4679	2.6867	3.4025	662.68	0.034870	2.1373e-05	0.092592	supercritical
574.69	235.00	74.192	0.013479	1290.0	1606.7	5.4739	2.6903	3.4052	663.12	0.034632	2.1390e-05	0.092778	supercritical
575.69	235.00	74.052	0.013504	1292.8	1610.1	5.4798	2.6939	3.4080	663.56	0.034395	2.1408e-05	0.092963	supercritical
576.69	235.00	73.912	0.013530	1295.6	1613.5	5.4857	2.6975	3.4107	664.00	0.034159	2.1426e-05	0.093149	supercritical
577.69	235.00	73.773	0.013555	1298.4	1616.9	5.4916	2.7010	3.4135	664.45	0.033925	2.1444e-05	0.093335	supercritical
578.69	235.00	73.635	0.013580	1301.2	1620.4	5.4975	2.7046	3.4162	664.89	0.033691	2.1462e-05	0.093522	supercritical
579.69	235.00	73.497	0.013606	1304.0	1623.8	5.5034	2.7082	3.4190	665.33	0.033459	2.1480e-05	0.093708	supercritical
580.69	235.00	73.360	0.013631	1306.9	1627.2	5.5093	2.7117	3.4218	665.77	0.033228	2.1498e-05	0.093895	supercritical
581.69	235.00	73.224	0.013657	1309.7	1630.6	5.5152	2.7153	3.4245	666.21	0.032997	2.1516e-05	0.094082	supercritical
582.69	235.00	73.088	0.013682	1312.5	1634.0	5.5211	2.7189	3.4273	666.65	0.032768	2.1534e-05	0.094270	supercritical
583.69	235.00	72.952	0.013708	1315.3	1637.5	5.5270	2.7224	3.4301	667.09	0.032540	2.1552e-05	0.094457	supercritical
584.69	235.00	72.817	0.013733	1318.2	1640.9	5.5329	2.7260	3.4329	667.53	0.032313	2.1569e-05	0.094645	supercritical
585.69	235.00	72.683	0.013758	1321.0	1644.3	5.5387	2.7296	3.4357	667.97	0.032087	2.1587e-05	0.094834	supercritical
586.69	235.00	72.549	0.013784	1323.9	1647.8	5.5446	2.7331	3.4385	668.41	0.031862	2.1605e-05	0.095022	supercritical
587.69	235.00	72.416	0.013809	1326.7	1651.2	5.5504	2.7367	3.4413	668.85	0.031638	2.1623e-05	0.095211	supercritical
588.69	235.00	72.283	0.013834	1329.5	1654.7	5.5563	2.7402	3.4441	669.29	0.031416	2.1642e-05	0.095399	supercritical
589.69	235.00	72.151	0.013860	1332.4	1658.1	5.5621	2.7438	3.4469	669.72	0.031194	2.1660e-05	0.095589	supercritical
590.69	235.00	72.020	0.013885	1335.2	1661.5	5.5680	2.7474	3.4497	670.16	0.030973	2.1678e-05	0.095778	supercritical
591.69	235.00	71.889	0.013910	1338.1	1665.0	5.5738	2.7509	3.4525	670.60	0.030754	2.1696e-05	0.095968	supercritical
592.69	235.00	71.758	0.013936	1341.0	1668.5	5.5797	2.7545	3.4553	671.04	0.030535	2.1714e-05	0.096158	supercritical
593.69	235.00	71.628	0.013961	1343.8	1671.9	5.5855	2.7580	3.4581	671.47	0.030317	2.1732e-05	0.096348	supercritical
594.69	235.00	71.499	0.013986	1346.7	1675.4	5.5913	2.7616	3.4609	671.91	0.030101	2.1750e-05	0.096538	supercritical
595.69	235.00	71.370	0.014012	1349.6	1678.8	5.5971	2.7651	3.4638	672.35	0.029885	2.1768e-05	0.096729	supercritical
596.69	235.00	71.241	0.014037	1352.4	1682.3	5.6029	2.7687	3.4666	672.78	0.029671	2.1786e-05	0.096919	supercritical
597.69	235.00	71.114	0.014062	1355.3	1685.8	5.6087	2.7722	3.4694	673.22	0.029457	2.1804e-05	0.097110	supercritical
598.69	235.00	70.986	0.014087	1358.2	1689.2	5.6145	2.7758	3.4723	673.66	0.029244	2.1823e-05	0.097302	supercritical
599.69	235.00	70.859	0.014112	1361.1	1692.7	5.6203	2.7793	3.4751	674.09	0.029033	2.1841e-05	0.097493	supercritical
600.69	235.00	70.733	0.014138	1363.9	1696.2	5.6261	2.7829	3.4779	674.53	0.028822	2.1859e-05	0.097685	supercritical
601.69	235.00	70.607	0.014163	1366.8	1699.7	5.6319	2.7864	3.4808	674.96	0.028613	2.1877e-05	0.097877	supercritical
602.69	235.00	70.482	0.014188	1369.7	1703.1	5.6377	2.7900	3.4836	675.40	0.028404	2.1895e-05	0.098069	supercritical
603.69	235.00	70.357	0.014213	1372.6	1706.6	5.6435	2.7935	3.4865	675.83	0.028196	2.1914e-05	0.098261	supercritical
604.69	235.00	70.233	0.014238	1375.5	1710.1	5.6493	2.7971	3.4893	676.26	0.027990	2.1932e-05	0.098454	supercritical
605.69	235.00	70.109	0.014264	1378.4	1713.6	5.6550	2.8006	3.4922	676.70	0.027784	2.1950e-05	0.098647	supercritical
606.69	235.00	69.985	0.014289	1381.3	1717.1	5.6608	2.8041	3.4950	677.13	0.027579	2.1968e-05	0.098840	supercritical
607.69	235.00	69.862	0.014314	1384.2	1720.6	5.6665	2.8077	3.4979	677.56	0.027375	2.1986e-05	0.099033	supercritical
608.69	235.00	69.740	0.014339	1387.1	1724.1	5.6723	2.8112	3.5008	678.00	0.027173	2.2005e-05	0.099227	supercritical
609.69	235.00	69.618	0.014364	1390.0	1727.6	5.6780	2.8147	3.5036	678.43	0.026971	2.2023e-05	0.099421	supercritical
610.69	235.00	69.497	0.014389	1393.0	1731.1	5.6838	2.8183	3.5065	678.86	0.026770	2.2041e-05	0.099614	supercritical
611.69	235.00	69.376	0.014414	1395.9	1734.6	5.6895	2.8218	3.5094	679.29	0.026570	2.2060e-05	0.099809	supercritical
612.69	235.00	69.255	0.014439	1398.8	1738.1	5.6953	2.8253	3.5123	679.73	0.026371	2.2078e-05	0.10000	supercritical
613.69	235.00	69.135	0.014464	1401.7	1741.6	5.7010	2.8289	3.5151	680.16	0.026173	2.2096e-05	0.10020	supercritical
614.69	235.00	69.015	0.014490	1404.7	1745.2	5.7067	2.8324	3.5180	680.59	0.025975	2.2115e-05	0.10039	supercritical
615.69	235.00	68.896	0.014515	1407.6	1748.7	5.7124	2.8359	3.5209	681.02	0.025779	2.2133e-05	0.10059	supercritical
616.69	235.00	68.778	0.014540	1410.5	1752.2	5.7182	2.8395	3.5238	681.45	0.025584	2.2151e-05	0.10078	supercritical
617.69	235.00	68.659	0.014565	1413.5	1755.7	5.7239	2.8430	3.5267	681.88	0.025389	2.2170e-05	0.10098	supercritical
618.69	235.00	68.542	0.014590	1416.4	1759.3	5.7296	2.8465	3.5296	682.31	0.025196	2.2188e-05	0.10117	supercritical
619.69	235.00	68.424	0.014615	1419.3	1762.8	5.7353	2.8500	3.5325	682.74	0.025003	2.2206e-05	0.10137	supercritical
620.69	235.00	68.307	0.014640	1422.3	1766.3	5.7410	2.8535	3.5354	683.17	0.024811	2.2225e-05	0.10157	supercritical
621.69	235.00	68.191	0.014665	1425.2	1769.9	5.7467	2.8571	3.5383	683.60	0.024620	2.2243e-05	0.10176	supercritical
622.69	235.00	68.075	0.014690	1428.2	1773.4	5.7524	2.8606	3.5412	684.03	0.024430	2.2261e-05	0.10196	supercritical
623.69	235.00	67.960	0.014715	1431.1	1776.9	5.7580	2.8641	3.5441	684.46	0.024241	2.2280e-05	0.10215	supercritical
624.69	235.00	67.844	0.014740	1434.1	1780.5	5.7637	2.8676	3.5470	684.88	0.024053	2.2298e-05	0.10235	supercritical