Temperature (K)	Pressure (bar)	Density (kg/m3)	Volume (m3/kg)	Internal Energy (kJ/kg)	Enthalpy (kJ/kg)	Entropy (J/g*K)	Cv (J/g*K)	Cp (J/g*K)	Sound Spd. (m/s)	Joule-Thomson (K/bar)	Viscosity (Pa*s)	Therm. Cond. (W/m*K)	Phase
90.694	614.00	482.52	0.0020724	-96.547	30.700	-1.0257	2.2840	3.2097	1860.2	-0.052646	0.00042437	0.25789	liquid
105.69	614.00	467.92	0.0021371	-52.505	78.712	-0.53574	2.2122	3.1953	1775.5	-0.052289	0.00023977	0.24446	liquid
106.69	614.00	466.96	0.0021415	-49.582	81.907	-0.50565	2.2080	3.1948	1769.8	-0.052249	0.00023278	0.24347	liquid
107.69	614.00	465.99	0.0021459	-46.659	85.102	-0.47585	2.2039	3.1943	1764.1	-0.052207	0.00022618	0.24248	liquid
108.69	614.00	465.03	0.0021504	-43.739	88.296	-0.44633	2.1998	3.1938	1758.3	-0.052164	0.00021994	0.24147	liquid
109.69	614.00	464.07	0.0021549	-40.819	91.489	-0.41708	2.1958	3.1933	1752.6	-0.052120	0.00021404	0.24047	liquid
110.69	614.00	463.10	0.0021593	-37.901	94.683	-0.38811	2.1917	3.1928	1746.9	-0.052075	0.00020845	0.23945	liquid
111.69	614.00	462.14	0.0021638	-34.984	97.875	-0.35939	2.1877	3.1924	1741.1	-0.052029	0.00020315	0.23843	liquid
112.69	614.00	461.18	0.0021683	-32.069	101.07	-0.33094	2.1837	3.1919	1735.4	-0.051981	0.00019812	0.23740	liquid
113.69	614.00	460.22	0.0021729	-29.155	104.26	-0.30274	2.1798	3.1914	1729.7	-0.051933	0.00019334	0.23637	liquid
114.69	614.00	459.26	0.0021774	-26.243	107.45	-0.27480	2.1759	3.1909	1724.0	-0.051884	0.00018879	0.23534	liquid
115.69	614.00	458.30	0.0021820	-23.332	110.64	-0.24710	2.1719	3.1904	1718.3	-0.051833	0.00018446	0.23430	liquid
116.69	614.00	457.34	0.0021865	-20.423	113.83	-0.21965	2.1681	3.1899	1712.6	-0.051782	0.00018033	0.23326	liquid
117.69	614.00	456.38	0.0021911	-17.515	117.02	-0.19243	2.1642	3.1893	1706.9	-0.051730	0.00017640	0.23222	liquid
118.69	614.00	455.43	0.0021957	-14.609	120.21	-0.16545	2.1604	3.1888	1701.2	-0.051677	0.00017264	0.23117	liquid
119.69	614.00	454.47	0.0022004	-11.705	123.40	-0.13870	2.1565	3.1883	1695.5	-0.051622	0.00016904	0.23012	liquid
120.69	614.00	453.51	0.0022050	-8.8016	126.59	-0.11217	2.1527	3.1877	1689.9	-0.051567	0.00016560	0.22907	liquid
121.69	614.00	452.56	0.0022097	-5.9002	129.77	-0.085873	2.1489	3.1872	1684.2	-0.051511	0.00016231	0.22802	liquid
122.69	614.00	451.60	0.0022143	-3.0004	132.96	-0.059792	2.1452	3.1866	1678.6	-0.051454	0.00015915	0.22697	liquid
123.69	614.00	450.65	0.0022190	-0.10229	136.15	-0.033928	2.1414	3.1860	1672.9	-0.051396	0.00015612	0.22592	liquid
124.69	614.00	449.69	0.0022237	2.7942	139.33	-0.0082771	2.1377	3.1854	1667.3	-0.051337	0.00015322	0.22486	liquid
125.69	614.00	448.74	0.0022285	5.6890	142.52	0.017165	2.1340	3.1848	1661.7	-0.051277	0.00015042	0.22381	liquid
126.69	614.00	447.78	0.0022332	8.5822	145.70	0.042400	2.1304	3.1842	1656.1	-0.051216	0.00014774	0.22276	liquid
127.69	614.00	446.83	0.0022380	11.474	148.89	0.067432	2.1267	3.1836	1650.6	-0.051154	0.00014515	0.22170	liquid
128.69	614.00	445.88	0.0022428	14.363	152.07	0.092264	2.1231	3.1830	1645.0	-0.051090	0.00014266	0.22065	liquid
129.69	614.00	444.93	0.0022476	17.251	155.25	0.11690	2.1194	3.1824	1639.4	-0.051026	0.00014026	0.21960	liquid
130.69	614.00	443.97	0.0022524	20.137	158.43	0.14134	2.1159	3.1817	1633.9	-0.050961	0.00013794	0.21855	liquid
131.69	614.00	443.02	0.0022572	23.022	161.62	0.16559	2.1123	3.1811	1628.4	-0.050894	0.00013571	0.21750	liquid
132.69	614.00	442.07	0.0022621	25.905	164.80	0.18965	2.1087	3.1805	1622.9	-0.050827	0.00013355	0.21645	liquid
133.69	614.00	441.12	0.0022670	28.785	167.98	0.21353	2.1052	3.1798	1617.4	-0.050758	0.00013147	0.21541	liquid
134.69	614.00	440.17	0.0022718	31.664	171.16	0.23722	2.1017	3.1792	1611.9	-0.050689	0.00012945	0.21436	liquid
135.69	614.00	439.22	0.0022768	34.542	174.33	0.26073	2.0982	3.1785	1606.4	-0.050618	0.00012750	0.21332	liquid
136.69	614.00	438.27	0.0022817	37.417	177.51	0.28407	2.0948	3.1779	1601.0	-0.050546	0.00012561	0.21228	liquid
137.69	614.00	437.32	0.0022866	40.291	180.69	0.30723	2.0914	3.1772	1595.6	-0.050472	0.00012378	0.21124	liquid
138.69	614.00	436.37	0.0022916	43.162	183.87	0.33022	2.0879	3.1766	1590.2	-0.050398	0.00012200	0.21021	liquid
139.69	614.00	435.43	0.0022966	46.032	187.04	0.35304	2.0846	3.1759	1584.8	-0.050322	0.00012028	0.20917	liquid
140.69	614.00	434.48	0.0023016	48.900	190.22	0.37569	2.0812	3.1752	1579.4	-0.050245	0.00011861	0.20815	liquid
141.69	614.00	433.53	0.0023066	51.766	193.39	0.39818	2.0779	3.1746	1574.0	-0.050167	0.00011699	0.20712	liquid
142.69	614.00	432.58	0.0023117	54.631	196.57	0.42050	2.0746	3.1739	1568.7	-0.050088	0.00011541	0.20610	liquid
143.69	614.00	431.64	0.0023168	57.493	199.74	0.44266	2.0713	3.1733	1563.3	-0.050007	0.00011388	0.20508	liquid
144.69	614.00	430.69	0.0023218	60.353	202.91	0.46467	2.0680	3.1726	1558.0	-0.049925	0.00011239	0.20406	liquid
145.69	614.00	429.75	0.0023270	63.212	206.09	0.48652	2.0648	3.1719	1552.7	-0.049842	0.00011094	0.20305	liquid
146.69	614.00	428.80	0.0023321	66.068	209.26	0.50821	2.0616	3.1713	1547.5	-0.049758	0.00010953	0.20204	liquid
147.69	614.00	427.86	0.0023372	68.923	212.43	0.52975	2.0584	3.1706	1542.2	-0.049672	0.00010815	0.20103	liquid
148.69	614.00	426.91	0.0023424	71.776	215.60	0.55115	2.0553	3.1700	1537.0	-0.049585	0.00010682	0.20003	liquid
149.69	614.00	425.97	0.0023476	74.627	218.77	0.57239	2.0522	3.1693	1531.8	-0.049497	0.00010551	0.19903	liquid
150.69	614.00	425.02	0.0023528	77.476	221.94	0.59349	2.0491	3.1687	1526.6	-0.049407	0.00010424	0.19804	liquid
151.69	614.00	424.08	0.0023581	80.323	225.11	0.61445	2.0460	3.1681	1521.4	-0.049316	0.00010300	0.19705	liquid
152.69	614.00	423.14	0.0023633	83.168	228.27	0.63526	2.0430	3.1674	1516.2	-0.049223	0.00010179	0.19606	liquid
153.69	614.00	422.19	0.0023686	86.011	231.44	0.65594	2.0400	3.1668	1511.1	-0.049129	0.00010061	0.19508	liquid
154.69	614.00	421.25	0.0023739	88.852	234.61	0.67647	2.0370	3.1662	1505.9	-0.049034	9.9453e-05	0.19411	liquid
155.69	614.00	420.31	0.0023792	91.691	237.77	0.69687	2.0340	3.1655	1500.8	-0.048937	9.8326e-05	0.19313	liquid
156.69	614.00	419.37	0.0023845	94.528	240.94	0.71713	2.0311	3.1649	1495.7	-0.048839	9.7225e-05	0.19217	liquid
157.69	614.00	418.43	0.0023899	97.363	244.10	0.73727	2.0282	3.1643	1490.7	-0.048740	9.6149e-05	0.19120	liquid
158.69	614.00	417.48	0.0023953	100.20	247.27	0.75727	2.0253	3.1637	1485.6	-0.048639	9.5097e-05	0.19024	liquid
159.69	614.00	416.54	0.0024007	103.03	250.43	0.77714	2.0225	3.1631	1480.6	-0.048537	9.4067e-05	0.18929	liquid
160.69	614.00	415.60	0.0024061	105.86	253.59	0.79688	2.0197	3.1625	1475.6	-0.048433	9.3061e-05	0.18834	liquid
161.69	614.00	414.66	0.0024116	108.68	256.76	0.81650	2.0169	3.1619	1470.6	-0.048328	9.2075e-05	0.18740	liquid
162.69	614.00	413.73	0.0024171	111.51	259.92	0.83599	2.0141	3.1613	1465.6	-0.048221	9.1111e-05	0.18646	liquid
163.69	614.00	412.79	0.0024226	114.33	263.08	0.85536	2.0114	3.1608	1460.7	-0.048113	9.0166e-05	0.18552	liquid
164.69	614.00	411.85	0.0024281	117.16	266.24	0.87461	2.0087	3.1602	1455.7	-0.048004	8.9241e-05	0.18460	liquid
165.69	614.00	410.91	0.0024336	119.97	269.40	0.89374	2.0060	3.1596	1450.8	-0.047893	8.8335e-05	0.18367	liquid
166.69	614.00	409.97	0.0024392	122.79	272.56	0.91275	2.0034	3.1591	1445.9	-0.047781	8.7448e-05	0.18275	liquid
167.69	614.00	409.03	0.0024448	125.61	275.72	0.93164	2.0008	3.1585	1441.1	-0.047667	8.6577e-05	0.18184	liquid
168.69	614.00	408.10	0.0024504	128.42	278.88	0.95042	1.9982	3.1580	1436.2	-0.047551	8.5724e-05	0.18093	liquid
169.69	614.00	407.16	0.0024560	131.23	282.03	0.96908	1.9957	3.1575	1431.4	-0.047434	8.4888e-05	0.18003	liquid
170.69	614.00	406.23	0.0024617	134.04	285.19	0.98764	1.9932	3.1569	1426.6	-0.047316	8.4067e-05	0.17913	liquid
171.69	614.00	405.29	0.0024674	136.85	288.35	1.0061	1.9907	3.1564	1421.8	-0.047196	8.3263e-05	0.17824	liquid
172.69	614.00	404.35	0.0024731	139.66	291.50	1.0244	1.9882	3.1559	1417.0	-0.047075	8.2473e-05	0.17735	liquid
173.69	614.00	403.42	0.0024788	142.46	294.66	1.0426	1.9858	3.1554	1412.3	-0.046952	8.1698e-05	0.17647	liquid
174.69	614.00	402.49	0.0024846	145.26	297.81	1.0607	1.9834	3.1549	1407.5	-0.046828	8.0938e-05	0.17559	liquid
175.69	614.00	401.55	0.0024903	148.06	300.97	1.0787	1.9810	3.1544	1402.8	-0.046702	8.0191e-05	0.17472	liquid
176.69	614.00	400.62	0.0024961	150.86	304.12	1.0966	1.9787	3.1540	1398.1	-0.046575	7.9458e-05	0.17385	liquid
177.69	614.00	399.69	0.0025020	153.66	307.28	1.1144	1.9764	3.1535	1393.5	-0.046446	7.8737e-05	0.17299	liquid
178.69	614.00	398.75	0.0025078	156.45	310.43	1.1321	1.9741	3.1530	1388.8	-0.046316	7.8030e-05	0.17214	liquid
179.69	614.00	397.82	0.0025137	159.24	313.58	1.1497	1.9718	3.1526	1384.2	-0.046184	7.7335e-05	0.17129	liquid
180.69	614.00	396.89	0.0025196	162.03	316.74	1.1672	1.9696	3.1522	1379.6	-0.046051	7.6652e-05	0.17045	liquid
181.69	614.00	395.96	0.0025255	164.82	319.89	1.1846	1.9674	3.1517	1375.0	-0.045917	7.5981e-05	0.16961	liquid
182.69	614.00	395.03	0.0025315	167.61	323.04	1.2019	1.9653	3.1513	1370.5	-0.045780	7.5322e-05	0.16878	liquid
183.69	614.00	394.10	0.0025374	170.39	326.19	1.2191	1.9632	3.1509	1365.9	-0.045643	7.4673e-05	0.16795	liquid
184.69	614.00	393.17	0.0025434	173.17	329.34	1.2362	1.9611	3.1505	1361.4	-0.045504	7.4036e-05	0.16713	liquid
185.69	614.00	392.24	0.0025494	175.96	332.49	1.2532	1.9590	3.1501	1356.9	-0.045363	7.3409e-05	0.16631	liquid
186.69	614.00	391.31	0.0025555	178.73	335.64	1.2702	1.9570	3.1497	1352.4	-0.045221	7.2792e-05	0.16550	liquid
187.69	614.00	390.39	0.0025616	181.51	338.79	1.2870	1.9550	3.1493	1348.0	-0.045077	7.2186e-05	0.16470	liquid
188.69	614.00	389.46	0.0025677	184.29	341.94	1.3037	1.9530	3.1489	1343.6	-0.044932	7.1589e-05	0.16390	liquid
189.69	614.00	388.53	0.0025738	187.06	345.09	1.3204	1.9511	3.1486	1339.1	-0.044786	7.1002e-05	0.16311	liquid
190.69	614.00	387.61	0.0025799	189.83	348.24	1.3369	1.9492	3.1482	1334.8	-0.044638	7.0425e-05	0.16233	supercritical
191.69	614.00	386.68	0.0025861	192.60	351.38	1.3534	1.9473	3.1479	1330.4	-0.044489	6.9857e-05	0.16154	supercritical
192.69	614.00	385.76	0.0025923	195.37	354.53	1.3698	1.9455	3.1475	1326.0	-0.044338	6.9297e-05	0.16077	supercritical
193.69	614.00	384.83	0.0025985	198.13	357.68	1.3860	1.9437	3.1472	1321.7	-0.044186	6.8747e-05	0.15999	supercritical
194.69	614.00	383.91	0.0026048	200.89	360.83	1.4023	1.9419	3.1469	1317.4	-0.044032	6.8204e-05	0.15923	supercritical
195.69	614.00	382.99	0.0026110	203.66	363.97	1.4184	1.9401	3.1466	1313.1	-0.043877	6.7671e-05	0.15847	supercritical
196.69	614.00	382.07	0.0026173	206.42	367.12	1.4344	1.9384	3.1463	1308.9	-0.043721	6.7145e-05	0.15771	supercritical
197.69	614.00	381.15	0.0026237	209.17	370.27	1.4504	1.9367	3.1460	1304.6	-0.043563	6.6628e-05	0.15697	supercritical
198.69	614.00	380.22	0.0026300	211.93	373.41	1.4662	1.9351	3.1457	1300.4	-0.043404	6.6118e-05	0.15622	supercritical
199.69	614.00	379.30	0.0026364	214.68	376.56	1.4820	1.9335	3.1454	1296.2	-0.043243	6.5616e-05	0.15548	supercritical
200.69	614.00	378.39	0.0026428	217.43	379.70	1.4977	1.9319	3.1451	1292.1	-0.043081	6.5122e-05	0.15475	supercritical
201.69	614.00	377.47	0.0026492	220.18	382.85	1.5134	1.9303	3.1449	1287.9	-0.042918	6.4635e-05	0.15403	supercritical
202.69	614.00	376.55	0.0026557	222.93	385.99	1.5289	1.9288	3.1446	1283.8	-0.042753	6.4155e-05	0.15331	supercritical
203.69	614.00	375.63	0.0026622	225.68	389.14	1.5444	1.9273	3.1444	1279.7	-0.042587	6.3682e-05	0.15259	supercritical
204.69	614.00	374.72	0.0026687	228.42	392.28	1.5598	1.9258	3.1442	1275.6	-0.042420	6.3216e-05	0.15188	supercritical
205.69	614.00	373.80	0.0026752	231.17	395.43	1.5751	1.9244	3.1439	1271.5	-0.042251	6.2757e-05	0.15118	supercritical
206.69	614.00	372.89	0.0026818	233.91	398.57	1.5904	1.9230	3.1437	1267.5	-0.042081	6.2304e-05	0.15048	supercritical
207.69	614.00	371.97	0.0026884	236.65	401.71	1.6055	1.9216	3.1435	1263.5	-0.041910	6.1858e-05	0.14979	supercritical
208.69	614.00	371.06	0.0026950	239.38	404.86	1.6206	1.9203	3.1433	1259.5	-0.041738	6.1418e-05	0.14910	supercritical
209.69	614.00	370.15	0.0027016	242.12	408.00	1.6357	1.9190	3.1431	1255.5	-0.041564	6.0984e-05	0.14842	supercritical
210.69	614.00	369.24	0.0027083	244.85	411.14	1.6506	1.9177	3.1429	1251.6	-0.041389	6.0557e-05	0.14775	supercritical
211.69	614.00	368.33	0.0027150	247.59	414.29	1.6655	1.9165	3.1427	1247.7	-0.041213	6.0136e-05	0.14708	supercritical
212.69	614.00	367.42	0.0027217	250.32	417.43	1.6803	1.9153	3.1426	1243.8	-0.041035	5.9720e-05	0.14641	supercritical
213.69	614.00	366.51	0.0027284	253.04	420.57	1.6950	1.9141	3.1424	1239.9	-0.040857	5.9310e-05	0.14575	supercritical
214.69	614.00	365.60	0.0027352	255.77	423.71	1.7097	1.9129	3.1422	1236.0	-0.040677	5.8906e-05	0.14510	supercritical
215.69	614.00	364.69	0.0027420	258.49	426.85	1.7243	1.9118	3.1421	1232.2	-0.040496	5.8508e-05	0.14445	supercritical
216.69	614.00	363.79	0.0027488	261.22	430.00	1.7389	1.9108	3.1419	1228.4	-0.040314	5.8114e-05	0.14381	supercritical
217.69	614.00	362.88	0.0027557	263.94	433.14	1.7533	1.9097	3.1418	1224.6	-0.040131	5.7727e-05	0.14318	supercritical
218.69	614.00	361.98	0.0027626	266.66	436.28	1.7677	1.9087	3.1417	1220.8	-0.039947	5.7344e-05	0.14254	supercritical
219.69	614.00	361.08	0.0027695	269.38	439.42	1.7820	1.9077	3.1416	1217.1	-0.039761	5.6967e-05	0.14192	supercritical
220.69	614.00	360.18	0.0027764	272.09	442.56	1.7963	1.9067	3.1414	1213.3	-0.039575	5.6594e-05	0.14130	supercritical
221.69	614.00	359.28	0.0027834	274.81	445.70	1.8105	1.9058	3.1413	1209.6	-0.039387	5.6227e-05	0.14068	supercritical
222.69	614.00	358.38	0.0027904	277.52	448.85	1.8247	1.9049	3.1412	1205.9	-0.039199	5.5865e-05	0.14007	supercritical
223.69	614.00	357.48	0.0027974	280.23	451.99	1.8387	1.9041	3.1411	1202.3	-0.039009	5.5507e-05	0.13947	supercritical
224.69	614.00	356.58	0.0028044	282.94	455.13	1.8527	1.9032	3.1410	1198.7	-0.038819	5.5154e-05	0.13887	supercritical
225.69	614.00	355.68	0.0028115	285.64	458.27	1.8667	1.9024	3.1410	1195.0	-0.038627	5.4806e-05	0.13828	supercritical
226.69	614.00	354.79	0.0028186	288.35	461.41	1.8806	1.9017	3.1409	1191.5	-0.038435	5.4462e-05	0.13769	supercritical
227.69	614.00	353.89	0.0028257	291.05	464.55	1.8944	1.9010	3.1408	1187.9	-0.038241	5.4123e-05	0.13711	supercritical
228.69	614.00	353.00	0.0028329	293.75	467.69	1.9082	1.9002	3.1408	1184.3	-0.038047	5.3788e-05	0.13653	supercritical
229.69	614.00	352.11	0.0028400	296.45	470.83	1.9219	1.8996	3.1407	1180.8	-0.037852	5.3458e-05	0.13596	supercritical
230.69	614.00	351.22	0.0028472	299.15	473.97	1.9355	1.8989	3.1407	1177.3	-0.037656	5.3132e-05	0.13539	supercritical
231.69	614.00	350.33	0.0028545	301.85	477.11	1.9491	1.8983	3.1406	1173.8	-0.037459	5.2810e-05	0.13483	supercritical
232.69	614.00	349.44	0.0028617	304.55	480.25	1.9626	1.8978	3.1406	1170.4	-0.037261	5.2492e-05	0.13428	supercritical
233.69	614.00	348.55	0.0028690	307.24	483.40	1.9761	1.8972	3.1405	1167.0	-0.037062	5.2178e-05	0.13372	supercritical
234.69	614.00	347.67	0.0028763	309.93	486.54	1.9895	1.8967	3.1405	1163.6	-0.036863	5.1868e-05	0.13318	supercritical
235.69	614.00	346.78	0.0028836	312.62	489.68	2.0029	1.8962	3.1405	1160.2	-0.036663	5.1562e-05	0.13264	supercritical
236.69	614.00	345.90	0.0028910	315.31	492.82	2.0161	1.8958	3.1405	1156.8	-0.036462	5.1260e-05	0.13210	supercritical
237.69	614.00	345.02	0.0028984	318.00	495.96	2.0294	1.8953	3.1405	1153.5	-0.036261	5.0962e-05	0.13157	supercritical
238.69	614.00	344.14	0.0029058	320.68	499.10	2.0426	1.8950	3.1405	1150.1	-0.036059	5.0667e-05	0.13105	supercritical
239.69	614.00	343.26	0.0029133	323.36	502.24	2.0557	1.8946	3.1405	1146.8	-0.035856	5.0376e-05	0.13053	supercritical
240.69	614.00	342.38	0.0029207	326.05	505.38	2.0688	1.8943	3.1405	1143.6	-0.035653	5.0089e-05	0.13001	supercritical
241.69	614.00	341.50	0.0029282	328.73	508.52	2.0818	1.8940	3.1405	1140.3	-0.035449	4.9805e-05	0.12950	supercritical
242.69	614.00	340.63	0.0029357	331.40	511.66	2.0948	1.8937	3.1405	1137.1	-0.035244	4.9525e-05	0.12900	supercritical
243.69	614.00	339.76	0.0029433	334.08	514.80	2.1077	1.8935	3.1405	1133.9	-0.035039	4.9248e-05	0.12850	supercritical
244.69	614.00	338.88	0.0029509	336.76	517.94	2.1205	1.8933	3.1405	1130.7	-0.034834	4.8975e-05	0.12801	supercritical
245.69	614.00	338.01	0.0029585	339.43	521.08	2.1333	1.8931	3.1406	1127.5	-0.034628	4.8705e-05	0.12752	supercritical
246.69	614.00	337.14	0.0029661	342.10	524.22	2.1461	1.8930	3.1406	1124.4	-0.034421	4.8439e-05	0.12703	supercritical
247.69	614.00	336.28	0.0029738	344.77	527.36	2.1588	1.8928	3.1406	1121.3	-0.034214	4.8175e-05	0.12655	supercritical
248.69	614.00	335.41	0.0029814	347.44	530.50	2.1715	1.8928	3.1407	1118.2	-0.034007	4.7915e-05	0.12608	supercritical
249.69	614.00	334.54	0.0029891	350.11	533.64	2.1841	1.8927	3.1407	1115.1	-0.033799	4.7658e-05	0.12561	supercritical
250.69	614.00	333.68	0.0029969	352.78	536.78	2.1966	1.8927	3.1408	1112.1	-0.033591	4.7404e-05	0.12514	supercritical
251.69	614.00	332.82	0.0030046	355.44	539.93	2.2091	1.8927	3.1408	1109.0	-0.033382	4.7153e-05	0.12468	supercritical
252.69	614.00	331.96	0.0030124	358.10	543.07	2.2216	1.8927	3.1409	1106.0	-0.033174	4.6906e-05	0.12423	supercritical
253.69	614.00	331.10	0.0030202	360.77	546.21	2.2340	1.8928	3.1410	1103.1	-0.032965	4.6661e-05	0.12378	supercritical
254.69	614.00	330.24	0.0030281	363.42	549.35	2.2463	1.8929	3.1410	1100.1	-0.032755	4.6419e-05	0.12333	supercritical
255.69	614.00	329.39	0.0030359	366.08	552.49	2.2586	1.8930	3.1411	1097.2	-0.032546	4.6180e-05	0.12289	supercritical
256.69	614.00	328.53	0.0030438	368.74	555.63	2.2709	1.8932	3.1412	1094.2	-0.032336	4.5944e-05	0.12246	supercritical
257.69	614.00	327.68	0.0030517	371.40	558.77	2.2831	1.8933	3.1413	1091.3	-0.032126	4.5710e-05	0.12202	supercritical
258.69	614.00	326.83	0.0030597	374.05	561.91	2.2953	1.8936	3.1414	1088.5	-0.031916	4.5480e-05	0.12160	supercritical
259.69	614.00	325.98	0.0030676	376.70	565.05	2.3074	1.8938	3.1415	1085.6	-0.031706	4.5252e-05	0.12117	supercritical
260.69	614.00	325.14	0.0030756	379.35	568.20	2.3195	1.8941	3.1416	1082.8	-0.031496	4.5027e-05	0.12076	supercritical
261.69	614.00	324.29	0.0030836	382.00	571.34	2.3315	1.8944	3.1417	1080.0	-0.031286	4.4804e-05	0.12034	supercritical
262.69	614.00	323.45	0.0030917	384.65	574.48	2.3435	1.8947	3.1418	1077.2	-0.031076	4.4585e-05	0.11994	supercritical
263.69	614.00	322.61	0.0030997	387.30	577.62	2.3554	1.8951	3.1419	1074.4	-0.030865	4.4367e-05	0.11953	supercritical
264.69	614.00	321.77	0.0031078	389.94	580.76	2.3673	1.8955	3.1420	1071.7	-0.030655	4.4153e-05	0.11913	supercritical
265.69	614.00	320.93	0.0031159	392.59	583.91	2.3792	1.8959	3.1421	1069.0	-0.030445	4.3941e-05	0.11874	supercritical
266.69	614.00	320.09	0.0031241	395.23	587.05	2.3910	1.8963	3.1422	1066.3	-0.030235	4.3731e-05	0.11835	supercritical
267.69	614.00	319.26	0.0031323	397.87	590.19	2.4027	1.8968	3.1423	1063.6	-0.030025	4.3524e-05	0.11796	supercritical
268.69	614.00	318.43	0.0031404	400.51	593.33	2.4145	1.8973	3.1425	1060.9	-0.029815	4.3319e-05	0.11758	supercritical
269.69	614.00	317.60	0.0031487	403.15	596.47	2.4261	1.8978	3.1426	1058.3	-0.029605	4.3116e-05	0.11720	supercritical
270.69	614.00	316.77	0.0031569	405.78	599.62	2.4378	1.8984	3.1427	1055.7	-0.029396	4.2916e-05	0.11683	supercritical
271.69	614.00	315.94	0.0031652	408.42	602.76	2.4493	1.8989	3.1429	1053.1	-0.029187	4.2719e-05	0.11646	supercritical
272.69	614.00	315.12	0.0031734	411.05	605.90	2.4609	1.8996	3.1430	1050.5	-0.028978	4.2523e-05	0.11610	supercritical
273.69	614.00	314.29	0.0031817	413.69	609.05	2.4724	1.9002	3.1431	1048.0	-0.028769	4.2330e-05	0.11574	supercritical
274.69	614.00	313.47	0.0031901	416.32	612.19	2.4839	1.9009	3.1433	1045.4	-0.028561	4.2139e-05	0.11539	supercritical
275.69	614.00	312.65	0.0031984	418.95	615.33	2.4953	1.9016	3.1434	1042.9	-0.028353	4.1950e-05	0.11503	supercritical
276.69	614.00	311.84	0.0032068	421.58	618.48	2.5067	1.9023	3.1436	1040.5	-0.028145	4.1764e-05	0.11469	supercritical
277.69	614.00	311.02	0.0032152	424.20	621.62	2.5180	1.9030	3.1438	1038.0	-0.027938	4.1580e-05	0.11435	supercritical
278.69	614.00	310.21	0.0032236	426.83	624.76	2.5293	1.9038	3.1439	1035.5	-0.027731	4.1397e-05	0.11401	supercritical
279.69	614.00	309.40	0.0032321	429.46	627.91	2.5406	1.9046	3.1441	1033.1	-0.027524	4.1217e-05	0.11367	supercritical
280.69	614.00	308.59	0.0032406	432.08	631.05	2.5518	1.9054	3.1443	1030.7	-0.027318	4.1039e-05	0.11334	supercritical
281.69	614.00	307.78	0.0032491	434.70	634.20	2.5630	1.9063	3.1444	1028.3	-0.027113	4.0863e-05	0.11302	supercritical
282.69	614.00	306.98	0.0032576	437.32	637.34	2.5741	1.9071	3.1446	1026.0	-0.026908	4.0689e-05	0.11270	supercritical
283.69	614.00	306.17	0.0032661	439.94	640.49	2.5852	1.9081	3.1448	1023.6	-0.026703	4.0517e-05	0.11238	supercritical
284.69	614.00	305.37	0.0032747	442.56	643.63	2.5963	1.9090	3.1450	1021.3	-0.026500	4.0347e-05	0.11206	supercritical
285.69	614.00	304.57	0.0032833	445.18	646.78	2.6073	1.9099	3.1452	1019.0	-0.026296	4.0179e-05	0.11175	supercritical
286.69	614.00	303.78	0.0032919	447.80	649.92	2.6183	1.9109	3.1454	1016.7	-0.026094	4.0012e-05	0.11145	supercritical
287.69	614.00	302.98	0.0033005	450.41	653.07	2.6293	1.9119	3.1456	1014.5	-0.025892	3.9848e-05	0.11115	supercritical
288.69	614.00	302.19	0.0033092	453.03	656.21	2.6402	1.9130	3.1458	1012.2	-0.025690	3.9686e-05	0.11085	supercritical
289.69	614.00	301.40	0.0033178	455.64	659.36	2.6510	1.9140	3.1460	1010.0	-0.025490	3.9525e-05	0.11055	supercritical
290.69	614.00	300.61	0.0033265	458.25	662.50	2.6619	1.9151	3.1462	1007.8	-0.025290	3.9366e-05	0.11026	supercritical
291.69	614.00	299.83	0.0033353	460.86	665.65	2.6727	1.9162	3.1464	1005.6	-0.025090	3.9209e-05	0.10998	supercritical
292.69	614.00	299.04	0.0033440	463.47	668.80	2.6835	1.9173	3.1466	1003.5	-0.024892	3.9054e-05	0.10969	supercritical
293.69	614.00	298.26	0.0033528	466.08	671.94	2.6942	1.9185	3.1468	1001.3	-0.024694	3.8901e-05	0.10942	supercritical
294.69	614.00	297.48	0.0033615	468.69	675.09	2.7049	1.9197	3.1471	999.20	-0.024497	3.8749e-05	0.10914	supercritical
295.69	614.00	296.71	0.0033703	471.30	678.24	2.7156	1.9209	3.1473	997.10	-0.024301	3.8599e-05	0.10887	supercritical
296.69	614.00	295.93	0.0033792	473.90	681.38	2.7262	1.9221	3.1475	995.01	-0.024106	3.8451e-05	0.10860	supercritical
297.69	614.00	295.16	0.0033880	476.51	684.53	2.7368	1.9234	3.1478	992.95	-0.023912	3.8304e-05	0.10834	supercritical
298.69	614.00	294.39	0.0033969	479.11	687.68	2.7473	1.9246	3.1480	990.91	-0.023718	3.8160e-05	0.10808	supercritical
299.69	614.00	293.62	0.0034057	481.72	690.83	2.7578	1.9259	3.1483	988.88	-0.023526	3.8016e-05	0.10782	supercritical
300.69	614.00	292.86	0.0034146	484.32	693.98	2.7683	1.9273	3.1485	986.87	-0.023334	3.7875e-05	0.10757	supercritical
301.69	614.00	292.09	0.0034236	486.92	697.13	2.7788	1.9286	3.1488	984.89	-0.023143	3.7735e-05	0.10732	supercritical
302.69	614.00	291.33	0.0034325	489.52	700.27	2.7892	1.9300	3.1490	982.92	-0.022954	3.7596e-05	0.10707	supercritical
303.69	614.00	290.57	0.0034415	492.12	703.42	2.7996	1.9314	3.1493	980.97	-0.022765	3.7459e-05	0.10683	supercritical
304.69	614.00	289.82	0.0034505	494.71	706.57	2.8099	1.9328	3.1496	979.03	-0.022577	3.7324e-05	0.10659	supercritical
305.69	614.00	289.06	0.0034595	497.31	709.72	2.8203	1.9342	3.1499	977.12	-0.022390	3.7190e-05	0.10636	supercritical
306.69	614.00	288.31	0.0034685	499.91	712.87	2.8306	1.9357	3.1501	975.23	-0.022205	3.7058e-05	0.10612	supercritical
307.69	614.00	287.56	0.0034775	502.50	716.02	2.8408	1.9372	3.1504	973.35	-0.022020	3.6927e-05	0.10589	supercritical
308.69	614.00	286.81	0.0034866	505.10	719.17	2.8510	1.9387	3.1507	971.49	-0.021837	3.6798e-05	0.10567	supercritical
309.69	614.00	286.07	0.0034956	507.69	722.32	2.8612	1.9402	3.1510	969.65	-0.021654	3.6670e-05	0.10545	supercritical
310.69	614.00	285.33	0.0035047	510.28	725.48	2.8714	1.9418	3.1513	967.83	-0.021473	3.6544e-05	0.10523	supercritical
311.69	614.00	284.59	0.0035138	512.88	728.63	2.8815	1.9433	3.1516	966.03	-0.021293	3.6419e-05	0.10501	supercritical
312.69	614.00	283.85	0.0035230	515.47	731.78	2.8916	1.9449	3.1520	964.24	-0.021114	3.6295e-05	0.10480	supercritical
313.69	614.00	283.12	0.0035321	518.06	734.93	2.9017	1.9465	3.1523	962.47	-0.020936	3.6173e-05	0.10459	supercritical
314.69	614.00	282.38	0.0035413	520.65	738.08	2.9117	1.9482	3.1526	960.72	-0.020759	3.6052e-05	0.10439	supercritical
315.69	614.00	281.65	0.0035505	523.24	741.24	2.9217	1.9498	3.1529	958.99	-0.020583	3.5933e-05	0.10419	supercritical
316.69	614.00	280.92	0.0035597	525.83	744.39	2.9317	1.9515	3.1533	957.27	-0.020409	3.5814e-05	0.10399	supercritical
317.69	614.00	280.20	0.0035689	528.41	747.54	2.9416	1.9532	3.1536	955.57	-0.020236	3.5698e-05	0.10379	supercritical
318.69	614.00	279.48	0.0035781	531.00	750.70	2.9515	1.9549	3.1540	953.89	-0.020064	3.5582e-05	0.10360	supercritical
319.69	614.00	278.76	0.0035874	533.59	753.85	2.9614	1.9567	3.1543	952.22	-0.019894	3.5468e-05	0.10341	supercritical
320.69	614.00	278.04	0.0035966	536.17	757.01	2.9713	1.9584	3.1547	950.57	-0.019724	3.5355e-05	0.10322	supercritical
321.69	614.00	277.32	0.0036059	538.76	760.16	2.9811	1.9602	3.1551	948.94	-0.019556	3.5244e-05	0.10304	supercritical
322.69	614.00	276.61	0.0036152	541.34	763.32	2.9909	1.9620	3.1555	947.33	-0.019389	3.5133e-05	0.10286	supercritical
323.69	614.00	275.90	0.0036245	543.92	766.47	3.0006	1.9638	3.1558	945.73	-0.019224	3.5024e-05	0.10268	supercritical
324.69	614.00	275.19	0.0036339	546.51	769.63	3.0104	1.9657	3.1562	944.15	-0.019060	3.4917e-05	0.10251	supercritical
325.69	614.00	274.48	0.0036432	549.09	772.78	3.0201	1.9675	3.1566	942.58	-0.018897	3.4810e-05	0.10233	supercritical
326.69	614.00	273.78	0.0036526	551.67	775.94	3.0298	1.9694	3.1570	941.04	-0.018735	3.4705e-05	0.10217	supercritical
327.69	614.00	273.08	0.0036620	554.25	779.10	3.0394	1.9713	3.1574	939.50	-0.018575	3.4600e-05	0.10200	supercritical
328.69	614.00	272.38	0.0036713	556.83	782.25	3.0490	1.9732	3.1579	937.99	-0.018416	3.4497e-05	0.10184	supercritical
329.69	614.00	271.68	0.0036808	559.41	785.41	3.0586	1.9751	3.1583	936.49	-0.018258	3.4395e-05	0.10168	supercritical
330.69	614.00	270.99	0.0036902	561.99	788.57	3.0682	1.9771	3.1587	935.00	-0.018102	3.4295e-05	0.10152	supercritical
331.69	614.00	270.30	0.0036996	564.57	791.73	3.0777	1.9791	3.1592	933.53	-0.017947	3.4195e-05	0.10137	supercritical
332.69	614.00	269.61	0.0037091	567.15	794.89	3.0872	1.9811	3.1596	932.08	-0.017794	3.4097e-05	0.10122	supercritical
333.69	614.00	268.92	0.0037185	569.73	798.05	3.0967	1.9831	3.1601	930.64	-0.017642	3.3999e-05	0.10107	supercritical
334.69	614.00	268.24	0.0037280	572.31	801.21	3.1062	1.9851	3.1605	929.22	-0.017491	3.3903e-05	0.10092	supercritical
335.69	614.00	267.56	0.0037375	574.89	804.37	3.1156	1.9871	3.1610	927.81	-0.017342	3.3808e-05	0.10078	supercritical
336.69	614.00	266.88	0.0037470	577.47	807.53	3.1250	1.9892	3.1615	926.42	-0.017194	3.3714e-05	0.10064	supercritical
337.69	614.00	266.20	0.0037565	580.04	810.69	3.1344	1.9913	3.1620	925.04	-0.017048	3.3621e-05	0.10050	supercritical
338.69	614.00	265.53	0.0037661	582.62	813.86	3.1437	1.9934	3.1625	923.68	-0.016903	3.3529e-05	0.10036	supercritical
339.69	614.00	264.86	0.0037756	585.20	817.02	3.1531	1.9955	3.1630	922.33	-0.016759	3.3438e-05	0.10023	supercritical
340.69	614.00	264.19	0.0037852	587.77	820.18	3.1624	1.9976	3.1635	921.00	-0.016617	3.3348e-05	0.10010	supercritical
341.69	614.00	263.52	0.0037948	590.35	823.35	3.1716	1.9998	3.1640	919.68	-0.016476	3.3260e-05	0.099975	supercritical
342.69	614.00	262.86	0.0038043	592.92	826.51	3.1809	2.0019	3.1645	918.38	-0.016337	3.3172e-05	0.099850	supercritical
343.69	614.00	262.20	0.0038139	595.50	829.67	3.1901	2.0041	3.1650	917.09	-0.016199	3.3085e-05	0.099728	supercritical
344.69	614.00	261.54	0.0038235	598.07	832.84	3.1993	2.0063	3.1656	915.82	-0.016063	3.2999e-05	0.099609	supercritical
345.69	614.00	260.88	0.0038332	600.65	836.01	3.2085	2.0085	3.1661	914.56	-0.015928	3.2914e-05	0.099492	supercritical
346.69	614.00	260.23	0.0038428	603.22	839.17	3.2176	2.0108	3.1667	913.31	-0.015795	3.2830e-05	0.099377	supercritical
347.69	614.00	259.57	0.0038525	605.80	842.34	3.2267	2.0130	3.1673	912.08	-0.015663	3.2747e-05	0.099265	supercritical
348.69	614.00	258.93	0.0038621	608.37	845.51	3.2358	2.0153	3.1679	910.86	-0.015532	3.2665e-05	0.099155	supercritical
349.69	614.00	258.28	0.0038718	610.95	848.67	3.2449	2.0176	3.1684	909.66	-0.015403	3.2584e-05	0.099048	supercritical
350.69	614.00	257.63	0.0038815	613.52	851.84	3.2540	2.0199	3.1690	908.47	-0.015275	3.2504e-05	0.098943	supercritical
351.69	614.00	256.99	0.0038912	616.10	855.01	3.2630	2.0222	3.1696	907.29	-0.015149	3.2425e-05	0.098841	supercritical
352.69	614.00	256.35	0.0039009	618.67	858.18	3.2720	2.0245	3.1703	906.13	-0.015024	3.2347e-05	0.098741	supercritical
353.69	614.00	255.72	0.0039106	621.24	861.35	3.2810	2.0268	3.1709	904.98	-0.014901	3.2270e-05	0.098643	supercritical
354.69	614.00	255.08	0.0039203	623.82	864.52	3.2899	2.0292	3.1715	903.84	-0.014779	3.2193e-05	0.098547	supercritical
355.69	614.00	254.45	0.0039300	626.39	867.70	3.2988	2.0316	3.1722	902.72	-0.014659	3.2117e-05	0.098454	supercritical
356.69	614.00	253.82	0.0039398	628.97	870.87	3.3078	2.0340	3.1728	901.61	-0.014540	3.2043e-05	0.098364	supercritical
357.69	614.00	253.19	0.0039495	631.54	874.04	3.3166	2.0364	3.1735	900.51	-0.014423	3.1969e-05	0.098275	supercritical
358.69	614.00	252.57	0.0039593	634.11	877.22	3.3255	2.0388	3.1741	899.42	-0.014307	3.1896e-05	0.098189	supercritical
359.69	614.00	251.95	0.0039691	636.69	880.39	3.3343	2.0412	3.1748	898.35	-0.014193	3.1824e-05	0.098105	supercritical
360.69	614.00	251.33	0.0039789	639.26	883.57	3.3431	2.0437	3.1755	897.29	-0.014080	3.1752e-05	0.098023	supercritical
361.69	614.00	250.71	0.0039887	641.84	886.74	3.3519	2.0461	3.1762	896.24	-0.013968	3.1682e-05	0.097943	supercritical
362.69	614.00	250.10	0.0039985	644.41	889.92	3.3607	2.0486	3.1769	895.21	-0.013858	3.1612e-05	0.097865	supercritical
363.69	614.00	249.48	0.0040083	646.99	893.10	3.3695	2.0511	3.1776	894.19	-0.013749	3.1543e-05	0.097790	supercritical
364.69	614.00	248.87	0.0040181	649.56	896.27	3.3782	2.0536	3.1784	893.18	-0.013642	3.1475e-05	0.097717	supercritical
365.69	614.00	248.27	0.0040279	652.14	899.45	3.3869	2.0561	3.1791	892.18	-0.013537	3.1408e-05	0.097646	supercritical
366.69	614.00	247.66	0.0040378	654.71	902.63	3.3956	2.0586	3.1798	891.19	-0.013432	3.1341e-05	0.097576	supercritical
367.69	614.00	247.06	0.0040476	657.29	905.81	3.4042	2.0612	3.1806	890.22	-0.013329	3.1275e-05	0.097509	supercritical
368.69	614.00	246.46	0.0040575	659.86	908.99	3.4129	2.0637	3.1814	889.26	-0.013228	3.1210e-05	0.097445	supercritical
369.69	614.00	245.86	0.0040674	662.44	912.17	3.4215	2.0663	3.1822	888.31	-0.013128	3.1146e-05	0.097382	supercritical
370.69	614.00	245.26	0.0040772	665.01	915.36	3.4301	2.0689	3.1829	887.37	-0.013030	3.1083e-05	0.097321	supercritical
371.69	614.00	244.67	0.0040871	667.59	918.54	3.4387	2.0715	3.1837	886.44	-0.012933	3.1020e-05	0.097262	supercritical
372.69	614.00	244.08	0.0040970	670.17	921.72	3.4472	2.0741	3.1846	885.52	-0.012837	3.0958e-05	0.097205	supercritical
373.69	614.00	243.49	0.0041069	672.74	924.91	3.4558	2.0767	3.1854	884.62	-0.012743	3.0897e-05	0.097150	supercritical
374.69	614.00	242.91	0.0041168	675.32	928.10	3.4643	2.0793	3.1862	883.73	-0.012650	3.0836e-05	0.097097	supercritical
375.69	614.00	242.32	0.0041267	677.90	931.28	3.4728	2.0819	3.1870	882.84	-0.012558	3.0776e-05	0.097046	supercritical
376.69	614.00	241.74	0.0041367	680.48	934.47	3.4812	2.0846	3.1879	881.97	-0.012468	3.0717e-05	0.096997	supercritical
377.69	614.00	241.16	0.0041466	683.06	937.66	3.4897	2.0873	3.1888	881.11	-0.012380	3.0659e-05	0.096950	supercritical
378.69	614.00	240.59	0.0041565	685.64	940.85	3.4981	2.0899	3.1896	880.26	-0.012293	3.0601e-05	0.096904	supercritical
379.69	614.00	240.01	0.0041665	688.22	944.04	3.5065	2.0926	3.1905	879.42	-0.012207	3.0544e-05	0.096861	supercritical
380.69	614.00	239.44	0.0041764	690.80	947.23	3.5149	2.0953	3.1914	878.59	-0.012122	3.0488e-05	0.096819	supercritical
381.69	614.00	238.87	0.0041864	693.38	950.42	3.5233	2.0981	3.1923	877.78	-0.012039	3.0432e-05	0.096780	supercritical
382.69	614.00	238.30	0.0041964	695.96	953.61	3.5317	2.1008	3.1932	876.97	-0.011958	3.0377e-05	0.096742	supercritical
383.69	614.00	237.74	0.0042063	698.54	956.81	3.5400	2.1035	3.1942	876.17	-0.011877	3.0322e-05	0.096705	supercritical
384.69	614.00	237.17	0.0042163	701.12	960.00	3.5483	2.1063	3.1951	875.39	-0.011798	3.0269e-05	0.096671	supercritical
385.69	614.00	236.61	0.0042263	703.70	963.20	3.5566	2.1090	3.1960	874.61	-0.011721	3.0216e-05	0.096638	supercritical
386.69	614.00	236.06	0.0042363	706.29	966.39	3.5649	2.1118	3.1970	873.84	-0.011644	3.0163e-05	0.096608	supercritical
387.69	614.00	235.50	0.0042463	708.87	969.59	3.5731	2.1146	3.1980	873.09	-0.011569	3.0111e-05	0.096579	supercritical
388.69	614.00	234.95	0.0042563	711.45	972.79	3.5814	2.1174	3.1989	872.34	-0.011496	3.0060e-05	0.096551	supercritical
389.69	614.00	234.40	0.0042663	714.04	975.99	3.5896	2.1202	3.1999	871.61	-0.011423	3.0009e-05	0.096525	supercritical
390.69	614.00	233.85	0.0042763	716.62	979.19	3.5978	2.1230	3.2009	870.88	-0.011352	2.9959e-05	0.096502	supercritical
391.69	614.00	233.30	0.0042863	719.21	982.39	3.6060	2.1258	3.2020	870.16	-0.011283	2.9910e-05	0.096479	supercritical
392.69	614.00	232.76	0.0042963	721.80	985.59	3.6141	2.1286	3.2030	869.45	-0.011214	2.9861e-05	0.096459	supercritical
393.69	614.00	232.21	0.0043064	724.39	988.80	3.6223	2.1315	3.2040	868.76	-0.011147	2.9813e-05	0.096440	supercritical
394.69	614.00	231.67	0.0043164	726.97	992.00	3.6304	2.1343	3.2051	868.07	-0.011081	2.9765e-05	0.096422	supercritical
395.69	614.00	231.14	0.0043264	729.56	995.21	3.6385	2.1372	3.2061	867.39	-0.011017	2.9718e-05	0.096407	supercritical
396.69	614.00	230.60	0.0043365	732.15	998.41	3.6466	2.1400	3.2072	866.72	-0.010953	2.9672e-05	0.096393	supercritical
397.69	614.00	230.07	0.0043465	734.74	1001.6	3.6547	2.1429	3.2083	866.06	-0.010891	2.9626e-05	0.096380	supercritical
398.69	614.00	229.54	0.0043566	737.34	1004.8	3.6628	2.1458	3.2094	865.40	-0.010830	2.9581e-05	0.096369	supercritical
399.69	614.00	229.01	0.0043666	739.93	1008.0	3.6708	2.1487	3.2105	864.76	-0.010771	2.9536e-05	0.096360	supercritical
400.69	614.00	228.48	0.0043767	742.52	1011.3	3.6788	2.1516	3.2116	864.13	-0.010713	2.9492e-05	0.096352	supercritical
401.69	614.00	227.96	0.0043868	745.12	1014.5	3.6868	2.1545	3.2127	863.50	-0.010655	2.9448e-05	0.096346	supercritical
402.69	614.00	227.44	0.0043968	747.71	1017.7	3.6948	2.1575	3.2138	862.89	-0.010599	2.9405e-05	0.096341	supercritical
403.69	614.00	226.92	0.0044069	750.31	1020.9	3.7028	2.1604	3.2150	862.28	-0.010545	2.9362e-05	0.096338	supercritical
404.69	614.00	226.40	0.0044170	752.90	1024.1	3.7107	2.1634	3.2161	861.68	-0.010491	2.9320e-05	0.096337	supercritical
405.69	614.00	225.88	0.0044271	755.50	1027.3	3.7187	2.1663	3.2173	861.09	-0.010439	2.9278e-05	0.096337	supercritical
406.69	614.00	225.37	0.0044372	758.10	1030.5	3.7266	2.1693	3.2185	860.51	-0.010388	2.9237e-05	0.096338	supercritical
407.69	614.00	224.86	0.0044472	760.70	1033.8	3.7345	2.1722	3.2197	859.93	-0.010338	2.9197e-05	0.096341	supercritical
408.69	614.00	224.35	0.0044573	763.30	1037.0	3.7424	2.1752	3.2209	859.37	-0.010289	2.9157e-05	0.096345	supercritical
409.69	614.00	223.84	0.0044674	765.90	1040.2	3.7503	2.1782	3.2221	858.81	-0.010241	2.9117e-05	0.096351	supercritical
410.69	614.00	223.34	0.0044775	768.50	1043.4	3.7581	2.1812	3.2233	858.26	-0.010194	2.9078e-05	0.096358	supercritical
411.69	614.00	222.83	0.0044876	771.11	1046.6	3.7660	2.1842	3.2245	857.72	-0.010149	2.9040e-05	0.096366	supercritical
412.69	614.00	222.33	0.0044977	773.71	1049.9	3.7738	2.1872	3.2258	857.18	-0.010105	2.9002e-05	0.096376	supercritical
413.69	614.00	221.83	0.0045079	776.32	1053.1	3.7816	2.1903	3.2270	856.66	-0.010061	2.8964e-05	0.096388	supercritical
414.69	614.00	221.34	0.0045180	778.92	1056.3	3.7894	2.1933	3.2283	856.14	-0.010019	2.8927e-05	0.096401	supercritical
415.69	614.00	220.84	0.0045281	781.53	1059.6	3.7972	2.1963	3.2296	855.63	-0.0099781	2.8890e-05	0.096415	supercritical
416.69	614.00	220.35	0.0045382	784.14	1062.8	3.8049	2.1994	3.2309	855.13	-0.0099381	2.8854e-05	0.096430	supercritical
417.69	614.00	219.86	0.0045483	786.75	1066.0	3.8127	2.2024	3.2322	854.63	-0.0098991	2.8819e-05	0.096447	supercritical
418.69	614.00	219.37	0.0045585	789.36	1069.3	3.8204	2.2055	3.2335	854.14	-0.0098613	2.8783e-05	0.096465	supercritical
419.69	614.00	218.89	0.0045686	791.97	1072.5	3.8281	2.2085	3.2348	853.66	-0.0098245	2.8749e-05	0.096485	supercritical
420.69	614.00	218.40	0.0045787	794.59	1075.7	3.8358	2.2116	3.2362	853.19	-0.0097887	2.8714e-05	0.096506	supercritical
421.69	614.00	217.92	0.0045888	797.20	1079.0	3.8435	2.2147	3.2375	852.72	-0.0097539	2.8680e-05	0.096528	supercritical
422.69	614.00	217.44	0.0045990	799.82	1082.2	3.8512	2.2178	3.2389	852.27	-0.0097202	2.8647e-05	0.096551	supercritical
423.69	614.00	216.96	0.0046091	802.44	1085.4	3.8588	2.2209	3.2402	851.81	-0.0096875	2.8614e-05	0.096576	supercritical
424.69	614.00	216.49	0.0046192	805.05	1088.7	3.8665	2.2240	3.2416	851.37	-0.0096558	2.8581e-05	0.096602	supercritical
425.69	614.00	216.01	0.0046294	807.67	1091.9	3.8741	2.2271	3.2430	850.93	-0.0096250	2.8549e-05	0.096629	supercritical
426.69	614.00	215.54	0.0046395	810.29	1095.2	3.8817	2.2302	3.2444	850.50	-0.0095953	2.8517e-05	0.096658	supercritical
427.69	614.00	215.07	0.0046497	812.92	1098.4	3.8893	2.2333	3.2458	850.08	-0.0095665	2.8486e-05	0.096688	supercritical
428.69	614.00	214.60	0.0046598	815.54	1101.7	3.8969	2.2364	3.2472	849.66	-0.0095387	2.8455e-05	0.096719	supercritical
429.69	614.00	214.13	0.0046700	818.17	1104.9	3.9045	2.2396	3.2486	849.25	-0.0095118	2.8425e-05	0.096751	supercritical
430.69	614.00	213.67	0.0046801	820.79	1108.2	3.9120	2.2427	3.2501	848.85	-0.0094858	2.8395e-05	0.096784	supercritical
431.69	614.00	213.21	0.0046903	823.42	1111.4	3.9196	2.2459	3.2515	848.45	-0.0094608	2.8365e-05	0.096819	supercritical
432.69	614.00	212.75	0.0047004	826.05	1114.7	3.9271	2.2490	3.2530	848.06	-0.0094367	2.8336e-05	0.096855	supercritical
433.69	614.00	212.29	0.0047106	828.68	1117.9	3.9346	2.2522	3.2545	847.68	-0.0094136	2.8307e-05	0.096892	supercritical
434.69	614.00	211.83	0.0047207	831.31	1121.2	3.9421	2.2554	3.2560	847.30	-0.0093913	2.8278e-05	0.096930	supercritical
435.69	614.00	211.38	0.0047309	833.94	1124.4	3.9496	2.2585	3.2575	846.93	-0.0093699	2.8250e-05	0.096970	supercritical
436.69	614.00	210.92	0.0047411	836.58	1127.7	3.9570	2.2617	3.2590	846.57	-0.0093494	2.8223e-05	0.097010	supercritical
437.69	614.00	210.47	0.0047512	839.21	1130.9	3.9645	2.2649	3.2605	846.21	-0.0093298	2.8195e-05	0.097052	supercritical
438.69	614.00	210.02	0.0047614	841.85	1134.2	3.9719	2.2681	3.2620	845.86	-0.0093110	2.8168e-05	0.097095	supercritical
439.69	614.00	209.58	0.0047715	844.49	1137.5	3.9794	2.2713	3.2635	845.51	-0.0092931	2.8142e-05	0.097139	supercritical
440.69	614.00	209.13	0.0047817	847.13	1140.7	3.9868	2.2745	3.2651	845.17	-0.0092760	2.8115e-05	0.097184	supercritical
441.69	614.00	208.69	0.0047919	849.77	1144.0	3.9942	2.2777	3.2666	844.84	-0.0092598	2.8090e-05	0.097230	supercritical
442.69	614.00	208.25	0.0048020	852.41	1147.3	4.0016	2.2809	3.2682	844.51	-0.0092444	2.8064e-05	0.097278	supercritical
443.69	614.00	207.81	0.0048122	855.06	1150.5	4.0090	2.2841	3.2698	844.19	-0.0092298	2.8039e-05	0.097326	supercritical
444.69	614.00	207.37	0.0048224	857.71	1153.8	4.0163	2.2873	3.2714	843.88	-0.0092160	2.8014e-05	0.097376	supercritical
445.69	614.00	206.93	0.0048325	860.35	1157.1	4.0237	2.2906	3.2730	843.57	-0.0092030	2.7990e-05	0.097426	supercritical
446.69	614.00	206.50	0.0048427	863.00	1160.3	4.0310	2.2938	3.2746	843.26	-0.0091908	2.7966e-05	0.097478	supercritical
447.69	614.00	206.06	0.0048529	865.65	1163.6	4.0383	2.2970	3.2762	842.96	-0.0091793	2.7942e-05	0.097531	supercritical
448.69	614.00	205.63	0.0048630	868.31	1166.9	4.0456	2.3003	3.2778	842.67	-0.0091687	2.7918e-05	0.097585	supercritical
449.69	614.00	205.20	0.0048732	870.96	1170.2	4.0529	2.3035	3.2795	842.38	-0.0091587	2.7895e-05	0.097639	supercritical
450.69	614.00	204.78	0.0048834	873.62	1173.5	4.0602	2.3068	3.2811	842.10	-0.0091496	2.7873e-05	0.097695	supercritical
451.69	614.00	204.35	0.0048935	876.27	1176.7	4.0675	2.3100	3.2828	841.82	-0.0091412	2.7850e-05	0.097752	supercritical
452.69	614.00	203.93	0.0049037	878.93	1180.0	4.0748	2.3133	3.2844	841.55	-0.0091335	2.7828e-05	0.097810	supercritical
453.69	614.00	203.51	0.0049139	881.60	1183.3	4.0820	2.3165	3.2861	841.29	-0.0091265	2.7806e-05	0.097869	supercritical
454.69	614.00	203.09	0.0049240	884.26	1186.6	4.0892	2.3198	3.2878	841.03	-0.0091203	2.7785e-05	0.097929	supercritical
455.69	614.00	202.67	0.0049342	886.92	1189.9	4.0965	2.3231	3.2895	840.77	-0.0091147	2.7764e-05	0.097990	supercritical
456.69	614.00	202.25	0.0049444	889.59	1193.2	4.1037	2.3264	3.2912	840.52	-0.0091098	2.7743e-05	0.098052	supercritical
457.69	614.00	201.83	0.0049546	892.26	1196.5	4.1109	2.3297	3.2929	840.27	-0.0091057	2.7722e-05	0.098115	supercritical
458.69	614.00	201.42	0.0049647	894.92	1199.8	4.1181	2.3329	3.2947	840.03	-0.0091022	2.7702e-05	0.098179	supercritical
459.69	614.00	201.01	0.0049749	897.60	1203.1	4.1252	2.3362	3.2964	839.80	-0.0090994	2.7682e-05	0.098244	supercritical
460.69	614.00	200.60	0.0049851	900.27	1206.4	4.1324	2.3395	3.2981	839.57	-0.0090972	2.7663e-05	0.098310	supercritical
461.69	614.00	200.19	0.0049952	902.94	1209.7	4.1396	2.3428	3.2999	839.34	-0.0090957	2.7643e-05	0.098377	supercritical
462.69	614.00	199.78	0.0050054	905.62	1213.0	4.1467	2.3461	3.3017	839.12	-0.0090948	2.7624e-05	0.098445	supercritical
463.69	614.00	199.38	0.0050156	908.30	1216.3	4.1538	2.3494	3.3034	838.91	-0.0090946	2.7606e-05	0.098513	supercritical
464.69	614.00	198.98	0.0050257	910.98	1219.6	4.1610	2.3528	3.3052	838.70	-0.0090950	2.7587e-05	0.098583	supercritical
465.69	614.00	198.57	0.0050359	913.66	1222.9	4.1681	2.3561	3.3070	838.49	-0.0090960	2.7569e-05	0.098654	supercritical
466.69	614.00	198.17	0.0050461	916.34	1226.2	4.1752	2.3594	3.3088	838.29	-0.0090976	2.7551e-05	0.098725	supercritical
467.69	614.00	197.78	0.0050562	919.03	1229.5	4.1822	2.3627	3.3106	838.10	-0.0090998	2.7534e-05	0.098798	supercritical
468.69	614.00	197.38	0.0050664	921.72	1232.8	4.1893	2.3660	3.3124	837.90	-0.0091027	2.7517e-05	0.098871	supercritical
469.69	614.00	196.98	0.0050766	924.41	1236.1	4.1964	2.3694	3.3143	837.72	-0.0091061	2.7500e-05	0.098945	supercritical
470.69	614.00	196.59	0.0050867	927.10	1239.4	4.2034	2.3727	3.3161	837.53	-0.0091100	2.7483e-05	0.099020	supercritical
471.69	614.00	196.20	0.0050969	929.79	1242.7	4.2105	2.3760	3.3180	837.36	-0.0091146	2.7466e-05	0.099097	supercritical
472.69	614.00	195.81	0.0051071	932.48	1246.1	4.2175	2.3794	3.3198	837.18	-0.0091197	2.7450e-05	0.099173	supercritical
473.69	614.00	195.42	0.0051172	935.18	1249.4	4.2245	2.3827	3.3217	837.01	-0.0091253	2.7434e-05	0.099251	supercritical
474.69	614.00	195.03	0.0051274	937.88	1252.7	4.2315	2.3861	3.3236	836.85	-0.0091315	2.7419e-05	0.099330	supercritical
475.69	614.00	194.65	0.0051376	940.58	1256.0	4.2385	2.3894	3.3254	836.69	-0.0091383	2.7403e-05	0.099410	supercritical
476.69	614.00	194.26	0.0051477	943.28	1259.4	4.2455	2.3928	3.3273	836.53	-0.0091456	2.7388e-05	0.099490	supercritical
477.69	614.00	193.88	0.0051579	945.99	1262.7	4.2525	2.3961	3.3292	836.38	-0.0091533	2.7373e-05	0.099571	supercritical
478.69	614.00	193.50	0.0051680	948.69	1266.0	4.2594	2.3995	3.3311	836.23	-0.0091617	2.7359e-05	0.099653	supercritical
479.69	614.00	193.12	0.0051782	951.40	1269.3	4.2664	2.4029	3.3331	836.09	-0.0091705	2.7344e-05	0.099736	supercritical
480.69	614.00	192.74	0.0051883	954.11	1272.7	4.2733	2.4062	3.3350	835.95	-0.0091798	2.7330e-05	0.099820	supercritical
481.69	614.00	192.36	0.0051985	956.82	1276.0	4.2803	2.4096	3.3369	835.81	-0.0091896	2.7316e-05	0.099905	supercritical
482.69	614.00	191.99	0.0052087	959.54	1279.4	4.2872	2.4130	3.3389	835.68	-0.0091999	2.7303e-05	0.099990	supercritical
483.69	614.00	191.61	0.0052188	962.26	1282.7	4.2941	2.4163	3.3408	835.55	-0.0092106	2.7289e-05	0.10008	supercritical
484.69	614.00	191.24	0.0052290	964.97	1286.0	4.3010	2.4197	3.3428	835.43	-0.0092219	2.7276e-05	0.10016	supercritical
485.69	614.00	190.87	0.0052391	967.69	1289.4	4.3079	2.4231	3.3447	835.31	-0.0092336	2.7263e-05	0.10025	supercritical
486.69	614.00	190.50	0.0052493	970.42	1292.7	4.3148	2.4265	3.3467	835.19	-0.0092457	2.7251e-05	0.10034	supercritical
487.69	614.00	190.14	0.0052594	973.14	1296.1	4.3217	2.4299	3.3487	835.08	-0.0092584	2.7238e-05	0.10043	supercritical
488.69	614.00	189.77	0.0052696	975.87	1299.4	4.3285	2.4332	3.3507	834.97	-0.0092714	2.7226e-05	0.10052	supercritical
489.69	614.00	189.40	0.0052797	978.60	1302.8	4.3354	2.4366	3.3527	834.86	-0.0092849	2.7214e-05	0.10061	supercritical
490.69	614.00	189.04	0.0052899	981.33	1306.1	4.3422	2.4400	3.3547	834.76	-0.0092988	2.7203e-05	0.10070	supercritical
491.69	614.00	188.68	0.0053000	984.06	1309.5	4.3490	2.4434	3.3567	834.67	-0.0093131	2.7191e-05	0.10079	supercritical
492.69	614.00	188.32	0.0053101	986.80	1312.8	4.3559	2.4468	3.3587	834.57	-0.0093279	2.7180e-05	0.10089	supercritical
493.69	614.00	187.96	0.0053203	989.53	1316.2	4.3627	2.4502	3.3608	834.48	-0.0093431	2.7169e-05	0.10098	supercritical
494.69	614.00	187.60	0.0053304	992.27	1319.6	4.3695	2.4536	3.3628	834.40	-0.0093586	2.7158e-05	0.10108	supercritical
495.69	614.00	187.25	0.0053406	995.01	1322.9	4.3763	2.4570	3.3649	834.31	-0.0093746	2.7147e-05	0.10117	supercritical
496.69	614.00	186.89	0.0053507	997.76	1326.3	4.3830	2.4604	3.3669	834.23	-0.0093909	2.7137e-05	0.10127	supercritical
497.69	614.00	186.54	0.0053608	1000.5	1329.7	4.3898	2.4638	3.3690	834.16	-0.0094077	2.7127e-05	0.10137	supercritical
498.69	614.00	186.19	0.0053710	1003.2	1333.0	4.3966	2.4672	3.3710	834.09	-0.0094248	2.7117e-05	0.10146	supercritical
499.69	614.00	185.84	0.0053811	1006.0	1336.4	4.4033	2.4707	3.3731	834.02	-0.0094423	2.7107e-05	0.10156	supercritical
500.69	614.00	185.49	0.0053912	1008.8	1339.8	4.4101	2.4741	3.3752	833.95	-0.0094601	2.7097e-05	0.10166	supercritical
501.69	614.00	185.14	0.0054014	1011.5	1343.1	4.4168	2.4775	3.3773	833.89	-0.0094783	2.7088e-05	0.10176	supercritical
502.69	614.00	184.79	0.0054115	1014.3	1346.5	4.4236	2.4809	3.3794	833.83	-0.0094969	2.7079e-05	0.10186	supercritical
503.69	614.00	184.45	0.0054216	1017.0	1349.9	4.4303	2.4843	3.3815	833.77	-0.0095158	2.7070e-05	0.10196	supercritical
504.69	614.00	184.10	0.0054317	1019.8	1353.3	4.4370	2.4877	3.3836	833.72	-0.0095350	2.7061e-05	0.10207	supercritical
505.69	614.00	183.76	0.0054419	1022.5	1356.7	4.4437	2.4912	3.3857	833.67	-0.0095546	2.7052e-05	0.10217	supercritical
506.69	614.00	183.42	0.0054520	1025.3	1360.1	4.4504	2.4946	3.3879	833.62	-0.0095745	2.7044e-05	0.10227	supercritical
507.69	614.00	183.08	0.0054621	1028.1	1363.5	4.4571	2.4980	3.3900	833.58	-0.0095948	2.7036e-05	0.10238	supercritical
508.69	614.00	182.74	0.0054722	1030.8	1366.8	4.4637	2.5014	3.3921	833.54	-0.0096153	2.7028e-05	0.10248	supercritical
509.69	614.00	182.40	0.0054823	1033.6	1370.2	4.4704	2.5049	3.3943	833.50	-0.0096362	2.7020e-05	0.10259	supercritical
510.69	614.00	182.07	0.0054924	1036.4	1373.6	4.4770	2.5083	3.3965	833.47	-0.0096574	2.7012e-05	0.10269	supercritical
511.69	614.00	181.73	0.0055026	1039.2	1377.0	4.4837	2.5117	3.3986	833.44	-0.0096788	2.7005e-05	0.10280	supercritical
512.69	614.00	181.40	0.0055127	1042.0	1380.4	4.4903	2.5152	3.4008	833.41	-0.0097006	2.6998e-05	0.10291	supercritical
513.69	614.00	181.07	0.0055228	1044.7	1383.8	4.4970	2.5186	3.4030	833.39	-0.0097227	2.6991e-05	0.10302	supercritical
514.69	614.00	180.74	0.0055329	1047.5	1387.2	4.5036	2.5220	3.4051	833.36	-0.0097450	2.6984e-05	0.10313	supercritical
515.69	614.00	180.41	0.0055430	1050.3	1390.6	4.5102	2.5255	3.4073	833.34	-0.0097676	2.6977e-05	0.10324	supercritical
516.69	614.00	180.08	0.0055531	1053.1	1394.0	4.5168	2.5289	3.4095	833.33	-0.0097905	2.6971e-05	0.10335	supercritical
517.69	614.00	179.75	0.0055632	1055.9	1397.5	4.5234	2.5324	3.4117	833.32	-0.0098137	2.6964e-05	0.10346	supercritical
518.69	614.00	179.43	0.0055733	1058.7	1400.9	4.5300	2.5358	3.4139	833.30	-0.0098372	2.6958e-05	0.10357	supercritical
519.69	614.00	179.10	0.0055834	1061.5	1404.3	4.5365	2.5392	3.4162	833.30	-0.0098609	2.6952e-05	0.10368	supercritical
520.69	614.00	178.78	0.0055935	1064.3	1407.7	4.5431	2.5427	3.4184	833.29	-0.0098848	2.6946e-05	0.10379	supercritical
521.69	614.00	178.46	0.0056036	1067.1	1411.1	4.5497	2.5461	3.4206	833.29	-0.0099090	2.6941e-05	0.10391	supercritical
522.69	614.00	178.14	0.0056137	1069.9	1414.5	4.5562	2.5496	3.4228	833.29	-0.0099335	2.6935e-05	0.10402	supercritical
523.69	614.00	177.82	0.0056237	1072.7	1418.0	4.5628	2.5530	3.4251	833.29	-0.0099582	2.6930e-05	0.10414	supercritical
524.69	614.00	177.50	0.0056338	1075.5	1421.4	4.5693	2.5565	3.4273	833.30	-0.0099831	2.6925e-05	0.10425	supercritical
525.69	614.00	177.18	0.0056439	1078.3	1424.8	4.5758	2.5599	3.4296	833.31	-0.010008	2.6920e-05	0.10437	supercritical
526.69	614.00	176.87	0.0056540	1081.1	1428.3	4.5824	2.5634	3.4318	833.32	-0.010034	2.6915e-05	0.10448	supercritical
527.69	614.00	176.55	0.0056641	1083.9	1431.7	4.5889	2.5668	3.4341	833.33	-0.010059	2.6910e-05	0.10460	supercritical
528.69	614.00	176.24	0.0056742	1086.7	1435.1	4.5954	2.5703	3.4364	833.35	-0.010085	2.6906e-05	0.10472	supercritical
529.69	614.00	175.93	0.0056842	1089.5	1438.6	4.6019	2.5737	3.4387	833.37	-0.010111	2.6901e-05	0.10484	supercritical
530.69	614.00	175.61	0.0056943	1092.4	1442.0	4.6084	2.5772	3.4409	833.39	-0.010137	2.6897e-05	0.10496	supercritical
531.69	614.00	175.30	0.0057044	1095.2	1445.4	4.6148	2.5806	3.4432	833.41	-0.010164	2.6893e-05	0.10507	supercritical
532.69	614.00	175.00	0.0057144	1098.0	1448.9	4.6213	2.5841	3.4455	833.44	-0.010191	2.6889e-05	0.10520	supercritical
533.69	614.00	174.69	0.0057245	1100.8	1452.3	4.6278	2.5875	3.4478	833.47	-0.010217	2.6886e-05	0.10532	supercritical
534.69	614.00	174.38	0.0057346	1103.7	1455.8	4.6342	2.5910	3.4501	833.50	-0.010244	2.6882e-05	0.10544	supercritical
535.69	614.00	174.08	0.0057446	1106.5	1459.2	4.6407	2.5944	3.4525	833.53	-0.010272	2.6879e-05	0.10556	supercritical
536.69	614.00	173.77	0.0057547	1109.3	1462.7	4.6471	2.5979	3.4548	833.57	-0.010299	2.6875e-05	0.10568	supercritical
537.69	614.00	173.47	0.0057648	1112.2	1466.1	4.6536	2.6013	3.4571	833.61	-0.010327	2.6872e-05	0.10580	supercritical
538.69	614.00	173.17	0.0057748	1115.0	1469.6	4.6600	2.6048	3.4594	833.65	-0.010354	2.6869e-05	0.10593	supercritical
539.69	614.00	172.86	0.0057849	1117.9	1473.1	4.6664	2.6083	3.4618	833.69	-0.010382	2.6866e-05	0.10605	supercritical
540.69	614.00	172.56	0.0057949	1120.7	1476.5	4.6728	2.6117	3.4641	833.73	-0.010411	2.6864e-05	0.10618	supercritical
541.69	614.00	172.27	0.0058050	1123.6	1480.0	4.6792	2.6152	3.4664	833.78	-0.010439	2.6861e-05	0.10630	supercritical
542.69	614.00	171.97	0.0058150	1126.4	1483.5	4.6856	2.6186	3.4688	833.83	-0.010467	2.6859e-05	0.10643	supercritical
543.69	614.00	171.67	0.0058251	1129.3	1486.9	4.6920	2.6221	3.4711	833.88	-0.010496	2.6857e-05	0.10655	supercritical
544.69	614.00	171.38	0.0058351	1132.1	1490.4	4.6984	2.6256	3.4735	833.94	-0.010525	2.6854e-05	0.10668	supercritical
545.69	614.00	171.08	0.0058451	1135.0	1493.9	4.7047	2.6290	3.4759	833.99	-0.010554	2.6852e-05	0.10681	supercritical
546.69	614.00	170.79	0.0058552	1137.8	1497.4	4.7111	2.6325	3.4782	834.05	-0.010583	2.6851e-05	0.10694	supercritical
547.69	614.00	170.50	0.0058652	1140.7	1500.8	4.7175	2.6359	3.4806	834.11	-0.010612	2.6849e-05	0.10707	supercritical
548.69	614.00	170.21	0.0058753	1143.6	1504.3	4.7238	2.6394	3.4830	834.17	-0.010641	2.6847e-05	0.10719	supercritical
549.69	614.00	169.92	0.0058853	1146.4	1507.8	4.7302	2.6429	3.4854	834.24	-0.010671	2.6846e-05	0.10732	supercritical
550.69	614.00	169.63	0.0058953	1149.3	1511.3	4.7365	2.6463	3.4878	834.31	-0.010700	2.6845e-05	0.10745	supercritical
551.69	614.00	169.34	0.0059053	1152.2	1514.8	4.7428	2.6498	3.4902	834.37	-0.010730	2.6843e-05	0.10758	supercritical
552.69	614.00	169.05	0.0059154	1155.1	1518.3	4.7492	2.6532	3.4926	834.45	-0.010760	2.6842e-05	0.10772	supercritical
553.69	614.00	168.77	0.0059254	1157.9	1521.8	4.7555	2.6567	3.4950	834.52	-0.010790	2.6841e-05	0.10785	supercritical
554.69	614.00	168.48	0.0059354	1160.8	1525.3	4.7618	2.6602	3.4974	834.59	-0.010820	2.6841e-05	0.10798	supercritical
555.69	614.00	168.20	0.0059454	1163.7	1528.8	4.7681	2.6636	3.4998	834.67	-0.010850	2.6840e-05	0.10811	supercritical
556.69	614.00	167.91	0.0059554	1166.6	1532.3	4.7744	2.6671	3.5022	834.75	-0.010881	2.6839e-05	0.10825	supercritical
557.69	614.00	167.63	0.0059655	1169.5	1535.8	4.7807	2.6706	3.5047	834.83	-0.010911	2.6839e-05	0.10838	supercritical
558.69	614.00	167.35	0.0059755	1172.4	1539.3	4.7869	2.6740	3.5071	834.91	-0.010942	2.6839e-05	0.10851	supercritical
559.69	614.00	167.07	0.0059855	1175.3	1542.8	4.7932	2.6775	3.5095	835.00	-0.010972	2.6838e-05	0.10865	supercritical
560.69	614.00	166.79	0.0059955	1178.2	1546.3	4.7995	2.6809	3.5120	835.08	-0.011003	2.6838e-05	0.10878	supercritical
561.69	614.00	166.51	0.0060055	1181.1	1549.8	4.8057	2.6844	3.5144	835.17	-0.011034	2.6838e-05	0.10892	supercritical
562.69	614.00	166.24	0.0060155	1184.0	1553.3	4.8120	2.6879	3.5168	835.26	-0.011065	2.6839e-05	0.10906	supercritical
563.69	614.00	165.96	0.0060255	1186.9	1556.8	4.8182	2.6913	3.5193	835.35	-0.011096	2.6839e-05	0.10919	supercritical
564.69	614.00	165.69	0.0060355	1189.8	1560.4	4.8245	2.6948	3.5217	835.45	-0.011127	2.6839e-05	0.10933	supercritical
565.69	614.00	165.41	0.0060455	1192.7	1563.9	4.8307	2.6983	3.5242	835.54	-0.011158	2.6840e-05	0.10947	supercritical
566.69	614.00	165.14	0.0060555	1195.6	1567.4	4.8369	2.7017	3.5267	835.64	-0.011190	2.6841e-05	0.10960	supercritical
567.69	614.00	164.87	0.0060654	1198.5	1570.9	4.8432	2.7052	3.5291	835.74	-0.011221	2.6841e-05	0.10974	supercritical
568.69	614.00	164.60	0.0060754	1201.4	1574.5	4.8494	2.7086	3.5316	835.84	-0.011252	2.6842e-05	0.10988	supercritical
569.69	614.00	164.33	0.0060854	1204.3	1578.0	4.8556	2.7121	3.5341	835.94	-0.011284	2.6843e-05	0.11002	supercritical
570.69	614.00	164.06	0.0060954	1207.3	1581.5	4.8618	2.7156	3.5366	836.05	-0.011316	2.6844e-05	0.11016	supercritical
571.69	614.00	163.79	0.0061054	1210.2	1585.1	4.8680	2.7190	3.5391	836.15	-0.011347	2.6845e-05	0.11030	supercritical
572.69	614.00	163.52	0.0061153	1213.1	1588.6	4.8742	2.7225	3.5415	836.26	-0.011379	2.6847e-05	0.11044	supercritical
573.69	614.00	163.26	0.0061253	1216.1	1592.1	4.8804	2.7259	3.5440	836.37	-0.011411	2.6848e-05	0.11058	supercritical
574.69	614.00	162.99	0.0061353	1219.0	1595.7	4.8865	2.7294	3.5465	836.48	-0.011443	2.6850e-05	0.11073	supercritical
575.69	614.00	162.73	0.0061453	1221.9	1599.2	4.8927	2.7328	3.5490	836.60	-0.011475	2.6851e-05	0.11087	supercritical
576.69	614.00	162.46	0.0061552	1224.9	1602.8	4.8989	2.7363	3.5515	836.71	-0.011507	2.6853e-05	0.11101	supercritical
577.69	614.00	162.20	0.0061652	1227.8	1606.3	4.9050	2.7398	3.5540	836.83	-0.011539	2.6855e-05	0.11115	supercritical
578.69	614.00	161.94	0.0061751	1230.7	1609.9	4.9112	2.7432	3.5565	836.94	-0.011571	2.6857e-05	0.11130	supercritical
579.69	614.00	161.68	0.0061851	1233.7	1613.5	4.9173	2.7467	3.5591	837.06	-0.011603	2.6859e-05	0.11144	supercritical
580.69	614.00	161.42	0.0061951	1236.6	1617.0	4.9234	2.7501	3.5616	837.18	-0.011636	2.6861e-05	0.11159	supercritical
581.69	614.00	161.16	0.0062050	1239.6	1620.6	4.9296	2.7536	3.5641	837.30	-0.011668	2.6863e-05	0.11173	supercritical
582.69	614.00	160.90	0.0062150	1242.5	1624.1	4.9357	2.7570	3.5666	837.43	-0.011700	2.6866e-05	0.11188	supercritical
583.69	614.00	160.64	0.0062249	1245.5	1627.7	4.9418	2.7605	3.5692	837.55	-0.011733	2.6868e-05	0.11202	supercritical
584.69	614.00	160.39	0.0062349	1248.5	1631.3	4.9479	2.7639	3.5717	837.68	-0.011765	2.6871e-05	0.11217	supercritical
585.69	614.00	160.13	0.0062448	1251.4	1634.9	4.9540	2.7674	3.5742	837.81	-0.011798	2.6873e-05	0.11232	supercritical
586.69	614.00	159.88	0.0062547	1254.4	1638.4	4.9601	2.7708	3.5768	837.94	-0.011830	2.6876e-05	0.11246	supercritical
587.69	614.00	159.63	0.0062647	1257.4	1642.0	4.9662	2.7743	3.5793	838.07	-0.011863	2.6879e-05	0.11261	supercritical
588.69	614.00	159.37	0.0062746	1260.3	1645.6	4.9723	2.7778	3.5819	838.20	-0.011895	2.6882e-05	0.11276	supercritical
589.69	614.00	159.12	0.0062846	1263.3	1649.2	4.9784	2.7812	3.5844	838.34	-0.011928	2.6885e-05	0.11291	supercritical
590.69	614.00	158.87	0.0062945	1266.3	1652.8	4.9845	2.7846	3.5870	838.47	-0.011961	2.6888e-05	0.11306	supercritical
591.69	614.00	158.62	0.0063044	1269.3	1656.3	4.9905	2.7881	3.5895	838.61	-0.011993	2.6891e-05	0.11320	supercritical
592.69	614.00	158.37	0.0063143	1272.2	1659.9	4.9966	2.7915	3.5921	838.75	-0.012026	2.6894e-05	0.11335	supercritical
593.69	614.00	158.12	0.0063243	1275.2	1663.5	5.0027	2.7950	3.5946	838.89	-0.012059	2.6898e-05	0.11350	supercritical
594.69	614.00	157.87	0.0063342	1278.2	1667.1	5.0087	2.7984	3.5972	839.03	-0.012091	2.6901e-05	0.11365	supercritical
595.69	614.00	157.63	0.0063441	1281.2	1670.7	5.0148	2.8019	3.5998	839.17	-0.012124	2.6905e-05	0.11380	supercritical
596.69	614.00	157.38	0.0063540	1284.2	1674.3	5.0208	2.8053	3.6023	839.31	-0.012157	2.6909e-05	0.11396	supercritical
597.69	614.00	157.14	0.0063639	1287.2	1677.9	5.0268	2.8088	3.6049	839.46	-0.012190	2.6912e-05	0.11411	supercritical
598.69	614.00	156.89	0.0063738	1290.2	1681.5	5.0329	2.8122	3.6075	839.61	-0.012223	2.6916e-05	0.11426	supercritical
599.69	614.00	156.65	0.0063837	1293.2	1685.1	5.0389	2.8157	3.6101	839.75	-0.012255	2.6920e-05	0.11441	supercritical
600.69	614.00	156.41	0.0063937	1296.2	1688.8	5.0449	2.8191	3.6127	839.90	-0.012288	2.6924e-05	0.11456	supercritical
601.69	614.00	156.16	0.0064036	1299.2	1692.4	5.0509	2.8225	3.6152	840.05	-0.012321	2.6928e-05	0.11472	supercritical
602.69	614.00	155.92	0.0064135	1302.2	1696.0	5.0569	2.8260	3.6178	840.20	-0.012354	2.6932e-05	0.11487	supercritical
603.69	614.00	155.68	0.0064234	1305.2	1699.6	5.0629	2.8294	3.6204	840.36	-0.012387	2.6937e-05	0.11503	supercritical
604.69	614.00	155.44	0.0064333	1308.2	1703.2	5.0689	2.8329	3.6230	840.51	-0.012420	2.6941e-05	0.11518	supercritical
605.69	614.00	155.20	0.0064431	1311.2	1706.9	5.0749	2.8363	3.6256	840.67	-0.012453	2.6945e-05	0.11533	supercritical
606.69	614.00	154.97	0.0064530	1314.3	1710.5	5.0809	2.8397	3.6282	840.82	-0.012486	2.6950e-05	0.11549	supercritical
607.69	614.00	154.73	0.0064629	1317.3	1714.1	5.0869	2.8432	3.6308	840.98	-0.012519	2.6954e-05	0.11564	supercritical
608.69	614.00	154.49	0.0064728	1320.3	1717.7	5.0928	2.8466	3.6334	841.14	-0.012552	2.6959e-05	0.11580	supercritical
609.69	614.00	154.26	0.0064827	1323.3	1721.4	5.0988	2.8500	3.6360	841.30	-0.012584	2.6964e-05	0.11596	supercritical
610.69	614.00	154.02	0.0064926	1326.4	1725.0	5.1048	2.8535	3.6387	841.46	-0.012617	2.6969e-05	0.11611	supercritical
611.69	614.00	153.79	0.0065025	1329.4	1728.7	5.1107	2.8569	3.6413	841.62	-0.012650	2.6974e-05	0.11627	supercritical
612.69	614.00	153.55	0.0065123	1332.4	1732.3	5.1167	2.8603	3.6439	841.79	-0.012683	2.6979e-05	0.11643	supercritical
613.69	614.00	153.32	0.0065222	1335.5	1735.9	5.1226	2.8637	3.6465	841.95	-0.012716	2.6984e-05	0.11658	supercritical
614.69	614.00	153.09	0.0065321	1338.5	1739.6	5.1285	2.8672	3.6491	842.12	-0.012749	2.6989e-05	0.11674	supercritical
615.69	614.00	152.86	0.0065419	1341.6	1743.2	5.1345	2.8706	3.6517	842.28	-0.012782	2.6994e-05	0.11690	supercritical
616.69	614.00	152.63	0.0065518	1344.6	1746.9	5.1404	2.8740	3.6544	842.45	-0.012815	2.6999e-05	0.11706	supercritical
617.69	614.00	152.40	0.0065617	1347.7	1750.5	5.1463	2.8774	3.6570	842.62	-0.012847	2.7005e-05	0.11722	supercritical
618.69	614.00	152.17	0.0065715	1350.7	1754.2	5.1522	2.8809	3.6596	842.79	-0.012880	2.7010e-05	0.11738	supercritical
619.69	614.00	151.94	0.0065814	1353.8	1757.9	5.1582	2.8843	3.6623	842.96	-0.012913	2.7016e-05	0.11754	supercritical
620.69	614.00	151.72	0.0065912	1356.8	1761.5	5.1641	2.8877	3.6649	843.14	-0.012946	2.7021e-05	0.11770	supercritical
621.69	614.00	151.49	0.0066011	1359.9	1765.2	5.1700	2.8911	3.6675	843.31	-0.012979	2.7027e-05	0.11786	supercritical
622.69	614.00	151.26	0.0066110	1363.0	1768.9	5.1759	2.8945	3.6702	843.48	-0.013012	2.7033e-05	0.11802	supercritical
623.69	614.00	151.04	0.0066208	1366.0	1772.5	5.1818	2.8980	3.6728	843.66	-0.013044	2.7038e-05	0.11818	supercritical
624.69	614.00	150.81	0.0066306	1369.1	1776.2	5.1876	2.9014	3.6755	843.84	-0.013077	2.7044e-05	0.11834	supercritical