Temperature (K)	Pressure (bar)	Density (kg/m3)	Volume (m3/kg)	Internal Energy (kJ/kg)	Enthalpy (kJ/kg)	Entropy (J/g*K)	Cv (J/g*K)	Cp (J/g*K)	Sound Spd. (m/s)	Joule-Thomson (K/bar)	Viscosity (Pa*s)	Therm. Cond. (W/m*K)	Phase
90.694	100.00	457.68	0.0021849	-77.324	-55.474	-0.77196	2.1917	3.3202	1602.9	-0.049642	0.00023172	0.21973	liquid
93.694	100.00	453.95	0.0022029	-67.534	-45.505	-0.66382	2.1733	3.3262	1578.4	-0.049168	0.00020957	0.21640	liquid
94.694	100.00	452.70	0.0022090	-64.268	-42.178	-0.62849	2.1675	3.3286	1570.1	-0.048996	0.00020313	0.21525	liquid
95.694	100.00	451.45	0.0022151	-60.999	-38.848	-0.59351	2.1619	3.3312	1561.8	-0.048818	0.00019708	0.21409	liquid
96.694	100.00	450.19	0.0022213	-57.728	-35.516	-0.55887	2.1564	3.3339	1553.5	-0.048633	0.00019138	0.21292	liquid
97.694	100.00	448.93	0.0022275	-54.455	-32.180	-0.52455	2.1510	3.3367	1545.1	-0.048442	0.00018601	0.21174	liquid
98.694	100.00	447.67	0.0022338	-51.180	-28.842	-0.49056	2.1457	3.3397	1536.7	-0.048245	0.00018093	0.21054	liquid
99.694	100.00	446.41	0.0022401	-47.902	-25.501	-0.45687	2.1405	3.3427	1528.3	-0.048043	0.00017611	0.20933	liquid
100.69	100.00	445.14	0.0022465	-44.622	-22.157	-0.42350	2.1354	3.3459	1519.8	-0.047834	0.00017154	0.20811	liquid
101.69	100.00	443.86	0.0022529	-41.339	-18.809	-0.39042	2.1303	3.3492	1511.3	-0.047619	0.00016718	0.20688	liquid
102.69	100.00	442.59	0.0022594	-38.053	-15.458	-0.35763	2.1253	3.3526	1502.8	-0.047398	0.00016303	0.20564	liquid
103.69	100.00	441.31	0.0022660	-34.764	-12.104	-0.32512	2.1204	3.3560	1494.2	-0.047172	0.00015907	0.20439	liquid
104.69	100.00	440.02	0.0022726	-31.472	-8.7461	-0.29289	2.1156	3.3596	1485.6	-0.046939	0.00015528	0.20314	liquid
105.69	100.00	438.73	0.0022793	-28.178	-5.3847	-0.26094	2.1108	3.3632	1477.0	-0.046700	0.00015165	0.20187	liquid
106.69	100.00	437.44	0.0022860	-24.880	-2.0197	-0.22925	2.1061	3.3669	1468.4	-0.046454	0.00014817	0.20061	liquid
107.69	100.00	436.14	0.0022928	-21.579	1.3491	-0.19782	2.1014	3.3707	1459.8	-0.046202	0.00014483	0.19933	liquid
108.69	100.00	434.84	0.0022997	-18.275	4.7217	-0.16665	2.0967	3.3746	1451.1	-0.045944	0.00014161	0.19805	liquid
109.69	100.00	433.54	0.0023066	-14.968	8.0983	-0.13573	2.0921	3.3785	1442.4	-0.045678	0.00013852	0.19676	liquid
110.69	100.00	432.23	0.0023136	-11.657	11.479	-0.10505	2.0875	3.3825	1433.7	-0.045406	0.00013554	0.19547	liquid
111.69	100.00	430.91	0.0023207	-8.3433	14.863	-0.074613	2.0830	3.3866	1425.0	-0.045127	0.00013266	0.19417	liquid
112.69	100.00	429.59	0.0023278	-5.0259	18.252	-0.044409	2.0785	3.3908	1416.3	-0.044840	0.00012988	0.19287	liquid
113.69	100.00	428.27	0.0023350	-1.7049	21.645	-0.014434	2.0740	3.3951	1407.5	-0.044546	0.00012720	0.19157	liquid
114.69	100.00	426.94	0.0023423	1.6197	25.042	0.015317	2.0696	3.3995	1398.7	-0.044245	0.00012460	0.19026	liquid
115.69	100.00	425.60	0.0023496	4.9479	28.444	0.044847	2.0652	3.4039	1390.0	-0.043935	0.00012209	0.18895	liquid
116.69	100.00	424.26	0.0023570	8.2799	31.850	0.074162	2.0609	3.4085	1381.1	-0.043617	0.00011965	0.18764	liquid
117.69	100.00	422.92	0.0023645	11.616	35.261	0.10327	2.0565	3.4131	1372.3	-0.043291	0.00011729	0.18632	liquid
118.69	100.00	421.57	0.0023721	14.956	38.677	0.13216	2.0522	3.4179	1363.5	-0.042956	0.00011500	0.18501	liquid
119.69	100.00	420.21	0.0023798	18.299	42.097	0.16086	2.0480	3.4227	1354.6	-0.042612	0.00011278	0.18369	liquid
120.69	100.00	418.85	0.0023875	21.647	45.522	0.18936	2.0438	3.4277	1345.7	-0.042258	0.00011062	0.18237	liquid
121.69	100.00	417.48	0.0023953	24.999	48.952	0.21766	2.0396	3.4328	1336.8	-0.041896	0.00010852	0.18105	liquid
122.69	100.00	416.11	0.0024032	28.355	52.388	0.24577	2.0354	3.4380	1327.9	-0.041523	0.00010648	0.17973	liquid
123.69	100.00	414.73	0.0024112	31.716	55.828	0.27370	2.0313	3.4433	1319.0	-0.041140	0.00010450	0.17841	liquid
124.69	100.00	413.34	0.0024193	35.081	59.274	0.30145	2.0272	3.4487	1310.1	-0.040747	0.00010257	0.17709	liquid
125.69	100.00	411.95	0.0024275	38.451	62.726	0.32902	2.0232	3.4543	1301.1	-0.040342	0.00010069	0.17577	liquid
126.69	100.00	410.55	0.0024358	41.825	66.183	0.35641	2.0192	3.4600	1292.1	-0.039927	9.8855e-05	0.17445	liquid
127.69	100.00	409.14	0.0024441	45.204	69.646	0.38364	2.0152	3.4658	1283.1	-0.039500	9.7070e-05	0.17313	liquid
128.69	100.00	407.73	0.0024526	48.589	73.115	0.41070	2.0112	3.4718	1274.1	-0.039061	9.5331e-05	0.17181	liquid
129.69	100.00	406.31	0.0024612	51.978	76.589	0.43760	2.0073	3.4779	1265.1	-0.038610	9.3634e-05	0.17049	liquid
130.69	100.00	404.88	0.0024699	55.372	80.071	0.46433	2.0035	3.4842	1256.1	-0.038145	9.1979e-05	0.16917	liquid
131.69	100.00	403.45	0.0024786	58.772	83.558	0.49092	1.9996	3.4907	1247.0	-0.037668	9.0364e-05	0.16785	liquid
132.69	100.00	402.01	0.0024875	62.177	87.052	0.51735	1.9958	3.4973	1237.9	-0.037176	8.8788e-05	0.16654	liquid
133.69	100.00	400.56	0.0024965	65.587	90.553	0.54363	1.9921	3.5041	1228.8	-0.036671	8.7249e-05	0.16522	liquid
134.69	100.00	399.10	0.0025057	69.004	94.060	0.56977	1.9883	3.5111	1219.7	-0.036151	8.5745e-05	0.16391	liquid
135.69	100.00	397.63	0.0025149	72.426	97.575	0.59577	1.9847	3.5183	1210.6	-0.035616	8.4276e-05	0.16260	liquid
136.69	100.00	396.16	0.0025243	75.854	101.10	0.62163	1.9810	3.5257	1201.4	-0.035065	8.2841e-05	0.16129	liquid
137.69	100.00	394.67	0.0025337	79.289	104.63	0.64735	1.9774	3.5333	1192.2	-0.034497	8.1438e-05	0.15998	liquid
138.69	100.00	393.18	0.0025434	82.730	108.16	0.67295	1.9739	3.5411	1183.0	-0.033913	8.0066e-05	0.15868	liquid
139.69	100.00	391.68	0.0025531	86.178	111.71	0.69842	1.9703	3.5491	1173.8	-0.033311	7.8725e-05	0.15737	liquid
140.69	100.00	390.17	0.0025630	89.632	115.26	0.72376	1.9669	3.5573	1164.6	-0.032691	7.7412e-05	0.15607	liquid
141.69	100.00	388.65	0.0025730	93.093	118.82	0.74898	1.9634	3.5658	1155.3	-0.032053	7.6128e-05	0.15477	liquid
142.69	100.00	387.12	0.0025832	96.562	122.39	0.77409	1.9600	3.5745	1146.1	-0.031395	7.4871e-05	0.15348	liquid
143.69	100.00	385.58	0.0025935	100.04	125.97	0.79909	1.9567	3.5835	1136.8	-0.030716	7.3641e-05	0.15218	liquid
144.69	100.00	384.03	0.0026039	103.52	129.56	0.82397	1.9534	3.5928	1127.5	-0.030017	7.2436e-05	0.15089	liquid
145.69	100.00	382.47	0.0026146	107.01	133.16	0.84875	1.9501	3.6023	1118.1	-0.029296	7.1257e-05	0.14960	liquid
146.69	100.00	380.90	0.0026254	110.51	136.77	0.87342	1.9469	3.6121	1108.8	-0.028552	7.0101e-05	0.14831	liquid
147.69	100.00	379.32	0.0026363	114.02	140.38	0.89800	1.9437	3.6222	1099.4	-0.027785	6.8969e-05	0.14703	liquid
148.69	100.00	377.73	0.0026474	117.54	144.01	0.92247	1.9406	3.6326	1090.0	-0.026993	6.7860e-05	0.14575	liquid
149.69	100.00	376.12	0.0026587	121.06	147.65	0.94686	1.9376	3.6434	1080.5	-0.026176	6.6772e-05	0.14447	liquid
150.69	100.00	374.50	0.0026702	124.59	151.30	0.97115	1.9345	3.6545	1071.1	-0.025333	6.5706e-05	0.14319	liquid
151.69	100.00	372.87	0.0026819	128.14	154.96	0.99536	1.9316	3.6659	1061.6	-0.024462	6.4661e-05	0.14192	liquid
152.69	100.00	371.23	0.0026937	131.69	158.63	1.0195	1.9286	3.6777	1052.1	-0.023563	6.3636e-05	0.14065	liquid
153.69	100.00	369.57	0.0027058	135.25	162.31	1.0435	1.9258	3.6899	1042.5	-0.022634	6.2630e-05	0.13938	liquid
154.69	100.00	367.91	0.0027181	138.83	166.01	1.0675	1.9230	3.7025	1033.0	-0.021674	6.1644e-05	0.13812	liquid
155.69	100.00	366.22	0.0027306	142.41	169.72	1.0914	1.9202	3.7154	1023.4	-0.020681	6.0675e-05	0.13685	liquid
156.69	100.00	364.52	0.0027433	146.01	173.44	1.1152	1.9175	3.7289	1013.8	-0.019655	5.9725e-05	0.13559	liquid
157.69	100.00	362.81	0.0027562	149.61	177.18	1.1390	1.9148	3.7427	1004.1	-0.018595	5.8792e-05	0.13434	liquid
158.69	100.00	361.08	0.0027694	153.23	180.93	1.1627	1.9122	3.7571	994.47	-0.017497	5.7875e-05	0.13308	liquid
159.69	100.00	359.34	0.0027829	156.86	184.69	1.1863	1.9097	3.7719	984.77	-0.016361	5.6975e-05	0.13183	liquid
160.69	100.00	357.58	0.0027966	160.50	188.47	1.2099	1.9072	3.7872	975.04	-0.015186	5.6091e-05	0.13058	liquid
161.69	100.00	355.81	0.0028105	164.16	192.26	1.2335	1.9048	3.8031	965.28	-0.013969	5.5222e-05	0.12934	liquid
162.69	100.00	354.01	0.0028248	167.83	196.08	1.2570	1.9025	3.8195	955.49	-0.012708	5.4368e-05	0.12809	liquid
163.69	100.00	352.20	0.0028393	171.51	199.90	1.2804	1.9002	3.8365	945.67	-0.011402	5.3529e-05	0.12685	liquid
164.69	100.00	350.37	0.0028541	175.21	203.75	1.3039	1.8979	3.8541	935.81	-0.010048	5.2703e-05	0.12561	liquid
165.69	100.00	348.52	0.0028692	178.92	207.61	1.3272	1.8958	3.8723	925.93	-0.0086441	5.1891e-05	0.12438	liquid
166.69	100.00	346.66	0.0028847	182.65	211.49	1.3506	1.8937	3.8913	916.01	-0.0071880	5.1092e-05	0.12315	liquid
167.69	100.00	344.77	0.0029005	186.39	215.39	1.3739	1.8916	3.9109	906.06	-0.0056772	5.0306e-05	0.12192	liquid
168.69	100.00	342.86	0.0029167	190.15	219.32	1.3972	1.8897	3.9312	896.07	-0.0041088	4.9533e-05	0.12069	liquid
169.69	100.00	340.93	0.0029332	193.93	223.26	1.4205	1.8878	3.9524	886.06	-0.0024801	4.8771e-05	0.11947	liquid
170.69	100.00	338.97	0.0029501	197.72	227.22	1.4438	1.8860	3.9743	876.00	-0.00078798	4.8021e-05	0.11824	liquid
171.69	100.00	337.00	0.0029674	201.53	231.21	1.4671	1.8842	3.9971	865.92	0.00097068	4.7282e-05	0.11703	liquid
172.69	100.00	335.00	0.0029851	205.36	235.22	1.4904	1.8826	4.0208	855.79	0.0027994	4.6553e-05	0.11581	liquid
173.69	100.00	332.97	0.0030033	209.22	239.25	1.5137	1.8810	4.0455	845.64	0.0047017	4.5836e-05	0.11460	liquid
174.69	100.00	330.92	0.0030219	213.09	243.31	1.5370	1.8795	4.0711	835.45	0.0066817	4.5128e-05	0.11339	liquid
175.69	100.00	328.84	0.0030410	216.98	247.39	1.5603	1.8781	4.0978	825.22	0.0087433	4.4430e-05	0.11218	liquid
176.69	100.00	326.74	0.0030606	220.90	251.50	1.5836	1.8768	4.1256	814.95	0.010891	4.3741e-05	0.11098	liquid
177.69	100.00	324.60	0.0030807	224.84	255.64	1.6070	1.8755	4.1545	804.65	0.013130	4.3061e-05	0.10978	liquid
178.69	100.00	322.43	0.0031014	228.80	259.81	1.6304	1.8744	4.1847	794.32	0.015465	4.2390e-05	0.10858	liquid
179.69	100.00	320.24	0.0031227	232.79	264.01	1.6538	1.8733	4.2162	783.94	0.017901	4.1727e-05	0.10739	liquid
180.69	100.00	318.01	0.0031446	236.80	268.24	1.6773	1.8724	4.2491	773.54	0.020444	4.1073e-05	0.10620	liquid
181.69	100.00	315.75	0.0031671	240.84	272.51	1.7009	1.8715	4.2835	763.09	0.023100	4.0426e-05	0.10502	liquid
182.69	100.00	313.45	0.0031903	244.91	276.81	1.7245	1.8708	4.3194	752.61	0.025877	3.9786e-05	0.10384	liquid
183.69	100.00	311.11	0.0032143	249.01	281.15	1.7481	1.8701	4.3569	742.10	0.028781	3.9153e-05	0.10267	liquid
184.69	100.00	308.74	0.0032390	253.14	285.53	1.7719	1.8696	4.3961	731.55	0.031819	3.8527e-05	0.10151	liquid
185.69	100.00	306.32	0.0032645	257.30	289.94	1.7958	1.8692	4.4372	720.97	0.035000	3.7907e-05	0.10036	liquid
186.69	100.00	303.87	0.0032909	261.49	294.40	1.8197	1.8689	4.4803	710.36	0.038332	3.7293e-05	0.099227	liquid
187.69	100.00	301.37	0.0033182	265.72	298.90	1.8438	1.8687	4.5253	699.72	0.041825	3.6685e-05	0.098108	liquid
188.69	100.00	298.82	0.0033464	269.99	303.45	1.8679	1.8687	4.5726	689.06	0.045489	3.6082e-05	0.097014	liquid
189.69	100.00	296.23	0.0033757	274.29	308.05	1.8922	1.8688	4.6222	678.36	0.049335	3.5484e-05	0.095966	liquid
190.69	100.00	293.59	0.0034061	278.64	312.70	1.9167	1.8690	4.6743	667.65	0.053372	3.4891e-05	0.094990	supercritical
191.69	100.00	290.90	0.0034376	283.02	317.40	1.9413	1.8694	4.7289	656.92	0.057615	3.4303e-05	0.093694	supercritical
192.69	100.00	288.15	0.0034704	287.45	322.16	1.9660	1.8699	4.7863	646.17	0.062075	3.3719e-05	0.092476	supercritical
193.69	100.00	285.35	0.0035045	291.93	326.97	1.9909	1.8705	4.8466	635.42	0.066767	3.3139e-05	0.091279	supercritical
194.69	100.00	282.48	0.0035401	296.45	331.85	2.0161	1.8713	4.9100	624.67	0.071704	3.2562e-05	0.090094	supercritical
195.69	100.00	279.56	0.0035771	301.02	336.79	2.0414	1.8723	4.9766	613.92	0.076902	3.1989e-05	0.088918	supercritical
196.69	100.00	276.57	0.0036158	305.65	341.81	2.0669	1.8734	5.0466	603.18	0.082377	3.1419e-05	0.087749	supercritical
197.69	100.00	273.51	0.0036562	310.33	346.89	2.0927	1.8746	5.1201	592.47	0.088145	3.0852e-05	0.086586	supercritical
198.69	100.00	270.38	0.0036985	315.06	352.05	2.1187	1.8760	5.1972	581.79	0.094223	3.0287e-05	0.085429	supercritical
199.69	100.00	267.18	0.0037427	319.86	357.28	2.1450	1.8775	5.2781	571.16	0.10063	2.9725e-05	0.084279	supercritical
200.69	100.00	263.91	0.0037892	324.71	362.60	2.1716	1.8792	5.3628	560.59	0.10738	2.9166e-05	0.083136	supercritical
201.69	100.00	260.56	0.0038379	329.63	368.01	2.1985	1.8810	5.4513	550.10	0.11448	2.8609e-05	0.082000	supercritical
202.69	100.00	257.12	0.0038892	334.62	373.51	2.2257	1.8829	5.5434	539.71	0.12197	2.8054e-05	0.080872	supercritical
203.69	100.00	253.61	0.0039431	339.67	379.10	2.2532	1.8849	5.6390	529.44	0.12984	2.7501e-05	0.079753	supercritical
204.69	100.00	250.01	0.0039998	344.79	384.79	2.2810	1.8870	5.7376	519.32	0.13810	2.6951e-05	0.078644	supercritical
205.69	100.00	246.33	0.0040597	349.98	390.58	2.3092	1.8891	5.8388	509.38	0.14677	2.6404e-05	0.077544	supercritical
206.69	100.00	242.56	0.0041227	355.24	396.47	2.3378	1.8913	5.9416	499.64	0.15583	2.5859e-05	0.076456	supercritical
207.69	100.00	238.71	0.0041892	360.57	402.46	2.3667	1.8934	6.0450	490.13	0.16529	2.5318e-05	0.075381	supercritical
208.69	100.00	234.78	0.0042593	365.96	408.56	2.3960	1.8955	6.1478	480.90	0.17513	2.4781e-05	0.074318	supercritical
209.69	100.00	230.77	0.0043333	371.42	414.75	2.4256	1.8975	6.2483	471.98	0.18533	2.4250e-05	0.073269	supercritical
210.69	100.00	226.70	0.0044112	376.94	421.05	2.4556	1.8993	6.3447	463.39	0.19586	2.3724e-05	0.072235	supercritical
211.69	100.00	222.56	0.0044931	382.51	427.44	2.4858	1.9010	6.4351	455.19	0.20668	2.3206e-05	0.071215	supercritical
212.69	100.00	218.38	0.0045793	388.13	433.92	2.5164	1.9024	6.5174	447.38	0.21773	2.2696e-05	0.070211	supercritical
213.69	100.00	214.15	0.0046696	393.78	440.47	2.5471	1.9036	6.5894	440.01	0.22898	2.2196e-05	0.069222	supercritical
214.69	100.00	209.90	0.0047642	399.45	447.09	2.5780	1.9045	6.6493	433.09	0.24035	2.1708e-05	0.068247	supercritical
215.69	100.00	205.64	0.0048629	405.14	453.77	2.6090	1.9050	6.6955	426.64	0.25178	2.1233e-05	0.067287	supercritical
216.69	100.00	201.39	0.0049655	410.82	460.48	2.6401	1.9052	6.7265	420.67	0.26320	2.0773e-05	0.066340	supercritical
217.69	100.00	197.16	0.0050720	416.49	467.21	2.6711	1.9051	6.7414	415.19	0.27453	2.0328e-05	0.065408	supercritical
218.69	100.00	192.97	0.0051821	422.14	473.96	2.7020	1.9046	6.7399	410.19	0.28571	1.9900e-05	0.064488	supercritical
219.69	100.00	188.84	0.0052954	427.73	480.69	2.7327	1.9037	6.7218	405.67	0.29665	1.9491e-05	0.063581	supercritical
220.69	100.00	184.79	0.0054117	433.28	487.39	2.7632	1.9025	6.6877	401.61	0.30729	1.9100e-05	0.062689	supercritical
221.69	100.00	180.81	0.0055306	438.75	494.06	2.7933	1.9010	6.6386	398.01	0.31756	1.8729e-05	0.061810	supercritical
222.69	100.00	176.94	0.0056516	444.15	500.67	2.8230	1.8992	6.5756	394.84	0.32740	1.8378e-05	0.060947	supercritical
223.69	100.00	173.17	0.0057745	449.46	507.21	2.8523	1.8971	6.5005	392.08	0.33676	1.8046e-05	0.060101	supercritical
224.69	100.00	169.52	0.0058989	454.68	513.66	2.8811	1.8948	6.4150	389.71	0.34560	1.7734e-05	0.059273	supercritical
225.69	100.00	166.00	0.0060242	459.79	520.03	2.9094	1.8922	6.3210	387.70	0.35389	1.7441e-05	0.058466	supercritical
226.69	100.00	162.59	0.0061504	464.80	526.30	2.9371	1.8895	6.2203	386.01	0.36162	1.7166e-05	0.057680	supercritical
227.69	100.00	159.32	0.0062769	469.70	532.47	2.9643	1.8866	6.1147	384.64	0.36877	1.6910e-05	0.056919	supercritical
228.69	100.00	156.17	0.0064035	474.50	538.53	2.9909	1.8836	6.0058	383.54	0.37535	1.6670e-05	0.056183	supercritical
229.69	100.00	153.14	0.0065299	479.18	544.48	3.0168	1.8805	5.8952	382.69	0.38137	1.6447e-05	0.055473	supercritical
230.69	100.00	150.24	0.0066560	483.76	550.32	3.0422	1.8772	5.7841	382.07	0.38683	1.6239e-05	0.054791	supercritical
231.69	100.00	147.46	0.0067815	488.24	556.05	3.0670	1.8740	5.6735	381.65	0.39177	1.6045e-05	0.054136	supercritical
232.69	100.00	144.79	0.0069064	492.61	561.67	3.0912	1.8707	5.5643	381.42	0.39619	1.5865e-05	0.053510	supercritical
233.69	100.00	142.24	0.0070303	496.88	567.18	3.1148	1.8673	5.4572	381.35	0.40014	1.5698e-05	0.052912	supercritical
234.69	100.00	139.79	0.0071534	501.05	572.59	3.1379	1.8640	5.3527	381.42	0.40363	1.5542e-05	0.052343	supercritical
235.69	100.00	137.45	0.0072754	505.13	577.89	3.1604	1.8606	5.2512	381.61	0.40668	1.5397e-05	0.051800	supercritical
236.69	100.00	135.20	0.0073963	509.13	583.09	3.1824	1.8573	5.1530	381.93	0.40934	1.5262e-05	0.051285	supercritical
237.69	100.00	133.05	0.0075161	513.03	588.19	3.2040	1.8541	5.0582	382.34	0.41162	1.5137e-05	0.050797	supercritical
238.69	100.00	130.98	0.0076347	516.86	593.21	3.2250	1.8508	4.9670	382.84	0.41354	1.5020e-05	0.050334	supercritical
239.69	100.00	129.00	0.0077522	520.61	598.13	3.2456	1.8477	4.8794	383.42	0.41515	1.4912e-05	0.049895	supercritical
240.69	100.00	127.09	0.0078684	524.28	602.97	3.2657	1.8446	4.7953	384.07	0.41644	1.4811e-05	0.049480	supercritical
241.69	100.00	125.26	0.0079835	527.89	607.72	3.2854	1.8416	4.7148	384.77	0.41746	1.4717e-05	0.049088	supercritical
242.69	100.00	123.50	0.0080974	531.42	612.40	3.3047	1.8386	4.6377	385.54	0.41822	1.4629e-05	0.048718	supercritical
243.69	100.00	121.80	0.0082101	534.90	617.00	3.3237	1.8358	4.5640	386.34	0.41874	1.4548e-05	0.048369	supercritical
244.69	100.00	120.17	0.0083216	538.31	621.53	3.3422	1.8330	4.4935	387.20	0.41903	1.4472e-05	0.048039	supercritical
245.69	100.00	118.60	0.0084320	541.67	625.99	3.3604	1.8303	4.4261	388.08	0.41912	1.4401e-05	0.047729	supercritical
246.69	100.00	117.08	0.0085413	544.97	630.38	3.3782	1.8277	4.3617	389.00	0.41903	1.4335e-05	0.047436	supercritical
247.69	100.00	115.61	0.0086494	548.22	634.71	3.3958	1.8252	4.3002	389.95	0.41875	1.4274e-05	0.047161	supercritical
248.69	100.00	114.20	0.0087565	551.42	638.98	3.4130	1.8228	4.2414	390.92	0.41832	1.4217e-05	0.046901	supercritical
249.69	100.00	112.83	0.0088625	554.57	643.19	3.4299	1.8206	4.1852	391.91	0.41774	1.4163e-05	0.046658	supercritical
250.69	100.00	111.51	0.0089675	557.68	647.35	3.4465	1.8184	4.1315	392.92	0.41703	1.4114e-05	0.046429	supercritical
251.69	100.00	110.24	0.0090715	560.74	651.46	3.4628	1.8163	4.0801	393.95	0.41618	1.4068e-05	0.046213	supercritical
252.69	100.00	109.00	0.0091746	563.77	655.51	3.4789	1.8143	4.0310	394.99	0.41523	1.4025e-05	0.046012	supercritical
253.69	100.00	107.80	0.0092766	566.75	659.52	3.4947	1.8124	3.9840	396.04	0.41417	1.3985e-05	0.045822	supercritical
254.69	100.00	106.64	0.0093778	569.70	663.48	3.5103	1.8106	3.9390	397.10	0.41301	1.3948e-05	0.045645	supercritical
255.69	100.00	105.51	0.0094780	572.62	667.40	3.5257	1.8089	3.8959	398.17	0.41176	1.3914e-05	0.045479	supercritical
256.69	100.00	104.41	0.0095774	575.50	671.27	3.5408	1.8072	3.8546	399.25	0.41043	1.3882e-05	0.045324	supercritical
257.69	100.00	103.35	0.0096759	578.35	675.11	3.5557	1.8057	3.8151	400.33	0.40902	1.3853e-05	0.045179	supercritical
258.69	100.00	102.32	0.0097736	581.17	678.90	3.5704	1.8043	3.7772	401.42	0.40754	1.3826e-05	0.045044	supercritical
259.69	100.00	101.31	0.0098705	583.96	682.66	3.5849	1.8030	3.7409	402.51	0.40601	1.3801e-05	0.044918	supercritical
260.69	100.00	100.34	0.0099666	586.72	686.39	3.5992	1.8017	3.7060	403.60	0.40441	1.3778e-05	0.044802	supercritical
261.69	100.00	99.384	0.010062	589.46	690.08	3.6134	1.8006	3.6726	404.70	0.40276	1.3757e-05	0.044693	supercritical
262.69	100.00	98.459	0.010157	592.17	693.73	3.6273	1.7995	3.6405	405.79	0.40106	1.3737e-05	0.044593	supercritical
263.69	100.00	97.557	0.010250	594.85	697.36	3.6411	1.7985	3.6096	406.89	0.39932	1.3720e-05	0.044500	supercritical
264.69	100.00	96.678	0.010344	597.52	700.95	3.6547	1.7976	3.5800	407.98	0.39753	1.3704e-05	0.044415	supercritical
265.69	100.00	95.821	0.010436	600.16	704.52	3.6681	1.7968	3.5515	409.08	0.39571	1.3689e-05	0.044337	supercritical
266.69	100.00	94.985	0.010528	602.78	708.06	3.6814	1.7960	3.5241	410.17	0.39386	1.3676e-05	0.044266	supercritical
267.69	100.00	94.169	0.010619	605.37	711.57	3.6946	1.7954	3.4977	411.27	0.39198	1.3665e-05	0.044201	supercritical
268.69	100.00	93.373	0.010710	607.95	715.05	3.7075	1.7948	3.4724	412.36	0.39006	1.3654e-05	0.044142	supercritical
269.69	100.00	92.595	0.010800	610.51	718.51	3.7204	1.7943	3.4480	413.45	0.38813	1.3645e-05	0.044089	supercritical
270.69	100.00	91.835	0.010889	613.06	721.95	3.7331	1.7938	3.4244	414.53	0.38617	1.3637e-05	0.044042	supercritical
271.69	100.00	91.092	0.010978	615.58	725.36	3.7457	1.7934	3.4018	415.61	0.38419	1.3631e-05	0.044000	supercritical
272.69	100.00	90.366	0.011066	618.09	728.75	3.7582	1.7932	3.3800	416.69	0.38220	1.3625e-05	0.043963	supercritical
273.69	100.00	89.656	0.011154	620.58	732.12	3.7705	1.7929	3.3589	417.77	0.38019	1.3620e-05	0.043932	supercritical
274.69	100.00	88.961	0.011241	623.06	735.47	3.7827	1.7928	3.3386	418.84	0.37817	1.3616e-05	0.043905	supercritical
275.69	100.00	88.280	0.011328	625.52	738.80	3.7948	1.7927	3.3191	419.91	0.37613	1.3614e-05	0.043883	supercritical
276.69	100.00	87.614	0.011414	627.97	742.11	3.8068	1.7926	3.3002	420.98	0.37409	1.3612e-05	0.043865	supercritical
277.69	100.00	86.962	0.011499	630.41	745.40	3.8187	1.7927	3.2820	422.04	0.37203	1.3611e-05	0.043851	supercritical
278.69	100.00	86.323	0.011584	632.83	748.67	3.8304	1.7928	3.2644	423.09	0.36997	1.3611e-05	0.043842	supercritical
279.69	100.00	85.696	0.011669	635.24	751.93	3.8421	1.7929	3.2474	424.15	0.36790	1.3611e-05	0.043836	supercritical
280.69	100.00	85.082	0.011753	637.63	755.17	3.8536	1.7931	3.2310	425.20	0.36583	1.3613e-05	0.043835	supercritical
281.69	100.00	84.480	0.011837	640.02	758.39	3.8651	1.7934	3.2152	426.24	0.36375	1.3615e-05	0.043837	supercritical
282.69	100.00	83.890	0.011920	642.39	761.60	3.8765	1.7937	3.1999	427.28	0.36167	1.3618e-05	0.043842	supercritical
283.69	100.00	83.310	0.012003	644.76	764.79	3.8877	1.7941	3.1851	428.31	0.35959	1.3621e-05	0.043852	supercritical
284.69	100.00	82.742	0.012086	647.11	767.97	3.8989	1.7945	3.1708	429.34	0.35751	1.3625e-05	0.043864	supercritical
285.69	100.00	82.184	0.012168	649.45	771.13	3.9100	1.7950	3.1570	430.37	0.35543	1.3630e-05	0.043880	supercritical
286.69	100.00	81.636	0.012250	651.79	774.28	3.9210	1.7956	3.1437	431.39	0.35335	1.3635e-05	0.043898	supercritical
287.69	100.00	81.098	0.012331	654.11	777.42	3.9320	1.7962	3.1307	432.41	0.35127	1.3641e-05	0.043920	supercritical
288.69	100.00	80.569	0.012412	656.43	780.54	3.9428	1.7968	3.1182	433.42	0.34920	1.3648e-05	0.043945	supercritical
289.69	100.00	80.050	0.012492	658.73	783.66	3.9536	1.7975	3.1062	434.43	0.34712	1.3655e-05	0.043972	supercritical
290.69	100.00	79.539	0.012572	661.03	786.76	3.9642	1.7983	3.0945	435.43	0.34505	1.3662e-05	0.044002	supercritical
291.69	100.00	79.038	0.012652	663.32	789.84	3.9748	1.7991	3.0832	436.43	0.34299	1.3670e-05	0.044035	supercritical
292.69	100.00	78.545	0.012732	665.61	792.92	3.9854	1.7999	3.0722	437.42	0.34093	1.3679e-05	0.044071	supercritical
293.69	100.00	78.059	0.012811	667.88	795.99	3.9958	1.8008	3.0616	438.41	0.33887	1.3688e-05	0.044109	supercritical
294.69	100.00	77.582	0.012890	670.15	799.05	4.0062	1.8017	3.0514	439.39	0.33682	1.3697e-05	0.044149	supercritical
295.69	100.00	77.113	0.012968	672.41	802.09	4.0165	1.8027	3.0415	440.37	0.33478	1.3707e-05	0.044192	supercritical
296.69	100.00	76.651	0.013046	674.67	805.13	4.0268	1.8037	3.0319	441.34	0.33274	1.3717e-05	0.044237	supercritical
297.69	100.00	76.197	0.013124	676.92	808.16	4.0370	1.8048	3.0226	442.31	0.33071	1.3728e-05	0.044284	supercritical
298.69	100.00	75.749	0.013201	679.16	811.17	4.0471	1.8059	3.0136	443.28	0.32869	1.3739e-05	0.044333	supercritical
299.69	100.00	75.309	0.013279	681.40	814.18	4.0572	1.8070	3.0049	444.24	0.32667	1.3750e-05	0.044385	supercritical
300.69	100.00	74.875	0.013356	683.63	817.18	4.0672	1.8082	2.9964	445.19	0.32467	1.3762e-05	0.044439	supercritical
301.69	100.00	74.448	0.013432	685.85	820.18	4.0771	1.8094	2.9883	446.14	0.32267	1.3774e-05	0.044494	supercritical
302.69	100.00	74.027	0.013509	688.08	823.16	4.0870	1.8107	2.9804	447.09	0.32067	1.3786e-05	0.044552	supercritical
303.69	100.00	73.613	0.013585	690.29	826.14	4.0968	1.8120	2.9727	448.03	0.31869	1.3799e-05	0.044611	supercritical
304.69	100.00	73.204	0.013660	692.50	829.11	4.1066	1.8133	2.9653	448.97	0.31672	1.3812e-05	0.044673	supercritical
305.69	100.00	72.802	0.013736	694.71	832.07	4.1163	1.8147	2.9582	449.90	0.31475	1.3825e-05	0.044736	supercritical
306.69	100.00	72.405	0.013811	696.91	835.02	4.1259	1.8161	2.9512	450.83	0.31279	1.3839e-05	0.044801	supercritical
307.69	100.00	72.014	0.013886	699.11	837.97	4.1355	1.8175	2.9445	451.76	0.31085	1.3853e-05	0.044867	supercritical
308.69	100.00	71.628	0.013961	701.30	840.91	4.1450	1.8190	2.9380	452.68	0.30891	1.3867e-05	0.044936	supercritical
309.69	100.00	71.248	0.014035	703.49	843.85	4.1545	1.8205	2.9318	453.59	0.30698	1.3881e-05	0.045006	supercritical
310.69	100.00	70.873	0.014110	705.68	846.78	4.1640	1.8221	2.9257	454.50	0.30506	1.3896e-05	0.045077	supercritical
311.69	100.00	70.503	0.014184	707.86	849.70	4.1734	1.8237	2.9198	455.41	0.30315	1.3911e-05	0.045151	supercritical
312.69	100.00	70.139	0.014257	710.04	852.61	4.1827	1.8253	2.9141	456.31	0.30125	1.3926e-05	0.045225	supercritical
313.69	100.00	69.779	0.014331	712.22	855.53	4.1920	1.8269	2.9086	457.21	0.29936	1.3941e-05	0.045302	supercritical
314.69	100.00	69.423	0.014404	714.39	858.43	4.2013	1.8286	2.9033	458.10	0.29749	1.3957e-05	0.045380	supercritical
315.69	100.00	69.073	0.014477	716.56	861.33	4.2105	1.8303	2.8982	458.99	0.29562	1.3973e-05	0.045459	supercritical
316.69	100.00	68.727	0.014550	718.72	864.23	4.2196	1.8321	2.8932	459.88	0.29376	1.3989e-05	0.045539	supercritical
317.69	100.00	68.385	0.014623	720.89	867.12	4.2287	1.8338	2.8884	460.76	0.29191	1.4005e-05	0.045621	supercritical
318.69	100.00	68.048	0.014696	723.05	870.01	4.2378	1.8356	2.8838	461.64	0.29007	1.4022e-05	0.045705	supercritical
319.69	100.00	67.715	0.014768	725.21	872.89	4.2468	1.8375	2.8793	462.51	0.28824	1.4038e-05	0.045790	supercritical
320.69	100.00	67.386	0.014840	727.37	875.76	4.2558	1.8393	2.8750	463.38	0.28643	1.4055e-05	0.045876	supercritical
321.69	100.00	67.062	0.014912	729.52	878.64	4.2648	1.8412	2.8708	464.25	0.28462	1.4072e-05	0.045963	supercritical
322.69	100.00	66.741	0.014983	731.67	881.51	4.2737	1.8431	2.8668	465.11	0.28282	1.4090e-05	0.046052	supercritical
323.69	100.00	66.424	0.015055	733.82	884.37	4.2825	1.8451	2.8629	465.97	0.28104	1.4107e-05	0.046142	supercritical
324.69	100.00	66.111	0.015126	735.97	887.23	4.2914	1.8470	2.8592	466.82	0.27926	1.4125e-05	0.046233	supercritical
325.69	100.00	65.802	0.015197	738.12	890.09	4.3001	1.8490	2.8556	467.68	0.27750	1.4142e-05	0.046325	supercritical
326.69	100.00	65.496	0.015268	740.26	892.94	4.3089	1.8510	2.8521	468.52	0.27574	1.4160e-05	0.046418	supercritical
327.69	100.00	65.194	0.015339	742.41	895.79	4.3176	1.8531	2.8487	469.37	0.27400	1.4178e-05	0.046513	supercritical
328.69	100.00	64.896	0.015409	744.55	898.64	4.3263	1.8552	2.8455	470.21	0.27226	1.4196e-05	0.046609	supercritical
329.69	100.00	64.601	0.015480	746.69	901.48	4.3349	1.8573	2.8424	471.04	0.27054	1.4215e-05	0.046706	supercritical
330.69	100.00	64.309	0.015550	748.83	904.33	4.3435	1.8594	2.8395	471.87	0.26883	1.4233e-05	0.046804	supercritical
331.69	100.00	64.021	0.015620	750.96	907.16	4.3521	1.8615	2.8366	472.70	0.26713	1.4252e-05	0.046903	supercritical
332.69	100.00	63.736	0.015690	753.10	910.00	4.3606	1.8637	2.8339	473.53	0.26543	1.4271e-05	0.047003	supercritical
333.69	100.00	63.454	0.015759	755.24	912.83	4.3691	1.8659	2.8312	474.35	0.26375	1.4290e-05	0.047104	supercritical
334.69	100.00	63.175	0.015829	757.37	915.66	4.3776	1.8681	2.8287	475.17	0.26208	1.4309e-05	0.047207	supercritical
335.69	100.00	62.900	0.015898	759.51	918.49	4.3860	1.8704	2.8263	475.98	0.26042	1.4328e-05	0.047310	supercritical
336.69	100.00	62.627	0.015968	761.64	921.31	4.3944	1.8726	2.8240	476.79	0.25877	1.4347e-05	0.047414	supercritical
337.69	100.00	62.358	0.016037	763.77	924.14	4.4028	1.8749	2.8218	477.60	0.25713	1.4366e-05	0.047519	supercritical
338.69	100.00	62.091	0.016105	765.90	926.96	4.4111	1.8772	2.8197	478.41	0.25550	1.4386e-05	0.047626	supercritical
339.69	100.00	61.827	0.016174	768.03	929.78	4.4195	1.8796	2.8176	479.21	0.25388	1.4406e-05	0.047733	supercritical
340.69	100.00	61.566	0.016243	770.16	932.59	4.4277	1.8819	2.8157	480.01	0.25228	1.4425e-05	0.047841	supercritical
341.69	100.00	61.307	0.016311	772.29	935.41	4.4360	1.8843	2.8139	480.80	0.25068	1.4445e-05	0.047950	supercritical
342.69	100.00	61.052	0.016380	774.42	938.22	4.4442	1.8867	2.8122	481.60	0.24909	1.4465e-05	0.048060	supercritical
343.69	100.00	60.799	0.016448	776.55	941.03	4.4524	1.8891	2.8105	482.38	0.24751	1.4485e-05	0.048171	supercritical
344.69	100.00	60.548	0.016516	778.68	943.84	4.4606	1.8915	2.8090	483.17	0.24594	1.4505e-05	0.048283	supercritical
345.69	100.00	60.300	0.016584	780.81	946.65	4.4687	1.8940	2.8075	483.95	0.24439	1.4525e-05	0.048395	supercritical
346.69	100.00	60.055	0.016651	782.94	949.46	4.4768	1.8965	2.8061	484.73	0.24284	1.4546e-05	0.048509	supercritical
347.69	100.00	59.812	0.016719	785.07	952.26	4.4849	1.8990	2.8048	485.51	0.24130	1.4566e-05	0.048623	supercritical
348.69	100.00	59.572	0.016787	787.20	955.07	4.4929	1.9015	2.8036	486.28	0.23977	1.4587e-05	0.048739	supercritical
349.69	100.00	59.334	0.016854	789.33	957.87	4.5010	1.9040	2.8024	487.05	0.23826	1.4607e-05	0.048855	supercritical
350.69	100.00	59.098	0.016921	791.46	960.67	4.5090	1.9066	2.8014	487.82	0.23675	1.4628e-05	0.048972	supercritical
351.69	100.00	58.864	0.016988	793.59	963.47	4.5169	1.9091	2.8004	488.59	0.23525	1.4649e-05	0.049090	supercritical
352.69	100.00	58.633	0.017055	795.72	966.27	4.5249	1.9117	2.7995	489.35	0.23376	1.4669e-05	0.049208	supercritical
353.69	100.00	58.404	0.017122	797.85	969.07	4.5328	1.9143	2.7986	490.11	0.23228	1.4690e-05	0.049327	supercritical
354.69	100.00	58.178	0.017189	799.98	971.87	4.5407	1.9170	2.7978	490.86	0.23081	1.4711e-05	0.049448	supercritical
355.69	100.00	57.953	0.017255	802.11	974.67	4.5486	1.9196	2.7971	491.62	0.22936	1.4732e-05	0.049569	supercritical
356.69	100.00	57.731	0.017322	804.24	977.46	4.5564	1.9223	2.7965	492.37	0.22791	1.4753e-05	0.049690	supercritical
357.69	100.00	57.510	0.017388	806.38	980.26	4.5643	1.9249	2.7959	493.11	0.22647	1.4775e-05	0.049813	supercritical
358.69	100.00	57.292	0.017454	808.51	983.06	4.5721	1.9276	2.7954	493.86	0.22504	1.4796e-05	0.049936	supercritical
359.69	100.00	57.076	0.017521	810.64	985.85	4.5799	1.9303	2.7949	494.60	0.22361	1.4817e-05	0.050060	supercritical
360.69	100.00	56.861	0.017587	812.78	988.64	4.5876	1.9331	2.7946	495.34	0.22220	1.4839e-05	0.050185	supercritical
361.69	100.00	56.649	0.017653	814.91	991.44	4.5954	1.9358	2.7942	496.08	0.22080	1.4860e-05	0.050310	supercritical
362.69	100.00	56.439	0.017718	817.05	994.23	4.6031	1.9386	2.7940	496.81	0.21941	1.4881e-05	0.050436	supercritical
363.69	100.00	56.230	0.017784	819.19	997.03	4.6108	1.9413	2.7938	497.55	0.21802	1.4903e-05	0.050563	supercritical
364.69	100.00	56.024	0.017850	821.32	999.82	4.6184	1.9441	2.7936	498.28	0.21665	1.4925e-05	0.050691	supercritical
365.69	100.00	55.819	0.017915	823.46	1002.6	4.6261	1.9469	2.7936	499.00	0.21528	1.4946e-05	0.050819	supercritical
366.69	100.00	55.616	0.017981	825.60	1005.4	4.6337	1.9497	2.7935	499.73	0.21393	1.4968e-05	0.050948	supercritical
367.69	100.00	55.415	0.018046	827.74	1008.2	4.6413	1.9526	2.7936	500.45	0.21258	1.4990e-05	0.051077	supercritical
368.69	100.00	55.215	0.018111	829.89	1011.0	4.6489	1.9554	2.7936	501.17	0.21124	1.5012e-05	0.051208	supercritical
369.69	100.00	55.017	0.018176	832.03	1013.8	4.6565	1.9583	2.7938	501.89	0.20991	1.5034e-05	0.051339	supercritical
370.69	100.00	54.821	0.018241	834.17	1016.6	4.6640	1.9612	2.7940	502.60	0.20859	1.5055e-05	0.051470	supercritical
371.69	100.00	54.627	0.018306	836.32	1019.4	4.6715	1.9641	2.7942	503.31	0.20728	1.5077e-05	0.051603	supercritical
372.69	100.00	54.435	0.018371	838.46	1022.2	4.6791	1.9670	2.7945	504.02	0.20597	1.5099e-05	0.051735	supercritical
373.69	100.00	54.244	0.018435	840.61	1025.0	4.6865	1.9699	2.7948	504.73	0.20468	1.5121e-05	0.051869	supercritical
374.69	100.00	54.054	0.018500	842.76	1027.8	4.6940	1.9728	2.7952	505.44	0.20339	1.5144e-05	0.052003	supercritical
375.69	100.00	53.866	0.018564	844.91	1030.6	4.7015	1.9757	2.7956	506.14	0.20211	1.5166e-05	0.052138	supercritical
376.69	100.00	53.680	0.018629	847.06	1033.4	4.7089	1.9787	2.7961	506.84	0.20085	1.5188e-05	0.052274	supercritical
377.69	100.00	53.495	0.018693	849.22	1036.1	4.7163	1.9817	2.7966	507.54	0.19958	1.5210e-05	0.052410	supercritical
378.69	100.00	53.312	0.018757	851.37	1038.9	4.7237	1.9846	2.7972	508.24	0.19833	1.5232e-05	0.052546	supercritical
379.69	100.00	53.131	0.018822	853.53	1041.7	4.7311	1.9876	2.7978	508.93	0.19709	1.5255e-05	0.052684	supercritical
380.69	100.00	52.950	0.018886	855.69	1044.5	4.7384	1.9906	2.7985	509.62	0.19585	1.5277e-05	0.052822	supercritical
381.69	100.00	52.772	0.018950	857.84	1047.3	4.7458	1.9937	2.7992	510.31	0.19463	1.5299e-05	0.052960	supercritical
382.69	100.00	52.594	0.019013	860.01	1050.1	4.7531	1.9967	2.7999	511.00	0.19341	1.5322e-05	0.053099	supercritical
383.69	100.00	52.418	0.019077	862.17	1052.9	4.7604	1.9997	2.8007	511.68	0.19220	1.5344e-05	0.053239	supercritical
384.69	100.00	52.244	0.019141	864.33	1055.7	4.7677	2.0028	2.8015	512.37	0.19099	1.5367e-05	0.053379	supercritical
385.69	100.00	52.071	0.019205	866.50	1058.5	4.7750	2.0059	2.8024	513.05	0.18980	1.5389e-05	0.053520	supercritical
386.69	100.00	51.899	0.019268	868.66	1061.3	4.7822	2.0089	2.8033	513.73	0.18861	1.5412e-05	0.053661	supercritical
387.69	100.00	51.729	0.019332	870.83	1064.1	4.7895	2.0120	2.8042	514.41	0.18743	1.5434e-05	0.053803	supercritical
388.69	100.00	51.560	0.019395	873.00	1067.0	4.7967	2.0151	2.8052	515.08	0.18626	1.5457e-05	0.053946	supercritical
389.69	100.00	51.392	0.019458	875.18	1069.8	4.8039	2.0182	2.8062	515.76	0.18510	1.5480e-05	0.054089	supercritical
390.69	100.00	51.226	0.019521	877.35	1072.6	4.8111	2.0213	2.8073	516.43	0.18394	1.5502e-05	0.054232	supercritical
391.69	100.00	51.060	0.019585	879.53	1075.4	4.8183	2.0245	2.8084	517.10	0.18279	1.5525e-05	0.054376	supercritical
392.69	100.00	50.897	0.019648	881.71	1078.2	4.8254	2.0276	2.8095	517.76	0.18165	1.5548e-05	0.054521	supercritical
393.69	100.00	50.734	0.019711	883.89	1081.0	4.8326	2.0308	2.8107	518.43	0.18052	1.5571e-05	0.054666	supercritical
394.69	100.00	50.572	0.019774	886.07	1083.8	4.8397	2.0339	2.8118	519.09	0.17940	1.5593e-05	0.054812	supercritical
395.69	100.00	50.412	0.019836	888.25	1086.6	4.8468	2.0371	2.8131	519.75	0.17828	1.5616e-05	0.054958	supercritical
396.69	100.00	50.253	0.019899	890.44	1089.4	4.8539	2.0403	2.8143	520.41	0.17717	1.5639e-05	0.055105	supercritical
397.69	100.00	50.095	0.019962	892.63	1092.2	4.8610	2.0435	2.8156	521.07	0.17607	1.5662e-05	0.055253	supercritical
398.69	100.00	49.939	0.020025	894.82	1095.1	4.8681	2.0467	2.8170	521.73	0.17497	1.5685e-05	0.055400	supercritical
399.69	100.00	49.783	0.020087	897.01	1097.9	4.8752	2.0499	2.8183	522.38	0.17388	1.5707e-05	0.055549	supercritical
400.69	100.00	49.629	0.020150	899.20	1100.7	4.8822	2.0531	2.8197	523.04	0.17280	1.5730e-05	0.055698	supercritical
401.69	100.00	49.476	0.020212	901.40	1103.5	4.8892	2.0563	2.8211	523.69	0.17173	1.5753e-05	0.055847	supercritical
402.69	100.00	49.323	0.020274	903.60	1106.3	4.8962	2.0596	2.8226	524.34	0.17066	1.5776e-05	0.055997	supercritical
403.69	100.00	49.172	0.020337	905.80	1109.2	4.9033	2.0628	2.8240	524.98	0.16960	1.5799e-05	0.056147	supercritical
404.69	100.00	49.022	0.020399	908.00	1112.0	4.9102	2.0661	2.8256	525.63	0.16855	1.5822e-05	0.056298	supercritical
405.69	100.00	48.874	0.020461	910.21	1114.8	4.9172	2.0693	2.8271	526.27	0.16750	1.5845e-05	0.056449	supercritical
406.69	100.00	48.726	0.020523	912.41	1117.6	4.9242	2.0726	2.8287	526.91	0.16647	1.5868e-05	0.056601	supercritical
407.69	100.00	48.579	0.020585	914.62	1120.5	4.9311	2.0759	2.8302	527.55	0.16543	1.5891e-05	0.056753	supercritical
408.69	100.00	48.433	0.020647	916.83	1123.3	4.9381	2.0792	2.8319	528.19	0.16441	1.5914e-05	0.056906	supercritical
409.69	100.00	48.289	0.020709	919.05	1126.1	4.9450	2.0824	2.8335	528.83	0.16339	1.5937e-05	0.057059	supercritical
410.69	100.00	48.145	0.020771	921.26	1129.0	4.9519	2.0858	2.8352	529.47	0.16238	1.5960e-05	0.057213	supercritical
411.69	100.00	48.002	0.020832	923.48	1131.8	4.9588	2.0891	2.8369	530.10	0.16138	1.5983e-05	0.057367	supercritical
412.69	100.00	47.860	0.020894	925.70	1134.6	4.9657	2.0924	2.8386	530.73	0.16038	1.6007e-05	0.057522	supercritical
413.69	100.00	47.720	0.020956	927.93	1137.5	4.9725	2.0957	2.8404	531.36	0.15939	1.6030e-05	0.057677	supercritical
414.69	100.00	47.580	0.021017	930.15	1140.3	4.9794	2.0990	2.8421	531.99	0.15840	1.6053e-05	0.057833	supercritical
415.69	100.00	47.441	0.021079	932.38	1143.2	4.9863	2.1024	2.8439	532.62	0.15742	1.6076e-05	0.057989	supercritical
416.69	100.00	47.303	0.021140	934.61	1146.0	4.9931	2.1057	2.8457	533.24	0.15645	1.6099e-05	0.058145	supercritical
417.69	100.00	47.166	0.021202	936.84	1148.9	4.9999	2.1091	2.8476	533.87	0.15549	1.6122e-05	0.058302	supercritical
418.69	100.00	47.030	0.021263	939.08	1151.7	5.0067	2.1124	2.8495	534.49	0.15453	1.6145e-05	0.058459	supercritical
419.69	100.00	46.895	0.021324	941.32	1154.6	5.0135	2.1158	2.8514	535.11	0.15358	1.6169e-05	0.058617	supercritical
420.69	100.00	46.761	0.021385	943.56	1157.4	5.0203	2.1192	2.8533	535.73	0.15263	1.6192e-05	0.058775	supercritical
421.69	100.00	46.627	0.021447	945.80	1160.3	5.0271	2.1226	2.8552	536.35	0.15169	1.6215e-05	0.058934	supercritical
422.69	100.00	46.495	0.021508	948.04	1163.1	5.0339	2.1260	2.8572	536.97	0.15076	1.6238e-05	0.059093	supercritical
423.69	100.00	46.363	0.021569	950.29	1166.0	5.0406	2.1293	2.8592	537.58	0.14983	1.6262e-05	0.059252	supercritical
424.69	100.00	46.233	0.021630	952.54	1168.8	5.0473	2.1328	2.8612	538.20	0.14891	1.6285e-05	0.059412	supercritical
425.69	100.00	46.103	0.021691	954.80	1171.7	5.0541	2.1362	2.8632	538.81	0.14799	1.6308e-05	0.059572	supercritical
426.69	100.00	45.974	0.021752	957.05	1174.6	5.0608	2.1396	2.8652	539.42	0.14708	1.6331e-05	0.059733	supercritical
427.69	100.00	45.845	0.021812	959.31	1177.4	5.0675	2.1430	2.8673	540.03	0.14618	1.6354e-05	0.059894	supercritical
428.69	100.00	45.718	0.021873	961.57	1180.3	5.0742	2.1464	2.8694	540.64	0.14528	1.6378e-05	0.060056	supercritical
429.69	100.00	45.592	0.021934	963.83	1183.2	5.0809	2.1498	2.8715	541.25	0.14439	1.6401e-05	0.060218	supercritical
430.69	100.00	45.466	0.021995	966.10	1186.0	5.0876	2.1533	2.8736	541.85	0.14350	1.6424e-05	0.060380	supercritical
431.69	100.00	45.341	0.022055	968.37	1188.9	5.0942	2.1567	2.8757	542.45	0.14262	1.6448e-05	0.060543	supercritical
432.69	100.00	45.217	0.022116	970.64	1191.8	5.1009	2.1602	2.8779	543.06	0.14175	1.6471e-05	0.060706	supercritical
433.69	100.00	45.093	0.022176	972.91	1194.7	5.1075	2.1636	2.8801	543.66	0.14088	1.6494e-05	0.060870	supercritical
434.69	100.00	44.971	0.022237	975.19	1197.6	5.1142	2.1671	2.8823	544.26	0.14001	1.6517e-05	0.061034	supercritical
435.69	100.00	44.849	0.022297	977.47	1200.4	5.1208	2.1706	2.8845	544.86	0.13916	1.6541e-05	0.061198	supercritical
436.69	100.00	44.728	0.022357	979.75	1203.3	5.1274	2.1740	2.8867	545.45	0.13831	1.6564e-05	0.061363	supercritical
437.69	100.00	44.607	0.022418	982.03	1206.2	5.1340	2.1775	2.8890	546.05	0.13746	1.6587e-05	0.061528	supercritical
438.69	100.00	44.488	0.022478	984.32	1209.1	5.1406	2.1810	2.8913	546.65	0.13662	1.6611e-05	0.061693	supercritical
439.69	100.00	44.369	0.022538	986.61	1212.0	5.1472	2.1845	2.8935	547.24	0.13578	1.6634e-05	0.061859	supercritical
440.69	100.00	44.251	0.022598	988.90	1214.9	5.1538	2.1879	2.8958	547.83	0.13495	1.6657e-05	0.062025	supercritical
441.69	100.00	44.133	0.022659	991.20	1217.8	5.1603	2.1914	2.8982	548.42	0.13413	1.6681e-05	0.062192	supercritical
442.69	100.00	44.017	0.022719	993.50	1220.7	5.1669	2.1949	2.9005	549.01	0.13331	1.6704e-05	0.062359	supercritical
443.69	100.00	43.901	0.022779	995.80	1223.6	5.1735	2.1984	2.9028	549.60	0.13250	1.6727e-05	0.062526	supercritical
444.69	100.00	43.785	0.022839	998.10	1226.5	5.1800	2.2020	2.9052	550.19	0.13169	1.6751e-05	0.062694	supercritical
445.69	100.00	43.671	0.022899	1000.4	1229.4	5.1865	2.2055	2.9076	550.77	0.13088	1.6774e-05	0.062862	supercritical
446.69	100.00	43.557	0.022959	1002.7	1232.3	5.1930	2.2090	2.9100	551.36	0.13009	1.6797e-05	0.063031	supercritical
447.69	100.00	43.444	0.023018	1005.0	1235.2	5.1995	2.2125	2.9124	551.94	0.12929	1.6821e-05	0.063200	supercritical
448.69	100.00	43.331	0.023078	1007.3	1238.1	5.2060	2.2160	2.9148	552.52	0.12850	1.6844e-05	0.063369	supercritical
449.69	100.00	43.219	0.023138	1009.7	1241.0	5.2125	2.2196	2.9173	553.11	0.12772	1.6867e-05	0.063538	supercritical
450.69	100.00	43.108	0.023198	1012.0	1244.0	5.2190	2.2231	2.9197	553.69	0.12694	1.6891e-05	0.063708	supercritical
451.69	100.00	42.997	0.023257	1014.3	1246.9	5.2255	2.2266	2.9222	554.26	0.12617	1.6914e-05	0.063879	supercritical
452.69	100.00	42.887	0.023317	1016.6	1249.8	5.2320	2.2302	2.9247	554.84	0.12540	1.6937e-05	0.064049	supercritical
453.69	100.00	42.778	0.023377	1019.0	1252.7	5.2384	2.2337	2.9272	555.42	0.12464	1.6961e-05	0.064220	supercritical
454.69	100.00	42.669	0.023436	1021.3	1255.7	5.2449	2.2373	2.9297	555.99	0.12388	1.6984e-05	0.064391	supercritical
455.69	100.00	42.561	0.023496	1023.6	1258.6	5.2513	2.2408	2.9322	556.57	0.12313	1.7007e-05	0.064563	supercritical
456.69	100.00	42.454	0.023555	1026.0	1261.5	5.2577	2.2444	2.9347	557.14	0.12238	1.7031e-05	0.064735	supercritical
457.69	100.00	42.347	0.023614	1028.3	1264.5	5.2642	2.2479	2.9373	557.71	0.12164	1.7054e-05	0.064907	supercritical
458.69	100.00	42.241	0.023674	1030.7	1267.4	5.2706	2.2515	2.9399	558.28	0.12090	1.7077e-05	0.065080	supercritical
459.69	100.00	42.135	0.023733	1033.0	1270.3	5.2770	2.2550	2.9424	558.85	0.12016	1.7101e-05	0.065253	supercritical
460.69	100.00	42.030	0.023792	1035.4	1273.3	5.2834	2.2586	2.9450	559.42	0.11943	1.7124e-05	0.065426	supercritical
461.69	100.00	41.926	0.023852	1037.7	1276.2	5.2898	2.2622	2.9476	559.99	0.11871	1.7147e-05	0.065600	supercritical
462.69	100.00	41.822	0.023911	1040.1	1279.2	5.2961	2.2658	2.9502	560.56	0.11799	1.7171e-05	0.065774	supercritical
463.69	100.00	41.719	0.023970	1042.4	1282.1	5.3025	2.2693	2.9529	561.12	0.11727	1.7194e-05	0.065948	supercritical
464.69	100.00	41.616	0.024029	1044.8	1285.1	5.3089	2.2729	2.9555	561.69	0.11656	1.7217e-05	0.066123	supercritical
465.69	100.00	41.514	0.024088	1047.2	1288.0	5.3152	2.2765	2.9581	562.25	0.11586	1.7241e-05	0.066298	supercritical
466.69	100.00	41.412	0.024147	1049.5	1291.0	5.3216	2.2801	2.9608	562.81	0.11516	1.7264e-05	0.066473	supercritical
467.69	100.00	41.311	0.024206	1051.9	1294.0	5.3279	2.2837	2.9635	563.37	0.11446	1.7287e-05	0.066649	supercritical
468.69	100.00	41.211	0.024265	1054.3	1296.9	5.3343	2.2873	2.9661	563.93	0.11376	1.7311e-05	0.066825	supercritical
469.69	100.00	41.111	0.024324	1056.7	1299.9	5.3406	2.2909	2.9688	564.49	0.11308	1.7334e-05	0.067001	supercritical
470.69	100.00	41.012	0.024383	1059.0	1302.9	5.3469	2.2945	2.9715	565.05	0.11239	1.7357e-05	0.067177	supercritical
471.69	100.00	40.913	0.024442	1061.4	1305.8	5.3532	2.2981	2.9743	565.61	0.11171	1.7380e-05	0.067354	supercritical
472.69	100.00	40.815	0.024501	1063.8	1308.8	5.3595	2.3017	2.9770	566.16	0.11104	1.7404e-05	0.067531	supercritical
473.69	100.00	40.717	0.024560	1066.2	1311.8	5.3658	2.3053	2.9797	566.72	0.11036	1.7427e-05	0.067709	supercritical
474.69	100.00	40.620	0.024619	1068.6	1314.8	5.3721	2.3089	2.9825	567.27	0.10970	1.7450e-05	0.067887	supercritical
475.69	100.00	40.523	0.024677	1071.0	1317.8	5.3784	2.3125	2.9852	567.83	0.10903	1.7474e-05	0.068065	supercritical
476.69	100.00	40.427	0.024736	1073.4	1320.7	5.3846	2.3161	2.9880	568.38	0.10837	1.7497e-05	0.068243	supercritical
477.69	100.00	40.331	0.024795	1075.8	1323.7	5.3909	2.3197	2.9907	568.93	0.10772	1.7520e-05	0.068422	supercritical
478.69	100.00	40.236	0.024853	1078.2	1326.7	5.3972	2.3233	2.9935	569.48	0.10707	1.7543e-05	0.068601	supercritical
479.69	100.00	40.141	0.024912	1080.6	1329.7	5.4034	2.3270	2.9963	570.03	0.10642	1.7567e-05	0.068780	supercritical
480.69	100.00	40.047	0.024971	1083.0	1332.7	5.4097	2.3306	2.9991	570.58	0.10578	1.7590e-05	0.068960	supercritical
481.69	100.00	39.954	0.025029	1085.4	1335.7	5.4159	2.3342	3.0019	571.13	0.10514	1.7613e-05	0.069140	supercritical
482.69	100.00	39.860	0.025088	1087.9	1338.7	5.4221	2.3378	3.0047	571.67	0.10451	1.7637e-05	0.069320	supercritical
483.69	100.00	39.768	0.025146	1090.3	1341.7	5.4283	2.3415	3.0076	572.22	0.10388	1.7660e-05	0.069500	supercritical
484.69	100.00	39.676	0.025204	1092.7	1344.7	5.4346	2.3451	3.0104	572.76	0.10325	1.7683e-05	0.069681	supercritical
485.69	100.00	39.584	0.025263	1095.1	1347.8	5.4408	2.3487	3.0132	573.31	0.10263	1.7706e-05	0.069862	supercritical
486.69	100.00	39.493	0.025321	1097.6	1350.8	5.4470	2.3523	3.0161	573.85	0.10201	1.7729e-05	0.070043	supercritical
487.69	100.00	39.402	0.025380	1100.0	1353.8	5.4532	2.3560	3.0189	574.39	0.10139	1.7753e-05	0.070225	supercritical
488.69	100.00	39.311	0.025438	1102.4	1356.8	5.4593	2.3596	3.0218	574.93	0.10078	1.7776e-05	0.070407	supercritical
489.69	100.00	39.222	0.025496	1104.9	1359.8	5.4655	2.3633	3.0247	575.47	0.10017	1.7799e-05	0.070589	supercritical
490.69	100.00	39.132	0.025554	1107.3	1362.9	5.4717	2.3669	3.0276	576.01	0.099569	1.7822e-05	0.070771	supercritical
491.69	100.00	39.043	0.025613	1109.8	1365.9	5.4779	2.3705	3.0305	576.55	0.098969	1.7846e-05	0.070954	supercritical
492.69	100.00	38.955	0.025671	1112.2	1368.9	5.4840	2.3742	3.0334	577.09	0.098372	1.7869e-05	0.071137	supercritical
493.69	100.00	38.867	0.025729	1114.7	1372.0	5.4902	2.3778	3.0363	577.63	0.097780	1.7892e-05	0.071320	supercritical
494.69	100.00	38.779	0.025787	1117.1	1375.0	5.4963	2.3815	3.0392	578.16	0.097191	1.7915e-05	0.071504	supercritical
495.69	100.00	38.692	0.025845	1119.6	1378.0	5.5025	2.3851	3.0421	578.70	0.096605	1.7938e-05	0.071687	supercritical
496.69	100.00	38.605	0.025903	1122.0	1381.1	5.5086	2.3888	3.0450	579.23	0.096023	1.7961e-05	0.071871	supercritical
497.69	100.00	38.519	0.025961	1124.5	1384.1	5.5147	2.3924	3.0480	579.76	0.095445	1.7985e-05	0.072056	supercritical
498.69	100.00	38.433	0.026019	1127.0	1387.2	5.5208	2.3960	3.0509	580.30	0.094870	1.8008e-05	0.072240	supercritical
499.69	100.00	38.348	0.026077	1129.5	1390.2	5.5270	2.3997	3.0539	580.83	0.094299	1.8031e-05	0.072425	supercritical
500.69	100.00	38.263	0.026135	1131.9	1393.3	5.5331	2.4034	3.0568	581.36	0.093731	1.8054e-05	0.072610	supercritical
501.69	100.00	38.178	0.026193	1134.4	1396.3	5.5392	2.4070	3.0598	581.89	0.093167	1.8077e-05	0.072796	supercritical
502.69	100.00	38.094	0.026251	1136.9	1399.4	5.5453	2.4107	3.0627	582.42	0.092606	1.8100e-05	0.072981	supercritical
503.69	100.00	38.010	0.026309	1139.4	1402.5	5.5514	2.4143	3.0657	582.95	0.092049	1.8123e-05	0.073167	supercritical
504.69	100.00	37.927	0.026367	1141.9	1405.5	5.5574	2.4180	3.0687	583.47	0.091495	1.8146e-05	0.073353	supercritical
505.69	100.00	37.844	0.026424	1144.4	1408.6	5.5635	2.4216	3.0717	584.00	0.090944	1.8170e-05	0.073540	supercritical
506.69	100.00	37.761	0.026482	1146.9	1411.7	5.5696	2.4253	3.0747	584.53	0.090397	1.8193e-05	0.073726	supercritical
507.69	100.00	37.679	0.026540	1149.3	1414.7	5.5757	2.4289	3.0777	585.05	0.089853	1.8216e-05	0.073913	supercritical
508.69	100.00	37.598	0.026598	1151.9	1417.8	5.5817	2.4326	3.0807	585.58	0.089313	1.8239e-05	0.074100	supercritical
509.69	100.00	37.516	0.026655	1154.4	1420.9	5.5878	2.4363	3.0837	586.10	0.088775	1.8262e-05	0.074288	supercritical
510.69	100.00	37.435	0.026713	1156.9	1424.0	5.5938	2.4399	3.0867	586.62	0.088241	1.8285e-05	0.074475	supercritical
511.69	100.00	37.355	0.026770	1159.4	1427.1	5.5999	2.4436	3.0897	587.14	0.087710	1.8308e-05	0.074663	supercritical
512.69	100.00	37.274	0.026828	1161.9	1430.2	5.6059	2.4472	3.0928	587.67	0.087182	1.8331e-05	0.074851	supercritical
513.69	100.00	37.195	0.026886	1164.4	1433.3	5.6119	2.4509	3.0958	588.19	0.086658	1.8354e-05	0.075040	supercritical
514.69	100.00	37.115	0.026943	1166.9	1436.4	5.6179	2.4546	3.0988	588.71	0.086136	1.8377e-05	0.075229	supercritical
515.69	100.00	37.036	0.027001	1169.5	1439.5	5.6240	2.4582	3.1019	589.22	0.085618	1.8400e-05	0.075417	supercritical
516.69	100.00	36.957	0.027058	1172.0	1442.6	5.6300	2.4619	3.1049	589.74	0.085103	1.8423e-05	0.075607	supercritical
517.69	100.00	36.879	0.027116	1174.5	1445.7	5.6360	2.4656	3.1080	590.26	0.084591	1.8446e-05	0.075796	supercritical
518.69	100.00	36.801	0.027173	1177.1	1448.8	5.6420	2.4692	3.1110	590.78	0.084082	1.8469e-05	0.075985	supercritical
519.69	100.00	36.723	0.027231	1179.6	1451.9	5.6480	2.4729	3.1141	591.29	0.083576	1.8492e-05	0.076175	supercritical
520.69	100.00	36.646	0.027288	1182.1	1455.0	5.6540	2.4765	3.1172	591.81	0.083073	1.8515e-05	0.076365	supercritical
521.69	100.00	36.569	0.027345	1184.7	1458.1	5.6599	2.4802	3.1203	592.32	0.082573	1.8538e-05	0.076556	supercritical
522.69	100.00	36.493	0.027403	1187.2	1461.3	5.6659	2.4839	3.1233	592.84	0.082076	1.8561e-05	0.076746	supercritical
523.69	100.00	36.417	0.027460	1189.8	1464.4	5.6719	2.4875	3.1264	593.35	0.081582	1.8584e-05	0.076937	supercritical
524.69	100.00	36.341	0.027517	1192.3	1467.5	5.6779	2.4912	3.1295	593.86	0.081091	1.8607e-05	0.077128	supercritical
525.69	100.00	36.265	0.027575	1194.9	1470.6	5.6838	2.4949	3.1326	594.37	0.080603	1.8630e-05	0.077319	supercritical
526.69	100.00	36.190	0.027632	1197.5	1473.8	5.6898	2.4985	3.1357	594.88	0.080118	1.8653e-05	0.077511	supercritical
527.69	100.00	36.115	0.027689	1200.0	1476.9	5.6957	2.5022	3.1388	595.39	0.079635	1.8676e-05	0.077702	supercritical
528.69	100.00	36.041	0.027746	1202.6	1480.0	5.7017	2.5059	3.1419	595.90	0.079156	1.8699e-05	0.077894	supercritical
529.69	100.00	35.967	0.027803	1205.2	1483.2	5.7076	2.5095	3.1450	596.41	0.078679	1.8722e-05	0.078086	supercritical
530.69	100.00	35.893	0.027860	1207.7	1486.3	5.7136	2.5132	3.1481	596.92	0.078205	1.8744e-05	0.078279	supercritical
531.69	100.00	35.820	0.027918	1210.3	1489.5	5.7195	2.5169	3.1512	597.43	0.077734	1.8767e-05	0.078471	supercritical
532.69	100.00	35.747	0.027975	1212.9	1492.6	5.7254	2.5205	3.1544	597.93	0.077266	1.8790e-05	0.078664	supercritical
533.69	100.00	35.674	0.028032	1215.5	1495.8	5.7313	2.5242	3.1575	598.44	0.076800	1.8813e-05	0.078857	supercritical
534.69	100.00	35.601	0.028089	1218.1	1499.0	5.7372	2.5279	3.1606	598.95	0.076337	1.8836e-05	0.079050	supercritical
535.69	100.00	35.529	0.028146	1220.7	1502.1	5.7431	2.5315	3.1637	599.45	0.075877	1.8859e-05	0.079244	supercritical
536.69	100.00	35.457	0.028203	1223.3	1505.3	5.7491	2.5352	3.1669	599.95	0.075420	1.8882e-05	0.079437	supercritical
537.69	100.00	35.386	0.028260	1225.9	1508.5	5.7549	2.5389	3.1700	600.46	0.074965	1.8904e-05	0.079631	supercritical
538.69	100.00	35.315	0.028317	1228.5	1511.6	5.7608	2.5425	3.1732	600.96	0.074513	1.8927e-05	0.079825	supercritical
539.69	100.00	35.244	0.028374	1231.1	1514.8	5.7667	2.5462	3.1763	601.46	0.074064	1.8950e-05	0.080019	supercritical
540.69	100.00	35.173	0.028431	1233.7	1518.0	5.7726	2.5499	3.1795	601.96	0.073617	1.8973e-05	0.080214	supercritical
541.69	100.00	35.103	0.028488	1236.3	1521.2	5.7785	2.5535	3.1826	602.46	0.073173	1.8996e-05	0.080409	supercritical
542.69	100.00	35.033	0.028545	1238.9	1524.3	5.7844	2.5572	3.1858	602.96	0.072731	1.9018e-05	0.080604	supercritical
543.69	100.00	34.963	0.028601	1241.5	1527.5	5.7902	2.5608	3.1889	603.46	0.072292	1.9041e-05	0.080799	supercritical
544.69	100.00	34.894	0.028658	1244.1	1530.7	5.7961	2.5645	3.1921	603.96	0.071855	1.9064e-05	0.080994	supercritical
545.69	100.00	34.825	0.028715	1246.8	1533.9	5.8020	2.5682	3.1953	604.46	0.071421	1.9087e-05	0.081190	supercritical
546.69	100.00	34.756	0.028772	1249.4	1537.1	5.8078	2.5718	3.1984	604.96	0.070990	1.9109e-05	0.081385	supercritical
547.69	100.00	34.688	0.028829	1252.0	1540.3	5.8137	2.5755	3.2016	605.45	0.070561	1.9132e-05	0.081581	supercritical
548.69	100.00	34.620	0.028885	1254.7	1543.5	5.8195	2.5792	3.2048	605.95	0.070134	1.9155e-05	0.081777	supercritical
549.69	100.00	34.552	0.028942	1257.3	1546.7	5.8253	2.5828	3.2079	606.45	0.069710	1.9178e-05	0.081974	supercritical
550.69	100.00	34.484	0.028999	1259.9	1549.9	5.8312	2.5865	3.2111	606.94	0.069289	1.9200e-05	0.082170	supercritical
551.69	100.00	34.417	0.029055	1262.6	1553.1	5.8370	2.5901	3.2143	607.44	0.068870	1.9223e-05	0.082367	supercritical
552.69	100.00	34.350	0.029112	1265.2	1556.4	5.8428	2.5938	3.2175	607.93	0.068453	1.9246e-05	0.082564	supercritical
553.69	100.00	34.283	0.029169	1267.9	1559.6	5.8486	2.5974	3.2207	608.42	0.068038	1.9268e-05	0.082761	supercritical
554.69	100.00	34.217	0.029225	1270.5	1562.8	5.8545	2.6011	3.2239	608.91	0.067626	1.9291e-05	0.082959	supercritical
555.69	100.00	34.151	0.029282	1273.2	1566.0	5.8603	2.6048	3.2271	609.41	0.067217	1.9314e-05	0.083156	supercritical
556.69	100.00	34.085	0.029339	1275.9	1569.3	5.8661	2.6084	3.2303	609.90	0.066810	1.9336e-05	0.083354	supercritical
557.69	100.00	34.019	0.029395	1278.5	1572.5	5.8719	2.6121	3.2335	610.39	0.066405	1.9359e-05	0.083552	supercritical
558.69	100.00	33.954	0.029452	1281.2	1575.7	5.8777	2.6157	3.2367	610.88	0.066002	1.9382e-05	0.083750	supercritical
559.69	100.00	33.889	0.029508	1283.9	1579.0	5.8835	2.6194	3.2399	611.37	0.065601	1.9404e-05	0.083948	supercritical
560.69	100.00	33.824	0.029565	1286.6	1582.2	5.8892	2.6230	3.2431	611.86	0.065203	1.9427e-05	0.084147	supercritical
561.69	100.00	33.760	0.029621	1289.2	1585.4	5.8950	2.6267	3.2463	612.35	0.064808	1.9449e-05	0.084345	supercritical
562.69	100.00	33.695	0.029678	1291.9	1588.7	5.9008	2.6303	3.2495	612.83	0.064414	1.9472e-05	0.084544	supercritical
563.69	100.00	33.631	0.029734	1294.6	1591.9	5.9066	2.6340	3.2527	613.32	0.064023	1.9494e-05	0.084743	supercritical
564.69	100.00	33.568	0.029791	1297.3	1595.2	5.9123	2.6376	3.2559	613.81	0.063633	1.9517e-05	0.084943	supercritical
565.69	100.00	33.504	0.029847	1300.0	1598.5	5.9181	2.6413	3.2591	614.29	0.063246	1.9540e-05	0.085142	supercritical
566.69	100.00	33.441	0.029903	1302.7	1601.7	5.9239	2.6449	3.2624	614.78	0.062862	1.9562e-05	0.085342	supercritical
567.69	100.00	33.378	0.029960	1305.4	1605.0	5.9296	2.6486	3.2656	615.26	0.062479	1.9585e-05	0.085541	supercritical
568.69	100.00	33.315	0.030016	1308.1	1608.2	5.9354	2.6522	3.2688	615.75	0.062099	1.9607e-05	0.085741	supercritical
569.69	100.00	33.253	0.030072	1310.8	1611.5	5.9411	2.6559	3.2720	616.23	0.061720	1.9630e-05	0.085942	supercritical
570.69	100.00	33.191	0.030129	1313.5	1614.8	5.9469	2.6595	3.2752	616.71	0.061344	1.9652e-05	0.086142	supercritical
571.69	100.00	33.129	0.030185	1316.2	1618.1	5.9526	2.6632	3.2785	617.20	0.060970	1.9675e-05	0.086343	supercritical
572.69	100.00	33.067	0.030241	1318.9	1621.3	5.9583	2.6668	3.2817	617.68	0.060598	1.9697e-05	0.086543	supercritical
573.69	100.00	33.006	0.030298	1321.7	1624.6	5.9641	2.6704	3.2849	618.16	0.060228	1.9720e-05	0.086744	supercritical
574.69	100.00	32.945	0.030354	1324.4	1627.9	5.9698	2.6741	3.2882	618.64	0.059860	1.9742e-05	0.086945	supercritical
575.69	100.00	32.884	0.030410	1327.1	1631.2	5.9755	2.6777	3.2914	619.12	0.059495	1.9764e-05	0.087146	supercritical
576.69	100.00	32.823	0.030466	1329.8	1634.5	5.9812	2.6814	3.2946	619.60	0.059131	1.9787e-05	0.087348	supercritical
577.69	100.00	32.763	0.030523	1332.6	1637.8	5.9869	2.6850	3.2979	620.08	0.058769	1.9809e-05	0.087549	supercritical
578.69	100.00	32.702	0.030579	1335.3	1641.1	5.9926	2.6886	3.3011	620.56	0.058410	1.9832e-05	0.087751	supercritical
579.69	100.00	32.642	0.030635	1338.1	1644.4	5.9983	2.6923	3.3044	621.04	0.058052	1.9854e-05	0.087953	supercritical
580.69	100.00	32.583	0.030691	1340.8	1647.7	6.0040	2.6959	3.3076	621.51	0.057696	1.9876e-05	0.088155	supercritical
581.69	100.00	32.523	0.030747	1343.5	1651.0	6.0097	2.6995	3.3108	621.99	0.057342	1.9899e-05	0.088358	supercritical
582.69	100.00	32.464	0.030803	1346.3	1654.3	6.0154	2.7032	3.3141	622.47	0.056991	1.9921e-05	0.088560	supercritical
583.69	100.00	32.405	0.030859	1349.0	1657.6	6.0211	2.7068	3.3173	622.94	0.056641	1.9944e-05	0.088763	supercritical
584.69	100.00	32.346	0.030915	1351.8	1661.0	6.0268	2.7104	3.3206	623.42	0.056293	1.9966e-05	0.088965	supercritical
585.69	100.00	32.288	0.030972	1354.6	1664.3	6.0325	2.7140	3.3238	623.89	0.055947	1.9988e-05	0.089168	supercritical
586.69	100.00	32.229	0.031028	1357.3	1667.6	6.0381	2.7177	3.3271	624.37	0.055603	2.0011e-05	0.089372	supercritical
587.69	100.00	32.171	0.031084	1360.1	1670.9	6.0438	2.7213	3.3303	624.84	0.055261	2.0033e-05	0.089575	supercritical
588.69	100.00	32.113	0.031140	1362.9	1674.3	6.0495	2.7249	3.3336	625.32	0.054920	2.0055e-05	0.089778	supercritical
589.69	100.00	32.056	0.031196	1365.6	1677.6	6.0551	2.7285	3.3368	625.79	0.054582	2.0078e-05	0.089982	supercritical
590.69	100.00	31.998	0.031252	1368.4	1680.9	6.0608	2.7322	3.3401	626.26	0.054245	2.0100e-05	0.090186	supercritical
591.69	100.00	31.941	0.031308	1371.2	1684.3	6.0664	2.7358	3.3433	626.73	0.053911	2.0122e-05	0.090390	supercritical
592.69	100.00	31.884	0.031364	1374.0	1687.6	6.0721	2.7394	3.3466	627.20	0.053578	2.0144e-05	0.090594	supercritical
593.69	100.00	31.827	0.031419	1376.8	1691.0	6.0777	2.7430	3.3498	627.67	0.053247	2.0167e-05	0.090798	supercritical
594.69	100.00	31.771	0.031475	1379.6	1694.3	6.0834	2.7466	3.3531	628.14	0.052917	2.0189e-05	0.091002	supercritical
595.69	100.00	31.715	0.031531	1382.4	1697.7	6.0890	2.7502	3.3563	628.61	0.052590	2.0211e-05	0.091207	supercritical
596.69	100.00	31.658	0.031587	1385.2	1701.0	6.0946	2.7538	3.3596	629.08	0.052264	2.0233e-05	0.091412	supercritical
597.69	100.00	31.603	0.031643	1388.0	1704.4	6.1003	2.7575	3.3629	629.55	0.051940	2.0255e-05	0.091617	supercritical
598.69	100.00	31.547	0.031699	1390.8	1707.8	6.1059	2.7611	3.3661	630.02	0.051618	2.0278e-05	0.091822	supercritical
599.69	100.00	31.491	0.031755	1393.6	1711.1	6.1115	2.7647	3.3694	630.49	0.051298	2.0300e-05	0.092027	supercritical
600.69	100.00	31.436	0.031811	1396.4	1714.5	6.1171	2.7683	3.3726	630.96	0.050979	2.0322e-05	0.092232	supercritical
601.69	100.00	31.381	0.031866	1399.2	1717.9	6.1227	2.7719	3.3759	631.42	0.050662	2.0344e-05	0.092438	supercritical
602.69	100.00	31.326	0.031922	1402.0	1721.3	6.1283	2.7755	3.3792	631.89	0.050347	2.0366e-05	0.092644	supercritical
603.69	100.00	31.272	0.031978	1404.9	1724.6	6.1339	2.7791	3.3824	632.35	0.050033	2.0388e-05	0.092849	supercritical
604.69	100.00	31.217	0.032034	1407.7	1728.0	6.1396	2.7827	3.3857	632.82	0.049721	2.0411e-05	0.093055	supercritical
605.69	100.00	31.163	0.032089	1410.5	1731.4	6.1451	2.7863	3.3890	633.28	0.049411	2.0433e-05	0.093262	supercritical
606.69	100.00	31.109	0.032145	1413.4	1734.8	6.1507	2.7899	3.3922	633.75	0.049102	2.0455e-05	0.093468	supercritical
607.69	100.00	31.055	0.032201	1416.2	1738.2	6.1563	2.7935	3.3955	634.21	0.048796	2.0477e-05	0.093674	supercritical
608.69	100.00	31.001	0.032257	1419.0	1741.6	6.1619	2.7971	3.3988	634.68	0.048490	2.0499e-05	0.093881	supercritical
609.69	100.00	30.948	0.032312	1421.9	1745.0	6.1675	2.8007	3.4020	635.14	0.048187	2.0521e-05	0.094088	supercritical
610.69	100.00	30.895	0.032368	1424.7	1748.4	6.1731	2.8043	3.4053	635.60	0.047885	2.0543e-05	0.094294	supercritical
611.69	100.00	30.842	0.032424	1427.6	1751.8	6.1786	2.8078	3.4086	636.06	0.047584	2.0565e-05	0.094501	supercritical
612.69	100.00	30.789	0.032479	1430.4	1755.2	6.1842	2.8114	3.4118	636.52	0.047286	2.0587e-05	0.094709	supercritical
613.69	100.00	30.736	0.032535	1433.3	1758.6	6.1898	2.8150	3.4151	636.99	0.046988	2.0609e-05	0.094916	supercritical
614.69	100.00	30.684	0.032591	1436.1	1762.0	6.1953	2.8186	3.4184	637.45	0.046693	2.0631e-05	0.095123	supercritical
615.69	100.00	30.631	0.032646	1439.0	1765.5	6.2009	2.8222	3.4216	637.91	0.046399	2.0653e-05	0.095331	supercritical
616.69	100.00	30.579	0.032702	1441.9	1768.9	6.2065	2.8258	3.4249	638.37	0.046106	2.0675e-05	0.095539	supercritical
617.69	100.00	30.527	0.032757	1444.7	1772.3	6.2120	2.8293	3.4282	638.82	0.045815	2.0697e-05	0.095747	supercritical
618.69	100.00	30.476	0.032813	1447.6	1775.7	6.2176	2.8329	3.4314	639.28	0.045526	2.0719e-05	0.095955	supercritical
619.69	100.00	30.424	0.032869	1450.5	1779.2	6.2231	2.8365	3.4347	639.74	0.045238	2.0741e-05	0.096163	supercritical
620.69	100.00	30.373	0.032924	1453.4	1782.6	6.2286	2.8401	3.4380	640.20	0.044952	2.0763e-05	0.096371	supercritical
621.69	100.00	30.322	0.032980	1456.3	1786.1	6.2342	2.8436	3.4412	640.66	0.044667	2.0785e-05	0.096580	supercritical
622.69	100.00	30.271	0.033035	1459.1	1789.5	6.2397	2.8472	3.4445	641.11	0.044384	2.0807e-05	0.096788	supercritical
623.69	100.00	30.220	0.033091	1462.0	1792.9	6.2452	2.8508	3.4478	641.57	0.044102	2.0829e-05	0.096997	supercritical
624.69	100.00	30.169	0.033146	1464.9	1796.4	6.2508	2.8543	3.4510	642.03	0.043821	2.0851e-05	0.097206	supercritical