Temperature (K)	Pressure (bar)	Density (kg/m3)	Volume (m3/kg)	Internal Energy (kJ/kg)	Enthalpy (kJ/kg)	Entropy (J/g*K)	Cv (J/g*K)	Cp (J/g*K)	Sound Spd. (m/s)	Joule-Thomson (K/bar)	Viscosity (Pa*s)	Therm. Cond. (W/m*K)	Phase
90.694	415.00	473.95	0.0021099	-90.438	-2.8773	-0.93716	2.2525	3.2357	1771.3	-0.052033	0.00034985	0.24397	liquid
101.69	415.00	462.36	0.0021628	-57.066	32.691	-0.56700	2.1956	3.2335	1701.4	-0.051387	0.00023258	0.23339	liquid
102.69	415.00	461.30	0.0021678	-54.038	35.925	-0.53536	2.1911	3.2338	1694.9	-0.051311	0.00022557	0.23235	liquid
103.69	415.00	460.25	0.0021727	-51.010	39.159	-0.50402	2.1866	3.2341	1688.4	-0.051232	0.00021897	0.23130	liquid
104.69	415.00	459.20	0.0021777	-47.982	42.393	-0.47298	2.1821	3.2345	1681.9	-0.051151	0.00021273	0.23024	liquid
105.69	415.00	458.14	0.0021827	-44.955	45.628	-0.44223	2.1777	3.2348	1675.4	-0.051068	0.00020684	0.22918	liquid
106.69	415.00	457.09	0.0021878	-41.929	48.863	-0.41177	2.1733	3.2352	1668.9	-0.050983	0.00020126	0.22811	liquid
107.69	415.00	456.03	0.0021928	-38.904	52.098	-0.38158	2.1690	3.2356	1662.4	-0.050896	0.00019597	0.22703	liquid
108.69	415.00	454.98	0.0021979	-35.879	55.334	-0.35168	2.1647	3.2360	1655.9	-0.050808	0.00019095	0.22595	liquid
109.69	415.00	453.93	0.0022030	-32.855	58.570	-0.32204	2.1605	3.2364	1649.4	-0.050717	0.00018618	0.22486	liquid
110.69	415.00	452.87	0.0022081	-29.831	61.807	-0.29267	2.1563	3.2368	1642.9	-0.050625	0.00018165	0.22376	liquid
111.69	415.00	451.82	0.0022133	-26.808	65.044	-0.26355	2.1521	3.2372	1636.4	-0.050530	0.00017733	0.22266	liquid
112.69	415.00	450.76	0.0022185	-23.786	68.281	-0.23470	2.1479	3.2376	1629.9	-0.050434	0.00017321	0.22156	liquid
113.69	415.00	449.70	0.0022237	-20.764	71.519	-0.20609	2.1438	3.2381	1623.4	-0.050336	0.00016928	0.22045	liquid
114.69	415.00	448.65	0.0022289	-17.743	74.757	-0.17774	2.1397	3.2385	1616.9	-0.050237	0.00016553	0.21934	liquid
115.69	415.00	447.59	0.0022342	-14.723	77.996	-0.14962	2.1356	3.2389	1610.4	-0.050135	0.00016194	0.21823	liquid
116.69	415.00	446.53	0.0022395	-11.703	81.235	-0.12174	2.1316	3.2393	1604.0	-0.050032	0.00015850	0.21712	liquid
117.69	415.00	445.48	0.0022448	-8.6844	84.474	-0.094102	2.1276	3.2397	1597.5	-0.049926	0.00015520	0.21600	liquid
118.69	415.00	444.42	0.0022501	-5.6663	87.714	-0.066691	2.1236	3.2401	1591.0	-0.049819	0.00015204	0.21488	liquid
119.69	415.00	443.36	0.0022555	-2.6489	90.955	-0.039505	2.1196	3.2405	1584.6	-0.049710	0.00014901	0.21376	liquid
120.69	415.00	442.30	0.0022609	0.36767	94.195	-0.012543	2.1157	3.2409	1578.1	-0.049599	0.00014609	0.21264	liquid
121.69	415.00	441.24	0.0022663	3.3835	97.436	0.014200	2.1117	3.2413	1571.7	-0.049486	0.00014329	0.21152	liquid
122.69	415.00	440.18	0.0022718	6.3985	100.68	0.040728	2.1078	3.2417	1565.2	-0.049371	0.00014059	0.21039	liquid
123.69	415.00	439.12	0.0022773	9.4127	103.92	0.067043	2.1040	3.2421	1558.8	-0.049254	0.00013799	0.20927	liquid
124.69	415.00	438.06	0.0022828	12.426	107.16	0.093150	2.1001	3.2425	1552.4	-0.049135	0.00013549	0.20815	liquid
125.69	415.00	437.00	0.0022883	15.439	110.40	0.11905	2.0963	3.2429	1546.0	-0.049014	0.00013307	0.20703	liquid
126.69	415.00	435.94	0.0022939	18.450	113.65	0.14475	2.0925	3.2433	1539.6	-0.048890	0.00013074	0.20591	liquid
127.69	415.00	434.87	0.0022995	21.461	116.89	0.17025	2.0887	3.2437	1533.2	-0.048765	0.00012848	0.20479	liquid
128.69	415.00	433.81	0.0023052	24.471	120.14	0.19555	2.0850	3.2441	1526.9	-0.048637	0.00012631	0.20367	liquid
129.69	415.00	432.75	0.0023108	27.480	123.38	0.22067	2.0812	3.2445	1520.5	-0.048507	0.00012420	0.20255	liquid
130.69	415.00	431.68	0.0023165	30.488	126.62	0.24559	2.0775	3.2449	1514.2	-0.048375	0.00012216	0.20144	liquid
131.69	415.00	430.62	0.0023223	33.496	129.87	0.27032	2.0739	3.2453	1507.8	-0.048241	0.00012018	0.20032	liquid
132.69	415.00	429.55	0.0023280	36.502	133.11	0.29487	2.0702	3.2457	1501.5	-0.048104	0.00011826	0.19921	liquid
133.69	415.00	428.48	0.0023338	39.507	136.36	0.31924	2.0666	3.2461	1495.2	-0.047965	0.00011641	0.19810	liquid
134.69	415.00	427.42	0.0023396	42.512	139.61	0.34344	2.0630	3.2465	1488.9	-0.047823	0.00011461	0.19700	liquid
135.69	415.00	426.35	0.0023455	45.515	142.85	0.36745	2.0594	3.2469	1482.6	-0.047679	0.00011286	0.19589	liquid
136.69	415.00	425.28	0.0023514	48.518	146.10	0.39129	2.0559	3.2474	1476.4	-0.047533	0.00011116	0.19479	liquid
137.69	415.00	424.21	0.0023573	51.520	149.35	0.41496	2.0524	3.2478	1470.1	-0.047384	0.00010951	0.19369	liquid
138.69	415.00	423.14	0.0023633	54.520	152.60	0.43847	2.0489	3.2483	1463.9	-0.047232	0.00010790	0.19260	liquid
139.69	415.00	422.07	0.0023693	57.520	155.84	0.46181	2.0454	3.2487	1457.7	-0.047078	0.00010634	0.19151	liquid
140.69	415.00	421.00	0.0023753	60.519	159.09	0.48498	2.0420	3.2492	1451.5	-0.046922	0.00010482	0.19042	liquid
141.69	415.00	419.93	0.0023814	63.517	162.34	0.50799	2.0386	3.2497	1445.3	-0.046762	0.00010334	0.18934	liquid
142.69	415.00	418.85	0.0023875	66.513	165.59	0.53085	2.0352	3.2501	1439.1	-0.046600	0.00010190	0.18826	liquid
143.69	415.00	417.78	0.0023936	69.509	168.84	0.55355	2.0319	3.2506	1433.0	-0.046436	0.00010050	0.18718	liquid
144.69	415.00	416.71	0.0023998	72.504	172.09	0.57609	2.0285	3.2511	1426.9	-0.046268	9.9134e-05	0.18611	liquid
145.69	415.00	415.63	0.0024060	75.498	175.35	0.59849	2.0253	3.2516	1420.7	-0.046098	9.7802e-05	0.18504	liquid
146.69	415.00	414.56	0.0024122	78.490	178.60	0.62073	2.0220	3.2522	1414.6	-0.045925	9.6502e-05	0.18397	liquid
147.69	415.00	413.48	0.0024185	81.482	181.85	0.64283	2.0188	3.2527	1408.6	-0.045749	9.5233e-05	0.18291	liquid
148.69	415.00	412.40	0.0024248	84.473	185.10	0.66478	2.0156	3.2533	1402.5	-0.045570	9.3995e-05	0.18186	liquid
149.69	415.00	411.32	0.0024312	87.463	188.36	0.68659	2.0124	3.2538	1396.5	-0.045388	9.2787e-05	0.18081	liquid
150.69	415.00	410.24	0.0024376	90.452	191.61	0.70825	2.0093	3.2544	1390.4	-0.045204	9.1607e-05	0.17976	liquid
151.69	415.00	409.16	0.0024440	93.439	194.87	0.72978	2.0061	3.2550	1384.4	-0.045016	9.0454e-05	0.17872	liquid
152.69	415.00	408.08	0.0024505	96.426	198.12	0.75117	2.0031	3.2556	1378.4	-0.044826	8.9327e-05	0.17768	liquid
153.69	415.00	407.00	0.0024570	99.412	201.38	0.77242	2.0000	3.2562	1372.5	-0.044632	8.8225e-05	0.17665	liquid
154.69	415.00	405.92	0.0024635	102.40	204.63	0.79354	1.9970	3.2568	1366.5	-0.044435	8.7149e-05	0.17562	liquid
155.69	415.00	404.84	0.0024701	105.38	207.89	0.81453	1.9940	3.2575	1360.6	-0.044235	8.6095e-05	0.17460	liquid
156.69	415.00	403.75	0.0024768	108.36	211.15	0.83539	1.9911	3.2581	1354.6	-0.044032	8.5065e-05	0.17358	liquid
157.69	415.00	402.67	0.0024834	111.34	214.41	0.85612	1.9881	3.2588	1348.8	-0.043826	8.4057e-05	0.17257	liquid
158.69	415.00	401.58	0.0024901	114.32	217.67	0.87672	1.9852	3.2595	1342.9	-0.043617	8.3070e-05	0.17156	liquid
159.69	415.00	400.50	0.0024969	117.30	220.93	0.89719	1.9824	3.2602	1337.0	-0.043404	8.2104e-05	0.17056	liquid
160.69	415.00	399.41	0.0025037	120.28	224.19	0.91755	1.9795	3.2609	1331.2	-0.043189	8.1158e-05	0.16957	liquid
161.69	415.00	398.32	0.0025105	123.26	227.45	0.93778	1.9767	3.2616	1325.4	-0.042970	8.0232e-05	0.16858	liquid
162.69	415.00	397.23	0.0025174	126.24	230.71	0.95789	1.9740	3.2623	1319.6	-0.042747	7.9324e-05	0.16759	liquid
163.69	415.00	396.14	0.0025243	129.21	233.97	0.97788	1.9712	3.2631	1313.8	-0.042522	7.8435e-05	0.16661	liquid
164.69	415.00	395.05	0.0025313	132.19	237.24	0.99776	1.9685	3.2638	1308.0	-0.042293	7.7563e-05	0.16564	liquid
165.69	415.00	393.96	0.0025383	135.16	240.50	1.0175	1.9658	3.2646	1302.3	-0.042060	7.6709e-05	0.16467	liquid
166.69	415.00	392.87	0.0025454	138.13	243.76	1.0372	1.9632	3.2654	1296.6	-0.041825	7.5872e-05	0.16371	liquid
167.69	415.00	391.78	0.0025525	141.10	247.03	1.0567	1.9606	3.2662	1290.9	-0.041586	7.5050e-05	0.16275	liquid
168.69	415.00	390.69	0.0025596	144.07	250.30	1.0761	1.9580	3.2671	1285.2	-0.041343	7.4245e-05	0.16180	liquid
169.69	415.00	389.59	0.0025668	147.04	253.56	1.0954	1.9555	3.2679	1279.6	-0.041097	7.3455e-05	0.16085	liquid
170.69	415.00	388.50	0.0025740	150.01	256.83	1.1146	1.9529	3.2687	1274.0	-0.040848	7.2679e-05	0.15991	liquid
171.69	415.00	387.40	0.0025813	152.98	260.10	1.1337	1.9505	3.2696	1268.4	-0.040595	7.1919e-05	0.15898	liquid
172.69	415.00	386.30	0.0025886	155.94	263.37	1.1527	1.9480	3.2705	1262.8	-0.040339	7.1172e-05	0.15805	liquid
173.69	415.00	385.21	0.0025960	158.91	266.64	1.1716	1.9456	3.2714	1257.2	-0.040079	7.0439e-05	0.15713	liquid
174.69	415.00	384.11	0.0026034	161.87	269.91	1.1904	1.9432	3.2723	1251.7	-0.039815	6.9720e-05	0.15622	liquid
175.69	415.00	383.01	0.0026109	164.84	273.19	1.2091	1.9409	3.2732	1246.2	-0.039548	6.9013e-05	0.15531	liquid
176.69	415.00	381.91	0.0026184	167.80	276.46	1.2277	1.9385	3.2741	1240.7	-0.039278	6.8320e-05	0.15440	liquid
177.69	415.00	380.81	0.0026260	170.76	279.74	1.2461	1.9362	3.2751	1235.2	-0.039004	6.7638e-05	0.15351	liquid
178.69	415.00	379.71	0.0026336	173.72	283.01	1.2645	1.9340	3.2760	1229.8	-0.038726	6.6969e-05	0.15261	liquid
179.69	415.00	378.61	0.0026413	176.68	286.29	1.2828	1.9318	3.2770	1224.4	-0.038445	6.6311e-05	0.15173	liquid
180.69	415.00	377.51	0.0026490	179.63	289.57	1.3010	1.9296	3.2780	1219.0	-0.038160	6.5665e-05	0.15085	liquid
181.69	415.00	376.40	0.0026567	182.59	292.84	1.3191	1.9274	3.2790	1213.6	-0.037872	6.5030e-05	0.14998	liquid
182.69	415.00	375.30	0.0026645	185.54	296.12	1.3371	1.9253	3.2800	1208.3	-0.037579	6.4406e-05	0.14911	liquid
183.69	415.00	374.19	0.0026724	188.50	299.40	1.3550	1.9232	3.2810	1203.0	-0.037284	6.3793e-05	0.14825	liquid
184.69	415.00	373.09	0.0026803	191.45	302.69	1.3728	1.9211	3.2820	1197.7	-0.036984	6.3190e-05	0.14740	liquid
185.69	415.00	371.98	0.0026883	194.40	305.97	1.3905	1.9191	3.2831	1192.4	-0.036681	6.2597e-05	0.14655	liquid
186.69	415.00	370.88	0.0026963	197.35	309.25	1.4082	1.9171	3.2841	1187.2	-0.036375	6.2014e-05	0.14571	liquid
187.69	415.00	369.77	0.0027044	200.30	312.54	1.4257	1.9152	3.2851	1181.9	-0.036065	6.1441e-05	0.14488	liquid
188.69	415.00	368.66	0.0027125	203.25	315.82	1.4432	1.9132	3.2862	1176.8	-0.035751	6.0877e-05	0.14406	liquid
189.69	415.00	367.56	0.0027207	206.20	319.11	1.4605	1.9113	3.2873	1171.6	-0.035433	6.0323e-05	0.14324	liquid
190.69	415.00	366.45	0.0027289	209.15	322.40	1.4778	1.9095	3.2884	1166.4	-0.035112	5.9777e-05	0.14243	supercritical
191.69	415.00	365.34	0.0027372	212.09	325.69	1.4950	1.9076	3.2894	1161.3	-0.034787	5.9241e-05	0.14161	supercritical
192.69	415.00	364.23	0.0027455	215.04	328.98	1.5122	1.9059	3.2905	1156.2	-0.034459	5.8712e-05	0.14080	supercritical
193.69	415.00	363.12	0.0027539	217.98	332.27	1.5292	1.9041	3.2916	1151.2	-0.034127	5.8193e-05	0.14000	supercritical
194.69	415.00	362.01	0.0027624	220.92	335.56	1.5461	1.9024	3.2927	1146.2	-0.033791	5.7682e-05	0.13921	supercritical
195.69	415.00	360.90	0.0027709	223.86	338.85	1.5630	1.9007	3.2938	1141.1	-0.033452	5.7178e-05	0.13842	supercritical
196.69	415.00	359.79	0.0027794	226.80	342.15	1.5798	1.8990	3.2949	1136.2	-0.033109	5.6683e-05	0.13764	supercritical
197.69	415.00	358.68	0.0027880	229.74	345.44	1.5965	1.8974	3.2961	1131.2	-0.032762	5.6195e-05	0.13687	supercritical
198.69	415.00	357.56	0.0027967	232.68	348.74	1.6131	1.8958	3.2972	1126.3	-0.032412	5.5715e-05	0.13610	supercritical
199.69	415.00	356.45	0.0028054	235.61	352.04	1.6297	1.8942	3.2983	1121.4	-0.032059	5.5243e-05	0.13534	supercritical
200.69	415.00	355.34	0.0028142	238.55	355.33	1.6462	1.8927	3.2994	1116.5	-0.031702	5.4778e-05	0.13459	supercritical
201.69	415.00	354.23	0.0028230	241.48	358.63	1.6626	1.8912	3.3005	1111.7	-0.031341	5.4319e-05	0.13384	supercritical
202.69	415.00	353.12	0.0028319	244.41	361.94	1.6789	1.8897	3.3017	1106.9	-0.030977	5.3868e-05	0.13310	supercritical
203.69	415.00	352.00	0.0028409	247.34	365.24	1.6952	1.8883	3.3028	1102.1	-0.030610	5.3424e-05	0.13236	supercritical
204.69	415.00	350.89	0.0028499	250.27	368.54	1.7113	1.8869	3.3039	1097.3	-0.030239	5.2986e-05	0.13163	supercritical
205.69	415.00	349.78	0.0028590	253.20	371.85	1.7274	1.8855	3.3050	1092.6	-0.029864	5.2555e-05	0.13091	supercritical
206.69	415.00	348.66	0.0028681	256.12	375.15	1.7435	1.8842	3.3061	1087.9	-0.029487	5.2130e-05	0.13019	supercritical
207.69	415.00	347.55	0.0028773	259.05	378.46	1.7594	1.8829	3.3073	1083.3	-0.029105	5.1712e-05	0.12948	supercritical
208.69	415.00	346.43	0.0028865	261.97	381.77	1.7753	1.8816	3.3084	1078.6	-0.028721	5.1300e-05	0.12878	supercritical
209.69	415.00	345.32	0.0028959	264.90	385.07	1.7911	1.8804	3.3095	1074.0	-0.028333	5.0894e-05	0.12808	supercritical
210.69	415.00	344.21	0.0029052	267.82	388.38	1.8069	1.8792	3.3106	1069.4	-0.027942	5.0494e-05	0.12739	supercritical
211.69	415.00	343.09	0.0029147	270.74	391.70	1.8226	1.8780	3.3117	1064.9	-0.027548	5.0100e-05	0.12671	supercritical
212.69	415.00	341.98	0.0029241	273.66	395.01	1.8382	1.8769	3.3128	1060.4	-0.027151	4.9711e-05	0.12603	supercritical
213.69	415.00	340.87	0.0029337	276.57	398.32	1.8537	1.8758	3.3139	1055.9	-0.026750	4.9328e-05	0.12536	supercritical
214.69	415.00	339.75	0.0029433	279.49	401.64	1.8692	1.8747	3.3150	1051.4	-0.026347	4.8951e-05	0.12469	supercritical
215.69	415.00	338.64	0.0029530	282.40	404.95	1.8846	1.8737	3.3160	1047.0	-0.025940	4.8579e-05	0.12403	supercritical
216.69	415.00	337.53	0.0029627	285.32	408.27	1.8999	1.8727	3.3171	1042.6	-0.025531	4.8212e-05	0.12338	supercritical
217.69	415.00	336.42	0.0029725	288.23	411.59	1.9152	1.8717	3.3181	1038.3	-0.025118	4.7851e-05	0.12273	supercritical
218.69	415.00	335.31	0.0029824	291.14	414.90	1.9304	1.8707	3.3192	1033.9	-0.024703	4.7495e-05	0.12209	supercritical
219.69	415.00	334.19	0.0029923	294.04	418.22	1.9456	1.8698	3.3202	1029.6	-0.024284	4.7144e-05	0.12145	supercritical
220.69	415.00	333.08	0.0030023	296.95	421.54	1.9606	1.8690	3.3212	1025.4	-0.023863	4.6797e-05	0.12083	supercritical
221.69	415.00	331.97	0.0030123	299.86	424.87	1.9757	1.8681	3.3222	1021.1	-0.023439	4.6456e-05	0.12020	supercritical
222.69	415.00	330.86	0.0030224	302.76	428.19	1.9906	1.8673	3.3232	1016.9	-0.023013	4.6120e-05	0.11959	supercritical
223.69	415.00	329.75	0.0030326	305.66	431.51	2.0055	1.8665	3.3242	1012.8	-0.022584	4.5788e-05	0.11898	supercritical
224.69	415.00	328.64	0.0030428	308.56	434.84	2.0203	1.8658	3.3252	1008.6	-0.022152	4.5461e-05	0.11837	supercritical
225.69	415.00	327.54	0.0030531	311.46	438.16	2.0351	1.8651	3.3261	1004.5	-0.021718	4.5138e-05	0.11778	supercritical
226.69	415.00	326.43	0.0030635	314.36	441.49	2.0498	1.8644	3.3270	1000.5	-0.021282	4.4820e-05	0.11719	supercritical
227.69	415.00	325.32	0.0030739	317.25	444.82	2.0645	1.8637	3.3279	996.41	-0.020843	4.4506e-05	0.11660	supercritical
228.69	415.00	324.22	0.0030844	320.14	448.15	2.0790	1.8631	3.3288	992.41	-0.020402	4.4197e-05	0.11602	supercritical
229.69	415.00	323.11	0.0030949	323.04	451.48	2.0936	1.8625	3.3297	988.43	-0.019958	4.3891e-05	0.11545	supercritical
230.69	415.00	322.01	0.0031055	325.93	454.81	2.1080	1.8620	3.3306	984.49	-0.019513	4.3590e-05	0.11488	supercritical
231.69	415.00	320.90	0.0031162	328.81	458.14	2.1224	1.8614	3.3314	980.58	-0.019065	4.3294e-05	0.11432	supercritical
232.69	415.00	319.80	0.0031269	331.70	461.47	2.1368	1.8610	3.3322	976.70	-0.018616	4.3001e-05	0.11377	supercritical
233.69	415.00	318.70	0.0031378	334.58	464.80	2.1511	1.8605	3.3330	972.86	-0.018165	4.2712e-05	0.11322	supercritical
234.69	415.00	317.60	0.0031486	337.47	468.13	2.1653	1.8601	3.3338	969.05	-0.017711	4.2427e-05	0.11268	supercritical
235.69	415.00	316.50	0.0031596	340.35	471.47	2.1795	1.8597	3.3345	965.28	-0.017256	4.2146e-05	0.11214	supercritical
236.69	415.00	315.40	0.0031705	343.23	474.80	2.1936	1.8593	3.3352	961.54	-0.016800	4.1869e-05	0.11161	supercritical
237.69	415.00	314.31	0.0031816	346.10	478.14	2.2077	1.8590	3.3359	957.83	-0.016342	4.1596e-05	0.11108	supercritical
238.69	415.00	313.21	0.0031927	348.98	481.47	2.2217	1.8587	3.3366	954.15	-0.015882	4.1326e-05	0.11056	supercritical
239.69	415.00	312.12	0.0032039	351.85	484.81	2.2356	1.8584	3.3372	950.51	-0.015421	4.1060e-05	0.11005	supercritical
240.69	415.00	311.03	0.0032152	354.72	488.15	2.2495	1.8581	3.3378	946.91	-0.014959	4.0797e-05	0.10955	supercritical
241.69	415.00	309.93	0.0032265	357.59	491.49	2.2634	1.8579	3.3384	943.33	-0.014495	4.0538e-05	0.10904	supercritical
242.69	415.00	308.85	0.0032379	360.45	494.83	2.2772	1.8577	3.3390	939.79	-0.014031	4.0283e-05	0.10855	supercritical
243.69	415.00	307.76	0.0032493	363.32	498.17	2.2909	1.8576	3.3395	936.29	-0.013565	4.0031e-05	0.10806	supercritical
244.69	415.00	306.67	0.0032608	366.18	501.51	2.3046	1.8575	3.3400	932.82	-0.013098	3.9782e-05	0.10758	supercritical
245.69	415.00	305.59	0.0032724	369.04	504.85	2.3182	1.8574	3.3405	929.38	-0.012631	3.9537e-05	0.10710	supercritical
246.69	415.00	304.50	0.0032840	371.90	508.19	2.3318	1.8573	3.3409	925.97	-0.012163	3.9295e-05	0.10663	supercritical
247.69	415.00	303.42	0.0032957	374.75	511.53	2.3453	1.8573	3.3414	922.60	-0.011694	3.9056e-05	0.10616	supercritical
248.69	415.00	302.35	0.0033075	377.61	514.87	2.3587	1.8573	3.3417	919.27	-0.011225	3.8820e-05	0.10570	supercritical
249.69	415.00	301.27	0.0033193	380.46	518.21	2.3721	1.8573	3.3421	915.97	-0.010755	3.8588e-05	0.10525	supercritical
250.69	415.00	300.19	0.0033312	383.31	521.55	2.3855	1.8574	3.3424	912.70	-0.010285	3.8359e-05	0.10480	supercritical
251.69	415.00	299.12	0.0033431	386.16	524.90	2.3988	1.8575	3.3427	909.47	-0.0098142	3.8132e-05	0.10435	supercritical
252.69	415.00	298.05	0.0033551	389.00	528.24	2.4121	1.8576	3.3430	906.27	-0.0093437	3.7909e-05	0.10392	supercritical
253.69	415.00	296.98	0.0033672	391.84	531.58	2.4253	1.8577	3.3432	903.10	-0.0088731	3.7689e-05	0.10348	supercritical
254.69	415.00	295.92	0.0033793	394.68	534.92	2.4384	1.8579	3.3434	899.97	-0.0084027	3.7472e-05	0.10306	supercritical
255.69	415.00	294.85	0.0033915	397.52	538.27	2.4515	1.8581	3.3436	896.87	-0.0079323	3.7257e-05	0.10264	supercritical
256.69	415.00	293.79	0.0034038	400.35	541.61	2.4646	1.8583	3.3437	893.81	-0.0074623	3.7046e-05	0.10222	supercritical
257.69	415.00	292.73	0.0034161	403.19	544.96	2.4776	1.8586	3.3438	890.77	-0.0069926	3.6837e-05	0.10181	supercritical
258.69	415.00	291.67	0.0034285	406.02	548.30	2.4905	1.8589	3.3439	887.78	-0.0065233	3.6631e-05	0.10141	supercritical
259.69	415.00	290.62	0.0034409	408.84	551.64	2.5034	1.8592	3.3439	884.81	-0.0060547	3.6428e-05	0.10101	supercritical
260.69	415.00	289.57	0.0034534	411.67	554.99	2.5163	1.8595	3.3439	881.88	-0.0055867	3.6227e-05	0.10061	supercritical
261.69	415.00	288.52	0.0034660	414.49	558.33	2.5291	1.8599	3.3439	878.99	-0.0051196	3.6029e-05	0.10022	supercritical
262.69	415.00	287.47	0.0034786	417.31	561.67	2.5418	1.8603	3.3438	876.12	-0.0046533	3.5834e-05	0.099840	supercritical
263.69	415.00	286.43	0.0034913	420.13	565.02	2.5545	1.8607	3.3437	873.29	-0.0041880	3.5642e-05	0.099462	supercritical
264.69	415.00	285.39	0.0035040	422.94	568.36	2.5672	1.8612	3.3435	870.50	-0.0037238	3.5452e-05	0.099089	supercritical
265.69	415.00	284.35	0.0035168	425.76	571.71	2.5798	1.8617	3.3434	867.73	-0.0032608	3.5264e-05	0.098721	supercritical
266.69	415.00	283.31	0.0035297	428.57	575.05	2.5924	1.8622	3.3432	865.00	-0.0027991	3.5079e-05	0.098359	supercritical
267.69	415.00	282.28	0.0035426	431.37	578.39	2.6049	1.8627	3.3429	862.30	-0.0023388	3.4897e-05	0.098001	supercritical
268.69	415.00	281.25	0.0035556	434.18	581.73	2.6173	1.8633	3.3427	859.64	-0.0018800	3.4717e-05	0.097649	supercritical
269.69	415.00	280.22	0.0035686	436.98	585.08	2.6298	1.8639	3.3424	857.01	-0.0014229	3.4539e-05	0.097302	supercritical
270.69	415.00	279.20	0.0035817	439.78	588.42	2.6421	1.8645	3.3420	854.41	-0.00096739	3.4364e-05	0.096960	supercritical
271.69	415.00	278.18	0.0035948	442.58	591.76	2.6544	1.8652	3.3417	851.84	-0.00051373	3.4191e-05	0.096622	supercritical
272.69	415.00	277.16	0.0036080	445.37	595.10	2.6667	1.8658	3.3413	849.30	-6.1971e-05	3.4020e-05	0.096290	supercritical
273.69	415.00	276.15	0.0036213	448.16	598.44	2.6790	1.8665	3.3408	846.80	0.00038778	3.3852e-05	0.095963	supercritical
274.69	415.00	275.14	0.0036346	450.95	601.78	2.6911	1.8673	3.3404	844.33	0.00083544	3.3686e-05	0.095640	supercritical
275.69	415.00	274.13	0.0036479	453.74	605.12	2.7033	1.8680	3.3399	841.89	0.0012809	3.3522e-05	0.095323	supercritical
276.69	415.00	273.12	0.0036614	456.52	608.46	2.7154	1.8688	3.3393	839.48	0.0017241	3.3361e-05	0.095010	supercritical
277.69	415.00	272.12	0.0036748	459.30	611.80	2.7274	1.8696	3.3388	837.10	0.0021648	3.3202e-05	0.094702	supercritical
278.69	415.00	271.12	0.0036883	462.08	615.14	2.7394	1.8704	3.3382	834.75	0.0026031	3.3044e-05	0.094399	supercritical
279.69	415.00	270.13	0.0037019	464.85	618.48	2.7514	1.8713	3.3376	832.44	0.0030389	3.2889e-05	0.094100	supercritical
280.69	415.00	269.14	0.0037155	467.62	621.82	2.7633	1.8722	3.3369	830.15	0.0034719	3.2736e-05	0.093806	supercritical
281.69	415.00	268.15	0.0037292	470.39	625.15	2.7751	1.8731	3.3362	827.90	0.0039023	3.2585e-05	0.093517	supercritical
282.69	415.00	267.17	0.0037429	473.16	628.49	2.7870	1.8740	3.3355	825.68	0.0043298	3.2437e-05	0.093232	supercritical
283.69	415.00	266.19	0.0037567	475.92	631.82	2.7987	1.8750	3.3348	823.48	0.0047543	3.2290e-05	0.092952	supercritical
284.69	415.00	265.21	0.0037705	478.68	635.16	2.8105	1.8760	3.3340	821.32	0.0051759	3.2145e-05	0.092676	supercritical
285.69	415.00	264.24	0.0037844	481.44	638.49	2.8222	1.8770	3.3332	819.19	0.0055944	3.2002e-05	0.092405	supercritical
286.69	415.00	263.27	0.0037983	484.19	641.83	2.8338	1.8780	3.3324	817.08	0.0060097	3.1861e-05	0.092138	supercritical
287.69	415.00	262.31	0.0038123	486.95	645.16	2.8454	1.8791	3.3316	815.01	0.0064217	3.1722e-05	0.091876	supercritical
288.69	415.00	261.35	0.0038263	489.70	648.49	2.8570	1.8801	3.3307	812.96	0.0068304	3.1585e-05	0.091618	supercritical
289.69	415.00	260.39	0.0038404	492.44	651.82	2.8685	1.8813	3.3298	810.95	0.0072358	3.1450e-05	0.091364	supercritical
290.69	415.00	259.44	0.0038545	495.19	655.15	2.8800	1.8824	3.3289	808.96	0.0076376	3.1317e-05	0.091115	supercritical
291.69	415.00	258.49	0.0038687	497.93	658.48	2.8914	1.8835	3.3279	807.00	0.0080359	3.1185e-05	0.090869	supercritical
292.69	415.00	257.54	0.0038829	500.67	661.80	2.9028	1.8847	3.3270	805.07	0.0084306	3.1056e-05	0.090628	supercritical
293.69	415.00	256.60	0.0038971	503.40	665.13	2.9141	1.8859	3.3260	803.17	0.0088216	3.0928e-05	0.090391	supercritical
294.69	415.00	255.66	0.0039114	506.13	668.46	2.9254	1.8871	3.3249	801.30	0.0092089	3.0802e-05	0.090159	supercritical
295.69	415.00	254.73	0.0039257	508.86	671.78	2.9367	1.8884	3.3239	799.45	0.0095923	3.0677e-05	0.089930	supercritical
296.69	415.00	253.80	0.0039401	511.59	675.10	2.9479	1.8897	3.3229	797.63	0.0099719	3.0555e-05	0.089705	supercritical
297.69	415.00	252.87	0.0039545	514.31	678.43	2.9591	1.8910	3.3218	795.84	0.010348	3.0434e-05	0.089485	supercritical
298.69	415.00	251.95	0.0039690	517.03	681.75	2.9702	1.8923	3.3207	794.08	0.010719	3.0315e-05	0.089268	supercritical
299.69	415.00	251.04	0.0039835	519.75	685.07	2.9813	1.8936	3.3196	792.34	0.011087	3.0197e-05	0.089055	supercritical
300.69	415.00	250.12	0.0039980	522.47	688.39	2.9924	1.8950	3.3184	790.63	0.011450	3.0081e-05	0.088846	supercritical
301.69	415.00	249.21	0.0040126	525.18	691.70	3.0034	1.8964	3.3173	788.94	0.011810	2.9967e-05	0.088641	supercritical
302.69	415.00	248.31	0.0040272	527.89	695.02	3.0144	1.8978	3.3161	787.28	0.012165	2.9854e-05	0.088440	supercritical
303.69	415.00	247.41	0.0040419	530.60	698.34	3.0253	1.8992	3.3150	785.65	0.012516	2.9743e-05	0.088242	supercritical
304.69	415.00	246.51	0.0040566	533.30	701.65	3.0362	1.9007	3.3138	784.04	0.012862	2.9634e-05	0.088048	supercritical
305.69	415.00	245.62	0.0040713	536.01	704.96	3.0471	1.9021	3.3126	782.46	0.013204	2.9526e-05	0.087858	supercritical
306.69	415.00	244.73	0.0040861	538.70	708.28	3.0579	1.9036	3.3113	780.90	0.013542	2.9419e-05	0.087671	supercritical
307.69	415.00	243.85	0.0041009	541.40	711.59	3.0687	1.9051	3.3101	779.37	0.013876	2.9314e-05	0.087489	supercritical
308.69	415.00	242.97	0.0041157	544.09	714.90	3.0794	1.9067	3.3089	777.86	0.014205	2.9211e-05	0.087309	supercritical
309.69	415.00	242.10	0.0041306	546.79	718.20	3.0901	1.9082	3.3076	776.38	0.014529	2.9109e-05	0.087134	supercritical
310.69	415.00	241.23	0.0041455	549.47	721.51	3.1007	1.9098	3.3064	774.92	0.014849	2.9009e-05	0.086961	supercritical
311.69	415.00	240.36	0.0041604	552.16	724.82	3.1114	1.9114	3.3051	773.49	0.015165	2.8910e-05	0.086792	supercritical
312.69	415.00	239.50	0.0041754	554.84	728.12	3.1220	1.9131	3.3038	772.07	0.015476	2.8812e-05	0.086627	supercritical
313.69	415.00	238.64	0.0041904	557.52	731.42	3.1325	1.9147	3.3025	770.69	0.015782	2.8716e-05	0.086465	supercritical
314.69	415.00	237.79	0.0042054	560.20	734.73	3.1430	1.9164	3.3012	769.32	0.016084	2.8621e-05	0.086306	supercritical
315.69	415.00	236.94	0.0042205	562.88	738.03	3.1535	1.9181	3.2999	767.98	0.016381	2.8527e-05	0.086151	supercritical
316.69	415.00	236.09	0.0042356	565.55	741.33	3.1639	1.9198	3.2986	766.66	0.016673	2.8435e-05	0.085999	supercritical
317.69	415.00	235.25	0.0042507	568.22	744.62	3.1743	1.9215	3.2973	765.36	0.016961	2.8344e-05	0.085850	supercritical
318.69	415.00	234.42	0.0042659	570.89	747.92	3.1847	1.9232	3.2960	764.08	0.017244	2.8255e-05	0.085705	supercritical
319.69	415.00	233.59	0.0042811	573.55	751.22	3.1950	1.9250	3.2947	762.83	0.017522	2.8167e-05	0.085562	supercritical
320.69	415.00	232.76	0.0042963	576.22	754.51	3.2053	1.9268	3.2934	761.60	0.017796	2.8080e-05	0.085423	supercritical
321.69	415.00	231.94	0.0043115	578.88	757.80	3.2155	1.9286	3.2920	760.39	0.018065	2.7994e-05	0.085287	supercritical
322.69	415.00	231.12	0.0043268	581.53	761.09	3.2258	1.9304	3.2907	759.20	0.018329	2.7910e-05	0.085154	supercritical
323.69	415.00	230.31	0.0043421	584.19	764.38	3.2359	1.9323	3.2894	758.03	0.018588	2.7826e-05	0.085024	supercritical
324.69	415.00	229.50	0.0043574	586.84	767.67	3.2461	1.9341	3.2881	756.88	0.018843	2.7744e-05	0.084897	supercritical
325.69	415.00	228.69	0.0043727	589.49	770.96	3.2562	1.9360	3.2868	755.75	0.019093	2.7664e-05	0.084773	supercritical
326.69	415.00	227.89	0.0043881	592.14	774.25	3.2663	1.9379	3.2854	754.64	0.019338	2.7584e-05	0.084652	supercritical
327.69	415.00	227.09	0.0044035	594.79	777.53	3.2763	1.9398	3.2841	753.56	0.019579	2.7506e-05	0.084534	supercritical
328.69	415.00	226.30	0.0044189	597.43	780.82	3.2863	1.9418	3.2828	752.49	0.019814	2.7429e-05	0.084419	supercritical
329.69	415.00	225.51	0.0044343	600.07	784.10	3.2963	1.9437	3.2815	751.44	0.020045	2.7353e-05	0.084307	supercritical
330.69	415.00	224.73	0.0044498	602.71	787.38	3.3062	1.9457	3.2802	750.41	0.020272	2.7278e-05	0.084197	supercritical
331.69	415.00	223.95	0.0044653	605.35	790.66	3.3161	1.9477	3.2789	749.40	0.020493	2.7204e-05	0.084090	supercritical
332.69	415.00	223.18	0.0044808	607.98	793.94	3.3260	1.9497	3.2776	748.40	0.020710	2.7131e-05	0.083986	supercritical
333.69	415.00	222.41	0.0044963	610.62	797.21	3.3358	1.9518	3.2764	747.43	0.020922	2.7059e-05	0.083885	supercritical
334.69	415.00	221.64	0.0045118	613.25	800.49	3.3456	1.9538	3.2751	746.48	0.021130	2.6989e-05	0.083787	supercritical
335.69	415.00	220.88	0.0045274	615.88	803.76	3.3554	1.9559	3.2738	745.54	0.021333	2.6919e-05	0.083691	supercritical
336.69	415.00	220.12	0.0045429	618.50	807.04	3.3651	1.9580	3.2726	744.62	0.021531	2.6851e-05	0.083598	supercritical
337.69	415.00	219.37	0.0045585	621.13	810.31	3.3748	1.9601	3.2713	743.71	0.021724	2.6783e-05	0.083507	supercritical
338.69	415.00	218.62	0.0045741	623.75	813.58	3.3845	1.9622	3.2701	742.83	0.021913	2.6717e-05	0.083419	supercritical
339.69	415.00	217.88	0.0045898	626.37	816.85	3.3941	1.9643	3.2689	741.96	0.022098	2.6652e-05	0.083334	supercritical
340.69	415.00	217.14	0.0046054	628.99	820.12	3.4037	1.9665	3.2676	741.11	0.022277	2.6587e-05	0.083251	supercritical
341.69	415.00	216.40	0.0046211	631.61	823.38	3.4133	1.9687	3.2664	740.28	0.022453	2.6524e-05	0.083171	supercritical
342.69	415.00	215.67	0.0046368	634.22	826.65	3.4229	1.9709	3.2652	739.46	0.022623	2.6461e-05	0.083093	supercritical
343.69	415.00	214.94	0.0046525	636.84	829.91	3.4324	1.9731	3.2641	738.66	0.022789	2.6400e-05	0.083017	supercritical
344.69	415.00	214.22	0.0046682	639.45	833.18	3.4419	1.9753	3.2629	737.87	0.022951	2.6339e-05	0.082944	supercritical
345.69	415.00	213.50	0.0046839	642.06	836.44	3.4513	1.9775	3.2618	737.10	0.023108	2.6280e-05	0.082874	supercritical
346.69	415.00	212.78	0.0046996	644.67	839.70	3.4607	1.9798	3.2606	736.35	0.023261	2.6221e-05	0.082806	supercritical
347.69	415.00	212.07	0.0047154	647.27	842.96	3.4701	1.9821	3.2595	735.61	0.023409	2.6163e-05	0.082740	supercritical
348.69	415.00	211.37	0.0047311	649.88	846.22	3.4795	1.9844	3.2584	734.88	0.023553	2.6106e-05	0.082676	supercritical
349.69	415.00	210.66	0.0047469	652.48	849.48	3.4888	1.9867	3.2573	734.17	0.023693	2.6050e-05	0.082615	supercritical
350.69	415.00	209.96	0.0047627	655.08	852.73	3.4981	1.9890	3.2562	733.48	0.023829	2.5995e-05	0.082556	supercritical
351.69	415.00	209.27	0.0047785	657.68	855.99	3.5074	1.9913	3.2552	732.80	0.023960	2.5941e-05	0.082500	supercritical
352.69	415.00	208.58	0.0047943	660.28	859.25	3.5166	1.9937	3.2541	732.13	0.024087	2.5888e-05	0.082445	supercritical
353.69	415.00	207.89	0.0048101	662.88	862.50	3.5258	1.9960	3.2531	731.48	0.024209	2.5835e-05	0.082393	supercritical
354.69	415.00	207.21	0.0048260	665.47	865.75	3.5350	1.9984	3.2521	730.85	0.024328	2.5783e-05	0.082343	supercritical
355.69	415.00	206.53	0.0048418	668.07	869.00	3.5442	2.0008	3.2511	730.22	0.024442	2.5732e-05	0.082295	supercritical
356.69	415.00	205.86	0.0048577	670.66	872.25	3.5533	2.0032	3.2501	729.61	0.024552	2.5682e-05	0.082250	supercritical
357.69	415.00	205.19	0.0048735	673.25	875.50	3.5624	2.0057	3.2492	729.02	0.024659	2.5633e-05	0.082206	supercritical
358.69	415.00	204.52	0.0048894	675.84	878.75	3.5715	2.0081	3.2482	728.43	0.024761	2.5584e-05	0.082165	supercritical
359.69	415.00	203.86	0.0049053	678.43	882.00	3.5805	2.0106	3.2473	727.86	0.024859	2.5537e-05	0.082126	supercritical
360.69	415.00	203.20	0.0049211	681.02	885.25	3.5895	2.0130	3.2464	727.31	0.024953	2.5490e-05	0.082088	supercritical
361.69	415.00	202.55	0.0049370	683.61	888.49	3.5985	2.0155	3.2456	726.76	0.025043	2.5444e-05	0.082053	supercritical
362.69	415.00	201.90	0.0049529	686.19	891.74	3.6075	2.0180	3.2447	726.23	0.025130	2.5398e-05	0.082020	supercritical
363.69	415.00	201.25	0.0049688	688.77	894.98	3.6164	2.0205	3.2439	725.71	0.025212	2.5353e-05	0.081989	supercritical
364.69	415.00	200.61	0.0049848	691.36	898.23	3.6253	2.0231	3.2431	725.20	0.025291	2.5309e-05	0.081959	supercritical
365.69	415.00	199.97	0.0050007	693.94	901.47	3.6342	2.0256	3.2423	724.71	0.025366	2.5266e-05	0.081932	supercritical
366.69	415.00	199.34	0.0050166	696.52	904.71	3.6430	2.0282	3.2415	724.22	0.025438	2.5223e-05	0.081907	supercritical
367.69	415.00	198.71	0.0050325	699.10	907.95	3.6519	2.0307	3.2407	723.75	0.025505	2.5182e-05	0.081883	supercritical
368.69	415.00	198.08	0.0050485	701.68	911.19	3.6607	2.0333	3.2400	723.29	0.025569	2.5140e-05	0.081862	supercritical
369.69	415.00	197.46	0.0050644	704.26	914.43	3.6694	2.0359	3.2393	722.84	0.025630	2.5100e-05	0.081842	supercritical
370.69	415.00	196.84	0.0050804	706.83	917.67	3.6782	2.0385	3.2386	722.40	0.025686	2.5060e-05	0.081825	supercritical
371.69	415.00	196.22	0.0050963	709.41	920.91	3.6869	2.0412	3.2380	721.97	0.025740	2.5021e-05	0.081809	supercritical
372.69	415.00	195.61	0.0051123	711.99	924.15	3.6956	2.0438	3.2373	721.56	0.025790	2.4982e-05	0.081795	supercritical
373.69	415.00	195.00	0.0051282	714.56	927.38	3.7043	2.0464	3.2367	721.15	0.025836	2.4945e-05	0.081782	supercritical
374.69	415.00	194.39	0.0051442	717.14	930.62	3.7129	2.0491	3.2361	720.76	0.025879	2.4907e-05	0.081772	supercritical
375.69	415.00	193.79	0.0051602	719.71	933.86	3.7216	2.0518	3.2355	720.37	0.025919	2.4871e-05	0.081763	supercritical
376.69	415.00	193.19	0.0051761	722.28	937.09	3.7302	2.0545	3.2350	720.00	0.025956	2.4835e-05	0.081756	supercritical
377.69	415.00	192.60	0.0051921	724.85	940.33	3.7387	2.0572	3.2345	719.63	0.025989	2.4799e-05	0.081751	supercritical
378.69	415.00	192.01	0.0052081	727.42	943.56	3.7473	2.0599	3.2340	719.28	0.026019	2.4765e-05	0.081748	supercritical
379.69	415.00	191.42	0.0052241	729.99	946.79	3.7558	2.0626	3.2335	718.94	0.026046	2.4731e-05	0.081746	supercritical
380.69	415.00	190.84	0.0052400	732.57	950.03	3.7643	2.0653	3.2330	718.60	0.026069	2.4697e-05	0.081746	supercritical
381.69	415.00	190.26	0.0052560	735.13	953.26	3.7728	2.0681	3.2326	718.28	0.026090	2.4664e-05	0.081748	supercritical
382.69	415.00	189.68	0.0052720	737.70	956.49	3.7813	2.0709	3.2322	717.96	0.026108	2.4632e-05	0.081751	supercritical
383.69	415.00	189.11	0.0052880	740.27	959.72	3.7897	2.0736	3.2318	717.65	0.026122	2.4600e-05	0.081756	supercritical
384.69	415.00	188.54	0.0053040	742.84	962.96	3.7981	2.0764	3.2315	717.36	0.026134	2.4569e-05	0.081762	supercritical
385.69	415.00	187.97	0.0053199	745.41	966.19	3.8065	2.0792	3.2311	717.07	0.026143	2.4538e-05	0.081771	supercritical
386.69	415.00	187.41	0.0053359	747.98	969.42	3.8149	2.0820	3.2308	716.79	0.026148	2.4508e-05	0.081780	supercritical
387.69	415.00	186.85	0.0053519	750.54	972.65	3.8232	2.0848	3.2305	716.52	0.026151	2.4478e-05	0.081792	supercritical
388.69	415.00	186.29	0.0053679	753.11	975.88	3.8315	2.0877	3.2303	716.26	0.026152	2.4449e-05	0.081805	supercritical
389.69	415.00	185.74	0.0053839	755.68	979.11	3.8398	2.0905	3.2300	716.00	0.026149	2.4421e-05	0.081819	supercritical
390.69	415.00	185.19	0.0053999	758.24	982.34	3.8481	2.0933	3.2298	715.76	0.026144	2.4393e-05	0.081835	supercritical
391.69	415.00	184.64	0.0054158	760.81	985.57	3.8564	2.0962	3.2296	715.52	0.026136	2.4365e-05	0.081853	supercritical
392.69	415.00	184.10	0.0054318	763.38	988.80	3.8646	2.0991	3.2295	715.29	0.026126	2.4338e-05	0.081872	supercritical
393.69	415.00	183.56	0.0054478	765.94	992.03	3.8728	2.1020	3.2293	715.07	0.026113	2.4312e-05	0.081893	supercritical
394.69	415.00	183.02	0.0054638	768.51	995.26	3.8810	2.1049	3.2292	714.86	0.026097	2.4286e-05	0.081915	supercritical
395.69	415.00	182.49	0.0054798	771.08	998.49	3.8892	2.1078	3.2291	714.66	0.026079	2.4260e-05	0.081938	supercritical
396.69	415.00	181.96	0.0054957	773.64	1001.7	3.8973	2.1107	3.2290	714.46	0.026059	2.4235e-05	0.081963	supercritical
397.69	415.00	181.43	0.0055117	776.21	1004.9	3.9054	2.1136	3.2290	714.27	0.026036	2.4211e-05	0.081990	supercritical
398.69	415.00	180.91	0.0055277	778.77	1008.2	3.9136	2.1165	3.2290	714.09	0.026010	2.4186e-05	0.082018	supercritical
399.69	415.00	180.39	0.0055436	781.34	1011.4	3.9216	2.1195	3.2290	713.91	0.025983	2.4163e-05	0.082047	supercritical
400.69	415.00	179.87	0.0055596	783.91	1014.6	3.9297	2.1224	3.2290	713.74	0.025953	2.4140e-05	0.082078	supercritical
401.69	415.00	179.35	0.0055756	786.47	1017.9	3.9378	2.1254	3.2291	713.58	0.025921	2.4117e-05	0.082110	supercritical
402.69	415.00	178.84	0.0055915	789.04	1021.1	3.9458	2.1284	3.2291	713.43	0.025886	2.4095e-05	0.082143	supercritical
403.69	415.00	178.33	0.0056075	791.61	1024.3	3.9538	2.1313	3.2292	713.28	0.025850	2.4073e-05	0.082178	supercritical
404.69	415.00	177.83	0.0056235	794.17	1027.5	3.9618	2.1343	3.2294	713.15	0.025811	2.4052e-05	0.082215	supercritical
405.69	415.00	177.32	0.0056394	796.74	1030.8	3.9698	2.1373	3.2295	713.01	0.025770	2.4031e-05	0.082252	supercritical
406.69	415.00	176.82	0.0056554	799.31	1034.0	3.9777	2.1403	3.2297	712.89	0.025727	2.4010e-05	0.082291	supercritical
407.69	415.00	176.33	0.0056713	801.88	1037.2	3.9856	2.1434	3.2299	712.77	0.025682	2.3990e-05	0.082331	supercritical
408.69	415.00	175.83	0.0056873	804.45	1040.5	3.9936	2.1464	3.2301	712.65	0.025635	2.3970e-05	0.082373	supercritical
409.69	415.00	175.34	0.0057032	807.01	1043.7	4.0014	2.1494	3.2303	712.55	0.025587	2.3951e-05	0.082416	supercritical
410.69	415.00	174.85	0.0057191	809.58	1046.9	4.0093	2.1525	3.2306	712.45	0.025536	2.3932e-05	0.082460	supercritical
411.69	415.00	174.37	0.0057351	812.15	1050.2	4.0172	2.1555	3.2309	712.35	0.025483	2.3914e-05	0.082505	supercritical
412.69	415.00	173.88	0.0057510	814.72	1053.4	4.0250	2.1586	3.2312	712.27	0.025429	2.3895e-05	0.082552	supercritical
413.69	415.00	173.40	0.0057669	817.29	1056.6	4.0328	2.1616	3.2315	712.18	0.025372	2.3878e-05	0.082600	supercritical
414.69	415.00	172.93	0.0057828	819.86	1059.9	4.0406	2.1647	3.2319	712.11	0.025314	2.3860e-05	0.082649	supercritical
415.69	415.00	172.45	0.0057987	822.44	1063.1	4.0484	2.1678	3.2323	712.04	0.025255	2.3844e-05	0.082700	supercritical
416.69	415.00	171.98	0.0058147	825.01	1066.3	4.0562	2.1709	3.2327	711.97	0.025193	2.3827e-05	0.082752	supercritical
417.69	415.00	171.51	0.0058306	827.58	1069.5	4.0639	2.1740	3.2331	711.91	0.025130	2.3811e-05	0.082804	supercritical
418.69	415.00	171.04	0.0058465	830.15	1072.8	4.0717	2.1771	3.2336	711.86	0.025065	2.3795e-05	0.082859	supercritical
419.69	415.00	170.58	0.0058624	832.73	1076.0	4.0794	2.1802	3.2340	711.81	0.024999	2.3779e-05	0.082914	supercritical
420.69	415.00	170.12	0.0058783	835.30	1079.3	4.0871	2.1833	3.2345	711.77	0.024931	2.3764e-05	0.082970	supercritical
421.69	415.00	169.66	0.0058941	837.88	1082.5	4.0948	2.1865	3.2351	711.73	0.024861	2.3750e-05	0.083028	supercritical
422.69	415.00	169.20	0.0059100	840.45	1085.7	4.1024	2.1896	3.2356	711.70	0.024790	2.3735e-05	0.083087	supercritical
423.69	415.00	168.75	0.0059259	843.03	1089.0	4.1101	2.1928	3.2362	711.68	0.024717	2.3721e-05	0.083147	supercritical
424.69	415.00	168.30	0.0059418	845.61	1092.2	4.1177	2.1959	3.2367	711.66	0.024643	2.3707e-05	0.083208	supercritical
425.69	415.00	167.85	0.0059576	848.19	1095.4	4.1253	2.1991	3.2373	711.64	0.024568	2.3694e-05	0.083270	supercritical
426.69	415.00	167.41	0.0059735	850.77	1098.7	4.1329	2.2022	3.2380	711.63	0.024491	2.3681e-05	0.083333	supercritical
427.69	415.00	166.96	0.0059894	853.35	1101.9	4.1405	2.2054	3.2386	711.62	0.024413	2.3668e-05	0.083398	supercritical
428.69	415.00	166.52	0.0060052	855.93	1105.1	4.1481	2.2086	3.2393	711.62	0.024333	2.3656e-05	0.083464	supercritical
429.69	415.00	166.08	0.0060210	858.51	1108.4	4.1556	2.2118	3.2400	711.62	0.024253	2.3644e-05	0.083530	supercritical
430.69	415.00	165.65	0.0060369	861.09	1111.6	4.1631	2.2150	3.2407	711.63	0.024171	2.3632e-05	0.083598	supercritical
431.69	415.00	165.22	0.0060527	863.68	1114.9	4.1707	2.2182	3.2414	711.65	0.024087	2.3620e-05	0.083667	supercritical
432.69	415.00	164.78	0.0060685	866.26	1118.1	4.1782	2.2214	3.2422	711.66	0.024003	2.3609e-05	0.083737	supercritical
433.69	415.00	164.36	0.0060844	868.85	1121.4	4.1856	2.2246	3.2430	711.68	0.023917	2.3598e-05	0.083808	supercritical
434.69	415.00	163.93	0.0061002	871.44	1124.6	4.1931	2.2278	3.2438	711.71	0.023830	2.3588e-05	0.083880	supercritical
435.69	415.00	163.51	0.0061160	874.02	1127.8	4.2006	2.2310	3.2446	711.74	0.023742	2.3577e-05	0.083953	supercritical
436.69	415.00	163.08	0.0061318	876.61	1131.1	4.2080	2.2343	3.2454	711.78	0.023653	2.3567e-05	0.084027	supercritical
437.69	415.00	162.67	0.0061476	879.20	1134.3	4.2154	2.2375	3.2463	711.82	0.023563	2.3558e-05	0.084102	supercritical
438.69	415.00	162.25	0.0061634	881.80	1137.6	4.2228	2.2407	3.2472	711.86	0.023472	2.3548e-05	0.084178	supercritical
439.69	415.00	161.83	0.0061792	884.39	1140.8	4.2302	2.2440	3.2481	711.91	0.023379	2.3539e-05	0.084256	supercritical
440.69	415.00	161.42	0.0061949	886.98	1144.1	4.2376	2.2472	3.2490	711.96	0.023286	2.3530e-05	0.084334	supercritical
441.69	415.00	161.01	0.0062107	889.58	1147.3	4.2450	2.2505	3.2499	712.02	0.023192	2.3522e-05	0.084413	supercritical
442.69	415.00	160.60	0.0062265	892.17	1150.6	4.2523	2.2538	3.2509	712.08	0.023097	2.3514e-05	0.084493	supercritical
443.69	415.00	160.20	0.0062422	894.77	1153.8	4.2597	2.2570	3.2519	712.14	0.023001	2.3505e-05	0.084574	supercritical
444.69	415.00	159.80	0.0062580	897.37	1157.1	4.2670	2.2603	3.2529	712.21	0.022903	2.3498e-05	0.084656	supercritical
445.69	415.00	159.39	0.0062737	899.97	1160.3	4.2743	2.2636	3.2539	712.28	0.022806	2.3490e-05	0.084739	supercritical
446.69	415.00	159.00	0.0062895	902.57	1163.6	4.2816	2.2669	3.2549	712.35	0.022707	2.3483e-05	0.084823	supercritical
447.69	415.00	158.60	0.0063052	905.17	1166.8	4.2889	2.2702	3.2560	712.43	0.022607	2.3476e-05	0.084908	supercritical
448.69	415.00	158.20	0.0063209	907.78	1170.1	4.2961	2.2735	3.2571	712.51	0.022507	2.3469e-05	0.084994	supercritical
449.69	415.00	157.81	0.0063366	910.38	1173.4	4.3034	2.2768	3.2582	712.60	0.022405	2.3463e-05	0.085081	supercritical
450.69	415.00	157.42	0.0063523	912.99	1176.6	4.3106	2.2801	3.2593	712.69	0.022303	2.3456e-05	0.085169	supercritical
451.69	415.00	157.03	0.0063681	915.60	1179.9	4.3179	2.2834	3.2604	712.78	0.022201	2.3450e-05	0.085258	supercritical
452.69	415.00	156.65	0.0063837	918.21	1183.1	4.3251	2.2867	3.2616	712.88	0.022097	2.3445e-05	0.085347	supercritical
453.69	415.00	156.26	0.0063994	920.82	1186.4	4.3323	2.2900	3.2627	712.98	0.021993	2.3439e-05	0.085438	supercritical
454.69	415.00	155.88	0.0064151	923.43	1189.7	4.3394	2.2934	3.2639	713.08	0.021888	2.3434e-05	0.085529	supercritical
455.69	415.00	155.50	0.0064308	926.04	1192.9	4.3466	2.2967	3.2651	713.19	0.021782	2.3429e-05	0.085621	supercritical
456.69	415.00	155.12	0.0064465	928.66	1196.2	4.3538	2.3000	3.2663	713.30	0.021676	2.3424e-05	0.085714	supercritical
457.69	415.00	154.75	0.0064621	931.28	1199.5	4.3609	2.3034	3.2676	713.41	0.021569	2.3419e-05	0.085809	supercritical
458.69	415.00	154.37	0.0064778	933.90	1202.7	4.3681	2.3067	3.2688	713.53	0.021462	2.3415e-05	0.085903	supercritical
459.69	415.00	154.00	0.0064934	936.52	1206.0	4.3752	2.3101	3.2701	713.65	0.021354	2.3411e-05	0.085999	supercritical
460.69	415.00	153.63	0.0065091	939.14	1209.3	4.3823	2.3134	3.2714	713.77	0.021245	2.3407e-05	0.086096	supercritical
461.69	415.00	153.26	0.0065247	941.76	1212.5	4.3894	2.3168	3.2727	713.90	0.021136	2.3403e-05	0.086193	supercritical
462.69	415.00	152.90	0.0065403	944.38	1215.8	4.3965	2.3201	3.2740	714.03	0.021026	2.3400e-05	0.086292	supercritical
463.69	415.00	152.53	0.0065560	947.01	1219.1	4.4035	2.3235	3.2754	714.16	0.020916	2.3396e-05	0.086391	supercritical
464.69	415.00	152.17	0.0065716	949.64	1222.4	4.4106	2.3269	3.2767	714.29	0.020805	2.3393e-05	0.086491	supercritical
465.69	415.00	151.81	0.0065872	952.27	1225.6	4.4176	2.3303	3.2781	714.43	0.020694	2.3390e-05	0.086591	supercritical
466.69	415.00	151.45	0.0066028	954.90	1228.9	4.4247	2.3336	3.2795	714.57	0.020582	2.3388e-05	0.086693	supercritical
467.69	415.00	151.09	0.0066184	957.53	1232.2	4.4317	2.3370	3.2809	714.71	0.020470	2.3385e-05	0.086795	supercritical
468.69	415.00	150.74	0.0066339	960.17	1235.5	4.4387	2.3404	3.2823	714.86	0.020357	2.3383e-05	0.086899	supercritical
469.69	415.00	150.39	0.0066495	962.81	1238.8	4.4457	2.3438	3.2838	715.01	0.020244	2.3381e-05	0.087003	supercritical
470.69	415.00	150.04	0.0066651	965.44	1242.0	4.4527	2.3472	3.2852	715.16	0.020130	2.3379e-05	0.087107	supercritical
471.69	415.00	149.69	0.0066807	968.08	1245.3	4.4597	2.3506	3.2867	715.31	0.020017	2.3377e-05	0.087213	supercritical
472.69	415.00	149.34	0.0066962	970.73	1248.6	4.4666	2.3540	3.2882	715.47	0.019902	2.3376e-05	0.087319	supercritical
473.69	415.00	148.99	0.0067118	973.37	1251.9	4.4736	2.3574	3.2897	715.63	0.019788	2.3375e-05	0.087427	supercritical
474.69	415.00	148.65	0.0067273	976.02	1255.2	4.4805	2.3608	3.2912	715.79	0.019673	2.3373e-05	0.087534	supercritical
475.69	415.00	148.31	0.0067428	978.66	1258.5	4.4874	2.3642	3.2927	715.95	0.019557	2.3372e-05	0.087643	supercritical
476.69	415.00	147.97	0.0067583	981.31	1261.8	4.4943	2.3676	3.2943	716.12	0.019442	2.3372e-05	0.087753	supercritical
477.69	415.00	147.63	0.0067739	983.96	1265.1	4.5013	2.3710	3.2958	716.29	0.019326	2.3371e-05	0.087863	supercritical
478.69	415.00	147.29	0.0067894	986.62	1268.4	4.5081	2.3744	3.2974	716.46	0.019210	2.3371e-05	0.087974	supercritical
479.69	415.00	146.95	0.0068049	989.27	1271.7	4.5150	2.3778	3.2990	716.64	0.019093	2.3371e-05	0.088085	supercritical
480.69	415.00	146.62	0.0068204	991.93	1275.0	4.5219	2.3813	3.3006	716.81	0.018976	2.3370e-05	0.088198	supercritical
481.69	415.00	146.29	0.0068359	994.59	1278.3	4.5288	2.3847	3.3022	716.99	0.018859	2.3371e-05	0.088311	supercritical
482.69	415.00	145.96	0.0068513	997.25	1281.6	4.5356	2.3881	3.3038	717.17	0.018742	2.3371e-05	0.088425	supercritical
483.69	415.00	145.63	0.0068668	999.91	1284.9	4.5424	2.3916	3.3055	717.35	0.018625	2.3371e-05	0.088539	supercritical
484.69	415.00	145.30	0.0068823	1002.6	1288.2	4.5493	2.3950	3.3072	717.54	0.018507	2.3372e-05	0.088654	supercritical
485.69	415.00	144.98	0.0068977	1005.2	1291.5	4.5561	2.3984	3.3088	717.73	0.018389	2.3373e-05	0.088770	supercritical
486.69	415.00	144.65	0.0069132	1007.9	1294.8	4.5629	2.4019	3.3105	717.92	0.018271	2.3374e-05	0.088887	supercritical
487.69	415.00	144.33	0.0069286	1010.6	1298.1	4.5697	2.4053	3.3122	718.11	0.018152	2.3375e-05	0.089004	supercritical
488.69	415.00	144.01	0.0069441	1013.3	1301.4	4.5765	2.4088	3.3139	718.30	0.018034	2.3376e-05	0.089122	supercritical
489.69	415.00	143.69	0.0069595	1015.9	1304.7	4.5833	2.4122	3.3157	718.50	0.017915	2.3377e-05	0.089241	supercritical
490.69	415.00	143.37	0.0069749	1018.6	1308.1	4.5900	2.4157	3.3174	718.70	0.017797	2.3379e-05	0.089360	supercritical
491.69	415.00	143.05	0.0069903	1021.3	1311.4	4.5968	2.4191	3.3192	718.90	0.017678	2.3381e-05	0.089481	supercritical
492.69	415.00	142.74	0.0070057	1024.0	1314.7	4.6035	2.4226	3.3209	719.10	0.017559	2.3383e-05	0.089601	supercritical
493.69	415.00	142.43	0.0070211	1026.6	1318.0	4.6103	2.4260	3.3227	719.30	0.017439	2.3385e-05	0.089723	supercritical
494.69	415.00	142.12	0.0070365	1029.3	1321.3	4.6170	2.4295	3.3245	719.51	0.017320	2.3387e-05	0.089845	supercritical
495.69	415.00	141.81	0.0070519	1032.0	1324.7	4.6237	2.4329	3.3263	719.71	0.017201	2.3389e-05	0.089968	supercritical
496.69	415.00	141.50	0.0070673	1034.7	1328.0	4.6304	2.4364	3.3281	719.92	0.017081	2.3392e-05	0.090091	supercritical
497.69	415.00	141.19	0.0070827	1037.4	1331.3	4.6371	2.4399	3.3300	720.14	0.016962	2.3394e-05	0.090215	supercritical
498.69	415.00	140.88	0.0070980	1040.1	1334.7	4.6438	2.4433	3.3318	720.35	0.016842	2.3397e-05	0.090340	supercritical
499.69	415.00	140.58	0.0071134	1042.8	1338.0	4.6505	2.4468	3.3337	720.56	0.016722	2.3400e-05	0.090465	supercritical
500.69	415.00	140.28	0.0071287	1045.5	1341.3	4.6571	2.4503	3.3355	720.78	0.016603	2.3403e-05	0.090591	supercritical
501.69	415.00	139.98	0.0071441	1048.2	1344.7	4.6638	2.4537	3.3374	721.00	0.016483	2.3406e-05	0.090717	supercritical
502.69	415.00	139.68	0.0071594	1050.9	1348.0	4.6704	2.4572	3.3393	721.22	0.016363	2.3409e-05	0.090845	supercritical
503.69	415.00	139.38	0.0071747	1053.6	1351.3	4.6771	2.4607	3.3412	721.44	0.016243	2.3413e-05	0.090972	supercritical
504.69	415.00	139.08	0.0071900	1056.3	1354.7	4.6837	2.4642	3.3431	721.67	0.016123	2.3416e-05	0.091101	supercritical
505.69	415.00	138.79	0.0072054	1059.0	1358.0	4.6903	2.4677	3.3450	721.89	0.016003	2.3420e-05	0.091230	supercritical
506.69	415.00	138.49	0.0072207	1061.7	1361.4	4.6969	2.4711	3.3470	722.12	0.015883	2.3424e-05	0.091359	supercritical
507.69	415.00	138.20	0.0072360	1064.4	1364.7	4.7035	2.4746	3.3489	722.35	0.015763	2.3428e-05	0.091490	supercritical
508.69	415.00	137.91	0.0072512	1067.1	1368.1	4.7101	2.4781	3.3509	722.58	0.015644	2.3432e-05	0.091620	supercritical
509.69	415.00	137.62	0.0072665	1069.9	1371.4	4.7167	2.4816	3.3528	722.81	0.015524	2.3436e-05	0.091752	supercritical
510.69	415.00	137.33	0.0072818	1072.6	1374.8	4.7233	2.4851	3.3548	723.04	0.015404	2.3440e-05	0.091884	supercritical
511.69	415.00	137.04	0.0072971	1075.3	1378.1	4.7298	2.4886	3.3568	723.28	0.015284	2.3445e-05	0.092016	supercritical
512.69	415.00	136.76	0.0073123	1078.0	1381.5	4.7364	2.4921	3.3588	723.51	0.015164	2.3449e-05	0.092150	supercritical
513.69	415.00	136.47	0.0073276	1080.8	1384.8	4.7430	2.4955	3.3608	723.75	0.015045	2.3454e-05	0.092283	supercritical
514.69	415.00	136.19	0.0073428	1083.5	1388.2	4.7495	2.4990	3.3628	723.99	0.014925	2.3459e-05	0.092418	supercritical
515.69	415.00	135.91	0.0073581	1086.2	1391.6	4.7560	2.5025	3.3649	724.23	0.014805	2.3464e-05	0.092553	supercritical
516.69	415.00	135.62	0.0073733	1088.9	1394.9	4.7625	2.5060	3.3669	724.47	0.014686	2.3469e-05	0.092688	supercritical
517.69	415.00	135.35	0.0073885	1091.7	1398.3	4.7691	2.5095	3.3690	724.72	0.014566	2.3474e-05	0.092824	supercritical
518.69	415.00	135.07	0.0074037	1094.4	1401.7	4.7756	2.5130	3.3710	724.96	0.014447	2.3479e-05	0.092961	supercritical
519.69	415.00	134.79	0.0074189	1097.2	1405.1	4.7820	2.5165	3.3731	725.21	0.014328	2.3485e-05	0.093098	supercritical
520.69	415.00	134.51	0.0074341	1099.9	1408.4	4.7885	2.5200	3.3752	725.46	0.014209	2.3490e-05	0.093235	supercritical
521.69	415.00	134.24	0.0074493	1102.7	1411.8	4.7950	2.5235	3.3773	725.71	0.014090	2.3496e-05	0.093374	supercritical
522.69	415.00	133.97	0.0074645	1105.4	1415.2	4.8015	2.5270	3.3794	725.96	0.013971	2.3501e-05	0.093512	supercritical
523.69	415.00	133.70	0.0074797	1108.2	1418.6	4.8079	2.5305	3.3815	726.21	0.013852	2.3507e-05	0.093652	supercritical
524.69	415.00	133.42	0.0074949	1110.9	1421.9	4.8144	2.5340	3.3836	726.46	0.013733	2.3513e-05	0.093791	supercritical
525.69	415.00	133.16	0.0075100	1113.7	1425.3	4.8208	2.5375	3.3857	726.72	0.013614	2.3519e-05	0.093932	supercritical
526.69	415.00	132.89	0.0075252	1116.4	1428.7	4.8273	2.5410	3.3879	726.97	0.013496	2.3525e-05	0.094073	supercritical
527.69	415.00	132.62	0.0075404	1119.2	1432.1	4.8337	2.5445	3.3900	727.23	0.013377	2.3532e-05	0.094214	supercritical
528.69	415.00	132.35	0.0075555	1121.9	1435.5	4.8401	2.5480	3.3922	727.49	0.013259	2.3538e-05	0.094356	supercritical
529.69	415.00	132.09	0.0075706	1124.7	1438.9	4.8465	2.5516	3.3943	727.75	0.013141	2.3544e-05	0.094498	supercritical
530.69	415.00	131.83	0.0075858	1127.5	1442.3	4.8529	2.5551	3.3965	728.01	0.013023	2.3551e-05	0.094641	supercritical
531.69	415.00	131.56	0.0076009	1130.2	1445.7	4.8593	2.5586	3.3987	728.27	0.012905	2.3558e-05	0.094785	supercritical
532.69	415.00	131.30	0.0076160	1133.0	1449.1	4.8657	2.5621	3.4009	728.53	0.012788	2.3564e-05	0.094929	supercritical
533.69	415.00	131.04	0.0076311	1135.8	1452.5	4.8721	2.5656	3.4031	728.80	0.012670	2.3571e-05	0.095073	supercritical
534.69	415.00	130.78	0.0076462	1138.6	1455.9	4.8785	2.5691	3.4053	729.06	0.012553	2.3578e-05	0.095218	supercritical
535.69	415.00	130.53	0.0076613	1141.3	1459.3	4.8848	2.5726	3.4075	729.33	0.012436	2.3585e-05	0.095363	supercritical
536.69	415.00	130.27	0.0076764	1144.1	1462.7	4.8912	2.5761	3.4097	729.60	0.012319	2.3592e-05	0.095509	supercritical
537.69	415.00	130.01	0.0076915	1146.9	1466.1	4.8976	2.5796	3.4120	729.86	0.012202	2.3599e-05	0.095656	supercritical
538.69	415.00	129.76	0.0077066	1149.7	1469.5	4.9039	2.5831	3.4142	730.13	0.012085	2.3607e-05	0.095803	supercritical
539.69	415.00	129.51	0.0077216	1152.5	1472.9	4.9102	2.5867	3.4164	730.40	0.011969	2.3614e-05	0.095950	supercritical
540.69	415.00	129.25	0.0077367	1155.3	1476.4	4.9166	2.5902	3.4187	730.68	0.011852	2.3622e-05	0.096098	supercritical
541.69	415.00	129.00	0.0077518	1158.1	1479.8	4.9229	2.5937	3.4210	730.95	0.011736	2.3629e-05	0.096246	supercritical
542.69	415.00	128.75	0.0077668	1160.9	1483.2	4.9292	2.5972	3.4232	731.22	0.011620	2.3637e-05	0.096395	supercritical
543.69	415.00	128.50	0.0077818	1163.7	1486.6	4.9355	2.6007	3.4255	731.50	0.011505	2.3645e-05	0.096544	supercritical
544.69	415.00	128.26	0.0077969	1166.5	1490.1	4.9418	2.6042	3.4278	731.77	0.011389	2.3652e-05	0.096694	supercritical
545.69	415.00	128.01	0.0078119	1169.3	1493.5	4.9481	2.6077	3.4301	732.05	0.011274	2.3660e-05	0.096844	supercritical
546.69	415.00	127.76	0.0078269	1172.1	1496.9	4.9544	2.6113	3.4324	732.33	0.011159	2.3668e-05	0.096995	supercritical
547.69	415.00	127.52	0.0078419	1174.9	1500.3	4.9606	2.6148	3.4347	732.60	0.011044	2.3676e-05	0.097146	supercritical
548.69	415.00	127.28	0.0078569	1177.7	1503.8	4.9669	2.6183	3.4370	732.88	0.010930	2.3685e-05	0.097297	supercritical
549.69	415.00	127.03	0.0078719	1180.5	1507.2	4.9732	2.6218	3.4393	733.16	0.010815	2.3693e-05	0.097449	supercritical
550.69	415.00	126.79	0.0078869	1183.4	1510.7	4.9794	2.6253	3.4417	733.45	0.010701	2.3701e-05	0.097602	supercritical
551.69	415.00	126.55	0.0079019	1186.2	1514.1	4.9857	2.6288	3.4440	733.73	0.010587	2.3710e-05	0.097755	supercritical
552.69	415.00	126.31	0.0079169	1189.0	1517.5	4.9919	2.6324	3.4464	734.01	0.010473	2.3718e-05	0.097908	supercritical
553.69	415.00	126.07	0.0079319	1191.8	1521.0	4.9981	2.6359	3.4487	734.30	0.010360	2.3727e-05	0.098062	supercritical
554.69	415.00	125.84	0.0079468	1194.7	1524.4	5.0044	2.6394	3.4511	734.58	0.010246	2.3735e-05	0.098216	supercritical
555.69	415.00	125.60	0.0079618	1197.5	1527.9	5.0106	2.6429	3.4534	734.87	0.010133	2.3744e-05	0.098371	supercritical
556.69	415.00	125.36	0.0079768	1200.3	1531.4	5.0168	2.6464	3.4558	735.15	0.010021	2.3753e-05	0.098526	supercritical
557.69	415.00	125.13	0.0079917	1203.2	1534.8	5.0230	2.6499	3.4582	735.44	0.0099079	2.3762e-05	0.098681	supercritical
558.69	415.00	124.90	0.0080067	1206.0	1538.3	5.0292	2.6534	3.4606	735.73	0.0097956	2.3771e-05	0.098837	supercritical
559.69	415.00	124.66	0.0080216	1208.8	1541.7	5.0354	2.6570	3.4630	736.02	0.0096835	2.3780e-05	0.098994	supercritical
560.69	415.00	124.43	0.0080365	1211.7	1545.2	5.0416	2.6605	3.4654	736.31	0.0095717	2.3789e-05	0.099150	supercritical
561.69	415.00	124.20	0.0080514	1214.5	1548.7	5.0477	2.6640	3.4678	736.60	0.0094601	2.3798e-05	0.099307	supercritical
562.69	415.00	123.97	0.0080663	1217.4	1552.1	5.0539	2.6675	3.4702	736.89	0.0093488	2.3807e-05	0.099465	supercritical
563.69	415.00	123.74	0.0080813	1220.2	1555.6	5.0601	2.6710	3.4726	737.18	0.0092377	2.3817e-05	0.099623	supercritical
564.69	415.00	123.52	0.0080962	1223.1	1559.1	5.0662	2.6745	3.4750	737.47	0.0091268	2.3826e-05	0.099781	supercritical
565.69	415.00	123.29	0.0081111	1225.9	1562.6	5.0724	2.6780	3.4774	737.77	0.0090163	2.3835e-05	0.099940	supercritical
566.69	415.00	123.06	0.0081259	1228.8	1566.0	5.0785	2.6816	3.4799	738.06	0.0089060	2.3845e-05	0.10010	supercritical
567.69	415.00	122.84	0.0081408	1231.7	1569.5	5.0847	2.6851	3.4823	738.36	0.0087959	2.3855e-05	0.10026	supercritical
568.69	415.00	122.61	0.0081557	1234.5	1573.0	5.0908	2.6886	3.4847	738.65	0.0086861	2.3864e-05	0.10042	supercritical
569.69	415.00	122.39	0.0081706	1237.4	1576.5	5.0969	2.6921	3.4872	738.95	0.0085766	2.3874e-05	0.10058	supercritical
570.69	415.00	122.17	0.0081854	1240.3	1580.0	5.1030	2.6956	3.4897	739.25	0.0084673	2.3884e-05	0.10074	supercritical
571.69	415.00	121.95	0.0082003	1243.1	1583.5	5.1091	2.6991	3.4921	739.54	0.0083583	2.3894e-05	0.10090	supercritical
572.69	415.00	121.73	0.0082151	1246.0	1587.0	5.1153	2.7026	3.4946	739.84	0.0082496	2.3903e-05	0.10106	supercritical
573.69	415.00	121.51	0.0082300	1248.9	1590.4	5.1213	2.7061	3.4971	740.14	0.0081411	2.3913e-05	0.10123	supercritical
574.69	415.00	121.29	0.0082448	1251.8	1593.9	5.1274	2.7096	3.4995	740.44	0.0080330	2.3923e-05	0.10139	supercritical
575.69	415.00	121.07	0.0082597	1254.7	1597.4	5.1335	2.7132	3.5020	740.74	0.0079251	2.3934e-05	0.10155	supercritical
576.69	415.00	120.85	0.0082745	1257.6	1601.0	5.1396	2.7167	3.5045	741.04	0.0078174	2.3944e-05	0.10171	supercritical
577.69	415.00	120.64	0.0082893	1260.5	1604.5	5.1457	2.7202	3.5070	741.34	0.0077101	2.3954e-05	0.10188	supercritical
578.69	415.00	120.42	0.0083041	1263.3	1608.0	5.1517	2.7237	3.5095	741.65	0.0076030	2.3964e-05	0.10204	supercritical
579.69	415.00	120.21	0.0083189	1266.2	1611.5	5.1578	2.7272	3.5120	741.95	0.0074962	2.3975e-05	0.10220	supercritical
580.69	415.00	119.99	0.0083337	1269.1	1615.0	5.1639	2.7307	3.5145	742.25	0.0073897	2.3985e-05	0.10237	supercritical
581.69	415.00	119.78	0.0083485	1272.0	1618.5	5.1699	2.7342	3.5170	742.56	0.0072834	2.3996e-05	0.10253	supercritical
582.69	415.00	119.57	0.0083633	1274.9	1622.0	5.1760	2.7377	3.5195	742.86	0.0071775	2.4006e-05	0.10270	supercritical
583.69	415.00	119.36	0.0083781	1277.9	1625.5	5.1820	2.7412	3.5221	743.17	0.0070718	2.4017e-05	0.10287	supercritical
584.69	415.00	119.15	0.0083929	1280.8	1629.1	5.1880	2.7447	3.5246	743.47	0.0069664	2.4027e-05	0.10303	supercritical
585.69	415.00	118.94	0.0084077	1283.7	1632.6	5.1941	2.7482	3.5271	743.78	0.0068613	2.4038e-05	0.10320	supercritical
586.69	415.00	118.73	0.0084224	1286.6	1636.1	5.2001	2.7517	3.5297	744.09	0.0067565	2.4049e-05	0.10336	supercritical
587.69	415.00	118.52	0.0084372	1289.5	1639.7	5.2061	2.7552	3.5322	744.39	0.0066520	2.4060e-05	0.10353	supercritical
588.69	415.00	118.32	0.0084519	1292.4	1643.2	5.2121	2.7587	3.5348	744.70	0.0065477	2.4070e-05	0.10370	supercritical
589.69	415.00	118.11	0.0084667	1295.4	1646.7	5.2181	2.7622	3.5373	745.01	0.0064438	2.4081e-05	0.10387	supercritical
590.69	415.00	117.90	0.0084814	1298.3	1650.3	5.2241	2.7657	3.5399	745.32	0.0063401	2.4092e-05	0.10403	supercritical
591.69	415.00	117.70	0.0084962	1301.2	1653.8	5.2301	2.7692	3.5424	745.63	0.0062367	2.4103e-05	0.10420	supercritical
592.69	415.00	117.50	0.0085109	1304.1	1657.3	5.2361	2.7727	3.5450	745.94	0.0061337	2.4114e-05	0.10437	supercritical
593.69	415.00	117.29	0.0085256	1307.1	1660.9	5.2420	2.7762	3.5476	746.25	0.0060309	2.4126e-05	0.10454	supercritical
594.69	415.00	117.09	0.0085403	1310.0	1664.4	5.2480	2.7797	3.5501	746.56	0.0059284	2.4137e-05	0.10471	supercritical
595.69	415.00	116.89	0.0085550	1313.0	1668.0	5.2540	2.7832	3.5527	746.87	0.0058262	2.4148e-05	0.10488	supercritical
596.69	415.00	116.69	0.0085697	1315.9	1671.5	5.2599	2.7867	3.5553	747.19	0.0057243	2.4159e-05	0.10505	supercritical
597.69	415.00	116.49	0.0085844	1318.8	1675.1	5.2659	2.7902	3.5579	747.50	0.0056226	2.4171e-05	0.10522	supercritical
598.69	415.00	116.29	0.0085991	1321.8	1678.7	5.2718	2.7937	3.5605	747.81	0.0055213	2.4182e-05	0.10539	supercritical
599.69	415.00	116.09	0.0086138	1324.7	1682.2	5.2778	2.7972	3.5631	748.12	0.0054203	2.4193e-05	0.10556	supercritical
600.69	415.00	115.89	0.0086285	1327.7	1685.8	5.2837	2.8007	3.5657	748.44	0.0053196	2.4205e-05	0.10573	supercritical
601.69	415.00	115.70	0.0086432	1330.7	1689.4	5.2897	2.8041	3.5683	748.75	0.0052191	2.4216e-05	0.10591	supercritical
602.69	415.00	115.50	0.0086579	1333.6	1692.9	5.2956	2.8076	3.5709	749.07	0.0051190	2.4228e-05	0.10608	supercritical
603.69	415.00	115.31	0.0086725	1336.6	1696.5	5.3015	2.8111	3.5735	749.38	0.0050192	2.4240e-05	0.10625	supercritical
604.69	415.00	115.11	0.0086872	1339.6	1700.1	5.3074	2.8146	3.5761	749.70	0.0049196	2.4251e-05	0.10642	supercritical
605.69	415.00	114.92	0.0087018	1342.5	1703.6	5.3133	2.8181	3.5787	750.02	0.0048204	2.4263e-05	0.10660	supercritical
606.69	415.00	114.73	0.0087165	1345.5	1707.2	5.3192	2.8216	3.5813	750.33	0.0047214	2.4275e-05	0.10677	supercritical
607.69	415.00	114.53	0.0087311	1348.5	1710.8	5.3251	2.8250	3.5839	750.65	0.0046228	2.4287e-05	0.10694	supercritical
608.69	415.00	114.34	0.0087458	1351.4	1714.4	5.3310	2.8285	3.5866	750.97	0.0045245	2.4299e-05	0.10712	supercritical
609.69	415.00	114.15	0.0087604	1354.4	1718.0	5.3369	2.8320	3.5892	751.28	0.0044264	2.4310e-05	0.10729	supercritical
610.69	415.00	113.96	0.0087750	1357.4	1721.6	5.3428	2.8355	3.5918	751.60	0.0043287	2.4322e-05	0.10747	supercritical
611.69	415.00	113.77	0.0087896	1360.4	1725.2	5.3487	2.8390	3.5945	751.92	0.0042312	2.4334e-05	0.10764	supercritical
612.69	415.00	113.58	0.0088043	1363.4	1728.8	5.3546	2.8424	3.5971	752.24	0.0041341	2.4346e-05	0.10782	supercritical
613.69	415.00	113.39	0.0088189	1366.4	1732.4	5.3604	2.8459	3.5998	752.56	0.0040372	2.4358e-05	0.10799	supercritical
614.69	415.00	113.21	0.0088335	1369.4	1736.0	5.3663	2.8494	3.6024	752.88	0.0039406	2.4371e-05	0.10817	supercritical
615.69	415.00	113.02	0.0088481	1372.4	1739.6	5.3722	2.8529	3.6050	753.20	0.0038444	2.4383e-05	0.10834	supercritical
616.69	415.00	112.83	0.0088627	1375.4	1743.2	5.3780	2.8563	3.6077	753.52	0.0037484	2.4395e-05	0.10852	supercritical
617.69	415.00	112.65	0.0088773	1378.4	1746.8	5.3839	2.8598	3.6104	753.84	0.0036528	2.4407e-05	0.10870	supercritical
618.69	415.00	112.46	0.0088918	1381.4	1750.4	5.3897	2.8633	3.6130	754.16	0.0035574	2.4420e-05	0.10887	supercritical
619.69	415.00	112.28	0.0089064	1384.4	1754.0	5.3955	2.8667	3.6157	754.48	0.0034624	2.4432e-05	0.10905	supercritical
620.69	415.00	112.10	0.0089210	1387.4	1757.6	5.4014	2.8702	3.6183	754.81	0.0033676	2.4444e-05	0.10923	supercritical
621.69	415.00	111.91	0.0089355	1390.4	1761.2	5.4072	2.8737	3.6210	755.13	0.0032732	2.4457e-05	0.10941	supercritical
622.69	415.00	111.73	0.0089501	1393.4	1764.9	5.4130	2.8771	3.6237	755.45	0.0031790	2.4469e-05	0.10959	supercritical
623.69	415.00	111.55	0.0089647	1396.5	1768.5	5.4188	2.8806	3.6264	755.77	0.0030852	2.4482e-05	0.10976	supercritical
624.69	415.00	111.37	0.0089792	1399.5	1772.1	5.4246	2.8841	3.6290	756.10	0.0029916	2.4494e-05	0.10994	supercritical