Temperature (K)	Pressure (bar)	Density (kg/m3)	Volume (m3/kg)	Internal Energy (kJ/kg)	Enthalpy (kJ/kg)	Entropy (J/g*K)	Cv (J/g*K)	Cp (J/g*K)	Sound Spd. (m/s)	Joule-Thomson (K/bar)	Viscosity (Pa*s)	Therm. Cond. (W/m*K)	Phase
90.694	597.00	481.83	0.0020754	-96.074	27.828	-1.0185	2.2815	3.2114	1853.0	-0.052610	0.00041798	0.25673	liquid
105.69	597.00	467.14	0.0021407	-51.926	75.873	-0.52820	2.2094	3.1980	1767.5	-0.052211	0.00023698	0.24320	liquid
106.69	597.00	466.17	0.0021451	-48.995	79.071	-0.49809	2.2052	3.1975	1761.7	-0.052168	0.00023011	0.24220	liquid
107.69	597.00	465.20	0.0021496	-46.065	82.268	-0.46826	2.2011	3.1971	1755.9	-0.052123	0.00022363	0.24120	liquid
108.69	597.00	464.23	0.0021541	-43.136	85.465	-0.43871	2.1970	3.1967	1750.1	-0.052077	0.00021749	0.24019	liquid
109.69	597.00	463.26	0.0021586	-40.209	88.661	-0.40944	2.1929	3.1962	1744.4	-0.052029	0.00021169	0.23918	liquid
110.69	597.00	462.29	0.0021632	-37.283	91.857	-0.38044	2.1889	3.1958	1738.6	-0.051981	0.00020620	0.23816	liquid
111.69	597.00	461.32	0.0021677	-34.359	95.053	-0.35170	2.1848	3.1954	1732.8	-0.051932	0.00020098	0.23713	liquid
112.69	597.00	460.35	0.0021723	-31.436	98.248	-0.32322	2.1809	3.1950	1727.0	-0.051881	0.00019603	0.23610	liquid
113.69	597.00	459.38	0.0021768	-28.514	101.44	-0.29499	2.1769	3.1945	1721.2	-0.051829	0.00019132	0.23506	liquid
114.69	597.00	458.42	0.0021814	-25.594	104.64	-0.26702	2.1729	3.1941	1715.5	-0.051777	0.00018685	0.23402	liquid
115.69	597.00	457.45	0.0021860	-22.675	107.83	-0.23930	2.1690	3.1936	1709.7	-0.051723	0.00018258	0.23298	liquid
116.69	597.00	456.48	0.0021907	-19.758	111.02	-0.21181	2.1651	3.1932	1703.9	-0.051668	0.00017851	0.23193	liquid
117.69	597.00	455.52	0.0021953	-16.842	114.22	-0.18457	2.1612	3.1927	1698.2	-0.051613	0.00017463	0.23088	liquid
118.69	597.00	454.55	0.0022000	-13.928	117.41	-0.15756	2.1574	3.1923	1692.5	-0.051556	0.00017092	0.22983	liquid
119.69	597.00	453.59	0.0022046	-11.015	120.60	-0.13078	2.1536	3.1918	1686.7	-0.051498	0.00016738	0.22878	liquid
120.69	597.00	452.63	0.0022093	-8.1038	123.79	-0.10422	2.1497	3.1913	1681.0	-0.051439	0.00016399	0.22772	liquid
121.69	597.00	451.66	0.0022140	-5.1941	126.98	-0.077893	2.1460	3.1908	1675.3	-0.051380	0.00016073	0.22667	liquid
122.69	597.00	450.70	0.0022188	-2.2860	130.17	-0.051782	2.1422	3.1903	1669.6	-0.051319	0.00015762	0.22561	liquid
123.69	597.00	449.74	0.0022235	0.62048	133.36	-0.025888	2.1384	3.1898	1663.9	-0.051257	0.00015463	0.22455	liquid
124.69	597.00	448.77	0.0022283	3.5254	136.55	-0.00020605	2.1347	3.1892	1658.2	-0.051194	0.00015175	0.22349	liquid
125.69	597.00	447.81	0.0022331	6.4286	139.74	0.025266	2.1310	3.1887	1652.6	-0.051130	0.00014899	0.22243	liquid
126.69	597.00	446.85	0.0022379	9.3303	142.93	0.050533	2.1273	3.1882	1646.9	-0.051065	0.00014634	0.22138	liquid
127.69	597.00	445.89	0.0022427	12.230	146.12	0.075596	2.1236	3.1876	1641.3	-0.050999	0.00014378	0.22032	liquid
128.69	597.00	444.93	0.0022475	15.129	149.31	0.10046	2.1200	3.1871	1635.7	-0.050931	0.00014132	0.21926	liquid
129.69	597.00	443.97	0.0022524	18.025	152.49	0.12513	2.1164	3.1865	1630.1	-0.050863	0.00013894	0.21820	liquid
130.69	597.00	443.01	0.0022573	20.920	155.68	0.14960	2.1128	3.1859	1624.5	-0.050793	0.00013665	0.21715	liquid
131.69	597.00	442.05	0.0022622	23.813	158.87	0.17388	2.1092	3.1854	1618.9	-0.050723	0.00013444	0.21610	liquid
132.69	597.00	441.09	0.0022671	26.705	162.05	0.19798	2.1056	3.1848	1613.3	-0.050651	0.00013231	0.21504	liquid
133.69	597.00	440.13	0.0022720	29.594	165.24	0.22188	2.1021	3.1842	1607.8	-0.050578	0.00013024	0.21399	liquid
134.69	597.00	439.17	0.0022770	32.482	168.42	0.24561	2.0986	3.1836	1602.2	-0.050504	0.00012824	0.21294	liquid
135.69	597.00	438.22	0.0022820	35.368	171.60	0.26916	2.0951	3.1830	1596.7	-0.050428	0.00012631	0.21190	liquid
136.69	597.00	437.26	0.0022870	38.253	174.79	0.29253	2.0917	3.1825	1591.2	-0.050351	0.00012444	0.21085	liquid
137.69	597.00	436.30	0.0022920	41.135	177.97	0.31572	2.0882	3.1819	1585.7	-0.050273	0.00012262	0.20981	liquid
138.69	597.00	435.34	0.0022970	44.016	181.15	0.33874	2.0848	3.1813	1580.3	-0.050194	0.00012086	0.20877	liquid
139.69	597.00	434.39	0.0023021	46.895	184.33	0.36160	2.0814	3.1807	1574.8	-0.050114	0.00011915	0.20774	liquid
140.69	597.00	433.43	0.0023072	49.772	187.51	0.38428	2.0781	3.1801	1569.4	-0.050032	0.00011749	0.20670	liquid
141.69	597.00	432.47	0.0023123	52.648	190.69	0.40680	2.0747	3.1795	1564.0	-0.049949	0.00011588	0.20567	liquid
142.69	597.00	431.52	0.0023174	55.521	193.87	0.42916	2.0714	3.1789	1558.6	-0.049865	0.00011432	0.20464	liquid
143.69	597.00	430.56	0.0023225	58.393	197.05	0.45136	2.0681	3.1783	1553.2	-0.049779	0.00011280	0.20362	liquid
144.69	597.00	429.61	0.0023277	61.262	200.23	0.47340	2.0649	3.1777	1547.8	-0.049692	0.00011132	0.20260	liquid
145.69	597.00	428.65	0.0023329	64.130	203.40	0.49528	2.0616	3.1771	1542.5	-0.049603	0.00010988	0.20158	liquid
146.69	597.00	427.70	0.0023381	66.996	206.58	0.51701	2.0584	3.1766	1537.1	-0.049514	0.00010848	0.20057	liquid
147.69	597.00	426.75	0.0023433	69.861	209.76	0.53859	2.0552	3.1760	1531.8	-0.049422	0.00010711	0.19956	liquid
148.69	597.00	425.79	0.0023486	72.723	212.93	0.56002	2.0521	3.1754	1526.5	-0.049330	0.00010578	0.19856	liquid
149.69	597.00	424.84	0.0023538	75.583	216.11	0.58130	2.0490	3.1748	1521.2	-0.049236	0.00010449	0.19755	liquid
150.69	597.00	423.88	0.0023591	78.442	219.28	0.60244	2.0459	3.1742	1516.0	-0.049140	0.00010322	0.19656	liquid
151.69	597.00	422.93	0.0023644	81.298	222.46	0.62343	2.0428	3.1737	1510.7	-0.049044	0.00010199	0.19556	liquid
152.69	597.00	421.98	0.0023698	84.153	225.63	0.64428	2.0398	3.1731	1505.5	-0.048945	0.00010079	0.19457	liquid
153.69	597.00	421.03	0.0023751	87.006	228.80	0.66500	2.0367	3.1725	1500.3	-0.048845	9.9614e-05	0.19359	liquid
154.69	597.00	420.08	0.0023805	89.857	231.97	0.68557	2.0338	3.1720	1495.1	-0.048744	9.8467e-05	0.19261	liquid
155.69	597.00	419.12	0.0023859	92.706	235.15	0.70601	2.0308	3.1714	1490.0	-0.048642	9.7346e-05	0.19163	liquid
156.69	597.00	418.17	0.0023914	95.553	238.32	0.72631	2.0279	3.1709	1484.8	-0.048537	9.6251e-05	0.19066	liquid
157.69	597.00	417.22	0.0023968	98.398	241.49	0.74648	2.0250	3.1703	1479.7	-0.048432	9.5181e-05	0.18970	liquid
158.69	597.00	416.27	0.0024023	101.24	244.66	0.76652	2.0221	3.1698	1474.6	-0.048325	9.4134e-05	0.18874	liquid
159.69	597.00	415.32	0.0024078	104.08	247.83	0.78643	2.0193	3.1693	1469.5	-0.048216	9.3111e-05	0.18778	liquid
160.69	597.00	414.37	0.0024133	106.92	251.00	0.80621	2.0164	3.1688	1464.4	-0.048106	9.2109e-05	0.18683	liquid
161.69	597.00	413.42	0.0024188	109.76	254.16	0.82587	2.0137	3.1682	1459.4	-0.047994	9.1129e-05	0.18588	liquid
162.69	597.00	412.47	0.0024244	112.60	257.33	0.84540	2.0109	3.1677	1454.4	-0.047881	9.0169e-05	0.18494	liquid
163.69	597.00	411.52	0.0024300	115.43	260.50	0.86481	2.0082	3.1672	1449.4	-0.047766	8.9229e-05	0.18400	liquid
164.69	597.00	410.57	0.0024356	118.26	263.67	0.88410	2.0055	3.1667	1444.4	-0.047650	8.8309e-05	0.18307	liquid
165.69	597.00	409.63	0.0024413	121.09	266.83	0.90326	2.0028	3.1662	1439.4	-0.047532	8.7407e-05	0.18214	liquid
166.69	597.00	408.68	0.0024469	123.92	270.00	0.92231	2.0002	3.1658	1434.5	-0.047412	8.6524e-05	0.18122	liquid
167.69	597.00	407.73	0.0024526	126.74	273.17	0.94125	1.9976	3.1653	1429.5	-0.047291	8.5658e-05	0.18031	liquid
168.69	597.00	406.78	0.0024583	129.57	276.33	0.96007	1.9950	3.1648	1424.6	-0.047169	8.4809e-05	0.17939	liquid
169.69	597.00	405.84	0.0024641	132.39	279.50	0.97877	1.9924	3.1644	1419.7	-0.047044	8.3976e-05	0.17849	liquid
170.69	597.00	404.89	0.0024698	135.21	282.66	0.99736	1.9899	3.1639	1414.9	-0.046919	8.3160e-05	0.17759	liquid
171.69	597.00	403.94	0.0024756	138.03	285.82	1.0158	1.9874	3.1635	1410.0	-0.046791	8.2359e-05	0.17669	liquid
172.69	597.00	403.00	0.0024814	140.85	288.99	1.0342	1.9850	3.1630	1405.2	-0.046663	8.1573e-05	0.17580	liquid
173.69	597.00	402.05	0.0024872	143.66	292.15	1.0525	1.9825	3.1626	1400.4	-0.046532	8.0801e-05	0.17492	liquid
174.69	597.00	401.11	0.0024931	146.47	295.31	1.0706	1.9801	3.1622	1395.6	-0.046400	8.0044e-05	0.17404	liquid
175.69	597.00	400.16	0.0024990	149.28	298.47	1.0887	1.9778	3.1618	1390.9	-0.046267	7.9301e-05	0.17317	liquid
176.69	597.00	399.22	0.0025049	152.09	301.64	1.1066	1.9754	3.1614	1386.1	-0.046131	7.8571e-05	0.17230	liquid
177.69	597.00	398.27	0.0025108	154.90	304.80	1.1245	1.9731	3.1610	1381.4	-0.045995	7.7854e-05	0.17144	liquid
178.69	597.00	397.33	0.0025168	157.70	307.96	1.1422	1.9708	3.1606	1376.7	-0.045856	7.7150e-05	0.17058	liquid
179.69	597.00	396.39	0.0025228	160.51	311.12	1.1598	1.9686	3.1602	1372.0	-0.045716	7.6458e-05	0.16973	liquid
180.69	597.00	395.45	0.0025288	163.31	314.28	1.1774	1.9664	3.1599	1367.4	-0.045575	7.5778e-05	0.16888	liquid
181.69	597.00	394.50	0.0025348	166.11	317.44	1.1948	1.9642	3.1595	1362.8	-0.045432	7.5110e-05	0.16804	liquid
182.69	597.00	393.56	0.0025409	168.91	320.60	1.2122	1.9621	3.1592	1358.1	-0.045287	7.4454e-05	0.16721	liquid
183.69	597.00	392.62	0.0025470	171.70	323.76	1.2294	1.9599	3.1588	1353.6	-0.045141	7.3808e-05	0.16638	liquid
184.69	597.00	391.68	0.0025531	174.49	326.91	1.2465	1.9578	3.1585	1349.0	-0.044993	7.3174e-05	0.16556	liquid
185.69	597.00	390.74	0.0025592	177.29	330.07	1.2636	1.9558	3.1582	1344.4	-0.044844	7.2550e-05	0.16474	liquid
186.69	597.00	389.80	0.0025654	180.08	333.23	1.2806	1.9538	3.1578	1339.9	-0.044693	7.1936e-05	0.16393	liquid
187.69	597.00	388.86	0.0025716	182.86	336.39	1.2974	1.9518	3.1575	1335.4	-0.044540	7.1333e-05	0.16312	liquid
188.69	597.00	387.92	0.0025778	185.65	339.55	1.3142	1.9498	3.1572	1330.9	-0.044386	7.0739e-05	0.16232	liquid
189.69	597.00	386.99	0.0025841	188.43	342.70	1.3309	1.9479	3.1569	1326.5	-0.044231	7.0155e-05	0.16153	liquid
190.69	597.00	386.05	0.0025903	191.22	345.86	1.3475	1.9460	3.1567	1322.0	-0.044074	6.9580e-05	0.16075	supercritical
191.69	597.00	385.11	0.0025967	194.00	349.02	1.3640	1.9441	3.1564	1317.6	-0.043915	6.9014e-05	0.15996	supercritical
192.69	597.00	384.18	0.0026030	196.77	352.17	1.3804	1.9423	3.1561	1313.2	-0.043755	6.8457e-05	0.15918	supercritical
193.69	597.00	383.24	0.0026093	199.55	355.33	1.3968	1.9404	3.1559	1308.9	-0.043593	6.7909e-05	0.15841	supercritical
194.69	597.00	382.30	0.0026157	202.33	358.48	1.4130	1.9387	3.1556	1304.5	-0.043430	6.7370e-05	0.15764	supercritical
195.69	597.00	381.37	0.0026221	205.10	361.64	1.4292	1.9369	3.1554	1300.2	-0.043265	6.6839e-05	0.15688	supercritical
196.69	597.00	380.44	0.0026286	207.87	364.79	1.4453	1.9352	3.1551	1295.9	-0.043099	6.6316e-05	0.15612	supercritical
197.69	597.00	379.50	0.0026350	210.64	367.95	1.4613	1.9335	3.1549	1291.6	-0.042931	6.5801e-05	0.15537	supercritical
198.69	597.00	378.57	0.0026415	213.41	371.10	1.4772	1.9319	3.1547	1287.3	-0.042762	6.5294e-05	0.15463	supercritical
199.69	597.00	377.64	0.0026480	216.17	374.26	1.4930	1.9303	3.1545	1283.1	-0.042592	6.4794e-05	0.15389	supercritical
200.69	597.00	376.71	0.0026546	218.94	377.41	1.5088	1.9287	3.1543	1278.9	-0.042420	6.4302e-05	0.15316	supercritical
201.69	597.00	375.78	0.0026612	221.70	380.57	1.5244	1.9271	3.1541	1274.7	-0.042246	6.3818e-05	0.15243	supercritical
202.69	597.00	374.85	0.0026678	224.46	383.72	1.5400	1.9256	3.1539	1270.5	-0.042071	6.3340e-05	0.15171	supercritical
203.69	597.00	373.92	0.0026744	227.21	386.88	1.5556	1.9241	3.1537	1266.4	-0.041895	6.2870e-05	0.15099	supercritical
204.69	597.00	372.99	0.0026810	229.97	390.03	1.5710	1.9226	3.1536	1262.2	-0.041717	6.2406e-05	0.15028	supercritical
205.69	597.00	372.06	0.0026877	232.73	393.18	1.5864	1.9212	3.1534	1258.1	-0.041538	6.1949e-05	0.14958	supercritical
206.69	597.00	371.13	0.0026944	235.48	396.34	1.6017	1.9198	3.1533	1254.1	-0.041357	6.1499e-05	0.14888	supercritical
207.69	597.00	370.21	0.0027012	238.23	399.49	1.6169	1.9185	3.1531	1250.0	-0.041175	6.1055e-05	0.14819	supercritical
208.69	597.00	369.28	0.0027079	240.98	402.64	1.6320	1.9171	3.1530	1246.0	-0.040992	6.0618e-05	0.14750	supercritical
209.69	597.00	368.36	0.0027147	243.72	405.80	1.6471	1.9158	3.1528	1241.9	-0.040807	6.0187e-05	0.14682	supercritical
210.69	597.00	367.43	0.0027216	246.47	408.95	1.6621	1.9146	3.1527	1238.0	-0.040621	5.9762e-05	0.14614	supercritical
211.69	597.00	366.51	0.0027284	249.21	412.10	1.6770	1.9133	3.1526	1234.0	-0.040434	5.9343e-05	0.14547	supercritical
212.69	597.00	365.59	0.0027353	251.96	415.25	1.6919	1.9121	3.1525	1230.0	-0.040246	5.8929e-05	0.14481	supercritical
213.69	597.00	364.67	0.0027422	254.70	418.41	1.7067	1.9109	3.1524	1226.1	-0.040056	5.8522e-05	0.14415	supercritical
214.69	597.00	363.75	0.0027492	257.43	421.56	1.7214	1.9098	3.1523	1222.2	-0.039865	5.8120e-05	0.14350	supercritical
215.69	597.00	362.83	0.0027561	260.17	424.71	1.7360	1.9087	3.1522	1218.4	-0.039673	5.7724e-05	0.14285	supercritical
216.69	597.00	361.91	0.0027631	262.90	427.86	1.7506	1.9076	3.1521	1214.5	-0.039479	5.7333e-05	0.14221	supercritical
217.69	597.00	360.99	0.0027701	265.64	431.01	1.7651	1.9066	3.1520	1210.7	-0.039285	5.6947e-05	0.14157	supercritical
218.69	597.00	360.08	0.0027772	268.37	434.17	1.7796	1.9056	3.1519	1206.9	-0.039089	5.6567e-05	0.14094	supercritical
219.69	597.00	359.16	0.0027843	271.10	437.32	1.7940	1.9046	3.1519	1203.1	-0.038892	5.6192e-05	0.14031	supercritical
220.69	597.00	358.25	0.0027914	273.83	440.47	1.8083	1.9036	3.1518	1199.3	-0.038694	5.5822e-05	0.13969	supercritical
221.69	597.00	357.33	0.0027985	276.55	443.62	1.8225	1.9027	3.1518	1195.6	-0.038494	5.5457e-05	0.13908	supercritical
222.69	597.00	356.42	0.0028057	279.27	446.77	1.8367	1.9018	3.1517	1191.9	-0.038294	5.5097e-05	0.13847	supercritical
223.69	597.00	355.51	0.0028129	282.00	449.93	1.8508	1.9010	3.1517	1188.2	-0.038093	5.4741e-05	0.13786	supercritical
224.69	597.00	354.60	0.0028201	284.72	453.08	1.8649	1.9001	3.1516	1184.5	-0.037890	5.4391e-05	0.13727	supercritical
225.69	597.00	353.69	0.0028273	287.44	456.23	1.8789	1.8994	3.1516	1180.9	-0.037687	5.4045e-05	0.13667	supercritical
226.69	597.00	352.78	0.0028346	290.15	459.38	1.8928	1.8986	3.1516	1177.2	-0.037482	5.3703e-05	0.13609	supercritical
227.69	597.00	351.87	0.0028419	292.87	462.53	1.9067	1.8979	3.1515	1173.6	-0.037277	5.3366e-05	0.13550	supercritical
228.69	597.00	350.97	0.0028493	295.58	465.68	1.9205	1.8972	3.1515	1170.1	-0.037070	5.3033e-05	0.13493	supercritical
229.69	597.00	350.06	0.0028566	298.29	468.83	1.9342	1.8965	3.1515	1166.5	-0.036863	5.2705e-05	0.13436	supercritical
230.69	597.00	349.16	0.0028640	301.00	471.99	1.9479	1.8959	3.1515	1163.0	-0.036655	5.2381e-05	0.13379	supercritical
231.69	597.00	348.26	0.0028714	303.71	475.14	1.9616	1.8953	3.1515	1159.5	-0.036445	5.2061e-05	0.13323	supercritical
232.69	597.00	347.36	0.0028789	306.42	478.29	1.9751	1.8947	3.1515	1156.0	-0.036235	5.1745e-05	0.13267	supercritical
233.69	597.00	346.46	0.0028864	309.12	481.44	1.9887	1.8942	3.1515	1152.5	-0.036025	5.1434e-05	0.13212	supercritical
234.69	597.00	345.56	0.0028939	311.83	484.59	2.0021	1.8937	3.1515	1149.1	-0.035813	5.1126e-05	0.13158	supercritical
235.69	597.00	344.66	0.0029014	314.53	487.74	2.0155	1.8932	3.1515	1145.7	-0.035600	5.0822e-05	0.13104	supercritical
236.69	597.00	343.76	0.0029090	317.23	490.90	2.0289	1.8927	3.1516	1142.3	-0.035387	5.0522e-05	0.13050	supercritical
237.69	597.00	342.87	0.0029166	319.93	494.05	2.0421	1.8923	3.1516	1138.9	-0.035173	5.0226e-05	0.12997	supercritical
238.69	597.00	341.97	0.0029242	322.62	497.20	2.0554	1.8919	3.1516	1135.6	-0.034959	4.9934e-05	0.12945	supercritical
239.69	597.00	341.08	0.0029318	325.32	500.35	2.0686	1.8916	3.1516	1132.3	-0.034743	4.9645e-05	0.12893	supercritical
240.69	597.00	340.19	0.0029395	328.01	503.50	2.0817	1.8913	3.1517	1129.0	-0.034528	4.9360e-05	0.12842	supercritical
241.69	597.00	339.30	0.0029472	330.70	506.65	2.0947	1.8910	3.1517	1125.7	-0.034311	4.9078e-05	0.12791	supercritical
242.69	597.00	338.41	0.0029550	333.39	509.81	2.1078	1.8907	3.1518	1122.4	-0.034094	4.8800e-05	0.12741	supercritical
243.69	597.00	337.53	0.0029627	336.08	512.96	2.1207	1.8905	3.1518	1119.2	-0.033876	4.8525e-05	0.12691	supercritical
244.69	597.00	336.64	0.0029705	338.77	516.11	2.1336	1.8903	3.1519	1116.0	-0.033658	4.8254e-05	0.12641	supercritical
245.69	597.00	335.76	0.0029783	341.45	519.26	2.1465	1.8901	3.1519	1112.8	-0.033439	4.7986e-05	0.12593	supercritical
246.69	597.00	334.88	0.0029862	344.14	522.41	2.1593	1.8900	3.1520	1109.7	-0.033220	4.7722e-05	0.12544	supercritical
247.69	597.00	334.00	0.0029940	346.82	525.56	2.1720	1.8899	3.1520	1106.5	-0.033000	4.7461e-05	0.12496	supercritical
248.69	597.00	333.12	0.0030020	349.50	528.72	2.1847	1.8898	3.1521	1103.4	-0.032780	4.7202e-05	0.12449	supercritical
249.69	597.00	332.24	0.0030099	352.18	531.87	2.1974	1.8897	3.1522	1100.3	-0.032560	4.6947e-05	0.12402	supercritical
250.69	597.00	331.36	0.0030178	354.86	535.02	2.2100	1.8897	3.1522	1097.3	-0.032339	4.6696e-05	0.12356	supercritical
251.69	597.00	330.49	0.0030258	357.53	538.17	2.2225	1.8897	3.1523	1094.2	-0.032118	4.6447e-05	0.12310	supercritical
252.69	597.00	329.62	0.0030338	360.21	541.33	2.2350	1.8898	3.1524	1091.2	-0.031896	4.6201e-05	0.12265	supercritical
253.69	597.00	328.74	0.0030419	362.88	544.48	2.2475	1.8898	3.1525	1088.2	-0.031675	4.5958e-05	0.12220	supercritical
254.69	597.00	327.87	0.0030499	365.55	547.63	2.2599	1.8899	3.1525	1085.2	-0.031453	4.5718e-05	0.12175	supercritical
255.69	597.00	327.01	0.0030580	368.22	550.78	2.2722	1.8901	3.1526	1082.3	-0.031230	4.5482e-05	0.12131	supercritical
256.69	597.00	326.14	0.0030662	370.89	553.94	2.2845	1.8902	3.1527	1079.3	-0.031008	4.5247e-05	0.12088	supercritical
257.69	597.00	325.28	0.0030743	373.55	557.09	2.2968	1.8904	3.1528	1076.4	-0.030786	4.5016e-05	0.12045	supercritical
258.69	597.00	324.41	0.0030825	376.22	560.24	2.3090	1.8906	3.1529	1073.5	-0.030563	4.4788e-05	0.12002	supercritical
259.69	597.00	323.55	0.0030907	378.88	563.39	2.3212	1.8909	3.1530	1070.7	-0.030340	4.4562e-05	0.11960	supercritical
260.69	597.00	322.69	0.0030989	381.54	566.55	2.3333	1.8912	3.1531	1067.8	-0.030117	4.4339e-05	0.11919	supercritical
261.69	597.00	321.83	0.0031072	384.20	569.70	2.3454	1.8915	3.1532	1065.0	-0.029895	4.4118e-05	0.11878	supercritical
262.69	597.00	320.98	0.0031155	386.86	572.85	2.3574	1.8918	3.1533	1062.2	-0.029672	4.3900e-05	0.11837	supercritical
263.69	597.00	320.12	0.0031238	389.52	576.01	2.3694	1.8922	3.1534	1059.4	-0.029449	4.3685e-05	0.11797	supercritical
264.69	597.00	319.27	0.0031321	392.17	579.16	2.3813	1.8926	3.1535	1056.7	-0.029227	4.3473e-05	0.11757	supercritical
265.69	597.00	318.42	0.0031405	394.83	582.31	2.3932	1.8930	3.1536	1054.0	-0.029004	4.3262e-05	0.11718	supercritical
266.69	597.00	317.57	0.0031489	397.48	585.47	2.4050	1.8934	3.1537	1051.2	-0.028781	4.3055e-05	0.11679	supercritical
267.69	597.00	316.73	0.0031573	400.13	588.62	2.4168	1.8939	3.1538	1048.6	-0.028559	4.2849e-05	0.11641	supercritical
268.69	597.00	315.88	0.0031657	402.78	591.78	2.4286	1.8944	3.1539	1045.9	-0.028337	4.2647e-05	0.11603	supercritical
269.69	597.00	315.04	0.0031742	405.43	594.93	2.4403	1.8949	3.1541	1043.3	-0.028115	4.2446e-05	0.11565	supercritical
270.69	597.00	314.20	0.0031827	408.08	598.08	2.4520	1.8955	3.1542	1040.6	-0.027894	4.2248e-05	0.11528	supercritical
271.69	597.00	313.36	0.0031912	410.72	601.24	2.4636	1.8961	3.1543	1038.0	-0.027672	4.2052e-05	0.11492	supercritical
272.69	597.00	312.52	0.0031998	413.37	604.39	2.4752	1.8967	3.1544	1035.5	-0.027451	4.1859e-05	0.11456	supercritical
273.69	597.00	311.69	0.0032083	416.01	607.55	2.4868	1.8974	3.1546	1032.9	-0.027230	4.1668e-05	0.11420	supercritical
274.69	597.00	310.86	0.0032169	418.65	610.70	2.4983	1.8980	3.1547	1030.4	-0.027010	4.1479e-05	0.11385	supercritical
275.69	597.00	310.02	0.0032256	421.29	613.86	2.5097	1.8987	3.1548	1027.9	-0.026790	4.1292e-05	0.11350	supercritical
276.69	597.00	309.20	0.0032342	423.93	617.01	2.5212	1.8994	3.1549	1025.4	-0.026571	4.1107e-05	0.11315	supercritical
277.69	597.00	308.37	0.0032429	426.57	620.17	2.5325	1.9002	3.1551	1022.9	-0.026351	4.0925e-05	0.11281	supercritical
278.69	597.00	307.54	0.0032516	429.20	623.32	2.5439	1.9010	3.1552	1020.5	-0.026133	4.0745e-05	0.11248	supercritical
279.69	597.00	306.72	0.0032603	431.84	626.48	2.5552	1.9018	3.1554	1018.1	-0.025915	4.0566e-05	0.11215	supercritical
280.69	597.00	305.90	0.0032690	434.47	629.63	2.5664	1.9026	3.1555	1015.7	-0.025697	4.0390e-05	0.11182	supercritical
281.69	597.00	305.08	0.0032778	437.10	632.79	2.5777	1.9035	3.1557	1013.3	-0.025480	4.0216e-05	0.11150	supercritical
282.69	597.00	304.27	0.0032866	439.73	635.94	2.5888	1.9043	3.1558	1010.9	-0.025264	4.0044e-05	0.11118	supercritical
283.69	597.00	303.45	0.0032954	442.36	639.10	2.6000	1.9053	3.1559	1008.6	-0.025048	3.9874e-05	0.11086	supercritical
284.69	597.00	302.64	0.0033043	444.99	642.25	2.6111	1.9062	3.1561	1006.3	-0.024833	3.9706e-05	0.11055	supercritical
285.69	597.00	301.83	0.0033131	447.62	645.41	2.6222	1.9072	3.1563	1004.0	-0.024618	3.9540e-05	0.11024	supercritical
286.69	597.00	301.02	0.0033220	450.24	648.57	2.6332	1.9081	3.1564	1001.7	-0.024405	3.9375e-05	0.10994	supercritical
287.69	597.00	300.22	0.0033309	452.87	651.72	2.6442	1.9092	3.1566	999.42	-0.024192	3.9213e-05	0.10964	supercritical
288.69	597.00	299.41	0.0033399	455.49	654.88	2.6551	1.9102	3.1567	997.19	-0.023979	3.9052e-05	0.10935	supercritical
289.69	597.00	298.61	0.0033488	458.11	658.04	2.6660	1.9112	3.1569	994.97	-0.023768	3.8894e-05	0.10905	supercritical
290.69	597.00	297.81	0.0033578	460.73	661.19	2.6769	1.9123	3.1571	992.78	-0.023557	3.8737e-05	0.10877	supercritical
291.69	597.00	297.02	0.0033668	463.35	664.35	2.6878	1.9134	3.1572	990.61	-0.023347	3.8582e-05	0.10848	supercritical
292.69	597.00	296.22	0.0033758	465.97	667.51	2.6986	1.9146	3.1574	988.45	-0.023138	3.8429e-05	0.10820	supercritical
293.69	597.00	295.43	0.0033849	468.59	670.67	2.7093	1.9157	3.1576	986.32	-0.022930	3.8277e-05	0.10793	supercritical
294.69	597.00	294.64	0.0033939	471.21	673.82	2.7201	1.9169	3.1578	984.20	-0.022723	3.8128e-05	0.10766	supercritical
295.69	597.00	293.86	0.0034030	473.82	676.98	2.7308	1.9181	3.1580	982.11	-0.022517	3.7979e-05	0.10739	supercritical
296.69	597.00	293.07	0.0034122	476.43	680.14	2.7414	1.9194	3.1581	980.04	-0.022312	3.7833e-05	0.10712	supercritical
297.69	597.00	292.29	0.0034213	479.05	683.30	2.7521	1.9206	3.1583	977.98	-0.022107	3.7689e-05	0.10686	supercritical
298.69	597.00	291.51	0.0034304	481.66	686.46	2.7627	1.9219	3.1585	975.95	-0.021904	3.7546e-05	0.10660	supercritical
299.69	597.00	290.73	0.0034396	484.27	689.62	2.7732	1.9232	3.1587	973.93	-0.021701	3.7404e-05	0.10635	supercritical
300.69	597.00	289.95	0.0034488	486.88	692.77	2.7837	1.9245	3.1589	971.94	-0.021500	3.7264e-05	0.10610	supercritical
301.69	597.00	289.18	0.0034580	489.49	695.93	2.7942	1.9259	3.1591	969.96	-0.021300	3.7126e-05	0.10585	supercritical
302.69	597.00	288.41	0.0034673	492.10	699.09	2.8047	1.9273	3.1593	968.01	-0.021101	3.6990e-05	0.10561	supercritical
303.69	597.00	287.64	0.0034766	494.70	702.25	2.8151	1.9287	3.1596	966.07	-0.020903	3.6855e-05	0.10537	supercritical
304.69	597.00	286.88	0.0034858	497.31	705.41	2.8255	1.9301	3.1598	964.15	-0.020706	3.6721e-05	0.10514	supercritical
305.69	597.00	286.11	0.0034951	499.91	708.57	2.8358	1.9315	3.1600	962.25	-0.020510	3.6589e-05	0.10490	supercritical
306.69	597.00	285.35	0.0035045	502.52	711.73	2.8462	1.9330	3.1602	960.37	-0.020315	3.6459e-05	0.10467	supercritical
307.69	597.00	284.59	0.0035138	505.12	714.89	2.8564	1.9345	3.1604	958.51	-0.020122	3.6330e-05	0.10445	supercritical
308.69	597.00	283.84	0.0035232	507.72	718.05	2.8667	1.9360	3.1607	956.67	-0.019930	3.6203e-05	0.10423	supercritical
309.69	597.00	283.08	0.0035325	510.32	721.21	2.8769	1.9375	3.1609	954.84	-0.019739	3.6077e-05	0.10401	supercritical
310.69	597.00	282.33	0.0035420	512.92	724.37	2.8871	1.9391	3.1612	953.04	-0.019549	3.5952e-05	0.10379	supercritical
311.69	597.00	281.58	0.0035514	515.52	727.54	2.8973	1.9407	3.1614	951.25	-0.019361	3.5829e-05	0.10358	supercritical
312.69	597.00	280.83	0.0035608	518.12	730.70	2.9074	1.9423	3.1617	949.48	-0.019173	3.5707e-05	0.10337	supercritical
313.69	597.00	280.09	0.0035703	520.71	733.86	2.9175	1.9439	3.1619	947.73	-0.018987	3.5587e-05	0.10317	supercritical
314.69	597.00	279.35	0.0035797	523.31	737.02	2.9276	1.9455	3.1622	945.99	-0.018803	3.5468e-05	0.10297	supercritical
315.69	597.00	278.61	0.0035892	525.91	740.18	2.9376	1.9472	3.1624	944.28	-0.018619	3.5351e-05	0.10277	supercritical
316.69	597.00	277.87	0.0035988	528.50	743.35	2.9476	1.9489	3.1627	942.58	-0.018437	3.5234e-05	0.10257	supercritical
317.69	597.00	277.14	0.0036083	531.09	746.51	2.9576	1.9506	3.1630	940.90	-0.018257	3.5120e-05	0.10238	supercritical
318.69	597.00	276.41	0.0036178	533.69	749.67	2.9675	1.9523	3.1633	939.23	-0.018077	3.5006e-05	0.10219	supercritical
319.69	597.00	275.68	0.0036274	536.28	752.84	2.9774	1.9540	3.1636	937.59	-0.017900	3.4894e-05	0.10200	supercritical
320.69	597.00	274.95	0.0036370	538.87	756.00	2.9873	1.9558	3.1638	935.96	-0.017723	3.4783e-05	0.10182	supercritical
321.69	597.00	274.23	0.0036466	541.46	759.16	2.9972	1.9576	3.1641	934.35	-0.017548	3.4673e-05	0.10164	supercritical
322.69	597.00	273.51	0.0036562	544.05	762.33	3.0070	1.9594	3.1645	932.76	-0.017374	3.4565e-05	0.10146	supercritical
323.69	597.00	272.79	0.0036658	546.64	765.49	3.0168	1.9612	3.1648	931.18	-0.017202	3.4457e-05	0.10129	supercritical
324.69	597.00	272.07	0.0036755	549.23	768.66	3.0265	1.9630	3.1651	929.62	-0.017031	3.4351e-05	0.10112	supercritical
325.69	597.00	271.36	0.0036852	551.82	771.82	3.0363	1.9649	3.1654	928.07	-0.016862	3.4247e-05	0.10095	supercritical
326.69	597.00	270.65	0.0036948	554.41	774.99	3.0460	1.9668	3.1657	926.55	-0.016694	3.4143e-05	0.10078	supercritical
327.69	597.00	269.94	0.0037045	556.99	778.15	3.0556	1.9687	3.1661	925.04	-0.016528	3.4041e-05	0.10062	supercritical
328.69	597.00	269.23	0.0037143	559.58	781.32	3.0653	1.9706	3.1664	923.54	-0.016363	3.3939e-05	0.10046	supercritical
329.69	597.00	268.53	0.0037240	562.16	784.49	3.0749	1.9725	3.1668	922.06	-0.016199	3.3839e-05	0.10031	supercritical
330.69	597.00	267.83	0.0037337	564.75	787.65	3.0845	1.9745	3.1671	920.60	-0.016037	3.3741e-05	0.10015	supercritical
331.69	597.00	267.13	0.0037435	567.33	790.82	3.0941	1.9765	3.1675	919.16	-0.015877	3.3643e-05	0.10000	supercritical
332.69	597.00	266.43	0.0037533	569.92	793.99	3.1036	1.9785	3.1679	917.73	-0.015718	3.3546e-05	0.099853	supercritical
333.69	597.00	265.74	0.0037631	572.50	797.16	3.1131	1.9805	3.1682	916.31	-0.015561	3.3451e-05	0.099708	supercritical
334.69	597.00	265.05	0.0037729	575.08	800.32	3.1226	1.9825	3.1686	914.91	-0.015405	3.3356e-05	0.099566	supercritical
335.69	597.00	264.36	0.0037827	577.67	803.49	3.1320	1.9846	3.1690	913.53	-0.015250	3.3263e-05	0.099426	supercritical
336.69	597.00	263.68	0.0037925	580.25	806.66	3.1415	1.9866	3.1694	912.16	-0.015098	3.3171e-05	0.099289	supercritical
337.69	597.00	262.99	0.0038024	582.83	809.83	3.1509	1.9887	3.1698	910.81	-0.014946	3.3079e-05	0.099155	supercritical
338.69	597.00	262.31	0.0038122	585.41	813.00	3.1602	1.9908	3.1702	909.48	-0.014797	3.2989e-05	0.099023	supercritical
339.69	597.00	261.63	0.0038221	587.99	816.17	3.1696	1.9929	3.1706	908.15	-0.014649	3.2900e-05	0.098894	supercritical
340.69	597.00	260.96	0.0038320	590.57	819.34	3.1789	1.9951	3.1711	906.85	-0.014502	3.2812e-05	0.098768	supercritical
341.69	597.00	260.29	0.0038419	593.15	822.51	3.1882	1.9972	3.1715	905.56	-0.014357	3.2725e-05	0.098644	supercritical
342.69	597.00	259.62	0.0038518	595.73	825.69	3.1975	1.9994	3.1720	904.28	-0.014214	3.2639e-05	0.098523	supercritical
343.69	597.00	258.95	0.0038618	598.31	828.86	3.2067	2.0016	3.1724	903.02	-0.014072	3.2554e-05	0.098404	supercritical
344.69	597.00	258.28	0.0038717	600.89	832.03	3.2159	2.0038	3.1729	901.77	-0.013932	3.2470e-05	0.098288	supercritical
345.69	597.00	257.62	0.0038817	603.47	835.20	3.2251	2.0060	3.1733	900.53	-0.013793	3.2387e-05	0.098174	supercritical
346.69	597.00	256.96	0.0038916	606.05	838.38	3.2343	2.0082	3.1738	899.31	-0.013656	3.2305e-05	0.098063	supercritical
347.69	597.00	256.30	0.0039016	608.63	841.55	3.2434	2.0105	3.1743	898.11	-0.013521	3.2224e-05	0.097954	supercritical
348.69	597.00	255.65	0.0039116	611.20	844.73	3.2526	2.0128	3.1748	896.92	-0.013387	3.2144e-05	0.097848	supercritical
349.69	597.00	255.00	0.0039216	613.78	847.90	3.2616	2.0150	3.1753	895.74	-0.013255	3.2064e-05	0.097744	supercritical
350.69	597.00	254.35	0.0039316	616.36	851.08	3.2707	2.0173	3.1758	894.58	-0.013124	3.1986e-05	0.097643	supercritical
351.69	597.00	253.70	0.0039417	618.94	854.25	3.2798	2.0196	3.1763	893.43	-0.012995	3.1908e-05	0.097544	supercritical
352.69	597.00	253.06	0.0039517	621.51	857.43	3.2888	2.0220	3.1769	892.29	-0.012868	3.1832e-05	0.097447	supercritical
353.69	597.00	252.41	0.0039618	624.09	860.61	3.2978	2.0243	3.1774	891.17	-0.012742	3.1756e-05	0.097353	supercritical
354.69	597.00	251.77	0.0039718	626.67	863.78	3.3067	2.0267	3.1780	890.06	-0.012618	3.1682e-05	0.097261	supercritical
355.69	597.00	251.14	0.0039819	629.24	866.96	3.3157	2.0291	3.1785	888.97	-0.012495	3.1608e-05	0.097171	supercritical
356.69	597.00	250.50	0.0039920	631.82	870.14	3.3246	2.0315	3.1791	887.88	-0.012374	3.1535e-05	0.097084	supercritical
357.69	597.00	249.87	0.0040021	634.40	873.32	3.3335	2.0339	3.1797	886.82	-0.012255	3.1463e-05	0.096998	supercritical
358.69	597.00	249.24	0.0040122	636.97	876.50	3.3424	2.0363	3.1803	885.76	-0.012137	3.1391e-05	0.096915	supercritical
359.69	597.00	248.62	0.0040223	639.55	879.68	3.3512	2.0387	3.1809	884.72	-0.012020	3.1321e-05	0.096835	supercritical
360.69	597.00	247.99	0.0040324	642.13	882.86	3.3601	2.0412	3.1815	883.68	-0.011906	3.1251e-05	0.096756	supercritical
361.69	597.00	247.37	0.0040425	644.71	886.04	3.3689	2.0436	3.1821	882.67	-0.011793	3.1182e-05	0.096680	supercritical
362.69	597.00	246.75	0.0040527	647.28	889.23	3.3777	2.0461	3.1827	881.66	-0.011681	3.1114e-05	0.096605	supercritical
363.69	597.00	246.13	0.0040628	649.86	892.41	3.3864	2.0486	3.1834	880.67	-0.011571	3.1047e-05	0.096533	supercritical
364.69	597.00	245.52	0.0040730	652.44	895.59	3.3952	2.0511	3.1840	879.69	-0.011463	3.0981e-05	0.096463	supercritical
365.69	597.00	244.91	0.0040832	655.01	898.78	3.4039	2.0536	3.1847	878.72	-0.011356	3.0915e-05	0.096395	supercritical
366.69	597.00	244.30	0.0040934	657.59	901.96	3.4126	2.0561	3.1853	877.76	-0.011251	3.0850e-05	0.096330	supercritical
367.69	597.00	243.69	0.0041035	660.17	905.15	3.4213	2.0587	3.1860	876.82	-0.011147	3.0786e-05	0.096266	supercritical
368.69	597.00	243.09	0.0041137	662.74	908.34	3.4299	2.0612	3.1867	875.89	-0.011045	3.0723e-05	0.096204	supercritical
369.69	597.00	242.49	0.0041239	665.32	911.52	3.4386	2.0638	3.1874	874.96	-0.010945	3.0660e-05	0.096145	supercritical
370.69	597.00	241.89	0.0041342	667.90	914.71	3.4472	2.0664	3.1881	874.06	-0.010846	3.0599e-05	0.096087	supercritical
371.69	597.00	241.29	0.0041444	670.48	917.90	3.4558	2.0690	3.1888	873.16	-0.010748	3.0538e-05	0.096031	supercritical
372.69	597.00	240.70	0.0041546	673.06	921.09	3.4643	2.0716	3.1895	872.27	-0.010652	3.0477e-05	0.095978	supercritical
373.69	597.00	240.10	0.0041649	675.64	924.28	3.4729	2.0742	3.1903	871.40	-0.010558	3.0418e-05	0.095926	supercritical
374.69	597.00	239.51	0.0041751	678.21	927.47	3.4814	2.0769	3.1910	870.53	-0.010465	3.0359e-05	0.095876	supercritical
375.69	597.00	238.93	0.0041854	680.79	930.66	3.4899	2.0795	3.1918	869.68	-0.010374	3.0301e-05	0.095828	supercritical
376.69	597.00	238.34	0.0041956	683.37	933.85	3.4984	2.0822	3.1926	868.84	-0.010284	3.0243e-05	0.095782	supercritical
377.69	597.00	237.76	0.0042059	685.95	937.04	3.5069	2.0848	3.1934	868.01	-0.010196	3.0186e-05	0.095738	supercritical
378.69	597.00	237.18	0.0042162	688.53	940.24	3.5153	2.0875	3.1942	867.19	-0.010109	3.0130e-05	0.095696	supercritical
379.69	597.00	236.60	0.0042265	691.11	943.43	3.5237	2.0902	3.1950	866.38	-0.010023	3.0075e-05	0.095656	supercritical
380.69	597.00	236.03	0.0042367	693.69	946.63	3.5321	2.0929	3.1958	865.58	-0.0099395	3.0020e-05	0.095617	supercritical
381.69	597.00	235.46	0.0042470	696.28	949.82	3.5405	2.0956	3.1966	864.80	-0.0098572	2.9966e-05	0.095581	supercritical
382.69	597.00	234.89	0.0042574	698.86	953.02	3.5489	2.0984	3.1974	864.02	-0.0097763	2.9912e-05	0.095546	supercritical
383.69	597.00	234.32	0.0042677	701.44	956.22	3.5572	2.1011	3.1983	863.25	-0.0096968	2.9860e-05	0.095513	supercritical
384.69	597.00	233.76	0.0042780	704.02	959.42	3.5656	2.1038	3.1992	862.50	-0.0096189	2.9807e-05	0.095481	supercritical
385.69	597.00	233.19	0.0042883	706.61	962.62	3.5739	2.1066	3.2000	861.75	-0.0095423	2.9756e-05	0.095452	supercritical
386.69	597.00	232.63	0.0042986	709.19	965.82	3.5821	2.1094	3.2009	861.02	-0.0094672	2.9705e-05	0.095424	supercritical
387.69	597.00	232.07	0.0043090	711.77	969.02	3.5904	2.1122	3.2018	860.29	-0.0093936	2.9655e-05	0.095398	supercritical
388.69	597.00	231.52	0.0043193	714.36	972.22	3.5987	2.1150	3.2027	859.58	-0.0093213	2.9605e-05	0.095374	supercritical
389.69	597.00	230.97	0.0043297	716.94	975.43	3.6069	2.1178	3.2036	858.87	-0.0092505	2.9556e-05	0.095351	supercritical
390.69	597.00	230.41	0.0043400	719.53	978.63	3.6151	2.1206	3.2046	858.17	-0.0091810	2.9508e-05	0.095330	supercritical
391.69	597.00	229.87	0.0043504	722.12	981.83	3.6233	2.1234	3.2055	857.49	-0.0091130	2.9460e-05	0.095311	supercritical
392.69	597.00	229.32	0.0043607	724.70	985.04	3.6315	2.1262	3.2065	856.81	-0.0090463	2.9413e-05	0.095293	supercritical
393.69	597.00	228.78	0.0043711	727.29	988.25	3.6396	2.1291	3.2074	856.14	-0.0089810	2.9366e-05	0.095277	supercritical
394.69	597.00	228.23	0.0043815	729.88	991.46	3.6478	2.1319	3.2084	855.48	-0.0089171	2.9320e-05	0.095263	supercritical
395.69	597.00	227.69	0.0043919	732.47	994.66	3.6559	2.1348	3.2094	854.83	-0.0088546	2.9274e-05	0.095250	supercritical
396.69	597.00	227.16	0.0044022	735.06	997.87	3.6640	2.1377	3.2104	854.20	-0.0087933	2.9230e-05	0.095239	supercritical
397.69	597.00	226.62	0.0044126	737.65	1001.1	3.6721	2.1406	3.2114	853.56	-0.0087334	2.9185e-05	0.095230	supercritical
398.69	597.00	226.09	0.0044230	740.24	1004.3	3.6801	2.1435	3.2124	852.94	-0.0086749	2.9141e-05	0.095222	supercritical
399.69	597.00	225.56	0.0044334	742.83	1007.5	3.6882	2.1464	3.2134	852.33	-0.0086176	2.9098e-05	0.095216	supercritical
400.69	597.00	225.03	0.0044438	745.43	1010.7	3.6962	2.1493	3.2145	851.73	-0.0085617	2.9055e-05	0.095211	supercritical
401.69	597.00	224.51	0.0044542	748.02	1013.9	3.7042	2.1522	3.2155	851.13	-0.0085071	2.9013e-05	0.095207	supercritical
402.69	597.00	223.98	0.0044646	750.62	1017.2	3.7122	2.1551	3.2166	850.55	-0.0084537	2.8972e-05	0.095206	supercritical
403.69	597.00	223.46	0.0044750	753.21	1020.4	3.7202	2.1581	3.2177	849.97	-0.0084016	2.8931e-05	0.095205	supercritical
404.69	597.00	222.94	0.0044855	755.81	1023.6	3.7282	2.1610	3.2188	849.40	-0.0083508	2.8890e-05	0.095207	supercritical
405.69	597.00	222.43	0.0044959	758.41	1026.8	3.7361	2.1640	3.2199	848.84	-0.0083012	2.8850e-05	0.095209	supercritical
406.69	597.00	221.91	0.0045063	761.00	1030.0	3.7440	2.1669	3.2210	848.29	-0.0082529	2.8810e-05	0.095214	supercritical
407.69	597.00	221.40	0.0045167	763.60	1033.3	3.7520	2.1699	3.2221	847.74	-0.0082058	2.8771e-05	0.095219	supercritical
408.69	597.00	220.89	0.0045272	766.20	1036.5	3.7599	2.1729	3.2233	847.21	-0.0081600	2.8733e-05	0.095226	supercritical
409.69	597.00	220.38	0.0045376	768.80	1039.7	3.7677	2.1759	3.2244	846.68	-0.0081153	2.8695e-05	0.095235	supercritical
410.69	597.00	219.87	0.0045480	771.40	1042.9	3.7756	2.1789	3.2256	846.16	-0.0080719	2.8657e-05	0.095245	supercritical
411.69	597.00	219.37	0.0045585	774.01	1046.1	3.7834	2.1819	3.2267	845.65	-0.0080296	2.8620e-05	0.095256	supercritical
412.69	597.00	218.87	0.0045689	776.61	1049.4	3.7913	2.1849	3.2279	845.14	-0.0079885	2.8583e-05	0.095269	supercritical
413.69	597.00	218.37	0.0045794	779.22	1052.6	3.7991	2.1879	3.2291	844.65	-0.0079486	2.8547e-05	0.095283	supercritical
414.69	597.00	217.87	0.0045898	781.82	1055.8	3.8069	2.1910	3.2303	844.16	-0.0079098	2.8512e-05	0.095298	supercritical
415.69	597.00	217.38	0.0046003	784.43	1059.1	3.8147	2.1940	3.2315	843.68	-0.0078722	2.8476e-05	0.095315	supercritical
416.69	597.00	216.89	0.0046107	787.04	1062.3	3.8224	2.1971	3.2328	843.21	-0.0078358	2.8442e-05	0.095334	supercritical
417.69	597.00	216.39	0.0046212	789.65	1065.5	3.8302	2.2001	3.2340	842.74	-0.0078004	2.8407e-05	0.095353	supercritical
418.69	597.00	215.91	0.0046317	792.26	1068.8	3.8379	2.2032	3.2353	842.28	-0.0077662	2.8374e-05	0.095374	supercritical
419.69	597.00	215.42	0.0046421	794.87	1072.0	3.8456	2.2062	3.2365	841.83	-0.0077331	2.8340e-05	0.095396	supercritical
420.69	597.00	214.93	0.0046526	797.48	1075.2	3.8533	2.2093	3.2378	841.39	-0.0077010	2.8307e-05	0.095420	supercritical
421.69	597.00	214.45	0.0046631	800.09	1078.5	3.8610	2.2124	3.2391	840.95	-0.0076701	2.8275e-05	0.095445	supercritical
422.69	597.00	213.97	0.0046735	802.71	1081.7	3.8687	2.2155	3.2404	840.52	-0.0076402	2.8243e-05	0.095471	supercritical
423.69	597.00	213.49	0.0046840	805.32	1085.0	3.8764	2.2186	3.2417	840.10	-0.0076113	2.8211e-05	0.095498	supercritical
424.69	597.00	213.02	0.0046945	807.94	1088.2	3.8840	2.2217	3.2430	839.69	-0.0075836	2.8180e-05	0.095527	supercritical
425.69	597.00	212.54	0.0047049	810.56	1091.4	3.8916	2.2248	3.2443	839.28	-0.0075568	2.8149e-05	0.095557	supercritical
426.69	597.00	212.07	0.0047154	813.18	1094.7	3.8992	2.2279	3.2457	838.88	-0.0075311	2.8119e-05	0.095588	supercritical
427.69	597.00	211.60	0.0047259	815.80	1097.9	3.9068	2.2311	3.2470	838.48	-0.0075064	2.8089e-05	0.095620	supercritical
428.69	597.00	211.13	0.0047364	818.42	1101.2	3.9144	2.2342	3.2484	838.09	-0.0074827	2.8060e-05	0.095654	supercritical
429.69	597.00	210.67	0.0047469	821.04	1104.4	3.9220	2.2373	3.2498	837.71	-0.0074600	2.8030e-05	0.095689	supercritical
430.69	597.00	210.20	0.0047573	823.67	1107.7	3.9296	2.2405	3.2512	837.34	-0.0074383	2.8002e-05	0.095725	supercritical
431.69	597.00	209.74	0.0047678	826.29	1110.9	3.9371	2.2436	3.2526	836.97	-0.0074176	2.7973e-05	0.095762	supercritical
432.69	597.00	209.28	0.0047783	828.92	1114.2	3.9446	2.2468	3.2540	836.61	-0.0073978	2.7945e-05	0.095801	supercritical
433.69	597.00	208.82	0.0047888	831.55	1117.4	3.9521	2.2500	3.2554	836.26	-0.0073790	2.7918e-05	0.095840	supercritical
434.69	597.00	208.36	0.0047993	834.18	1120.7	3.9596	2.2531	3.2568	835.91	-0.0073611	2.7891e-05	0.095881	supercritical
435.69	597.00	207.91	0.0048098	836.81	1124.0	3.9671	2.2563	3.2583	835.56	-0.0073441	2.7864e-05	0.095923	supercritical
436.69	597.00	207.46	0.0048203	839.44	1127.2	3.9746	2.2595	3.2597	835.23	-0.0073281	2.7838e-05	0.095966	supercritical
437.69	597.00	207.01	0.0048308	842.08	1130.5	3.9820	2.2627	3.2612	834.90	-0.0073130	2.7811e-05	0.096010	supercritical
438.69	597.00	206.56	0.0048413	844.71	1133.7	3.9895	2.2659	3.2627	834.57	-0.0072987	2.7786e-05	0.096056	supercritical
439.69	597.00	206.11	0.0048517	847.35	1137.0	3.9969	2.2691	3.2642	834.26	-0.0072854	2.7761e-05	0.096102	supercritical
440.69	597.00	205.67	0.0048622	849.99	1140.3	4.0043	2.2723	3.2657	833.95	-0.0072729	2.7736e-05	0.096150	supercritical
441.69	597.00	205.22	0.0048727	852.63	1143.5	4.0117	2.2755	3.2672	833.64	-0.0072613	2.7711e-05	0.096198	supercritical
442.69	597.00	204.78	0.0048832	855.27	1146.8	4.0191	2.2787	3.2687	833.34	-0.0072505	2.7687e-05	0.096248	supercritical
443.69	597.00	204.34	0.0048937	857.91	1150.1	4.0265	2.2819	3.2702	833.05	-0.0072406	2.7663e-05	0.096299	supercritical
444.69	597.00	203.91	0.0049042	860.56	1153.3	4.0339	2.2851	3.2718	832.76	-0.0072316	2.7639e-05	0.096351	supercritical
445.69	597.00	203.47	0.0049147	863.20	1156.6	4.0412	2.2884	3.2733	832.47	-0.0072233	2.7616e-05	0.096404	supercritical
446.69	597.00	203.04	0.0049252	865.85	1159.9	4.0486	2.2916	3.2749	832.20	-0.0072159	2.7593e-05	0.096458	supercritical
447.69	597.00	202.60	0.0049357	868.50	1163.2	4.0559	2.2949	3.2765	831.93	-0.0072093	2.7571e-05	0.096513	supercritical
448.69	597.00	202.17	0.0049462	871.15	1166.4	4.0632	2.2981	3.2780	831.66	-0.0072034	2.7549e-05	0.096570	supercritical
449.69	597.00	201.75	0.0049567	873.80	1169.7	4.0705	2.3013	3.2796	831.40	-0.0071984	2.7527e-05	0.096627	supercritical
450.69	597.00	201.32	0.0049672	876.46	1173.0	4.0778	2.3046	3.2812	831.14	-0.0071941	2.7505e-05	0.096685	supercritical
451.69	597.00	200.90	0.0049777	879.11	1176.3	4.0851	2.3079	3.2829	830.89	-0.0071906	2.7484e-05	0.096744	supercritical
452.69	597.00	200.47	0.0049882	881.77	1179.6	4.0923	2.3111	3.2845	830.65	-0.0071878	2.7463e-05	0.096805	supercritical
453.69	597.00	200.05	0.0049987	884.43	1182.9	4.0996	2.3144	3.2861	830.41	-0.0071858	2.7443e-05	0.096866	supercritical
454.69	597.00	199.63	0.0050092	887.09	1186.1	4.1068	2.3177	3.2878	830.18	-0.0071845	2.7423e-05	0.096928	supercritical
455.69	597.00	199.22	0.0050197	889.75	1189.4	4.1140	2.3210	3.2894	829.95	-0.0071840	2.7403e-05	0.096992	supercritical
456.69	597.00	198.80	0.0050302	892.41	1192.7	4.1212	2.3242	3.2911	829.72	-0.0071842	2.7383e-05	0.097056	supercritical
457.69	597.00	198.39	0.0050407	895.08	1196.0	4.1284	2.3275	3.2928	829.50	-0.0071850	2.7364e-05	0.097121	supercritical
458.69	597.00	197.97	0.0050512	897.75	1199.3	4.1356	2.3308	3.2945	829.29	-0.0071866	2.7345e-05	0.097187	supercritical
459.69	597.00	197.56	0.0050617	900.42	1202.6	4.1428	2.3341	3.2962	829.08	-0.0071888	2.7326e-05	0.097255	supercritical
460.69	597.00	197.15	0.0050722	903.09	1205.9	4.1500	2.3374	3.2979	828.88	-0.0071918	2.7308e-05	0.097323	supercritical
461.69	597.00	196.75	0.0050827	905.76	1209.2	4.1571	2.3407	3.2996	828.68	-0.0071954	2.7290e-05	0.097392	supercritical
462.69	597.00	196.34	0.0050932	908.43	1212.5	4.1643	2.3440	3.3013	828.48	-0.0071996	2.7272e-05	0.097462	supercritical
463.69	597.00	195.94	0.0051037	911.11	1215.8	4.1714	2.3473	3.3030	828.29	-0.0072045	2.7254e-05	0.097533	supercritical
464.69	597.00	195.54	0.0051141	913.78	1219.1	4.1785	2.3507	3.3048	828.11	-0.0072100	2.7237e-05	0.097605	supercritical
465.69	597.00	195.14	0.0051246	916.46	1222.4	4.1856	2.3540	3.3066	827.93	-0.0072162	2.7220e-05	0.097678	supercritical
466.69	597.00	194.74	0.0051351	919.15	1225.7	4.1927	2.3573	3.3083	827.75	-0.0072230	2.7204e-05	0.097752	supercritical
467.69	597.00	194.34	0.0051456	921.83	1229.0	4.1998	2.3606	3.3101	827.58	-0.0072304	2.7187e-05	0.097826	supercritical
468.69	597.00	193.94	0.0051561	924.51	1232.3	4.2069	2.3640	3.3119	827.42	-0.0072384	2.7171e-05	0.097902	supercritical
469.69	597.00	193.55	0.0051666	927.20	1235.6	4.2139	2.3673	3.3137	827.25	-0.0072471	2.7155e-05	0.097978	supercritical
470.69	597.00	193.16	0.0051771	929.89	1239.0	4.2210	2.3706	3.3155	827.10	-0.0072562	2.7140e-05	0.098056	supercritical
471.69	597.00	192.77	0.0051876	932.58	1242.3	4.2280	2.3740	3.3173	826.94	-0.0072660	2.7124e-05	0.098134	supercritical
472.69	597.00	192.38	0.0051981	935.27	1245.6	4.2350	2.3773	3.3191	826.79	-0.0072764	2.7109e-05	0.098213	supercritical
473.69	597.00	191.99	0.0052085	937.96	1248.9	4.2421	2.3807	3.3209	826.65	-0.0072873	2.7095e-05	0.098293	supercritical
474.69	597.00	191.61	0.0052190	940.66	1252.2	4.2491	2.3840	3.3228	826.51	-0.0072987	2.7080e-05	0.098374	supercritical
475.69	597.00	191.22	0.0052295	943.36	1255.6	4.2561	2.3874	3.3246	826.37	-0.0073107	2.7066e-05	0.098456	supercritical
476.69	597.00	190.84	0.0052400	946.06	1258.9	4.2630	2.3907	3.3265	826.24	-0.0073233	2.7052e-05	0.098538	supercritical
477.69	597.00	190.46	0.0052505	948.76	1262.2	4.2700	2.3941	3.3284	826.11	-0.0073364	2.7038e-05	0.098621	supercritical
478.69	597.00	190.08	0.0052610	951.46	1265.5	4.2770	2.3975	3.3302	825.99	-0.0073499	2.7024e-05	0.098706	supercritical
479.69	597.00	189.70	0.0052714	954.17	1268.9	4.2839	2.4008	3.3321	825.87	-0.0073640	2.7011e-05	0.098791	supercritical
480.69	597.00	189.33	0.0052819	956.88	1272.2	4.2909	2.4042	3.3340	825.75	-0.0073787	2.6998e-05	0.098877	supercritical
481.69	597.00	188.95	0.0052924	959.59	1275.5	4.2978	2.4076	3.3359	825.64	-0.0073938	2.6985e-05	0.098963	supercritical
482.69	597.00	188.58	0.0053029	962.30	1278.9	4.3047	2.4109	3.3378	825.53	-0.0074094	2.6973e-05	0.099051	supercritical
483.69	597.00	188.21	0.0053133	965.01	1282.2	4.3116	2.4143	3.3398	825.43	-0.0074254	2.6961e-05	0.099139	supercritical
484.69	597.00	187.84	0.0053238	967.73	1285.6	4.3185	2.4177	3.3417	825.33	-0.0074420	2.6949e-05	0.099228	supercritical
485.69	597.00	187.47	0.0053343	970.44	1288.9	4.3254	2.4211	3.3436	825.23	-0.0074590	2.6937e-05	0.099318	supercritical
486.69	597.00	187.10	0.0053447	973.16	1292.2	4.3323	2.4245	3.3456	825.14	-0.0074765	2.6925e-05	0.099409	supercritical
487.69	597.00	186.73	0.0053552	975.89	1295.6	4.3392	2.4279	3.3475	825.05	-0.0074944	2.6914e-05	0.099501	supercritical
488.69	597.00	186.37	0.0053657	978.61	1298.9	4.3460	2.4313	3.3495	824.97	-0.0075128	2.6903e-05	0.099593	supercritical
489.69	597.00	186.01	0.0053761	981.34	1302.3	4.3529	2.4346	3.3515	824.88	-0.0075316	2.6892e-05	0.099686	supercritical
490.69	597.00	185.65	0.0053866	984.06	1305.6	4.3597	2.4380	3.3535	824.81	-0.0075508	2.6881e-05	0.099780	supercritical
491.69	597.00	185.29	0.0053971	986.79	1309.0	4.3665	2.4414	3.3554	824.73	-0.0075704	2.6870e-05	0.099874	supercritical
492.69	597.00	184.93	0.0054075	989.53	1312.4	4.3734	2.4448	3.3574	824.66	-0.0075905	2.6860e-05	0.099970	supercritical
493.69	597.00	184.57	0.0054180	992.26	1315.7	4.3802	2.4482	3.3595	824.59	-0.0076110	2.6850e-05	0.10007	supercritical
494.69	597.00	184.22	0.0054284	995.00	1319.1	4.3870	2.4516	3.3615	824.53	-0.0076319	2.6840e-05	0.10016	supercritical
495.69	597.00	183.86	0.0054389	997.73	1322.4	4.3938	2.4551	3.3635	824.47	-0.0076531	2.6831e-05	0.10026	supercritical
496.69	597.00	183.51	0.0054493	1000.5	1325.8	4.4005	2.4585	3.3655	824.41	-0.0076748	2.6821e-05	0.10036	supercritical
497.69	597.00	183.16	0.0054598	1003.2	1329.2	4.4073	2.4619	3.3676	824.36	-0.0076969	2.6812e-05	0.10046	supercritical
498.69	597.00	182.81	0.0054702	1006.0	1332.5	4.4141	2.4653	3.3696	824.31	-0.0077193	2.6803e-05	0.10056	supercritical
499.69	597.00	182.46	0.0054807	1008.7	1335.9	4.4208	2.4687	3.3717	824.26	-0.0077421	2.6794e-05	0.10066	supercritical
500.69	597.00	182.11	0.0054911	1011.5	1339.3	4.4276	2.4721	3.3737	824.22	-0.0077652	2.6786e-05	0.10076	supercritical
501.69	597.00	181.77	0.0055016	1014.2	1342.7	4.4343	2.4755	3.3758	824.18	-0.0077887	2.6777e-05	0.10086	supercritical
502.69	597.00	181.42	0.0055120	1017.0	1346.0	4.4410	2.4790	3.3779	824.14	-0.0078126	2.6769e-05	0.10096	supercritical
503.69	597.00	181.08	0.0055225	1019.7	1349.4	4.4477	2.4824	3.3799	824.10	-0.0078367	2.6761e-05	0.10107	supercritical
504.69	597.00	180.74	0.0055329	1022.5	1352.8	4.4545	2.4858	3.3820	824.07	-0.0078613	2.6753e-05	0.10117	supercritical
505.69	597.00	180.40	0.0055433	1025.2	1356.2	4.4611	2.4892	3.3841	824.05	-0.0078861	2.6746e-05	0.10128	supercritical
506.69	597.00	180.06	0.0055538	1028.0	1359.6	4.4678	2.4927	3.3862	824.02	-0.0079113	2.6738e-05	0.10138	supercritical
507.69	597.00	179.72	0.0055642	1030.8	1362.9	4.4745	2.4961	3.3884	824.00	-0.0079368	2.6731e-05	0.10149	supercritical
508.69	597.00	179.38	0.0055746	1033.5	1366.3	4.4812	2.4995	3.3905	823.98	-0.0079626	2.6724e-05	0.10159	supercritical
509.69	597.00	179.05	0.0055850	1036.3	1369.7	4.4878	2.5030	3.3926	823.96	-0.0079888	2.6717e-05	0.10170	supercritical
510.69	597.00	178.72	0.0055955	1039.1	1373.1	4.4945	2.5064	3.3947	823.95	-0.0080152	2.6711e-05	0.10181	supercritical
511.69	597.00	178.38	0.0056059	1041.8	1376.5	4.5011	2.5098	3.3969	823.94	-0.0080419	2.6704e-05	0.10192	supercritical
512.69	597.00	178.05	0.0056163	1044.6	1379.9	4.5078	2.5133	3.3990	823.93	-0.0080689	2.6698e-05	0.10203	supercritical
513.69	597.00	177.72	0.0056267	1047.4	1383.3	4.5144	2.5167	3.4012	823.93	-0.0080962	2.6692e-05	0.10214	supercritical
514.69	597.00	177.39	0.0056372	1050.2	1386.7	4.5210	2.5201	3.4034	823.93	-0.0081238	2.6686e-05	0.10225	supercritical
515.69	597.00	177.07	0.0056476	1053.0	1390.1	4.5276	2.5236	3.4055	823.93	-0.0081516	2.6680e-05	0.10236	supercritical
516.69	597.00	176.74	0.0056580	1055.7	1393.5	4.5342	2.5270	3.4077	823.93	-0.0081797	2.6674e-05	0.10247	supercritical
517.69	597.00	176.42	0.0056684	1058.5	1396.9	4.5408	2.5305	3.4099	823.94	-0.0082081	2.6669e-05	0.10259	supercritical
518.69	597.00	176.09	0.0056788	1061.3	1400.3	4.5474	2.5339	3.4121	823.95	-0.0082367	2.6664e-05	0.10270	supercritical
519.69	597.00	175.77	0.0056892	1064.1	1403.8	4.5540	2.5374	3.4143	823.96	-0.0082656	2.6659e-05	0.10281	supercritical
520.69	597.00	175.45	0.0056996	1066.9	1407.2	4.5605	2.5408	3.4165	823.98	-0.0082947	2.6654e-05	0.10293	supercritical
521.69	597.00	175.13	0.0057100	1069.7	1410.6	4.5671	2.5443	3.4187	824.00	-0.0083241	2.6649e-05	0.10304	supercritical
522.69	597.00	174.81	0.0057204	1072.5	1414.0	4.5736	2.5477	3.4209	824.02	-0.0083537	2.6644e-05	0.10316	supercritical
523.69	597.00	174.50	0.0057308	1075.3	1417.4	4.5802	2.5512	3.4231	824.04	-0.0083835	2.6640e-05	0.10328	supercritical
524.69	597.00	174.18	0.0057412	1078.1	1420.9	4.5867	2.5546	3.4254	824.07	-0.0084136	2.6636e-05	0.10339	supercritical
525.69	597.00	173.87	0.0057516	1080.9	1424.3	4.5932	2.5581	3.4276	824.09	-0.0084439	2.6632e-05	0.10351	supercritical
526.69	597.00	173.55	0.0057620	1083.7	1427.7	4.5998	2.5615	3.4299	824.12	-0.0084744	2.6628e-05	0.10363	supercritical
527.69	597.00	173.24	0.0057724	1086.5	1431.1	4.6063	2.5650	3.4321	824.16	-0.0085051	2.6624e-05	0.10375	supercritical
528.69	597.00	172.93	0.0057827	1089.3	1434.6	4.6128	2.5684	3.4344	824.19	-0.0085360	2.6620e-05	0.10387	supercritical
529.69	597.00	172.62	0.0057931	1092.2	1438.0	4.6193	2.5719	3.4366	824.23	-0.0085671	2.6617e-05	0.10399	supercritical
530.69	597.00	172.31	0.0058035	1095.0	1441.5	4.6257	2.5753	3.4389	824.27	-0.0085985	2.6613e-05	0.10411	supercritical
531.69	597.00	172.00	0.0058139	1097.8	1444.9	4.6322	2.5788	3.4412	824.31	-0.0086300	2.6610e-05	0.10423	supercritical
532.69	597.00	171.70	0.0058243	1100.6	1448.3	4.6387	2.5823	3.4435	824.36	-0.0086617	2.6607e-05	0.10435	supercritical
533.69	597.00	171.39	0.0058346	1103.5	1451.8	4.6451	2.5857	3.4457	824.41	-0.0086936	2.6604e-05	0.10447	supercritical
534.69	597.00	171.09	0.0058450	1106.3	1455.2	4.6516	2.5892	3.4480	824.46	-0.0087257	2.6602e-05	0.10460	supercritical
535.69	597.00	170.78	0.0058554	1109.1	1458.7	4.6580	2.5926	3.4503	824.51	-0.0087579	2.6599e-05	0.10472	supercritical
536.69	597.00	170.48	0.0058657	1111.9	1462.1	4.6645	2.5961	3.4526	824.56	-0.0087904	2.6597e-05	0.10485	supercritical
537.69	597.00	170.18	0.0058761	1114.8	1465.6	4.6709	2.5996	3.4549	824.62	-0.0088230	2.6594e-05	0.10497	supercritical
538.69	597.00	169.88	0.0058865	1117.6	1469.0	4.6773	2.6030	3.4573	824.68	-0.0088557	2.6592e-05	0.10510	supercritical
539.69	597.00	169.58	0.0058968	1120.5	1472.5	4.6837	2.6065	3.4596	824.74	-0.0088887	2.6590e-05	0.10522	supercritical
540.69	597.00	169.29	0.0059072	1123.3	1476.0	4.6902	2.6099	3.4619	824.80	-0.0089217	2.6588e-05	0.10535	supercritical
541.69	597.00	168.99	0.0059175	1126.1	1479.4	4.6965	2.6134	3.4642	824.87	-0.0089550	2.6587e-05	0.10547	supercritical
542.69	597.00	168.69	0.0059279	1129.0	1482.9	4.7029	2.6169	3.4666	824.94	-0.0089884	2.6585e-05	0.10560	supercritical
543.69	597.00	168.40	0.0059382	1131.8	1486.4	4.7093	2.6203	3.4689	825.01	-0.0090219	2.6584e-05	0.10573	supercritical
544.69	597.00	168.11	0.0059486	1134.7	1489.8	4.7157	2.6238	3.4713	825.08	-0.0090556	2.6582e-05	0.10586	supercritical
545.69	597.00	167.82	0.0059589	1137.5	1493.3	4.7221	2.6273	3.4736	825.15	-0.0090894	2.6581e-05	0.10599	supercritical
546.69	597.00	167.53	0.0059692	1140.4	1496.8	4.7284	2.6307	3.4760	825.23	-0.0091233	2.6580e-05	0.10612	supercritical
547.69	597.00	167.24	0.0059796	1143.3	1500.2	4.7348	2.6342	3.4783	825.31	-0.0091574	2.6579e-05	0.10625	supercritical
548.69	597.00	166.95	0.0059899	1146.1	1503.7	4.7411	2.6377	3.4807	825.39	-0.0091916	2.6578e-05	0.10638	supercritical
549.69	597.00	166.66	0.0060003	1149.0	1507.2	4.7475	2.6411	3.4831	825.47	-0.0092259	2.6578e-05	0.10651	supercritical
550.69	597.00	166.37	0.0060106	1151.9	1510.7	4.7538	2.6446	3.4855	825.56	-0.0092604	2.6577e-05	0.10664	supercritical
551.69	597.00	166.09	0.0060209	1154.7	1514.2	4.7601	2.6481	3.4879	825.64	-0.0092949	2.6577e-05	0.10677	supercritical
552.69	597.00	165.80	0.0060312	1157.6	1517.7	4.7665	2.6515	3.4903	825.73	-0.0093296	2.6576e-05	0.10691	supercritical
553.69	597.00	165.52	0.0060416	1160.5	1521.2	4.7728	2.6550	3.4926	825.82	-0.0093644	2.6576e-05	0.10704	supercritical
554.69	597.00	165.24	0.0060519	1163.4	1524.7	4.7791	2.6585	3.4950	825.91	-0.0093993	2.6576e-05	0.10717	supercritical
555.69	597.00	164.96	0.0060622	1166.2	1528.1	4.7854	2.6619	3.4975	826.01	-0.0094343	2.6576e-05	0.10731	supercritical
556.69	597.00	164.68	0.0060725	1169.1	1531.6	4.7917	2.6654	3.4999	826.10	-0.0094694	2.6576e-05	0.10744	supercritical
557.69	597.00	164.40	0.0060828	1172.0	1535.1	4.7979	2.6689	3.5023	826.20	-0.0095046	2.6577e-05	0.10758	supercritical
558.69	597.00	164.12	0.0060931	1174.9	1538.7	4.8042	2.6723	3.5047	826.30	-0.0095399	2.6577e-05	0.10771	supercritical
559.69	597.00	163.84	0.0061034	1177.8	1542.2	4.8105	2.6758	3.5071	826.40	-0.0095752	2.6578e-05	0.10785	supercritical
560.69	597.00	163.57	0.0061137	1180.7	1545.7	4.8167	2.6792	3.5095	826.50	-0.0096107	2.6579e-05	0.10799	supercritical
561.69	597.00	163.29	0.0061240	1183.6	1549.2	4.8230	2.6827	3.5120	826.61	-0.0096463	2.6579e-05	0.10812	supercritical
562.69	597.00	163.02	0.0061343	1186.5	1552.7	4.8293	2.6862	3.5144	826.72	-0.0096819	2.6580e-05	0.10826	supercritical
563.69	597.00	162.74	0.0061446	1189.4	1556.2	4.8355	2.6896	3.5169	826.83	-0.0097176	2.6581e-05	0.10840	supercritical
564.69	597.00	162.47	0.0061549	1192.3	1559.7	4.8417	2.6931	3.5193	826.94	-0.0097534	2.6582e-05	0.10854	supercritical
565.69	597.00	162.20	0.0061652	1195.2	1563.2	4.8480	2.6966	3.5218	827.05	-0.0097893	2.6584e-05	0.10868	supercritical
566.69	597.00	161.93	0.0061755	1198.1	1566.8	4.8542	2.7000	3.5242	827.16	-0.0098252	2.6585e-05	0.10882	supercritical
567.69	597.00	161.66	0.0061858	1201.0	1570.3	4.8604	2.7035	3.5267	827.28	-0.0098612	2.6587e-05	0.10896	supercritical
568.69	597.00	161.39	0.0061961	1203.9	1573.8	4.8666	2.7070	3.5291	827.39	-0.0098973	2.6588e-05	0.10910	supercritical
569.69	597.00	161.13	0.0062064	1206.8	1577.4	4.8728	2.7104	3.5316	827.51	-0.0099334	2.6590e-05	0.10924	supercritical
570.69	597.00	160.86	0.0062166	1209.8	1580.9	4.8790	2.7139	3.5341	827.63	-0.0099696	2.6592e-05	0.10938	supercritical
571.69	597.00	160.59	0.0062269	1212.7	1584.4	4.8852	2.7174	3.5366	827.75	-0.010006	2.6594e-05	0.10952	supercritical
572.69	597.00	160.33	0.0062372	1215.6	1588.0	4.8914	2.7208	3.5390	827.88	-0.010042	2.6596e-05	0.10967	supercritical
573.69	597.00	160.07	0.0062474	1218.5	1591.5	4.8976	2.7243	3.5415	828.00	-0.010079	2.6598e-05	0.10981	supercritical
574.69	597.00	159.80	0.0062577	1221.5	1595.0	4.9037	2.7277	3.5440	828.13	-0.010115	2.6600e-05	0.10995	supercritical
575.69	597.00	159.54	0.0062680	1224.4	1598.6	4.9099	2.7312	3.5465	828.26	-0.010151	2.6602e-05	0.11010	supercritical
576.69	597.00	159.28	0.0062782	1227.3	1602.1	4.9160	2.7347	3.5490	828.39	-0.010188	2.6605e-05	0.11024	supercritical
577.69	597.00	159.02	0.0062885	1230.3	1605.7	4.9222	2.7381	3.5515	828.52	-0.010225	2.6607e-05	0.11039	supercritical
578.69	597.00	158.76	0.0062987	1233.2	1609.2	4.9283	2.7416	3.5540	828.65	-0.010261	2.6610e-05	0.11053	supercritical
579.69	597.00	158.50	0.0063090	1236.1	1612.8	4.9345	2.7451	3.5565	828.79	-0.010298	2.6613e-05	0.11068	supercritical
580.69	597.00	158.25	0.0063193	1239.1	1616.4	4.9406	2.7485	3.5590	828.92	-0.010334	2.6615e-05	0.11082	supercritical
581.69	597.00	157.99	0.0063295	1242.0	1619.9	4.9467	2.7520	3.5615	829.06	-0.010371	2.6618e-05	0.11097	supercritical
582.69	597.00	157.74	0.0063397	1245.0	1623.5	4.9529	2.7554	3.5641	829.20	-0.010408	2.6621e-05	0.11112	supercritical
583.69	597.00	157.48	0.0063500	1247.9	1627.0	4.9590	2.7589	3.5666	829.34	-0.010445	2.6624e-05	0.11126	supercritical
584.69	597.00	157.23	0.0063602	1250.9	1630.6	4.9651	2.7623	3.5691	829.48	-0.010481	2.6628e-05	0.11141	supercritical
585.69	597.00	156.97	0.0063705	1253.9	1634.2	4.9712	2.7658	3.5716	829.62	-0.010518	2.6631e-05	0.11156	supercritical
586.69	597.00	156.72	0.0063807	1256.8	1637.7	4.9773	2.7693	3.5742	829.77	-0.010555	2.6634e-05	0.11171	supercritical
587.69	597.00	156.47	0.0063909	1259.8	1641.3	4.9834	2.7727	3.5767	829.92	-0.010592	2.6638e-05	0.11186	supercritical
588.69	597.00	156.22	0.0064012	1262.8	1644.9	4.9894	2.7762	3.5793	830.06	-0.010629	2.6641e-05	0.11201	supercritical
589.69	597.00	155.97	0.0064114	1265.7	1648.5	4.9955	2.7796	3.5818	830.21	-0.010666	2.6645e-05	0.11215	supercritical
590.69	597.00	155.72	0.0064216	1268.7	1652.1	5.0016	2.7831	3.5843	830.36	-0.010703	2.6649e-05	0.11231	supercritical
591.69	597.00	155.48	0.0064318	1271.7	1655.7	5.0077	2.7865	3.5869	830.51	-0.010740	2.6653e-05	0.11246	supercritical
592.69	597.00	155.23	0.0064420	1274.7	1659.2	5.0137	2.7900	3.5895	830.67	-0.010777	2.6657e-05	0.11261	supercritical
593.69	597.00	154.98	0.0064523	1277.6	1662.8	5.0198	2.7934	3.5920	830.82	-0.010813	2.6661e-05	0.11276	supercritical
594.69	597.00	154.74	0.0064625	1280.6	1666.4	5.0258	2.7969	3.5946	830.98	-0.010850	2.6665e-05	0.11291	supercritical
595.69	597.00	154.50	0.0064727	1283.6	1670.0	5.0319	2.8003	3.5971	831.13	-0.010887	2.6669e-05	0.11306	supercritical
596.69	597.00	154.25	0.0064829	1286.6	1673.6	5.0379	2.8038	3.5997	831.29	-0.010924	2.6673e-05	0.11321	supercritical
597.69	597.00	154.01	0.0064931	1289.6	1677.2	5.0439	2.8072	3.6023	831.45	-0.010961	2.6678e-05	0.11337	supercritical
598.69	597.00	153.77	0.0065033	1292.6	1680.8	5.0499	2.8107	3.6048	831.61	-0.010998	2.6682e-05	0.11352	supercritical
599.69	597.00	153.53	0.0065135	1295.6	1684.4	5.0560	2.8141	3.6074	831.77	-0.011035	2.6687e-05	0.11367	supercritical
600.69	597.00	153.29	0.0065237	1298.6	1688.0	5.0620	2.8176	3.6100	831.93	-0.011072	2.6691e-05	0.11383	supercritical
601.69	597.00	153.05	0.0065339	1301.6	1691.6	5.0680	2.8210	3.6126	832.10	-0.011109	2.6696e-05	0.11398	supercritical
602.69	597.00	152.81	0.0065441	1304.6	1695.3	5.0740	2.8244	3.6152	832.26	-0.011146	2.6701e-05	0.11414	supercritical
603.69	597.00	152.57	0.0065543	1307.6	1698.9	5.0800	2.8279	3.6178	832.43	-0.011183	2.6706e-05	0.11429	supercritical
604.69	597.00	152.34	0.0065644	1310.6	1702.5	5.0860	2.8313	3.6204	832.60	-0.011220	2.6711e-05	0.11445	supercritical
605.69	597.00	152.10	0.0065746	1313.6	1706.1	5.0920	2.8348	3.6229	832.77	-0.011257	2.6716e-05	0.11461	supercritical
606.69	597.00	151.86	0.0065848	1316.6	1709.7	5.0979	2.8382	3.6255	832.94	-0.011294	2.6721e-05	0.11476	supercritical
607.69	597.00	151.63	0.0065950	1319.7	1713.4	5.1039	2.8416	3.6281	833.11	-0.011331	2.6726e-05	0.11492	supercritical
608.69	597.00	151.40	0.0066052	1322.7	1717.0	5.1099	2.8451	3.6307	833.28	-0.011368	2.6731e-05	0.11508	supercritical
609.69	597.00	151.16	0.0066153	1325.7	1720.6	5.1158	2.8485	3.6334	833.45	-0.011405	2.6737e-05	0.11523	supercritical
610.69	597.00	150.93	0.0066255	1328.7	1724.3	5.1218	2.8520	3.6360	833.63	-0.011442	2.6742e-05	0.11539	supercritical
611.69	597.00	150.70	0.0066357	1331.8	1727.9	5.1277	2.8554	3.6386	833.80	-0.011479	2.6747e-05	0.11555	supercritical
612.69	597.00	150.47	0.0066458	1334.8	1731.5	5.1337	2.8588	3.6412	833.98	-0.011515	2.6753e-05	0.11571	supercritical
613.69	597.00	150.24	0.0066560	1337.8	1735.2	5.1396	2.8623	3.6438	834.16	-0.011552	2.6759e-05	0.11587	supercritical
614.69	597.00	150.01	0.0066662	1340.9	1738.8	5.1456	2.8657	3.6464	834.34	-0.011589	2.6764e-05	0.11603	supercritical
615.69	597.00	149.78	0.0066763	1343.9	1742.5	5.1515	2.8691	3.6490	834.52	-0.011626	2.6770e-05	0.11619	supercritical
616.69	597.00	149.56	0.0066865	1346.9	1746.1	5.1574	2.8725	3.6517	834.70	-0.011663	2.6776e-05	0.11635	supercritical
617.69	597.00	149.33	0.0066966	1350.0	1749.8	5.1633	2.8760	3.6543	834.88	-0.011699	2.6782e-05	0.11651	supercritical
618.69	597.00	149.10	0.0067068	1353.0	1753.4	5.1693	2.8794	3.6569	835.07	-0.011736	2.6788e-05	0.11667	supercritical
619.69	597.00	148.88	0.0067169	1356.1	1757.1	5.1752	2.8828	3.6595	835.25	-0.011773	2.6794e-05	0.11683	supercritical
620.69	597.00	148.65	0.0067270	1359.2	1760.8	5.1811	2.8862	3.6622	835.43	-0.011809	2.6800e-05	0.11699	supercritical
621.69	597.00	148.43	0.0067372	1362.2	1764.4	5.1870	2.8897	3.6648	835.62	-0.011846	2.6806e-05	0.11715	supercritical
622.69	597.00	148.21	0.0067473	1365.3	1768.1	5.1929	2.8931	3.6674	835.81	-0.011883	2.6813e-05	0.11731	supercritical
623.69	597.00	147.98	0.0067575	1368.3	1771.8	5.1987	2.8965	3.6701	836.00	-0.011919	2.6819e-05	0.11748	supercritical
624.69	597.00	147.76	0.0067676	1371.4	1775.4	5.2046	2.8999	3.6727	836.19	-0.011956	2.6826e-05	0.11764	supercritical