Temperature (K)	Pressure (bar)	Density (kg/m3)	Volume (m3/kg)	Internal Energy (kJ/kg)	Enthalpy (kJ/kg)	Entropy (J/g*K)	Cv (J/g*K)	Cp (J/g*K)	Sound Spd. (m/s)	Joule-Thomson (K/bar)	Viscosity (Pa*s)	Therm. Cond. (W/m*K)	Phase
90.694	838.00	491.11	0.0020362	-102.07	68.563	-1.1155	2.3159	3.1944	1949.3	-0.052902	0.00050932	0.27270	liquid
110.69	838.00	473.07	0.0021139	-45.055	132.09	-0.48243	2.2271	3.1632	1848.3	-0.052957	0.00023788	0.25588	liquid
111.69	838.00	472.18	0.0021178	-42.225	135.25	-0.45398	2.2232	3.1620	1843.2	-0.052944	0.00023143	0.25493	liquid
112.69	838.00	471.30	0.0021218	-39.397	138.41	-0.42580	2.2194	3.1609	1838.1	-0.052930	0.00022532	0.25398	liquid
113.69	838.00	470.41	0.0021258	-36.571	141.57	-0.39788	2.2156	3.1598	1833.0	-0.052915	0.00021953	0.25301	liquid
114.69	838.00	469.53	0.0021298	-33.746	144.73	-0.37022	2.2118	3.1587	1827.9	-0.052899	0.00021404	0.25205	liquid
115.69	838.00	468.65	0.0021338	-30.924	147.89	-0.34280	2.2081	3.1576	1822.8	-0.052883	0.00020884	0.25107	liquid
116.69	838.00	467.77	0.0021378	-28.103	151.05	-0.31563	2.2043	3.1564	1817.7	-0.052867	0.00020389	0.25010	liquid
117.69	838.00	466.89	0.0021418	-25.285	154.20	-0.28870	2.2006	3.1553	1812.7	-0.052849	0.00019919	0.24912	liquid
118.69	838.00	466.01	0.0021459	-22.468	157.36	-0.26201	2.1969	3.1542	1807.6	-0.052832	0.00019472	0.24813	liquid
119.69	838.00	465.13	0.0021499	-19.653	160.51	-0.23555	2.1932	3.1530	1802.5	-0.052813	0.00019045	0.24715	liquid
120.69	838.00	464.26	0.0021540	-16.841	163.66	-0.20933	2.1896	3.1519	1797.5	-0.052794	0.00018639	0.24616	liquid
121.69	838.00	463.38	0.0021580	-14.030	166.81	-0.18332	2.1859	3.1507	1792.5	-0.052775	0.00018251	0.24516	liquid
122.69	838.00	462.51	0.0021621	-11.222	169.96	-0.15754	2.1823	3.1495	1787.4	-0.052755	0.00017881	0.24417	liquid
123.69	838.00	461.64	0.0021662	-8.4149	173.11	-0.13198	2.1787	3.1483	1782.4	-0.052734	0.00017527	0.24318	liquid
124.69	838.00	460.77	0.0021703	-5.6104	176.26	-0.10664	2.1750	3.1471	1777.4	-0.052713	0.00017188	0.24218	liquid
125.69	838.00	459.90	0.0021744	-2.8080	179.41	-0.081505	2.1715	3.1459	1772.4	-0.052691	0.00016863	0.24118	liquid
126.69	838.00	459.03	0.0021785	-0.0076564	182.55	-0.056581	2.1679	3.1447	1767.5	-0.052669	0.00016553	0.24018	liquid
127.69	838.00	458.16	0.0021826	2.7906	185.70	-0.031862	2.1644	3.1435	1762.5	-0.052646	0.00016254	0.23919	liquid
128.69	838.00	457.29	0.0021868	5.5867	188.84	-0.0073451	2.1608	3.1423	1757.6	-0.052623	0.00015968	0.23819	liquid
129.69	838.00	456.43	0.0021909	8.3807	191.98	0.016972	2.1573	3.1410	1752.6	-0.052599	0.00015693	0.23719	liquid
130.69	838.00	455.56	0.0021951	11.172	195.12	0.041093	2.1538	3.1398	1747.7	-0.052575	0.00015429	0.23619	liquid
131.69	838.00	454.70	0.0021993	13.962	198.26	0.065021	2.1504	3.1385	1742.8	-0.052550	0.00015175	0.23519	liquid
132.69	838.00	453.84	0.0022034	16.750	201.40	0.088758	2.1469	3.1373	1737.9	-0.052524	0.00014930	0.23419	liquid
133.69	838.00	452.97	0.0022076	19.535	204.53	0.11231	2.1435	3.1360	1733.0	-0.052498	0.00014694	0.23320	liquid
134.69	838.00	452.11	0.0022118	22.318	207.67	0.13567	2.1401	3.1348	1728.2	-0.052471	0.00014467	0.23220	liquid
135.69	838.00	451.25	0.0022161	25.099	210.80	0.15886	2.1367	3.1335	1723.3	-0.052444	0.00014247	0.23121	liquid
136.69	838.00	450.39	0.0022203	27.878	213.94	0.18186	2.1333	3.1322	1718.5	-0.052416	0.00014035	0.23021	liquid
137.69	838.00	449.54	0.0022245	30.654	217.07	0.20468	2.1299	3.1309	1713.7	-0.052387	0.00013831	0.22922	liquid
138.69	838.00	448.68	0.0022288	33.428	220.20	0.22734	2.1266	3.1297	1708.9	-0.052358	0.00013633	0.22823	liquid
139.69	838.00	447.82	0.0022330	36.200	223.33	0.24982	2.1233	3.1284	1704.1	-0.052328	0.00013441	0.22725	liquid
140.69	838.00	446.97	0.0022373	38.970	226.46	0.27213	2.1200	3.1271	1699.3	-0.052298	0.00013256	0.22626	liquid
141.69	838.00	446.11	0.0022416	41.738	229.58	0.29427	2.1168	3.1258	1694.6	-0.052266	0.00013077	0.22528	liquid
142.69	838.00	445.26	0.0022459	44.503	232.71	0.31625	2.1135	3.1245	1689.8	-0.052235	0.00012903	0.22430	liquid
143.69	838.00	444.41	0.0022502	47.266	235.83	0.33806	2.1103	3.1233	1685.1	-0.052202	0.00012734	0.22332	liquid
144.69	838.00	443.56	0.0022545	50.026	238.95	0.35972	2.1071	3.1220	1680.4	-0.052169	0.00012571	0.22235	liquid
145.69	838.00	442.71	0.0022588	52.785	242.07	0.38122	2.1039	3.1207	1675.7	-0.052135	0.00012412	0.22137	liquid
146.69	838.00	441.86	0.0022632	55.541	245.19	0.40256	2.1008	3.1194	1671.1	-0.052101	0.00012258	0.22040	liquid
147.69	838.00	441.01	0.0022675	58.295	248.31	0.42375	2.0977	3.1181	1666.4	-0.052066	0.00012108	0.21944	liquid
148.69	838.00	440.16	0.0022719	61.046	251.43	0.44478	2.0946	3.1168	1661.8	-0.052030	0.00011962	0.21847	liquid
149.69	838.00	439.31	0.0022763	63.795	254.55	0.46567	2.0915	3.1156	1657.2	-0.051993	0.00011821	0.21751	liquid
150.69	838.00	438.47	0.0022807	66.542	257.66	0.48641	2.0884	3.1143	1652.5	-0.051956	0.00011683	0.21656	liquid
151.69	838.00	437.62	0.0022851	69.287	260.78	0.50700	2.0854	3.1130	1648.0	-0.051918	0.00011549	0.21560	liquid
152.69	838.00	436.78	0.0022895	72.029	263.89	0.52745	2.0824	3.1117	1643.4	-0.051879	0.00011418	0.21465	liquid
153.69	838.00	435.94	0.0022939	74.769	267.00	0.54776	2.0795	3.1105	1638.8	-0.051840	0.00011290	0.21371	liquid
154.69	838.00	435.09	0.0022984	77.507	270.11	0.56793	2.0765	3.1092	1634.3	-0.051800	0.00011166	0.21277	liquid
155.69	838.00	434.25	0.0023028	80.243	273.22	0.58796	2.0736	3.1079	1629.8	-0.051759	0.00011045	0.21183	liquid
156.69	838.00	433.41	0.0023073	82.976	276.33	0.60785	2.0707	3.1067	1625.3	-0.051717	0.00010927	0.21089	liquid
157.69	838.00	432.57	0.0023117	85.707	279.43	0.62761	2.0678	3.1054	1620.8	-0.051675	0.00010811	0.20996	liquid
158.69	838.00	431.73	0.0023162	88.435	282.54	0.64724	2.0650	3.1042	1616.4	-0.051631	0.00010698	0.20904	liquid
159.69	838.00	430.90	0.0023207	91.162	285.64	0.66674	2.0622	3.1030	1611.9	-0.051587	0.00010588	0.20811	liquid
160.69	838.00	430.06	0.0023253	93.886	288.74	0.68610	2.0594	3.1017	1607.5	-0.051543	0.00010481	0.20720	liquid
161.69	838.00	429.22	0.0023298	96.607	291.84	0.70534	2.0566	3.1005	1603.1	-0.051497	0.00010376	0.20628	liquid
162.69	838.00	428.39	0.0023343	99.327	294.94	0.72445	2.0539	3.0993	1598.7	-0.051451	0.00010273	0.20537	liquid
163.69	838.00	427.56	0.0023389	102.04	298.04	0.74344	2.0512	3.0981	1594.3	-0.051404	0.00010172	0.20447	liquid
164.69	838.00	426.72	0.0023434	104.76	301.14	0.76231	2.0485	3.0969	1590.0	-0.051356	0.00010074	0.20357	liquid
165.69	838.00	425.89	0.0023480	107.47	304.24	0.78105	2.0459	3.0957	1585.6	-0.051308	9.9772e-05	0.20267	liquid
166.69	838.00	425.06	0.0023526	110.18	307.33	0.79967	2.0432	3.0945	1581.3	-0.051258	9.8828e-05	0.20178	liquid
167.69	838.00	424.23	0.0023572	112.89	310.42	0.81818	2.0406	3.0933	1577.0	-0.051208	9.7904e-05	0.20089	liquid
168.69	838.00	423.40	0.0023618	115.60	313.52	0.83656	2.0381	3.0921	1572.7	-0.051157	9.6998e-05	0.20001	liquid
169.69	838.00	422.57	0.0023665	118.30	316.61	0.85484	2.0355	3.0910	1568.5	-0.051105	9.6111e-05	0.19913	liquid
170.69	838.00	421.74	0.0023711	121.00	319.70	0.87299	2.0330	3.0898	1564.2	-0.051053	9.5241e-05	0.19825	liquid
171.69	838.00	420.92	0.0023758	123.70	322.79	0.89104	2.0305	3.0886	1560.0	-0.050999	9.4388e-05	0.19738	liquid
172.69	838.00	420.09	0.0023804	126.40	325.88	0.90897	2.0281	3.0875	1555.8	-0.050945	9.3551e-05	0.19652	liquid
173.69	838.00	419.27	0.0023851	129.09	328.96	0.92680	2.0257	3.0864	1551.6	-0.050890	9.2731e-05	0.19566	liquid
174.69	838.00	418.44	0.0023898	131.78	332.05	0.94451	2.0233	3.0853	1547.4	-0.050835	9.1925e-05	0.19481	liquid
175.69	838.00	417.62	0.0023945	134.47	335.13	0.96212	2.0209	3.0841	1543.3	-0.050778	9.1135e-05	0.19396	liquid
176.69	838.00	416.80	0.0023992	137.16	338.22	0.97962	2.0186	3.0830	1539.1	-0.050721	9.0359e-05	0.19311	liquid
177.69	838.00	415.98	0.0024040	139.85	341.30	0.99702	2.0162	3.0819	1535.0	-0.050662	8.9597e-05	0.19227	liquid
178.69	838.00	415.16	0.0024087	142.53	344.38	1.0143	2.0140	3.0809	1530.9	-0.050603	8.8849e-05	0.19144	liquid
179.69	838.00	414.34	0.0024135	145.21	347.46	1.0315	2.0117	3.0798	1526.8	-0.050544	8.8113e-05	0.19060	liquid
180.69	838.00	413.52	0.0024183	147.89	350.54	1.0486	2.0095	3.0787	1522.8	-0.050483	8.7391e-05	0.18978	liquid
181.69	838.00	412.70	0.0024230	150.57	353.62	1.0656	2.0073	3.0777	1518.7	-0.050422	8.6681e-05	0.18896	liquid
182.69	838.00	411.89	0.0024279	153.24	356.70	1.0825	2.0051	3.0766	1514.7	-0.050360	8.5984e-05	0.18814	liquid
183.69	838.00	411.07	0.0024327	155.91	359.77	1.0993	2.0030	3.0756	1510.7	-0.050297	8.5298e-05	0.18733	liquid
184.69	838.00	410.26	0.0024375	158.59	362.85	1.1160	2.0009	3.0746	1506.7	-0.050233	8.4624e-05	0.18653	liquid
185.69	838.00	409.44	0.0024423	161.25	365.92	1.1326	1.9988	3.0736	1502.7	-0.050168	8.3960e-05	0.18573	liquid
186.69	838.00	408.63	0.0024472	163.92	368.99	1.1491	1.9968	3.0726	1498.8	-0.050103	8.3308e-05	0.18493	liquid
187.69	838.00	407.82	0.0024521	166.58	372.07	1.1655	1.9948	3.0716	1494.8	-0.050037	8.2666e-05	0.18414	liquid
188.69	838.00	407.01	0.0024569	169.25	375.14	1.1818	1.9928	3.0706	1490.9	-0.049970	8.2035e-05	0.18336	liquid
189.69	838.00	406.20	0.0024618	171.91	378.21	1.1980	1.9908	3.0697	1487.0	-0.049902	8.1413e-05	0.18258	liquid
190.69	838.00	405.39	0.0024667	174.56	381.28	1.2142	1.9889	3.0687	1483.1	-0.049833	8.0802e-05	0.18180	supercritical
191.69	838.00	404.58	0.0024717	177.22	384.35	1.2302	1.9870	3.0678	1479.2	-0.049764	8.0200e-05	0.18103	supercritical
192.69	838.00	403.78	0.0024766	179.87	387.41	1.2462	1.9851	3.0669	1475.4	-0.049694	7.9607e-05	0.18026	supercritical
193.69	838.00	402.97	0.0024816	182.52	390.48	1.2620	1.9833	3.0660	1471.6	-0.049623	7.9024e-05	0.17950	supercritical
194.69	838.00	402.17	0.0024865	185.17	393.54	1.2778	1.9815	3.0651	1467.8	-0.049551	7.8449e-05	0.17875	supercritical
195.69	838.00	401.36	0.0024915	187.82	396.61	1.2935	1.9797	3.0642	1464.0	-0.049478	7.7883e-05	0.17800	supercritical
196.69	838.00	400.56	0.0024965	190.47	399.67	1.3091	1.9780	3.0633	1460.2	-0.049405	7.7325e-05	0.17725	supercritical
197.69	838.00	399.76	0.0025015	193.11	402.74	1.3247	1.9763	3.0625	1456.4	-0.049331	7.6776e-05	0.17651	supercritical
198.69	838.00	398.96	0.0025065	195.75	405.80	1.3401	1.9746	3.0616	1452.7	-0.049256	7.6235e-05	0.17578	supercritical
199.69	838.00	398.16	0.0025115	198.39	408.86	1.3555	1.9729	3.0608	1449.0	-0.049181	7.5701e-05	0.17505	supercritical
200.69	838.00	397.36	0.0025166	201.03	411.92	1.3708	1.9713	3.0600	1445.3	-0.049104	7.5176e-05	0.17432	supercritical
201.69	838.00	396.57	0.0025217	203.66	414.98	1.3860	1.9697	3.0591	1441.6	-0.049027	7.4658e-05	0.17360	supercritical
202.69	838.00	395.77	0.0025267	206.30	418.04	1.4011	1.9682	3.0584	1437.9	-0.048949	7.4147e-05	0.17289	supercritical
203.69	838.00	394.97	0.0025318	208.93	421.10	1.4162	1.9667	3.0576	1434.3	-0.048871	7.3644e-05	0.17218	supercritical
204.69	838.00	394.18	0.0025369	211.56	424.15	1.4311	1.9652	3.0568	1430.6	-0.048791	7.3147e-05	0.17147	supercritical
205.69	838.00	393.39	0.0025420	214.19	427.21	1.4460	1.9637	3.0561	1427.0	-0.048711	7.2658e-05	0.17077	supercritical
206.69	838.00	392.59	0.0025472	216.81	430.27	1.4608	1.9623	3.0553	1423.4	-0.048630	7.2175e-05	0.17008	supercritical
207.69	838.00	391.80	0.0025523	219.44	433.32	1.4756	1.9609	3.0546	1419.9	-0.048549	7.1699e-05	0.16939	supercritical
208.69	838.00	391.01	0.0025575	222.06	436.37	1.4903	1.9595	3.0539	1416.3	-0.048467	7.1230e-05	0.16871	supercritical
209.69	838.00	390.23	0.0025626	224.68	439.43	1.5049	1.9581	3.0532	1412.7	-0.048384	7.0767e-05	0.16803	supercritical
210.69	838.00	389.44	0.0025678	227.30	442.48	1.5194	1.9568	3.0525	1409.2	-0.048300	7.0310e-05	0.16735	supercritical
211.69	838.00	388.65	0.0025730	229.92	445.53	1.5338	1.9555	3.0518	1405.7	-0.048215	6.9859e-05	0.16668	supercritical
212.69	838.00	387.87	0.0025782	232.53	448.58	1.5482	1.9543	3.0512	1402.2	-0.048130	6.9415e-05	0.16602	supercritical
213.69	838.00	387.08	0.0025834	235.14	451.64	1.5625	1.9531	3.0505	1398.8	-0.048044	6.8976e-05	0.16536	supercritical
214.69	838.00	386.30	0.0025887	237.75	454.69	1.5768	1.9519	3.0499	1395.3	-0.047958	6.8543e-05	0.16471	supercritical
215.69	838.00	385.52	0.0025939	240.36	457.73	1.5909	1.9507	3.0493	1391.9	-0.047871	6.8116e-05	0.16406	supercritical
216.69	838.00	384.74	0.0025992	242.97	460.78	1.6050	1.9496	3.0487	1388.4	-0.047783	6.7694e-05	0.16341	supercritical
217.69	838.00	383.96	0.0026045	245.58	463.83	1.6191	1.9485	3.0481	1385.0	-0.047694	6.7278e-05	0.16277	supercritical
218.69	838.00	383.18	0.0026098	248.18	466.88	1.6330	1.9475	3.0476	1381.7	-0.047605	6.6867e-05	0.16214	supercritical
219.69	838.00	382.40	0.0026151	250.78	469.93	1.6469	1.9464	3.0470	1378.3	-0.047515	6.6461e-05	0.16151	supercritical
220.69	838.00	381.62	0.0026204	253.39	472.97	1.6608	1.9454	3.0465	1374.9	-0.047425	6.6061e-05	0.16089	supercritical
221.69	838.00	380.85	0.0026257	255.98	476.02	1.6745	1.9445	3.0459	1371.6	-0.047334	6.5665e-05	0.16027	supercritical
222.69	838.00	380.07	0.0026311	258.58	479.07	1.6883	1.9435	3.0454	1368.3	-0.047242	6.5275e-05	0.15965	supercritical
223.69	838.00	379.30	0.0026364	261.18	482.11	1.7019	1.9426	3.0449	1365.0	-0.047149	6.4889e-05	0.15904	supercritical
224.69	838.00	378.53	0.0026418	263.77	485.16	1.7155	1.9417	3.0444	1361.7	-0.047056	6.4508e-05	0.15844	supercritical
225.69	838.00	377.76	0.0026472	266.37	488.20	1.7290	1.9409	3.0440	1358.5	-0.046963	6.4132e-05	0.15784	supercritical
226.69	838.00	376.99	0.0026526	268.96	491.24	1.7425	1.9401	3.0435	1355.2	-0.046869	6.3761e-05	0.15724	supercritical
227.69	838.00	376.22	0.0026580	271.55	494.29	1.7559	1.9393	3.0431	1352.0	-0.046774	6.3394e-05	0.15665	supercritical
228.69	838.00	375.45	0.0026634	274.13	497.33	1.7692	1.9386	3.0427	1348.8	-0.046678	6.3032e-05	0.15607	supercritical
229.69	838.00	374.69	0.0026689	276.72	500.37	1.7825	1.9378	3.0423	1345.6	-0.046582	6.2674e-05	0.15549	supercritical
230.69	838.00	373.92	0.0026743	279.31	503.41	1.7957	1.9372	3.0419	1342.4	-0.046486	6.2321e-05	0.15491	supercritical
231.69	838.00	373.16	0.0026798	281.89	506.46	1.8088	1.9365	3.0415	1339.2	-0.046389	6.1971e-05	0.15434	supercritical
232.69	838.00	372.40	0.0026853	284.47	509.50	1.8219	1.9359	3.0411	1336.1	-0.046291	6.1626e-05	0.15377	supercritical
233.69	838.00	371.64	0.0026908	287.05	512.54	1.8350	1.9353	3.0408	1333.0	-0.046193	6.1285e-05	0.15321	supercritical
234.69	838.00	370.88	0.0026963	289.63	515.58	1.8480	1.9347	3.0405	1329.9	-0.046094	6.0949e-05	0.15266	supercritical
235.69	838.00	370.12	0.0027018	292.21	518.62	1.8609	1.9342	3.0402	1326.8	-0.045995	6.0616e-05	0.15210	supercritical
236.69	838.00	369.36	0.0027074	294.78	521.66	1.8738	1.9337	3.0399	1323.7	-0.045895	6.0287e-05	0.15156	supercritical
237.69	838.00	368.61	0.0027129	297.36	524.70	1.8866	1.9332	3.0396	1320.6	-0.045795	5.9962e-05	0.15101	supercritical
238.69	838.00	367.85	0.0027185	299.93	527.74	1.8993	1.9328	3.0393	1317.6	-0.045695	5.9641e-05	0.15048	supercritical
239.69	838.00	367.10	0.0027241	302.50	530.78	1.9120	1.9323	3.0390	1314.6	-0.045593	5.9323e-05	0.14994	supercritical
240.69	838.00	366.35	0.0027296	305.07	533.82	1.9247	1.9320	3.0388	1311.6	-0.045492	5.9009e-05	0.14941	supercritical
241.69	838.00	365.60	0.0027352	307.64	536.86	1.9373	1.9316	3.0386	1308.6	-0.045390	5.8699e-05	0.14889	supercritical
242.69	838.00	364.85	0.0027409	310.21	539.89	1.9498	1.9313	3.0384	1305.6	-0.045287	5.8393e-05	0.14837	supercritical
243.69	838.00	364.10	0.0027465	312.78	542.93	1.9623	1.9310	3.0382	1302.7	-0.045184	5.8090e-05	0.14786	supercritical
244.69	838.00	363.35	0.0027521	315.34	545.97	1.9748	1.9307	3.0380	1299.7	-0.045081	5.7790e-05	0.14734	supercritical
245.69	838.00	362.61	0.0027578	317.91	549.01	1.9872	1.9305	3.0378	1296.8	-0.044977	5.7494e-05	0.14684	supercritical
246.69	838.00	361.86	0.0027635	320.47	552.05	1.9995	1.9303	3.0377	1293.9	-0.044873	5.7201e-05	0.14634	supercritical
247.69	838.00	361.12	0.0027691	323.03	555.08	2.0118	1.9301	3.0376	1291.0	-0.044768	5.6912e-05	0.14584	supercritical
248.69	838.00	360.38	0.0027748	325.59	558.12	2.0240	1.9300	3.0374	1288.1	-0.044663	5.6626e-05	0.14535	supercritical
249.69	838.00	359.64	0.0027806	328.15	561.16	2.0362	1.9299	3.0373	1285.3	-0.044558	5.6343e-05	0.14486	supercritical
250.69	838.00	358.90	0.0027863	330.71	564.20	2.0483	1.9298	3.0372	1282.4	-0.044452	5.6063e-05	0.14438	supercritical
251.69	838.00	358.16	0.0027920	333.26	567.23	2.0604	1.9298	3.0372	1279.6	-0.044346	5.5786e-05	0.14390	supercritical
252.69	838.00	357.43	0.0027978	335.82	570.27	2.0725	1.9297	3.0371	1276.8	-0.044239	5.5513e-05	0.14342	supercritical
253.69	838.00	356.69	0.0028035	338.37	573.31	2.0845	1.9298	3.0371	1274.0	-0.044132	5.5242e-05	0.14295	supercritical
254.69	838.00	355.96	0.0028093	340.93	576.34	2.0964	1.9298	3.0370	1271.2	-0.044025	5.4975e-05	0.14249	supercritical
255.69	838.00	355.23	0.0028151	343.48	579.38	2.1083	1.9299	3.0370	1268.5	-0.043918	5.4710e-05	0.14203	supercritical
256.69	838.00	354.50	0.0028209	346.03	582.42	2.1202	1.9300	3.0370	1265.7	-0.043810	5.4449e-05	0.14157	supercritical
257.69	838.00	353.77	0.0028267	348.58	585.46	2.1320	1.9301	3.0370	1263.0	-0.043702	5.4190e-05	0.14112	supercritical
258.69	838.00	353.04	0.0028325	351.13	588.49	2.1438	1.9302	3.0371	1260.3	-0.043594	5.3934e-05	0.14067	supercritical
259.69	838.00	352.32	0.0028384	353.68	591.53	2.1555	1.9304	3.0371	1257.6	-0.043485	5.3681e-05	0.14022	supercritical
260.69	838.00	351.59	0.0028442	356.22	594.57	2.1671	1.9306	3.0372	1254.9	-0.043376	5.3431e-05	0.13978	supercritical
261.69	838.00	350.87	0.0028501	358.77	597.60	2.1788	1.9309	3.0373	1252.3	-0.043267	5.3183e-05	0.13935	supercritical
262.69	838.00	350.15	0.0028559	361.31	600.64	2.1904	1.9312	3.0374	1249.6	-0.043158	5.2939e-05	0.13892	supercritical
263.69	838.00	349.43	0.0028618	363.86	603.68	2.2019	1.9315	3.0375	1247.0	-0.043048	5.2696e-05	0.13849	supercritical
264.69	838.00	348.71	0.0028677	366.40	606.72	2.2134	1.9318	3.0376	1244.4	-0.042939	5.2457e-05	0.13807	supercritical
265.69	838.00	347.99	0.0028736	368.94	609.75	2.2248	1.9321	3.0377	1241.8	-0.042829	5.2220e-05	0.13765	supercritical
266.69	838.00	347.27	0.0028796	371.48	612.79	2.2363	1.9325	3.0379	1239.2	-0.042719	5.1985e-05	0.13723	supercritical
267.69	838.00	346.56	0.0028855	374.02	615.83	2.2476	1.9329	3.0380	1236.6	-0.042608	5.1753e-05	0.13682	supercritical
268.69	838.00	345.85	0.0028915	376.56	618.87	2.2590	1.9334	3.0382	1234.1	-0.042498	5.1524e-05	0.13641	supercritical
269.69	838.00	345.13	0.0028974	379.10	621.91	2.2702	1.9339	3.0384	1231.6	-0.042387	5.1297e-05	0.13601	supercritical
270.69	838.00	344.42	0.0029034	381.64	624.94	2.2815	1.9344	3.0386	1229.0	-0.042276	5.1072e-05	0.13561	supercritical
271.69	838.00	343.72	0.0029094	384.18	627.98	2.2927	1.9349	3.0388	1226.5	-0.042165	5.0850e-05	0.13522	supercritical
272.69	838.00	343.01	0.0029154	386.71	631.02	2.3039	1.9354	3.0391	1224.0	-0.042054	5.0630e-05	0.13483	supercritical
273.69	838.00	342.30	0.0029214	389.25	634.06	2.3150	1.9360	3.0393	1221.6	-0.041943	5.0413e-05	0.13444	supercritical
274.69	838.00	341.60	0.0029274	391.78	637.10	2.3261	1.9366	3.0396	1219.1	-0.041832	5.0197e-05	0.13406	supercritical
275.69	838.00	340.90	0.0029334	394.32	640.14	2.3371	1.9373	3.0399	1216.7	-0.041721	4.9984e-05	0.13368	supercritical
276.69	838.00	340.20	0.0029395	396.85	643.18	2.3481	1.9379	3.0402	1214.3	-0.041609	4.9774e-05	0.13330	supercritical
277.69	838.00	339.50	0.0029455	399.38	646.22	2.3591	1.9386	3.0405	1211.8	-0.041498	4.9565e-05	0.13293	supercritical
278.69	838.00	338.80	0.0029516	401.92	649.26	2.3700	1.9393	3.0408	1209.5	-0.041386	4.9359e-05	0.13257	supercritical
279.69	838.00	338.10	0.0029577	404.45	652.30	2.3809	1.9401	3.0411	1207.1	-0.041275	4.9155e-05	0.13220	supercritical
280.69	838.00	337.41	0.0029638	406.98	655.34	2.3918	1.9408	3.0415	1204.7	-0.041163	4.8953e-05	0.13184	supercritical
281.69	838.00	336.71	0.0029699	409.51	658.39	2.4026	1.9416	3.0419	1202.4	-0.041051	4.8753e-05	0.13149	supercritical
282.69	838.00	336.02	0.0029760	412.04	661.43	2.4134	1.9425	3.0422	1200.0	-0.040940	4.8555e-05	0.13114	supercritical
283.69	838.00	335.33	0.0029821	414.57	664.47	2.4241	1.9433	3.0426	1197.7	-0.040828	4.8359e-05	0.13079	supercritical
284.69	838.00	334.64	0.0029883	417.10	667.51	2.4348	1.9442	3.0431	1195.4	-0.040716	4.8165e-05	0.13044	supercritical
285.69	838.00	333.95	0.0029944	419.62	670.56	2.4455	1.9451	3.0435	1193.1	-0.040605	4.7973e-05	0.13010	supercritical
286.69	838.00	333.27	0.0030006	422.15	673.60	2.4561	1.9460	3.0439	1190.9	-0.040493	4.7783e-05	0.12977	supercritical
287.69	838.00	332.58	0.0030068	424.68	676.64	2.4667	1.9470	3.0444	1188.6	-0.040382	4.7596e-05	0.12943	supercritical
288.69	838.00	331.90	0.0030129	427.20	679.69	2.4773	1.9479	3.0448	1186.4	-0.040270	4.7410e-05	0.12910	supercritical
289.69	838.00	331.22	0.0030191	429.73	682.73	2.4878	1.9489	3.0453	1184.1	-0.040159	4.7226e-05	0.12878	supercritical
290.69	838.00	330.54	0.0030253	432.26	685.78	2.4983	1.9500	3.0458	1181.9	-0.040047	4.7043e-05	0.12845	supercritical
291.69	838.00	329.86	0.0030316	434.78	688.83	2.5088	1.9510	3.0463	1179.7	-0.039936	4.6863e-05	0.12813	supercritical
292.69	838.00	329.19	0.0030378	437.31	691.87	2.5192	1.9521	3.0468	1177.5	-0.039825	4.6685e-05	0.12782	supercritical
293.69	838.00	328.51	0.0030440	439.83	694.92	2.5296	1.9532	3.0474	1175.4	-0.039713	4.6508e-05	0.12751	supercritical
294.69	838.00	327.84	0.0030503	442.35	697.97	2.5399	1.9543	3.0479	1173.2	-0.039602	4.6333e-05	0.12720	supercritical
295.69	838.00	327.17	0.0030565	444.88	701.01	2.5503	1.9555	3.0485	1171.1	-0.039491	4.6160e-05	0.12689	supercritical
296.69	838.00	326.50	0.0030628	447.40	704.06	2.5606	1.9566	3.0490	1169.0	-0.039381	4.5989e-05	0.12659	supercritical
297.69	838.00	325.83	0.0030691	449.92	707.11	2.5708	1.9578	3.0496	1166.8	-0.039270	4.5819e-05	0.12630	supercritical
298.69	838.00	325.16	0.0030754	452.45	710.16	2.5811	1.9591	3.0502	1164.7	-0.039160	4.5651e-05	0.12600	supercritical
299.69	838.00	324.50	0.0030817	454.97	713.21	2.5912	1.9603	3.0509	1162.7	-0.039049	4.5485e-05	0.12571	supercritical
300.69	838.00	323.83	0.0030880	457.49	716.26	2.6014	1.9616	3.0515	1160.6	-0.038939	4.5321e-05	0.12542	supercritical
301.69	838.00	323.17	0.0030943	460.01	719.32	2.6115	1.9629	3.0521	1158.6	-0.038829	4.5158e-05	0.12514	supercritical
302.69	838.00	322.51	0.0031007	462.53	722.37	2.6216	1.9642	3.0528	1156.5	-0.038719	4.4997e-05	0.12486	supercritical
303.69	838.00	321.85	0.0031070	465.06	725.42	2.6317	1.9655	3.0534	1154.5	-0.038610	4.4837e-05	0.12458	supercritical
304.69	838.00	321.20	0.0031133	467.58	728.48	2.6418	1.9669	3.0541	1152.5	-0.038500	4.4679e-05	0.12431	supercritical
305.69	838.00	320.54	0.0031197	470.10	731.53	2.6518	1.9683	3.0548	1150.5	-0.038391	4.4523e-05	0.12404	supercritical
306.69	838.00	319.89	0.0031261	472.62	734.59	2.6617	1.9697	3.0555	1148.5	-0.038282	4.4368e-05	0.12377	supercritical
307.69	838.00	319.24	0.0031325	475.14	737.64	2.6717	1.9711	3.0562	1146.5	-0.038173	4.4215e-05	0.12350	supercritical
308.69	838.00	318.59	0.0031389	477.66	740.70	2.6816	1.9726	3.0570	1144.6	-0.038065	4.4063e-05	0.12324	supercritical
309.69	838.00	317.94	0.0031453	480.18	743.76	2.6915	1.9740	3.0577	1142.6	-0.037957	4.3913e-05	0.12298	supercritical
310.69	838.00	317.29	0.0031517	482.70	746.81	2.7014	1.9755	3.0585	1140.7	-0.037849	4.3764e-05	0.12273	supercritical
311.69	838.00	316.65	0.0031581	485.22	749.87	2.7112	1.9771	3.0593	1138.8	-0.037741	4.3617e-05	0.12248	supercritical
312.69	838.00	316.00	0.0031645	487.74	752.93	2.7210	1.9786	3.0600	1136.9	-0.037633	4.3471e-05	0.12223	supercritical
313.69	838.00	315.36	0.0031710	490.26	755.99	2.7308	1.9802	3.0608	1135.0	-0.037526	4.3327e-05	0.12199	supercritical
314.69	838.00	314.72	0.0031774	492.78	759.05	2.7405	1.9817	3.0616	1133.2	-0.037419	4.3184e-05	0.12174	supercritical
315.69	838.00	314.08	0.0031839	495.31	762.12	2.7502	1.9833	3.0625	1131.3	-0.037313	4.3042e-05	0.12150	supercritical
316.69	838.00	313.44	0.0031904	497.83	765.18	2.7599	1.9850	3.0633	1129.5	-0.037206	4.2902e-05	0.12127	supercritical
317.69	838.00	312.81	0.0031968	500.35	768.24	2.7696	1.9866	3.0641	1127.6	-0.037100	4.2764e-05	0.12103	supercritical
318.69	838.00	312.17	0.0032033	502.87	771.31	2.7792	1.9883	3.0650	1125.8	-0.036995	4.2626e-05	0.12081	supercritical
319.69	838.00	311.54	0.0032098	505.39	774.37	2.7888	1.9900	3.0659	1124.0	-0.036889	4.2490e-05	0.12058	supercritical
320.69	838.00	310.91	0.0032163	507.91	777.44	2.7984	1.9917	3.0668	1122.2	-0.036784	4.2356e-05	0.12035	supercritical
321.69	838.00	310.28	0.0032229	510.43	780.51	2.8079	1.9934	3.0677	1120.4	-0.036680	4.2222e-05	0.12013	supercritical
322.69	838.00	309.66	0.0032294	512.95	783.57	2.8174	1.9952	3.0686	1118.7	-0.036575	4.2090e-05	0.11992	supercritical
323.69	838.00	309.03	0.0032359	515.47	786.64	2.8269	1.9969	3.0695	1116.9	-0.036471	4.1960e-05	0.11970	supercritical
324.69	838.00	308.41	0.0032425	518.00	789.71	2.8364	1.9987	3.0704	1115.2	-0.036368	4.1830e-05	0.11949	supercritical
325.69	838.00	307.79	0.0032490	520.52	792.78	2.8459	2.0005	3.0714	1113.5	-0.036264	4.1702e-05	0.11928	supercritical
326.69	838.00	307.17	0.0032556	523.04	795.86	2.8553	2.0023	3.0723	1111.7	-0.036161	4.1575e-05	0.11907	supercritical
327.69	838.00	306.55	0.0032621	525.56	798.93	2.8647	2.0042	3.0733	1110.0	-0.036059	4.1450e-05	0.11887	supercritical
328.69	838.00	305.93	0.0032687	528.08	802.00	2.8740	2.0061	3.0743	1108.4	-0.035957	4.1325e-05	0.11867	supercritical
329.69	838.00	305.32	0.0032753	530.61	805.08	2.8834	2.0079	3.0753	1106.7	-0.035855	4.1202e-05	0.11847	supercritical
330.69	838.00	304.70	0.0032819	533.13	808.15	2.8927	2.0098	3.0763	1105.0	-0.035754	4.1080e-05	0.11828	supercritical
331.69	838.00	304.09	0.0032885	535.65	811.23	2.9020	2.0118	3.0773	1103.4	-0.035653	4.0959e-05	0.11808	supercritical
332.69	838.00	303.48	0.0032951	538.18	814.31	2.9112	2.0137	3.0783	1101.7	-0.035552	4.0840e-05	0.11789	supercritical
333.69	838.00	302.87	0.0033017	540.70	817.39	2.9205	2.0157	3.0793	1100.1	-0.035452	4.0721e-05	0.11771	supercritical
334.69	838.00	302.27	0.0033084	543.23	820.47	2.9297	2.0176	3.0804	1098.5	-0.035352	4.0604e-05	0.11752	supercritical
335.69	838.00	301.66	0.0033150	545.75	823.55	2.9389	2.0196	3.0815	1096.9	-0.035253	4.0488e-05	0.11734	supercritical
336.69	838.00	301.06	0.0033216	548.28	826.63	2.9481	2.0217	3.0825	1095.3	-0.035154	4.0373e-05	0.11716	supercritical
337.69	838.00	300.46	0.0033283	550.80	829.71	2.9572	2.0237	3.0836	1093.8	-0.035056	4.0259e-05	0.11699	supercritical
338.69	838.00	299.86	0.0033349	553.33	832.80	2.9663	2.0257	3.0847	1092.2	-0.034958	4.0146e-05	0.11681	supercritical
339.69	838.00	299.26	0.0033416	555.85	835.88	2.9754	2.0278	3.0858	1090.6	-0.034860	4.0035e-05	0.11664	supercritical
340.69	838.00	298.66	0.0033483	558.38	838.97	2.9845	2.0299	3.0869	1089.1	-0.034763	3.9924e-05	0.11647	supercritical
341.69	838.00	298.07	0.0033550	560.91	842.06	2.9935	2.0320	3.0881	1087.6	-0.034667	3.9814e-05	0.11631	supercritical
342.69	838.00	297.47	0.0033617	563.44	845.14	3.0026	2.0341	3.0892	1086.1	-0.034571	3.9706e-05	0.11614	supercritical
343.69	838.00	296.88	0.0033683	565.97	848.23	3.0116	2.0362	3.0904	1084.6	-0.034475	3.9599e-05	0.11598	supercritical
344.69	838.00	296.29	0.0033751	568.50	851.32	3.0205	2.0384	3.0915	1083.1	-0.034380	3.9492e-05	0.11583	supercritical
345.69	838.00	295.70	0.0033818	571.02	854.42	3.0295	2.0406	3.0927	1081.6	-0.034285	3.9387e-05	0.11567	supercritical
346.69	838.00	295.12	0.0033885	573.56	857.51	3.0384	2.0427	3.0939	1080.1	-0.034191	3.9283e-05	0.11552	supercritical
347.69	838.00	294.53	0.0033952	576.09	860.60	3.0473	2.0449	3.0951	1078.7	-0.034097	3.9179e-05	0.11537	supercritical
348.69	838.00	293.95	0.0034019	578.62	863.70	3.0562	2.0472	3.0963	1077.2	-0.034004	3.9077e-05	0.11522	supercritical
349.69	838.00	293.37	0.0034087	581.15	866.80	3.0651	2.0494	3.0975	1075.8	-0.033911	3.8976e-05	0.11507	supercritical
350.69	838.00	292.79	0.0034154	583.68	869.90	3.0740	2.0516	3.0987	1074.4	-0.033818	3.8876e-05	0.11493	supercritical
351.69	838.00	292.21	0.0034222	586.22	872.99	3.0828	2.0539	3.1000	1073.0	-0.033727	3.8776e-05	0.11479	supercritical
352.69	838.00	291.63	0.0034289	588.75	876.10	3.0916	2.0562	3.1012	1071.6	-0.033635	3.8678e-05	0.11465	supercritical
353.69	838.00	291.06	0.0034357	591.28	879.20	3.1004	2.0585	3.1025	1070.2	-0.033544	3.8581e-05	0.11451	supercritical
354.69	838.00	290.49	0.0034425	593.82	882.30	3.1091	2.0608	3.1038	1068.8	-0.033454	3.8484e-05	0.11438	supercritical
355.69	838.00	289.92	0.0034493	596.36	885.40	3.1179	2.0631	3.1051	1067.5	-0.033364	3.8389e-05	0.11425	supercritical
356.69	838.00	289.35	0.0034561	598.89	888.51	3.1266	2.0654	3.1064	1066.1	-0.033275	3.8294e-05	0.11412	supercritical
357.69	838.00	288.78	0.0034629	601.43	891.62	3.1353	2.0678	3.1077	1064.8	-0.033186	3.8200e-05	0.11399	supercritical
358.69	838.00	288.21	0.0034697	603.97	894.73	3.1440	2.0702	3.1090	1063.4	-0.033098	3.8107e-05	0.11387	supercritical
359.69	838.00	287.65	0.0034765	606.51	897.84	3.1526	2.0726	3.1103	1062.1	-0.033010	3.8016e-05	0.11375	supercritical
360.69	838.00	287.09	0.0034833	609.05	900.95	3.1613	2.0750	3.1116	1060.8	-0.032923	3.7925e-05	0.11363	supercritical
361.69	838.00	286.53	0.0034901	611.59	904.06	3.1699	2.0774	3.1130	1059.5	-0.032836	3.7834e-05	0.11351	supercritical
362.69	838.00	285.97	0.0034969	614.13	907.17	3.1785	2.0798	3.1143	1058.2	-0.032750	3.7745e-05	0.11339	supercritical
363.69	838.00	285.41	0.0035038	616.67	910.29	3.1870	2.0822	3.1157	1057.0	-0.032664	3.7657e-05	0.11328	supercritical
364.69	838.00	284.85	0.0035106	619.22	913.40	3.1956	2.0847	3.1171	1055.7	-0.032579	3.7569e-05	0.11317	supercritical
365.69	838.00	284.30	0.0035174	621.76	916.52	3.2041	2.0871	3.1185	1054.4	-0.032495	3.7483e-05	0.11306	supercritical
366.69	838.00	283.75	0.0035243	624.31	919.64	3.2127	2.0896	3.1199	1053.2	-0.032410	3.7397e-05	0.11295	supercritical
367.69	838.00	283.19	0.0035311	626.85	922.76	3.2212	2.0921	3.1213	1052.0	-0.032327	3.7312e-05	0.11285	supercritical
368.69	838.00	282.65	0.0035380	629.40	925.88	3.2296	2.0946	3.1227	1050.7	-0.032244	3.7228e-05	0.11275	supercritical
369.69	838.00	282.10	0.0035449	631.95	929.01	3.2381	2.0971	3.1241	1049.5	-0.032161	3.7144e-05	0.11265	supercritical
370.69	838.00	281.55	0.0035517	634.49	932.13	3.2465	2.0997	3.1255	1048.3	-0.032080	3.7062e-05	0.11255	supercritical
371.69	838.00	281.01	0.0035586	637.04	935.26	3.2550	2.1022	3.1270	1047.1	-0.031998	3.6980e-05	0.11245	supercritical
372.69	838.00	280.46	0.0035655	639.60	938.39	3.2634	2.1048	3.1284	1046.0	-0.031917	3.6899e-05	0.11236	supercritical
373.69	838.00	279.92	0.0035724	642.15	941.51	3.2717	2.1074	3.1299	1044.8	-0.031837	3.6819e-05	0.11227	supercritical
374.69	838.00	279.38	0.0035793	644.70	944.65	3.2801	2.1099	3.1314	1043.6	-0.031757	3.6740e-05	0.11218	supercritical
375.69	838.00	278.85	0.0035862	647.25	947.78	3.2885	2.1125	3.1329	1042.5	-0.031678	3.6661e-05	0.11209	supercritical
376.69	838.00	278.31	0.0035931	649.81	950.91	3.2968	2.1151	3.1344	1041.3	-0.031599	3.6583e-05	0.11200	supercritical
377.69	838.00	277.78	0.0036000	652.36	954.05	3.3051	2.1178	3.1359	1040.2	-0.031521	3.6506e-05	0.11192	supercritical
378.69	838.00	277.24	0.0036069	654.92	957.18	3.3134	2.1204	3.1374	1039.1	-0.031444	3.6430e-05	0.11184	supercritical
379.69	838.00	276.71	0.0036139	657.48	960.32	3.3217	2.1230	3.1389	1038.0	-0.031367	3.6354e-05	0.11176	supercritical
380.69	838.00	276.18	0.0036208	660.04	963.46	3.3299	2.1257	3.1404	1036.9	-0.031290	3.6279e-05	0.11168	supercritical
381.69	838.00	275.66	0.0036277	662.60	966.60	3.3382	2.1284	3.1420	1035.8	-0.031214	3.6205e-05	0.11160	supercritical
382.69	838.00	275.13	0.0036347	665.16	969.74	3.3464	2.1310	3.1435	1034.7	-0.031139	3.6131e-05	0.11153	supercritical
383.69	838.00	274.60	0.0036416	667.72	972.89	3.3546	2.1337	3.1451	1033.6	-0.031064	3.6059e-05	0.11146	supercritical
384.69	838.00	274.08	0.0036485	670.29	976.03	3.3628	2.1364	3.1467	1032.5	-0.030990	3.5987e-05	0.11139	supercritical
385.69	838.00	273.56	0.0036555	672.85	979.18	3.3710	2.1391	3.1483	1031.5	-0.030916	3.5915e-05	0.11132	supercritical
386.69	838.00	273.04	0.0036625	675.42	982.33	3.3791	2.1419	3.1498	1030.4	-0.030843	3.5845e-05	0.11125	supercritical
387.69	838.00	272.52	0.0036694	677.99	985.48	3.3872	2.1446	3.1514	1029.4	-0.030770	3.5775e-05	0.11118	supercritical
388.69	838.00	272.01	0.0036764	680.55	988.63	3.3954	2.1473	3.1530	1028.4	-0.030698	3.5705e-05	0.11112	supercritical
389.69	838.00	271.49	0.0036833	683.12	991.79	3.4035	2.1501	3.1547	1027.4	-0.030627	3.5637e-05	0.11106	supercritical
390.69	838.00	270.98	0.0036903	685.69	994.94	3.4116	2.1529	3.1563	1026.4	-0.030556	3.5569e-05	0.11100	supercritical
391.69	838.00	270.47	0.0036973	688.27	998.10	3.4196	2.1556	3.1579	1025.4	-0.030485	3.5502e-05	0.11094	supercritical
392.69	838.00	269.96	0.0037043	690.84	1001.3	3.4277	2.1584	3.1596	1024.4	-0.030416	3.5435e-05	0.11089	supercritical
393.69	838.00	269.45	0.0037113	693.41	1004.4	3.4357	2.1612	3.1612	1023.4	-0.030346	3.5369e-05	0.11083	supercritical
394.69	838.00	268.94	0.0037183	695.99	1007.6	3.4437	2.1640	3.1629	1022.4	-0.030277	3.5304e-05	0.11078	supercritical
395.69	838.00	268.44	0.0037253	698.57	1010.7	3.4517	2.1668	3.1645	1021.5	-0.030209	3.5239e-05	0.11073	supercritical
396.69	838.00	267.93	0.0037323	701.15	1013.9	3.4597	2.1696	3.1662	1020.5	-0.030142	3.5175e-05	0.11068	supercritical
397.69	838.00	267.43	0.0037393	703.73	1017.1	3.4677	2.1725	3.1679	1019.5	-0.030074	3.5112e-05	0.11063	supercritical
398.69	838.00	266.93	0.0037463	706.31	1020.2	3.4757	2.1753	3.1696	1018.6	-0.030008	3.5049e-05	0.11059	supercritical
399.69	838.00	266.43	0.0037533	708.89	1023.4	3.4836	2.1782	3.1713	1017.7	-0.029942	3.4987e-05	0.11054	supercritical
400.69	838.00	265.94	0.0037603	711.48	1026.6	3.4915	2.1810	3.1730	1016.8	-0.029876	3.4925e-05	0.11050	supercritical
401.69	838.00	265.44	0.0037673	714.06	1029.8	3.4994	2.1839	3.1747	1015.8	-0.029811	3.4864e-05	0.11046	supercritical
402.69	838.00	264.95	0.0037744	716.65	1032.9	3.5073	2.1868	3.1765	1014.9	-0.029747	3.4804e-05	0.11042	supercritical
403.69	838.00	264.45	0.0037814	719.24	1036.1	3.5152	2.1897	3.1782	1014.0	-0.029683	3.4744e-05	0.11039	supercritical
404.69	838.00	263.96	0.0037884	721.83	1039.3	3.5231	2.1926	3.1799	1013.2	-0.029620	3.4685e-05	0.11035	supercritical
405.69	838.00	263.47	0.0037954	724.42	1042.5	3.5309	2.1955	3.1817	1012.3	-0.029557	3.4626e-05	0.11032	supercritical
406.69	838.00	262.99	0.0038025	727.01	1045.7	3.5388	2.1984	3.1835	1011.4	-0.029495	3.4568e-05	0.11028	supercritical
407.69	838.00	262.50	0.0038095	729.60	1048.8	3.5466	2.2013	3.1852	1010.6	-0.029433	3.4511e-05	0.11025	supercritical
408.69	838.00	262.02	0.0038166	732.20	1052.0	3.5544	2.2043	3.1870	1009.7	-0.029372	3.4454e-05	0.11022	supercritical
409.69	838.00	261.53	0.0038236	734.80	1055.2	3.5622	2.2072	3.1888	1008.8	-0.029311	3.4397e-05	0.11020	supercritical
410.69	838.00	261.05	0.0038307	737.40	1058.4	3.5700	2.2101	3.1906	1008.0	-0.029251	3.4342e-05	0.11017	supercritical
411.69	838.00	260.57	0.0038377	740.00	1061.6	3.5777	2.2131	3.1924	1007.2	-0.029191	3.4286e-05	0.11015	supercritical
412.69	838.00	260.09	0.0038448	742.60	1064.8	3.5855	2.2161	3.1942	1006.4	-0.029132	3.4232e-05	0.11012	supercritical
413.69	838.00	259.62	0.0038519	745.20	1068.0	3.5932	2.2190	3.1960	1005.5	-0.029074	3.4178e-05	0.11010	supercritical
414.69	838.00	259.14	0.0038589	747.81	1071.2	3.6009	2.2220	3.1979	1004.7	-0.029016	3.4124e-05	0.11008	supercritical
415.69	838.00	258.67	0.0038660	750.41	1074.4	3.6086	2.2250	3.1997	1003.9	-0.028958	3.4071e-05	0.11006	supercritical
416.69	838.00	258.19	0.0038731	753.02	1077.6	3.6163	2.2280	3.2015	1003.1	-0.028901	3.4018e-05	0.11005	supercritical
417.69	838.00	257.72	0.0038801	755.63	1080.8	3.6240	2.2310	3.2034	1002.4	-0.028845	3.3966e-05	0.11003	supercritical
418.69	838.00	257.25	0.0038872	758.24	1084.0	3.6317	2.2340	3.2052	1001.6	-0.028789	3.3915e-05	0.11002	supercritical
419.69	838.00	256.79	0.0038943	760.85	1087.2	3.6393	2.2370	3.2071	1000.8	-0.028733	3.3864e-05	0.11000	supercritical
420.69	838.00	256.32	0.0039014	763.47	1090.4	3.6469	2.2401	3.2090	1000.1	-0.028678	3.3813e-05	0.10999	supercritical
421.69	838.00	255.85	0.0039085	766.08	1093.6	3.6546	2.2431	3.2109	999.30	-0.028624	3.3763e-05	0.10998	supercritical
422.69	838.00	255.39	0.0039156	768.70	1096.8	3.6622	2.2461	3.2128	998.55	-0.028570	3.3714e-05	0.10997	supercritical
423.69	838.00	254.93	0.0039227	771.32	1100.0	3.6698	2.2492	3.2146	997.82	-0.028517	3.3665e-05	0.10997	supercritical
424.69	838.00	254.47	0.0039298	773.94	1103.3	3.6773	2.2522	3.2166	997.08	-0.028464	3.3616e-05	0.10996	supercritical
425.69	838.00	254.01	0.0039369	776.56	1106.5	3.6849	2.2553	3.2185	996.36	-0.028411	3.3568e-05	0.10996	supercritical
426.69	838.00	253.55	0.0039440	779.19	1109.7	3.6925	2.2584	3.2204	995.64	-0.028359	3.3521e-05	0.10996	supercritical
427.69	838.00	253.10	0.0039511	781.81	1112.9	3.7000	2.2614	3.2223	994.93	-0.028308	3.3474e-05	0.10995	supercritical
428.69	838.00	252.64	0.0039582	784.44	1116.1	3.7075	2.2645	3.2242	994.23	-0.028257	3.3427e-05	0.10995	supercritical
429.69	838.00	252.19	0.0039653	787.07	1119.4	3.7151	2.2676	3.2262	993.53	-0.028207	3.3381e-05	0.10996	supercritical
430.69	838.00	251.74	0.0039724	789.70	1122.6	3.7226	2.2707	3.2281	992.84	-0.028157	3.3335e-05	0.10996	supercritical
431.69	838.00	251.29	0.0039795	792.34	1125.8	3.7300	2.2738	3.2301	992.16	-0.028107	3.3290e-05	0.10996	supercritical
432.69	838.00	250.84	0.0039866	794.97	1129.0	3.7375	2.2769	3.2320	991.48	-0.028058	3.3245e-05	0.10997	supercritical
433.69	838.00	250.39	0.0039937	797.61	1132.3	3.7450	2.2800	3.2340	990.81	-0.028010	3.3201e-05	0.10997	supercritical
434.69	838.00	249.95	0.0040009	800.25	1135.5	3.7524	2.2831	3.2360	990.15	-0.027962	3.3157e-05	0.10998	supercritical
435.69	838.00	249.50	0.0040080	802.89	1138.8	3.7599	2.2862	3.2380	989.50	-0.027914	3.3114e-05	0.10999	supercritical
436.69	838.00	249.06	0.0040151	805.53	1142.0	3.7673	2.2894	3.2400	988.85	-0.027867	3.3071e-05	0.11000	supercritical
437.69	838.00	248.62	0.0040222	808.17	1145.2	3.7747	2.2925	3.2420	988.20	-0.027821	3.3028e-05	0.11001	supercritical
438.69	838.00	248.18	0.0040294	810.82	1148.5	3.7821	2.2956	3.2440	987.57	-0.027775	3.2986e-05	0.11003	supercritical
439.69	838.00	247.74	0.0040365	813.46	1151.7	3.7895	2.2988	3.2460	986.94	-0.027729	3.2945e-05	0.11004	supercritical
440.69	838.00	247.30	0.0040436	816.11	1155.0	3.7969	2.3019	3.2480	986.32	-0.027684	3.2904e-05	0.11006	supercritical
441.69	838.00	246.87	0.0040508	818.76	1158.2	3.8042	2.3051	3.2500	985.70	-0.027639	3.2863e-05	0.11007	supercritical
442.69	838.00	246.43	0.0040579	821.42	1161.5	3.8116	2.3083	3.2521	985.09	-0.027595	3.2822e-05	0.11009	supercritical
443.69	838.00	246.00	0.0040650	824.07	1164.7	3.8189	2.3114	3.2541	984.49	-0.027551	3.2782e-05	0.11011	supercritical
444.69	838.00	245.57	0.0040722	826.73	1168.0	3.8263	2.3146	3.2561	983.89	-0.027508	3.2743e-05	0.11013	supercritical
445.69	838.00	245.14	0.0040793	829.39	1171.2	3.8336	2.3178	3.2582	983.30	-0.027465	3.2704e-05	0.11015	supercritical
446.69	838.00	244.71	0.0040865	832.05	1174.5	3.8409	2.3210	3.2603	982.71	-0.027423	3.2665e-05	0.11017	supercritical
447.69	838.00	244.28	0.0040936	834.71	1177.8	3.8482	2.3241	3.2623	982.14	-0.027381	3.2627e-05	0.11020	supercritical
448.69	838.00	243.86	0.0041008	837.37	1181.0	3.8555	2.3273	3.2644	981.56	-0.027339	3.2589e-05	0.11022	supercritical
449.69	838.00	243.43	0.0041079	840.04	1184.3	3.8627	2.3305	3.2665	981.00	-0.027298	3.2551e-05	0.11025	supercritical
450.69	838.00	243.01	0.0041151	842.71	1187.6	3.8700	2.3337	3.2686	980.44	-0.027258	3.2514e-05	0.11028	supercritical
451.69	838.00	242.59	0.0041222	845.38	1190.8	3.8772	2.3369	3.2706	979.88	-0.027217	3.2477e-05	0.11031	supercritical
452.69	838.00	242.17	0.0041294	848.05	1194.1	3.8845	2.3402	3.2727	979.33	-0.027178	3.2441e-05	0.11034	supercritical
453.69	838.00	241.75	0.0041365	850.72	1197.4	3.8917	2.3434	3.2748	978.79	-0.027138	3.2405e-05	0.11037	supercritical
454.69	838.00	241.33	0.0041437	853.40	1200.6	3.8989	2.3466	3.2770	978.25	-0.027099	3.2369e-05	0.11040	supercritical
455.69	838.00	240.91	0.0041509	856.08	1203.9	3.9061	2.3498	3.2791	977.72	-0.027061	3.2334e-05	0.11043	supercritical
456.69	838.00	240.50	0.0041580	858.76	1207.2	3.9133	2.3530	3.2812	977.20	-0.027023	3.2299e-05	0.11047	supercritical
457.69	838.00	240.08	0.0041652	861.44	1210.5	3.9205	2.3563	3.2833	976.68	-0.026985	3.2264e-05	0.11050	supercritical
458.69	838.00	239.67	0.0041724	864.12	1213.8	3.9276	2.3595	3.2855	976.16	-0.026948	3.2230e-05	0.11054	supercritical
459.69	838.00	239.26	0.0041795	866.81	1217.1	3.9348	2.3628	3.2876	975.66	-0.026911	3.2196e-05	0.11058	supercritical
460.69	838.00	238.85	0.0041867	869.50	1220.3	3.9419	2.3660	3.2898	975.15	-0.026875	3.2163e-05	0.11061	supercritical
461.69	838.00	238.44	0.0041939	872.19	1223.6	3.9491	2.3693	3.2919	974.66	-0.026839	3.2130e-05	0.11065	supercritical
462.69	838.00	238.04	0.0042010	874.88	1226.9	3.9562	2.3725	3.2941	974.17	-0.026803	3.2097e-05	0.11069	supercritical
463.69	838.00	237.63	0.0042082	877.57	1230.2	3.9633	2.3758	3.2962	973.68	-0.026768	3.2065e-05	0.11074	supercritical
464.69	838.00	237.23	0.0042154	880.27	1233.5	3.9704	2.3790	3.2984	973.20	-0.026733	3.2033e-05	0.11078	supercritical
465.69	838.00	236.82	0.0042226	882.97	1236.8	3.9775	2.3823	3.3006	972.72	-0.026699	3.2001e-05	0.11082	supercritical
466.69	838.00	236.42	0.0042297	885.67	1240.1	3.9846	2.3856	3.3028	972.25	-0.026665	3.1970e-05	0.11087	supercritical
467.69	838.00	236.02	0.0042369	888.37	1243.4	3.9917	2.3888	3.3049	971.79	-0.026632	3.1939e-05	0.11091	supercritical
468.69	838.00	235.62	0.0042441	891.08	1246.7	3.9987	2.3921	3.3071	971.33	-0.026598	3.1908e-05	0.11096	supercritical
469.69	838.00	235.22	0.0042513	893.78	1250.0	4.0058	2.3954	3.3093	970.88	-0.026566	3.1878e-05	0.11101	supercritical
470.69	838.00	234.83	0.0042584	896.49	1253.3	4.0128	2.3987	3.3115	970.43	-0.026533	3.1848e-05	0.11106	supercritical
471.69	838.00	234.43	0.0042656	899.20	1256.7	4.0198	2.4020	3.3138	969.98	-0.026501	3.1818e-05	0.11111	supercritical
472.69	838.00	234.04	0.0042728	901.91	1260.0	4.0269	2.4053	3.3160	969.55	-0.026469	3.1788e-05	0.11116	supercritical
473.69	838.00	233.65	0.0042800	904.63	1263.3	4.0339	2.4086	3.3182	969.11	-0.026438	3.1759e-05	0.11121	supercritical
474.69	838.00	233.25	0.0042872	907.35	1266.6	4.0409	2.4119	3.3204	968.68	-0.026407	3.1731e-05	0.11126	supercritical
475.69	838.00	232.86	0.0042944	910.07	1269.9	4.0479	2.4152	3.3227	968.26	-0.026377	3.1702e-05	0.11132	supercritical
476.69	838.00	232.47	0.0043015	912.79	1273.3	4.0548	2.4185	3.3249	967.84	-0.026347	3.1674e-05	0.11137	supercritical
477.69	838.00	232.09	0.0043087	915.51	1276.6	4.0618	2.4218	3.3271	967.43	-0.026317	3.1646e-05	0.11143	supercritical
478.69	838.00	231.70	0.0043159	918.24	1279.9	4.0688	2.4251	3.3294	967.02	-0.026287	3.1619e-05	0.11148	supercritical
479.69	838.00	231.32	0.0043231	920.97	1283.2	4.0757	2.4284	3.3317	966.62	-0.026258	3.1592e-05	0.11154	supercritical
480.69	838.00	230.93	0.0043303	923.70	1286.6	4.0827	2.4317	3.3339	966.22	-0.026229	3.1565e-05	0.11160	supercritical
481.69	838.00	230.55	0.0043375	926.43	1289.9	4.0896	2.4350	3.3362	965.82	-0.026201	3.1538e-05	0.11166	supercritical
482.69	838.00	230.17	0.0043447	929.16	1293.2	4.0965	2.4383	3.3384	965.43	-0.026173	3.1512e-05	0.11172	supercritical
483.69	838.00	229.79	0.0043519	931.90	1296.6	4.1034	2.4417	3.3407	965.05	-0.026145	3.1486e-05	0.11178	supercritical
484.69	838.00	229.41	0.0043591	934.64	1299.9	4.1103	2.4450	3.3430	964.67	-0.026118	3.1460e-05	0.11184	supercritical
485.69	838.00	229.03	0.0043662	937.38	1303.3	4.1172	2.4483	3.3453	964.30	-0.026091	3.1435e-05	0.11191	supercritical
486.69	838.00	228.65	0.0043734	940.13	1306.6	4.1241	2.4517	3.3476	963.92	-0.026064	3.1410e-05	0.11197	supercritical
487.69	838.00	228.28	0.0043806	942.87	1310.0	4.1310	2.4550	3.3499	963.56	-0.026038	3.1385e-05	0.11203	supercritical
488.69	838.00	227.90	0.0043878	945.62	1313.3	4.1378	2.4583	3.3522	963.20	-0.026012	3.1360e-05	0.11210	supercritical
489.69	838.00	227.53	0.0043950	948.37	1316.7	4.1447	2.4617	3.3545	962.84	-0.025986	3.1336e-05	0.11217	supercritical
490.69	838.00	227.16	0.0044022	951.12	1320.0	4.1515	2.4650	3.3568	962.49	-0.025961	3.1312e-05	0.11223	supercritical
491.69	838.00	226.79	0.0044094	953.88	1323.4	4.1584	2.4684	3.3591	962.14	-0.025936	3.1288e-05	0.11230	supercritical
492.69	838.00	226.42	0.0044166	956.63	1326.7	4.1652	2.4717	3.3614	961.80	-0.025911	3.1265e-05	0.11237	supercritical
493.69	838.00	226.05	0.0044238	959.39	1330.1	4.1720	2.4750	3.3638	961.46	-0.025887	3.1242e-05	0.11244	supercritical
494.69	838.00	225.68	0.0044310	962.16	1333.5	4.1788	2.4784	3.3661	961.12	-0.025863	3.1219e-05	0.11251	supercritical
495.69	838.00	225.32	0.0044382	964.92	1336.8	4.1856	2.4818	3.3684	960.79	-0.025839	3.1196e-05	0.11258	supercritical
496.69	838.00	224.95	0.0044454	967.69	1340.2	4.1924	2.4851	3.3708	960.46	-0.025816	3.1174e-05	0.11266	supercritical
497.69	838.00	224.59	0.0044526	970.46	1343.6	4.1992	2.4885	3.3731	960.14	-0.025793	3.1152e-05	0.11273	supercritical
498.69	838.00	224.23	0.0044598	973.23	1347.0	4.2060	2.4918	3.3755	959.82	-0.025770	3.1130e-05	0.11280	supercritical
499.69	838.00	223.86	0.0044670	976.00	1350.3	4.2127	2.4952	3.3778	959.51	-0.025747	3.1108e-05	0.11288	supercritical
500.69	838.00	223.50	0.0044742	978.78	1353.7	4.2195	2.4985	3.3802	959.20	-0.025725	3.1087e-05	0.11296	supercritical
501.69	838.00	223.15	0.0044814	981.55	1357.1	4.2262	2.5019	3.3825	958.90	-0.025703	3.1066e-05	0.11303	supercritical
502.69	838.00	222.79	0.0044886	984.33	1360.5	4.2330	2.5053	3.3849	958.59	-0.025681	3.1045e-05	0.11311	supercritical
503.69	838.00	222.43	0.0044958	987.12	1363.9	4.2397	2.5086	3.3873	958.30	-0.025660	3.1025e-05	0.11319	supercritical
504.69	838.00	222.07	0.0045030	989.90	1367.3	4.2464	2.5120	3.3897	958.00	-0.025639	3.1004e-05	0.11327	supercritical
505.69	838.00	221.72	0.0045102	992.69	1370.6	4.2531	2.5154	3.3920	957.71	-0.025618	3.0984e-05	0.11335	supercritical
506.69	838.00	221.37	0.0045174	995.48	1374.0	4.2599	2.5188	3.3944	957.43	-0.025598	3.0964e-05	0.11343	supercritical
507.69	838.00	221.01	0.0045246	998.27	1377.4	4.2665	2.5221	3.3968	957.15	-0.025578	3.0945e-05	0.11351	supercritical
508.69	838.00	220.66	0.0045318	1001.1	1380.8	4.2732	2.5255	3.3992	956.87	-0.025558	3.0925e-05	0.11359	supercritical
509.69	838.00	220.31	0.0045390	1003.9	1384.2	4.2799	2.5289	3.4016	956.60	-0.025538	3.0906e-05	0.11367	supercritical
510.69	838.00	219.96	0.0045462	1006.7	1387.6	4.2866	2.5323	3.4040	956.33	-0.025519	3.0887e-05	0.11376	supercritical
511.69	838.00	219.62	0.0045534	1009.5	1391.0	4.2932	2.5357	3.4064	956.06	-0.025500	3.0869e-05	0.11384	supercritical
512.69	838.00	219.27	0.0045606	1012.3	1394.4	4.2999	2.5390	3.4088	955.80	-0.025481	3.0850e-05	0.11393	supercritical
513.69	838.00	218.92	0.0045678	1015.1	1397.9	4.3065	2.5424	3.4113	955.54	-0.025462	3.0832e-05	0.11401	supercritical
514.69	838.00	218.58	0.0045750	1017.9	1401.3	4.3132	2.5458	3.4137	955.28	-0.025444	3.0814e-05	0.11410	supercritical
515.69	838.00	218.24	0.0045822	1020.7	1404.7	4.3198	2.5492	3.4161	955.03	-0.025426	3.0797e-05	0.11419	supercritical
516.69	838.00	217.89	0.0045894	1023.5	1408.1	4.3264	2.5526	3.4185	954.79	-0.025408	3.0779e-05	0.11428	supercritical
517.69	838.00	217.55	0.0045966	1026.3	1411.5	4.3330	2.5560	3.4210	954.54	-0.025391	3.0762e-05	0.11437	supercritical
518.69	838.00	217.21	0.0046038	1029.1	1414.9	4.3396	2.5594	3.4234	954.30	-0.025374	3.0745e-05	0.11446	supercritical
519.69	838.00	216.87	0.0046110	1032.0	1418.4	4.3462	2.5628	3.4258	954.06	-0.025357	3.0728e-05	0.11455	supercritical
520.69	838.00	216.53	0.0046182	1034.8	1421.8	4.3528	2.5662	3.4283	953.83	-0.025340	3.0711e-05	0.11464	supercritical
521.69	838.00	216.20	0.0046254	1037.6	1425.2	4.3594	2.5696	3.4307	953.60	-0.025323	3.0695e-05	0.11473	supercritical
522.69	838.00	215.86	0.0046326	1040.4	1428.7	4.3660	2.5730	3.4332	953.38	-0.025307	3.0679e-05	0.11482	supercritical
523.69	838.00	215.53	0.0046398	1043.3	1432.1	4.3725	2.5764	3.4356	953.15	-0.025291	3.0663e-05	0.11491	supercritical
524.69	838.00	215.19	0.0046470	1046.1	1435.5	4.3791	2.5797	3.4381	952.93	-0.025275	3.0647e-05	0.11501	supercritical
525.69	838.00	214.86	0.0046542	1048.9	1439.0	4.3856	2.5831	3.4406	952.72	-0.025260	3.0632e-05	0.11510	supercritical
526.69	838.00	214.53	0.0046614	1051.8	1442.4	4.3922	2.5865	3.4430	952.51	-0.025244	3.0616e-05	0.11520	supercritical
527.69	838.00	214.20	0.0046686	1054.6	1445.9	4.3987	2.5899	3.4455	952.30	-0.025229	3.0601e-05	0.11529	supercritical
528.69	838.00	213.87	0.0046758	1057.5	1449.3	4.4052	2.5934	3.4480	952.09	-0.025215	3.0586e-05	0.11539	supercritical
529.69	838.00	213.54	0.0046830	1060.3	1452.7	4.4118	2.5968	3.4504	951.89	-0.025200	3.0571e-05	0.11549	supercritical
530.69	838.00	213.21	0.0046902	1063.2	1456.2	4.4183	2.6002	3.4529	951.69	-0.025186	3.0557e-05	0.11559	supercritical
531.69	838.00	212.88	0.0046974	1066.0	1459.7	4.4248	2.6036	3.4554	951.50	-0.025171	3.0543e-05	0.11568	supercritical
532.69	838.00	212.56	0.0047046	1068.9	1463.1	4.4313	2.6070	3.4579	951.30	-0.025157	3.0529e-05	0.11578	supercritical
533.69	838.00	212.23	0.0047118	1071.7	1466.6	4.4378	2.6104	3.4604	951.11	-0.025144	3.0515e-05	0.11588	supercritical
534.69	838.00	211.91	0.0047190	1074.6	1470.0	4.4442	2.6138	3.4629	950.93	-0.025130	3.0501e-05	0.11598	supercritical
535.69	838.00	211.59	0.0047262	1077.4	1473.5	4.4507	2.6172	3.4654	950.75	-0.025117	3.0487e-05	0.11609	supercritical
536.69	838.00	211.26	0.0047334	1080.3	1477.0	4.4572	2.6206	3.4679	950.57	-0.025104	3.0474e-05	0.11619	supercritical
537.69	838.00	210.94	0.0047406	1083.2	1480.4	4.4636	2.6240	3.4704	950.39	-0.025091	3.0461e-05	0.11629	supercritical
538.69	838.00	210.62	0.0047478	1086.0	1483.9	4.4701	2.6274	3.4729	950.22	-0.025078	3.0448e-05	0.11639	supercritical
539.69	838.00	210.31	0.0047550	1088.9	1487.4	4.4765	2.6308	3.4754	950.05	-0.025066	3.0435e-05	0.11650	supercritical
540.69	838.00	209.99	0.0047622	1091.8	1490.9	4.4830	2.6342	3.4779	949.88	-0.025054	3.0423e-05	0.11660	supercritical
541.69	838.00	209.67	0.0047694	1094.7	1494.3	4.4894	2.6376	3.4805	949.71	-0.025042	3.0410e-05	0.11671	supercritical
542.69	838.00	209.35	0.0047766	1097.5	1497.8	4.4958	2.6411	3.4830	949.55	-0.025030	3.0398e-05	0.11681	supercritical
543.69	838.00	209.04	0.0047838	1100.4	1501.3	4.5022	2.6445	3.4855	949.39	-0.025018	3.0386e-05	0.11692	supercritical
544.69	838.00	208.73	0.0047910	1103.3	1504.8	4.5086	2.6479	3.4880	949.24	-0.025007	3.0374e-05	0.11703	supercritical
545.69	838.00	208.41	0.0047982	1106.2	1508.3	4.5150	2.6513	3.4906	949.09	-0.024995	3.0362e-05	0.11713	supercritical
546.69	838.00	208.10	0.0048054	1109.1	1511.8	4.5214	2.6547	3.4931	948.94	-0.024984	3.0351e-05	0.11724	supercritical
547.69	838.00	207.79	0.0048125	1112.0	1515.3	4.5278	2.6581	3.4956	948.79	-0.024974	3.0340e-05	0.11735	supercritical
548.69	838.00	207.48	0.0048197	1114.9	1518.8	4.5342	2.6615	3.4982	948.65	-0.024963	3.0328e-05	0.11746	supercritical
549.69	838.00	207.17	0.0048269	1117.8	1522.3	4.5406	2.6649	3.5007	948.51	-0.024952	3.0317e-05	0.11757	supercritical
550.69	838.00	206.86	0.0048341	1120.7	1525.8	4.5469	2.6684	3.5033	948.37	-0.024942	3.0307e-05	0.11768	supercritical
551.69	838.00	206.56	0.0048413	1123.6	1529.3	4.5533	2.6718	3.5058	948.23	-0.024932	3.0296e-05	0.11779	supercritical
552.69	838.00	206.25	0.0048485	1126.5	1532.8	4.5596	2.6752	3.5084	948.10	-0.024922	3.0286e-05	0.11790	supercritical
553.69	838.00	205.94	0.0048557	1129.4	1536.3	4.5660	2.6786	3.5109	947.97	-0.024912	3.0275e-05	0.11802	supercritical
554.69	838.00	205.64	0.0048629	1132.3	1539.8	4.5723	2.6820	3.5135	947.84	-0.024903	3.0265e-05	0.11813	supercritical
555.69	838.00	205.34	0.0048701	1135.2	1543.3	4.5787	2.6854	3.5161	947.72	-0.024893	3.0255e-05	0.11824	supercritical
556.69	838.00	205.03	0.0048773	1138.1	1546.8	4.5850	2.6888	3.5186	947.60	-0.024884	3.0245e-05	0.11836	supercritical
557.69	838.00	204.73	0.0048845	1141.0	1550.3	4.5913	2.6923	3.5212	947.48	-0.024875	3.0236e-05	0.11847	supercritical
558.69	838.00	204.43	0.0048916	1143.9	1553.9	4.5976	2.6957	3.5238	947.36	-0.024866	3.0226e-05	0.11859	supercritical
559.69	838.00	204.13	0.0048988	1146.9	1557.4	4.6039	2.6991	3.5263	947.25	-0.024857	3.0217e-05	0.11870	supercritical
560.69	838.00	203.83	0.0049060	1149.8	1560.9	4.6102	2.7025	3.5289	947.14	-0.024849	3.0208e-05	0.11882	supercritical
561.69	838.00	203.53	0.0049132	1152.7	1564.5	4.6165	2.7059	3.5315	947.03	-0.024840	3.0199e-05	0.11893	supercritical
562.69	838.00	203.24	0.0049204	1155.7	1568.0	4.6228	2.7093	3.5341	946.93	-0.024832	3.0190e-05	0.11905	supercritical
563.69	838.00	202.94	0.0049276	1158.6	1571.5	4.6291	2.7127	3.5367	946.82	-0.024824	3.0181e-05	0.11917	supercritical
564.69	838.00	202.64	0.0049348	1161.5	1575.1	4.6353	2.7162	3.5392	946.72	-0.024816	3.0173e-05	0.11929	supercritical
565.69	838.00	202.35	0.0049419	1164.5	1578.6	4.6416	2.7196	3.5418	946.62	-0.024808	3.0164e-05	0.11941	supercritical
566.69	838.00	202.06	0.0049491	1167.4	1582.1	4.6479	2.7230	3.5444	946.53	-0.024801	3.0156e-05	0.11953	supercritical
567.69	838.00	201.76	0.0049563	1170.3	1585.7	4.6541	2.7264	3.5470	946.44	-0.024793	3.0148e-05	0.11965	supercritical
568.69	838.00	201.47	0.0049635	1173.3	1589.2	4.6603	2.7298	3.5496	946.34	-0.024786	3.0140e-05	0.11977	supercritical
569.69	838.00	201.18	0.0049707	1176.2	1592.8	4.6666	2.7332	3.5522	946.26	-0.024779	3.0133e-05	0.11989	supercritical
570.69	838.00	200.89	0.0049778	1179.2	1596.3	4.6728	2.7366	3.5548	946.17	-0.024772	3.0125e-05	0.12001	supercritical
571.69	838.00	200.60	0.0049850	1182.2	1599.9	4.6790	2.7401	3.5574	946.09	-0.024765	3.0117e-05	0.12013	supercritical
572.69	838.00	200.31	0.0049922	1185.1	1603.5	4.6853	2.7435	3.5600	946.01	-0.024758	3.0110e-05	0.12026	supercritical
573.69	838.00	200.03	0.0049994	1188.1	1607.0	4.6915	2.7469	3.5626	945.93	-0.024751	3.0103e-05	0.12038	supercritical
574.69	838.00	199.74	0.0050066	1191.0	1610.6	4.6977	2.7503	3.5652	945.85	-0.024745	3.0096e-05	0.12050	supercritical
575.69	838.00	199.45	0.0050137	1194.0	1614.1	4.7039	2.7537	3.5679	945.78	-0.024739	3.0089e-05	0.12063	supercritical
576.69	838.00	199.17	0.0050209	1197.0	1617.7	4.7101	2.7571	3.5705	945.71	-0.024733	3.0082e-05	0.12075	supercritical
577.69	838.00	198.88	0.0050281	1199.9	1621.3	4.7163	2.7605	3.5731	945.64	-0.024727	3.0076e-05	0.12088	supercritical
578.69	838.00	198.60	0.0050353	1202.9	1624.9	4.7224	2.7639	3.5757	945.57	-0.024721	3.0069e-05	0.12100	supercritical
579.69	838.00	198.32	0.0050424	1205.9	1628.4	4.7286	2.7674	3.5783	945.51	-0.024715	3.0063e-05	0.12113	supercritical
580.69	838.00	198.04	0.0050496	1208.9	1632.0	4.7348	2.7708	3.5810	945.44	-0.024709	3.0057e-05	0.12125	supercritical
581.69	838.00	197.75	0.0050568	1211.8	1635.6	4.7410	2.7742	3.5836	945.38	-0.024704	3.0051e-05	0.12138	supercritical
582.69	838.00	197.47	0.0050639	1214.8	1639.2	4.7471	2.7776	3.5862	945.33	-0.024698	3.0045e-05	0.12151	supercritical
583.69	838.00	197.20	0.0050711	1217.8	1642.8	4.7533	2.7810	3.5888	945.27	-0.024693	3.0039e-05	0.12164	supercritical
584.69	838.00	196.92	0.0050783	1220.8	1646.4	4.7594	2.7844	3.5915	945.22	-0.024688	3.0033e-05	0.12177	supercritical
585.69	838.00	196.64	0.0050854	1223.8	1650.0	4.7656	2.7878	3.5941	945.17	-0.024683	3.0028e-05	0.12190	supercritical
586.69	838.00	196.36	0.0050926	1226.8	1653.6	4.7717	2.7912	3.5968	945.12	-0.024678	3.0022e-05	0.12203	supercritical
587.69	838.00	196.09	0.0050998	1229.8	1657.1	4.7778	2.7946	3.5994	945.07	-0.024673	3.0017e-05	0.12216	supercritical
588.69	838.00	195.81	0.0051069	1232.8	1660.7	4.7839	2.7980	3.6020	945.02	-0.024669	3.0012e-05	0.12229	supercritical
589.69	838.00	195.54	0.0051141	1235.8	1664.4	4.7901	2.8014	3.6047	944.98	-0.024664	3.0007e-05	0.12242	supercritical
590.69	838.00	195.26	0.0051213	1238.8	1668.0	4.7962	2.8048	3.6073	944.94	-0.024660	3.0002e-05	0.12255	supercritical
591.69	838.00	194.99	0.0051284	1241.8	1671.6	4.8023	2.8082	3.6100	944.90	-0.024656	2.9997e-05	0.12268	supercritical
592.69	838.00	194.72	0.0051356	1244.8	1675.2	4.8084	2.8116	3.6126	944.87	-0.024651	2.9993e-05	0.12281	supercritical
593.69	838.00	194.45	0.0051428	1247.8	1678.8	4.8145	2.8150	3.6153	944.83	-0.024647	2.9988e-05	0.12295	supercritical
594.69	838.00	194.18	0.0051499	1250.8	1682.4	4.8205	2.8184	3.6179	944.80	-0.024643	2.9984e-05	0.12308	supercritical
595.69	838.00	193.91	0.0051571	1253.9	1686.0	4.8266	2.8218	3.6206	944.77	-0.024640	2.9980e-05	0.12321	supercritical
596.69	838.00	193.64	0.0051642	1256.9	1689.7	4.8327	2.8252	3.6232	944.74	-0.024636	2.9975e-05	0.12335	supercritical
597.69	838.00	193.37	0.0051714	1259.9	1693.3	4.8388	2.8286	3.6259	944.71	-0.024632	2.9971e-05	0.12348	supercritical
598.69	838.00	193.10	0.0051786	1262.9	1696.9	4.8448	2.8320	3.6286	944.69	-0.024629	2.9968e-05	0.12362	supercritical
599.69	838.00	192.84	0.0051857	1266.0	1700.5	4.8509	2.8354	3.6312	944.67	-0.024625	2.9964e-05	0.12375	supercritical
600.69	838.00	192.57	0.0051929	1269.0	1704.2	4.8569	2.8388	3.6339	944.64	-0.024622	2.9960e-05	0.12389	supercritical
601.69	838.00	192.31	0.0052000	1272.0	1707.8	4.8630	2.8422	3.6366	944.63	-0.024619	2.9957e-05	0.12403	supercritical
602.69	838.00	192.04	0.0052072	1275.1	1711.4	4.8690	2.8456	3.6392	944.61	-0.024616	2.9953e-05	0.12416	supercritical
603.69	838.00	191.78	0.0052143	1278.1	1715.1	4.8751	2.8490	3.6419	944.59	-0.024613	2.9950e-05	0.12430	supercritical
604.69	838.00	191.52	0.0052215	1281.2	1718.7	4.8811	2.8524	3.6446	944.58	-0.024610	2.9947e-05	0.12444	supercritical
605.69	838.00	191.25	0.0052286	1284.2	1722.4	4.8871	2.8558	3.6472	944.57	-0.024607	2.9944e-05	0.12458	supercritical
606.69	838.00	190.99	0.0052358	1287.3	1726.0	4.8931	2.8592	3.6499	944.56	-0.024604	2.9941e-05	0.12471	supercritical
607.69	838.00	190.73	0.0052429	1290.3	1729.7	4.8992	2.8626	3.6526	944.55	-0.024602	2.9938e-05	0.12485	supercritical
608.69	838.00	190.47	0.0052501	1293.4	1733.3	4.9052	2.8660	3.6553	944.55	-0.024599	2.9935e-05	0.12499	supercritical
609.69	838.00	190.21	0.0052572	1296.4	1737.0	4.9112	2.8694	3.6579	944.54	-0.024597	2.9932e-05	0.12513	supercritical
610.69	838.00	189.96	0.0052644	1299.5	1740.6	4.9172	2.8728	3.6606	944.54	-0.024595	2.9930e-05	0.12527	supercritical
611.69	838.00	189.70	0.0052715	1302.5	1744.3	4.9231	2.8761	3.6633	944.54	-0.024592	2.9927e-05	0.12541	supercritical
612.69	838.00	189.44	0.0052787	1305.6	1748.0	4.9291	2.8795	3.6660	944.54	-0.024590	2.9925e-05	0.12556	supercritical
613.69	838.00	189.19	0.0052858	1308.7	1751.6	4.9351	2.8829	3.6687	944.55	-0.024588	2.9923e-05	0.12570	supercritical
614.69	838.00	188.93	0.0052930	1311.8	1755.3	4.9411	2.8863	3.6714	944.55	-0.024586	2.9921e-05	0.12584	supercritical
615.69	838.00	188.68	0.0053001	1314.8	1759.0	4.9471	2.8897	3.6740	944.56	-0.024584	2.9919e-05	0.12598	supercritical
616.69	838.00	188.42	0.0053072	1317.9	1762.6	4.9530	2.8931	3.6767	944.57	-0.024582	2.9917e-05	0.12612	supercritical
617.69	838.00	188.17	0.0053144	1321.0	1766.3	4.9590	2.8964	3.6794	944.58	-0.024581	2.9915e-05	0.12627	supercritical
618.69	838.00	187.92	0.0053215	1324.1	1770.0	4.9649	2.8998	3.6821	944.59	-0.024579	2.9914e-05	0.12641	supercritical
619.69	838.00	187.66	0.0053287	1327.1	1773.7	4.9709	2.9032	3.6848	944.60	-0.024578	2.9912e-05	0.12656	supercritical
620.69	838.00	187.41	0.0053358	1330.2	1777.4	4.9768	2.9066	3.6875	944.62	-0.024576	2.9911e-05	0.12670	supercritical
621.69	838.00	187.16	0.0053429	1333.3	1781.1	4.9828	2.9100	3.6902	944.63	-0.024575	2.9909e-05	0.12684	supercritical
622.69	838.00	186.91	0.0053501	1336.4	1784.8	4.9887	2.9133	3.6929	944.65	-0.024573	2.9908e-05	0.12699	supercritical
623.69	838.00	186.66	0.0053572	1339.5	1788.5	4.9946	2.9167	3.6956	944.67	-0.024572	2.9907e-05	0.12714	supercritical
624.69	838.00	186.42	0.0053643	1342.6	1792.1	5.0006	2.9201	3.6983	944.69	-0.024571	2.9906e-05	0.12728	supercritical