Temperature (K)	Pressure (bar)	Density (kg/m3)	Volume (m3/kg)	Internal Energy (kJ/kg)	Enthalpy (kJ/kg)	Entropy (J/g*K)	Cv (J/g*K)	Cp (J/g*K)	Sound Spd. (m/s)	Joule-Thomson (K/bar)	Viscosity (Pa*s)	Therm. Cond. (W/m*K)	Phase
90.694	746.00	487.70	0.0020504	-99.950	53.012	-1.0797	2.3032	3.1992	1913.9	-0.052840	0.00047424	0.26671	liquid
108.69	746.00	470.97	0.0021233	-48.053	110.34	-0.50296	2.2209	3.1752	1819.0	-0.052713	0.00023883	0.25120	liquid
109.69	746.00	470.06	0.0021274	-45.187	113.52	-0.47389	2.2170	3.1743	1813.6	-0.052689	0.00023215	0.25024	liquid
110.69	746.00	469.14	0.0021316	-42.323	116.69	-0.44509	2.2130	3.1735	1808.3	-0.052665	0.00022583	0.24926	liquid
111.69	746.00	468.23	0.0021357	-39.460	119.86	-0.41655	2.2091	3.1726	1803.0	-0.052640	0.00021986	0.24829	liquid
112.69	746.00	467.31	0.0021399	-36.600	123.04	-0.38828	2.2053	3.1717	1797.6	-0.052614	0.00021420	0.24730	liquid
113.69	746.00	466.40	0.0021441	-33.741	126.21	-0.36026	2.2014	3.1708	1792.3	-0.052587	0.00020883	0.24631	liquid
114.69	746.00	465.49	0.0021483	-30.883	129.38	-0.33250	2.1976	3.1699	1787.0	-0.052560	0.00020374	0.24532	liquid
115.69	746.00	464.58	0.0021525	-28.028	132.55	-0.30498	2.1937	3.1690	1781.6	-0.052532	0.00019890	0.24432	liquid
116.69	746.00	463.67	0.0021567	-25.174	135.72	-0.27771	2.1899	3.1681	1776.3	-0.052503	0.00019429	0.24332	liquid
117.69	746.00	462.76	0.0021609	-22.323	138.88	-0.25068	2.1862	3.1672	1771.0	-0.052473	0.00018991	0.24232	liquid
118.69	746.00	461.85	0.0021652	-19.473	142.05	-0.22389	2.1824	3.1662	1765.7	-0.052443	0.00018573	0.24131	liquid
119.69	746.00	460.95	0.0021695	-16.625	145.22	-0.19733	2.1787	3.1653	1760.5	-0.052412	0.00018175	0.24030	liquid
120.69	746.00	460.04	0.0021737	-13.778	148.38	-0.17100	2.1750	3.1644	1755.2	-0.052380	0.00017795	0.23929	liquid
121.69	746.00	459.14	0.0021780	-10.934	151.55	-0.14489	2.1713	3.1634	1749.9	-0.052348	0.00017431	0.23827	liquid
122.69	746.00	458.23	0.0021823	-8.0916	154.71	-0.11901	2.1676	3.1624	1744.7	-0.052315	0.00017084	0.23726	liquid
123.69	746.00	457.33	0.0021866	-5.2510	157.87	-0.093343	2.1639	3.1615	1739.4	-0.052281	0.00016751	0.23624	liquid
124.69	746.00	456.43	0.0021909	-2.4124	161.03	-0.067891	2.1603	3.1605	1734.2	-0.052247	0.00016432	0.23522	liquid
125.69	746.00	455.53	0.0021953	0.42423	164.19	-0.042650	2.1566	3.1595	1729.0	-0.052212	0.00016127	0.23420	liquid
126.69	746.00	454.63	0.0021996	3.2589	167.35	-0.017617	2.1530	3.1585	1723.8	-0.052176	0.00015833	0.23319	liquid
127.69	746.00	453.73	0.0022040	6.0916	170.51	0.0072114	2.1494	3.1575	1718.6	-0.052140	0.00015552	0.23217	liquid
128.69	746.00	452.83	0.0022083	8.9223	173.67	0.031838	2.1459	3.1565	1713.4	-0.052103	0.00015281	0.23115	liquid
129.69	746.00	451.93	0.0022127	11.751	176.82	0.056266	2.1423	3.1554	1708.3	-0.052065	0.00015021	0.23013	liquid
130.69	746.00	451.03	0.0022171	14.578	179.98	0.080499	2.1388	3.1544	1703.1	-0.052027	0.00014770	0.22911	liquid
131.69	746.00	450.14	0.0022215	17.402	183.13	0.10454	2.1353	3.1534	1698.0	-0.051987	0.00014529	0.22809	liquid
132.69	746.00	449.24	0.0022260	20.225	186.28	0.12839	2.1318	3.1523	1692.9	-0.051947	0.00014296	0.22708	liquid
133.69	746.00	448.35	0.0022304	23.045	189.43	0.15205	2.1283	3.1513	1687.8	-0.051907	0.00014072	0.22606	liquid
134.69	746.00	447.45	0.0022349	25.864	192.59	0.17553	2.1249	3.1502	1682.7	-0.051865	0.00013855	0.22505	liquid
135.69	746.00	446.56	0.0022393	28.680	195.74	0.19883	2.1214	3.1492	1677.6	-0.051823	0.00013646	0.22404	liquid
136.69	746.00	445.67	0.0022438	31.494	198.88	0.22195	2.1180	3.1481	1672.5	-0.051780	0.00013444	0.22303	liquid
137.69	746.00	444.78	0.0022483	34.306	202.03	0.24489	2.1147	3.1471	1667.5	-0.051736	0.00013248	0.22202	liquid
138.69	746.00	443.89	0.0022528	37.116	205.18	0.26766	2.1113	3.1460	1662.5	-0.051692	0.00013059	0.22101	liquid
139.69	746.00	443.00	0.0022574	39.924	208.32	0.29026	2.1080	3.1449	1657.5	-0.051646	0.00012875	0.22001	liquid
140.69	746.00	442.11	0.0022619	42.730	211.47	0.31269	2.1047	3.1438	1652.5	-0.051600	0.00012698	0.21901	liquid
141.69	746.00	441.22	0.0022665	45.534	214.61	0.33495	2.1014	3.1428	1647.5	-0.051553	0.00012525	0.21801	liquid
142.69	746.00	440.33	0.0022710	48.335	217.75	0.35705	2.0981	3.1417	1642.5	-0.051505	0.00012358	0.21701	liquid
143.69	746.00	439.44	0.0022756	51.134	220.89	0.37898	2.0949	3.1406	1637.6	-0.051456	0.00012196	0.21602	liquid
144.69	746.00	438.56	0.0022802	53.931	224.03	0.40076	2.0916	3.1395	1632.7	-0.051407	0.00012039	0.21503	liquid
145.69	746.00	437.67	0.0022848	56.726	227.17	0.42238	2.0885	3.1385	1627.8	-0.051357	0.00011886	0.21404	liquid
146.69	746.00	436.79	0.0022894	59.519	230.31	0.44384	2.0853	3.1374	1622.9	-0.051305	0.00011737	0.21306	liquid
147.69	746.00	435.90	0.0022941	62.310	233.45	0.46516	2.0821	3.1363	1618.0	-0.051253	0.00011592	0.21208	liquid
148.69	746.00	435.02	0.0022987	65.098	236.58	0.48632	2.0790	3.1352	1613.2	-0.051200	0.00011452	0.21110	liquid
149.69	746.00	434.14	0.0023034	67.884	239.72	0.50733	2.0759	3.1342	1608.3	-0.051146	0.00011315	0.21013	liquid
150.69	746.00	433.26	0.0023081	70.668	242.85	0.52819	2.0729	3.1331	1603.5	-0.051091	0.00011181	0.20916	liquid
151.69	746.00	432.38	0.0023128	73.450	245.98	0.54891	2.0698	3.1320	1598.7	-0.051036	0.00011051	0.20819	liquid
152.69	746.00	431.50	0.0023175	76.230	249.12	0.56949	2.0668	3.1310	1593.9	-0.050979	0.00010924	0.20723	liquid
153.69	746.00	430.62	0.0023222	79.007	252.25	0.58992	2.0638	3.1299	1589.1	-0.050921	0.00010801	0.20627	liquid
154.69	746.00	429.74	0.0023270	81.783	255.38	0.61021	2.0609	3.1289	1584.4	-0.050863	0.00010680	0.20531	liquid
155.69	746.00	428.86	0.0023318	84.556	258.50	0.63037	2.0579	3.1278	1579.7	-0.050803	0.00010563	0.20436	liquid
156.69	746.00	427.98	0.0023365	87.326	261.63	0.65039	2.0550	3.1268	1575.0	-0.050743	0.00010448	0.20342	liquid
157.69	746.00	427.11	0.0023413	90.095	264.76	0.67028	2.0522	3.1257	1570.3	-0.050682	0.00010335	0.20247	liquid
158.69	746.00	426.23	0.0023461	92.862	267.88	0.69004	2.0493	3.1247	1565.6	-0.050619	0.00010226	0.20154	liquid
159.69	746.00	425.36	0.0023510	95.626	271.01	0.70966	2.0465	3.1237	1560.9	-0.050556	0.00010119	0.20060	liquid
160.69	746.00	424.48	0.0023558	98.388	274.13	0.72916	2.0437	3.1226	1556.3	-0.050492	0.00010014	0.19967	liquid
161.69	746.00	423.61	0.0023607	101.15	277.25	0.74853	2.0409	3.1216	1551.7	-0.050427	9.9115e-05	0.19875	liquid
162.69	746.00	422.74	0.0023655	103.91	280.37	0.76777	2.0382	3.1206	1547.1	-0.050361	9.8113e-05	0.19783	liquid
163.69	746.00	421.87	0.0023704	106.66	283.49	0.78689	2.0354	3.1196	1542.5	-0.050294	9.7132e-05	0.19691	liquid
164.69	746.00	421.00	0.0023753	109.41	286.61	0.80589	2.0328	3.1186	1537.9	-0.050226	9.6172e-05	0.19600	liquid
165.69	746.00	420.13	0.0023802	112.17	289.73	0.82476	2.0301	3.1176	1533.4	-0.050157	9.5232e-05	0.19510	liquid
166.69	746.00	419.26	0.0023852	114.91	292.85	0.84352	2.0275	3.1166	1528.9	-0.050087	9.4311e-05	0.19420	liquid
167.69	746.00	418.39	0.0023901	117.66	295.96	0.86216	2.0249	3.1156	1524.3	-0.050016	9.3409e-05	0.19330	liquid
168.69	746.00	417.52	0.0023951	120.41	299.08	0.88068	2.0223	3.1147	1519.9	-0.049944	9.2525e-05	0.19241	liquid
169.69	746.00	416.65	0.0024001	123.15	302.19	0.89908	2.0198	3.1137	1515.4	-0.049871	9.1658e-05	0.19152	liquid
170.69	746.00	415.79	0.0024051	125.89	305.31	0.91737	2.0172	3.1127	1510.9	-0.049797	9.0808e-05	0.19064	liquid
171.69	746.00	414.92	0.0024101	128.63	308.42	0.93555	2.0148	3.1118	1506.5	-0.049722	8.9975e-05	0.18976	liquid
172.69	746.00	414.06	0.0024151	131.36	311.53	0.95362	2.0123	3.1109	1502.1	-0.049646	8.9157e-05	0.18889	liquid
173.69	746.00	413.19	0.0024202	134.09	314.64	0.97158	2.0099	3.1099	1497.7	-0.049569	8.8355e-05	0.18802	liquid
174.69	746.00	412.33	0.0024253	136.83	317.75	0.98943	2.0075	3.1090	1493.3	-0.049491	8.7568e-05	0.18716	liquid
175.69	746.00	411.47	0.0024303	139.56	320.86	1.0072	2.0051	3.1081	1489.0	-0.049412	8.6795e-05	0.18630	liquid
176.69	746.00	410.60	0.0024354	142.28	323.97	1.0248	2.0028	3.1072	1484.6	-0.049332	8.6036e-05	0.18545	liquid
177.69	746.00	409.74	0.0024406	145.01	327.07	1.0423	2.0005	3.1063	1480.3	-0.049251	8.5291e-05	0.18460	liquid
178.69	746.00	408.88	0.0024457	147.73	330.18	1.0598	1.9982	3.1054	1476.0	-0.049169	8.4560e-05	0.18376	liquid
179.69	746.00	408.02	0.0024508	150.45	333.28	1.0771	1.9959	3.1045	1471.8	-0.049086	8.3841e-05	0.18293	liquid
180.69	746.00	407.17	0.0024560	153.17	336.39	1.0943	1.9937	3.1037	1467.5	-0.049002	8.3134e-05	0.18210	liquid
181.69	746.00	406.31	0.0024612	155.89	339.49	1.1115	1.9915	3.1028	1463.3	-0.048917	8.2440e-05	0.18127	liquid
182.69	746.00	405.45	0.0024664	158.60	342.59	1.1285	1.9894	3.1020	1459.0	-0.048831	8.1758e-05	0.18045	liquid
183.69	746.00	404.60	0.0024716	161.31	345.70	1.1454	1.9872	3.1011	1454.8	-0.048744	8.1087e-05	0.17963	liquid
184.69	746.00	403.74	0.0024768	164.02	348.80	1.1622	1.9851	3.1003	1450.7	-0.048656	8.0427e-05	0.17882	liquid
185.69	746.00	402.89	0.0024821	166.73	351.90	1.1790	1.9831	3.0995	1446.5	-0.048567	7.9779e-05	0.17802	liquid
186.69	746.00	402.03	0.0024874	169.44	354.99	1.1956	1.9810	3.0987	1442.4	-0.048477	7.9141e-05	0.17722	liquid
187.69	746.00	401.18	0.0024926	172.14	358.09	1.2122	1.9790	3.0979	1438.2	-0.048386	7.8513e-05	0.17642	liquid
188.69	746.00	400.33	0.0024979	174.84	361.19	1.2286	1.9770	3.0971	1434.1	-0.048295	7.7896e-05	0.17563	liquid
189.69	746.00	399.48	0.0025033	177.54	364.29	1.2450	1.9751	3.0963	1430.1	-0.048202	7.7288e-05	0.17485	liquid
190.69	746.00	398.63	0.0025086	180.24	367.38	1.2613	1.9732	3.0956	1426.0	-0.048108	7.6690e-05	0.17407	supercritical
191.69	746.00	397.78	0.0025140	182.94	370.48	1.2775	1.9713	3.0948	1421.9	-0.048013	7.6101e-05	0.17330	supercritical
192.69	746.00	396.93	0.0025193	185.63	373.57	1.2936	1.9694	3.0941	1417.9	-0.047917	7.5522e-05	0.17253	supercritical
193.69	746.00	396.08	0.0025247	188.32	376.67	1.3096	1.9676	3.0933	1413.9	-0.047821	7.4952e-05	0.17177	supercritical
194.69	746.00	395.24	0.0025301	191.01	379.76	1.3255	1.9658	3.0926	1409.9	-0.047723	7.4390e-05	0.17101	supercritical
195.69	746.00	394.39	0.0025355	193.70	382.85	1.3414	1.9641	3.0919	1406.0	-0.047624	7.3837e-05	0.17025	supercritical
196.69	746.00	393.55	0.0025410	196.39	385.94	1.3571	1.9623	3.0912	1402.0	-0.047525	7.3292e-05	0.16951	supercritical
197.69	746.00	392.70	0.0025464	199.07	389.03	1.3728	1.9606	3.0905	1398.1	-0.047424	7.2755e-05	0.16876	supercritical
198.69	746.00	391.86	0.0025519	201.75	392.12	1.3884	1.9589	3.0899	1394.2	-0.047323	7.2227e-05	0.16803	supercritical
199.69	746.00	391.02	0.0025574	204.43	395.21	1.4039	1.9573	3.0892	1390.3	-0.047220	7.1706e-05	0.16730	supercritical
200.69	746.00	390.18	0.0025629	207.11	398.30	1.4193	1.9557	3.0885	1386.4	-0.047117	7.1193e-05	0.16657	supercritical
201.69	746.00	389.34	0.0025685	209.78	401.39	1.4347	1.9541	3.0879	1382.6	-0.047013	7.0687e-05	0.16585	supercritical
202.69	746.00	388.50	0.0025740	212.46	404.48	1.4499	1.9526	3.0873	1378.7	-0.046908	7.0189e-05	0.16513	supercritical
203.69	746.00	387.66	0.0025796	215.13	407.57	1.4651	1.9511	3.0867	1374.9	-0.046801	6.9697e-05	0.16442	supercritical
204.69	746.00	386.83	0.0025851	217.80	410.65	1.4803	1.9496	3.0861	1371.1	-0.046695	6.9213e-05	0.16372	supercritical
205.69	746.00	385.99	0.0025907	220.47	413.74	1.4953	1.9481	3.0855	1367.4	-0.046587	6.8736e-05	0.16302	supercritical
206.69	746.00	385.15	0.0025964	223.13	416.82	1.5103	1.9467	3.0849	1363.6	-0.046478	6.8265e-05	0.16232	supercritical
207.69	746.00	384.32	0.0026020	225.80	419.91	1.5251	1.9453	3.0843	1359.9	-0.046368	6.7801e-05	0.16163	supercritical
208.69	746.00	383.49	0.0026076	228.46	422.99	1.5400	1.9439	3.0838	1356.1	-0.046258	6.7343e-05	0.16095	supercritical
209.69	746.00	382.66	0.0026133	231.12	426.08	1.5547	1.9426	3.0832	1352.4	-0.046146	6.6892e-05	0.16027	supercritical
210.69	746.00	381.83	0.0026190	233.78	429.16	1.5694	1.9413	3.0827	1348.8	-0.046034	6.6447e-05	0.15960	supercritical
211.69	746.00	381.00	0.0026247	236.44	432.24	1.5840	1.9401	3.0822	1345.1	-0.045921	6.6008e-05	0.15893	supercritical
212.69	746.00	380.17	0.0026304	239.09	435.32	1.5985	1.9388	3.0816	1341.5	-0.045807	6.5575e-05	0.15827	supercritical
213.69	746.00	379.34	0.0026362	241.75	438.40	1.6129	1.9376	3.0812	1337.9	-0.045693	6.5147e-05	0.15761	supercritical
214.69	746.00	378.51	0.0026419	244.40	441.48	1.6273	1.9364	3.0807	1334.3	-0.045577	6.4726e-05	0.15695	supercritical
215.69	746.00	377.69	0.0026477	247.05	444.57	1.6416	1.9353	3.0802	1330.7	-0.045461	6.4310e-05	0.15631	supercritical
216.69	746.00	376.86	0.0026535	249.69	447.65	1.6559	1.9342	3.0797	1327.1	-0.045344	6.3900e-05	0.15566	supercritical
217.69	746.00	376.04	0.0026593	252.34	450.72	1.6701	1.9331	3.0793	1323.6	-0.045226	6.3495e-05	0.15503	supercritical
218.69	746.00	375.22	0.0026651	254.99	453.80	1.6842	1.9321	3.0789	1320.1	-0.045107	6.3095e-05	0.15440	supercritical
219.69	746.00	374.40	0.0026710	257.63	456.88	1.6982	1.9311	3.0784	1316.5	-0.044988	6.2701e-05	0.15377	supercritical
220.69	746.00	373.58	0.0026768	260.27	459.96	1.7122	1.9301	3.0780	1313.1	-0.044867	6.2312e-05	0.15315	supercritical
221.69	746.00	372.76	0.0026827	262.91	463.04	1.7261	1.9291	3.0776	1309.6	-0.044746	6.1927e-05	0.15253	supercritical
222.69	746.00	371.94	0.0026886	265.55	466.12	1.7400	1.9282	3.0772	1306.2	-0.044625	6.1548e-05	0.15192	supercritical
223.69	746.00	371.12	0.0026945	268.18	469.19	1.7537	1.9273	3.0769	1302.7	-0.044502	6.1174e-05	0.15131	supercritical
224.69	746.00	370.31	0.0027005	270.82	472.27	1.7675	1.9265	3.0765	1299.3	-0.044379	6.0804e-05	0.15071	supercritical
225.69	746.00	369.49	0.0027064	273.45	475.35	1.7811	1.9256	3.0761	1295.9	-0.044255	6.0439e-05	0.15011	supercritical
226.69	746.00	368.68	0.0027124	276.08	478.42	1.7947	1.9248	3.0758	1292.6	-0.044131	6.0079e-05	0.14952	supercritical
227.69	746.00	367.87	0.0027184	278.71	481.50	1.8083	1.9241	3.0755	1289.2	-0.044006	5.9723e-05	0.14894	supercritical
228.69	746.00	367.06	0.0027244	281.33	484.57	1.8217	1.9233	3.0752	1285.9	-0.043880	5.9372e-05	0.14835	supercritical
229.69	746.00	366.25	0.0027304	283.96	487.65	1.8352	1.9226	3.0749	1282.6	-0.043753	5.9025e-05	0.14778	supercritical
230.69	746.00	365.44	0.0027364	286.59	490.72	1.8485	1.9220	3.0746	1279.3	-0.043626	5.8682e-05	0.14721	supercritical
231.69	746.00	364.63	0.0027425	289.21	493.80	1.8618	1.9213	3.0743	1276.0	-0.043499	5.8344e-05	0.14664	supercritical
232.69	746.00	363.83	0.0027486	291.83	496.87	1.8751	1.9207	3.0740	1272.7	-0.043370	5.8010e-05	0.14608	supercritical
233.69	746.00	363.02	0.0027546	294.45	499.94	1.8882	1.9201	3.0738	1269.5	-0.043241	5.7680e-05	0.14552	supercritical
234.69	746.00	362.22	0.0027608	297.07	503.02	1.9014	1.9196	3.0736	1266.3	-0.043112	5.7354e-05	0.14497	supercritical
235.69	746.00	361.42	0.0027669	299.68	506.09	1.9144	1.9191	3.0733	1263.1	-0.042982	5.7031e-05	0.14442	supercritical
236.69	746.00	360.62	0.0027730	302.30	509.17	1.9274	1.9186	3.0731	1259.9	-0.042851	5.6713e-05	0.14388	supercritical
237.69	746.00	359.82	0.0027792	304.91	512.24	1.9404	1.9181	3.0729	1256.7	-0.042720	5.6399e-05	0.14335	supercritical
238.69	746.00	359.02	0.0027854	307.52	515.31	1.9533	1.9177	3.0727	1253.6	-0.042588	5.6088e-05	0.14281	supercritical
239.69	746.00	358.22	0.0027916	310.13	518.38	1.9661	1.9173	3.0725	1250.5	-0.042456	5.5782e-05	0.14229	supercritical
240.69	746.00	357.43	0.0027978	312.74	521.46	1.9789	1.9170	3.0724	1247.4	-0.042323	5.5478e-05	0.14176	supercritical
241.69	746.00	356.63	0.0028040	315.35	524.53	1.9917	1.9166	3.0722	1244.3	-0.042190	5.5179e-05	0.14125	supercritical
242.69	746.00	355.84	0.0028102	317.96	527.60	2.0044	1.9163	3.0721	1241.2	-0.042056	5.4883e-05	0.14073	supercritical
243.69	746.00	355.05	0.0028165	320.56	530.67	2.0170	1.9161	3.0720	1238.2	-0.041922	5.4590e-05	0.14022	supercritical
244.69	746.00	354.26	0.0028228	323.16	533.74	2.0296	1.9158	3.0718	1235.1	-0.041787	5.4301e-05	0.13972	supercritical
245.69	746.00	353.47	0.0028291	325.77	536.82	2.0421	1.9156	3.0717	1232.1	-0.041652	5.4016e-05	0.13922	supercritical
246.69	746.00	352.68	0.0028354	328.37	539.89	2.0546	1.9154	3.0716	1229.1	-0.041517	5.3733e-05	0.13873	supercritical
247.69	746.00	351.90	0.0028417	330.97	542.96	2.0670	1.9153	3.0716	1226.1	-0.041381	5.3454e-05	0.13824	supercritical
248.69	746.00	351.11	0.0028481	333.56	546.03	2.0794	1.9152	3.0715	1223.2	-0.041245	5.3179e-05	0.13775	supercritical
249.69	746.00	350.33	0.0028545	336.16	549.10	2.0917	1.9151	3.0714	1220.3	-0.041108	5.2906e-05	0.13727	supercritical
250.69	746.00	349.55	0.0028608	338.76	552.17	2.1040	1.9150	3.0714	1217.3	-0.040971	5.2637e-05	0.13680	supercritical
251.69	746.00	348.77	0.0028672	341.35	555.25	2.1162	1.9150	3.0714	1214.4	-0.040834	5.2370e-05	0.13633	supercritical
252.69	746.00	347.99	0.0028737	343.94	558.32	2.1284	1.9150	3.0713	1211.5	-0.040696	5.2107e-05	0.13586	supercritical
253.69	746.00	347.21	0.0028801	346.53	561.39	2.1405	1.9150	3.0713	1208.7	-0.040558	5.1847e-05	0.13540	supercritical
254.69	746.00	346.43	0.0028865	349.12	564.46	2.1526	1.9151	3.0713	1205.8	-0.040420	5.1590e-05	0.13494	supercritical
255.69	746.00	345.66	0.0028930	351.71	567.53	2.1646	1.9152	3.0713	1203.0	-0.040281	5.1335e-05	0.13449	supercritical
256.69	746.00	344.89	0.0028995	354.30	570.60	2.1766	1.9153	3.0714	1200.2	-0.040142	5.1084e-05	0.13404	supercritical
257.69	746.00	344.12	0.0029060	356.89	573.67	2.1886	1.9154	3.0714	1197.4	-0.040003	5.0835e-05	0.13359	supercritical
258.69	746.00	343.35	0.0029125	359.47	576.74	2.2005	1.9156	3.0715	1194.6	-0.039864	5.0590e-05	0.13315	supercritical
259.69	746.00	342.58	0.0029190	362.06	579.82	2.2123	1.9158	3.0715	1191.9	-0.039725	5.0347e-05	0.13272	supercritical
260.69	746.00	341.81	0.0029256	364.64	582.89	2.2241	1.9161	3.0716	1189.1	-0.039585	5.0106e-05	0.13229	supercritical
261.69	746.00	341.04	0.0029322	367.22	585.96	2.2359	1.9163	3.0717	1186.4	-0.039445	4.9869e-05	0.13186	supercritical
262.69	746.00	340.28	0.0029387	369.80	589.03	2.2476	1.9166	3.0718	1183.7	-0.039305	4.9634e-05	0.13144	supercritical
263.69	746.00	339.52	0.0029453	372.38	592.10	2.2593	1.9169	3.0719	1181.0	-0.039165	4.9402e-05	0.13102	supercritical
264.69	746.00	338.76	0.0029520	374.96	595.18	2.2709	1.9173	3.0720	1178.4	-0.039024	4.9172e-05	0.13061	supercritical
265.69	746.00	338.00	0.0029586	377.54	598.25	2.2825	1.9177	3.0722	1175.7	-0.038884	4.8945e-05	0.13020	supercritical
266.69	746.00	337.24	0.0029652	380.11	601.32	2.2940	1.9181	3.0723	1173.1	-0.038743	4.8720e-05	0.12979	supercritical
267.69	746.00	336.48	0.0029719	382.69	604.39	2.3055	1.9185	3.0725	1170.5	-0.038603	4.8498e-05	0.12939	supercritical
268.69	746.00	335.73	0.0029786	385.26	607.46	2.3170	1.9190	3.0726	1167.9	-0.038462	4.8279e-05	0.12899	supercritical
269.69	746.00	334.98	0.0029853	387.84	610.54	2.3284	1.9195	3.0728	1165.3	-0.038321	4.8061e-05	0.12860	supercritical
270.69	746.00	334.23	0.0029920	390.41	613.61	2.3398	1.9200	3.0730	1162.7	-0.038180	4.7847e-05	0.12821	supercritical
271.69	746.00	333.48	0.0029987	392.98	616.68	2.3511	1.9205	3.0732	1160.2	-0.038039	4.7634e-05	0.12783	supercritical
272.69	746.00	332.73	0.0030055	395.55	619.76	2.3624	1.9211	3.0734	1157.7	-0.037898	4.7424e-05	0.12745	supercritical
273.69	746.00	331.98	0.0030122	398.12	622.83	2.3736	1.9217	3.0736	1155.2	-0.037757	4.7216e-05	0.12707	supercritical
274.69	746.00	331.24	0.0030190	400.69	625.90	2.3848	1.9223	3.0739	1152.7	-0.037616	4.7011e-05	0.12670	supercritical
275.69	746.00	330.49	0.0030258	403.25	628.98	2.3960	1.9230	3.0741	1150.2	-0.037475	4.6807e-05	0.12633	supercritical
276.69	746.00	329.75	0.0030326	405.82	632.05	2.4071	1.9237	3.0744	1147.7	-0.037334	4.6606e-05	0.12597	supercritical
277.69	746.00	329.01	0.0030394	408.39	635.13	2.4182	1.9244	3.0747	1145.3	-0.037194	4.6407e-05	0.12561	supercritical
278.69	746.00	328.27	0.0030462	410.95	638.20	2.4293	1.9251	3.0749	1142.9	-0.037053	4.6210e-05	0.12525	supercritical
279.69	746.00	327.54	0.0030531	413.52	641.28	2.4403	1.9259	3.0752	1140.5	-0.036912	4.6016e-05	0.12490	supercritical
280.69	746.00	326.80	0.0030600	416.08	644.35	2.4513	1.9267	3.0755	1138.1	-0.036772	4.5823e-05	0.12455	supercritical
281.69	746.00	326.07	0.0030668	418.64	647.43	2.4622	1.9275	3.0758	1135.7	-0.036631	4.5633e-05	0.12421	supercritical
282.69	746.00	325.34	0.0030737	421.20	650.50	2.4731	1.9283	3.0762	1133.4	-0.036491	4.5444e-05	0.12387	supercritical
283.69	746.00	324.61	0.0030806	423.76	653.58	2.4840	1.9292	3.0765	1131.0	-0.036351	4.5258e-05	0.12353	supercritical
284.69	746.00	323.88	0.0030876	426.32	656.66	2.4948	1.9301	3.0769	1128.7	-0.036211	4.5074e-05	0.12320	supercritical
285.69	746.00	323.15	0.0030945	428.88	659.73	2.5056	1.9310	3.0772	1126.4	-0.036071	4.4891e-05	0.12287	supercritical
286.69	746.00	322.43	0.0031015	431.44	662.81	2.5163	1.9320	3.0776	1124.1	-0.035931	4.4711e-05	0.12254	supercritical
287.69	746.00	321.71	0.0031084	434.00	665.89	2.5271	1.9329	3.0780	1121.9	-0.035792	4.4532e-05	0.12222	supercritical
288.69	746.00	320.99	0.0031154	436.56	668.97	2.5377	1.9339	3.0784	1119.6	-0.035653	4.4355e-05	0.12191	supercritical
289.69	746.00	320.27	0.0031224	439.11	672.05	2.5484	1.9350	3.0788	1117.4	-0.035514	4.4181e-05	0.12159	supercritical
290.69	746.00	319.55	0.0031294	441.67	675.12	2.5590	1.9360	3.0792	1115.2	-0.035375	4.4008e-05	0.12128	supercritical
291.69	746.00	318.83	0.0031364	444.23	678.20	2.5696	1.9371	3.0796	1113.0	-0.035236	4.3837e-05	0.12097	supercritical
292.69	746.00	318.12	0.0031435	446.78	681.28	2.5801	1.9382	3.0801	1110.8	-0.035098	4.3667e-05	0.12067	supercritical
293.69	746.00	317.41	0.0031505	449.33	684.36	2.5906	1.9393	3.0805	1108.6	-0.034960	4.3500e-05	0.12037	supercritical
294.69	746.00	316.70	0.0031576	451.89	687.44	2.6011	1.9405	3.0810	1106.5	-0.034822	4.3334e-05	0.12008	supercritical
295.69	746.00	315.99	0.0031647	454.44	690.53	2.6115	1.9416	3.0814	1104.3	-0.034685	4.3170e-05	0.11978	supercritical
296.69	746.00	315.28	0.0031718	456.99	693.61	2.6219	1.9428	3.0819	1102.2	-0.034548	4.3008e-05	0.11950	supercritical
297.69	746.00	314.58	0.0031789	459.55	696.69	2.6323	1.9440	3.0824	1100.1	-0.034411	4.2848e-05	0.11921	supercritical
298.69	746.00	313.87	0.0031860	462.10	699.77	2.6426	1.9453	3.0829	1098.0	-0.034275	4.2689e-05	0.11893	supercritical
299.69	746.00	313.17	0.0031931	464.65	702.86	2.6529	1.9466	3.0834	1095.9	-0.034139	4.2532e-05	0.11865	supercritical
300.69	746.00	312.47	0.0032003	467.20	705.94	2.6632	1.9478	3.0840	1093.9	-0.034003	4.2376e-05	0.11838	supercritical
301.69	746.00	311.77	0.0032074	469.75	709.02	2.6735	1.9492	3.0845	1091.8	-0.033868	4.2222e-05	0.11811	supercritical
302.69	746.00	311.08	0.0032146	472.30	712.11	2.6837	1.9505	3.0850	1089.8	-0.033733	4.2070e-05	0.11784	supercritical
303.69	746.00	310.38	0.0032218	474.85	715.19	2.6938	1.9519	3.0856	1087.8	-0.033599	4.1919e-05	0.11757	supercritical
304.69	746.00	309.69	0.0032290	477.39	718.28	2.7040	1.9532	3.0862	1085.8	-0.033465	4.1770e-05	0.11731	supercritical
305.69	746.00	309.00	0.0032362	479.94	721.37	2.7141	1.9547	3.0867	1083.8	-0.033331	4.1623e-05	0.11706	supercritical
306.69	746.00	308.31	0.0032435	482.49	724.45	2.7242	1.9561	3.0873	1081.9	-0.033198	4.1477e-05	0.11680	supercritical
307.69	746.00	307.63	0.0032507	485.04	727.54	2.7342	1.9575	3.0879	1079.9	-0.033065	4.1332e-05	0.11655	supercritical
308.69	746.00	306.94	0.0032579	487.59	730.63	2.7442	1.9590	3.0885	1078.0	-0.032933	4.1189e-05	0.11630	supercritical
309.69	746.00	306.26	0.0032652	490.13	733.72	2.7542	1.9605	3.0892	1076.1	-0.032802	4.1048e-05	0.11606	supercritical
310.69	746.00	305.58	0.0032725	492.68	736.81	2.7642	1.9620	3.0898	1074.2	-0.032670	4.0908e-05	0.11582	supercritical
311.69	746.00	304.90	0.0032798	495.23	739.90	2.7741	1.9636	3.0904	1072.3	-0.032539	4.0769e-05	0.11558	supercritical
312.69	746.00	304.22	0.0032871	497.77	742.99	2.7840	1.9651	3.0911	1070.4	-0.032409	4.0632e-05	0.11535	supercritical
313.69	746.00	303.55	0.0032944	500.32	746.08	2.7939	1.9667	3.0917	1068.6	-0.032279	4.0497e-05	0.11511	supercritical
314.69	746.00	302.87	0.0033017	502.86	749.17	2.8037	1.9683	3.0924	1066.7	-0.032150	4.0362e-05	0.11489	supercritical
315.69	746.00	302.20	0.0033091	505.41	752.26	2.8136	1.9699	3.0931	1064.9	-0.032022	4.0230e-05	0.11466	supercritical
316.69	746.00	301.53	0.0033164	507.95	755.36	2.8233	1.9716	3.0938	1063.1	-0.031893	4.0098e-05	0.11444	supercritical
317.69	746.00	300.86	0.0033238	510.50	758.45	2.8331	1.9732	3.0945	1061.3	-0.031766	3.9968e-05	0.11422	supercritical
318.69	746.00	300.20	0.0033312	513.04	761.55	2.8428	1.9749	3.0952	1059.5	-0.031639	3.9839e-05	0.11400	supercritical
319.69	746.00	299.53	0.0033385	515.59	764.64	2.8525	1.9766	3.0959	1057.7	-0.031512	3.9712e-05	0.11379	supercritical
320.69	746.00	298.87	0.0033459	518.13	767.74	2.8622	1.9784	3.0967	1056.0	-0.031387	3.9586e-05	0.11358	supercritical
321.69	746.00	298.21	0.0033533	520.68	770.84	2.8718	1.9801	3.0974	1054.3	-0.031261	3.9461e-05	0.11337	supercritical
322.69	746.00	297.55	0.0033608	523.22	773.93	2.8814	1.9819	3.0982	1052.5	-0.031137	3.9337e-05	0.11317	supercritical
323.69	746.00	296.90	0.0033682	525.76	777.03	2.8910	1.9837	3.0990	1050.8	-0.031013	3.9215e-05	0.11297	supercritical
324.69	746.00	296.24	0.0033756	528.31	780.13	2.9006	1.9855	3.0997	1049.1	-0.030889	3.9094e-05	0.11277	supercritical
325.69	746.00	295.59	0.0033831	530.85	783.23	2.9101	1.9873	3.1005	1047.4	-0.030766	3.8974e-05	0.11258	supercritical
326.69	746.00	294.94	0.0033906	533.40	786.33	2.9196	1.9892	3.1013	1045.8	-0.030644	3.8856e-05	0.11239	supercritical
327.69	746.00	294.29	0.0033980	535.94	789.43	2.9291	1.9910	3.1021	1044.1	-0.030523	3.8738e-05	0.11220	supercritical
328.69	746.00	293.64	0.0034055	538.49	792.54	2.9386	1.9929	3.1030	1042.5	-0.030402	3.8622e-05	0.11201	supercritical
329.69	746.00	293.00	0.0034130	541.03	795.64	2.9480	1.9948	3.1038	1040.9	-0.030281	3.8507e-05	0.11183	supercritical
330.69	746.00	292.35	0.0034205	543.57	798.74	2.9574	1.9967	3.1046	1039.3	-0.030162	3.8394e-05	0.11165	supercritical
331.69	746.00	291.71	0.0034280	546.12	801.85	2.9668	1.9987	3.1055	1037.7	-0.030043	3.8281e-05	0.11147	supercritical
332.69	746.00	291.07	0.0034356	548.66	804.96	2.9761	2.0007	3.1063	1036.1	-0.029925	3.8170e-05	0.11129	supercritical
333.69	746.00	290.44	0.0034431	551.21	808.06	2.9854	2.0026	3.1072	1034.5	-0.029807	3.8059e-05	0.11112	supercritical
334.69	746.00	289.80	0.0034506	553.75	811.17	2.9947	2.0046	3.1081	1033.0	-0.029690	3.7950e-05	0.11095	supercritical
335.69	746.00	289.17	0.0034582	556.30	814.28	3.0040	2.0066	3.1090	1031.4	-0.029574	3.7842e-05	0.11078	supercritical
336.69	746.00	288.54	0.0034658	558.84	817.39	3.0133	2.0087	3.1099	1029.9	-0.029459	3.7735e-05	0.11062	supercritical
337.69	746.00	287.91	0.0034733	561.39	820.50	3.0225	2.0107	3.1108	1028.4	-0.029344	3.7630e-05	0.11046	supercritical
338.69	746.00	287.28	0.0034809	563.93	823.61	3.0317	2.0128	3.1117	1026.9	-0.029230	3.7525e-05	0.11030	supercritical
339.69	746.00	286.65	0.0034885	566.48	826.72	3.0409	2.0149	3.1127	1025.4	-0.029116	3.7421e-05	0.11014	supercritical
340.69	746.00	286.03	0.0034961	569.02	829.83	3.0500	2.0170	3.1136	1023.9	-0.029004	3.7319e-05	0.10999	supercritical
341.69	746.00	285.41	0.0035038	571.57	832.95	3.0591	2.0191	3.1145	1022.4	-0.028892	3.7217e-05	0.10984	supercritical
342.69	746.00	284.79	0.0035114	574.11	836.06	3.0682	2.0212	3.1155	1021.0	-0.028781	3.7117e-05	0.10969	supercritical
343.69	746.00	284.17	0.0035190	576.66	839.18	3.0773	2.0234	3.1165	1019.6	-0.028670	3.7017e-05	0.10954	supercritical
344.69	746.00	283.55	0.0035267	579.21	842.30	3.0864	2.0256	3.1175	1018.1	-0.028561	3.6919e-05	0.10940	supercritical
345.69	746.00	282.94	0.0035343	581.76	845.41	3.0954	2.0278	3.1185	1016.7	-0.028452	3.6821e-05	0.10926	supercritical
346.69	746.00	282.33	0.0035420	584.30	848.53	3.1044	2.0300	3.1195	1015.3	-0.028343	3.6725e-05	0.10912	supercritical
347.69	746.00	281.72	0.0035496	586.85	851.65	3.1134	2.0322	3.1205	1013.9	-0.028236	3.6629e-05	0.10898	supercritical
348.69	746.00	281.11	0.0035573	589.40	854.77	3.1224	2.0344	3.1215	1012.6	-0.028129	3.6535e-05	0.10885	supercritical
349.69	746.00	280.50	0.0035650	591.95	857.90	3.1313	2.0367	3.1225	1011.2	-0.028023	3.6442e-05	0.10872	supercritical
350.69	746.00	279.90	0.0035727	594.50	861.02	3.1402	2.0389	3.1236	1009.9	-0.027918	3.6349e-05	0.10859	supercritical
351.69	746.00	279.30	0.0035804	597.05	864.14	3.1491	2.0412	3.1246	1008.5	-0.027814	3.6257e-05	0.10846	supercritical
352.69	746.00	278.70	0.0035881	599.59	867.27	3.1580	2.0435	3.1257	1007.2	-0.027710	3.6167e-05	0.10834	supercritical
353.69	746.00	278.10	0.0035958	602.14	870.39	3.1668	2.0458	3.1268	1005.9	-0.027607	3.6077e-05	0.10822	supercritical
354.69	746.00	277.50	0.0036036	604.70	873.52	3.1757	2.0482	3.1279	1004.6	-0.027505	3.5988e-05	0.10810	supercritical
355.69	746.00	276.91	0.0036113	607.25	876.65	3.1845	2.0505	3.1289	1003.3	-0.027404	3.5900e-05	0.10798	supercritical
356.69	746.00	276.31	0.0036191	609.80	879.78	3.1933	2.0529	3.1300	1002.0	-0.027303	3.5814e-05	0.10787	supercritical
357.69	746.00	275.72	0.0036268	612.35	882.91	3.2020	2.0552	3.1312	1000.7	-0.027203	3.5727e-05	0.10776	supercritical
358.69	746.00	275.14	0.0036346	614.90	886.04	3.2108	2.0576	3.1323	999.50	-0.027104	3.5642e-05	0.10765	supercritical
359.69	746.00	274.55	0.0036423	617.46	889.18	3.2195	2.0600	3.1334	998.25	-0.027006	3.5558e-05	0.10754	supercritical
360.69	746.00	273.96	0.0036501	620.01	892.31	3.2282	2.0625	3.1346	997.02	-0.026909	3.5475e-05	0.10743	supercritical
361.69	746.00	273.38	0.0036579	622.56	895.44	3.2369	2.0649	3.1357	995.81	-0.026812	3.5392e-05	0.10733	supercritical
362.69	746.00	272.80	0.0036657	625.12	898.58	3.2455	2.0673	3.1369	994.60	-0.026716	3.5310e-05	0.10723	supercritical
363.69	746.00	272.22	0.0036735	627.68	901.72	3.2542	2.0698	3.1381	993.41	-0.026621	3.5229e-05	0.10713	supercritical
364.69	746.00	271.64	0.0036813	630.23	904.86	3.2628	2.0723	3.1392	992.22	-0.026527	3.5149e-05	0.10703	supercritical
365.69	746.00	271.07	0.0036891	632.79	908.00	3.2714	2.0747	3.1404	991.05	-0.026434	3.5070e-05	0.10694	supercritical
366.69	746.00	270.49	0.0036969	635.35	911.14	3.2800	2.0772	3.1416	989.89	-0.026341	3.4992e-05	0.10685	supercritical
367.69	746.00	269.92	0.0037048	637.90	914.28	3.2885	2.0798	3.1428	988.74	-0.026249	3.4914e-05	0.10676	supercritical
368.69	746.00	269.35	0.0037126	640.46	917.42	3.2971	2.0823	3.1441	987.60	-0.026158	3.4837e-05	0.10667	supercritical
369.69	746.00	268.78	0.0037204	643.02	920.57	3.3056	2.0848	3.1453	986.47	-0.026068	3.4761e-05	0.10658	supercritical
370.69	746.00	268.22	0.0037283	645.58	923.71	3.3141	2.0874	3.1465	985.35	-0.025978	3.4686e-05	0.10650	supercritical
371.69	746.00	267.65	0.0037362	648.14	926.86	3.3226	2.0899	3.1478	984.24	-0.025890	3.4611e-05	0.10642	supercritical
372.69	746.00	267.09	0.0037440	650.71	930.01	3.3310	2.0925	3.1490	983.15	-0.025802	3.4538e-05	0.10634	supercritical
373.69	746.00	266.53	0.0037519	653.27	933.16	3.3395	2.0951	3.1503	982.06	-0.025715	3.4465e-05	0.10626	supercritical
374.69	746.00	265.97	0.0037598	655.83	936.31	3.3479	2.0977	3.1516	980.99	-0.025629	3.4393e-05	0.10618	supercritical
375.69	746.00	265.42	0.0037676	658.40	939.46	3.3563	2.1003	3.1529	979.92	-0.025543	3.4321e-05	0.10611	supercritical
376.69	746.00	264.86	0.0037755	660.96	942.62	3.3647	2.1030	3.1542	978.87	-0.025458	3.4250e-05	0.10604	supercritical
377.69	746.00	264.31	0.0037834	663.53	945.77	3.3730	2.1056	3.1555	977.83	-0.025375	3.4180e-05	0.10597	supercritical
378.69	746.00	263.76	0.0037913	666.09	948.93	3.3814	2.1082	3.1568	976.79	-0.025292	3.4111e-05	0.10590	supercritical
379.69	746.00	263.21	0.0037992	668.66	952.08	3.3897	2.1109	3.1581	975.77	-0.025209	3.4043e-05	0.10583	supercritical
380.69	746.00	262.66	0.0038071	671.23	955.24	3.3980	2.1136	3.1595	974.76	-0.025128	3.3975e-05	0.10577	supercritical
381.69	746.00	262.12	0.0038151	673.80	958.40	3.4063	2.1163	3.1608	973.75	-0.025047	3.3908e-05	0.10571	supercritical
382.69	746.00	261.58	0.0038230	676.37	961.56	3.4146	2.1190	3.1622	972.76	-0.024967	3.3841e-05	0.10565	supercritical
383.69	746.00	261.03	0.0038309	678.94	964.73	3.4228	2.1217	3.1635	971.78	-0.024888	3.3776e-05	0.10559	supercritical
384.69	746.00	260.49	0.0038388	681.51	967.89	3.4311	2.1244	3.1649	970.80	-0.024810	3.3711e-05	0.10553	supercritical
385.69	746.00	259.96	0.0038468	684.09	971.06	3.4393	2.1271	3.1663	969.84	-0.024732	3.3646e-05	0.10548	supercritical
386.69	746.00	259.42	0.0038547	686.66	974.22	3.4475	2.1299	3.1677	968.89	-0.024655	3.3583e-05	0.10542	supercritical
387.69	746.00	258.89	0.0038627	689.24	977.39	3.4557	2.1326	3.1691	967.94	-0.024580	3.3520e-05	0.10537	supercritical
388.69	746.00	258.35	0.0038706	691.81	980.56	3.4638	2.1354	3.1705	967.01	-0.024504	3.3457e-05	0.10532	supercritical
389.69	746.00	257.82	0.0038786	694.39	983.73	3.4720	2.1381	3.1719	966.08	-0.024430	3.3395e-05	0.10528	supercritical
390.69	746.00	257.30	0.0038866	696.97	986.91	3.4801	2.1409	3.1734	965.17	-0.024356	3.3334e-05	0.10523	supercritical
391.69	746.00	256.77	0.0038945	699.55	990.08	3.4882	2.1437	3.1748	964.26	-0.024283	3.3274e-05	0.10519	supercritical
392.69	746.00	256.24	0.0039025	702.13	993.26	3.4963	2.1465	3.1762	963.37	-0.024211	3.3214e-05	0.10514	supercritical
393.69	746.00	255.72	0.0039105	704.71	996.43	3.5044	2.1493	3.1777	962.48	-0.024140	3.3155e-05	0.10510	supercritical
394.69	746.00	255.20	0.0039185	707.29	999.61	3.5125	2.1522	3.1792	961.60	-0.024070	3.3096e-05	0.10506	supercritical
395.69	746.00	254.68	0.0039265	709.88	1002.8	3.5205	2.1550	3.1807	960.73	-0.024000	3.3039e-05	0.10503	supercritical
396.69	746.00	254.16	0.0039345	712.46	1006.0	3.5285	2.1578	3.1821	959.87	-0.023931	3.2981e-05	0.10499	supercritical
397.69	746.00	253.65	0.0039425	715.05	1009.2	3.5366	2.1607	3.1836	959.02	-0.023863	3.2924e-05	0.10496	supercritical
398.69	746.00	253.13	0.0039505	717.63	1012.3	3.5445	2.1636	3.1851	958.18	-0.023795	3.2868e-05	0.10493	supercritical
399.69	746.00	252.62	0.0039585	720.22	1015.5	3.5525	2.1664	3.1867	957.34	-0.023729	3.2813e-05	0.10490	supercritical
400.69	746.00	252.11	0.0039665	722.81	1018.7	3.5605	2.1693	3.1882	956.52	-0.023663	3.2758e-05	0.10487	supercritical
401.69	746.00	251.60	0.0039745	725.40	1021.9	3.5684	2.1722	3.1897	955.70	-0.023597	3.2704e-05	0.10484	supercritical
402.69	746.00	251.10	0.0039826	727.99	1025.1	3.5764	2.1751	3.1912	954.90	-0.023533	3.2650e-05	0.10481	supercritical
403.69	746.00	250.59	0.0039906	730.59	1028.3	3.5843	2.1780	3.1928	954.10	-0.023469	3.2596e-05	0.10479	supercritical
404.69	746.00	250.09	0.0039986	733.18	1031.5	3.5922	2.1809	3.1944	953.31	-0.023406	3.2544e-05	0.10477	supercritical
405.69	746.00	249.59	0.0040066	735.78	1034.7	3.6001	2.1838	3.1959	952.53	-0.023344	3.2492e-05	0.10475	supercritical
406.69	746.00	249.09	0.0040147	738.38	1037.9	3.6079	2.1868	3.1975	951.75	-0.023283	3.2440e-05	0.10473	supercritical
407.69	746.00	248.59	0.0040227	740.97	1041.1	3.6158	2.1897	3.1991	950.99	-0.023222	3.2389e-05	0.10471	supercritical
408.69	746.00	248.09	0.0040308	743.57	1044.3	3.6236	2.1927	3.2007	950.23	-0.023162	3.2339e-05	0.10469	supercritical
409.69	746.00	247.60	0.0040388	746.17	1047.5	3.6315	2.1956	3.2023	949.48	-0.023103	3.2289e-05	0.10468	supercritical
410.69	746.00	247.10	0.0040469	748.78	1050.7	3.6393	2.1986	3.2039	948.74	-0.023044	3.2239e-05	0.10467	supercritical
411.69	746.00	246.61	0.0040549	751.38	1053.9	3.6471	2.2016	3.2055	948.01	-0.022986	3.2191e-05	0.10465	supercritical
412.69	746.00	246.12	0.0040630	753.98	1057.1	3.6548	2.2046	3.2071	947.28	-0.022929	3.2142e-05	0.10464	supercritical
413.69	746.00	245.64	0.0040711	756.59	1060.3	3.6626	2.2076	3.2088	946.57	-0.022873	3.2094e-05	0.10463	supercritical
414.69	746.00	245.15	0.0040791	759.20	1063.5	3.6704	2.2106	3.2104	945.86	-0.022817	3.2047e-05	0.10463	supercritical
415.69	746.00	244.67	0.0040872	761.81	1066.7	3.6781	2.2136	3.2121	945.16	-0.022762	3.2000e-05	0.10462	supercritical
416.69	746.00	244.18	0.0040953	764.42	1069.9	3.6858	2.2166	3.2137	944.47	-0.022708	3.1954e-05	0.10462	supercritical
417.69	746.00	243.70	0.0041034	767.03	1073.1	3.6935	2.2196	3.2154	943.78	-0.022654	3.1908e-05	0.10461	supercritical
418.69	746.00	243.22	0.0041114	769.64	1076.4	3.7012	2.2226	3.2171	943.10	-0.022601	3.1863e-05	0.10461	supercritical
419.69	746.00	242.75	0.0041195	772.26	1079.6	3.7089	2.2257	3.2188	942.43	-0.022549	3.1818e-05	0.10461	supercritical
420.69	746.00	242.27	0.0041276	774.87	1082.8	3.7165	2.2287	3.2205	941.77	-0.022497	3.1774e-05	0.10461	supercritical
421.69	746.00	241.80	0.0041357	777.49	1086.0	3.7242	2.2318	3.2222	941.12	-0.022446	3.1730e-05	0.10462	supercritical
422.69	746.00	241.32	0.0041438	780.11	1089.2	3.7318	2.2348	3.2239	940.47	-0.022396	3.1687e-05	0.10462	supercritical
423.69	746.00	240.85	0.0041519	782.73	1092.5	3.7395	2.2379	3.2256	939.83	-0.022347	3.1644e-05	0.10463	supercritical
424.69	746.00	240.39	0.0041600	785.35	1095.7	3.7471	2.2410	3.2273	939.20	-0.022298	3.1601e-05	0.10463	supercritical
425.69	746.00	239.92	0.0041681	787.98	1098.9	3.7546	2.2440	3.2291	938.57	-0.022250	3.1560e-05	0.10464	supercritical
426.69	746.00	239.45	0.0041762	790.60	1102.1	3.7622	2.2471	3.2308	937.95	-0.022202	3.1518e-05	0.10465	supercritical
427.69	746.00	238.99	0.0041843	793.23	1105.4	3.7698	2.2502	3.2326	937.34	-0.022155	3.1477e-05	0.10466	supercritical
428.69	746.00	238.53	0.0041924	795.86	1108.6	3.7773	2.2533	3.2343	936.74	-0.022109	3.1436e-05	0.10467	supercritical
429.69	746.00	238.07	0.0042005	798.49	1111.8	3.7849	2.2564	3.2361	936.14	-0.022064	3.1396e-05	0.10469	supercritical
430.69	746.00	237.61	0.0042086	801.12	1115.1	3.7924	2.2595	3.2379	935.55	-0.022019	3.1357e-05	0.10470	supercritical
431.69	746.00	237.15	0.0042168	803.75	1118.3	3.7999	2.2626	3.2397	934.97	-0.021974	3.1317e-05	0.10472	supercritical
432.69	746.00	236.69	0.0042249	806.39	1121.6	3.8074	2.2658	3.2415	934.39	-0.021931	3.1279e-05	0.10474	supercritical
433.69	746.00	236.24	0.0042330	809.03	1124.8	3.8149	2.2689	3.2433	933.82	-0.021888	3.1240e-05	0.10475	supercritical
434.69	746.00	235.79	0.0042411	811.66	1128.1	3.8224	2.2720	3.2451	933.26	-0.021845	3.1202e-05	0.10477	supercritical
435.69	746.00	235.34	0.0042493	814.30	1131.3	3.8298	2.2752	3.2469	932.70	-0.021804	3.1165e-05	0.10479	supercritical
436.69	746.00	234.89	0.0042574	816.94	1134.5	3.8373	2.2783	3.2487	932.15	-0.021762	3.1128e-05	0.10482	supercritical
437.69	746.00	234.44	0.0042655	819.59	1137.8	3.8447	2.2815	3.2506	931.61	-0.021722	3.1091e-05	0.10484	supercritical
438.69	746.00	233.99	0.0042736	822.23	1141.0	3.8521	2.2846	3.2524	931.07	-0.021682	3.1055e-05	0.10487	supercritical
439.69	746.00	233.55	0.0042818	824.88	1144.3	3.8595	2.2878	3.2543	930.54	-0.021643	3.1019e-05	0.10489	supercritical
440.69	746.00	233.10	0.0042899	827.53	1147.6	3.8669	2.2910	3.2561	930.02	-0.021604	3.0983e-05	0.10492	supercritical
441.69	746.00	232.66	0.0042981	830.18	1150.8	3.8743	2.2942	3.2580	929.50	-0.021566	3.0948e-05	0.10495	supercritical
442.69	746.00	232.22	0.0043062	832.83	1154.1	3.8817	2.2973	3.2599	928.99	-0.021528	3.0913e-05	0.10498	supercritical
443.69	746.00	231.79	0.0043143	835.48	1157.3	3.8890	2.3005	3.2618	928.49	-0.021491	3.0879e-05	0.10501	supercritical
444.69	746.00	231.35	0.0043225	838.14	1160.6	3.8964	2.3037	3.2637	927.99	-0.021455	3.0845e-05	0.10504	supercritical
445.69	746.00	230.91	0.0043306	840.79	1163.9	3.9037	2.3069	3.2655	927.50	-0.021419	3.0812e-05	0.10507	supercritical
446.69	746.00	230.48	0.0043388	843.45	1167.1	3.9110	2.3101	3.2675	927.01	-0.021384	3.0779e-05	0.10511	supercritical
447.69	746.00	230.05	0.0043469	846.11	1170.4	3.9184	2.3133	3.2694	926.53	-0.021349	3.0746e-05	0.10514	supercritical
448.69	746.00	229.62	0.0043551	848.78	1173.7	3.9256	2.3165	3.2713	926.06	-0.021315	3.0714e-05	0.10518	supercritical
449.69	746.00	229.19	0.0043632	851.44	1176.9	3.9329	2.3197	3.2732	925.59	-0.021282	3.0682e-05	0.10521	supercritical
450.69	746.00	228.76	0.0043714	854.11	1180.2	3.9402	2.3230	3.2751	925.13	-0.021249	3.0650e-05	0.10525	supercritical
451.69	746.00	228.33	0.0043795	856.77	1183.5	3.9475	2.3262	3.2771	924.67	-0.021216	3.0619e-05	0.10529	supercritical
452.69	746.00	227.91	0.0043877	859.44	1186.8	3.9547	2.3294	3.2790	924.22	-0.021184	3.0588e-05	0.10533	supercritical
453.69	746.00	227.49	0.0043959	862.11	1190.0	3.9620	2.3327	3.2810	923.78	-0.021153	3.0557e-05	0.10538	supercritical
454.69	746.00	227.07	0.0044040	864.79	1193.3	3.9692	2.3359	3.2830	923.34	-0.021122	3.0527e-05	0.10542	supercritical
455.69	746.00	226.65	0.0044122	867.46	1196.6	3.9764	2.3391	3.2849	922.90	-0.021092	3.0497e-05	0.10546	supercritical
456.69	746.00	226.23	0.0044203	870.14	1199.9	3.9836	2.3424	3.2869	922.48	-0.021062	3.0468e-05	0.10551	supercritical
457.69	746.00	225.81	0.0044285	872.82	1203.2	3.9908	2.3456	3.2889	922.06	-0.021033	3.0439e-05	0.10555	supercritical
458.69	746.00	225.39	0.0044367	875.50	1206.5	3.9980	2.3489	3.2909	921.64	-0.021004	3.0410e-05	0.10560	supercritical
459.69	746.00	224.98	0.0044448	878.18	1209.8	4.0051	2.3522	3.2929	921.23	-0.020976	3.0381e-05	0.10565	supercritical
460.69	746.00	224.57	0.0044530	880.87	1213.1	4.0123	2.3554	3.2949	920.82	-0.020948	3.0353e-05	0.10570	supercritical
461.69	746.00	224.16	0.0044612	883.55	1216.4	4.0194	2.3587	3.2969	920.42	-0.020921	3.0325e-05	0.10575	supercritical
462.69	746.00	223.75	0.0044693	886.24	1219.7	4.0266	2.3620	3.2989	920.03	-0.020895	3.0298e-05	0.10580	supercritical
463.69	746.00	223.34	0.0044775	888.93	1223.0	4.0337	2.3653	3.3010	919.64	-0.020868	3.0271e-05	0.10585	supercritical
464.69	746.00	222.93	0.0044857	891.62	1226.3	4.0408	2.3685	3.3030	919.26	-0.020843	3.0244e-05	0.10591	supercritical
465.69	746.00	222.53	0.0044939	894.32	1229.6	4.0479	2.3718	3.3050	918.88	-0.020818	3.0218e-05	0.10596	supercritical
466.69	746.00	222.12	0.0045020	897.01	1232.9	4.0550	2.3751	3.3071	918.51	-0.020793	3.0192e-05	0.10602	supercritical
467.69	746.00	221.72	0.0045102	899.71	1236.2	4.0621	2.3784	3.3091	918.14	-0.020769	3.0166e-05	0.10607	supercritical
468.69	746.00	221.32	0.0045184	902.41	1239.5	4.0692	2.3817	3.3112	917.77	-0.020745	3.0140e-05	0.10613	supercritical
469.69	746.00	220.92	0.0045266	905.12	1242.8	4.0762	2.3850	3.3133	917.42	-0.020722	3.0115e-05	0.10619	supercritical
470.69	746.00	220.52	0.0045347	907.82	1246.1	4.0833	2.3883	3.3153	917.06	-0.020699	3.0090e-05	0.10625	supercritical
471.69	746.00	220.12	0.0045429	910.53	1249.4	4.0903	2.3916	3.3174	916.72	-0.020676	3.0065e-05	0.10631	supercritical
472.69	746.00	219.73	0.0045511	913.24	1252.7	4.0973	2.3949	3.3195	916.37	-0.020654	3.0041e-05	0.10637	supercritical
473.69	746.00	219.33	0.0045593	915.95	1256.1	4.1043	2.3982	3.3216	916.03	-0.020633	3.0017e-05	0.10643	supercritical
474.69	746.00	218.94	0.0045674	918.66	1259.4	4.1114	2.4015	3.3237	915.70	-0.020612	2.9994e-05	0.10649	supercritical
475.69	746.00	218.55	0.0045756	921.37	1262.7	4.1184	2.4049	3.3258	915.37	-0.020591	2.9970e-05	0.10656	supercritical
476.69	746.00	218.16	0.0045838	924.09	1266.0	4.1253	2.4082	3.3279	915.05	-0.020571	2.9947e-05	0.10662	supercritical
477.69	746.00	217.77	0.0045920	926.81	1269.4	4.1323	2.4115	3.3301	914.73	-0.020551	2.9924e-05	0.10669	supercritical
478.69	746.00	217.38	0.0046002	929.53	1272.7	4.1393	2.4148	3.3322	914.42	-0.020532	2.9902e-05	0.10675	supercritical
479.69	746.00	217.00	0.0046083	932.25	1276.0	4.1462	2.4182	3.3343	914.11	-0.020513	2.9880e-05	0.10682	supercritical
480.69	746.00	216.61	0.0046165	934.98	1279.4	4.1532	2.4215	3.3365	913.80	-0.020495	2.9858e-05	0.10689	supercritical
481.69	746.00	216.23	0.0046247	937.70	1282.7	4.1601	2.4248	3.3386	913.50	-0.020477	2.9836e-05	0.10696	supercritical
482.69	746.00	215.85	0.0046329	940.43	1286.0	4.1670	2.4282	3.3408	913.21	-0.020459	2.9815e-05	0.10703	supercritical
483.69	746.00	215.47	0.0046411	943.16	1289.4	4.1740	2.4315	3.3429	912.92	-0.020442	2.9793e-05	0.10710	supercritical
484.69	746.00	215.09	0.0046492	945.90	1292.7	4.1809	2.4349	3.3451	912.63	-0.020425	2.9773e-05	0.10717	supercritical
485.69	746.00	214.71	0.0046574	948.63	1296.1	4.1878	2.4382	3.3472	912.35	-0.020409	2.9752e-05	0.10725	supercritical
486.69	746.00	214.33	0.0046656	951.37	1299.4	4.1947	2.4416	3.3494	912.07	-0.020393	2.9732e-05	0.10732	supercritical
487.69	746.00	213.96	0.0046738	954.11	1302.8	4.2015	2.4449	3.3516	911.80	-0.020377	2.9712e-05	0.10739	supercritical
488.69	746.00	213.58	0.0046820	956.85	1306.1	4.2084	2.4483	3.3538	911.53	-0.020362	2.9692e-05	0.10747	supercritical
489.69	746.00	213.21	0.0046902	959.60	1309.5	4.2153	2.4516	3.3560	911.26	-0.020347	2.9672e-05	0.10755	supercritical
490.69	746.00	212.84	0.0046983	962.35	1312.8	4.2221	2.4550	3.3582	911.00	-0.020333	2.9653e-05	0.10762	supercritical
491.69	746.00	212.47	0.0047065	965.09	1316.2	4.2289	2.4584	3.3604	910.74	-0.020318	2.9634e-05	0.10770	supercritical
492.69	746.00	212.10	0.0047147	967.85	1319.6	4.2358	2.4617	3.3626	910.49	-0.020305	2.9615e-05	0.10778	supercritical
493.69	746.00	211.73	0.0047229	970.60	1322.9	4.2426	2.4651	3.3648	910.24	-0.020291	2.9597e-05	0.10786	supercritical
494.69	746.00	211.37	0.0047311	973.35	1326.3	4.2494	2.4685	3.3670	910.00	-0.020278	2.9579e-05	0.10794	supercritical
495.69	746.00	211.00	0.0047393	976.11	1329.7	4.2562	2.4718	3.3693	909.76	-0.020266	2.9561e-05	0.10802	supercritical
496.69	746.00	210.64	0.0047474	978.87	1333.0	4.2630	2.4752	3.3715	909.53	-0.020254	2.9543e-05	0.10810	supercritical
497.69	746.00	210.28	0.0047556	981.63	1336.4	4.2698	2.4786	3.3737	909.29	-0.020242	2.9526e-05	0.10818	supercritical
498.69	746.00	209.92	0.0047638	984.40	1339.8	4.2766	2.4820	3.3760	909.07	-0.020230	2.9508e-05	0.10827	supercritical
499.69	746.00	209.56	0.0047720	987.16	1343.2	4.2833	2.4854	3.3782	908.84	-0.020219	2.9491e-05	0.10835	supercritical
500.69	746.00	209.20	0.0047802	989.93	1346.5	4.2901	2.4887	3.3805	908.62	-0.020208	2.9475e-05	0.10844	supercritical
501.69	746.00	208.84	0.0047884	992.70	1349.9	4.2968	2.4921	3.3828	908.41	-0.020197	2.9458e-05	0.10852	supercritical
502.69	746.00	208.48	0.0047965	995.48	1353.3	4.3036	2.4955	3.3850	908.19	-0.020187	2.9442e-05	0.10861	supercritical
503.69	746.00	208.13	0.0048047	998.25	1356.7	4.3103	2.4989	3.3873	907.99	-0.020177	2.9426e-05	0.10870	supercritical
504.69	746.00	207.77	0.0048129	1001.0	1360.1	4.3170	2.5023	3.3896	907.78	-0.020168	2.9410e-05	0.10879	supercritical
505.69	746.00	207.42	0.0048211	1003.8	1363.5	4.3237	2.5057	3.3919	907.58	-0.020158	2.9394e-05	0.10887	supercritical
506.69	746.00	207.07	0.0048293	1006.6	1366.9	4.3304	2.5091	3.3942	907.38	-0.020149	2.9379e-05	0.10896	supercritical
507.69	746.00	206.72	0.0048375	1009.4	1370.3	4.3371	2.5125	3.3964	907.19	-0.020141	2.9364e-05	0.10905	supercritical
508.69	746.00	206.37	0.0048456	1012.2	1373.7	4.3438	2.5159	3.3987	907.00	-0.020132	2.9349e-05	0.10915	supercritical
509.69	746.00	206.02	0.0048538	1015.0	1377.1	4.3505	2.5193	3.4011	906.82	-0.020124	2.9334e-05	0.10924	supercritical
510.69	746.00	205.68	0.0048620	1017.7	1380.5	4.3572	2.5227	3.4034	906.63	-0.020117	2.9320e-05	0.10933	supercritical
511.69	746.00	205.33	0.0048702	1020.5	1383.9	4.3638	2.5261	3.4057	906.46	-0.020109	2.9305e-05	0.10942	supercritical
512.69	746.00	204.99	0.0048784	1023.3	1387.3	4.3705	2.5295	3.4080	906.28	-0.020102	2.9291e-05	0.10952	supercritical
513.69	746.00	204.64	0.0048865	1026.1	1390.7	4.3771	2.5329	3.4103	906.11	-0.020095	2.9277e-05	0.10961	supercritical
514.69	746.00	204.30	0.0048947	1028.9	1394.1	4.3837	2.5363	3.4127	905.94	-0.020089	2.9264e-05	0.10971	supercritical
515.69	746.00	203.96	0.0049029	1031.7	1397.5	4.3904	2.5397	3.4150	905.78	-0.020083	2.9250e-05	0.10980	supercritical
516.69	746.00	203.62	0.0049111	1034.6	1400.9	4.3970	2.5431	3.4173	905.61	-0.020077	2.9237e-05	0.10990	supercritical
517.69	746.00	203.28	0.0049192	1037.4	1404.3	4.4036	2.5465	3.4197	905.46	-0.020071	2.9224e-05	0.11000	supercritical
518.69	746.00	202.95	0.0049274	1040.2	1407.8	4.4102	2.5499	3.4220	905.30	-0.020066	2.9211e-05	0.11010	supercritical
519.69	746.00	202.61	0.0049356	1043.0	1411.2	4.4168	2.5533	3.4244	905.15	-0.020060	2.9199e-05	0.11020	supercritical
520.69	746.00	202.27	0.0049438	1045.8	1414.6	4.4234	2.5567	3.4267	905.00	-0.020056	2.9186e-05	0.11030	supercritical
521.69	746.00	201.94	0.0049519	1048.6	1418.0	4.4300	2.5602	3.4291	904.86	-0.020051	2.9174e-05	0.11040	supercritical
522.69	746.00	201.61	0.0049601	1051.4	1421.5	4.4365	2.5636	3.4315	904.72	-0.020047	2.9162e-05	0.11050	supercritical
523.69	746.00	201.28	0.0049683	1054.3	1424.9	4.4431	2.5670	3.4338	904.58	-0.020043	2.9150e-05	0.11060	supercritical
524.69	746.00	200.95	0.0049765	1057.1	1428.3	4.4496	2.5704	3.4362	904.44	-0.020039	2.9139e-05	0.11070	supercritical
525.69	746.00	200.62	0.0049846	1059.9	1431.8	4.4562	2.5738	3.4386	904.31	-0.020035	2.9127e-05	0.11080	supercritical
526.69	746.00	200.29	0.0049928	1062.7	1435.2	4.4627	2.5772	3.4410	904.18	-0.020032	2.9116e-05	0.11091	supercritical
527.69	746.00	199.96	0.0050010	1065.6	1438.6	4.4692	2.5807	3.4434	904.06	-0.020029	2.9105e-05	0.11101	supercritical
528.69	746.00	199.63	0.0050091	1068.4	1442.1	4.4758	2.5841	3.4458	903.94	-0.020026	2.9094e-05	0.11112	supercritical
529.69	746.00	199.31	0.0050173	1071.2	1445.5	4.4823	2.5875	3.4482	903.82	-0.020023	2.9084e-05	0.11122	supercritical
530.69	746.00	198.99	0.0050255	1074.1	1449.0	4.4888	2.5909	3.4506	903.70	-0.020021	2.9073e-05	0.11133	supercritical
531.69	746.00	198.66	0.0050336	1076.9	1452.4	4.4953	2.5943	3.4530	903.59	-0.020019	2.9063e-05	0.11143	supercritical
532.69	746.00	198.34	0.0050418	1079.8	1455.9	4.5018	2.5978	3.4554	903.48	-0.020017	2.9053e-05	0.11154	supercritical
533.69	746.00	198.02	0.0050500	1082.6	1459.4	4.5083	2.6012	3.4578	903.37	-0.020015	2.9043e-05	0.11165	supercritical
534.69	746.00	197.70	0.0050581	1085.5	1462.8	4.5147	2.6046	3.4602	903.27	-0.020014	2.9033e-05	0.11176	supercritical
535.69	746.00	197.38	0.0050663	1088.3	1466.3	4.5212	2.6080	3.4627	903.16	-0.020013	2.9023e-05	0.11187	supercritical
536.69	746.00	197.06	0.0050745	1091.2	1469.7	4.5277	2.6115	3.4651	903.07	-0.020012	2.9014e-05	0.11198	supercritical
537.69	746.00	196.75	0.0050826	1094.0	1473.2	4.5341	2.6149	3.4675	902.97	-0.020011	2.9005e-05	0.11209	supercritical
538.69	746.00	196.43	0.0050908	1096.9	1476.7	4.5406	2.6183	3.4700	902.88	-0.020010	2.8996e-05	0.11220	supercritical
539.69	746.00	196.12	0.0050990	1099.8	1480.1	4.5470	2.6218	3.4724	902.79	-0.020010	2.8987e-05	0.11231	supercritical
540.69	746.00	195.81	0.0051071	1102.6	1483.6	4.5534	2.6252	3.4748	902.70	-0.020010	2.8978e-05	0.11242	supercritical
541.69	746.00	195.49	0.0051153	1105.5	1487.1	4.5598	2.6286	3.4773	902.62	-0.020010	2.8970e-05	0.11254	supercritical
542.69	746.00	195.18	0.0051234	1108.4	1490.6	4.5663	2.6320	3.4797	902.54	-0.020010	2.8961e-05	0.11265	supercritical
543.69	746.00	194.87	0.0051316	1111.2	1494.1	4.5727	2.6355	3.4822	902.46	-0.020011	2.8953e-05	0.11276	supercritical
544.69	746.00	194.56	0.0051397	1114.1	1497.5	4.5791	2.6389	3.4847	902.38	-0.020011	2.8945e-05	0.11288	supercritical
545.69	746.00	194.25	0.0051479	1117.0	1501.0	4.5855	2.6423	3.4871	902.31	-0.020012	2.8937e-05	0.11299	supercritical
546.69	746.00	193.95	0.0051561	1119.9	1504.5	4.5919	2.6458	3.4896	902.24	-0.020013	2.8930e-05	0.11311	supercritical
547.69	746.00	193.64	0.0051642	1122.8	1508.0	4.5982	2.6492	3.4921	902.17	-0.020014	2.8922e-05	0.11323	supercritical
548.69	746.00	193.34	0.0051724	1125.6	1511.5	4.6046	2.6526	3.4945	902.10	-0.020016	2.8915e-05	0.11334	supercritical
549.69	746.00	193.03	0.0051805	1128.5	1515.0	4.6110	2.6561	3.4970	902.04	-0.020018	2.8907e-05	0.11346	supercritical
550.69	746.00	192.73	0.0051887	1131.4	1518.5	4.6173	2.6595	3.4995	901.98	-0.020019	2.8900e-05	0.11358	supercritical
551.69	746.00	192.43	0.0051968	1134.3	1522.0	4.6237	2.6629	3.5020	901.92	-0.020021	2.8893e-05	0.11370	supercritical
552.69	746.00	192.12	0.0052050	1137.2	1525.5	4.6300	2.6664	3.5045	901.87	-0.020023	2.8887e-05	0.11382	supercritical
553.69	746.00	191.82	0.0052131	1140.1	1529.0	4.6364	2.6698	3.5070	901.82	-0.020026	2.8880e-05	0.11394	supercritical
554.69	746.00	191.52	0.0052213	1143.0	1532.5	4.6427	2.6732	3.5095	901.77	-0.020028	2.8874e-05	0.11406	supercritical
555.69	746.00	191.23	0.0052294	1145.9	1536.0	4.6490	2.6767	3.5120	901.72	-0.020031	2.8867e-05	0.11418	supercritical
556.69	746.00	190.93	0.0052375	1148.8	1539.5	4.6553	2.6801	3.5145	901.67	-0.020034	2.8861e-05	0.11430	supercritical
557.69	746.00	190.63	0.0052457	1151.7	1543.0	4.6616	2.6835	3.5170	901.63	-0.020037	2.8855e-05	0.11442	supercritical
558.69	746.00	190.34	0.0052538	1154.6	1546.6	4.6679	2.6870	3.5195	901.59	-0.020040	2.8849e-05	0.11455	supercritical
559.69	746.00	190.04	0.0052620	1157.5	1550.1	4.6742	2.6904	3.5220	901.55	-0.020043	2.8844e-05	0.11467	supercritical
560.69	746.00	189.75	0.0052701	1160.5	1553.6	4.6805	2.6938	3.5245	901.52	-0.020047	2.8838e-05	0.11479	supercritical
561.69	746.00	189.46	0.0052783	1163.4	1557.1	4.6868	2.6973	3.5271	901.48	-0.020050	2.8833e-05	0.11492	supercritical
562.69	746.00	189.17	0.0052864	1166.3	1560.7	4.6931	2.7007	3.5296	901.45	-0.020054	2.8827e-05	0.11504	supercritical
563.69	746.00	188.87	0.0052945	1169.2	1564.2	4.6994	2.7041	3.5321	901.42	-0.020058	2.8822e-05	0.11517	supercritical
564.69	746.00	188.58	0.0053027	1172.1	1567.7	4.7056	2.7075	3.5346	901.40	-0.020062	2.8817e-05	0.11529	supercritical
565.69	746.00	188.30	0.0053108	1175.1	1571.3	4.7119	2.7110	3.5372	901.37	-0.020066	2.8812e-05	0.11542	supercritical
566.69	746.00	188.01	0.0053189	1178.0	1574.8	4.7181	2.7144	3.5397	901.35	-0.020071	2.8808e-05	0.11554	supercritical
567.69	746.00	187.72	0.0053271	1180.9	1578.3	4.7244	2.7178	3.5423	901.33	-0.020075	2.8803e-05	0.11567	supercritical
568.69	746.00	187.43	0.0053352	1183.9	1581.9	4.7306	2.7213	3.5448	901.32	-0.020080	2.8798e-05	0.11580	supercritical
569.69	746.00	187.15	0.0053433	1186.8	1585.4	4.7368	2.7247	3.5474	901.30	-0.020085	2.8794e-05	0.11593	supercritical
570.69	746.00	186.87	0.0053514	1189.8	1589.0	4.7431	2.7281	3.5499	901.29	-0.020090	2.8790e-05	0.11606	supercritical
571.69	746.00	186.58	0.0053596	1192.7	1592.5	4.7493	2.7316	3.5525	901.28	-0.020095	2.8786e-05	0.11619	supercritical
572.69	746.00	186.30	0.0053677	1195.7	1596.1	4.7555	2.7350	3.5550	901.27	-0.020100	2.8782e-05	0.11632	supercritical
573.69	746.00	186.02	0.0053758	1198.6	1599.6	4.7617	2.7384	3.5576	901.26	-0.020105	2.8778e-05	0.11645	supercritical
574.69	746.00	185.74	0.0053839	1201.6	1603.2	4.7679	2.7419	3.5601	901.26	-0.020111	2.8775e-05	0.11658	supercritical
575.69	746.00	185.46	0.0053921	1204.5	1606.8	4.7741	2.7453	3.5627	901.26	-0.020116	2.8771e-05	0.11671	supercritical
576.69	746.00	185.18	0.0054002	1207.5	1610.3	4.7803	2.7487	3.5653	901.26	-0.020122	2.8768e-05	0.11684	supercritical
577.69	746.00	184.90	0.0054083	1210.4	1613.9	4.7864	2.7521	3.5678	901.26	-0.020128	2.8764e-05	0.11697	supercritical
578.69	746.00	184.62	0.0054164	1213.4	1617.5	4.7926	2.7556	3.5704	901.26	-0.020134	2.8761e-05	0.11710	supercritical
579.69	746.00	184.35	0.0054245	1216.4	1621.0	4.7988	2.7590	3.5730	901.27	-0.020140	2.8758e-05	0.11724	supercritical
580.69	746.00	184.07	0.0054327	1219.3	1624.6	4.8049	2.7624	3.5756	901.28	-0.020146	2.8755e-05	0.11737	supercritical
581.69	746.00	183.80	0.0054408	1222.3	1628.2	4.8111	2.7659	3.5782	901.29	-0.020152	2.8753e-05	0.11751	supercritical
582.69	746.00	183.52	0.0054489	1225.3	1631.8	4.8172	2.7693	3.5807	901.30	-0.020159	2.8750e-05	0.11764	supercritical
583.69	746.00	183.25	0.0054570	1228.3	1635.3	4.8234	2.7727	3.5833	901.32	-0.020165	2.8747e-05	0.11778	supercritical
584.69	746.00	182.98	0.0054651	1231.2	1638.9	4.8295	2.7761	3.5859	901.33	-0.020172	2.8745e-05	0.11791	supercritical
585.69	746.00	182.71	0.0054732	1234.2	1642.5	4.8357	2.7796	3.5885	901.35	-0.020179	2.8743e-05	0.11805	supercritical
586.69	746.00	182.44	0.0054813	1237.2	1646.1	4.8418	2.7830	3.5911	901.37	-0.020185	2.8741e-05	0.11818	supercritical
587.69	746.00	182.17	0.0054894	1240.2	1649.7	4.8479	2.7864	3.5937	901.39	-0.020192	2.8738e-05	0.11832	supercritical
588.69	746.00	181.90	0.0054975	1243.2	1653.3	4.8540	2.7898	3.5963	901.42	-0.020199	2.8737e-05	0.11846	supercritical
589.69	746.00	181.63	0.0055056	1246.2	1656.9	4.8601	2.7933	3.5989	901.44	-0.020207	2.8735e-05	0.11860	supercritical
590.69	746.00	181.36	0.0055137	1249.2	1660.5	4.8662	2.7967	3.6015	901.47	-0.020214	2.8733e-05	0.11873	supercritical
591.69	746.00	181.10	0.0055218	1252.2	1664.1	4.8723	2.8001	3.6041	901.50	-0.020221	2.8731e-05	0.11887	supercritical
592.69	746.00	180.83	0.0055299	1255.2	1667.7	4.8784	2.8035	3.6067	901.53	-0.020229	2.8730e-05	0.11901	supercritical
593.69	746.00	180.57	0.0055380	1258.2	1671.3	4.8845	2.8069	3.6093	901.56	-0.020236	2.8729e-05	0.11915	supercritical
594.69	746.00	180.31	0.0055461	1261.2	1674.9	4.8906	2.8104	3.6119	901.60	-0.020244	2.8727e-05	0.11929	supercritical
595.69	746.00	180.04	0.0055542	1264.2	1678.5	4.8966	2.8138	3.6146	901.63	-0.020251	2.8726e-05	0.11943	supercritical
596.69	746.00	179.78	0.0055623	1267.2	1682.1	4.9027	2.8172	3.6172	901.67	-0.020259	2.8725e-05	0.11957	supercritical
597.69	746.00	179.52	0.0055704	1270.2	1685.8	4.9088	2.8206	3.6198	901.71	-0.020267	2.8724e-05	0.11971	supercritical
598.69	746.00	179.26	0.0055785	1273.2	1689.4	4.9148	2.8240	3.6224	901.75	-0.020275	2.8723e-05	0.11985	supercritical
599.69	746.00	179.00	0.0055866	1276.3	1693.0	4.9209	2.8274	3.6251	901.80	-0.020283	2.8723e-05	0.12000	supercritical
600.69	746.00	178.74	0.0055947	1279.3	1696.6	4.9269	2.8309	3.6277	901.84	-0.020291	2.8722e-05	0.12014	supercritical
601.69	746.00	178.48	0.0056028	1282.3	1700.3	4.9329	2.8343	3.6303	901.89	-0.020300	2.8721e-05	0.12028	supercritical
602.69	746.00	178.23	0.0056109	1285.3	1703.9	4.9390	2.8377	3.6329	901.94	-0.020308	2.8721e-05	0.12043	supercritical
603.69	746.00	177.97	0.0056190	1288.4	1707.5	4.9450	2.8411	3.6356	901.99	-0.020316	2.8721e-05	0.12057	supercritical
604.69	746.00	177.71	0.0056270	1291.4	1711.2	4.9510	2.8445	3.6382	902.04	-0.020325	2.8721e-05	0.12071	supercritical
605.69	746.00	177.46	0.0056351	1294.4	1714.8	4.9570	2.8479	3.6408	902.09	-0.020333	2.8720e-05	0.12086	supercritical
606.69	746.00	177.20	0.0056432	1297.5	1718.5	4.9630	2.8513	3.6435	902.15	-0.020342	2.8720e-05	0.12100	supercritical
607.69	746.00	176.95	0.0056513	1300.5	1722.1	4.9690	2.8547	3.6461	902.21	-0.020351	2.8721e-05	0.12115	supercritical
608.69	746.00	176.70	0.0056594	1303.6	1725.7	4.9750	2.8581	3.6488	902.26	-0.020359	2.8721e-05	0.12129	supercritical
609.69	746.00	176.45	0.0056674	1306.6	1729.4	4.9810	2.8615	3.6514	902.33	-0.020368	2.8721e-05	0.12144	supercritical
610.69	746.00	176.20	0.0056755	1309.7	1733.0	4.9870	2.8649	3.6541	902.39	-0.020377	2.8721e-05	0.12159	supercritical
611.69	746.00	175.95	0.0056836	1312.7	1736.7	4.9930	2.8683	3.6567	902.45	-0.020386	2.8722e-05	0.12173	supercritical
612.69	746.00	175.70	0.0056917	1315.8	1740.4	4.9990	2.8718	3.6594	902.51	-0.020395	2.8723e-05	0.12188	supercritical
613.69	746.00	175.45	0.0056997	1318.8	1744.0	5.0049	2.8752	3.6620	902.58	-0.020404	2.8723e-05	0.12203	supercritical
614.69	746.00	175.20	0.0057078	1321.9	1747.7	5.0109	2.8786	3.6647	902.65	-0.020414	2.8724e-05	0.12218	supercritical
615.69	746.00	174.95	0.0057159	1324.9	1751.4	5.0169	2.8820	3.6673	902.72	-0.020423	2.8725e-05	0.12233	supercritical
616.69	746.00	174.71	0.0057239	1328.0	1755.0	5.0228	2.8854	3.6700	902.79	-0.020432	2.8726e-05	0.12248	supercritical
617.69	746.00	174.46	0.0057320	1331.1	1758.7	5.0288	2.8887	3.6727	902.86	-0.020441	2.8727e-05	0.12262	supercritical
618.69	746.00	174.21	0.0057401	1334.2	1762.4	5.0347	2.8921	3.6753	902.94	-0.020451	2.8728e-05	0.12277	supercritical
619.69	746.00	173.97	0.0057481	1337.2	1766.0	5.0406	2.8955	3.6780	903.01	-0.020460	2.8729e-05	0.12292	supercritical
620.69	746.00	173.73	0.0057562	1340.3	1769.7	5.0466	2.8989	3.6806	903.09	-0.020470	2.8731e-05	0.12307	supercritical
621.69	746.00	173.48	0.0057642	1343.4	1773.4	5.0525	2.9023	3.6833	903.17	-0.020479	2.8732e-05	0.12323	supercritical
622.69	746.00	173.24	0.0057723	1346.5	1777.1	5.0584	2.9057	3.6860	903.25	-0.020489	2.8734e-05	0.12338	supercritical
623.69	746.00	173.00	0.0057804	1349.6	1780.8	5.0643	2.9091	3.6887	903.33	-0.020499	2.8735e-05	0.12353	supercritical
624.69	746.00	172.76	0.0057884	1352.6	1784.5	5.0703	2.9125	3.6913	903.41	-0.020509	2.8737e-05	0.12368	supercritical