Temperature (K)	Pressure (bar)	Density (kg/m3)	Volume (m3/kg)	Internal Energy (kJ/kg)	Enthalpy (kJ/kg)	Entropy (J/g*K)	Cv (J/g*K)	Cp (J/g*K)	Sound Spd. (m/s)	Joule-Thomson (K/bar)	Viscosity (Pa*s)	Therm. Cond. (W/m*K)	Phase
90.694	161.00	461.18	0.0021684	-80.296	-45.386	-0.80711	2.2050	3.2975	1639.0	-0.050314	0.00025477	0.22470	liquid
95.694	161.00	455.18	0.0021969	-64.253	-28.882	-0.62998	2.1756	3.3047	1600.4	-0.049650	0.00021447	0.21931	liquid
96.694	161.00	453.98	0.0022028	-61.041	-25.576	-0.59562	2.1701	3.3066	1592.6	-0.049500	0.00020791	0.21819	liquid
97.694	161.00	452.77	0.0022086	-57.828	-22.269	-0.56159	2.1648	3.3086	1584.7	-0.049345	0.00020173	0.21705	liquid
98.694	161.00	451.56	0.0022146	-54.613	-18.959	-0.52788	2.1596	3.3108	1576.8	-0.049186	0.00019591	0.21590	liquid
99.694	161.00	450.35	0.0022205	-51.397	-15.647	-0.49449	2.1545	3.3130	1568.9	-0.049021	0.00019041	0.21474	liquid
100.69	161.00	449.13	0.0022265	-48.180	-12.333	-0.46141	2.1495	3.3153	1560.9	-0.048852	0.00018521	0.21357	liquid
101.69	161.00	447.91	0.0022326	-44.961	-9.0165	-0.42864	2.1445	3.3177	1553.0	-0.048678	0.00018027	0.21239	liquid
102.69	161.00	446.69	0.0022387	-41.740	-5.6976	-0.39616	2.1397	3.3201	1545.0	-0.048499	0.00017559	0.21120	liquid
103.69	161.00	445.47	0.0022448	-38.518	-2.3763	-0.36398	2.1348	3.3226	1537.0	-0.048315	0.00017113	0.21000	liquid
104.69	161.00	444.25	0.0022510	-35.293	0.94763	-0.33208	2.1301	3.3252	1528.9	-0.048127	0.00016689	0.20879	liquid
105.69	161.00	443.02	0.0022572	-32.067	4.2741	-0.30045	2.1254	3.3278	1520.9	-0.047934	0.00016283	0.20758	liquid
106.69	161.00	441.79	0.0022635	-28.840	7.6033	-0.26910	2.1207	3.3305	1512.8	-0.047737	0.00015896	0.20636	liquid
107.69	161.00	440.55	0.0022699	-25.610	10.935	-0.23802	2.1161	3.3332	1504.7	-0.047534	0.00015526	0.20513	liquid
108.69	161.00	439.32	0.0022763	-22.378	14.270	-0.20720	2.1115	3.3360	1496.7	-0.047327	0.00015171	0.20390	liquid
109.69	161.00	438.08	0.0022827	-19.144	17.607	-0.17664	2.1070	3.3388	1488.6	-0.047115	0.00014831	0.20266	liquid
110.69	161.00	436.83	0.0022892	-15.909	20.947	-0.14632	2.1025	3.3417	1480.4	-0.046897	0.00014504	0.20142	liquid
111.69	161.00	435.59	0.0022957	-12.671	24.291	-0.11626	2.0980	3.3446	1472.3	-0.046675	0.00014190	0.20018	liquid
112.69	161.00	434.34	0.0023024	-9.4311	27.637	-0.086433	2.0936	3.3476	1464.2	-0.046447	0.00013887	0.19893	liquid
113.69	161.00	433.09	0.0023090	-6.1892	30.986	-0.056845	2.0892	3.3506	1456.1	-0.046214	0.00013596	0.19767	liquid
114.69	161.00	431.83	0.0023157	-2.9452	34.338	-0.027490	2.0849	3.3537	1447.9	-0.045976	0.00013315	0.19642	liquid
115.69	161.00	430.57	0.0023225	0.30096	37.693	0.0016370	2.0805	3.3568	1439.7	-0.045731	0.00013044	0.19516	liquid
116.69	161.00	429.31	0.0023293	3.5493	41.052	0.030541	2.0762	3.3600	1431.6	-0.045481	0.00012782	0.19390	liquid
117.69	161.00	428.04	0.0023362	6.7999	44.413	0.059225	2.0720	3.3632	1423.4	-0.045225	0.00012529	0.19264	liquid
118.69	161.00	426.77	0.0023432	10.053	47.778	0.087694	2.0677	3.3665	1415.2	-0.044964	0.00012284	0.19137	liquid
119.69	161.00	425.49	0.0023502	13.308	51.146	0.11595	2.0635	3.3699	1407.0	-0.044695	0.00012048	0.19011	liquid
120.69	161.00	424.21	0.0023573	16.565	54.518	0.14400	2.0594	3.3733	1398.8	-0.044421	0.00011818	0.18884	liquid
121.69	161.00	422.93	0.0023644	19.825	57.893	0.17185	2.0552	3.3767	1390.6	-0.044140	0.00011596	0.18757	liquid
122.69	161.00	421.64	0.0023717	23.088	61.271	0.19950	2.0511	3.3803	1382.4	-0.043852	0.00011380	0.18631	liquid
123.69	161.00	420.35	0.0023789	26.352	64.654	0.22695	2.0471	3.3838	1374.2	-0.043557	0.00011170	0.18504	liquid
124.69	161.00	419.06	0.0023863	29.620	68.039	0.25421	2.0430	3.3875	1366.0	-0.043255	0.00010967	0.18378	liquid
125.69	161.00	417.76	0.0023937	32.890	71.429	0.28129	2.0390	3.3912	1357.8	-0.042946	0.00010770	0.18251	liquid
126.69	161.00	416.46	0.0024012	36.162	74.822	0.30818	2.0350	3.3950	1349.6	-0.042629	0.00010578	0.18125	liquid
127.69	161.00	415.15	0.0024088	39.437	78.219	0.33488	2.0311	3.3989	1341.3	-0.042305	0.00010391	0.17998	liquid
128.69	161.00	413.84	0.0024164	42.715	81.620	0.36141	2.0272	3.4029	1333.1	-0.041972	0.00010209	0.17872	liquid
129.69	161.00	412.52	0.0024241	45.996	85.024	0.38777	2.0233	3.4069	1324.9	-0.041632	0.00010032	0.17746	liquid
130.69	161.00	411.20	0.0024319	49.279	88.433	0.41395	2.0194	3.4110	1316.6	-0.041283	9.8603e-05	0.17620	liquid
131.69	161.00	409.87	0.0024398	52.566	91.846	0.43997	2.0156	3.4152	1308.4	-0.040926	9.6927e-05	0.17494	liquid
132.69	161.00	408.54	0.0024478	55.855	95.264	0.46582	2.0118	3.4195	1300.1	-0.040560	9.5293e-05	0.17369	liquid
133.69	161.00	407.20	0.0024558	59.147	98.685	0.49151	2.0081	3.4239	1291.9	-0.040184	9.3700e-05	0.17243	liquid
134.69	161.00	405.86	0.0024639	62.443	102.11	0.51704	2.0043	3.4284	1283.6	-0.039800	9.2147e-05	0.17118	liquid
135.69	161.00	404.51	0.0024721	65.741	105.54	0.54241	2.0007	3.4329	1275.4	-0.039406	9.0632e-05	0.16993	liquid
136.69	161.00	403.16	0.0024804	69.043	108.98	0.56764	1.9970	3.4376	1267.1	-0.039002	8.9153e-05	0.16869	liquid
137.69	161.00	401.80	0.0024888	72.348	112.42	0.59271	1.9934	3.4424	1258.9	-0.038588	8.7710e-05	0.16744	liquid
138.69	161.00	400.44	0.0024973	75.656	115.86	0.61764	1.9898	3.4473	1250.6	-0.038163	8.6301e-05	0.16620	liquid
139.69	161.00	399.07	0.0025058	78.968	119.31	0.64242	1.9863	3.4523	1242.3	-0.037728	8.4925e-05	0.16497	liquid
140.69	161.00	397.69	0.0025145	82.283	122.77	0.66707	1.9828	3.4574	1234.1	-0.037282	8.3581e-05	0.16373	liquid
141.69	161.00	396.31	0.0025233	85.602	126.23	0.69157	1.9793	3.4626	1225.8	-0.036825	8.2267e-05	0.16250	liquid
142.69	161.00	394.93	0.0025321	88.925	129.69	0.71594	1.9759	3.4679	1217.5	-0.036356	8.0983e-05	0.16127	liquid
143.69	161.00	393.53	0.0025411	92.251	133.16	0.74018	1.9725	3.4734	1209.3	-0.035875	7.9728e-05	0.16005	liquid
144.69	161.00	392.14	0.0025501	95.582	136.64	0.76429	1.9691	3.4790	1201.0	-0.035382	7.8501e-05	0.15883	liquid
145.69	161.00	390.73	0.0025593	98.916	140.12	0.78827	1.9658	3.4847	1192.7	-0.034877	7.7300e-05	0.15761	liquid
146.69	161.00	389.32	0.0025686	102.25	143.61	0.81212	1.9625	3.4905	1184.4	-0.034358	7.6125e-05	0.15640	liquid
147.69	161.00	387.90	0.0025780	105.60	147.10	0.83586	1.9593	3.4965	1176.2	-0.033827	7.4976e-05	0.15519	liquid
148.69	161.00	386.48	0.0025875	108.94	150.60	0.85947	1.9561	3.5027	1167.9	-0.033281	7.3851e-05	0.15399	liquid
149.69	161.00	385.04	0.0025971	112.29	154.11	0.88297	1.9529	3.5089	1159.6	-0.032722	7.2750e-05	0.15278	liquid
150.69	161.00	383.61	0.0026068	115.65	157.62	0.90635	1.9498	3.5153	1151.3	-0.032148	7.1671e-05	0.15159	liquid
151.69	161.00	382.16	0.0026167	119.01	161.14	0.92963	1.9467	3.5219	1143.0	-0.031560	7.0615e-05	0.15039	liquid
152.69	161.00	380.71	0.0026267	122.37	164.66	0.95279	1.9436	3.5286	1134.8	-0.030956	6.9580e-05	0.14921	liquid
153.69	161.00	379.25	0.0026368	125.74	168.20	0.97584	1.9406	3.5355	1126.5	-0.030337	6.8567e-05	0.14802	liquid
154.69	161.00	377.78	0.0026470	129.12	171.73	0.99880	1.9376	3.5425	1118.2	-0.029701	6.7573e-05	0.14684	liquid
155.69	161.00	376.30	0.0026574	132.50	175.28	1.0216	1.9347	3.5497	1109.9	-0.029049	6.6600e-05	0.14567	liquid
156.69	161.00	374.82	0.0026679	135.88	178.83	1.0444	1.9318	3.5571	1101.6	-0.028380	6.5645e-05	0.14450	liquid
157.69	161.00	373.33	0.0026786	139.27	182.39	1.0670	1.9290	3.5647	1093.3	-0.027693	6.4710e-05	0.14333	liquid
158.69	161.00	371.83	0.0026894	142.66	185.96	1.0896	1.9262	3.5724	1085.1	-0.026989	6.3792e-05	0.14217	liquid
159.69	161.00	370.32	0.0027003	146.06	189.54	1.1121	1.9234	3.5803	1076.8	-0.026265	6.2892e-05	0.14101	liquid
160.69	161.00	368.81	0.0027114	149.47	193.12	1.1344	1.9207	3.5884	1068.5	-0.025523	6.2009e-05	0.13986	liquid
161.69	161.00	367.28	0.0027227	152.88	196.72	1.1567	1.9181	3.5967	1060.2	-0.024761	6.1143e-05	0.13871	liquid
162.69	161.00	365.75	0.0027341	156.30	200.32	1.1789	1.9154	3.6052	1051.9	-0.023979	6.0293e-05	0.13757	liquid
163.69	161.00	364.21	0.0027457	159.72	203.93	1.2011	1.9128	3.6138	1043.7	-0.023176	5.9459e-05	0.13643	liquid
164.69	161.00	362.66	0.0027574	163.15	207.54	1.2231	1.9103	3.6227	1035.4	-0.022352	5.8640e-05	0.13530	liquid
165.69	161.00	361.10	0.0027693	166.59	211.17	1.2450	1.9078	3.6318	1027.1	-0.021506	5.7836e-05	0.13417	liquid
166.69	161.00	359.53	0.0027814	170.03	214.81	1.2669	1.9054	3.6411	1018.9	-0.020637	5.7046e-05	0.13305	liquid
167.69	161.00	357.95	0.0027937	173.48	218.45	1.2887	1.9029	3.6507	1010.6	-0.019746	5.6270e-05	0.13193	liquid
168.69	161.00	356.36	0.0028061	176.93	222.11	1.3105	1.9006	3.6604	1002.3	-0.018830	5.5509e-05	0.13082	liquid
169.69	161.00	354.76	0.0028188	180.39	225.78	1.3321	1.8983	3.6704	994.09	-0.017889	5.4760e-05	0.12971	liquid
170.69	161.00	353.15	0.0028316	183.86	229.45	1.3537	1.8960	3.6806	985.84	-0.016923	5.4025e-05	0.12861	liquid
171.69	161.00	351.54	0.0028447	187.34	233.14	1.3753	1.8938	3.6910	977.60	-0.015932	5.3302e-05	0.12751	liquid
172.69	161.00	349.91	0.0028579	190.82	236.83	1.3967	1.8916	3.7017	969.37	-0.014913	5.2592e-05	0.12642	liquid
173.69	161.00	348.27	0.0028714	194.31	240.54	1.4181	1.8895	3.7126	961.14	-0.013867	5.1894e-05	0.12534	liquid
174.69	161.00	346.62	0.0028850	197.81	244.26	1.4395	1.8874	3.7238	952.93	-0.012792	5.1207e-05	0.12426	liquid
175.69	161.00	344.95	0.0028989	201.31	247.99	1.4608	1.8854	3.7352	944.72	-0.011688	5.0532e-05	0.12319	liquid
176.69	161.00	343.28	0.0029131	204.83	251.73	1.4820	1.8834	3.7469	936.52	-0.010554	4.9868e-05	0.12212	liquid
177.69	161.00	341.59	0.0029274	208.35	255.48	1.5032	1.8814	3.7589	928.33	-0.0093897	4.9214e-05	0.12106	liquid
178.69	161.00	339.90	0.0029421	211.88	259.25	1.5243	1.8795	3.7711	920.15	-0.0081932	4.8572e-05	0.12000	liquid
179.69	161.00	338.19	0.0029569	215.42	263.02	1.5454	1.8777	3.7836	911.99	-0.0069640	4.7939e-05	0.11896	liquid
180.69	161.00	336.47	0.0029720	218.96	266.81	1.5664	1.8759	3.7964	903.84	-0.0057012	4.7317e-05	0.11791	liquid
181.69	161.00	334.74	0.0029874	222.52	270.62	1.5874	1.8742	3.8094	895.70	-0.0044039	4.6704e-05	0.11688	liquid
182.69	161.00	332.99	0.0030031	226.08	274.43	1.6083	1.8725	3.8227	887.58	-0.0030711	4.6101e-05	0.11585	liquid
183.69	161.00	331.23	0.0030190	229.66	278.26	1.6293	1.8708	3.8363	879.48	-0.0017018	4.5507e-05	0.11483	liquid
184.69	161.00	329.46	0.0030352	233.24	282.11	1.6501	1.8692	3.8502	871.39	-0.00029497	4.4923e-05	0.11382	liquid
185.69	161.00	327.68	0.0030518	236.83	285.96	1.6709	1.8677	3.8644	863.33	0.0011504	4.4347e-05	0.11282	liquid
186.69	161.00	325.88	0.0030686	240.43	289.83	1.6917	1.8662	3.8789	855.28	0.0026352	4.3780e-05	0.11183	liquid
187.69	161.00	324.07	0.0030857	244.04	293.72	1.7125	1.8647	3.8937	847.26	0.0041607	4.3221e-05	0.11085	liquid
188.69	161.00	322.25	0.0031032	247.66	297.62	1.7332	1.8633	3.9088	839.26	0.0057279	4.2670e-05	0.10989	liquid
189.69	161.00	320.41	0.0031210	251.29	301.54	1.7539	1.8620	3.9241	831.28	0.0073378	4.2128e-05	0.10894	liquid
190.69	161.00	318.56	0.0031391	254.93	305.47	1.7746	1.8607	3.9398	823.34	0.0089915	4.1593e-05	0.10803	supercritical
191.69	161.00	316.69	0.0031576	258.58	309.42	1.7953	1.8594	3.9558	815.42	0.010690	4.1066e-05	0.10700	supercritical
192.69	161.00	314.81	0.0031765	262.24	313.38	1.8159	1.8582	3.9720	807.53	0.012435	4.0546e-05	0.10601	supercritical
193.69	161.00	312.92	0.0031957	265.91	317.36	1.8365	1.8571	3.9886	799.67	0.014227	4.0034e-05	0.10503	supercritical
194.69	161.00	311.01	0.0032154	269.59	321.36	1.8571	1.8560	4.0054	791.85	0.016067	3.9529e-05	0.10406	supercritical
195.69	161.00	309.08	0.0032354	273.28	325.37	1.8776	1.8549	4.0225	784.06	0.017956	3.9031e-05	0.10310	supercritical
196.69	161.00	307.14	0.0032558	276.99	329.40	1.8982	1.8539	4.0399	776.32	0.019896	3.8539e-05	0.10215	supercritical
197.69	161.00	305.19	0.0032767	280.70	333.45	1.9187	1.8530	4.0576	768.61	0.021887	3.8055e-05	0.10120	supercritical
198.69	161.00	303.22	0.0032980	284.42	337.52	1.9392	1.8521	4.0755	760.95	0.023931	3.7577e-05	0.10027	supercritical
199.69	161.00	301.23	0.0033197	288.16	341.60	1.9597	1.8512	4.0937	753.33	0.026028	3.7105e-05	0.099337	supercritical
200.69	161.00	299.23	0.0033419	291.90	345.71	1.9802	1.8504	4.1121	745.76	0.028180	3.6640e-05	0.098417	supercritical
201.69	161.00	297.22	0.0033645	295.66	349.83	2.0007	1.8497	4.1308	738.24	0.030387	3.6181e-05	0.097504	supercritical
202.69	161.00	295.19	0.0033877	299.43	353.97	2.0212	1.8489	4.1496	730.77	0.032650	3.5729e-05	0.096599	supercritical
203.69	161.00	293.14	0.0034113	303.21	358.13	2.0416	1.8483	4.1687	723.36	0.034971	3.5282e-05	0.095702	supercritical
204.69	161.00	291.08	0.0034355	306.99	362.31	2.0621	1.8476	4.1879	716.01	0.037349	3.4841e-05	0.094814	supercritical
205.69	161.00	289.00	0.0034602	310.79	366.50	2.0826	1.8471	4.2072	708.72	0.039786	3.4406e-05	0.093934	supercritical
206.69	161.00	286.91	0.0034854	314.61	370.72	2.1030	1.8465	4.2267	701.50	0.042283	3.3977e-05	0.093062	supercritical
207.69	161.00	284.80	0.0035112	318.43	374.96	2.1235	1.8460	4.2463	694.34	0.044839	3.3554e-05	0.092199	supercritical
208.69	161.00	282.68	0.0035376	322.26	379.21	2.1439	1.8456	4.2660	687.26	0.047455	3.3136e-05	0.091345	supercritical
209.69	161.00	280.54	0.0035645	326.10	383.49	2.1644	1.8452	4.2857	680.25	0.050132	3.2724e-05	0.090500	supercritical
210.69	161.00	278.39	0.0035921	329.95	387.78	2.1848	1.8448	4.3054	673.32	0.052868	3.2317e-05	0.089664	supercritical
211.69	161.00	276.23	0.0036202	333.81	392.10	2.2052	1.8444	4.3251	666.47	0.055666	3.1916e-05	0.088837	supercritical
212.69	161.00	274.05	0.0036490	337.69	396.43	2.2256	1.8441	4.3446	659.70	0.058523	3.1521e-05	0.088020	supercritical
213.69	161.00	271.85	0.0036785	341.57	400.79	2.2461	1.8438	4.3641	653.03	0.061439	3.1130e-05	0.087213	supercritical
214.69	161.00	269.65	0.0037086	345.46	405.16	2.2665	1.8436	4.3833	646.44	0.064414	3.0746e-05	0.086415	supercritical
215.69	161.00	267.43	0.0037393	349.35	409.56	2.2869	1.8434	4.4023	639.95	0.067447	3.0366e-05	0.085627	supercritical
216.69	161.00	265.20	0.0037708	353.26	413.97	2.3073	1.8432	4.4210	633.57	0.070537	2.9992e-05	0.084850	supercritical
217.69	161.00	262.96	0.0038029	357.17	418.40	2.3277	1.8430	4.4393	627.28	0.073681	2.9624e-05	0.084083	supercritical
218.69	161.00	260.70	0.0038358	361.09	422.85	2.3481	1.8428	4.4572	621.11	0.076877	2.9261e-05	0.083326	supercritical
219.69	161.00	258.44	0.0038693	365.02	427.31	2.3685	1.8427	4.4746	615.04	0.080124	2.8903e-05	0.082580	supercritical
220.69	161.00	256.17	0.0039036	368.95	431.79	2.3888	1.8426	4.4913	609.10	0.083419	2.8551e-05	0.081845	supercritical
221.69	161.00	253.89	0.0039387	372.88	436.29	2.4092	1.8425	4.5074	603.27	0.086758	2.8205e-05	0.081121	supercritical
222.69	161.00	251.61	0.0039744	376.82	440.81	2.4295	1.8424	4.5227	597.56	0.090138	2.7864e-05	0.080408	supercritical
223.69	161.00	249.32	0.0040110	380.76	445.34	2.4498	1.8423	4.5372	591.98	0.093556	2.7529e-05	0.079706	supercritical
224.69	161.00	247.02	0.0040482	384.71	449.88	2.4701	1.8422	4.5508	586.54	0.097007	2.7199e-05	0.079016	supercritical
225.69	161.00	244.72	0.0040863	388.65	454.44	2.4903	1.8421	4.5634	581.22	0.10049	2.6875e-05	0.078337	supercritical
226.69	161.00	242.42	0.0041251	392.60	459.01	2.5105	1.8421	4.5749	576.05	0.10399	2.6557e-05	0.077669	supercritical
227.69	161.00	240.12	0.0041647	396.54	463.59	2.5307	1.8420	4.5852	571.01	0.10751	2.6245e-05	0.077013	supercritical
228.69	161.00	237.81	0.0042050	400.48	468.18	2.5508	1.8419	4.5943	566.12	0.11105	2.5938e-05	0.076369	supercritical
229.69	161.00	235.51	0.0042460	404.42	472.78	2.5708	1.8419	4.6021	561.38	0.11459	2.5638e-05	0.075736	supercritical
230.69	161.00	233.22	0.0042879	408.35	477.38	2.5908	1.8418	4.6086	556.78	0.11814	2.5344e-05	0.075115	supercritical
231.69	161.00	230.92	0.0043304	412.28	482.00	2.6108	1.8417	4.6137	552.33	0.12169	2.5055e-05	0.074506	supercritical
232.69	161.00	228.64	0.0043737	416.19	486.61	2.6307	1.8417	4.6173	548.03	0.12522	2.4773e-05	0.073908	supercritical
233.69	161.00	226.36	0.0044177	420.10	491.23	2.6505	1.8416	4.6195	543.89	0.12875	2.4497e-05	0.073322	supercritical
234.69	161.00	224.09	0.0044624	424.00	495.85	2.6702	1.8415	4.6202	539.89	0.13225	2.4228e-05	0.072747	supercritical
235.69	161.00	221.84	0.0045078	427.89	500.47	2.6898	1.8414	4.6195	536.05	0.13573	2.3964e-05	0.072184	supercritical
236.69	161.00	219.59	0.0045539	431.77	505.09	2.7094	1.8413	4.6172	532.36	0.13918	2.3707e-05	0.071632	supercritical
237.69	161.00	217.36	0.0046006	435.63	509.70	2.7288	1.8411	4.6135	528.81	0.14260	2.3456e-05	0.071091	supercritical
238.69	161.00	215.15	0.0046479	439.48	514.31	2.7482	1.8410	4.6083	525.42	0.14597	2.3211e-05	0.070562	supercritical
239.69	161.00	212.95	0.0046959	443.32	518.92	2.7675	1.8409	4.6017	522.17	0.14930	2.2973e-05	0.070043	supercritical
240.69	161.00	210.77	0.0047444	447.13	523.52	2.7866	1.8407	4.5937	519.07	0.15259	2.2741e-05	0.069536	supercritical
241.69	161.00	208.61	0.0047935	450.93	528.11	2.8056	1.8405	4.5843	516.11	0.15582	2.2515e-05	0.069039	supercritical
242.69	161.00	206.48	0.0048432	454.71	532.69	2.8245	1.8403	4.5737	513.29	0.15900	2.2295e-05	0.068553	supercritical
243.69	161.00	204.36	0.0048934	458.47	537.25	2.8433	1.8401	4.5618	510.61	0.16211	2.2082e-05	0.068077	supercritical
244.69	161.00	202.26	0.0049440	462.21	541.81	2.8620	1.8399	4.5487	508.06	0.16516	2.1874e-05	0.067612	supercritical
245.69	161.00	200.19	0.0049952	465.93	546.35	2.8805	1.8397	4.5344	505.64	0.16815	2.1673e-05	0.067157	supercritical
246.69	161.00	198.15	0.0050467	469.62	550.88	2.8989	1.8395	4.5191	503.35	0.17107	2.1477e-05	0.066713	supercritical
247.69	161.00	196.13	0.0050987	473.30	555.39	2.9171	1.8392	4.5028	501.18	0.17391	2.1287e-05	0.066278	supercritical
248.69	161.00	194.13	0.0051511	476.95	559.88	2.9352	1.8390	4.4855	499.13	0.17668	2.1103e-05	0.065853	supercritical
249.69	161.00	192.16	0.0052039	480.58	564.36	2.9532	1.8387	4.4673	497.20	0.17938	2.0925e-05	0.065438	supercritical
250.69	161.00	190.22	0.0052570	484.18	568.82	2.9710	1.8384	4.4484	495.38	0.18199	2.0752e-05	0.065032	supercritical
251.69	161.00	188.31	0.0053104	487.76	573.26	2.9887	1.8381	4.4286	493.67	0.18453	2.0585e-05	0.064636	supercritical
252.69	161.00	186.42	0.0053641	491.31	577.67	3.0062	1.8378	4.4082	492.07	0.18698	2.0423e-05	0.064250	supercritical
253.69	161.00	184.57	0.0054181	494.84	582.07	3.0236	1.8375	4.3871	490.56	0.18935	2.0266e-05	0.063872	supercritical
254.69	161.00	182.74	0.0054723	498.34	586.45	3.0408	1.8372	4.3655	489.16	0.19163	2.0114e-05	0.063504	supercritical
255.69	161.00	180.94	0.0055268	501.82	590.80	3.0579	1.8369	4.3433	487.85	0.19383	1.9967e-05	0.063145	supercritical
256.69	161.00	179.17	0.0055814	505.27	595.13	3.0748	1.8366	4.3207	486.63	0.19594	1.9826e-05	0.062795	supercritical
257.69	161.00	177.42	0.0056362	508.70	599.44	3.0915	1.8363	4.2977	485.50	0.19797	1.9689e-05	0.062454	supercritical
258.69	161.00	175.71	0.0056912	512.10	603.73	3.1081	1.8360	4.2744	484.46	0.19991	1.9556e-05	0.062121	supercritical
259.69	161.00	174.03	0.0057462	515.48	607.99	3.1246	1.8357	4.2509	483.49	0.20176	1.9428e-05	0.061797	supercritical
260.69	161.00	172.37	0.0058015	518.83	612.23	3.1409	1.8354	4.2271	482.61	0.20353	1.9305e-05	0.061482	supercritical
261.69	161.00	170.74	0.0058568	522.15	616.45	3.1570	1.8352	4.2031	481.80	0.20521	1.9185e-05	0.061176	supercritical
262.69	161.00	169.14	0.0059121	525.45	620.64	3.1730	1.8349	4.1790	481.05	0.20680	1.9070e-05	0.060877	supercritical
263.69	161.00	167.57	0.0059676	528.73	624.80	3.1888	1.8346	4.1548	480.38	0.20831	1.8959e-05	0.060587	supercritical
264.69	161.00	166.03	0.0060230	531.98	628.95	3.2045	1.8344	4.1307	479.78	0.20974	1.8852e-05	0.060305	supercritical
265.69	161.00	164.51	0.0060785	535.20	633.07	3.2200	1.8342	4.1065	479.23	0.21108	1.8748e-05	0.060031	supercritical
266.69	161.00	163.03	0.0061340	538.40	637.16	3.2354	1.8340	4.0824	478.75	0.21235	1.8648e-05	0.059766	supercritical
267.69	161.00	161.56	0.0061895	541.58	641.23	3.2506	1.8338	4.0583	478.32	0.21353	1.8552e-05	0.059508	supercritical
268.69	161.00	160.13	0.0062450	544.73	645.28	3.2657	1.8336	4.0344	477.95	0.21463	1.8460e-05	0.059258	supercritical
269.69	161.00	158.72	0.0063005	547.86	649.30	3.2807	1.8335	4.0106	477.63	0.21566	1.8370e-05	0.059015	supercritical
270.69	161.00	157.33	0.0063559	550.97	653.30	3.2955	1.8333	3.9870	477.36	0.21661	1.8284e-05	0.058781	supercritical
271.69	161.00	155.98	0.0064112	554.05	657.27	3.3101	1.8333	3.9637	477.13	0.21749	1.8201e-05	0.058553	supercritical
272.69	161.00	154.64	0.0064665	557.11	661.23	3.3247	1.8332	3.9405	476.95	0.21830	1.8121e-05	0.058333	supercritical
273.69	161.00	153.33	0.0065217	560.15	665.15	3.3390	1.8332	3.9176	476.82	0.21903	1.8044e-05	0.058121	supercritical
274.69	161.00	152.05	0.0065769	563.17	669.06	3.3533	1.8331	3.8950	476.72	0.21970	1.7970e-05	0.057915	supercritical
275.69	161.00	150.79	0.0066319	566.17	672.94	3.3674	1.8332	3.8727	476.67	0.22030	1.7898e-05	0.057716	supercritical
276.69	161.00	149.55	0.0066869	569.15	676.81	3.3814	1.8332	3.8506	476.65	0.22084	1.7830e-05	0.057525	supercritical
277.69	161.00	148.33	0.0067417	572.10	680.65	3.3952	1.8333	3.8289	476.66	0.22132	1.7764e-05	0.057340	supercritical
278.69	161.00	147.14	0.0067965	575.04	684.46	3.4090	1.8334	3.8075	476.71	0.22173	1.7700e-05	0.057162	supercritical
279.69	161.00	145.96	0.0068511	577.96	688.26	3.4226	1.8336	3.7865	476.80	0.22209	1.7639e-05	0.056990	supercritical
280.69	161.00	144.81	0.0069056	580.86	692.04	3.4360	1.8338	3.7658	476.91	0.22239	1.7580e-05	0.056825	supercritical
281.69	161.00	143.68	0.0069600	583.74	695.79	3.4494	1.8340	3.7454	477.05	0.22264	1.7523e-05	0.056666	supercritical
282.69	161.00	142.57	0.0070142	586.60	699.53	3.4626	1.8343	3.7254	477.22	0.22283	1.7469e-05	0.056513	supercritical
283.69	161.00	141.48	0.0070683	589.44	703.24	3.4757	1.8346	3.7058	477.41	0.22297	1.7416e-05	0.056366	supercritical
284.69	161.00	140.40	0.0071223	592.27	706.94	3.4887	1.8349	3.6865	477.63	0.22307	1.7366e-05	0.056225	supercritical
285.69	161.00	139.35	0.0071761	595.08	710.62	3.5016	1.8353	3.6676	477.87	0.22311	1.7318e-05	0.056091	supercritical
286.69	161.00	138.32	0.0072298	597.88	714.28	3.5144	1.8357	3.6491	478.14	0.22311	1.7271e-05	0.055961	supercritical
287.69	161.00	137.30	0.0072833	600.65	717.91	3.5271	1.8362	3.6309	478.42	0.22307	1.7227e-05	0.055838	supercritical
288.69	161.00	136.30	0.0073367	603.42	721.54	3.5397	1.8367	3.6131	478.73	0.22299	1.7184e-05	0.055719	supercritical
289.69	161.00	135.32	0.0073900	606.16	725.14	3.5521	1.8372	3.5956	479.05	0.22286	1.7143e-05	0.055607	supercritical
290.69	161.00	134.35	0.0074431	608.89	728.73	3.5645	1.8377	3.5786	479.39	0.22270	1.7103e-05	0.055499	supercritical
291.69	161.00	133.40	0.0074960	611.61	732.30	3.5767	1.8384	3.5619	479.75	0.22249	1.7066e-05	0.055397	supercritical
292.69	161.00	132.47	0.0075488	614.32	735.85	3.5889	1.8390	3.5455	480.13	0.22225	1.7029e-05	0.055299	supercritical
293.69	161.00	131.55	0.0076015	617.01	739.39	3.6010	1.8397	3.5295	480.52	0.22198	1.6995e-05	0.055207	supercritical
294.69	161.00	130.65	0.0076539	619.68	742.91	3.6129	1.8404	3.5139	480.92	0.22168	1.6961e-05	0.055119	supercritical
295.69	161.00	129.76	0.0077063	622.35	746.42	3.6248	1.8411	3.4986	481.34	0.22134	1.6930e-05	0.055036	supercritical
296.69	161.00	128.89	0.0077584	625.00	749.91	3.6366	1.8419	3.4836	481.77	0.22097	1.6899e-05	0.054958	supercritical
297.69	161.00	128.03	0.0078105	627.64	753.38	3.6483	1.8428	3.4690	482.22	0.22058	1.6870e-05	0.054884	supercritical
298.69	161.00	127.19	0.0078623	630.26	756.85	3.6599	1.8436	3.4547	482.68	0.22015	1.6842e-05	0.054814	supercritical
299.69	161.00	126.36	0.0079140	632.88	760.29	3.6714	1.8445	3.4407	483.14	0.21970	1.6816e-05	0.054749	supercritical
300.69	161.00	125.54	0.0079656	635.48	763.73	3.6829	1.8455	3.4271	483.62	0.21922	1.6790e-05	0.054688	supercritical
301.69	161.00	124.74	0.0080170	638.08	767.15	3.6942	1.8465	3.4138	484.11	0.21872	1.6766e-05	0.054632	supercritical
302.69	161.00	123.94	0.0080682	640.66	770.56	3.7055	1.8475	3.4008	484.61	0.21820	1.6743e-05	0.054579	supercritical
303.69	161.00	123.16	0.0081193	643.23	773.95	3.7167	1.8485	3.3881	485.11	0.21765	1.6721e-05	0.054530	supercritical
304.69	161.00	122.40	0.0081703	645.79	777.33	3.7278	1.8496	3.3757	485.63	0.21708	1.6700e-05	0.054485	supercritical
305.69	161.00	121.64	0.0082210	648.34	780.70	3.7389	1.8508	3.3636	486.15	0.21650	1.6681e-05	0.054444	supercritical
306.69	161.00	120.89	0.0082717	650.89	784.06	3.7498	1.8519	3.3518	486.68	0.21589	1.6662e-05	0.054406	supercritical
307.69	161.00	120.16	0.0083222	653.42	787.41	3.7607	1.8531	3.3402	487.22	0.21526	1.6644e-05	0.054373	supercritical
308.69	161.00	119.44	0.0083725	655.94	790.74	3.7715	1.8543	3.3290	487.76	0.21462	1.6627e-05	0.054342	supercritical
309.69	161.00	118.73	0.0084227	658.46	794.06	3.7823	1.8556	3.3180	488.32	0.21396	1.6611e-05	0.054315	supercritical
310.69	161.00	118.03	0.0084728	660.96	797.38	3.7930	1.8569	3.3073	488.87	0.21329	1.6596e-05	0.054292	supercritical
311.69	161.00	117.33	0.0085227	663.46	800.68	3.8036	1.8582	3.2968	489.44	0.21260	1.6582e-05	0.054272	supercritical
312.69	161.00	116.65	0.0085724	665.95	803.97	3.8141	1.8596	3.2867	490.00	0.21189	1.6568e-05	0.054255	supercritical
313.69	161.00	115.98	0.0086220	668.44	807.25	3.8246	1.8610	3.2767	490.58	0.21117	1.6556e-05	0.054241	supercritical
314.69	161.00	115.32	0.0086715	670.91	810.52	3.8350	1.8624	3.2670	491.16	0.21044	1.6544e-05	0.054230	supercritical
315.69	161.00	114.67	0.0087208	673.38	813.79	3.8454	1.8639	3.2576	491.74	0.20970	1.6533e-05	0.054223	supercritical
316.69	161.00	114.02	0.0087700	675.84	817.04	3.8557	1.8654	3.2484	492.32	0.20894	1.6523e-05	0.054218	supercritical
317.69	161.00	113.39	0.0088191	678.30	820.28	3.8659	1.8669	3.2394	492.92	0.20817	1.6513e-05	0.054216	supercritical
318.69	161.00	112.77	0.0088680	680.74	823.52	3.8760	1.8684	3.2306	493.51	0.20740	1.6504e-05	0.054217	supercritical
319.69	161.00	112.15	0.0089168	683.18	826.74	3.8862	1.8700	3.2221	494.11	0.20661	1.6496e-05	0.054221	supercritical
320.69	161.00	111.54	0.0089654	685.62	829.96	3.8962	1.8716	3.2138	494.71	0.20581	1.6489e-05	0.054228	supercritical
321.69	161.00	110.94	0.0090139	688.05	833.17	3.9062	1.8733	3.2057	495.31	0.20501	1.6482e-05	0.054237	supercritical
322.69	161.00	110.35	0.0090623	690.47	836.37	3.9161	1.8750	3.1978	495.92	0.20419	1.6476e-05	0.054249	supercritical
323.69	161.00	109.76	0.0091106	692.89	839.57	3.9260	1.8767	3.1901	496.53	0.20337	1.6470e-05	0.054263	supercritical
324.69	161.00	109.19	0.0091587	695.30	842.75	3.9358	1.8784	3.1826	497.14	0.20254	1.6465e-05	0.054280	supercritical
325.69	161.00	108.62	0.0092067	697.70	845.93	3.9456	1.8802	3.1753	497.76	0.20171	1.6461e-05	0.054300	supercritical
326.69	161.00	108.05	0.0092546	700.11	849.10	3.9553	1.8819	3.1682	498.38	0.20087	1.6457e-05	0.054322	supercritical
327.69	161.00	107.50	0.0093023	702.50	852.27	3.9650	1.8838	3.1613	499.00	0.20002	1.6454e-05	0.054346	supercritical
328.69	161.00	106.95	0.0093499	704.89	855.43	3.9746	1.8856	3.1546	499.62	0.19916	1.6451e-05	0.054373	supercritical
329.69	161.00	106.41	0.0093974	707.28	858.58	3.9842	1.8875	3.1480	500.24	0.19830	1.6449e-05	0.054402	supercritical
330.69	161.00	105.88	0.0094448	709.66	861.72	3.9937	1.8894	3.1416	500.86	0.19744	1.6447e-05	0.054433	supercritical
331.69	161.00	105.35	0.0094921	712.04	864.86	4.0032	1.8913	3.1354	501.49	0.19657	1.6446e-05	0.054466	supercritical
332.69	161.00	104.83	0.0095392	714.41	867.99	4.0126	1.8933	3.1294	502.12	0.19570	1.6445e-05	0.054502	supercritical
333.69	161.00	104.32	0.0095862	716.78	871.12	4.0220	1.8952	3.1235	502.75	0.19482	1.6445e-05	0.054539	supercritical
334.69	161.00	103.81	0.0096331	719.15	874.24	4.0314	1.8972	3.1178	503.38	0.19394	1.6445e-05	0.054579	supercritical
335.69	161.00	103.31	0.0096799	721.51	877.36	4.0407	1.8993	3.1122	504.01	0.19306	1.6446e-05	0.054620	supercritical
336.69	161.00	102.81	0.0097266	723.87	880.47	4.0499	1.9013	3.1068	504.64	0.19217	1.6447e-05	0.054664	supercritical
337.69	161.00	102.32	0.0097732	726.22	883.57	4.0591	1.9034	3.1016	505.27	0.19128	1.6448e-05	0.054710	supercritical
338.69	161.00	101.84	0.0098196	728.57	886.67	4.0683	1.9055	3.0965	505.91	0.19039	1.6450e-05	0.054757	supercritical
339.69	161.00	101.36	0.0098660	730.92	889.76	4.0774	1.9076	3.0915	506.54	0.18950	1.6452e-05	0.054807	supercritical
340.69	161.00	100.89	0.0099122	733.27	892.85	4.0865	1.9098	3.0867	507.17	0.18860	1.6455e-05	0.054858	supercritical
341.69	161.00	100.42	0.0099583	735.61	895.94	4.0955	1.9119	3.0820	507.81	0.18770	1.6458e-05	0.054911	supercritical
342.69	161.00	99.956	0.010004	737.95	899.02	4.1045	1.9141	3.0775	508.45	0.18680	1.6462e-05	0.054966	supercritical
343.69	161.00	99.500	0.010050	740.28	902.09	4.1135	1.9163	3.0731	509.08	0.18590	1.6465e-05	0.055023	supercritical
344.69	161.00	99.048	0.010096	742.61	905.16	4.1224	1.9186	3.0688	509.72	0.18500	1.6470e-05	0.055081	supercritical
345.69	161.00	98.602	0.010142	744.95	908.23	4.1313	1.9208	3.0646	510.35	0.18410	1.6474e-05	0.055142	supercritical
346.69	161.00	98.160	0.010187	747.27	911.29	4.1401	1.9231	3.0606	510.99	0.18320	1.6479e-05	0.055203	supercritical
347.69	161.00	97.724	0.010233	749.60	914.35	4.1489	1.9254	3.0567	511.63	0.18230	1.6484e-05	0.055267	supercritical
348.69	161.00	97.292	0.010278	751.92	917.40	4.1577	1.9277	3.0529	512.26	0.18139	1.6490e-05	0.055332	supercritical
349.69	161.00	96.865	0.010324	754.25	920.46	4.1665	1.9301	3.0493	512.90	0.18049	1.6496e-05	0.055399	supercritical
350.69	161.00	96.443	0.010369	756.56	923.50	4.1752	1.9324	3.0457	513.54	0.17959	1.6502e-05	0.055467	supercritical
351.69	161.00	96.025	0.010414	758.88	926.55	4.1838	1.9348	3.0423	514.17	0.17868	1.6508e-05	0.055537	supercritical
352.69	161.00	95.612	0.010459	761.20	929.59	4.1925	1.9372	3.0390	514.81	0.17778	1.6515e-05	0.055608	supercritical
353.69	161.00	95.203	0.010504	763.51	932.63	4.2011	1.9397	3.0358	515.45	0.17688	1.6522e-05	0.055681	supercritical
354.69	161.00	94.798	0.010549	765.82	935.66	4.2096	1.9421	3.0326	516.08	0.17598	1.6529e-05	0.055755	supercritical
355.69	161.00	94.398	0.010593	768.14	938.69	4.2182	1.9446	3.0296	516.72	0.17508	1.6537e-05	0.055831	supercritical
356.69	161.00	94.002	0.010638	770.44	941.72	4.2267	1.9470	3.0267	517.35	0.17418	1.6545e-05	0.055908	supercritical
357.69	161.00	93.609	0.010683	772.75	944.74	4.2351	1.9495	3.0239	517.99	0.17328	1.6553e-05	0.055986	supercritical
358.69	161.00	93.221	0.010727	775.06	947.77	4.2436	1.9521	3.0212	518.62	0.17239	1.6561e-05	0.056066	supercritical
359.69	161.00	92.837	0.010772	777.36	950.79	4.2520	1.9546	3.0186	519.26	0.17149	1.6570e-05	0.056147	supercritical
360.69	161.00	92.457	0.010816	779.67	953.80	4.2603	1.9572	3.0161	519.89	0.17060	1.6579e-05	0.056230	supercritical
361.69	161.00	92.081	0.010860	781.97	956.82	4.2687	1.9597	3.0137	520.53	0.16971	1.6588e-05	0.056314	supercritical
362.69	161.00	91.708	0.010904	784.27	959.83	4.2770	1.9623	3.0114	521.16	0.16882	1.6597e-05	0.056399	supercritical
363.69	161.00	91.339	0.010948	786.58	962.84	4.2853	1.9649	3.0091	521.79	0.16793	1.6607e-05	0.056486	supercritical
364.69	161.00	90.974	0.010992	788.88	965.85	4.2936	1.9676	3.0070	522.42	0.16704	1.6617e-05	0.056573	supercritical
365.69	161.00	90.612	0.011036	791.18	968.86	4.3018	1.9702	3.0049	523.05	0.16616	1.6627e-05	0.056662	supercritical
366.69	161.00	90.254	0.011080	793.47	971.86	4.3100	1.9729	3.0030	523.68	0.16527	1.6637e-05	0.056752	supercritical
367.69	161.00	89.900	0.011124	795.77	974.86	4.3182	1.9755	3.0011	524.31	0.16439	1.6647e-05	0.056844	supercritical
368.69	161.00	89.548	0.011167	798.07	977.86	4.3263	1.9782	2.9992	524.94	0.16352	1.6658e-05	0.056936	supercritical
369.69	161.00	89.200	0.011211	800.37	980.86	4.3344	1.9809	2.9975	525.57	0.16264	1.6669e-05	0.057030	supercritical
370.69	161.00	88.856	0.011254	802.66	983.86	4.3425	1.9836	2.9959	526.20	0.16177	1.6680e-05	0.057125	supercritical
371.69	161.00	88.515	0.011298	804.96	986.85	4.3506	1.9864	2.9943	526.82	0.16090	1.6691e-05	0.057221	supercritical
372.69	161.00	88.176	0.011341	807.26	989.85	4.3586	1.9891	2.9928	527.45	0.16003	1.6703e-05	0.057318	supercritical
373.69	161.00	87.842	0.011384	809.55	992.84	4.3667	1.9919	2.9914	528.08	0.15916	1.6714e-05	0.057417	supercritical
374.69	161.00	87.510	0.011427	811.85	995.83	4.3747	1.9947	2.9900	528.70	0.15830	1.6726e-05	0.057516	supercritical
375.69	161.00	87.181	0.011470	814.14	998.82	4.3826	1.9975	2.9887	529.32	0.15744	1.6738e-05	0.057616	supercritical
376.69	161.00	86.855	0.011513	816.44	1001.8	4.3906	2.0003	2.9875	529.95	0.15658	1.6750e-05	0.057718	supercritical
377.69	161.00	86.532	0.011556	818.73	1004.8	4.3985	2.0031	2.9864	530.57	0.15573	1.6763e-05	0.057820	supercritical
378.69	161.00	86.213	0.011599	821.03	1007.8	4.4064	2.0060	2.9853	531.19	0.15487	1.6775e-05	0.057924	supercritical
379.69	161.00	85.896	0.011642	823.33	1010.8	4.4143	2.0088	2.9843	531.81	0.15402	1.6788e-05	0.058029	supercritical
380.69	161.00	85.581	0.011685	825.62	1013.7	4.4221	2.0117	2.9833	532.43	0.15318	1.6801e-05	0.058134	supercritical
381.69	161.00	85.270	0.011727	827.92	1016.7	4.4299	2.0146	2.9825	533.05	0.15234	1.6814e-05	0.058241	supercritical
382.69	161.00	84.962	0.011770	830.21	1019.7	4.4377	2.0174	2.9817	533.67	0.15150	1.6827e-05	0.058349	supercritical
383.69	161.00	84.656	0.011813	832.51	1022.7	4.4455	2.0204	2.9809	534.29	0.15066	1.6840e-05	0.058457	supercritical
384.69	161.00	84.353	0.011855	834.81	1025.7	4.4533	2.0233	2.9802	534.90	0.14982	1.6853e-05	0.058567	supercritical
385.69	161.00	84.052	0.011897	837.11	1028.7	4.4610	2.0262	2.9796	535.52	0.14899	1.6867e-05	0.058677	supercritical
386.69	161.00	83.754	0.011940	839.40	1031.6	4.4687	2.0291	2.9790	536.13	0.14817	1.6881e-05	0.058789	supercritical
387.69	161.00	83.459	0.011982	841.70	1034.6	4.4764	2.0321	2.9785	536.75	0.14734	1.6894e-05	0.058901	supercritical
388.69	161.00	83.166	0.012024	844.00	1037.6	4.4841	2.0351	2.9780	537.36	0.14652	1.6908e-05	0.059014	supercritical
389.69	161.00	82.875	0.012066	846.30	1040.6	4.4917	2.0381	2.9776	537.97	0.14570	1.6923e-05	0.059128	supercritical
390.69	161.00	82.588	0.012108	848.60	1043.5	4.4994	2.0410	2.9773	538.58	0.14489	1.6937e-05	0.059243	supercritical
391.69	161.00	82.302	0.012150	850.90	1046.5	4.5070	2.0441	2.9770	539.19	0.14408	1.6951e-05	0.059359	supercritical
392.69	161.00	82.019	0.012192	853.20	1049.5	4.5146	2.0471	2.9768	539.80	0.14327	1.6966e-05	0.059476	supercritical
393.69	161.00	81.738	0.012234	855.51	1052.5	4.5221	2.0501	2.9766	540.41	0.14246	1.6980e-05	0.059594	supercritical
394.69	161.00	81.460	0.012276	857.81	1055.5	4.5297	2.0531	2.9764	541.02	0.14166	1.6995e-05	0.059712	supercritical
395.69	161.00	81.184	0.012318	860.11	1058.4	4.5372	2.0562	2.9763	541.62	0.14087	1.7010e-05	0.059832	supercritical
396.69	161.00	80.910	0.012359	862.42	1061.4	4.5447	2.0592	2.9763	542.23	0.14007	1.7025e-05	0.059952	supercritical
397.69	161.00	80.638	0.012401	864.72	1064.4	4.5522	2.0623	2.9763	542.83	0.13928	1.7040e-05	0.060073	supercritical
398.69	161.00	80.369	0.012443	867.03	1067.4	4.5597	2.0654	2.9764	543.44	0.13849	1.7055e-05	0.060195	supercritical
399.69	161.00	80.101	0.012484	869.34	1070.3	4.5672	2.0685	2.9765	544.04	0.13771	1.7070e-05	0.060317	supercritical
400.69	161.00	79.836	0.012526	871.65	1073.3	4.5746	2.0716	2.9767	544.64	0.13693	1.7086e-05	0.060441	supercritical
401.69	161.00	79.573	0.012567	873.96	1076.3	4.5820	2.0747	2.9769	545.24	0.13615	1.7101e-05	0.060565	supercritical
402.69	161.00	79.312	0.012608	876.27	1079.3	4.5894	2.0778	2.9771	545.84	0.13538	1.7117e-05	0.060690	supercritical
403.69	161.00	79.053	0.012650	878.58	1082.2	4.5968	2.0810	2.9774	546.44	0.13461	1.7133e-05	0.060816	supercritical
404.69	161.00	78.796	0.012691	880.90	1085.2	4.6042	2.0841	2.9777	547.04	0.13384	1.7148e-05	0.060942	supercritical
405.69	161.00	78.542	0.012732	883.21	1088.2	4.6115	2.0873	2.9781	547.63	0.13308	1.7164e-05	0.061069	supercritical
406.69	161.00	78.289	0.012773	885.53	1091.2	4.6188	2.0904	2.9785	548.23	0.13232	1.7180e-05	0.061197	supercritical
407.69	161.00	78.038	0.012814	887.84	1094.2	4.6262	2.0936	2.9790	548.82	0.13157	1.7196e-05	0.061326	supercritical
408.69	161.00	77.789	0.012855	890.16	1097.1	4.6335	2.0968	2.9795	549.42	0.13081	1.7213e-05	0.061456	supercritical
409.69	161.00	77.542	0.012896	892.48	1100.1	4.6407	2.1000	2.9800	550.01	0.13007	1.7229e-05	0.061586	supercritical
410.69	161.00	77.297	0.012937	894.80	1103.1	4.6480	2.1032	2.9806	550.60	0.12932	1.7245e-05	0.061717	supercritical
411.69	161.00	77.053	0.012978	897.13	1106.1	4.6553	2.1064	2.9812	551.19	0.12858	1.7262e-05	0.061848	supercritical
412.69	161.00	76.812	0.013019	899.45	1109.1	4.6625	2.1096	2.9819	551.78	0.12784	1.7278e-05	0.061981	supercritical
413.69	161.00	76.572	0.013060	901.78	1112.0	4.6697	2.1128	2.9826	552.37	0.12711	1.7295e-05	0.062114	supercritical
414.69	161.00	76.334	0.013100	904.11	1115.0	4.6769	2.1160	2.9833	552.96	0.12638	1.7312e-05	0.062247	supercritical
415.69	161.00	76.098	0.013141	906.44	1118.0	4.6841	2.1193	2.9841	553.55	0.12565	1.7328e-05	0.062382	supercritical
416.69	161.00	75.863	0.013182	908.77	1121.0	4.6913	2.1225	2.9849	554.13	0.12493	1.7345e-05	0.062517	supercritical
417.69	161.00	75.631	0.013222	911.10	1124.0	4.6984	2.1258	2.9858	554.72	0.12421	1.7362e-05	0.062652	supercritical
418.69	161.00	75.400	0.013263	913.43	1127.0	4.7056	2.1290	2.9866	555.30	0.12349	1.7379e-05	0.062789	supercritical
419.69	161.00	75.170	0.013303	915.77	1129.9	4.7127	2.1323	2.9875	555.89	0.12278	1.7396e-05	0.062926	supercritical
420.69	161.00	74.943	0.013344	918.11	1132.9	4.7198	2.1356	2.9885	556.47	0.12207	1.7413e-05	0.063063	supercritical
421.69	161.00	74.717	0.013384	920.44	1135.9	4.7269	2.1389	2.9895	557.05	0.12136	1.7431e-05	0.063202	supercritical
422.69	161.00	74.492	0.013424	922.79	1138.9	4.7340	2.1422	2.9905	557.63	0.12066	1.7448e-05	0.063341	supercritical
423.69	161.00	74.269	0.013464	925.13	1141.9	4.7410	2.1455	2.9915	558.21	0.11996	1.7465e-05	0.063480	supercritical
424.69	161.00	74.048	0.013505	927.47	1144.9	4.7481	2.1488	2.9926	558.79	0.11927	1.7483e-05	0.063620	supercritical
425.69	161.00	73.829	0.013545	929.82	1147.9	4.7551	2.1521	2.9937	559.37	0.11857	1.7500e-05	0.063761	supercritical
426.69	161.00	73.610	0.013585	932.17	1150.9	4.7622	2.1554	2.9948	559.95	0.11789	1.7518e-05	0.063902	supercritical
427.69	161.00	73.394	0.013625	934.52	1153.9	4.7692	2.1587	2.9960	560.52	0.11720	1.7535e-05	0.064044	supercritical
428.69	161.00	73.179	0.013665	936.87	1156.9	4.7762	2.1621	2.9972	561.10	0.11652	1.7553e-05	0.064187	supercritical
429.69	161.00	72.965	0.013705	939.22	1159.9	4.7832	2.1654	2.9984	561.67	0.11584	1.7571e-05	0.064330	supercritical
430.69	161.00	72.753	0.013745	941.58	1162.9	4.7901	2.1688	2.9997	562.24	0.11517	1.7589e-05	0.064474	supercritical
431.69	161.00	72.542	0.013785	943.94	1165.9	4.7971	2.1721	3.0010	562.82	0.11450	1.7606e-05	0.064618	supercritical
432.69	161.00	72.333	0.013825	946.30	1168.9	4.8040	2.1755	3.0023	563.39	0.11383	1.7624e-05	0.064763	supercritical
433.69	161.00	72.125	0.013865	948.66	1171.9	4.8110	2.1788	3.0036	563.96	0.11317	1.7642e-05	0.064909	supercritical
434.69	161.00	71.919	0.013905	951.02	1174.9	4.8179	2.1822	3.0050	564.53	0.11251	1.7660e-05	0.065055	supercritical
435.69	161.00	71.714	0.013944	953.39	1177.9	4.8248	2.1856	3.0064	565.10	0.11185	1.7679e-05	0.065201	supercritical
436.69	161.00	71.510	0.013984	955.75	1180.9	4.8317	2.1890	3.0078	565.67	0.11120	1.7697e-05	0.065348	supercritical
437.69	161.00	71.308	0.014024	958.12	1183.9	4.8386	2.1924	3.0093	566.23	0.11055	1.7715e-05	0.065496	supercritical
438.69	161.00	71.107	0.014063	960.50	1186.9	4.8454	2.1958	3.0107	566.80	0.10990	1.7733e-05	0.065644	supercritical
439.69	161.00	70.908	0.014103	962.87	1189.9	4.8523	2.1992	3.0122	567.36	0.10926	1.7751e-05	0.065793	supercritical
440.69	161.00	70.710	0.014142	965.25	1192.9	4.8591	2.2026	3.0138	567.93	0.10862	1.7770e-05	0.065942	supercritical
441.69	161.00	70.513	0.014182	967.63	1196.0	4.8660	2.2060	3.0153	568.49	0.10799	1.7788e-05	0.066092	supercritical
442.69	161.00	70.317	0.014221	970.01	1199.0	4.8728	2.2094	3.0169	569.05	0.10735	1.7807e-05	0.066243	supercritical
443.69	161.00	70.123	0.014261	972.39	1202.0	4.8796	2.2128	3.0185	569.62	0.10672	1.7825e-05	0.066394	supercritical
444.69	161.00	69.929	0.014300	974.78	1205.0	4.8864	2.2163	3.0201	570.18	0.10610	1.7844e-05	0.066545	supercritical
445.69	161.00	69.738	0.014339	977.16	1208.0	4.8932	2.2197	3.0217	570.74	0.10547	1.7862e-05	0.066697	supercritical
446.69	161.00	69.547	0.014379	979.55	1211.1	4.9000	2.2231	3.0234	571.30	0.10486	1.7881e-05	0.066849	supercritical
447.69	161.00	69.358	0.014418	981.94	1214.1	4.9067	2.2266	3.0251	571.85	0.10424	1.7900e-05	0.067002	supercritical
448.69	161.00	69.169	0.014457	984.34	1217.1	4.9135	2.2300	3.0268	572.41	0.10363	1.7918e-05	0.067156	supercritical
449.69	161.00	68.982	0.014496	986.74	1220.1	4.9202	2.2335	3.0285	572.97	0.10302	1.7937e-05	0.067310	supercritical
450.69	161.00	68.797	0.014536	989.13	1223.2	4.9269	2.2369	3.0303	573.52	0.10241	1.7956e-05	0.067464	supercritical
451.69	161.00	68.612	0.014575	991.54	1226.2	4.9337	2.2404	3.0321	574.08	0.10181	1.7975e-05	0.067619	supercritical
452.69	161.00	68.428	0.014614	993.94	1229.2	4.9404	2.2439	3.0339	574.63	0.10121	1.7994e-05	0.067774	supercritical
453.69	161.00	68.246	0.014653	996.35	1232.3	4.9471	2.2473	3.0357	575.19	0.10061	1.8012e-05	0.067930	supercritical
454.69	161.00	68.065	0.014692	998.75	1235.3	4.9537	2.2508	3.0375	575.74	0.10002	1.8031e-05	0.068087	supercritical
455.69	161.00	67.885	0.014731	1001.2	1238.3	4.9604	2.2543	3.0394	576.29	0.099430	1.8050e-05	0.068244	supercritical
456.69	161.00	67.706	0.014770	1003.6	1241.4	4.9671	2.2578	3.0412	576.84	0.098843	1.8069e-05	0.068401	supercritical
457.69	161.00	67.528	0.014809	1006.0	1244.4	4.9737	2.2612	3.0431	577.39	0.098260	1.8089e-05	0.068559	supercritical
458.69	161.00	67.351	0.014848	1008.4	1247.5	4.9804	2.2647	3.0450	577.94	0.097680	1.8108e-05	0.068717	supercritical
459.69	161.00	67.175	0.014886	1010.8	1250.5	4.9870	2.2682	3.0470	578.49	0.097102	1.8127e-05	0.068876	supercritical
460.69	161.00	67.001	0.014925	1013.3	1253.6	4.9936	2.2717	3.0489	579.03	0.096528	1.8146e-05	0.069035	supercritical
461.69	161.00	66.827	0.014964	1015.7	1256.6	5.0003	2.2752	3.0509	579.58	0.095958	1.8165e-05	0.069194	supercritical
462.69	161.00	66.655	0.015003	1018.1	1259.7	5.0069	2.2787	3.0529	580.13	0.095390	1.8184e-05	0.069354	supercritical
463.69	161.00	66.483	0.015041	1020.5	1262.7	5.0135	2.2823	3.0549	580.67	0.094825	1.8204e-05	0.069515	supercritical
464.69	161.00	66.313	0.015080	1023.0	1265.8	5.0200	2.2858	3.0569	581.21	0.094264	1.8223e-05	0.069676	supercritical
465.69	161.00	66.143	0.015119	1025.4	1268.8	5.0266	2.2893	3.0590	581.76	0.093705	1.8242e-05	0.069837	supercritical
466.69	161.00	65.975	0.015157	1027.8	1271.9	5.0332	2.2928	3.0610	582.30	0.093150	1.8262e-05	0.069999	supercritical
467.69	161.00	65.807	0.015196	1030.3	1274.9	5.0397	2.2963	3.0631	582.84	0.092597	1.8281e-05	0.070161	supercritical
468.69	161.00	65.641	0.015234	1032.7	1278.0	5.0463	2.2999	3.0652	583.38	0.092048	1.8301e-05	0.070324	supercritical
469.69	161.00	65.475	0.015273	1035.2	1281.1	5.0528	2.3034	3.0673	583.92	0.091502	1.8320e-05	0.070487	supercritical
470.69	161.00	65.311	0.015311	1037.6	1284.1	5.0593	2.3069	3.0694	584.46	0.090958	1.8339e-05	0.070650	supercritical
471.69	161.00	65.147	0.015350	1040.1	1287.2	5.0658	2.3105	3.0715	585.00	0.090418	1.8359e-05	0.070814	supercritical
472.69	161.00	64.985	0.015388	1042.5	1290.3	5.0724	2.3140	3.0737	585.54	0.089881	1.8378e-05	0.070978	supercritical
473.69	161.00	64.823	0.015427	1045.0	1293.4	5.0789	2.3175	3.0759	586.08	0.089346	1.8398e-05	0.071143	supercritical
474.69	161.00	64.662	0.015465	1047.5	1296.4	5.0853	2.3211	3.0781	586.61	0.088815	1.8418e-05	0.071308	supercritical
475.69	161.00	64.502	0.015503	1049.9	1299.5	5.0918	2.3246	3.0803	587.15	0.088286	1.8437e-05	0.071474	supercritical
476.69	161.00	64.343	0.015542	1052.4	1302.6	5.0983	2.3282	3.0825	587.68	0.087761	1.8457e-05	0.071639	supercritical
477.69	161.00	64.185	0.015580	1054.8	1305.7	5.1048	2.3317	3.0847	588.22	0.087238	1.8477e-05	0.071806	supercritical
478.69	161.00	64.028	0.015618	1057.3	1308.8	5.1112	2.3353	3.0869	588.75	0.086718	1.8496e-05	0.071972	supercritical
479.69	161.00	63.872	0.015656	1059.8	1311.9	5.1177	2.3388	3.0892	589.28	0.086201	1.8516e-05	0.072140	supercritical
480.69	161.00	63.717	0.015695	1062.3	1314.9	5.1241	2.3424	3.0915	589.81	0.085687	1.8536e-05	0.072307	supercritical
481.69	161.00	63.562	0.015733	1064.7	1318.0	5.1305	2.3460	3.0938	590.34	0.085176	1.8555e-05	0.072475	supercritical
482.69	161.00	63.408	0.015771	1067.2	1321.1	5.1369	2.3495	3.0961	590.87	0.084667	1.8575e-05	0.072643	supercritical
483.69	161.00	63.256	0.015809	1069.7	1324.2	5.1433	2.3531	3.0984	591.40	0.084161	1.8595e-05	0.072812	supercritical
484.69	161.00	63.104	0.015847	1072.2	1327.3	5.1497	2.3567	3.1007	591.93	0.083659	1.8615e-05	0.072981	supercritical
485.69	161.00	62.953	0.015885	1074.7	1330.4	5.1561	2.3602	3.1030	592.46	0.083158	1.8635e-05	0.073150	supercritical
486.69	161.00	62.802	0.015923	1077.2	1333.5	5.1625	2.3638	3.1054	592.99	0.082661	1.8655e-05	0.073320	supercritical
487.69	161.00	62.653	0.015961	1079.7	1336.6	5.1689	2.3674	3.1078	593.51	0.082166	1.8674e-05	0.073490	supercritical
488.69	161.00	62.504	0.015999	1082.2	1339.8	5.1753	2.3710	3.1101	594.04	0.081675	1.8694e-05	0.073661	supercritical
489.69	161.00	62.357	0.016037	1084.7	1342.9	5.1816	2.3745	3.1125	594.57	0.081185	1.8714e-05	0.073831	supercritical
490.69	161.00	62.210	0.016075	1087.2	1346.0	5.1880	2.3781	3.1149	595.09	0.080699	1.8734e-05	0.074003	supercritical
491.69	161.00	62.063	0.016113	1089.7	1349.1	5.1943	2.3817	3.1173	595.61	0.080215	1.8754e-05	0.074174	supercritical
492.69	161.00	61.918	0.016150	1092.2	1352.2	5.2007	2.3853	3.1198	596.14	0.079734	1.8774e-05	0.074346	supercritical
493.69	161.00	61.773	0.016188	1094.7	1355.3	5.2070	2.3889	3.1222	596.66	0.079256	1.8794e-05	0.074518	supercritical
494.69	161.00	61.629	0.016226	1097.2	1358.5	5.2133	2.3925	3.1246	597.18	0.078780	1.8814e-05	0.074691	supercritical
495.69	161.00	61.486	0.016264	1099.7	1361.6	5.2196	2.3961	3.1271	597.70	0.078307	1.8834e-05	0.074864	supercritical
496.69	161.00	61.344	0.016302	1102.3	1364.7	5.2259	2.3997	3.1296	598.22	0.077836	1.8854e-05	0.075037	supercritical
497.69	161.00	61.202	0.016339	1104.8	1367.8	5.2322	2.4033	3.1320	598.74	0.077368	1.8874e-05	0.075211	supercritical
498.69	161.00	61.062	0.016377	1107.3	1371.0	5.2385	2.4069	3.1345	599.26	0.076903	1.8894e-05	0.075385	supercritical
499.69	161.00	60.921	0.016415	1109.8	1374.1	5.2448	2.4104	3.1370	599.78	0.076440	1.8914e-05	0.075559	supercritical
500.69	161.00	60.782	0.016452	1112.4	1377.2	5.2511	2.4140	3.1395	600.29	0.075980	1.8935e-05	0.075734	supercritical
501.69	161.00	60.643	0.016490	1114.9	1380.4	5.2573	2.4176	3.1421	600.81	0.075522	1.8955e-05	0.075909	supercritical
502.69	161.00	60.506	0.016527	1117.4	1383.5	5.2636	2.4212	3.1446	601.33	0.075067	1.8975e-05	0.076085	supercritical
503.69	161.00	60.368	0.016565	1120.0	1386.7	5.2698	2.4249	3.1471	601.84	0.074614	1.8995e-05	0.076260	supercritical
504.69	161.00	60.232	0.016603	1122.5	1389.8	5.2761	2.4285	3.1497	602.36	0.074164	1.9015e-05	0.076436	supercritical
505.69	161.00	60.096	0.016640	1125.1	1393.0	5.2823	2.4321	3.1523	602.87	0.073716	1.9035e-05	0.076613	supercritical
506.69	161.00	59.961	0.016678	1127.6	1396.1	5.2886	2.4357	3.1548	603.38	0.073271	1.9056e-05	0.076789	supercritical
507.69	161.00	59.827	0.016715	1130.2	1399.3	5.2948	2.4393	3.1574	603.90	0.072828	1.9076e-05	0.076966	supercritical
508.69	161.00	59.693	0.016752	1132.7	1402.4	5.3010	2.4429	3.1600	604.41	0.072388	1.9096e-05	0.077144	supercritical
509.69	161.00	59.560	0.016790	1135.3	1405.6	5.3072	2.4465	3.1626	604.92	0.071950	1.9116e-05	0.077321	supercritical
510.69	161.00	59.428	0.016827	1137.9	1408.8	5.3134	2.4501	3.1652	605.43	0.071514	1.9136e-05	0.077499	supercritical
511.69	161.00	59.296	0.016865	1140.4	1411.9	5.3196	2.4537	3.1678	605.94	0.071081	1.9157e-05	0.077677	supercritical
512.69	161.00	59.165	0.016902	1143.0	1415.1	5.3258	2.4573	3.1705	606.45	0.070651	1.9177e-05	0.077856	supercritical
513.69	161.00	59.034	0.016939	1145.6	1418.3	5.3320	2.4609	3.1731	606.96	0.070222	1.9197e-05	0.078035	supercritical
514.69	161.00	58.905	0.016977	1148.1	1421.5	5.3381	2.4646	3.1757	607.47	0.069796	1.9218e-05	0.078214	supercritical
515.69	161.00	58.776	0.017014	1150.7	1424.6	5.3443	2.4682	3.1784	607.97	0.069373	1.9238e-05	0.078394	supercritical
516.69	161.00	58.647	0.017051	1153.3	1427.8	5.3505	2.4718	3.1811	608.48	0.068951	1.9258e-05	0.078573	supercritical
517.69	161.00	58.519	0.017088	1155.9	1431.0	5.3566	2.4754	3.1837	608.99	0.068532	1.9279e-05	0.078754	supercritical
518.69	161.00	58.392	0.017126	1158.5	1434.2	5.3628	2.4790	3.1864	609.49	0.068116	1.9299e-05	0.078934	supercritical
519.69	161.00	58.266	0.017163	1161.0	1437.4	5.3689	2.4826	3.1891	610.00	0.067701	1.9319e-05	0.079115	supercritical
520.69	161.00	58.140	0.017200	1163.6	1440.6	5.3750	2.4863	3.1918	610.50	0.067289	1.9340e-05	0.079296	supercritical
521.69	161.00	58.015	0.017237	1166.2	1443.7	5.3812	2.4899	3.1945	611.01	0.066879	1.9360e-05	0.079477	supercritical
522.69	161.00	57.890	0.017274	1168.8	1446.9	5.3873	2.4935	3.1972	611.51	0.066471	1.9380e-05	0.079658	supercritical
523.69	161.00	57.766	0.017311	1171.4	1450.1	5.3934	2.4971	3.1999	612.01	0.066066	1.9401e-05	0.079840	supercritical
524.69	161.00	57.642	0.017348	1174.0	1453.3	5.3995	2.5007	3.2026	612.51	0.065663	1.9421e-05	0.080022	supercritical
525.69	161.00	57.519	0.017385	1176.6	1456.5	5.4056	2.5044	3.2053	613.01	0.065262	1.9441e-05	0.080205	supercritical
526.69	161.00	57.397	0.017422	1179.3	1459.8	5.4117	2.5080	3.2081	613.51	0.064863	1.9462e-05	0.080388	supercritical
527.69	161.00	57.275	0.017459	1181.9	1463.0	5.4178	2.5116	3.2108	614.01	0.064466	1.9482e-05	0.080571	supercritical
528.69	161.00	57.154	0.017496	1184.5	1466.2	5.4239	2.5152	3.2136	614.51	0.064072	1.9503e-05	0.080754	supercritical
529.69	161.00	57.034	0.017533	1187.1	1469.4	5.4299	2.5188	3.2163	615.01	0.063680	1.9523e-05	0.080937	supercritical
530.69	161.00	56.914	0.017570	1189.7	1472.6	5.4360	2.5225	3.2191	615.51	0.063289	1.9544e-05	0.081121	supercritical
531.69	161.00	56.794	0.017607	1192.4	1475.8	5.4421	2.5261	3.2219	616.01	0.062901	1.9564e-05	0.081305	supercritical
532.69	161.00	56.676	0.017644	1195.0	1479.1	5.4481	2.5297	3.2247	616.50	0.062515	1.9584e-05	0.081490	supercritical
533.69	161.00	56.557	0.017681	1197.6	1482.3	5.4542	2.5333	3.2274	617.00	0.062132	1.9605e-05	0.081675	supercritical
534.69	161.00	56.440	0.017718	1200.2	1485.5	5.4602	2.5370	3.2302	617.50	0.061750	1.9625e-05	0.081859	supercritical
535.69	161.00	56.322	0.017755	1202.9	1488.7	5.4663	2.5406	3.2330	617.99	0.061370	1.9646e-05	0.082045	supercritical
536.69	161.00	56.206	0.017792	1205.5	1492.0	5.4723	2.5442	3.2358	618.49	0.060993	1.9666e-05	0.082230	supercritical
537.69	161.00	56.090	0.017829	1208.2	1495.2	5.4783	2.5478	3.2386	618.98	0.060617	1.9687e-05	0.082416	supercritical
538.69	161.00	55.974	0.017865	1210.8	1498.5	5.4843	2.5515	3.2415	619.47	0.060244	1.9707e-05	0.082602	supercritical
539.69	161.00	55.859	0.017902	1213.5	1501.7	5.4904	2.5551	3.2443	619.97	0.059872	1.9728e-05	0.082788	supercritical
540.69	161.00	55.745	0.017939	1216.1	1504.9	5.4964	2.5587	3.2471	620.46	0.059503	1.9748e-05	0.082975	supercritical
541.69	161.00	55.631	0.017976	1218.8	1508.2	5.5024	2.5623	3.2499	620.95	0.059135	1.9769e-05	0.083161	supercritical
542.69	161.00	55.517	0.018012	1221.4	1511.4	5.5084	2.5659	3.2528	621.44	0.058770	1.9789e-05	0.083348	supercritical
543.69	161.00	55.405	0.018049	1224.1	1514.7	5.5144	2.5696	3.2556	621.93	0.058406	1.9810e-05	0.083536	supercritical
544.69	161.00	55.292	0.018086	1226.8	1518.0	5.5203	2.5732	3.2585	622.42	0.058045	1.9830e-05	0.083723	supercritical
545.69	161.00	55.180	0.018122	1229.4	1521.2	5.5263	2.5768	3.2613	622.91	0.057685	1.9851e-05	0.083911	supercritical
546.69	161.00	55.069	0.018159	1232.1	1524.5	5.5323	2.5804	3.2642	623.40	0.057328	1.9871e-05	0.084099	supercritical
547.69	161.00	54.958	0.018196	1234.8	1527.7	5.5383	2.5841	3.2670	623.89	0.056972	1.9892e-05	0.084287	supercritical
548.69	161.00	54.848	0.018232	1237.5	1531.0	5.5442	2.5877	3.2699	624.37	0.056618	1.9912e-05	0.084476	supercritical
549.69	161.00	54.738	0.018269	1240.1	1534.3	5.5502	2.5913	3.2728	624.86	0.056266	1.9933e-05	0.084665	supercritical
550.69	161.00	54.628	0.018305	1242.8	1537.6	5.5561	2.5949	3.2757	625.35	0.055916	1.9953e-05	0.084854	supercritical
551.69	161.00	54.520	0.018342	1245.5	1540.8	5.5621	2.5985	3.2786	625.83	0.055568	1.9974e-05	0.085043	supercritical
552.69	161.00	54.411	0.018379	1248.2	1544.1	5.5680	2.6022	3.2815	626.32	0.055222	1.9995e-05	0.085233	supercritical
553.69	161.00	54.303	0.018415	1250.9	1547.4	5.5740	2.6058	3.2843	626.80	0.054878	2.0015e-05	0.085423	supercritical
554.69	161.00	54.196	0.018452	1253.6	1550.7	5.5799	2.6094	3.2872	627.29	0.054535	2.0036e-05	0.085613	supercritical
555.69	161.00	54.089	0.018488	1256.3	1554.0	5.5858	2.6130	3.2902	627.77	0.054195	2.0056e-05	0.085803	supercritical
556.69	161.00	53.982	0.018525	1259.0	1557.3	5.5917	2.6166	3.2931	628.26	0.053856	2.0077e-05	0.085993	supercritical
557.69	161.00	53.876	0.018561	1261.7	1560.6	5.5976	2.6203	3.2960	628.74	0.053519	2.0097e-05	0.086184	supercritical
558.69	161.00	53.771	0.018597	1264.4	1563.9	5.6035	2.6239	3.2989	629.22	0.053184	2.0118e-05	0.086375	supercritical
559.69	161.00	53.666	0.018634	1267.1	1567.2	5.6094	2.6275	3.3018	629.70	0.052850	2.0138e-05	0.086566	supercritical
560.69	161.00	53.561	0.018670	1269.9	1570.5	5.6153	2.6311	3.3047	630.18	0.052518	2.0159e-05	0.086758	supercritical
561.69	161.00	53.457	0.018707	1272.6	1573.8	5.6212	2.6347	3.3077	630.66	0.052189	2.0180e-05	0.086949	supercritical
562.69	161.00	53.353	0.018743	1275.3	1577.1	5.6271	2.6383	3.3106	631.14	0.051861	2.0200e-05	0.087141	supercritical
563.69	161.00	53.250	0.018779	1278.0	1580.4	5.6330	2.6420	3.3135	631.62	0.051534	2.0221e-05	0.087333	supercritical
564.69	161.00	53.147	0.018816	1280.8	1583.7	5.6389	2.6456	3.3165	632.10	0.051210	2.0241e-05	0.087526	supercritical
565.69	161.00	53.045	0.018852	1283.5	1587.0	5.6447	2.6492	3.3194	632.58	0.050887	2.0262e-05	0.087718	supercritical
566.69	161.00	52.943	0.018888	1286.2	1590.3	5.6506	2.6528	3.3224	633.06	0.050565	2.0282e-05	0.087911	supercritical
567.69	161.00	52.841	0.018925	1289.0	1593.7	5.6565	2.6564	3.3253	633.54	0.050246	2.0303e-05	0.088104	supercritical
568.69	161.00	52.740	0.018961	1291.7	1597.0	5.6623	2.6600	3.3283	634.01	0.049928	2.0324e-05	0.088297	supercritical
569.69	161.00	52.639	0.018997	1294.5	1600.3	5.6682	2.6636	3.3313	634.49	0.049612	2.0344e-05	0.088491	supercritical
570.69	161.00	52.539	0.019033	1297.2	1603.6	5.6740	2.6672	3.3342	634.97	0.049298	2.0365e-05	0.088684	supercritical
571.69	161.00	52.439	0.019070	1300.0	1607.0	5.6799	2.6708	3.3372	635.44	0.048985	2.0385e-05	0.088878	supercritical
572.69	161.00	52.340	0.019106	1302.7	1610.3	5.6857	2.6745	3.3402	635.92	0.048674	2.0406e-05	0.089072	supercritical
573.69	161.00	52.241	0.019142	1305.5	1613.7	5.6915	2.6781	3.3431	636.39	0.048365	2.0426e-05	0.089267	supercritical
574.69	161.00	52.143	0.019178	1308.2	1617.0	5.6974	2.6817	3.3461	636.86	0.048057	2.0447e-05	0.089461	supercritical
575.69	161.00	52.044	0.019214	1311.0	1620.4	5.7032	2.6853	3.3491	637.34	0.047751	2.0468e-05	0.089656	supercritical
576.69	161.00	51.947	0.019251	1313.8	1623.7	5.7090	2.6889	3.3521	637.81	0.047446	2.0488e-05	0.089851	supercritical
577.69	161.00	51.849	0.019287	1316.5	1627.1	5.7148	2.6925	3.3551	638.28	0.047143	2.0509e-05	0.090046	supercritical
578.69	161.00	51.752	0.019323	1319.3	1630.4	5.7206	2.6961	3.3581	638.75	0.046842	2.0529e-05	0.090241	supercritical
579.69	161.00	51.656	0.019359	1322.1	1633.8	5.7264	2.6997	3.3611	639.23	0.046542	2.0550e-05	0.090437	supercritical
580.69	161.00	51.560	0.019395	1324.9	1637.1	5.7322	2.7033	3.3641	639.70	0.046244	2.0571e-05	0.090633	supercritical
581.69	161.00	51.464	0.019431	1327.7	1640.5	5.7380	2.7069	3.3671	640.17	0.045947	2.0591e-05	0.090829	supercritical
582.69	161.00	51.369	0.019467	1330.5	1643.9	5.7438	2.7105	3.3701	640.64	0.045652	2.0612e-05	0.091025	supercritical
583.69	161.00	51.274	0.019503	1333.2	1647.2	5.7496	2.7141	3.3731	641.11	0.045358	2.0632e-05	0.091221	supercritical
584.69	161.00	51.179	0.019539	1336.0	1650.6	5.7553	2.7177	3.3761	641.57	0.045067	2.0653e-05	0.091418	supercritical
585.69	161.00	51.085	0.019575	1338.8	1654.0	5.7611	2.7213	3.3791	642.04	0.044776	2.0673e-05	0.091615	supercritical
586.69	161.00	50.991	0.019611	1341.6	1657.4	5.7669	2.7249	3.3821	642.51	0.044487	2.0694e-05	0.091812	supercritical
587.69	161.00	50.898	0.019647	1344.4	1660.8	5.7726	2.7285	3.3851	642.98	0.044200	2.0715e-05	0.092009	supercritical
588.69	161.00	50.805	0.019683	1347.3	1664.1	5.7784	2.7321	3.3881	643.45	0.043914	2.0735e-05	0.092206	supercritical
589.69	161.00	50.712	0.019719	1350.1	1667.5	5.7841	2.7356	3.3912	643.91	0.043629	2.0756e-05	0.092404	supercritical
590.69	161.00	50.620	0.019755	1352.9	1670.9	5.7899	2.7392	3.3942	644.38	0.043346	2.0776e-05	0.092602	supercritical
591.69	161.00	50.528	0.019791	1355.7	1674.3	5.7956	2.7428	3.3972	644.84	0.043065	2.0797e-05	0.092800	supercritical
592.69	161.00	50.437	0.019827	1358.5	1677.7	5.8014	2.7464	3.4002	645.31	0.042785	2.0817e-05	0.092998	supercritical
593.69	161.00	50.346	0.019863	1361.3	1681.1	5.8071	2.7500	3.4033	645.77	0.042506	2.0838e-05	0.093196	supercritical
594.69	161.00	50.255	0.019899	1364.2	1684.5	5.8128	2.7536	3.4063	646.24	0.042229	2.0859e-05	0.093395	supercritical
595.69	161.00	50.164	0.019934	1367.0	1687.9	5.8186	2.7572	3.4093	646.70	0.041954	2.0879e-05	0.093594	supercritical
596.69	161.00	50.074	0.019970	1369.8	1691.4	5.8243	2.7607	3.4124	647.16	0.041679	2.0900e-05	0.093793	supercritical
597.69	161.00	49.985	0.020006	1372.7	1694.8	5.8300	2.7643	3.4154	647.63	0.041406	2.0920e-05	0.093992	supercritical
598.69	161.00	49.895	0.020042	1375.5	1698.2	5.8357	2.7679	3.4185	648.09	0.041135	2.0941e-05	0.094191	supercritical
599.69	161.00	49.806	0.020078	1378.3	1701.6	5.8414	2.7715	3.4215	648.55	0.040865	2.0961e-05	0.094390	supercritical
600.69	161.00	49.717	0.020114	1381.2	1705.0	5.8471	2.7751	3.4246	649.01	0.040596	2.0982e-05	0.094590	supercritical
601.69	161.00	49.629	0.020149	1384.0	1708.5	5.8528	2.7786	3.4276	649.47	0.040329	2.1002e-05	0.094790	supercritical
602.69	161.00	49.541	0.020185	1386.9	1711.9	5.8585	2.7822	3.4307	649.93	0.040063	2.1023e-05	0.094990	supercritical
603.69	161.00	49.454	0.020221	1389.8	1715.3	5.8642	2.7858	3.4337	650.39	0.039799	2.1044e-05	0.095190	supercritical
604.69	161.00	49.366	0.020257	1392.6	1718.7	5.8699	2.7894	3.4368	650.85	0.039536	2.1064e-05	0.095391	supercritical
605.69	161.00	49.279	0.020292	1395.5	1722.2	5.8756	2.7929	3.4398	651.31	0.039274	2.1085e-05	0.095591	supercritical
606.69	161.00	49.193	0.020328	1398.3	1725.6	5.8813	2.7965	3.4429	651.77	0.039013	2.1105e-05	0.095792	supercritical
607.69	161.00	49.106	0.020364	1401.2	1729.1	5.8869	2.8001	3.4459	652.23	0.038754	2.1126e-05	0.095993	supercritical
608.69	161.00	49.021	0.020400	1404.1	1732.5	5.8926	2.8036	3.4490	652.69	0.038497	2.1146e-05	0.096194	supercritical
609.69	161.00	48.935	0.020435	1407.0	1736.0	5.8983	2.8072	3.4521	653.14	0.038240	2.1167e-05	0.096396	supercritical
610.69	161.00	48.850	0.020471	1409.8	1739.4	5.9039	2.8108	3.4551	653.60	0.037985	2.1187e-05	0.096597	supercritical
611.69	161.00	48.765	0.020507	1412.7	1742.9	5.9096	2.8143	3.4582	654.06	0.037731	2.1208e-05	0.096799	supercritical
612.69	161.00	48.680	0.020542	1415.6	1746.3	5.9152	2.8179	3.4613	654.51	0.037479	2.1228e-05	0.097001	supercritical
613.69	161.00	48.596	0.020578	1418.5	1749.8	5.9209	2.8214	3.4643	654.97	0.037227	2.1249e-05	0.097203	supercritical
614.69	161.00	48.512	0.020614	1421.4	1753.3	5.9265	2.8250	3.4674	655.42	0.036977	2.1269e-05	0.097405	supercritical
615.69	161.00	48.428	0.020649	1424.3	1756.7	5.9322	2.8285	3.4705	655.88	0.036729	2.1290e-05	0.097607	supercritical
616.69	161.00	48.345	0.020685	1427.2	1760.2	5.9378	2.8321	3.4735	656.33	0.036481	2.1310e-05	0.097810	supercritical
617.69	161.00	48.262	0.020720	1430.1	1763.7	5.9434	2.8356	3.4766	656.79	0.036235	2.1331e-05	0.098012	supercritical
618.69	161.00	48.179	0.020756	1433.0	1767.2	5.9490	2.8392	3.4797	657.24	0.035990	2.1351e-05	0.098215	supercritical
619.69	161.00	48.097	0.020792	1435.9	1770.6	5.9547	2.8427	3.4828	657.69	0.035746	2.1372e-05	0.098418	supercritical
620.69	161.00	48.014	0.020827	1438.8	1774.1	5.9603	2.8463	3.4858	658.14	0.035504	2.1392e-05	0.098621	supercritical
621.69	161.00	47.933	0.020863	1441.7	1777.6	5.9659	2.8498	3.4889	658.60	0.035263	2.1413e-05	0.098825	supercritical
622.69	161.00	47.851	0.020898	1444.6	1781.1	5.9715	2.8534	3.4920	659.05	0.035023	2.1433e-05	0.099028	supercritical
623.69	161.00	47.770	0.020934	1447.6	1784.6	5.9771	2.8569	3.4951	659.50	0.034784	2.1454e-05	0.099232	supercritical
624.69	161.00	47.689	0.020969	1450.5	1788.1	5.9827	2.8605	3.4982	659.95	0.034546	2.1474e-05	0.099436	supercritical