Temperature (K)	Pressure (bar)	Density (kg/m3)	Volume (m3/kg)	Internal Energy (kJ/kg)	Enthalpy (kJ/kg)	Entropy (J/g*K)	Cv (J/g*K)	Cp (J/g*K)	Sound Spd. (m/s)	Joule-Thomson (K/bar)	Viscosity (Pa*s)	Therm. Cond. (W/m*K)	Phase
90.694	383.00	472.47	0.0021165	-89.325	-8.2621	-0.92198	2.2471	3.2413	1756.0	-0.051887	0.00033790	0.24165	liquid
100.69	383.00	461.78	0.0021655	-58.801	24.139	-0.58308	2.1944	3.2408	1691.0	-0.051234	0.00023325	0.23192	liquid
101.69	383.00	460.71	0.0021706	-55.753	27.380	-0.55105	2.1898	3.2412	1684.4	-0.051151	0.00022612	0.23088	liquid
102.69	383.00	459.64	0.0021756	-52.705	30.621	-0.51933	2.1852	3.2417	1677.8	-0.051066	0.00021942	0.22982	liquid
103.69	383.00	458.57	0.0021807	-49.658	33.863	-0.48792	2.1806	3.2422	1671.2	-0.050978	0.00021309	0.22876	liquid
104.69	383.00	457.50	0.0021858	-46.611	37.105	-0.45680	2.1761	3.2427	1664.5	-0.050888	0.00020711	0.22769	liquid
105.69	383.00	456.43	0.0021909	-43.564	40.348	-0.42597	2.1717	3.2433	1657.9	-0.050795	0.00020145	0.22661	liquid
106.69	383.00	455.36	0.0021961	-40.518	43.592	-0.39543	2.1673	3.2438	1651.2	-0.050701	0.00019609	0.22552	liquid
107.69	383.00	454.28	0.0022013	-37.472	46.836	-0.36516	2.1629	3.2444	1644.6	-0.050604	0.00019101	0.22443	liquid
108.69	383.00	453.21	0.0022065	-34.427	50.081	-0.33517	2.1586	3.2450	1637.9	-0.050505	0.00018618	0.22333	liquid
109.69	383.00	452.14	0.0022117	-31.382	53.326	-0.30545	2.1543	3.2456	1631.3	-0.050405	0.00018159	0.22223	liquid
110.69	383.00	451.07	0.0022170	-28.338	56.572	-0.27599	2.1501	3.2462	1624.6	-0.050302	0.00017722	0.22112	liquid
111.69	383.00	449.99	0.0022223	-25.294	59.819	-0.24680	2.1459	3.2468	1618.0	-0.050197	0.00017306	0.22000	liquid
112.69	383.00	448.92	0.0022276	-22.251	63.066	-0.21786	2.1417	3.2474	1611.3	-0.050090	0.00016908	0.21888	liquid
113.69	383.00	447.84	0.0022329	-19.208	66.313	-0.18916	2.1375	3.2481	1604.7	-0.049981	0.00016529	0.21776	liquid
114.69	383.00	446.77	0.0022383	-16.165	69.562	-0.16072	2.1334	3.2487	1598.0	-0.049870	0.00016166	0.21664	liquid
115.69	383.00	445.69	0.0022437	-13.123	72.811	-0.13251	2.1293	3.2493	1591.4	-0.049757	0.00015818	0.21551	liquid
116.69	383.00	444.61	0.0022491	-10.082	76.060	-0.10455	2.1252	3.2499	1584.7	-0.049642	0.00015485	0.21438	liquid
117.69	383.00	443.54	0.0022546	-7.0408	79.311	-0.076811	2.1212	3.2505	1578.1	-0.049525	0.00015165	0.21325	liquid
118.69	383.00	442.46	0.0022601	-4.0003	82.561	-0.049307	2.1172	3.2511	1571.5	-0.049406	0.00014859	0.21212	liquid
119.69	383.00	441.38	0.0022656	-0.96045	85.813	-0.022028	2.1132	3.2518	1564.9	-0.049284	0.00014564	0.21098	liquid
120.69	383.00	440.30	0.0022712	2.0789	89.065	0.0050289	2.1092	3.2524	1558.2	-0.049160	0.00014281	0.20985	liquid
121.69	383.00	439.22	0.0022768	5.1176	92.318	0.031868	2.1053	3.2530	1551.6	-0.049034	0.00014008	0.20871	liquid
122.69	383.00	438.14	0.0022824	8.1558	95.571	0.058492	2.1013	3.2536	1545.0	-0.048906	0.00013745	0.20758	liquid
123.69	383.00	437.06	0.0022880	11.193	98.825	0.084905	2.0974	3.2543	1538.5	-0.048775	0.00013492	0.20644	liquid
124.69	383.00	435.97	0.0022937	14.230	102.08	0.11111	2.0936	3.2549	1531.9	-0.048642	0.00013248	0.20530	liquid
125.69	383.00	434.89	0.0022994	17.267	105.33	0.13711	2.0897	3.2555	1525.3	-0.048507	0.00013012	0.20417	liquid
126.69	383.00	433.81	0.0023052	20.302	108.59	0.16291	2.0859	3.2561	1518.8	-0.048369	0.00012784	0.20304	liquid
127.69	383.00	432.72	0.0023110	23.338	111.85	0.18852	2.0821	3.2568	1512.2	-0.048229	0.00012564	0.20190	liquid
128.69	383.00	431.64	0.0023168	26.372	115.10	0.21392	2.0783	3.2574	1505.7	-0.048086	0.00012351	0.20077	liquid
129.69	383.00	430.55	0.0023226	29.406	118.36	0.23914	2.0746	3.2581	1499.2	-0.047941	0.00012145	0.19964	liquid
130.69	383.00	429.46	0.0023285	32.439	121.62	0.26417	2.0709	3.2587	1492.6	-0.047793	0.00011945	0.19851	liquid
131.69	383.00	428.37	0.0023344	35.471	124.88	0.28901	2.0672	3.2594	1486.1	-0.047643	0.00011751	0.19739	liquid
132.69	383.00	427.28	0.0023404	38.503	128.14	0.31367	2.0635	3.2601	1479.7	-0.047489	0.00011563	0.19626	liquid
133.69	383.00	426.19	0.0023464	41.534	131.40	0.33815	2.0599	3.2607	1473.2	-0.047333	0.00011381	0.19514	liquid
134.69	383.00	425.10	0.0023524	44.564	134.66	0.36245	2.0562	3.2614	1466.7	-0.047175	0.00011204	0.19402	liquid
135.69	383.00	424.01	0.0023584	47.594	137.92	0.38657	2.0527	3.2621	1460.3	-0.047013	0.00011032	0.19290	liquid
136.69	383.00	422.92	0.0023645	50.623	141.18	0.41053	2.0491	3.2628	1453.9	-0.046849	0.00010866	0.19179	liquid
137.69	383.00	421.82	0.0023707	53.651	144.45	0.43431	2.0456	3.2635	1447.4	-0.046682	0.00010703	0.19068	liquid
138.69	383.00	420.73	0.0023768	56.679	147.71	0.45793	2.0421	3.2643	1441.0	-0.046512	0.00010545	0.18957	liquid
139.69	383.00	419.63	0.0023830	59.706	150.98	0.48139	2.0386	3.2650	1434.6	-0.046338	0.00010392	0.18847	liquid
140.69	383.00	418.53	0.0023893	62.732	154.24	0.50468	2.0352	3.2657	1428.3	-0.046162	0.00010242	0.18737	liquid
141.69	383.00	417.44	0.0023956	65.757	157.51	0.52781	2.0317	3.2665	1421.9	-0.045983	0.00010097	0.18627	liquid
142.69	383.00	416.34	0.0024019	68.782	160.77	0.55078	2.0284	3.2673	1415.6	-0.045801	9.9549e-05	0.18518	liquid
143.69	383.00	415.24	0.0024083	71.806	164.04	0.57360	2.0250	3.2681	1409.3	-0.045615	9.8166e-05	0.18409	liquid
144.69	383.00	414.13	0.0024147	74.829	167.31	0.59627	2.0217	3.2689	1402.9	-0.045427	9.6818e-05	0.18301	liquid
145.69	383.00	413.03	0.0024211	77.851	170.58	0.61879	2.0184	3.2697	1396.7	-0.045235	9.5503e-05	0.18193	liquid
146.69	383.00	411.93	0.0024276	80.873	173.85	0.64116	2.0151	3.2705	1390.4	-0.045040	9.4221e-05	0.18085	liquid
147.69	383.00	410.82	0.0024341	83.894	177.12	0.66338	2.0119	3.2714	1384.1	-0.044841	9.2969e-05	0.17978	liquid
148.69	383.00	409.72	0.0024407	86.914	180.39	0.68546	2.0087	3.2722	1377.9	-0.044639	9.1747e-05	0.17871	liquid
149.69	383.00	408.61	0.0024473	89.933	183.67	0.70739	2.0055	3.2731	1371.7	-0.044434	9.0553e-05	0.17765	liquid
150.69	383.00	407.50	0.0024540	92.952	186.94	0.72919	2.0023	3.2740	1365.4	-0.044226	8.9387e-05	0.17659	liquid
151.69	383.00	406.39	0.0024607	95.970	190.21	0.75085	1.9992	3.2749	1359.3	-0.044013	8.8248e-05	0.17553	liquid
152.69	383.00	405.28	0.0024674	98.987	193.49	0.77237	1.9961	3.2759	1353.1	-0.043798	8.7134e-05	0.17449	liquid
153.69	383.00	404.17	0.0024742	102.00	196.77	0.79375	1.9931	3.2768	1346.9	-0.043579	8.6046e-05	0.17344	liquid
154.69	383.00	403.06	0.0024810	105.02	200.04	0.81501	1.9900	3.2778	1340.8	-0.043356	8.4981e-05	0.17240	liquid
155.69	383.00	401.94	0.0024879	108.03	203.32	0.83613	1.9871	3.2788	1334.7	-0.043129	8.3939e-05	0.17137	liquid
156.69	383.00	400.83	0.0024948	111.05	206.60	0.85713	1.9841	3.2797	1328.6	-0.042899	8.2920e-05	0.17034	liquid
157.69	383.00	399.71	0.0025018	114.06	209.88	0.87799	1.9812	3.2808	1322.5	-0.042666	8.1923e-05	0.16932	liquid
158.69	383.00	398.60	0.0025088	117.07	213.16	0.89874	1.9783	3.2818	1316.5	-0.042428	8.0946e-05	0.16830	liquid
159.69	383.00	397.48	0.0025159	120.09	216.44	0.91936	1.9754	3.2829	1310.4	-0.042187	7.9990e-05	0.16729	liquid
160.69	383.00	396.36	0.0025230	123.10	219.73	0.93985	1.9726	3.2839	1304.4	-0.041942	7.9054e-05	0.16628	liquid
161.69	383.00	395.24	0.0025301	126.11	223.01	0.96023	1.9698	3.2850	1298.4	-0.041693	7.8137e-05	0.16528	liquid
162.69	383.00	394.12	0.0025373	129.12	226.30	0.98048	1.9670	3.2861	1292.4	-0.041440	7.7238e-05	0.16428	liquid
163.69	383.00	392.99	0.0025446	132.13	229.58	1.0006	1.9643	3.2872	1286.5	-0.041183	7.6357e-05	0.16329	liquid
164.69	383.00	391.87	0.0025519	135.14	232.87	1.0206	1.9615	3.2884	1280.5	-0.040923	7.5494e-05	0.16231	liquid
165.69	383.00	390.74	0.0025592	138.14	236.16	1.0406	1.9589	3.2895	1274.6	-0.040658	7.4648e-05	0.16133	liquid
166.69	383.00	389.62	0.0025666	141.15	239.45	1.0604	1.9562	3.2907	1268.7	-0.040389	7.3819e-05	0.16036	liquid
167.69	383.00	388.49	0.0025741	144.16	242.74	1.0800	1.9536	3.2919	1262.8	-0.040117	7.3005e-05	0.15939	liquid
168.69	383.00	387.36	0.0025816	147.16	246.04	1.0996	1.9510	3.2931	1257.0	-0.039840	7.2207e-05	0.15843	liquid
169.69	383.00	386.23	0.0025891	150.17	249.33	1.1191	1.9485	3.2944	1251.2	-0.039559	7.1424e-05	0.15747	liquid
170.69	383.00	385.10	0.0025967	153.17	252.62	1.1384	1.9460	3.2956	1245.4	-0.039274	7.0656e-05	0.15652	liquid
171.69	383.00	383.97	0.0026044	156.17	255.92	1.1577	1.9435	3.2969	1239.6	-0.038985	6.9902e-05	0.15558	liquid
172.69	383.00	382.84	0.0026121	159.17	259.22	1.1768	1.9411	3.2982	1233.8	-0.038692	6.9162e-05	0.15464	liquid
173.69	383.00	381.70	0.0026198	162.18	262.52	1.1959	1.9387	3.2995	1228.1	-0.038394	6.8436e-05	0.15371	liquid
174.69	383.00	380.57	0.0026277	165.18	265.82	1.2148	1.9363	3.3008	1222.4	-0.038093	6.7723e-05	0.15279	liquid
175.69	383.00	379.43	0.0026355	168.18	269.12	1.2337	1.9339	3.3021	1216.7	-0.037787	6.7023e-05	0.15187	liquid
176.69	383.00	378.29	0.0026435	171.18	272.42	1.2524	1.9316	3.3034	1211.0	-0.037476	6.6336e-05	0.15095	liquid
177.69	383.00	377.15	0.0026514	174.17	275.72	1.2711	1.9293	3.3048	1205.3	-0.037162	6.5660e-05	0.15005	liquid
178.69	383.00	376.01	0.0026595	177.17	279.03	1.2896	1.9271	3.3062	1199.7	-0.036843	6.4997e-05	0.14915	liquid
179.69	383.00	374.87	0.0026676	180.17	282.34	1.3081	1.9249	3.3076	1194.1	-0.036520	6.4345e-05	0.14825	liquid
180.69	383.00	373.73	0.0026757	183.17	285.65	1.3264	1.9227	3.3090	1188.6	-0.036192	6.3705e-05	0.14737	liquid
181.69	383.00	372.59	0.0026839	186.16	288.96	1.3447	1.9205	3.3104	1183.0	-0.035860	6.3076e-05	0.14648	liquid
182.69	383.00	371.44	0.0026922	189.15	292.27	1.3629	1.9184	3.3118	1177.5	-0.035524	6.2457e-05	0.14561	liquid
183.69	383.00	370.30	0.0027005	192.15	295.58	1.3810	1.9164	3.3133	1172.0	-0.035183	6.1849e-05	0.14474	liquid
184.69	383.00	369.15	0.0027089	195.14	298.89	1.3990	1.9143	3.3147	1166.5	-0.034838	6.1252e-05	0.14388	liquid
185.69	383.00	368.00	0.0027174	198.13	302.21	1.4169	1.9123	3.3162	1161.1	-0.034489	6.0664e-05	0.14302	liquid
186.69	383.00	366.86	0.0027259	201.12	305.53	1.4347	1.9103	3.3177	1155.6	-0.034135	6.0086e-05	0.14218	liquid
187.69	383.00	365.71	0.0027344	204.12	308.84	1.4524	1.9084	3.3192	1150.3	-0.033777	5.9518e-05	0.14134	liquid
188.69	383.00	364.56	0.0027431	207.10	312.16	1.4700	1.9064	3.3207	1144.9	-0.033414	5.8959e-05	0.14050	liquid
189.69	383.00	363.41	0.0027517	210.09	315.49	1.4876	1.9046	3.3222	1139.5	-0.033047	5.8410e-05	0.13968	liquid
190.69	383.00	362.25	0.0027605	213.08	318.81	1.5051	1.9027	3.3237	1134.2	-0.032675	5.7869e-05	0.13886	supercritical
191.69	383.00	361.10	0.0027693	216.07	322.13	1.5225	1.9009	3.3252	1128.9	-0.032299	5.7338e-05	0.13804	supercritical
192.69	383.00	359.95	0.0027782	219.05	325.46	1.5398	1.8991	3.3268	1123.7	-0.031919	5.6814e-05	0.13722	supercritical
193.69	383.00	358.79	0.0027871	222.04	328.79	1.5570	1.8974	3.3283	1118.5	-0.031534	5.6299e-05	0.13641	supercritical
194.69	383.00	357.64	0.0027961	225.02	332.12	1.5741	1.8957	3.3299	1113.3	-0.031144	5.5793e-05	0.13561	supercritical
195.69	383.00	356.48	0.0028052	228.01	335.45	1.5912	1.8940	3.3314	1108.1	-0.030750	5.5294e-05	0.13482	supercritical
196.69	383.00	355.33	0.0028143	230.99	338.78	1.6082	1.8923	3.3330	1102.9	-0.030352	5.4803e-05	0.13403	supercritical
197.69	383.00	354.17	0.0028235	233.97	342.11	1.6251	1.8907	3.3346	1097.8	-0.029950	5.4320e-05	0.13325	supercritical
198.69	383.00	353.01	0.0028328	236.95	345.45	1.6419	1.8891	3.3361	1092.7	-0.029543	5.3845e-05	0.13247	supercritical
199.69	383.00	351.85	0.0028421	239.93	348.78	1.6587	1.8876	3.3377	1087.7	-0.029131	5.3377e-05	0.13170	supercritical
200.69	383.00	350.69	0.0028515	242.91	352.12	1.6753	1.8861	3.3393	1082.6	-0.028716	5.2916e-05	0.13094	supercritical
201.69	383.00	349.53	0.0028610	245.89	355.46	1.6919	1.8846	3.3408	1077.6	-0.028296	5.2462e-05	0.13019	supercritical
202.69	383.00	348.37	0.0028705	248.86	358.80	1.7085	1.8832	3.3424	1072.7	-0.027871	5.2015e-05	0.12944	supercritical
203.69	383.00	347.21	0.0028801	251.84	362.15	1.7249	1.8817	3.3440	1067.7	-0.027443	5.1575e-05	0.12870	supercritical
204.69	383.00	346.05	0.0028898	254.81	365.49	1.7413	1.8804	3.3455	1062.8	-0.027010	5.1141e-05	0.12796	supercritical
205.69	383.00	344.89	0.0028995	257.79	368.84	1.7576	1.8790	3.3471	1057.9	-0.026573	5.0715e-05	0.12723	supercritical
206.69	383.00	343.72	0.0029093	260.76	372.19	1.7738	1.8777	3.3486	1053.1	-0.026131	5.0294e-05	0.12651	supercritical
207.69	383.00	342.56	0.0029192	263.73	375.54	1.7900	1.8764	3.3502	1048.3	-0.025686	4.9880e-05	0.12579	supercritical
208.69	383.00	341.40	0.0029291	266.70	378.89	1.8061	1.8752	3.3517	1043.5	-0.025236	4.9472e-05	0.12508	supercritical
209.69	383.00	340.23	0.0029392	269.67	382.24	1.8221	1.8740	3.3533	1038.7	-0.024782	4.9070e-05	0.12438	supercritical
210.69	383.00	339.07	0.0029492	272.64	385.59	1.8381	1.8728	3.3548	1034.0	-0.024325	4.8674e-05	0.12368	supercritical
211.69	383.00	337.91	0.0029594	275.60	388.95	1.8540	1.8716	3.3563	1029.3	-0.023863	4.8283e-05	0.12299	supercritical
212.69	383.00	336.74	0.0029696	278.57	392.31	1.8698	1.8705	3.3579	1024.7	-0.023397	4.7899e-05	0.12231	supercritical
213.69	383.00	335.58	0.0029799	281.53	395.66	1.8856	1.8694	3.3594	1020.0	-0.022927	4.7520e-05	0.12163	supercritical
214.69	383.00	334.41	0.0029903	284.50	399.02	1.9012	1.8684	3.3608	1015.5	-0.022454	4.7147e-05	0.12096	supercritical
215.69	383.00	333.25	0.0030008	287.46	402.39	1.9169	1.8674	3.3623	1010.9	-0.021977	4.6779e-05	0.12030	supercritical
216.69	383.00	332.08	0.0030113	290.42	405.75	1.9324	1.8664	3.3638	1006.4	-0.021496	4.6416e-05	0.11964	supercritical
217.69	383.00	330.92	0.0030219	293.38	409.11	1.9479	1.8654	3.3652	1001.9	-0.021011	4.6058e-05	0.11899	supercritical
218.69	383.00	329.75	0.0030326	296.33	412.48	1.9633	1.8645	3.3667	997.43	-0.020523	4.5706e-05	0.11834	supercritical
219.69	383.00	328.59	0.0030433	299.29	415.85	1.9787	1.8636	3.3681	993.00	-0.020031	4.5359e-05	0.11770	supercritical
220.69	383.00	327.43	0.0030541	302.24	419.22	1.9940	1.8628	3.3695	988.61	-0.019536	4.5016e-05	0.11707	supercritical
221.69	383.00	326.26	0.0030650	305.20	422.59	2.0092	1.8620	3.3708	984.26	-0.019037	4.4679e-05	0.11644	supercritical
222.69	383.00	325.10	0.0030760	308.15	425.96	2.0244	1.8612	3.3722	979.94	-0.018535	4.4346e-05	0.11583	supercritical
223.69	383.00	323.94	0.0030870	311.10	429.33	2.0395	1.8604	3.3735	975.66	-0.018030	4.4018e-05	0.11521	supercritical
224.69	383.00	322.77	0.0030982	314.05	432.70	2.0546	1.8597	3.3748	971.41	-0.017521	4.3695e-05	0.11461	supercritical
225.69	383.00	321.61	0.0031093	316.99	436.08	2.0696	1.8590	3.3761	967.19	-0.017009	4.3376e-05	0.11401	supercritical
226.69	383.00	320.45	0.0031206	319.94	439.46	2.0845	1.8583	3.3774	963.01	-0.016495	4.3061e-05	0.11341	supercritical
227.69	383.00	319.29	0.0031320	322.88	442.83	2.0994	1.8577	3.3786	958.87	-0.015977	4.2751e-05	0.11282	supercritical
228.69	383.00	318.13	0.0031434	325.82	446.21	2.1142	1.8571	3.3798	954.76	-0.015457	4.2446e-05	0.11224	supercritical
229.69	383.00	316.97	0.0031549	328.76	449.59	2.1289	1.8566	3.3810	950.69	-0.014934	4.2144e-05	0.11167	supercritical
230.69	383.00	315.81	0.0031665	331.70	452.98	2.1436	1.8560	3.3821	946.65	-0.014408	4.1847e-05	0.11110	supercritical
231.69	383.00	314.65	0.0031781	334.64	456.36	2.1582	1.8555	3.3832	942.65	-0.013880	4.1554e-05	0.11054	supercritical
232.69	383.00	313.50	0.0031898	337.57	459.74	2.1728	1.8550	3.3843	938.69	-0.013349	4.1265e-05	0.10998	supercritical
233.69	383.00	312.34	0.0032016	340.50	463.13	2.1873	1.8546	3.3854	934.76	-0.012816	4.0980e-05	0.10943	supercritical
234.69	383.00	311.18	0.0032135	343.44	466.51	2.2018	1.8542	3.3864	930.87	-0.012281	4.0699e-05	0.10889	supercritical
235.69	383.00	310.03	0.0032255	346.36	469.90	2.2162	1.8538	3.3874	927.01	-0.011744	4.0422e-05	0.10835	supercritical
236.69	383.00	308.88	0.0032375	349.29	473.29	2.2305	1.8535	3.3883	923.20	-0.011205	4.0148e-05	0.10782	supercritical
237.69	383.00	307.73	0.0032496	352.22	476.68	2.2448	1.8532	3.3892	919.42	-0.010663	3.9879e-05	0.10729	supercritical
238.69	383.00	306.58	0.0032618	355.14	480.07	2.2590	1.8529	3.3901	915.67	-0.010120	3.9613e-05	0.10678	supercritical
239.69	383.00	305.43	0.0032741	358.06	483.46	2.2732	1.8526	3.3910	911.96	-0.0095755	3.9350e-05	0.10626	supercritical
240.69	383.00	304.28	0.0032864	360.98	486.85	2.2873	1.8524	3.3918	908.29	-0.0090293	3.9092e-05	0.10576	supercritical
241.69	383.00	303.14	0.0032989	363.89	490.24	2.3014	1.8522	3.3925	904.66	-0.0084816	3.8837e-05	0.10526	supercritical
242.69	383.00	301.99	0.0033113	366.81	493.63	2.3154	1.8520	3.3932	901.07	-0.0079326	3.8585e-05	0.10476	supercritical
243.69	383.00	300.85	0.0033239	369.72	497.03	2.3294	1.8519	3.3939	897.51	-0.0073824	3.8337e-05	0.10427	supercritical
244.69	383.00	299.71	0.0033366	372.63	500.42	2.3433	1.8518	3.3945	893.99	-0.0068312	3.8092e-05	0.10379	supercritical
245.69	383.00	298.57	0.0033493	375.54	503.82	2.3571	1.8517	3.3951	890.50	-0.0062790	3.7851e-05	0.10332	supercritical
246.69	383.00	297.43	0.0033621	378.44	507.21	2.3709	1.8517	3.3957	887.06	-0.0057260	3.7613e-05	0.10285	supercritical
247.69	383.00	296.30	0.0033750	381.35	510.61	2.3846	1.8517	3.3962	883.65	-0.0051724	3.7378e-05	0.10238	supercritical
248.69	383.00	295.17	0.0033879	384.25	514.00	2.3983	1.8517	3.3967	880.28	-0.0046182	3.7146e-05	0.10192	supercritical
249.69	383.00	294.03	0.0034010	387.14	517.40	2.4120	1.8518	3.3971	876.94	-0.0040636	3.6918e-05	0.10147	supercritical
250.69	383.00	292.91	0.0034141	390.04	520.80	2.4255	1.8518	3.3974	873.64	-0.0035087	3.6692e-05	0.10103	supercritical
251.69	383.00	291.78	0.0034272	392.93	524.20	2.4391	1.8519	3.3978	870.38	-0.0029537	3.6470e-05	0.10058	supercritical
252.69	383.00	290.66	0.0034405	395.82	527.59	2.4525	1.8521	3.3981	867.16	-0.0023987	3.6251e-05	0.10015	supercritical
253.69	383.00	289.53	0.0034538	398.71	530.99	2.4660	1.8522	3.3983	863.98	-0.0018438	3.6035e-05	0.099721	supercritical
254.69	383.00	288.41	0.0034672	401.59	534.39	2.4793	1.8524	3.3985	860.83	-0.0012892	3.5821e-05	0.099298	supercritical
255.69	383.00	287.30	0.0034807	404.48	537.79	2.4926	1.8526	3.3986	857.72	-0.00073499	3.5611e-05	0.098880	supercritical
256.69	383.00	286.18	0.0034943	407.36	541.19	2.5059	1.8529	3.3987	854.64	-0.00018133	3.5404e-05	0.098468	supercritical
257.69	383.00	285.07	0.0035079	410.23	544.59	2.5191	1.8532	3.3987	851.61	0.00037165	3.5199e-05	0.098062	supercritical
258.69	383.00	283.96	0.0035216	413.11	547.98	2.5323	1.8535	3.3987	848.61	0.00092381	3.4997e-05	0.097662	supercritical
259.69	383.00	282.86	0.0035354	415.98	551.38	2.5454	1.8538	3.3987	845.65	0.0014750	3.4798e-05	0.097267	supercritical
260.69	383.00	281.75	0.0035492	418.85	554.78	2.5585	1.8542	3.3986	842.72	0.0020251	3.4602e-05	0.096878	supercritical
261.69	383.00	280.65	0.0035631	421.71	558.18	2.5715	1.8545	3.3984	839.83	0.0025740	3.4409e-05	0.096494	supercritical
262.69	383.00	279.56	0.0035771	424.58	561.58	2.5844	1.8550	3.3982	836.98	0.0031215	3.4218e-05	0.096116	supercritical
263.69	383.00	278.46	0.0035912	427.44	564.98	2.5973	1.8554	3.3980	834.16	0.0036674	3.4029e-05	0.095743	supercritical
264.69	383.00	277.37	0.0036053	430.29	568.37	2.6102	1.8559	3.3977	831.38	0.0042117	3.3844e-05	0.095375	supercritical
265.69	383.00	276.28	0.0036195	433.15	571.77	2.6230	1.8564	3.3973	828.64	0.0047542	3.3661e-05	0.095013	supercritical
266.69	383.00	275.20	0.0036337	436.00	575.17	2.6358	1.8569	3.3970	825.93	0.0052948	3.3480e-05	0.094657	supercritical
267.69	383.00	274.12	0.0036481	438.84	578.57	2.6485	1.8574	3.3965	823.26	0.0058334	3.3302e-05	0.094305	supercritical
268.69	383.00	273.04	0.0036625	441.69	581.96	2.6612	1.8580	3.3960	820.62	0.0063697	3.3127e-05	0.093959	supercritical
269.69	383.00	271.96	0.0036770	444.53	585.36	2.6738	1.8586	3.3955	818.02	0.0069037	3.2954e-05	0.093618	supercritical
270.69	383.00	270.89	0.0036915	447.37	588.75	2.6863	1.8593	3.3949	815.46	0.0074352	3.2783e-05	0.093283	supercritical
271.69	383.00	269.83	0.0037061	450.20	592.15	2.6988	1.8599	3.3943	812.93	0.0079641	3.2615e-05	0.092952	supercritical
272.69	383.00	268.76	0.0037208	453.04	595.54	2.7113	1.8606	3.3936	810.44	0.0084903	3.2449e-05	0.092627	supercritical
273.69	383.00	267.70	0.0037355	455.87	598.94	2.7237	1.8613	3.3929	807.98	0.0090136	3.2285e-05	0.092306	supercritical
274.69	383.00	266.65	0.0037503	458.69	602.33	2.7361	1.8621	3.3921	805.55	0.0095340	3.2124e-05	0.091991	supercritical
275.69	383.00	265.59	0.0037652	461.51	605.72	2.7484	1.8628	3.3913	803.16	0.010051	3.1965e-05	0.091681	supercritical
276.69	383.00	264.54	0.0037801	464.33	609.11	2.7607	1.8636	3.3904	800.81	0.010565	3.1808e-05	0.091375	supercritical
277.69	383.00	263.50	0.0037951	467.15	612.50	2.7729	1.8644	3.3895	798.49	0.011076	3.1654e-05	0.091075	supercritical
278.69	383.00	262.46	0.0038101	469.96	615.89	2.7851	1.8653	3.3886	796.20	0.011583	3.1501e-05	0.090779	supercritical
279.69	383.00	261.42	0.0038252	472.77	619.28	2.7973	1.8661	3.3876	793.95	0.012086	3.1351e-05	0.090489	supercritical
280.69	383.00	260.39	0.0038404	475.58	622.66	2.8093	1.8670	3.3866	791.73	0.012586	3.1203e-05	0.090203	supercritical
281.69	383.00	259.36	0.0038556	478.38	626.05	2.8214	1.8679	3.3855	789.54	0.013082	3.1057e-05	0.089921	supercritical
282.69	383.00	258.34	0.0038709	481.18	629.44	2.8334	1.8689	3.3844	787.39	0.013574	3.0913e-05	0.089645	supercritical
283.69	383.00	257.32	0.0038863	483.98	632.82	2.8453	1.8698	3.3832	785.27	0.014062	3.0771e-05	0.089373	supercritical
284.69	383.00	256.30	0.0039017	486.77	636.20	2.8572	1.8708	3.3821	783.18	0.014546	3.0632e-05	0.089106	supercritical
285.69	383.00	255.29	0.0039171	489.56	639.58	2.8691	1.8718	3.3808	781.12	0.015026	3.0494e-05	0.088843	supercritical
286.69	383.00	254.28	0.0039326	492.34	642.96	2.8809	1.8729	3.3796	779.10	0.015501	3.0358e-05	0.088585	supercritical
287.69	383.00	253.28	0.0039482	495.13	646.34	2.8927	1.8739	3.3783	777.10	0.015972	3.0224e-05	0.088331	supercritical
288.69	383.00	252.28	0.0039638	497.90	649.72	2.9044	1.8750	3.3769	775.14	0.016438	3.0092e-05	0.088082	supercritical
289.69	383.00	251.29	0.0039795	500.68	653.10	2.9161	1.8761	3.3756	773.21	0.016899	2.9962e-05	0.087837	supercritical
290.69	383.00	250.30	0.0039953	503.45	656.47	2.9277	1.8772	3.3741	771.32	0.017356	2.9834e-05	0.087596	supercritical
291.69	383.00	249.31	0.0040110	506.22	659.84	2.9393	1.8784	3.3727	769.45	0.017808	2.9708e-05	0.087360	supercritical
292.69	383.00	248.33	0.0040269	508.99	663.22	2.9508	1.8796	3.3712	767.61	0.018255	2.9584e-05	0.087128	supercritical
293.69	383.00	247.36	0.0040428	511.75	666.59	2.9623	1.8808	3.3697	765.80	0.018697	2.9461e-05	0.086900	supercritical
294.69	383.00	246.38	0.0040587	514.51	669.96	2.9738	1.8820	3.3682	764.03	0.019134	2.9340e-05	0.086677	supercritical
295.69	383.00	245.42	0.0040747	517.26	673.32	2.9852	1.8833	3.3667	762.28	0.019566	2.9221e-05	0.086457	supercritical
296.69	383.00	244.46	0.0040907	520.02	676.69	2.9965	1.8845	3.3651	760.56	0.019993	2.9104e-05	0.086242	supercritical
297.69	383.00	243.50	0.0041068	522.76	680.05	3.0079	1.8858	3.3635	758.87	0.020414	2.8989e-05	0.086031	supercritical
298.69	383.00	242.55	0.0041229	525.51	683.42	3.0191	1.8871	3.3618	757.21	0.020830	2.8875e-05	0.085823	supercritical
299.69	383.00	241.60	0.0041391	528.25	686.78	3.0304	1.8885	3.3602	755.58	0.021241	2.8763e-05	0.085620	supercritical
300.69	383.00	240.66	0.0041553	530.99	690.14	3.0416	1.8898	3.3585	753.98	0.021646	2.8652e-05	0.085420	supercritical
301.69	383.00	239.72	0.0041716	533.72	693.49	3.0527	1.8912	3.3568	752.40	0.022046	2.8543e-05	0.085225	supercritical
302.69	383.00	238.79	0.0041879	536.46	696.85	3.0638	1.8926	3.3550	750.85	0.022440	2.8436e-05	0.085033	supercritical
303.69	383.00	237.86	0.0042042	539.18	700.20	3.0749	1.8941	3.3533	749.33	0.022828	2.8331e-05	0.084845	supercritical
304.69	383.00	236.93	0.0042206	541.91	703.56	3.0859	1.8955	3.3515	747.83	0.023211	2.8227e-05	0.084661	supercritical
305.69	383.00	236.02	0.0042370	544.63	706.91	3.0969	1.8970	3.3497	746.37	0.023588	2.8124e-05	0.084481	supercritical
306.69	383.00	235.10	0.0042535	547.35	710.26	3.1078	1.8985	3.3479	744.93	0.023959	2.8023e-05	0.084304	supercritical
307.69	383.00	234.19	0.0042700	550.06	713.60	3.1187	1.9000	3.3461	743.51	0.024325	2.7924e-05	0.084131	supercritical
308.69	383.00	233.29	0.0042865	552.77	716.95	3.1296	1.9015	3.3443	742.12	0.024685	2.7826e-05	0.083961	supercritical
309.69	383.00	232.39	0.0043031	555.48	720.29	3.1404	1.9031	3.3425	740.76	0.025039	2.7730e-05	0.083795	supercritical
310.69	383.00	231.50	0.0043197	558.19	723.63	3.1511	1.9047	3.3406	739.42	0.025387	2.7635e-05	0.083633	supercritical
311.69	383.00	230.61	0.0043364	560.89	726.97	3.1619	1.9063	3.3387	738.10	0.025729	2.7541e-05	0.083474	supercritical
312.69	383.00	229.72	0.0043530	563.59	730.31	3.1726	1.9079	3.3369	736.81	0.026065	2.7449e-05	0.083318	supercritical
313.69	383.00	228.85	0.0043698	566.28	733.65	3.1832	1.9095	3.3350	735.55	0.026395	2.7359e-05	0.083166	supercritical
314.69	383.00	227.97	0.0043865	568.98	736.98	3.1938	1.9112	3.3331	734.31	0.026719	2.7270e-05	0.083017	supercritical
315.69	383.00	227.10	0.0044033	571.67	740.31	3.2044	1.9129	3.3312	733.09	0.027037	2.7182e-05	0.082872	supercritical
316.69	383.00	226.24	0.0044201	574.35	743.64	3.2149	1.9146	3.3293	731.90	0.027350	2.7095e-05	0.082729	supercritical
317.69	383.00	225.38	0.0044370	577.04	746.97	3.2254	1.9163	3.3274	730.72	0.027656	2.7010e-05	0.082591	supercritical
318.69	383.00	224.52	0.0044538	579.72	750.30	3.2359	1.9180	3.3255	729.58	0.027956	2.6926e-05	0.082455	supercritical
319.69	383.00	223.68	0.0044708	582.39	753.62	3.2463	1.9198	3.3236	728.45	0.028251	2.6844e-05	0.082322	supercritical
320.69	383.00	222.83	0.0044877	585.07	756.95	3.2567	1.9216	3.3217	727.35	0.028539	2.6762e-05	0.082193	supercritical
321.69	383.00	221.99	0.0045047	587.74	760.27	3.2670	1.9234	3.3197	726.26	0.028821	2.6682e-05	0.082066	supercritical
322.69	383.00	221.16	0.0045216	590.41	763.58	3.2773	1.9252	3.3178	725.20	0.029097	2.6604e-05	0.081943	supercritical
323.69	383.00	220.33	0.0045387	593.07	766.90	3.2876	1.9270	3.3159	724.16	0.029368	2.6526e-05	0.081823	supercritical
324.69	383.00	219.51	0.0045557	595.73	770.22	3.2978	1.9289	3.3140	723.15	0.029632	2.6450e-05	0.081706	supercritical
325.69	383.00	218.69	0.0045728	598.39	773.53	3.3080	1.9308	3.3121	722.15	0.029890	2.6375e-05	0.081591	supercritical
326.69	383.00	217.87	0.0045899	601.05	776.84	3.3181	1.9327	3.3102	721.17	0.030143	2.6301e-05	0.081480	supercritical
327.69	383.00	217.06	0.0046070	603.70	780.15	3.3283	1.9346	3.3083	720.21	0.030389	2.6228e-05	0.081372	supercritical
328.69	383.00	216.26	0.0046241	606.35	783.46	3.3383	1.9365	3.3064	719.28	0.030630	2.6157e-05	0.081266	supercritical
329.69	383.00	215.46	0.0046413	609.00	786.76	3.3484	1.9385	3.3045	718.36	0.030864	2.6086e-05	0.081163	supercritical
330.69	383.00	214.66	0.0046585	611.65	790.07	3.3584	1.9405	3.3027	717.46	0.031093	2.6017e-05	0.081064	supercritical
331.69	383.00	213.87	0.0046757	614.29	793.37	3.3683	1.9425	3.3008	716.58	0.031316	2.5949e-05	0.080966	supercritical
332.69	383.00	213.09	0.0046929	616.93	796.67	3.3783	1.9445	3.2990	715.72	0.031533	2.5882e-05	0.080872	supercritical
333.69	383.00	212.31	0.0047101	619.57	799.97	3.3882	1.9465	3.2971	714.88	0.031744	2.5816e-05	0.080780	supercritical
334.69	383.00	211.53	0.0047274	622.20	803.26	3.3980	1.9486	3.2953	714.06	0.031950	2.5751e-05	0.080691	supercritical
335.69	383.00	210.76	0.0047447	624.84	806.56	3.4079	1.9506	3.2935	713.25	0.032150	2.5687e-05	0.080605	supercritical
336.69	383.00	210.00	0.0047620	627.47	809.85	3.4177	1.9527	3.2917	712.46	0.032344	2.5624e-05	0.080521	supercritical
337.69	383.00	209.24	0.0047793	630.09	813.14	3.4274	1.9548	3.2899	711.69	0.032532	2.5562e-05	0.080440	supercritical
338.69	383.00	208.48	0.0047966	632.72	816.43	3.4371	1.9569	3.2881	710.94	0.032715	2.5502e-05	0.080362	supercritical
339.69	383.00	207.73	0.0048140	635.34	819.72	3.4468	1.9591	3.2863	710.20	0.032892	2.5442e-05	0.080286	supercritical
340.69	383.00	206.98	0.0048313	637.96	823.00	3.4565	1.9612	3.2846	709.48	0.033063	2.5383e-05	0.080212	supercritical
341.69	383.00	206.24	0.0048487	640.58	826.29	3.4661	1.9634	3.2828	708.78	0.033229	2.5325e-05	0.080141	supercritical
342.69	383.00	205.50	0.0048661	643.20	829.57	3.4757	1.9656	3.2811	708.09	0.033390	2.5268e-05	0.080072	supercritical
343.69	383.00	204.77	0.0048835	645.81	832.85	3.4853	1.9678	3.2794	707.42	0.033545	2.5212e-05	0.080006	supercritical
344.69	383.00	204.04	0.0049009	648.42	836.13	3.4948	1.9700	3.2778	706.77	0.033695	2.5157e-05	0.079943	supercritical
345.69	383.00	203.32	0.0049183	651.03	839.40	3.5043	1.9722	3.2761	706.13	0.033839	2.5103e-05	0.079881	supercritical
346.69	383.00	202.60	0.0049358	653.64	842.68	3.5138	1.9745	3.2745	705.51	0.033978	2.5050e-05	0.079822	supercritical
347.69	383.00	201.89	0.0049532	656.24	845.95	3.5232	1.9768	3.2728	704.90	0.034112	2.4998e-05	0.079766	supercritical
348.69	383.00	201.18	0.0049707	658.85	849.22	3.5326	1.9790	3.2712	704.30	0.034240	2.4946e-05	0.079711	supercritical
349.69	383.00	200.48	0.0049882	661.45	852.49	3.5419	1.9813	3.2697	703.72	0.034364	2.4896e-05	0.079659	supercritical
350.69	383.00	199.77	0.0050056	664.05	855.76	3.5513	1.9837	3.2681	703.16	0.034482	2.4846e-05	0.079609	supercritical
351.69	383.00	199.08	0.0050231	666.64	859.03	3.5606	1.9860	3.2666	702.61	0.034595	2.4797e-05	0.079562	supercritical
352.69	383.00	198.39	0.0050406	669.24	862.30	3.5699	1.9883	3.2650	702.07	0.034703	2.4749e-05	0.079516	supercritical
353.69	383.00	197.70	0.0050581	671.83	865.56	3.5791	1.9907	3.2636	701.55	0.034807	2.4702e-05	0.079473	supercritical
354.69	383.00	197.02	0.0050757	674.43	868.82	3.5883	1.9931	3.2621	701.04	0.034905	2.4655e-05	0.079432	supercritical
355.69	383.00	196.34	0.0050932	677.02	872.08	3.5975	1.9955	3.2606	700.54	0.034998	2.4610e-05	0.079393	supercritical
356.69	383.00	195.67	0.0051107	679.60	875.34	3.6066	1.9979	3.2592	700.06	0.035087	2.4565e-05	0.079357	supercritical
357.69	383.00	195.00	0.0051282	682.19	878.60	3.6158	2.0003	3.2578	699.59	0.035171	2.4521e-05	0.079322	supercritical
358.69	383.00	194.33	0.0051458	684.78	881.86	3.6249	2.0028	3.2565	699.13	0.035250	2.4478e-05	0.079289	supercritical
359.69	383.00	193.67	0.0051633	687.36	885.12	3.6339	2.0052	3.2551	698.69	0.035325	2.4435e-05	0.079259	supercritical
360.69	383.00	193.02	0.0051809	689.94	888.37	3.6430	2.0077	3.2538	698.25	0.035395	2.4393e-05	0.079230	supercritical
361.69	383.00	192.37	0.0051984	692.52	891.62	3.6520	2.0102	3.2525	697.83	0.035460	2.4352e-05	0.079204	supercritical
362.69	383.00	191.72	0.0052160	695.10	894.88	3.6609	2.0127	3.2512	697.43	0.035521	2.4312e-05	0.079179	supercritical
363.69	383.00	191.07	0.0052336	697.68	898.13	3.6699	2.0152	3.2500	697.03	0.035578	2.4272e-05	0.079157	supercritical
364.69	383.00	190.43	0.0052511	700.26	901.38	3.6788	2.0177	3.2488	696.64	0.035630	2.4234e-05	0.079136	supercritical
365.69	383.00	189.80	0.0052687	702.83	904.62	3.6877	2.0203	3.2476	696.27	0.035678	2.4195e-05	0.079118	supercritical
366.69	383.00	189.17	0.0052863	705.41	907.87	3.6966	2.0228	3.2464	695.91	0.035722	2.4158e-05	0.079101	supercritical
367.69	383.00	188.54	0.0053039	707.98	911.12	3.7054	2.0254	3.2453	695.56	0.035761	2.4121e-05	0.079086	supercritical
368.69	383.00	187.92	0.0053215	710.55	914.36	3.7142	2.0280	3.2442	695.22	0.035796	2.4085e-05	0.079073	supercritical
369.69	383.00	187.30	0.0053390	713.12	917.61	3.7230	2.0306	3.2431	694.89	0.035828	2.4049e-05	0.079062	supercritical
370.69	383.00	186.68	0.0053566	715.69	920.85	3.7318	2.0332	3.2421	694.57	0.035855	2.4015e-05	0.079053	supercritical
371.69	383.00	186.07	0.0053742	718.26	924.09	3.7405	2.0358	3.2410	694.26	0.035878	2.3980e-05	0.079045	supercritical
372.69	383.00	185.47	0.0053918	720.82	927.33	3.7492	2.0385	3.2400	693.96	0.035898	2.3947e-05	0.079040	supercritical
373.69	383.00	184.86	0.0054094	723.39	930.57	3.7579	2.0411	3.2391	693.68	0.035913	2.3914e-05	0.079036	supercritical
374.69	383.00	184.26	0.0054270	725.95	933.81	3.7665	2.0438	3.2381	693.40	0.035925	2.3882e-05	0.079034	supercritical
375.69	383.00	183.67	0.0054446	728.52	937.05	3.7752	2.0465	3.2372	693.13	0.035933	2.3850e-05	0.079033	supercritical
376.69	383.00	183.08	0.0054622	731.08	940.28	3.7838	2.0492	3.2363	692.87	0.035938	2.3819e-05	0.079035	supercritical
377.69	383.00	182.49	0.0054797	733.64	943.52	3.7924	2.0519	3.2355	692.62	0.035939	2.3788e-05	0.079038	supercritical
378.69	383.00	181.91	0.0054973	736.21	946.75	3.8009	2.0546	3.2347	692.38	0.035936	2.3758e-05	0.079043	supercritical
379.69	383.00	181.33	0.0055149	738.77	949.99	3.8094	2.0573	3.2339	692.15	0.035930	2.3729e-05	0.079049	supercritical
380.69	383.00	180.75	0.0055325	741.33	953.22	3.8179	2.0601	3.2331	691.93	0.035920	2.3700e-05	0.079057	supercritical
381.69	383.00	180.18	0.0055501	743.89	956.45	3.8264	2.0628	3.2324	691.72	0.035907	2.3672e-05	0.079067	supercritical
382.69	383.00	179.61	0.0055677	746.44	959.69	3.8349	2.0656	3.2317	691.51	0.035890	2.3644e-05	0.079079	supercritical
383.69	383.00	179.04	0.0055852	749.00	962.92	3.8433	2.0684	3.2310	691.32	0.035871	2.3617e-05	0.079092	supercritical
384.69	383.00	178.48	0.0056028	751.56	966.15	3.8517	2.0712	3.2303	691.13	0.035848	2.3591e-05	0.079106	supercritical
385.69	383.00	177.92	0.0056204	754.12	969.38	3.8601	2.0740	3.2297	690.95	0.035822	2.3564e-05	0.079123	supercritical
386.69	383.00	177.37	0.0056380	756.67	972.61	3.8685	2.0768	3.2291	690.78	0.035793	2.3539e-05	0.079141	supercritical
387.69	383.00	176.82	0.0056555	759.23	975.84	3.8768	2.0796	3.2286	690.62	0.035761	2.3514e-05	0.079160	supercritical
388.69	383.00	176.27	0.0056731	761.78	979.06	3.8851	2.0824	3.2280	690.46	0.035725	2.3489e-05	0.079181	supercritical
389.69	383.00	175.73	0.0056907	764.34	982.29	3.8934	2.0853	3.2275	690.32	0.035687	2.3465e-05	0.079204	supercritical
390.69	383.00	175.19	0.0057082	766.90	985.52	3.9017	2.0881	3.2271	690.18	0.035646	2.3442e-05	0.079228	supercritical
391.69	383.00	174.65	0.0057258	769.45	988.75	3.9099	2.0910	3.2266	690.05	0.035602	2.3419e-05	0.079253	supercritical
392.69	383.00	174.12	0.0057433	772.00	991.97	3.9182	2.0939	3.2262	689.92	0.035556	2.3396e-05	0.079280	supercritical
393.69	383.00	173.59	0.0057609	774.56	995.20	3.9264	2.0968	3.2258	689.81	0.035506	2.3374e-05	0.079309	supercritical
394.69	383.00	173.06	0.0057784	777.11	998.42	3.9346	2.0997	3.2254	689.70	0.035454	2.3353e-05	0.079339	supercritical
395.69	383.00	172.53	0.0057959	779.67	1001.6	3.9427	2.1026	3.2251	689.59	0.035399	2.3331e-05	0.079370	supercritical
396.69	383.00	172.01	0.0058135	782.22	1004.9	3.9509	2.1055	3.2248	689.50	0.035342	2.3311e-05	0.079403	supercritical
397.69	383.00	171.50	0.0058310	784.77	1008.1	3.9590	2.1084	3.2245	689.41	0.035282	2.3290e-05	0.079437	supercritical
398.69	383.00	170.98	0.0058485	787.33	1011.3	3.9671	2.1114	3.2243	689.33	0.035220	2.3271e-05	0.079473	supercritical
399.69	383.00	170.47	0.0058660	789.88	1014.5	3.9751	2.1143	3.2241	689.26	0.035155	2.3251e-05	0.079510	supercritical
400.69	383.00	169.97	0.0058835	792.43	1017.8	3.9832	2.1173	3.2239	689.19	0.035088	2.3232e-05	0.079548	supercritical
401.69	383.00	169.46	0.0059010	794.99	1021.0	3.9912	2.1202	3.2237	689.13	0.035018	2.3214e-05	0.079588	supercritical
402.69	383.00	168.96	0.0059185	797.54	1024.2	3.9993	2.1232	3.2236	689.07	0.034947	2.3196e-05	0.079629	supercritical
403.69	383.00	168.46	0.0059360	800.09	1027.4	4.0073	2.1262	3.2235	689.02	0.034872	2.3178e-05	0.079672	supercritical
404.69	383.00	167.97	0.0059535	802.65	1030.7	4.0152	2.1292	3.2234	688.98	0.034796	2.3161e-05	0.079716	supercritical
405.69	383.00	167.48	0.0059710	805.20	1033.9	4.0232	2.1322	3.2234	688.94	0.034718	2.3144e-05	0.079761	supercritical
406.69	383.00	166.99	0.0059885	807.76	1037.1	4.0311	2.1352	3.2234	688.91	0.034637	2.3128e-05	0.079807	supercritical
407.69	383.00	166.50	0.0060059	810.31	1040.3	4.0390	2.1383	3.2234	688.89	0.034555	2.3112e-05	0.079855	supercritical
408.69	383.00	166.02	0.0060234	812.86	1043.6	4.0469	2.1413	3.2234	688.87	0.034470	2.3096e-05	0.079904	supercritical
409.69	383.00	165.54	0.0060408	815.42	1046.8	4.0548	2.1443	3.2235	688.85	0.034383	2.3081e-05	0.079955	supercritical
410.69	383.00	165.06	0.0060583	817.97	1050.0	4.0627	2.1474	3.2236	688.85	0.034295	2.3066e-05	0.080006	supercritical
411.69	383.00	164.59	0.0060757	820.53	1053.2	4.0705	2.1504	3.2237	688.85	0.034204	2.3051e-05	0.080059	supercritical
412.69	383.00	164.12	0.0060932	823.09	1056.5	4.0783	2.1535	3.2238	688.85	0.034112	2.3037e-05	0.080113	supercritical
413.69	383.00	163.65	0.0061106	825.64	1059.7	4.0861	2.1566	3.2240	688.86	0.034018	2.3023e-05	0.080169	supercritical
414.69	383.00	163.19	0.0061280	828.20	1062.9	4.0939	2.1597	3.2242	688.87	0.033922	2.3010e-05	0.080225	supercritical
415.69	383.00	162.72	0.0061454	830.76	1066.1	4.1017	2.1628	3.2244	688.89	0.033825	2.2997e-05	0.080283	supercritical
416.69	383.00	162.26	0.0061628	833.32	1069.4	4.1094	2.1659	3.2247	688.92	0.033725	2.2984e-05	0.080342	supercritical
417.69	383.00	161.81	0.0061802	835.87	1072.6	4.1172	2.1690	3.2250	688.94	0.033624	2.2972e-05	0.080402	supercritical
418.69	383.00	161.35	0.0061976	838.43	1075.8	4.1249	2.1721	3.2253	688.98	0.033522	2.2960e-05	0.080464	supercritical
419.69	383.00	160.90	0.0062150	840.99	1079.0	4.1326	2.1752	3.2256	689.02	0.033418	2.2948e-05	0.080526	supercritical
420.69	383.00	160.45	0.0062324	843.55	1082.3	4.1402	2.1784	3.2260	689.06	0.033312	2.2936e-05	0.080590	supercritical
421.69	383.00	160.01	0.0062497	846.11	1085.5	4.1479	2.1815	3.2263	689.11	0.033205	2.2925e-05	0.080655	supercritical
422.69	383.00	159.56	0.0062671	848.68	1088.7	4.1555	2.1846	3.2267	689.16	0.033096	2.2915e-05	0.080721	supercritical
423.69	383.00	159.12	0.0062844	851.24	1091.9	4.1632	2.1878	3.2272	689.22	0.032986	2.2904e-05	0.080788	supercritical
424.69	383.00	158.69	0.0063018	853.80	1095.2	4.1708	2.1910	3.2276	689.29	0.032875	2.2894e-05	0.080856	supercritical
425.69	383.00	158.25	0.0063191	856.37	1098.4	4.1784	2.1941	3.2281	689.35	0.032762	2.2884e-05	0.080926	supercritical
426.69	383.00	157.82	0.0063364	858.93	1101.6	4.1859	2.1973	3.2286	689.42	0.032648	2.2875e-05	0.080996	supercritical
427.69	383.00	157.39	0.0063537	861.50	1104.8	4.1935	2.2005	3.2292	689.50	0.032532	2.2866e-05	0.081068	supercritical
428.69	383.00	156.96	0.0063711	864.06	1108.1	4.2010	2.2037	3.2297	689.58	0.032416	2.2857e-05	0.081140	supercritical
429.69	383.00	156.53	0.0063884	866.63	1111.3	4.2086	2.2069	3.2303	689.66	0.032298	2.2848e-05	0.081214	supercritical
430.69	383.00	156.11	0.0064056	869.20	1114.5	4.2161	2.2101	3.2309	689.75	0.032179	2.2840e-05	0.081289	supercritical
431.69	383.00	155.69	0.0064229	871.77	1117.8	4.2236	2.2133	3.2315	689.84	0.032059	2.2832e-05	0.081365	supercritical
432.69	383.00	155.27	0.0064402	874.34	1121.0	4.2310	2.2165	3.2322	689.94	0.031937	2.2824e-05	0.081441	supercritical
433.69	383.00	154.86	0.0064575	876.91	1124.2	4.2385	2.2197	3.2329	690.04	0.031815	2.2817e-05	0.081519	supercritical
434.69	383.00	154.45	0.0064747	879.48	1127.5	4.2460	2.2230	3.2336	690.15	0.031691	2.2810e-05	0.081598	supercritical
435.69	383.00	154.04	0.0064920	882.05	1130.7	4.2534	2.2262	3.2343	690.25	0.031567	2.2803e-05	0.081678	supercritical
436.69	383.00	153.63	0.0065092	884.63	1133.9	4.2608	2.2294	3.2350	690.36	0.031441	2.2796e-05	0.081759	supercritical
437.69	383.00	153.22	0.0065264	887.20	1137.2	4.2682	2.2327	3.2358	690.48	0.031314	2.2790e-05	0.081841	supercritical
438.69	383.00	152.82	0.0065437	889.78	1140.4	4.2756	2.2360	3.2366	690.60	0.031187	2.2784e-05	0.081924	supercritical
439.69	383.00	152.42	0.0065609	892.36	1143.6	4.2830	2.2392	3.2374	690.72	0.031058	2.2778e-05	0.082008	supercritical
440.69	383.00	152.02	0.0065781	894.94	1146.9	4.2903	2.2425	3.2382	690.85	0.030929	2.2772e-05	0.082093	supercritical
441.69	383.00	151.62	0.0065953	897.52	1150.1	4.2977	2.2457	3.2391	690.98	0.030799	2.2767e-05	0.082179	supercritical
442.69	383.00	151.23	0.0066125	900.10	1153.4	4.3050	2.2490	3.2400	691.11	0.030668	2.2762e-05	0.082266	supercritical
443.69	383.00	150.84	0.0066296	902.68	1156.6	4.3123	2.2523	3.2409	691.25	0.030536	2.2757e-05	0.082354	supercritical
444.69	383.00	150.45	0.0066468	905.27	1159.8	4.3196	2.2556	3.2418	691.39	0.030403	2.2753e-05	0.082442	supercritical
445.69	383.00	150.06	0.0066640	907.85	1163.1	4.3269	2.2589	3.2427	691.53	0.030270	2.2748e-05	0.082532	supercritical
446.69	383.00	149.68	0.0066811	910.44	1166.3	4.3341	2.2622	3.2437	691.68	0.030136	2.2744e-05	0.082623	supercritical
447.69	383.00	149.29	0.0066983	913.02	1169.6	4.3414	2.2655	3.2447	691.83	0.030001	2.2740e-05	0.082714	supercritical
448.69	383.00	148.91	0.0067154	915.61	1172.8	4.3486	2.2688	3.2457	691.98	0.029865	2.2737e-05	0.082807	supercritical
449.69	383.00	148.53	0.0067325	918.20	1176.1	4.3559	2.2721	3.2467	692.13	0.029729	2.2733e-05	0.082900	supercritical
450.69	383.00	148.16	0.0067496	920.80	1179.3	4.3631	2.2754	3.2478	692.29	0.029592	2.2730e-05	0.082994	supercritical
451.69	383.00	147.78	0.0067667	923.39	1182.6	4.3703	2.2788	3.2488	692.46	0.029455	2.2727e-05	0.083089	supercritical
452.69	383.00	147.41	0.0067838	925.98	1185.8	4.3775	2.2821	3.2499	692.62	0.029317	2.2724e-05	0.083185	supercritical
453.69	383.00	147.04	0.0068009	928.58	1189.1	4.3846	2.2854	3.2510	692.79	0.029178	2.2722e-05	0.083282	supercritical
454.69	383.00	146.67	0.0068180	931.18	1192.3	4.3918	2.2888	3.2521	692.96	0.029039	2.2720e-05	0.083380	supercritical
455.69	383.00	146.30	0.0068350	933.78	1195.6	4.3989	2.2921	3.2533	693.13	0.028899	2.2718e-05	0.083479	supercritical
456.69	383.00	145.94	0.0068521	936.38	1198.8	4.4061	2.2955	3.2545	693.31	0.028759	2.2716e-05	0.083578	supercritical
457.69	383.00	145.58	0.0068692	938.98	1202.1	4.4132	2.2988	3.2556	693.49	0.028618	2.2714e-05	0.083679	supercritical
458.69	383.00	145.22	0.0068862	941.58	1205.3	4.4203	2.3022	3.2569	693.67	0.028476	2.2713e-05	0.083780	supercritical
459.69	383.00	144.86	0.0069032	944.19	1208.6	4.4274	2.3055	3.2581	693.85	0.028335	2.2711e-05	0.083882	supercritical
460.69	383.00	144.50	0.0069202	946.79	1211.8	4.4345	2.3089	3.2593	694.04	0.028193	2.2710e-05	0.083985	supercritical
461.69	383.00	144.15	0.0069373	949.40	1215.1	4.4415	2.3123	3.2606	694.23	0.028050	2.2709e-05	0.084089	supercritical
462.69	383.00	143.80	0.0069543	952.01	1218.4	4.4486	2.3156	3.2619	694.42	0.027907	2.2709e-05	0.084193	supercritical
463.69	383.00	143.45	0.0069712	954.63	1221.6	4.4556	2.3190	3.2632	694.61	0.027764	2.2708e-05	0.084298	supercritical
464.69	383.00	143.10	0.0069882	957.24	1224.9	4.4627	2.3224	3.2645	694.81	0.027620	2.2708e-05	0.084404	supercritical
465.69	383.00	142.75	0.0070052	959.85	1228.2	4.4697	2.3258	3.2658	695.01	0.027476	2.2708e-05	0.084511	supercritical
466.69	383.00	142.41	0.0070222	962.47	1231.4	4.4767	2.3292	3.2672	695.21	0.027331	2.2708e-05	0.084619	supercritical
467.69	383.00	142.06	0.0070391	965.09	1234.7	4.4837	2.3325	3.2685	695.41	0.027187	2.2708e-05	0.084728	supercritical
468.69	383.00	141.72	0.0070561	967.71	1238.0	4.4907	2.3359	3.2699	695.62	0.027042	2.2709e-05	0.084837	supercritical
469.69	383.00	141.38	0.0070730	970.33	1241.2	4.4976	2.3393	3.2713	695.83	0.026896	2.2709e-05	0.084947	supercritical
470.69	383.00	141.05	0.0070899	972.95	1244.5	4.5046	2.3427	3.2727	696.04	0.026751	2.2710e-05	0.085058	supercritical
471.69	383.00	140.71	0.0071069	975.58	1247.8	4.5116	2.3462	3.2742	696.25	0.026605	2.2711e-05	0.085169	supercritical
472.69	383.00	140.38	0.0071238	978.21	1251.0	4.5185	2.3496	3.2756	696.47	0.026459	2.2712e-05	0.085282	supercritical
473.69	383.00	140.04	0.0071407	980.84	1254.3	4.5254	2.3530	3.2771	696.69	0.026313	2.2713e-05	0.085395	supercritical
474.69	383.00	139.71	0.0071575	983.47	1257.6	4.5323	2.3564	3.2786	696.90	0.026166	2.2715e-05	0.085509	supercritical
475.69	383.00	139.38	0.0071744	986.10	1260.9	4.5392	2.3598	3.2801	697.13	0.026020	2.2717e-05	0.085623	supercritical
476.69	383.00	139.06	0.0071913	988.73	1264.2	4.5461	2.3632	3.2816	697.35	0.025873	2.2718e-05	0.085738	supercritical
477.69	383.00	138.73	0.0072082	991.37	1267.4	4.5530	2.3667	3.2831	697.58	0.025726	2.2720e-05	0.085854	supercritical
478.69	383.00	138.41	0.0072250	994.01	1270.7	4.5599	2.3701	3.2847	697.80	0.025579	2.2723e-05	0.085971	supercritical
479.69	383.00	138.09	0.0072419	996.65	1274.0	4.5667	2.3735	3.2863	698.03	0.025432	2.2725e-05	0.086089	supercritical
480.69	383.00	137.77	0.0072587	999.29	1277.3	4.5736	2.3770	3.2878	698.26	0.025284	2.2727e-05	0.086207	supercritical
481.69	383.00	137.45	0.0072755	1001.9	1280.6	4.5804	2.3804	3.2894	698.50	0.025137	2.2730e-05	0.086326	supercritical
482.69	383.00	137.13	0.0072923	1004.6	1283.9	4.5872	2.3838	3.2910	698.73	0.024989	2.2733e-05	0.086445	supercritical
483.69	383.00	136.81	0.0073091	1007.2	1287.2	4.5940	2.3873	3.2927	698.97	0.024842	2.2736e-05	0.086565	supercritical
484.69	383.00	136.50	0.0073259	1009.9	1290.5	4.6008	2.3907	3.2943	699.21	0.024694	2.2739e-05	0.086686	supercritical
485.69	383.00	136.19	0.0073427	1012.5	1293.8	4.6076	2.3942	3.2960	699.45	0.024546	2.2742e-05	0.086808	supercritical
486.69	383.00	135.88	0.0073595	1015.2	1297.1	4.6144	2.3976	3.2976	699.69	0.024398	2.2745e-05	0.086930	supercritical
487.69	383.00	135.57	0.0073763	1017.8	1300.4	4.6212	2.4011	3.2993	699.94	0.024250	2.2749e-05	0.087053	supercritical
488.69	383.00	135.26	0.0073930	1020.5	1303.7	4.6279	2.4045	3.3010	700.18	0.024103	2.2752e-05	0.087177	supercritical
489.69	383.00	134.96	0.0074098	1023.2	1307.0	4.6347	2.4080	3.3027	700.43	0.023955	2.2756e-05	0.087301	supercritical
490.69	383.00	134.65	0.0074265	1025.8	1310.3	4.6414	2.4115	3.3045	700.68	0.023807	2.2760e-05	0.087426	supercritical
491.69	383.00	134.35	0.0074433	1028.5	1313.6	4.6482	2.4149	3.3062	700.93	0.023659	2.2764e-05	0.087552	supercritical
492.69	383.00	134.05	0.0074600	1031.2	1316.9	4.6549	2.4184	3.3080	701.18	0.023511	2.2768e-05	0.087678	supercritical
493.69	383.00	133.75	0.0074767	1033.8	1320.2	4.6616	2.4219	3.3097	701.44	0.023363	2.2773e-05	0.087805	supercritical
494.69	383.00	133.45	0.0074934	1036.5	1323.5	4.6683	2.4253	3.3115	701.69	0.023215	2.2777e-05	0.087932	supercritical
495.69	383.00	133.15	0.0075101	1039.2	1326.8	4.6750	2.4288	3.3133	701.95	0.023068	2.2782e-05	0.088061	supercritical
496.69	383.00	132.86	0.0075268	1041.8	1330.1	4.6817	2.4323	3.3151	702.21	0.022920	2.2787e-05	0.088189	supercritical
497.69	383.00	132.56	0.0075435	1044.5	1333.4	4.6883	2.4357	3.3169	702.47	0.022772	2.2791e-05	0.088319	supercritical
498.69	383.00	132.27	0.0075601	1047.2	1336.8	4.6950	2.4392	3.3188	702.73	0.022625	2.2796e-05	0.088449	supercritical
499.69	383.00	131.98	0.0075768	1049.9	1340.1	4.7016	2.4427	3.3206	703.00	0.022477	2.2802e-05	0.088579	supercritical
500.69	383.00	131.69	0.0075935	1052.6	1343.4	4.7083	2.4462	3.3225	703.26	0.022330	2.2807e-05	0.088711	supercritical
501.69	383.00	131.40	0.0076101	1055.3	1346.7	4.7149	2.4497	3.3244	703.53	0.022183	2.2812e-05	0.088842	supercritical
502.69	383.00	131.12	0.0076267	1057.9	1350.0	4.7215	2.4532	3.3262	703.79	0.022036	2.2818e-05	0.088975	supercritical
503.69	383.00	130.83	0.0076434	1060.6	1353.4	4.7281	2.4566	3.3281	704.06	0.021889	2.2823e-05	0.089108	supercritical
504.69	383.00	130.55	0.0076600	1063.3	1356.7	4.7347	2.4601	3.3301	704.33	0.021742	2.2829e-05	0.089242	supercritical
505.69	383.00	130.27	0.0076766	1066.0	1360.0	4.7413	2.4636	3.3320	704.60	0.021595	2.2835e-05	0.089376	supercritical
506.69	383.00	129.99	0.0076932	1068.7	1363.4	4.7479	2.4671	3.3339	704.88	0.021448	2.2841e-05	0.089511	supercritical
507.69	383.00	129.71	0.0077098	1071.4	1366.7	4.7545	2.4706	3.3359	705.15	0.021302	2.2847e-05	0.089646	supercritical
508.69	383.00	129.43	0.0077264	1074.1	1370.0	4.7611	2.4741	3.3378	705.43	0.021156	2.2853e-05	0.089782	supercritical
509.69	383.00	129.15	0.0077429	1076.8	1373.4	4.7676	2.4776	3.3398	705.70	0.021009	2.2859e-05	0.089919	supercritical
510.69	383.00	128.87	0.0077595	1079.5	1376.7	4.7742	2.4811	3.3418	705.98	0.020863	2.2866e-05	0.090056	supercritical
511.69	383.00	128.60	0.0077760	1082.2	1380.1	4.7807	2.4846	3.3437	706.26	0.020718	2.2872e-05	0.090193	supercritical
512.69	383.00	128.33	0.0077926	1084.9	1383.4	4.7872	2.4881	3.3458	706.54	0.020572	2.2879e-05	0.090331	supercritical
513.69	383.00	128.06	0.0078091	1087.7	1386.7	4.7938	2.4916	3.3478	706.82	0.020426	2.2886e-05	0.090470	supercritical
514.69	383.00	127.78	0.0078257	1090.4	1390.1	4.8003	2.4951	3.3498	707.11	0.020281	2.2892e-05	0.090610	supercritical
515.69	383.00	127.52	0.0078422	1093.1	1393.4	4.8068	2.4986	3.3518	707.39	0.020136	2.2899e-05	0.090749	supercritical
516.69	383.00	127.25	0.0078587	1095.8	1396.8	4.8133	2.5021	3.3539	707.68	0.019991	2.2906e-05	0.090890	supercritical
517.69	383.00	126.98	0.0078752	1098.5	1400.2	4.8198	2.5056	3.3559	707.96	0.019847	2.2914e-05	0.091031	supercritical
518.69	383.00	126.72	0.0078917	1101.3	1403.5	4.8262	2.5091	3.3580	708.25	0.019702	2.2921e-05	0.091172	supercritical
519.69	383.00	126.45	0.0079082	1104.0	1406.9	4.8327	2.5126	3.3601	708.54	0.019558	2.2928e-05	0.091314	supercritical
520.69	383.00	126.19	0.0079247	1106.7	1410.2	4.8392	2.5162	3.3622	708.83	0.019414	2.2936e-05	0.091457	supercritical
521.69	383.00	125.93	0.0079411	1109.5	1413.6	4.8456	2.5197	3.3642	709.12	0.019270	2.2943e-05	0.091600	supercritical
522.69	383.00	125.67	0.0079576	1112.2	1417.0	4.8521	2.5232	3.3664	709.41	0.019127	2.2951e-05	0.091743	supercritical
523.69	383.00	125.41	0.0079740	1114.9	1420.3	4.8585	2.5267	3.3685	709.70	0.018984	2.2958e-05	0.091888	supercritical
524.69	383.00	125.15	0.0079905	1117.7	1423.7	4.8649	2.5302	3.3706	710.00	0.018841	2.2966e-05	0.092032	supercritical
525.69	383.00	124.89	0.0080069	1120.4	1427.1	4.8713	2.5337	3.3727	710.29	0.018698	2.2974e-05	0.092177	supercritical
526.69	383.00	124.64	0.0080233	1123.2	1430.4	4.8778	2.5372	3.3749	710.59	0.018555	2.2982e-05	0.092323	supercritical
527.69	383.00	124.38	0.0080398	1125.9	1433.8	4.8842	2.5408	3.3770	710.88	0.018413	2.2990e-05	0.092469	supercritical
528.69	383.00	124.13	0.0080562	1128.6	1437.2	4.8906	2.5443	3.3792	711.18	0.018271	2.2999e-05	0.092616	supercritical
529.69	383.00	123.88	0.0080726	1131.4	1440.6	4.8969	2.5478	3.3814	711.48	0.018130	2.3007e-05	0.092763	supercritical
530.69	383.00	123.63	0.0080890	1134.2	1444.0	4.9033	2.5513	3.3836	711.78	0.017988	2.3015e-05	0.092910	supercritical
531.69	383.00	123.38	0.0081053	1136.9	1447.3	4.9097	2.5548	3.3857	712.08	0.017847	2.3024e-05	0.093058	supercritical
532.69	383.00	123.13	0.0081217	1139.7	1450.7	4.9161	2.5583	3.3879	712.38	0.017706	2.3032e-05	0.093207	supercritical
533.69	383.00	122.88	0.0081381	1142.4	1454.1	4.9224	2.5619	3.3902	712.68	0.017566	2.3041e-05	0.093356	supercritical
534.69	383.00	122.63	0.0081545	1145.2	1457.5	4.9288	2.5654	3.3924	712.99	0.017425	2.3050e-05	0.093506	supercritical
535.69	383.00	122.39	0.0081708	1148.0	1460.9	4.9351	2.5689	3.3946	713.29	0.017285	2.3058e-05	0.093656	supercritical
536.69	383.00	122.14	0.0081871	1150.7	1464.3	4.9414	2.5724	3.3968	713.60	0.017146	2.3067e-05	0.093806	supercritical
537.69	383.00	121.90	0.0082035	1153.5	1467.7	4.9478	2.5760	3.3991	713.90	0.017006	2.3076e-05	0.093957	supercritical
538.69	383.00	121.66	0.0082198	1156.3	1471.1	4.9541	2.5795	3.4013	714.21	0.016867	2.3085e-05	0.094108	supercritical
539.69	383.00	121.42	0.0082361	1159.1	1474.5	4.9604	2.5830	3.4036	714.52	0.016729	2.3094e-05	0.094260	supercritical
540.69	383.00	121.18	0.0082524	1161.8	1477.9	4.9667	2.5865	3.4059	714.82	0.016590	2.3104e-05	0.094413	supercritical
541.69	383.00	120.94	0.0082687	1164.6	1481.3	4.9730	2.5901	3.4081	715.13	0.016452	2.3113e-05	0.094565	supercritical
542.69	383.00	120.70	0.0082850	1167.4	1484.7	4.9793	2.5936	3.4104	715.44	0.016314	2.3122e-05	0.094719	supercritical
543.69	383.00	120.46	0.0083013	1170.2	1488.1	4.9856	2.5971	3.4127	715.75	0.016177	2.3132e-05	0.094872	supercritical
544.69	383.00	120.23	0.0083176	1173.0	1491.5	4.9918	2.6006	3.4150	716.06	0.016040	2.3141e-05	0.095026	supercritical
545.69	383.00	119.99	0.0083339	1175.8	1495.0	4.9981	2.6041	3.4173	716.38	0.015903	2.3151e-05	0.095181	supercritical
546.69	383.00	119.76	0.0083501	1178.6	1498.4	5.0044	2.6077	3.4196	716.69	0.015766	2.3161e-05	0.095336	supercritical
547.69	383.00	119.53	0.0083664	1181.4	1501.8	5.0106	2.6112	3.4220	717.00	0.015630	2.3170e-05	0.095491	supercritical
548.69	383.00	119.29	0.0083826	1184.2	1505.2	5.0168	2.6147	3.4243	717.32	0.015494	2.3180e-05	0.095647	supercritical
549.69	383.00	119.06	0.0083989	1187.0	1508.7	5.0231	2.6183	3.4266	717.63	0.015359	2.3190e-05	0.095804	supercritical
550.69	383.00	118.83	0.0084151	1189.8	1512.1	5.0293	2.6218	3.4290	717.95	0.015224	2.3200e-05	0.095960	supercritical
551.69	383.00	118.60	0.0084313	1192.6	1515.5	5.0355	2.6253	3.4313	718.26	0.015089	2.3210e-05	0.096118	supercritical
552.69	383.00	118.38	0.0084476	1195.4	1518.9	5.0418	2.6288	3.4337	718.58	0.014955	2.3220e-05	0.096275	supercritical
553.69	383.00	118.15	0.0084638	1198.2	1522.4	5.0480	2.6324	3.4361	718.90	0.014821	2.3230e-05	0.096433	supercritical
554.69	383.00	117.92	0.0084800	1201.0	1525.8	5.0542	2.6359	3.4384	719.22	0.014687	2.3240e-05	0.096592	supercritical
555.69	383.00	117.70	0.0084962	1203.9	1529.3	5.0604	2.6394	3.4408	719.53	0.014553	2.3251e-05	0.096750	supercritical
556.69	383.00	117.48	0.0085124	1206.7	1532.7	5.0666	2.6429	3.4432	719.85	0.014420	2.3261e-05	0.096910	supercritical
557.69	383.00	117.25	0.0085285	1209.5	1536.1	5.0727	2.6465	3.4456	720.17	0.014288	2.3272e-05	0.097069	supercritical
558.69	383.00	117.03	0.0085447	1212.3	1539.6	5.0789	2.6500	3.4480	720.50	0.014155	2.3282e-05	0.097229	supercritical
559.69	383.00	116.81	0.0085609	1215.2	1543.0	5.0851	2.6535	3.4504	720.82	0.014023	2.3293e-05	0.097390	supercritical
560.69	383.00	116.59	0.0085770	1218.0	1546.5	5.0912	2.6570	3.4528	721.14	0.013892	2.3303e-05	0.097551	supercritical
561.69	383.00	116.37	0.0085932	1220.8	1549.9	5.0974	2.6606	3.4552	721.46	0.013760	2.3314e-05	0.097712	supercritical
562.69	383.00	116.15	0.0086093	1223.7	1553.4	5.1035	2.6641	3.4577	721.78	0.013629	2.3325e-05	0.097874	supercritical
563.69	383.00	115.94	0.0086255	1226.5	1556.9	5.1097	2.6676	3.4601	722.11	0.013499	2.3336e-05	0.098036	supercritical
564.69	383.00	115.72	0.0086416	1229.3	1560.3	5.1158	2.6711	3.4625	722.43	0.013369	2.3346e-05	0.098198	supercritical
565.69	383.00	115.50	0.0086577	1232.2	1563.8	5.1219	2.6746	3.4650	722.76	0.013239	2.3357e-05	0.098361	supercritical
566.69	383.00	115.29	0.0086738	1235.0	1567.3	5.1281	2.6782	3.4674	723.08	0.013109	2.3368e-05	0.098524	supercritical
567.69	383.00	115.08	0.0086899	1237.9	1570.7	5.1342	2.6817	3.4699	723.41	0.012980	2.3379e-05	0.098688	supercritical
568.69	383.00	114.86	0.0087060	1240.7	1574.2	5.1403	2.6852	3.4724	723.73	0.012852	2.3391e-05	0.098852	supercritical
569.69	383.00	114.65	0.0087221	1243.6	1577.7	5.1464	2.6887	3.4748	724.06	0.012723	2.3402e-05	0.099016	supercritical
570.69	383.00	114.44	0.0087382	1246.5	1581.1	5.1525	2.6923	3.4773	724.39	0.012595	2.3413e-05	0.099181	supercritical
571.69	383.00	114.23	0.0087543	1249.3	1584.6	5.1586	2.6958	3.4798	724.72	0.012468	2.3424e-05	0.099346	supercritical
572.69	383.00	114.02	0.0087703	1252.2	1588.1	5.1647	2.6993	3.4823	725.04	0.012341	2.3436e-05	0.099511	supercritical
573.69	383.00	113.81	0.0087864	1255.1	1591.6	5.1707	2.7028	3.4848	725.37	0.012214	2.3447e-05	0.099677	supercritical
574.69	383.00	113.60	0.0088024	1257.9	1595.1	5.1768	2.7063	3.4873	725.70	0.012087	2.3459e-05	0.099843	supercritical
575.69	383.00	113.40	0.0088185	1260.8	1598.6	5.1829	2.7099	3.4898	726.03	0.011961	2.3470e-05	0.10001	supercritical
576.69	383.00	113.19	0.0088345	1263.7	1602.0	5.1889	2.7134	3.4923	726.36	0.011835	2.3482e-05	0.10018	supercritical
577.69	383.00	112.99	0.0088506	1266.6	1605.5	5.1950	2.7169	3.4948	726.69	0.011710	2.3493e-05	0.10034	supercritical
578.69	383.00	112.78	0.0088666	1269.4	1609.0	5.2010	2.7204	3.4973	727.02	0.011585	2.3505e-05	0.10051	supercritical
579.69	383.00	112.58	0.0088826	1272.3	1612.5	5.2071	2.7239	3.4998	727.35	0.011461	2.3517e-05	0.10068	supercritical
580.69	383.00	112.38	0.0088986	1275.2	1616.0	5.2131	2.7274	3.5024	727.69	0.011336	2.3528e-05	0.10085	supercritical
581.69	383.00	112.18	0.0089146	1278.1	1619.5	5.2191	2.7310	3.5049	728.02	0.011213	2.3540e-05	0.10102	supercritical
582.69	383.00	111.97	0.0089306	1281.0	1623.0	5.2252	2.7345	3.5074	728.35	0.011089	2.3552e-05	0.10119	supercritical
583.69	383.00	111.77	0.0089466	1283.9	1626.6	5.2312	2.7380	3.5100	728.69	0.010966	2.3564e-05	0.10136	supercritical
584.69	383.00	111.57	0.0089626	1286.8	1630.1	5.2372	2.7415	3.5125	729.02	0.010843	2.3576e-05	0.10152	supercritical
585.69	383.00	111.38	0.0089786	1289.7	1633.6	5.2432	2.7450	3.5151	729.35	0.010721	2.3588e-05	0.10170	supercritical
586.69	383.00	111.18	0.0089945	1292.6	1637.1	5.2492	2.7485	3.5176	729.69	0.010599	2.3600e-05	0.10187	supercritical
587.69	383.00	110.98	0.0090105	1295.5	1640.6	5.2552	2.7520	3.5202	730.02	0.010478	2.3612e-05	0.10204	supercritical
588.69	383.00	110.79	0.0090265	1298.4	1644.1	5.2612	2.7555	3.5228	730.36	0.010357	2.3625e-05	0.10221	supercritical
589.69	383.00	110.59	0.0090424	1301.3	1647.7	5.2672	2.7590	3.5253	730.69	0.010236	2.3637e-05	0.10238	supercritical
590.69	383.00	110.40	0.0090583	1304.3	1651.2	5.2731	2.7626	3.5279	731.03	0.010116	2.3649e-05	0.10255	supercritical
591.69	383.00	110.20	0.0090743	1307.2	1654.7	5.2791	2.7661	3.5305	731.36	0.0099956	2.3661e-05	0.10272	supercritical
592.69	383.00	110.01	0.0090902	1310.1	1658.2	5.2851	2.7696	3.5331	731.70	0.0098760	2.3674e-05	0.10289	supercritical
593.69	383.00	109.82	0.0091061	1313.0	1661.8	5.2910	2.7731	3.5357	732.04	0.0097568	2.3686e-05	0.10307	supercritical
594.69	383.00	109.62	0.0091221	1315.9	1665.3	5.2970	2.7766	3.5383	732.38	0.0096379	2.3699e-05	0.10324	supercritical
595.69	383.00	109.43	0.0091380	1318.9	1668.9	5.3029	2.7801	3.5409	732.71	0.0095195	2.3711e-05	0.10341	supercritical
596.69	383.00	109.24	0.0091539	1321.8	1672.4	5.3089	2.7836	3.5435	733.05	0.0094014	2.3724e-05	0.10359	supercritical
597.69	383.00	109.05	0.0091698	1324.7	1675.9	5.3148	2.7871	3.5461	733.39	0.0092838	2.3736e-05	0.10376	supercritical
598.69	383.00	108.87	0.0091856	1327.7	1679.5	5.3207	2.7906	3.5487	733.73	0.0091665	2.3749e-05	0.10394	supercritical
599.69	383.00	108.68	0.0092015	1330.6	1683.0	5.3266	2.7941	3.5513	734.07	0.0090496	2.3761e-05	0.10411	supercritical
600.69	383.00	108.49	0.0092174	1333.6	1686.6	5.3326	2.7976	3.5539	734.41	0.0089330	2.3774e-05	0.10429	supercritical
601.69	383.00	108.30	0.0092333	1336.5	1690.2	5.3385	2.8011	3.5565	734.75	0.0088169	2.3787e-05	0.10446	supercritical
602.69	383.00	108.12	0.0092491	1339.5	1693.7	5.3444	2.8046	3.5592	735.09	0.0087012	2.3800e-05	0.10464	supercritical
603.69	383.00	107.93	0.0092650	1342.4	1697.3	5.3503	2.8081	3.5618	735.43	0.0085858	2.3813e-05	0.10481	supercritical
604.69	383.00	107.75	0.0092808	1345.4	1700.8	5.3562	2.8116	3.5644	735.77	0.0084708	2.3825e-05	0.10499	supercritical
605.69	383.00	107.57	0.0092967	1348.3	1704.4	5.3621	2.8151	3.5671	736.11	0.0083562	2.3838e-05	0.10516	supercritical
606.69	383.00	107.38	0.0093125	1351.3	1708.0	5.3680	2.8186	3.5697	736.45	0.0082420	2.3851e-05	0.10534	supercritical
607.69	383.00	107.20	0.0093284	1354.3	1711.5	5.3738	2.8220	3.5723	736.79	0.0081282	2.3864e-05	0.10552	supercritical
608.69	383.00	107.02	0.0093442	1357.2	1715.1	5.3797	2.8255	3.5750	737.13	0.0080147	2.3877e-05	0.10570	supercritical
609.69	383.00	106.84	0.0093600	1360.2	1718.7	5.3856	2.8290	3.5776	737.47	0.0079017	2.3890e-05	0.10587	supercritical
610.69	383.00	106.66	0.0093758	1363.2	1722.3	5.3915	2.8325	3.5803	737.82	0.0077890	2.3904e-05	0.10605	supercritical
611.69	383.00	106.48	0.0093916	1366.2	1725.8	5.3973	2.8360	3.5830	738.16	0.0076767	2.3917e-05	0.10623	supercritical
612.69	383.00	106.30	0.0094074	1369.1	1729.4	5.4032	2.8395	3.5856	738.50	0.0075647	2.3930e-05	0.10641	supercritical
613.69	383.00	106.12	0.0094232	1372.1	1733.0	5.4090	2.8430	3.5883	738.84	0.0074532	2.3943e-05	0.10659	supercritical
614.69	383.00	105.94	0.0094390	1375.1	1736.6	5.4149	2.8464	3.5910	739.19	0.0073421	2.3956e-05	0.10677	supercritical
615.69	383.00	105.77	0.0094548	1378.1	1740.2	5.4207	2.8499	3.5936	739.53	0.0072313	2.3970e-05	0.10695	supercritical
616.69	383.00	105.59	0.0094706	1381.1	1743.8	5.4265	2.8534	3.5963	739.87	0.0071209	2.3983e-05	0.10713	supercritical
617.69	383.00	105.41	0.0094863	1384.1	1747.4	5.4324	2.8569	3.5990	740.22	0.0070109	2.3996e-05	0.10731	supercritical
618.69	383.00	105.24	0.0095021	1387.1	1751.0	5.4382	2.8604	3.6017	740.56	0.0069012	2.4010e-05	0.10749	supercritical
619.69	383.00	105.07	0.0095179	1390.1	1754.6	5.4440	2.8638	3.6043	740.91	0.0067920	2.4023e-05	0.10767	supercritical
620.69	383.00	104.89	0.0095336	1393.1	1758.2	5.4498	2.8673	3.6070	741.25	0.0066831	2.4037e-05	0.10785	supercritical
621.69	383.00	104.72	0.0095493	1396.1	1761.8	5.4556	2.8708	3.6097	741.59	0.0065746	2.4050e-05	0.10803	supercritical
622.69	383.00	104.55	0.0095651	1399.1	1765.4	5.4614	2.8743	3.6124	741.94	0.0064664	2.4064e-05	0.10821	supercritical
623.69	383.00	104.38	0.0095808	1402.1	1769.0	5.4672	2.8777	3.6151	742.28	0.0063587	2.4077e-05	0.10839	supercritical
624.69	383.00	104.20	0.0095965	1405.1	1772.7	5.4730	2.8812	3.6178	742.63	0.0062513	2.4091e-05	0.10857	supercritical