Temperature (K)	Pressure (bar)	Density (kg/m3)	Volume (m3/kg)	Internal Energy (kJ/kg)	Enthalpy (kJ/kg)	Entropy (J/g*K)	Cv (J/g*K)	Cp (J/g*K)	Sound Spd. (m/s)	Joule-Thomson (K/bar)	Viscosity (Pa*s)	Therm. Cond. (W/m*K)	Phase
90.694	624.00	482.93	0.0020707	-96.821	32.390	-1.0299	2.2855	3.2087	1864.4	-0.052666	0.00042813	0.25857	liquid
106.69	624.00	467.42	0.0021394	-49.922	83.577	-0.51007	2.2097	3.1932	1774.5	-0.052295	0.00023434	0.24422	liquid
107.69	624.00	466.46	0.0021438	-47.004	86.770	-0.48028	2.2056	3.1927	1768.8	-0.052255	0.00022768	0.24322	liquid
108.69	624.00	465.50	0.0021482	-44.088	89.962	-0.45077	2.2015	3.1922	1763.1	-0.052214	0.00022138	0.24223	liquid
109.69	624.00	464.54	0.0021527	-41.173	93.154	-0.42154	2.1974	3.1917	1757.4	-0.052172	0.00021542	0.24122	liquid
110.69	624.00	463.58	0.0021571	-38.259	96.346	-0.39258	2.1934	3.1912	1751.7	-0.052128	0.00020977	0.24021	liquid
111.69	624.00	462.62	0.0021616	-35.347	99.537	-0.36388	2.1894	3.1906	1746.0	-0.052084	0.00020442	0.23919	liquid
112.69	624.00	461.66	0.0021661	-32.436	102.73	-0.33544	2.1854	3.1901	1740.3	-0.052038	0.00019935	0.23817	liquid
113.69	624.00	460.71	0.0021706	-29.527	105.92	-0.30726	2.1815	3.1896	1734.6	-0.051992	0.00019452	0.23714	liquid
114.69	624.00	459.75	0.0021751	-26.619	109.11	-0.27934	2.1776	3.1891	1728.9	-0.051944	0.00018993	0.23611	liquid
115.69	624.00	458.80	0.0021796	-23.713	112.29	-0.25165	2.1737	3.1885	1723.3	-0.051896	0.00018557	0.23508	liquid
116.69	624.00	457.84	0.0021842	-20.808	115.48	-0.22421	2.1698	3.1880	1717.6	-0.051847	0.00018140	0.23404	liquid
117.69	624.00	456.89	0.0021887	-17.905	118.67	-0.19701	2.1659	3.1874	1711.9	-0.051796	0.00017743	0.23300	liquid
118.69	624.00	455.93	0.0021933	-15.004	121.86	-0.17005	2.1621	3.1868	1706.3	-0.051745	0.00017364	0.23196	liquid
119.69	624.00	454.98	0.0021979	-12.104	125.04	-0.14331	2.1583	3.1863	1700.7	-0.051693	0.00017002	0.23091	liquid
120.69	624.00	454.03	0.0022025	-9.2057	128.23	-0.11681	2.1545	3.1857	1695.0	-0.051640	0.00016655	0.22986	liquid
121.69	624.00	453.08	0.0022071	-6.3090	131.42	-0.090524	2.1507	3.1851	1689.4	-0.051586	0.00016323	0.22882	liquid
122.69	624.00	452.13	0.0022118	-3.4140	134.60	-0.064461	2.1469	3.1845	1683.8	-0.051531	0.00016005	0.22777	liquid
123.69	624.00	451.18	0.0022164	-0.52062	137.78	-0.038614	2.1432	3.1839	1678.2	-0.051475	0.00015700	0.22672	liquid
124.69	624.00	450.23	0.0022211	2.3710	140.97	-0.012980	2.1395	3.1832	1672.6	-0.051418	0.00015407	0.22567	liquid
125.69	624.00	449.28	0.0022258	5.2610	144.15	0.012444	2.1358	3.1826	1667.1	-0.051360	0.00015126	0.22462	liquid
126.69	624.00	448.33	0.0022305	8.1493	147.33	0.037662	2.1321	3.1820	1661.5	-0.051301	0.00014855	0.22357	liquid
127.69	624.00	447.38	0.0022352	11.036	150.52	0.062676	2.1285	3.1813	1655.9	-0.051241	0.00014595	0.22252	liquid
128.69	624.00	446.43	0.0022400	13.921	153.70	0.087490	2.1248	3.1807	1650.4	-0.051181	0.00014344	0.22147	liquid
129.69	624.00	445.48	0.0022448	16.804	156.88	0.11211	2.1212	3.1800	1644.9	-0.051119	0.00014103	0.22042	liquid
130.69	624.00	444.53	0.0022495	19.685	160.06	0.13653	2.1177	3.1794	1639.4	-0.051056	0.00013870	0.21937	liquid
131.69	624.00	443.59	0.0022543	22.564	163.24	0.16076	2.1141	3.1787	1633.9	-0.050992	0.00013645	0.21832	liquid
132.69	624.00	442.64	0.0022592	25.442	166.41	0.18480	2.1105	3.1780	1628.4	-0.050927	0.00013428	0.21728	liquid
133.69	624.00	441.70	0.0022640	28.318	169.59	0.20866	2.1070	3.1773	1623.0	-0.050861	0.00013218	0.21623	liquid
134.69	624.00	440.75	0.0022689	31.192	172.77	0.23234	2.1035	3.1766	1617.5	-0.050793	0.00013016	0.21519	liquid
135.69	624.00	439.81	0.0022737	34.064	175.94	0.25583	2.1001	3.1760	1612.1	-0.050725	0.00012819	0.21415	liquid
136.69	624.00	438.86	0.0022786	36.934	179.12	0.27915	2.0966	3.1753	1606.7	-0.050655	0.00012629	0.21311	liquid
137.69	624.00	437.92	0.0022835	39.802	182.30	0.30229	2.0932	3.1746	1601.3	-0.050585	0.00012445	0.21208	liquid
138.69	624.00	436.97	0.0022885	42.669	185.47	0.32526	2.0898	3.1739	1595.9	-0.050513	0.00012267	0.21105	liquid
139.69	624.00	436.03	0.0022934	45.534	188.64	0.34806	2.0864	3.1732	1590.5	-0.050440	0.00012094	0.21002	liquid
140.69	624.00	435.09	0.0022984	48.396	191.82	0.37069	2.0831	3.1725	1585.2	-0.050366	0.00011926	0.20899	liquid
141.69	624.00	434.15	0.0023034	51.257	194.99	0.39316	2.0797	3.1718	1579.9	-0.050291	0.00011763	0.20797	liquid
142.69	624.00	433.20	0.0023084	54.116	198.16	0.41546	2.0764	3.1711	1574.6	-0.050214	0.00011605	0.20694	liquid
143.69	624.00	432.26	0.0023134	56.973	201.33	0.43760	2.0731	3.1704	1569.3	-0.050137	0.00011451	0.20593	liquid
144.69	624.00	431.32	0.0023185	59.828	204.50	0.45959	2.0699	3.1697	1564.0	-0.050058	0.00011301	0.20491	liquid
145.69	624.00	430.38	0.0023235	62.681	207.67	0.48142	2.0667	3.1690	1558.7	-0.049977	0.00011156	0.20390	liquid
146.69	624.00	429.44	0.0023286	65.532	210.84	0.50309	2.0635	3.1683	1553.5	-0.049896	0.00011014	0.20289	liquid
147.69	624.00	428.50	0.0023337	68.382	214.01	0.52461	2.0603	3.1676	1548.3	-0.049813	0.00010876	0.20189	liquid
148.69	624.00	427.56	0.0023389	71.229	217.17	0.54599	2.0572	3.1669	1543.1	-0.049729	0.00010742	0.20089	liquid
149.69	624.00	426.62	0.0023440	74.074	220.34	0.56721	2.0540	3.1662	1537.9	-0.049644	0.00010611	0.19990	liquid
150.69	624.00	425.68	0.0023492	76.918	223.51	0.58829	2.0509	3.1656	1532.7	-0.049557	0.00010483	0.19890	liquid
151.69	624.00	424.74	0.0023544	79.759	226.67	0.60923	2.0479	3.1649	1527.5	-0.049470	0.00010359	0.19792	liquid
152.69	624.00	423.81	0.0023596	82.599	229.84	0.63002	2.0448	3.1642	1522.4	-0.049380	0.00010237	0.19693	liquid
153.69	624.00	422.87	0.0023648	85.436	233.00	0.65067	2.0418	3.1635	1517.3	-0.049290	0.00010119	0.19595	liquid
154.69	624.00	421.93	0.0023700	88.272	236.16	0.67119	2.0389	3.1629	1512.2	-0.049198	0.00010003	0.19498	liquid
155.69	624.00	421.00	0.0023753	91.105	239.33	0.69156	2.0359	3.1622	1507.1	-0.049105	9.8898e-05	0.19401	liquid
156.69	624.00	420.06	0.0023806	93.937	242.49	0.71181	2.0330	3.1615	1502.1	-0.049010	9.7793e-05	0.19304	liquid
157.69	624.00	419.12	0.0023859	96.766	245.65	0.73192	2.0301	3.1609	1497.0	-0.048914	9.6714e-05	0.19208	liquid
158.69	624.00	418.19	0.0023913	99.594	248.81	0.75190	2.0272	3.1602	1492.0	-0.048817	9.5658e-05	0.19113	liquid
159.69	624.00	417.25	0.0023966	102.42	251.97	0.77175	2.0244	3.1596	1487.0	-0.048718	9.4626e-05	0.19017	liquid
160.69	624.00	416.32	0.0024020	105.24	255.13	0.79147	2.0216	3.1590	1482.0	-0.048618	9.3616e-05	0.18923	liquid
161.69	624.00	415.39	0.0024074	108.06	258.29	0.81106	2.0188	3.1583	1477.1	-0.048517	9.2627e-05	0.18828	liquid
162.69	624.00	414.45	0.0024128	110.88	261.44	0.83053	2.0160	3.1577	1472.1	-0.048414	9.1660e-05	0.18735	liquid
163.69	624.00	413.52	0.0024183	113.70	264.60	0.84988	2.0133	3.1571	1467.2	-0.048310	9.0713e-05	0.18641	liquid
164.69	624.00	412.59	0.0024237	116.52	267.76	0.86911	2.0106	3.1565	1462.3	-0.048204	8.9785e-05	0.18549	liquid
165.69	624.00	411.65	0.0024292	119.33	270.92	0.88821	2.0079	3.1559	1457.4	-0.048097	8.8877e-05	0.18456	liquid
166.69	624.00	410.72	0.0024347	122.14	274.07	0.90720	2.0053	3.1553	1452.6	-0.047988	8.7986e-05	0.18365	liquid
167.69	624.00	409.79	0.0024403	124.95	277.23	0.92607	2.0027	3.1547	1447.7	-0.047878	8.7114e-05	0.18274	liquid
168.69	624.00	408.86	0.0024458	127.76	280.38	0.94483	2.0001	3.1541	1442.9	-0.047767	8.6258e-05	0.18183	liquid
169.69	624.00	407.93	0.0024514	130.57	283.53	0.96347	1.9976	3.1536	1438.1	-0.047654	8.5419e-05	0.18093	liquid
170.69	624.00	407.00	0.0024570	133.37	286.69	0.98199	1.9950	3.1530	1433.3	-0.047540	8.4597e-05	0.18003	liquid
171.69	624.00	406.07	0.0024626	136.17	289.84	1.0004	1.9926	3.1524	1428.6	-0.047425	8.3790e-05	0.17914	liquid
172.69	624.00	405.14	0.0024683	138.97	292.99	1.0187	1.9901	3.1519	1423.8	-0.047307	8.2998e-05	0.17825	liquid
173.69	624.00	404.21	0.0024739	141.77	296.14	1.0369	1.9877	3.1513	1419.1	-0.047189	8.2221e-05	0.17737	liquid
174.69	624.00	403.28	0.0024796	144.57	299.29	1.0550	1.9853	3.1508	1414.4	-0.047069	8.1458e-05	0.17650	liquid
175.69	624.00	402.36	0.0024854	147.36	302.45	1.0730	1.9829	3.1503	1409.8	-0.046948	8.0710e-05	0.17563	liquid
176.69	624.00	401.43	0.0024911	150.15	305.60	1.0909	1.9806	3.1498	1405.1	-0.046825	7.9974e-05	0.17476	liquid
177.69	624.00	400.50	0.0024969	152.94	308.74	1.1086	1.9783	3.1493	1400.5	-0.046701	7.9252e-05	0.17390	liquid
178.69	624.00	399.58	0.0025026	155.73	311.89	1.1263	1.9760	3.1488	1395.8	-0.046575	7.8543e-05	0.17305	liquid
179.69	624.00	398.65	0.0025085	158.51	315.04	1.1439	1.9737	3.1483	1391.3	-0.046448	7.7846e-05	0.17220	liquid
180.69	624.00	397.73	0.0025143	161.30	318.19	1.1614	1.9715	3.1478	1386.7	-0.046319	7.7162e-05	0.17136	liquid
181.69	624.00	396.80	0.0025201	164.08	321.34	1.1787	1.9693	3.1473	1382.1	-0.046189	7.6489e-05	0.17052	liquid
182.69	624.00	395.88	0.0025260	166.86	324.49	1.1960	1.9672	3.1469	1377.6	-0.046058	7.5828e-05	0.16969	liquid
183.69	624.00	394.95	0.0025319	169.64	327.63	1.2132	1.9651	3.1464	1373.1	-0.045925	7.5177e-05	0.16887	liquid
184.69	624.00	394.03	0.0025379	172.42	330.78	1.2303	1.9630	3.1460	1368.6	-0.045791	7.4538e-05	0.16805	liquid
185.69	624.00	393.11	0.0025438	175.19	333.92	1.2472	1.9609	3.1455	1364.1	-0.045655	7.3910e-05	0.16723	liquid
186.69	624.00	392.19	0.0025498	177.96	337.07	1.2641	1.9589	3.1451	1359.7	-0.045518	7.3291e-05	0.16642	liquid
187.69	624.00	391.27	0.0025558	180.73	340.21	1.2809	1.9569	3.1447	1355.3	-0.045379	7.2683e-05	0.16562	liquid
188.69	624.00	390.35	0.0025618	183.50	343.36	1.2976	1.9549	3.1443	1350.9	-0.045239	7.2085e-05	0.16482	liquid
189.69	624.00	389.43	0.0025679	186.27	346.50	1.3143	1.9530	3.1439	1346.5	-0.045098	7.1497e-05	0.16403	liquid
190.69	624.00	388.51	0.0025739	189.03	349.65	1.3308	1.9511	3.1435	1342.1	-0.044955	7.0917e-05	0.16325	supercritical
191.69	624.00	387.59	0.0025800	191.79	352.79	1.3472	1.9492	3.1431	1337.8	-0.044811	7.0348e-05	0.16247	supercritical
192.69	624.00	386.67	0.0025862	194.56	355.93	1.3636	1.9473	3.1427	1333.5	-0.044666	6.9787e-05	0.16169	supercritical
193.69	624.00	385.75	0.0025923	197.31	359.07	1.3798	1.9455	3.1423	1329.2	-0.044519	6.9234e-05	0.16092	supercritical
194.69	624.00	384.84	0.0025985	200.07	362.22	1.3960	1.9438	3.1420	1324.9	-0.044370	6.8691e-05	0.16015	supercritical
195.69	624.00	383.92	0.0026047	202.83	365.36	1.4121	1.9420	3.1416	1320.6	-0.044221	6.8156e-05	0.15939	supercritical
196.69	624.00	383.01	0.0026109	205.58	368.50	1.4281	1.9403	3.1413	1316.4	-0.044070	6.7629e-05	0.15864	supercritical
197.69	624.00	382.09	0.0026172	208.33	371.64	1.4441	1.9386	3.1409	1312.2	-0.043917	6.7110e-05	0.15789	supercritical
198.69	624.00	381.18	0.0026234	211.08	374.78	1.4599	1.9369	3.1406	1308.0	-0.043764	6.6599e-05	0.15715	supercritical
199.69	624.00	380.27	0.0026297	213.83	377.92	1.4757	1.9353	3.1403	1303.8	-0.043609	6.6095e-05	0.15641	supercritical
200.69	624.00	379.35	0.0026361	216.57	381.06	1.4914	1.9337	3.1400	1299.7	-0.043452	6.5599e-05	0.15568	supercritical
201.69	624.00	378.44	0.0026424	219.32	384.20	1.5070	1.9322	3.1397	1295.6	-0.043295	6.5111e-05	0.15496	supercritical
202.69	624.00	377.53	0.0026488	222.06	387.34	1.5225	1.9306	3.1394	1291.5	-0.043136	6.4629e-05	0.15424	supercritical
203.69	624.00	376.62	0.0026552	224.80	390.48	1.5379	1.9291	3.1391	1287.4	-0.042976	6.4155e-05	0.15352	supercritical
204.69	624.00	375.71	0.0026616	227.54	393.62	1.5533	1.9277	3.1389	1283.3	-0.042814	6.3688e-05	0.15282	supercritical
205.69	624.00	374.80	0.0026681	230.27	396.76	1.5686	1.9263	3.1386	1279.3	-0.042651	6.3227e-05	0.15211	supercritical
206.69	624.00	373.90	0.0026745	233.01	399.90	1.5838	1.9249	3.1383	1275.3	-0.042487	6.2773e-05	0.15141	supercritical
207.69	624.00	372.99	0.0026810	235.74	403.04	1.5990	1.9235	3.1381	1271.3	-0.042322	6.2325e-05	0.15072	supercritical
208.69	624.00	372.08	0.0026876	238.47	406.17	1.6141	1.9221	3.1379	1267.3	-0.042156	6.1884e-05	0.15004	supercritical
209.69	624.00	371.18	0.0026941	241.20	409.31	1.6291	1.9208	3.1376	1263.4	-0.041988	6.1449e-05	0.14936	supercritical
210.69	624.00	370.28	0.0027007	243.93	412.45	1.6440	1.9196	3.1374	1259.5	-0.041819	6.1020e-05	0.14868	supercritical
211.69	624.00	369.37	0.0027073	246.65	415.59	1.6588	1.9183	3.1372	1255.6	-0.041649	6.0598e-05	0.14801	supercritical
212.69	624.00	368.47	0.0027139	249.37	418.72	1.6736	1.9171	3.1370	1251.7	-0.041478	6.0181e-05	0.14735	supercritical
213.69	624.00	367.57	0.0027206	252.10	421.86	1.6883	1.9159	3.1368	1247.8	-0.041305	5.9770e-05	0.14669	supercritical
214.69	624.00	366.67	0.0027273	254.82	425.00	1.7030	1.9148	3.1366	1244.0	-0.041132	5.9364e-05	0.14604	supercritical
215.69	624.00	365.77	0.0027340	257.53	428.13	1.7176	1.9137	3.1364	1240.2	-0.040957	5.8964e-05	0.14539	supercritical
216.69	624.00	364.87	0.0027407	260.25	431.27	1.7321	1.9126	3.1362	1236.4	-0.040781	5.8570e-05	0.14475	supercritical
217.69	624.00	363.97	0.0027475	262.96	434.41	1.7465	1.9115	3.1361	1232.6	-0.040604	5.8181e-05	0.14411	supercritical
218.69	624.00	363.08	0.0027542	265.68	437.54	1.7609	1.9105	3.1359	1228.9	-0.040426	5.7797e-05	0.14348	supercritical
219.69	624.00	362.18	0.0027611	268.39	440.68	1.7752	1.9095	3.1358	1225.1	-0.040247	5.7418e-05	0.14285	supercritical
220.69	624.00	361.29	0.0027679	271.10	443.81	1.7894	1.9086	3.1356	1221.4	-0.040067	5.7045e-05	0.14223	supercritical
221.69	624.00	360.39	0.0027748	273.80	446.95	1.8036	1.9076	3.1355	1217.7	-0.039886	5.6676e-05	0.14162	supercritical
222.69	624.00	359.50	0.0027816	276.51	450.08	1.8177	1.9067	3.1354	1214.1	-0.039704	5.6312e-05	0.14101	supercritical
223.69	624.00	358.61	0.0027886	279.21	453.22	1.8318	1.9059	3.1352	1210.5	-0.039521	5.5953e-05	0.14040	supercritical
224.69	624.00	357.72	0.0027955	281.92	456.35	1.8457	1.9051	3.1351	1206.8	-0.039337	5.5599e-05	0.13981	supercritical
225.69	624.00	356.83	0.0028025	284.62	459.49	1.8597	1.9043	3.1350	1203.2	-0.039152	5.5250e-05	0.13921	supercritical
226.69	624.00	355.94	0.0028094	287.32	462.62	1.8735	1.9035	3.1349	1199.7	-0.038966	5.4905e-05	0.13863	supercritical
227.69	624.00	355.05	0.0028165	290.01	465.76	1.8873	1.9028	3.1348	1196.1	-0.038780	5.4564e-05	0.13804	supercritical
228.69	624.00	354.17	0.0028235	292.71	468.89	1.9011	1.9020	3.1347	1192.6	-0.038592	5.4228e-05	0.13747	supercritical
229.69	624.00	353.28	0.0028306	295.40	472.03	1.9147	1.9014	3.1346	1189.1	-0.038404	5.3896e-05	0.13689	supercritical
230.69	624.00	352.40	0.0028377	298.09	475.16	1.9283	1.9007	3.1346	1185.6	-0.038214	5.3569e-05	0.13633	supercritical
231.69	624.00	351.52	0.0028448	300.78	478.30	1.9419	1.9001	3.1345	1182.2	-0.038024	5.3246e-05	0.13576	supercritical
232.69	624.00	350.64	0.0028519	303.47	481.43	1.9554	1.8995	3.1344	1178.7	-0.037833	5.2926e-05	0.13521	supercritical
233.69	624.00	349.76	0.0028591	306.16	484.57	1.9688	1.8990	3.1344	1175.3	-0.037642	5.2611e-05	0.13466	supercritical
234.69	624.00	348.88	0.0028663	308.84	487.70	1.9822	1.8985	3.1343	1171.9	-0.037449	5.2300e-05	0.13411	supercritical
235.69	624.00	348.00	0.0028735	311.53	490.84	1.9956	1.8980	3.1343	1168.5	-0.037256	5.1993e-05	0.13357	supercritical
236.69	624.00	347.13	0.0028808	314.21	493.97	2.0088	1.8975	3.1343	1165.2	-0.037062	5.1690e-05	0.13303	supercritical
237.69	624.00	346.25	0.0028881	316.89	497.10	2.0220	1.8971	3.1342	1161.9	-0.036868	5.1390e-05	0.13250	supercritical
238.69	624.00	345.38	0.0028954	319.57	500.24	2.0352	1.8967	3.1342	1158.6	-0.036672	5.1094e-05	0.13198	supercritical
239.69	624.00	344.51	0.0029027	322.24	503.37	2.0483	1.8964	3.1342	1155.3	-0.036477	5.0802e-05	0.13146	supercritical
240.69	624.00	343.64	0.0029100	324.92	506.51	2.0614	1.8960	3.1342	1152.0	-0.036280	5.0514e-05	0.13094	supercritical
241.69	624.00	342.77	0.0029174	327.59	509.64	2.0743	1.8957	3.1342	1148.8	-0.036083	5.0229e-05	0.13043	supercritical
242.69	624.00	341.90	0.0029248	330.27	512.78	2.0873	1.8955	3.1342	1145.6	-0.035886	4.9947e-05	0.12993	supercritical
243.69	624.00	341.03	0.0029323	332.94	515.91	2.1002	1.8952	3.1342	1142.4	-0.035687	4.9670e-05	0.12943	supercritical
244.69	624.00	340.17	0.0029397	335.61	519.04	2.1130	1.8950	3.1342	1139.2	-0.035489	4.9395e-05	0.12893	supercritical
245.69	624.00	339.31	0.0029472	338.27	522.18	2.1258	1.8948	3.1342	1136.1	-0.035290	4.9124e-05	0.12844	supercritical
246.69	624.00	338.44	0.0029547	340.94	525.31	2.1385	1.8947	3.1342	1132.9	-0.035090	4.8856e-05	0.12796	supercritical
247.69	624.00	337.58	0.0029622	343.60	528.45	2.1512	1.8946	3.1343	1129.8	-0.034890	4.8591e-05	0.12748	supercritical
248.69	624.00	336.72	0.0029698	346.27	531.58	2.1638	1.8945	3.1343	1126.7	-0.034690	4.8330e-05	0.12700	supercritical
249.69	624.00	335.87	0.0029774	348.93	534.72	2.1764	1.8944	3.1343	1123.7	-0.034489	4.8072e-05	0.12653	supercritical
250.69	624.00	335.01	0.0029850	351.59	537.85	2.1889	1.8944	3.1344	1120.6	-0.034288	4.7817e-05	0.12607	supercritical
251.69	624.00	334.16	0.0029926	354.24	540.98	2.2014	1.8944	3.1344	1117.6	-0.034086	4.7565e-05	0.12560	supercritical
252.69	624.00	333.30	0.0030003	356.90	544.12	2.2138	1.8945	3.1345	1114.6	-0.033885	4.7316e-05	0.12515	supercritical
253.69	624.00	332.45	0.0030080	359.56	547.25	2.2262	1.8945	3.1345	1111.6	-0.033683	4.7070e-05	0.12470	supercritical
254.69	624.00	331.60	0.0030157	362.21	550.39	2.2386	1.8946	3.1346	1108.7	-0.033480	4.6827e-05	0.12425	supercritical
255.69	624.00	330.75	0.0030234	364.86	553.52	2.2508	1.8947	3.1347	1105.8	-0.033278	4.6586e-05	0.12381	supercritical
256.69	624.00	329.91	0.0030312	367.51	556.66	2.2631	1.8949	3.1348	1102.9	-0.033075	4.6349e-05	0.12337	supercritical
257.69	624.00	329.06	0.0030389	370.16	559.79	2.2753	1.8951	3.1348	1100.0	-0.032872	4.6115e-05	0.12294	supercritical
258.69	624.00	328.22	0.0030467	372.81	562.93	2.2874	1.8953	3.1349	1097.1	-0.032669	4.5883e-05	0.12251	supercritical
259.69	624.00	327.38	0.0030546	375.46	566.06	2.2995	1.8955	3.1350	1094.3	-0.032466	4.5654e-05	0.12209	supercritical
260.69	624.00	326.54	0.0030624	378.10	569.20	2.3115	1.8958	3.1351	1091.4	-0.032263	4.5428e-05	0.12167	supercritical
261.69	624.00	325.70	0.0030703	380.74	572.33	2.3235	1.8961	3.1352	1088.6	-0.032059	4.5204e-05	0.12126	supercritical
262.69	624.00	324.86	0.0030782	383.39	575.47	2.3355	1.8964	3.1353	1085.9	-0.031856	4.4983e-05	0.12085	supercritical
263.69	624.00	324.03	0.0030861	386.03	578.60	2.3474	1.8968	3.1354	1083.1	-0.031653	4.4765e-05	0.12044	supercritical
264.69	624.00	323.20	0.0030941	388.67	581.74	2.3593	1.8971	3.1355	1080.4	-0.031449	4.4549e-05	0.12004	supercritical
265.69	624.00	322.37	0.0031021	391.30	584.87	2.3711	1.8976	3.1356	1077.6	-0.031246	4.4335e-05	0.11965	supercritical
266.69	624.00	321.54	0.0031101	393.94	588.01	2.3829	1.8980	3.1358	1075.0	-0.031043	4.4125e-05	0.11925	supercritical
267.69	624.00	320.71	0.0031181	396.58	591.14	2.3946	1.8985	3.1359	1072.3	-0.030840	4.3916e-05	0.11887	supercritical
268.69	624.00	319.88	0.0031261	399.21	594.28	2.4063	1.8990	3.1360	1069.6	-0.030637	4.3710e-05	0.11848	supercritical
269.69	624.00	319.06	0.0031342	401.84	597.42	2.4180	1.8995	3.1362	1067.0	-0.030434	4.3507e-05	0.11811	supercritical
270.69	624.00	318.24	0.0031423	404.47	600.55	2.4296	1.9000	3.1363	1064.4	-0.030231	4.3305e-05	0.11773	supercritical
271.69	624.00	317.42	0.0031504	407.10	603.69	2.4411	1.9006	3.1364	1061.8	-0.030028	4.3107e-05	0.11736	supercritical
272.69	624.00	316.60	0.0031586	409.73	606.83	2.4527	1.9012	3.1366	1059.2	-0.029826	4.2910e-05	0.11700	supercritical
273.69	624.00	315.78	0.0031667	412.36	609.96	2.4641	1.9019	3.1367	1056.7	-0.029624	4.2716e-05	0.11664	supercritical
274.69	624.00	314.97	0.0031749	414.99	613.10	2.4756	1.9025	3.1369	1054.2	-0.029422	4.2524e-05	0.11628	supercritical
275.69	624.00	314.16	0.0031831	417.61	616.24	2.4870	1.9032	3.1371	1051.6	-0.029221	4.2334e-05	0.11593	supercritical
276.69	624.00	313.35	0.0031913	420.23	619.37	2.4983	1.9039	3.1372	1049.2	-0.029020	4.2146e-05	0.11558	supercritical
277.69	624.00	312.54	0.0031996	422.86	622.51	2.5097	1.9047	3.1374	1046.7	-0.028819	4.1961e-05	0.11524	supercritical
278.69	624.00	311.73	0.0032079	425.48	625.65	2.5209	1.9054	3.1376	1044.3	-0.028618	4.1777e-05	0.11490	supercritical
279.69	624.00	310.93	0.0032162	428.10	628.79	2.5322	1.9062	3.1378	1041.8	-0.028418	4.1596e-05	0.11456	supercritical
280.69	624.00	310.13	0.0032245	430.72	631.92	2.5434	1.9071	3.1379	1039.4	-0.028219	4.1417e-05	0.11423	supercritical
281.69	624.00	309.32	0.0032328	433.33	635.06	2.5545	1.9079	3.1381	1037.0	-0.028020	4.1239e-05	0.11390	supercritical
282.69	624.00	308.53	0.0032412	435.95	638.20	2.5657	1.9088	3.1383	1034.7	-0.027821	4.1064e-05	0.11358	supercritical
283.69	624.00	307.73	0.0032496	438.56	641.34	2.5767	1.9097	3.1385	1032.3	-0.027623	4.0891e-05	0.11326	supercritical
284.69	624.00	306.94	0.0032580	441.18	644.48	2.5878	1.9106	3.1387	1030.0	-0.027425	4.0720e-05	0.11294	supercritical
285.69	624.00	306.14	0.0032664	443.79	647.62	2.5988	1.9116	3.1389	1027.7	-0.027228	4.0551e-05	0.11263	supercritical
286.69	624.00	305.35	0.0032749	446.40	650.76	2.6098	1.9126	3.1392	1025.4	-0.027032	4.0383e-05	0.11233	supercritical
287.69	624.00	304.57	0.0032834	449.01	653.89	2.6207	1.9136	3.1394	1023.2	-0.026836	4.0218e-05	0.11202	supercritical
288.69	624.00	303.78	0.0032919	451.62	657.03	2.6316	1.9146	3.1396	1020.9	-0.026640	4.0054e-05	0.11172	supercritical
289.69	624.00	303.00	0.0033004	454.23	660.17	2.6424	1.9156	3.1398	1018.7	-0.026446	3.9893e-05	0.11143	supercritical
290.69	624.00	302.21	0.0033089	456.84	663.31	2.6533	1.9167	3.1401	1016.5	-0.026252	3.9733e-05	0.11113	supercritical
291.69	624.00	301.43	0.0033175	459.44	666.45	2.6640	1.9178	3.1403	1014.3	-0.026058	3.9575e-05	0.11085	supercritical
292.69	624.00	300.66	0.0033260	462.05	669.59	2.6748	1.9190	3.1405	1012.2	-0.025865	3.9418e-05	0.11056	supercritical
293.69	624.00	299.88	0.0033346	464.65	672.73	2.6855	1.9201	3.1408	1010.0	-0.025674	3.9264e-05	0.11028	supercritical
294.69	624.00	299.11	0.0033433	467.26	675.88	2.6962	1.9213	3.1410	1007.9	-0.025482	3.9111e-05	0.11001	supercritical
295.69	624.00	298.34	0.0033519	469.86	679.02	2.7068	1.9225	3.1413	1005.8	-0.025292	3.8960e-05	0.10973	supercritical
296.69	624.00	297.57	0.0033606	472.46	682.16	2.7174	1.9237	3.1415	1003.7	-0.025102	3.8811e-05	0.10946	supercritical
297.69	624.00	296.80	0.0033692	475.06	685.30	2.7280	1.9250	3.1418	1001.6	-0.024914	3.8663e-05	0.10920	supercritical
298.69	624.00	296.04	0.0033779	477.66	688.44	2.7385	1.9262	3.1421	999.57	-0.024726	3.8517e-05	0.10894	supercritical
299.69	624.00	295.28	0.0033867	480.26	691.58	2.7490	1.9275	3.1424	997.54	-0.024538	3.8373e-05	0.10868	supercritical
300.69	624.00	294.52	0.0033954	482.85	694.73	2.7595	1.9289	3.1426	995.52	-0.024352	3.8230e-05	0.10842	supercritical
301.69	624.00	293.76	0.0034042	485.45	697.87	2.7699	1.9302	3.1429	993.53	-0.024167	3.8089e-05	0.10817	supercritical
302.69	624.00	293.00	0.0034129	488.05	701.01	2.7803	1.9316	3.1432	991.55	-0.023982	3.7949e-05	0.10792	supercritical
303.69	624.00	292.25	0.0034217	490.64	704.16	2.7907	1.9330	3.1435	989.60	-0.023799	3.7811e-05	0.10768	supercritical
304.69	624.00	291.50	0.0034305	493.23	707.30	2.8010	1.9344	3.1438	987.66	-0.023616	3.7675e-05	0.10744	supercritical
305.69	624.00	290.75	0.0034394	495.83	710.44	2.8113	1.9358	3.1441	985.74	-0.023434	3.7540e-05	0.10720	supercritical
306.69	624.00	290.01	0.0034482	498.42	713.59	2.8216	1.9373	3.1445	983.84	-0.023254	3.7407e-05	0.10697	supercritical
307.69	624.00	289.26	0.0034571	501.01	716.73	2.8319	1.9388	3.1448	981.95	-0.023074	3.7275e-05	0.10674	supercritical
308.69	624.00	288.52	0.0034660	503.60	719.88	2.8421	1.9403	3.1451	980.08	-0.022895	3.7144e-05	0.10651	supercritical
309.69	624.00	287.78	0.0034749	506.19	723.02	2.8522	1.9418	3.1454	978.24	-0.022718	3.7015e-05	0.10629	supercritical
310.69	624.00	287.04	0.0034838	508.78	726.17	2.8624	1.9433	3.1458	976.41	-0.022541	3.6888e-05	0.10606	supercritical
311.69	624.00	286.31	0.0034927	511.37	729.31	2.8725	1.9449	3.1461	974.59	-0.022366	3.6762e-05	0.10585	supercritical
312.69	624.00	285.58	0.0035017	513.95	732.46	2.8826	1.9465	3.1465	972.80	-0.022191	3.6637e-05	0.10563	supercritical
313.69	624.00	284.85	0.0035107	516.54	735.61	2.8926	1.9481	3.1468	971.02	-0.022018	3.6514e-05	0.10542	supercritical
314.69	624.00	284.12	0.0035197	519.13	738.75	2.9026	1.9497	3.1472	969.26	-0.021846	3.6392e-05	0.10522	supercritical
315.69	624.00	283.39	0.0035287	521.71	741.90	2.9126	1.9514	3.1476	967.51	-0.021674	3.6271e-05	0.10501	supercritical
316.69	624.00	282.67	0.0035377	524.30	745.05	2.9226	1.9531	3.1480	965.79	-0.021504	3.6152e-05	0.10481	supercritical
317.69	624.00	281.95	0.0035467	526.88	748.20	2.9325	1.9548	3.1483	964.08	-0.021335	3.6034e-05	0.10461	supercritical
318.69	624.00	281.23	0.0035558	529.46	751.35	2.9424	1.9565	3.1487	962.39	-0.021168	3.5918e-05	0.10442	supercritical
319.69	624.00	280.52	0.0035649	532.05	754.50	2.9522	1.9582	3.1491	960.71	-0.021001	3.5803e-05	0.10423	supercritical
320.69	624.00	279.80	0.0035740	534.63	757.64	2.9621	1.9600	3.1495	959.05	-0.020836	3.5689e-05	0.10404	supercritical
321.69	624.00	279.09	0.0035831	537.21	760.79	2.9719	1.9617	3.1499	957.41	-0.020672	3.5576e-05	0.10385	supercritical
322.69	624.00	278.38	0.0035922	539.79	763.94	2.9817	1.9635	3.1504	955.78	-0.020509	3.5465e-05	0.10367	supercritical
323.69	624.00	277.68	0.0036013	542.37	767.09	2.9914	1.9654	3.1508	954.17	-0.020347	3.5355e-05	0.10349	supercritical
324.69	624.00	276.97	0.0036105	544.95	770.25	3.0011	1.9672	3.1512	952.58	-0.020187	3.5246e-05	0.10331	supercritical
325.69	624.00	276.27	0.0036196	547.53	773.40	3.0108	1.9691	3.1516	951.00	-0.020027	3.5138e-05	0.10314	supercritical
326.69	624.00	275.57	0.0036288	550.11	776.55	3.0205	1.9709	3.1521	949.44	-0.019869	3.5032e-05	0.10297	supercritical
327.69	624.00	274.87	0.0036380	552.69	779.70	3.0301	1.9728	3.1525	947.90	-0.019713	3.4926e-05	0.10280	supercritical
328.69	624.00	274.18	0.0036472	555.27	782.85	3.0397	1.9747	3.1530	946.37	-0.019557	3.4822e-05	0.10264	supercritical
329.69	624.00	273.49	0.0036565	557.84	786.01	3.0493	1.9767	3.1535	944.86	-0.019403	3.4719e-05	0.10248	supercritical
330.69	624.00	272.80	0.0036657	560.42	789.16	3.0589	1.9786	3.1540	943.36	-0.019250	3.4618e-05	0.10232	supercritical
331.69	624.00	272.11	0.0036750	563.00	792.32	3.0684	1.9806	3.1544	941.88	-0.019098	3.4517e-05	0.10216	supercritical
332.69	624.00	271.43	0.0036842	565.57	795.47	3.0779	1.9826	3.1549	940.41	-0.018948	3.4418e-05	0.10201	supercritical
333.69	624.00	270.74	0.0036935	568.15	798.63	3.0873	1.9846	3.1554	938.96	-0.018799	3.4319e-05	0.10186	supercritical
334.69	624.00	270.07	0.0037028	570.73	801.78	3.0968	1.9866	3.1559	937.53	-0.018651	3.4222e-05	0.10171	supercritical
335.69	624.00	269.39	0.0037121	573.30	804.94	3.1062	1.9887	3.1564	936.11	-0.018505	3.4126e-05	0.10156	supercritical
336.69	624.00	268.71	0.0037214	575.88	808.09	3.1156	1.9907	3.1570	934.70	-0.018360	3.4031e-05	0.10142	supercritical
337.69	624.00	268.04	0.0037308	578.45	811.25	3.1250	1.9928	3.1575	933.31	-0.018216	3.3937e-05	0.10128	supercritical
338.69	624.00	267.37	0.0037401	581.02	814.41	3.1343	1.9949	3.1580	931.93	-0.018074	3.3844e-05	0.10115	supercritical
339.69	624.00	266.70	0.0037495	583.60	817.57	3.1436	1.9970	3.1586	930.57	-0.017933	3.3752e-05	0.10101	supercritical
340.69	624.00	266.04	0.0037589	586.17	820.73	3.1529	1.9991	3.1591	929.23	-0.017793	3.3661e-05	0.10088	supercritical
341.69	624.00	265.37	0.0037683	588.75	823.89	3.1622	2.0013	3.1597	927.90	-0.017655	3.3571e-05	0.10075	supercritical
342.69	624.00	264.71	0.0037777	591.32	827.05	3.1714	2.0034	3.1603	926.58	-0.017518	3.3482e-05	0.10062	supercritical
343.69	624.00	264.06	0.0037871	593.89	830.21	3.1806	2.0056	3.1608	925.27	-0.017383	3.3394e-05	0.10050	supercritical
344.69	624.00	263.40	0.0037965	596.46	833.37	3.1898	2.0078	3.1614	923.99	-0.017249	3.3307e-05	0.10038	supercritical
345.69	624.00	262.75	0.0038059	599.04	836.53	3.1989	2.0100	3.1620	922.71	-0.017116	3.3222e-05	0.10026	supercritical
346.69	624.00	262.10	0.0038154	601.61	839.69	3.2081	2.0123	3.1626	921.45	-0.016984	3.3137e-05	0.10014	supercritical
347.69	624.00	261.45	0.0038249	604.18	842.85	3.2172	2.0145	3.1632	920.20	-0.016854	3.3053e-05	0.10003	supercritical
348.69	624.00	260.80	0.0038343	606.76	846.02	3.2263	2.0168	3.1639	918.97	-0.016726	3.2970e-05	0.099917	supercritical
349.69	624.00	260.16	0.0038438	609.33	849.18	3.2353	2.0191	3.1645	917.75	-0.016599	3.2888e-05	0.099808	supercritical
350.69	624.00	259.52	0.0038533	611.90	852.35	3.2444	2.0213	3.1651	916.55	-0.016473	3.2807e-05	0.099701	supercritical
351.69	624.00	258.88	0.0038628	614.47	855.51	3.2534	2.0237	3.1658	915.35	-0.016348	3.2726e-05	0.099597	supercritical
352.69	624.00	258.24	0.0038723	617.04	858.68	3.2624	2.0260	3.1665	914.17	-0.016225	3.2647e-05	0.099495	supercritical
353.69	624.00	257.61	0.0038819	619.62	861.84	3.2713	2.0283	3.1671	913.01	-0.016104	3.2569e-05	0.099395	supercritical
354.69	624.00	256.98	0.0038914	622.19	865.01	3.2803	2.0307	3.1678	911.86	-0.015983	3.2491e-05	0.099298	supercritical
355.69	624.00	256.35	0.0039010	624.76	868.18	3.2892	2.0330	3.1685	910.72	-0.015864	3.2415e-05	0.099203	supercritical
356.69	624.00	255.72	0.0039105	627.33	871.35	3.2981	2.0354	3.1692	909.59	-0.015747	3.2339e-05	0.099110	supercritical
357.69	624.00	255.10	0.0039201	629.91	874.52	3.3070	2.0378	3.1699	908.48	-0.015631	3.2264e-05	0.099019	supercritical
358.69	624.00	254.48	0.0039297	632.48	877.69	3.3158	2.0402	3.1706	907.38	-0.015516	3.2190e-05	0.098931	supercritical
359.69	624.00	253.86	0.0039392	635.05	880.86	3.3246	2.0427	3.1713	906.29	-0.015403	3.2117e-05	0.098845	supercritical
360.69	624.00	253.24	0.0039488	637.62	884.03	3.3335	2.0451	3.1721	905.21	-0.015291	3.2044e-05	0.098761	supercritical
361.69	624.00	252.62	0.0039585	640.20	887.20	3.3422	2.0476	3.1728	904.15	-0.015180	3.1973e-05	0.098680	supercritical
362.69	624.00	252.01	0.0039681	642.77	890.38	3.3510	2.0500	3.1736	903.10	-0.015071	3.1902e-05	0.098600	supercritical
363.69	624.00	251.40	0.0039777	645.34	893.55	3.3597	2.0525	3.1743	902.06	-0.014964	3.1832e-05	0.098523	supercritical
364.69	624.00	250.79	0.0039873	647.92	896.73	3.3685	2.0550	3.1751	901.03	-0.014857	3.1763e-05	0.098448	supercritical
365.69	624.00	250.19	0.0039970	650.49	899.90	3.3771	2.0575	3.1759	900.02	-0.014752	3.1695e-05	0.098375	supercritical
366.69	624.00	249.59	0.0040066	653.06	903.08	3.3858	2.0601	3.1767	899.01	-0.014649	3.1627e-05	0.098304	supercritical
367.69	624.00	248.99	0.0040163	655.64	906.25	3.3945	2.0626	3.1775	898.02	-0.014546	3.1561e-05	0.098235	supercritical
368.69	624.00	248.39	0.0040260	658.21	909.43	3.4031	2.0652	3.1783	897.05	-0.014446	3.1495e-05	0.098168	supercritical
369.69	624.00	247.79	0.0040356	660.79	912.61	3.4117	2.0677	3.1791	896.08	-0.014346	3.1430e-05	0.098103	supercritical
370.69	624.00	247.20	0.0040453	663.36	915.79	3.4203	2.0703	3.1799	895.12	-0.014248	3.1365e-05	0.098040	supercritical
371.69	624.00	246.61	0.0040550	665.94	918.97	3.4289	2.0729	3.1808	894.18	-0.014151	3.1301e-05	0.097980	supercritical
372.69	624.00	246.02	0.0040647	668.51	922.15	3.4374	2.0755	3.1816	893.25	-0.014056	3.1238e-05	0.097921	supercritical
373.69	624.00	245.43	0.0040744	671.09	925.33	3.4459	2.0781	3.1825	892.32	-0.013962	3.1176e-05	0.097864	supercritical
374.69	624.00	244.85	0.0040842	673.67	928.52	3.4545	2.0807	3.1834	891.41	-0.013869	3.1115e-05	0.097809	supercritical
375.69	624.00	244.27	0.0040939	676.24	931.70	3.4629	2.0834	3.1843	890.51	-0.013778	3.1054e-05	0.097756	supercritical
376.69	624.00	243.69	0.0041036	678.82	934.89	3.4714	2.0860	3.1852	889.63	-0.013688	3.0994e-05	0.097705	supercritical
377.69	624.00	243.11	0.0041133	681.40	938.07	3.4798	2.0887	3.1861	888.75	-0.013599	3.0935e-05	0.097656	supercritical
378.69	624.00	242.54	0.0041231	683.98	941.26	3.4883	2.0914	3.1870	887.88	-0.013512	3.0876e-05	0.097609	supercritical
379.69	624.00	241.96	0.0041328	686.56	944.45	3.4967	2.0941	3.1879	887.03	-0.013426	3.0818e-05	0.097564	supercritical
380.69	624.00	241.39	0.0041426	689.14	947.63	3.5051	2.0968	3.1889	886.18	-0.013342	3.0760e-05	0.097520	supercritical
381.69	624.00	240.83	0.0041524	691.72	950.82	3.5134	2.0995	3.1898	885.35	-0.013258	3.0704e-05	0.097479	supercritical
382.69	624.00	240.26	0.0041622	694.30	954.01	3.5218	2.1022	3.1908	884.52	-0.013176	3.0648e-05	0.097439	supercritical
383.69	624.00	239.70	0.0041719	696.88	957.21	3.5301	2.1049	3.1917	883.71	-0.013096	3.0593e-05	0.097401	supercritical
384.69	624.00	239.14	0.0041817	699.46	960.40	3.5384	2.1077	3.1927	882.91	-0.013016	3.0538e-05	0.097365	supercritical
385.69	624.00	238.58	0.0041915	702.04	963.59	3.5467	2.1104	3.1937	882.11	-0.012938	3.0484e-05	0.097331	supercritical
386.69	624.00	238.02	0.0042013	704.62	966.78	3.5550	2.1132	3.1947	881.33	-0.012861	3.0430e-05	0.097298	supercritical
387.69	624.00	237.47	0.0042111	707.21	969.98	3.5632	2.1160	3.1957	880.55	-0.012786	3.0378e-05	0.097267	supercritical
388.69	624.00	236.91	0.0042209	709.79	973.18	3.5715	2.1188	3.1967	879.79	-0.012711	3.0326e-05	0.097238	supercritical
389.69	624.00	236.37	0.0042307	712.37	976.37	3.5797	2.1216	3.1978	879.04	-0.012638	3.0274e-05	0.097211	supercritical
390.69	624.00	235.82	0.0042406	714.96	979.57	3.5879	2.1244	3.1988	878.29	-0.012567	3.0223e-05	0.097185	supercritical
391.69	624.00	235.27	0.0042504	717.55	982.77	3.5961	2.1272	3.1999	877.56	-0.012496	3.0173e-05	0.097161	supercritical
392.69	624.00	234.73	0.0042602	720.13	985.97	3.6042	2.1300	3.2009	876.83	-0.012427	3.0123e-05	0.097139	supercritical
393.69	624.00	234.19	0.0042701	722.72	989.17	3.6124	2.1329	3.2020	876.12	-0.012359	3.0074e-05	0.097118	supercritical
394.69	624.00	233.65	0.0042799	725.31	992.38	3.6205	2.1357	3.2031	875.41	-0.012292	3.0025e-05	0.097099	supercritical
395.69	624.00	233.11	0.0042898	727.90	995.58	3.6286	2.1386	3.2042	874.72	-0.012226	2.9978e-05	0.097081	supercritical
396.69	624.00	232.58	0.0042996	730.49	998.78	3.6367	2.1414	3.2053	874.03	-0.012162	2.9930e-05	0.097066	supercritical
397.69	624.00	232.05	0.0043095	733.08	1002.0	3.6447	2.1443	3.2064	873.35	-0.012099	2.9883e-05	0.097051	supercritical
398.69	624.00	231.52	0.0043193	735.67	1005.2	3.6528	2.1472	3.2075	872.68	-0.012037	2.9837e-05	0.097039	supercritical
399.69	624.00	230.99	0.0043292	738.26	1008.4	3.6608	2.1501	3.2087	872.02	-0.011976	2.9792e-05	0.097028	supercritical
400.69	624.00	230.46	0.0043391	740.86	1011.6	3.6689	2.1530	3.2098	871.37	-0.011917	2.9746e-05	0.097018	supercritical
401.69	624.00	229.94	0.0043489	743.45	1014.8	3.6769	2.1559	3.2110	870.73	-0.011858	2.9702e-05	0.097011	supercritical
402.69	624.00	229.42	0.0043588	746.04	1018.0	3.6848	2.1589	3.2122	870.10	-0.011801	2.9658e-05	0.097004	supercritical
403.69	624.00	228.90	0.0043687	748.64	1021.2	3.6928	2.1618	3.2133	869.47	-0.011745	2.9614e-05	0.096999	supercritical
404.69	624.00	228.38	0.0043786	751.24	1024.5	3.7008	2.1647	3.2145	868.85	-0.011690	2.9571e-05	0.096996	supercritical
405.69	624.00	227.87	0.0043885	753.84	1027.7	3.7087	2.1677	3.2157	868.25	-0.011636	2.9529e-05	0.096994	supercritical
406.69	624.00	227.36	0.0043984	756.43	1030.9	3.7166	2.1706	3.2170	867.65	-0.011584	2.9487e-05	0.096994	supercritical
407.69	624.00	226.85	0.0044083	759.03	1034.1	3.7245	2.1736	3.2182	867.05	-0.011532	2.9446e-05	0.096995	supercritical
408.69	624.00	226.34	0.0044182	761.63	1037.3	3.7324	2.1766	3.2194	866.47	-0.011482	2.9405e-05	0.096998	supercritical
409.69	624.00	225.83	0.0044281	764.24	1040.6	3.7403	2.1796	3.2207	865.90	-0.011432	2.9364e-05	0.097002	supercritical
410.69	624.00	225.33	0.0044380	766.84	1043.8	3.7481	2.1826	3.2219	865.33	-0.011384	2.9325e-05	0.097007	supercritical
411.69	624.00	224.82	0.0044479	769.44	1047.0	3.7560	2.1856	3.2232	864.77	-0.011337	2.9285e-05	0.097014	supercritical
412.69	624.00	224.32	0.0044578	772.05	1050.2	3.7638	2.1886	3.2245	864.22	-0.011291	2.9246e-05	0.097023	supercritical
413.69	624.00	223.83	0.0044678	774.65	1053.4	3.7716	2.1916	3.2258	863.68	-0.011246	2.9208e-05	0.097033	supercritical
414.69	624.00	223.33	0.0044777	777.26	1056.7	3.7794	2.1946	3.2271	863.14	-0.011202	2.9170e-05	0.097044	supercritical
415.69	624.00	222.84	0.0044876	779.87	1059.9	3.7872	2.1977	3.2284	862.62	-0.011159	2.9132e-05	0.097056	supercritical
416.69	624.00	222.34	0.0044976	782.48	1063.1	3.7949	2.2007	3.2297	862.10	-0.011117	2.9095e-05	0.097070	supercritical
417.69	624.00	221.85	0.0045075	785.09	1066.4	3.8027	2.2038	3.2311	861.58	-0.011077	2.9059e-05	0.097086	supercritical
418.69	624.00	221.37	0.0045174	787.70	1069.6	3.8104	2.2068	3.2324	861.08	-0.011037	2.9023e-05	0.097102	supercritical
419.69	624.00	220.88	0.0045274	790.31	1072.8	3.8181	2.2099	3.2338	860.58	-0.010998	2.8987e-05	0.097120	supercritical
420.69	624.00	220.40	0.0045373	792.93	1076.1	3.8258	2.2129	3.2351	860.09	-0.010960	2.8952e-05	0.097139	supercritical
421.69	624.00	219.91	0.0045472	795.54	1079.3	3.8335	2.2160	3.2365	859.61	-0.010924	2.8917e-05	0.097160	supercritical
422.69	624.00	219.43	0.0045572	798.16	1082.5	3.8411	2.2191	3.2379	859.14	-0.010888	2.8883e-05	0.097182	supercritical
423.69	624.00	218.96	0.0045671	800.78	1085.8	3.8488	2.2222	3.2393	858.67	-0.010853	2.8849e-05	0.097205	supercritical
424.69	624.00	218.48	0.0045771	803.40	1089.0	3.8564	2.2253	3.2407	858.21	-0.010819	2.8816e-05	0.097230	supercritical
425.69	624.00	218.01	0.0045870	806.02	1092.2	3.8641	2.2284	3.2421	857.75	-0.010786	2.8783e-05	0.097255	supercritical
426.69	624.00	217.53	0.0045970	808.64	1095.5	3.8717	2.2315	3.2435	857.31	-0.010755	2.8751e-05	0.097282	supercritical
427.69	624.00	217.06	0.0046070	811.26	1098.7	3.8793	2.2346	3.2450	856.87	-0.010724	2.8718e-05	0.097311	supercritical
428.69	624.00	216.59	0.0046169	813.89	1102.0	3.8868	2.2378	3.2464	856.44	-0.010694	2.8687e-05	0.097340	supercritical
429.69	624.00	216.13	0.0046269	816.51	1105.2	3.8944	2.2409	3.2479	856.01	-0.010665	2.8655e-05	0.097371	supercritical
430.69	624.00	215.66	0.0046368	819.14	1108.5	3.9020	2.2440	3.2494	855.59	-0.010636	2.8625e-05	0.097403	supercritical
431.69	624.00	215.20	0.0046468	821.77	1111.7	3.9095	2.2472	3.2509	855.18	-0.010609	2.8594e-05	0.097436	supercritical
432.69	624.00	214.74	0.0046568	824.40	1115.0	3.9170	2.2503	3.2523	854.77	-0.010583	2.8564e-05	0.097471	supercritical
433.69	624.00	214.28	0.0046667	827.03	1118.2	3.9245	2.2535	3.2538	854.37	-0.010557	2.8534e-05	0.097506	supercritical
434.69	624.00	213.83	0.0046767	829.66	1121.5	3.9320	2.2567	3.2554	853.98	-0.010533	2.8505e-05	0.097543	supercritical
435.69	624.00	213.37	0.0046867	832.29	1124.7	3.9395	2.2598	3.2569	853.59	-0.010509	2.8476e-05	0.097581	supercritical
436.69	624.00	212.92	0.0046966	834.93	1128.0	3.9470	2.2630	3.2584	853.21	-0.010486	2.8448e-05	0.097620	supercritical
437.69	624.00	212.47	0.0047066	837.57	1131.3	3.9544	2.2662	3.2600	852.84	-0.010464	2.8420e-05	0.097660	supercritical
438.69	624.00	212.02	0.0047166	840.21	1134.5	3.9619	2.2694	3.2615	852.47	-0.010443	2.8392e-05	0.097702	supercritical
439.69	624.00	211.57	0.0047266	842.85	1137.8	3.9693	2.2726	3.2631	852.11	-0.010422	2.8365e-05	0.097744	supercritical
440.69	624.00	211.12	0.0047365	845.49	1141.0	3.9767	2.2758	3.2647	851.75	-0.010403	2.8338e-05	0.097788	supercritical
441.69	624.00	210.68	0.0047465	848.13	1144.3	3.9841	2.2790	3.2662	851.40	-0.010384	2.8311e-05	0.097833	supercritical
442.69	624.00	210.24	0.0047565	850.77	1147.6	3.9915	2.2822	3.2678	851.06	-0.010366	2.8285e-05	0.097879	supercritical
443.69	624.00	209.80	0.0047665	853.42	1150.8	3.9989	2.2854	3.2694	850.72	-0.010349	2.8259e-05	0.097926	supercritical
444.69	624.00	209.36	0.0047765	856.07	1154.1	4.0062	2.2886	3.2711	850.39	-0.010333	2.8233e-05	0.097974	supercritical
445.69	624.00	208.92	0.0047864	858.72	1157.4	4.0136	2.2918	3.2727	850.06	-0.010317	2.8208e-05	0.098023	supercritical
446.69	624.00	208.49	0.0047964	861.37	1160.7	4.0209	2.2951	3.2743	849.74	-0.010303	2.8183e-05	0.098073	supercritical
447.69	624.00	208.06	0.0048064	864.02	1163.9	4.0282	2.2983	3.2760	849.43	-0.010289	2.8159e-05	0.098125	supercritical
448.69	624.00	207.62	0.0048164	866.67	1167.2	4.0356	2.3015	3.2776	849.12	-0.010275	2.8135e-05	0.098177	supercritical
449.69	624.00	207.19	0.0048264	869.33	1170.5	4.0429	2.3048	3.2793	848.82	-0.010263	2.8111e-05	0.098231	supercritical
450.69	624.00	206.77	0.0048364	871.99	1173.8	4.0501	2.3080	3.2809	848.52	-0.010251	2.8087e-05	0.098285	supercritical
451.69	624.00	206.34	0.0048463	874.64	1177.1	4.0574	2.3113	3.2826	848.23	-0.010240	2.8064e-05	0.098341	supercritical
452.69	624.00	205.92	0.0048563	877.30	1180.3	4.0647	2.3145	3.2843	847.94	-0.010230	2.8042e-05	0.098397	supercritical
453.69	624.00	205.49	0.0048663	879.97	1183.6	4.0719	2.3178	3.2860	847.66	-0.010220	2.8019e-05	0.098455	supercritical
454.69	624.00	205.07	0.0048763	882.63	1186.9	4.0792	2.3211	3.2877	847.39	-0.010211	2.7997e-05	0.098514	supercritical
455.69	624.00	204.65	0.0048863	885.30	1190.2	4.0864	2.3243	3.2895	847.11	-0.010203	2.7975e-05	0.098573	supercritical
456.69	624.00	204.24	0.0048963	887.96	1193.5	4.0936	2.3276	3.2912	846.85	-0.010195	2.7954e-05	0.098634	supercritical
457.69	624.00	203.82	0.0049063	890.63	1196.8	4.1008	2.3309	3.2929	846.59	-0.010188	2.7932e-05	0.098696	supercritical
458.69	624.00	203.41	0.0049162	893.30	1200.1	4.1080	2.3342	3.2947	846.33	-0.010182	2.7911e-05	0.098758	supercritical
459.69	624.00	202.99	0.0049262	895.97	1203.4	4.1152	2.3375	3.2964	846.08	-0.010177	2.7891e-05	0.098822	supercritical
460.69	624.00	202.58	0.0049362	898.65	1206.7	4.1223	2.3408	3.2982	845.84	-0.010172	2.7871e-05	0.098886	supercritical
461.69	624.00	202.18	0.0049462	901.32	1210.0	4.1295	2.3441	3.3000	845.60	-0.010167	2.7851e-05	0.098952	supercritical
462.69	624.00	201.77	0.0049562	904.00	1213.3	4.1366	2.3474	3.3018	845.36	-0.010164	2.7831e-05	0.099018	supercritical
463.69	624.00	201.36	0.0049662	906.68	1216.6	4.1438	2.3507	3.3036	845.13	-0.010161	2.7812e-05	0.099086	supercritical
464.69	624.00	200.96	0.0049762	909.36	1219.9	4.1509	2.3540	3.3054	844.91	-0.010158	2.7793e-05	0.099154	supercritical
465.69	624.00	200.56	0.0049862	912.05	1223.2	4.1580	2.3573	3.3072	844.69	-0.010157	2.7774e-05	0.099224	supercritical
466.69	624.00	200.15	0.0049961	914.73	1226.5	4.1651	2.3606	3.3090	844.47	-0.010155	2.7755e-05	0.099294	supercritical
467.69	624.00	199.76	0.0050061	917.42	1229.8	4.1722	2.3639	3.3108	844.26	-0.010155	2.7737e-05	0.099365	supercritical
468.69	624.00	199.36	0.0050161	920.11	1233.1	4.1792	2.3673	3.3127	844.06	-0.010155	2.7719e-05	0.099437	supercritical
469.69	624.00	198.96	0.0050261	922.80	1236.4	4.1863	2.3706	3.3145	843.85	-0.010155	2.7701e-05	0.099510	supercritical
470.69	624.00	198.57	0.0050361	925.49	1239.7	4.1934	2.3739	3.3164	843.66	-0.010156	2.7684e-05	0.099584	supercritical
471.69	624.00	198.17	0.0050461	928.18	1243.1	4.2004	2.3773	3.3183	843.46	-0.010158	2.7667e-05	0.099659	supercritical
472.69	624.00	197.78	0.0050560	930.88	1246.4	4.2074	2.3806	3.3201	843.28	-0.010160	2.7650e-05	0.099734	supercritical
473.69	624.00	197.39	0.0050660	933.58	1249.7	4.2144	2.3839	3.3220	843.09	-0.010163	2.7634e-05	0.099811	supercritical
474.69	624.00	197.01	0.0050760	936.28	1253.0	4.2214	2.3873	3.3239	842.91	-0.010167	2.7617e-05	0.099888	supercritical
475.69	624.00	196.62	0.0050860	938.98	1256.3	4.2284	2.3906	3.3258	842.74	-0.010170	2.7601e-05	0.099967	supercritical
476.69	624.00	196.23	0.0050960	941.69	1259.7	4.2354	2.3940	3.3277	842.57	-0.010175	2.7586e-05	0.10005	supercritical
477.69	624.00	195.85	0.0051059	944.39	1263.0	4.2424	2.3973	3.3296	842.40	-0.010180	2.7570e-05	0.10013	supercritical
478.69	624.00	195.47	0.0051159	947.10	1266.3	4.2494	2.4007	3.3316	842.24	-0.010185	2.7555e-05	0.10021	supercritical
479.69	624.00	195.09	0.0051259	949.81	1269.7	4.2563	2.4041	3.3335	842.08	-0.010191	2.7540e-05	0.10029	supercritical
480.69	624.00	194.71	0.0051359	952.52	1273.0	4.2633	2.4074	3.3354	841.93	-0.010198	2.7525e-05	0.10037	supercritical
481.69	624.00	194.33	0.0051459	955.23	1276.3	4.2702	2.4108	3.3374	841.78	-0.010204	2.7511e-05	0.10045	supercritical
482.69	624.00	193.96	0.0051558	957.95	1279.7	4.2771	2.4141	3.3394	841.63	-0.010212	2.7496e-05	0.10054	supercritical
483.69	624.00	193.58	0.0051658	960.67	1283.0	4.2840	2.4175	3.3413	841.49	-0.010220	2.7482e-05	0.10062	supercritical
484.69	624.00	193.21	0.0051758	963.39	1286.4	4.2909	2.4209	3.3433	841.35	-0.010228	2.7469e-05	0.10071	supercritical
485.69	624.00	192.84	0.0051858	966.11	1289.7	4.2978	2.4243	3.3453	841.22	-0.010237	2.7455e-05	0.10080	supercritical
486.69	624.00	192.47	0.0051957	968.83	1293.0	4.3047	2.4277	3.3473	841.09	-0.010246	2.7442e-05	0.10088	supercritical
487.69	624.00	192.10	0.0052057	971.56	1296.4	4.3116	2.4310	3.3493	840.97	-0.010256	2.7429e-05	0.10097	supercritical
488.69	624.00	191.73	0.0052157	974.29	1299.7	4.3185	2.4344	3.3513	840.84	-0.010266	2.7416e-05	0.10106	supercritical
489.69	624.00	191.36	0.0052256	977.02	1303.1	4.3253	2.4378	3.3533	840.73	-0.010277	2.7403e-05	0.10115	supercritical
490.69	624.00	191.00	0.0052356	979.75	1306.5	4.3321	2.4412	3.3553	840.61	-0.010288	2.7391e-05	0.10124	supercritical
491.69	624.00	190.64	0.0052456	982.49	1309.8	4.3390	2.4446	3.3574	840.50	-0.010299	2.7379e-05	0.10133	supercritical
492.69	624.00	190.28	0.0052555	985.22	1313.2	4.3458	2.4480	3.3594	840.39	-0.010311	2.7367e-05	0.10143	supercritical
493.69	624.00	189.92	0.0052655	987.96	1316.5	4.3526	2.4514	3.3614	840.29	-0.010323	2.7355e-05	0.10152	supercritical
494.69	624.00	189.56	0.0052755	990.70	1319.9	4.3594	2.4548	3.3635	840.19	-0.010336	2.7344e-05	0.10161	supercritical
495.69	624.00	189.20	0.0052854	993.45	1323.3	4.3662	2.4582	3.3656	840.10	-0.010349	2.7333e-05	0.10171	supercritical
496.69	624.00	188.84	0.0052954	996.19	1326.6	4.3730	2.4616	3.3676	840.00	-0.010362	2.7322e-05	0.10180	supercritical
497.69	624.00	188.49	0.0053053	998.94	1330.0	4.3798	2.4650	3.3697	839.91	-0.010376	2.7311e-05	0.10190	supercritical
498.69	624.00	188.14	0.0053153	1001.7	1333.4	4.3865	2.4684	3.3718	839.83	-0.010390	2.7300e-05	0.10199	supercritical
499.69	624.00	187.78	0.0053252	1004.4	1336.7	4.3933	2.4718	3.3739	839.75	-0.010405	2.7290e-05	0.10209	supercritical
500.69	624.00	187.43	0.0053352	1007.2	1340.1	4.4000	2.4752	3.3760	839.67	-0.010420	2.7280e-05	0.10219	supercritical
501.69	624.00	187.09	0.0053452	1009.9	1343.5	4.4068	2.4786	3.3781	839.59	-0.010435	2.7270e-05	0.10229	supercritical
502.69	624.00	186.74	0.0053551	1012.7	1346.9	4.4135	2.4820	3.3802	839.52	-0.010451	2.7260e-05	0.10239	supercritical
503.69	624.00	186.39	0.0053651	1015.5	1350.2	4.4202	2.4855	3.3823	839.45	-0.010467	2.7251e-05	0.10249	supercritical
504.69	624.00	186.05	0.0053750	1018.2	1353.6	4.4269	2.4889	3.3844	839.39	-0.010483	2.7241e-05	0.10259	supercritical
505.69	624.00	185.70	0.0053849	1021.0	1357.0	4.4336	2.4923	3.3866	839.33	-0.010500	2.7232e-05	0.10269	supercritical
506.69	624.00	185.36	0.0053949	1023.8	1360.4	4.4403	2.4957	3.3887	839.27	-0.010517	2.7223e-05	0.10279	supercritical
507.69	624.00	185.02	0.0054048	1026.5	1363.8	4.4470	2.4991	3.3909	839.21	-0.010534	2.7214e-05	0.10290	supercritical
508.69	624.00	184.68	0.0054148	1029.3	1367.2	4.4537	2.5026	3.3930	839.16	-0.010552	2.7206e-05	0.10300	supercritical
509.69	624.00	184.34	0.0054247	1032.1	1370.6	4.4604	2.5060	3.3952	839.11	-0.010570	2.7198e-05	0.10310	supercritical
510.69	624.00	184.00	0.0054347	1034.9	1374.0	4.4670	2.5094	3.3973	839.06	-0.010588	2.7189e-05	0.10321	supercritical
511.69	624.00	183.67	0.0054446	1037.6	1377.4	4.4737	2.5128	3.3995	839.02	-0.010607	2.7181e-05	0.10332	supercritical
512.69	624.00	183.33	0.0054545	1040.4	1380.8	4.4803	2.5163	3.4017	838.98	-0.010625	2.7174e-05	0.10342	supercritical
513.69	624.00	183.00	0.0054645	1043.2	1384.2	4.4869	2.5197	3.4039	838.94	-0.010645	2.7166e-05	0.10353	supercritical
514.69	624.00	182.67	0.0054744	1046.0	1387.6	4.4936	2.5231	3.4061	838.91	-0.010664	2.7159e-05	0.10364	supercritical
515.69	624.00	182.34	0.0054843	1048.8	1391.0	4.5002	2.5266	3.4083	838.88	-0.010684	2.7151e-05	0.10375	supercritical
516.69	624.00	182.01	0.0054942	1051.6	1394.4	4.5068	2.5300	3.4105	838.85	-0.010704	2.7144e-05	0.10386	supercritical
517.69	624.00	181.68	0.0055042	1054.3	1397.8	4.5134	2.5334	3.4127	838.82	-0.010724	2.7138e-05	0.10397	supercritical
518.69	624.00	181.35	0.0055141	1057.1	1401.2	4.5200	2.5369	3.4149	838.80	-0.010745	2.7131e-05	0.10408	supercritical
519.69	624.00	181.03	0.0055240	1059.9	1404.6	4.5265	2.5403	3.4172	838.78	-0.010766	2.7124e-05	0.10419	supercritical
520.69	624.00	180.70	0.0055339	1062.7	1408.1	4.5331	2.5438	3.4194	838.77	-0.010787	2.7118e-05	0.10430	supercritical
521.69	624.00	180.38	0.0055439	1065.5	1411.5	4.5397	2.5472	3.4216	838.75	-0.010808	2.7112e-05	0.10441	supercritical
522.69	624.00	180.06	0.0055538	1068.3	1414.9	4.5462	2.5507	3.4239	838.74	-0.010830	2.7106e-05	0.10452	supercritical
523.69	624.00	179.74	0.0055637	1071.2	1418.3	4.5528	2.5541	3.4261	838.73	-0.010851	2.7100e-05	0.10464	supercritical
524.69	624.00	179.42	0.0055736	1074.0	1421.8	4.5593	2.5575	3.4284	838.73	-0.010874	2.7094e-05	0.10475	supercritical
525.69	624.00	179.10	0.0055835	1076.8	1425.2	4.5658	2.5610	3.4306	838.72	-0.010896	2.7089e-05	0.10487	supercritical
526.69	624.00	178.78	0.0055934	1079.6	1428.6	4.5724	2.5644	3.4329	838.72	-0.010918	2.7084e-05	0.10498	supercritical
527.69	624.00	178.47	0.0056033	1082.4	1432.0	4.5789	2.5679	3.4352	838.73	-0.010941	2.7078e-05	0.10510	supercritical
528.69	624.00	178.15	0.0056132	1085.2	1435.5	4.5854	2.5713	3.4375	838.73	-0.010964	2.7073e-05	0.10522	supercritical
529.69	624.00	177.84	0.0056231	1088.0	1438.9	4.5919	2.5748	3.4398	838.74	-0.010987	2.7069e-05	0.10533	supercritical
530.69	624.00	177.52	0.0056330	1090.9	1442.4	4.5984	2.5782	3.4420	838.75	-0.011011	2.7064e-05	0.10545	supercritical
531.69	624.00	177.21	0.0056429	1093.7	1445.8	4.6049	2.5817	3.4443	838.76	-0.011035	2.7059e-05	0.10557	supercritical
532.69	624.00	176.90	0.0056528	1096.5	1449.3	4.6113	2.5851	3.4467	838.78	-0.011058	2.7055e-05	0.10569	supercritical
533.69	624.00	176.59	0.0056627	1099.3	1452.7	4.6178	2.5886	3.4490	838.79	-0.011083	2.7051e-05	0.10581	supercritical
534.69	624.00	176.29	0.0056726	1102.2	1456.2	4.6243	2.5920	3.4513	838.81	-0.011107	2.7047e-05	0.10593	supercritical
535.69	624.00	175.98	0.0056825	1105.0	1459.6	4.6307	2.5955	3.4536	838.84	-0.011131	2.7043e-05	0.10605	supercritical
536.69	624.00	175.67	0.0056924	1107.9	1463.1	4.6371	2.5989	3.4559	838.86	-0.011156	2.7039e-05	0.10617	supercritical
537.69	624.00	175.37	0.0057023	1110.7	1466.5	4.6436	2.6024	3.4583	838.89	-0.011181	2.7035e-05	0.10629	supercritical
538.69	624.00	175.06	0.0057122	1113.5	1470.0	4.6500	2.6059	3.4606	838.92	-0.011206	2.7032e-05	0.10642	supercritical
539.69	624.00	174.76	0.0057221	1116.4	1473.4	4.6564	2.6093	3.4629	838.95	-0.011231	2.7029e-05	0.10654	supercritical
540.69	624.00	174.46	0.0057319	1119.2	1476.9	4.6628	2.6128	3.4653	838.99	-0.011256	2.7026e-05	0.10666	supercritical
541.69	624.00	174.16	0.0057418	1122.1	1480.4	4.6692	2.6162	3.4676	839.02	-0.011282	2.7022e-05	0.10679	supercritical
542.69	624.00	173.86	0.0057517	1124.9	1483.8	4.6756	2.6197	3.4700	839.06	-0.011308	2.7020e-05	0.10691	supercritical
543.69	624.00	173.56	0.0057616	1127.8	1487.3	4.6820	2.6231	3.4724	839.10	-0.011333	2.7017e-05	0.10704	supercritical
544.69	624.00	173.27	0.0057714	1130.6	1490.8	4.6884	2.6266	3.4747	839.15	-0.011359	2.7014e-05	0.10716	supercritical
545.69	624.00	172.97	0.0057813	1133.5	1494.3	4.6948	2.6300	3.4771	839.19	-0.011386	2.7012e-05	0.10729	supercritical
546.69	624.00	172.68	0.0057912	1136.4	1497.7	4.7012	2.6335	3.4795	839.24	-0.011412	2.7010e-05	0.10742	supercritical
547.69	624.00	172.38	0.0058010	1139.2	1501.2	4.7075	2.6370	3.4819	839.29	-0.011438	2.7007e-05	0.10754	supercritical
548.69	624.00	172.09	0.0058109	1142.1	1504.7	4.7139	2.6404	3.4842	839.34	-0.011465	2.7005e-05	0.10767	supercritical
549.69	624.00	171.80	0.0058208	1145.0	1508.2	4.7202	2.6439	3.4866	839.40	-0.011492	2.7003e-05	0.10780	supercritical
550.69	624.00	171.51	0.0058306	1147.8	1511.7	4.7266	2.6473	3.4890	839.45	-0.011519	2.7002e-05	0.10793	supercritical
551.69	624.00	171.22	0.0058405	1150.7	1515.2	4.7329	2.6508	3.4914	839.51	-0.011546	2.7000e-05	0.10806	supercritical
552.69	624.00	170.93	0.0058503	1153.6	1518.7	4.7392	2.6543	3.4938	839.57	-0.011573	2.6999e-05	0.10819	supercritical
553.69	624.00	170.64	0.0058602	1156.5	1522.2	4.7455	2.6577	3.4963	839.64	-0.011600	2.6997e-05	0.10832	supercritical
554.69	624.00	170.36	0.0058700	1159.4	1525.6	4.7519	2.6612	3.4987	839.70	-0.011628	2.6996e-05	0.10845	supercritical
555.69	624.00	170.07	0.0058799	1162.2	1529.1	4.7582	2.6646	3.5011	839.77	-0.011655	2.6995e-05	0.10858	supercritical
556.69	624.00	169.79	0.0058897	1165.1	1532.6	4.7645	2.6681	3.5035	839.84	-0.011683	2.6994e-05	0.10872	supercritical
557.69	624.00	169.50	0.0058996	1168.0	1536.2	4.7707	2.6716	3.5060	839.91	-0.011711	2.6993e-05	0.10885	supercritical
558.69	624.00	169.22	0.0059094	1170.9	1539.7	4.7770	2.6750	3.5084	839.98	-0.011739	2.6992e-05	0.10898	supercritical
559.69	624.00	168.94	0.0059193	1173.8	1543.2	4.7833	2.6785	3.5108	840.06	-0.011767	2.6992e-05	0.10911	supercritical
560.69	624.00	168.66	0.0059291	1176.7	1546.7	4.7896	2.6819	3.5133	840.13	-0.011795	2.6991e-05	0.10925	supercritical
561.69	624.00	168.38	0.0059389	1179.6	1550.2	4.7958	2.6854	3.5157	840.21	-0.011823	2.6991e-05	0.10938	supercritical
562.69	624.00	168.10	0.0059488	1182.5	1553.7	4.8021	2.6889	3.5182	840.29	-0.011852	2.6990e-05	0.10952	supercritical
563.69	624.00	167.82	0.0059586	1185.4	1557.2	4.8083	2.6923	3.5206	840.37	-0.011880	2.6990e-05	0.10965	supercritical
564.69	624.00	167.55	0.0059684	1188.3	1560.8	4.8146	2.6958	3.5231	840.46	-0.011909	2.6990e-05	0.10979	supercritical
565.69	624.00	167.27	0.0059782	1191.2	1564.3	4.8208	2.6992	3.5255	840.54	-0.011937	2.6990e-05	0.10993	supercritical
566.69	624.00	167.00	0.0059881	1194.2	1567.8	4.8270	2.7027	3.5280	840.63	-0.011966	2.6991e-05	0.11007	supercritical
567.69	624.00	166.73	0.0059979	1197.1	1571.3	4.8333	2.7061	3.5305	840.72	-0.011995	2.6991e-05	0.11020	supercritical
568.69	624.00	166.45	0.0060077	1200.0	1574.9	4.8395	2.7096	3.5330	840.81	-0.012024	2.6991e-05	0.11034	supercritical
569.69	624.00	166.18	0.0060175	1202.9	1578.4	4.8457	2.7131	3.5354	840.91	-0.012053	2.6992e-05	0.11048	supercritical
570.69	624.00	165.91	0.0060273	1205.8	1581.9	4.8519	2.7165	3.5379	841.00	-0.012082	2.6993e-05	0.11062	supercritical
571.69	624.00	165.64	0.0060371	1208.8	1585.5	4.8581	2.7200	3.5404	841.10	-0.012111	2.6993e-05	0.11076	supercritical
572.69	624.00	165.37	0.0060470	1211.7	1589.0	4.8643	2.7234	3.5429	841.20	-0.012140	2.6994e-05	0.11090	supercritical
573.69	624.00	165.10	0.0060568	1214.6	1592.6	4.8705	2.7269	3.5454	841.30	-0.012170	2.6995e-05	0.11104	supercritical
574.69	624.00	164.84	0.0060666	1217.6	1596.1	4.8766	2.7303	3.5479	841.40	-0.012199	2.6997e-05	0.11118	supercritical
575.69	624.00	164.57	0.0060764	1220.5	1599.7	4.8828	2.7338	3.5504	841.50	-0.012229	2.6998e-05	0.11132	supercritical
576.69	624.00	164.31	0.0060862	1223.4	1603.2	4.8890	2.7373	3.5529	841.61	-0.012258	2.6999e-05	0.11146	supercritical
577.69	624.00	164.04	0.0060960	1226.4	1606.8	4.8951	2.7407	3.5554	841.71	-0.012288	2.7001e-05	0.11160	supercritical
578.69	624.00	163.78	0.0061058	1229.3	1610.3	4.9013	2.7442	3.5580	841.82	-0.012317	2.7002e-05	0.11175	supercritical
579.69	624.00	163.52	0.0061156	1232.3	1613.9	4.9074	2.7476	3.5605	841.93	-0.012347	2.7004e-05	0.11189	supercritical
580.69	624.00	163.26	0.0061253	1235.2	1617.4	4.9136	2.7511	3.5630	842.04	-0.012377	2.7005e-05	0.11203	supercritical
581.69	624.00	163.00	0.0061351	1238.2	1621.0	4.9197	2.7545	3.5655	842.16	-0.012407	2.7007e-05	0.11218	supercritical
582.69	624.00	162.74	0.0061449	1241.1	1624.6	4.9258	2.7580	3.5680	842.27	-0.012437	2.7009e-05	0.11232	supercritical
583.69	624.00	162.48	0.0061547	1244.1	1628.1	4.9319	2.7614	3.5706	842.39	-0.012467	2.7011e-05	0.11247	supercritical
584.69	624.00	162.22	0.0061645	1247.1	1631.7	4.9381	2.7649	3.5731	842.51	-0.012497	2.7013e-05	0.11261	supercritical
585.69	624.00	161.96	0.0061743	1250.0	1635.3	4.9442	2.7683	3.5757	842.63	-0.012527	2.7016e-05	0.11276	supercritical
586.69	624.00	161.71	0.0061840	1253.0	1638.9	4.9503	2.7718	3.5782	842.75	-0.012557	2.7018e-05	0.11291	supercritical
587.69	624.00	161.45	0.0061938	1256.0	1642.4	4.9564	2.7752	3.5807	842.87	-0.012587	2.7021e-05	0.11305	supercritical
588.69	624.00	161.20	0.0062036	1258.9	1646.0	4.9625	2.7787	3.5833	842.99	-0.012617	2.7023e-05	0.11320	supercritical
589.69	624.00	160.94	0.0062133	1261.9	1649.6	4.9685	2.7821	3.5858	843.12	-0.012647	2.7026e-05	0.11335	supercritical
590.69	624.00	160.69	0.0062231	1264.9	1653.2	4.9746	2.7856	3.5884	843.25	-0.012678	2.7028e-05	0.11349	supercritical
591.69	624.00	160.44	0.0062329	1267.9	1656.8	4.9807	2.7890	3.5910	843.38	-0.012708	2.7031e-05	0.11364	supercritical
592.69	624.00	160.19	0.0062426	1270.8	1660.4	4.9868	2.7925	3.5935	843.50	-0.012738	2.7034e-05	0.11379	supercritical
593.69	624.00	159.94	0.0062524	1273.8	1664.0	4.9928	2.7959	3.5961	843.64	-0.012769	2.7037e-05	0.11394	supercritical
594.69	624.00	159.69	0.0062622	1276.8	1667.6	4.9989	2.7994	3.5987	843.77	-0.012799	2.7040e-05	0.11409	supercritical
595.69	624.00	159.44	0.0062719	1279.8	1671.2	5.0049	2.8028	3.6012	843.90	-0.012829	2.7044e-05	0.11424	supercritical
596.69	624.00	159.19	0.0062817	1282.8	1674.8	5.0110	2.8062	3.6038	844.04	-0.012860	2.7047e-05	0.11439	supercritical
597.69	624.00	158.95	0.0062914	1285.8	1678.4	5.0170	2.8097	3.6064	844.18	-0.012890	2.7050e-05	0.11454	supercritical
598.69	624.00	158.70	0.0063012	1288.8	1682.0	5.0230	2.8131	3.6090	844.31	-0.012921	2.7054e-05	0.11469	supercritical
599.69	624.00	158.46	0.0063109	1291.8	1685.6	5.0291	2.8166	3.6115	844.45	-0.012951	2.7057e-05	0.11484	supercritical
600.69	624.00	158.21	0.0063206	1294.8	1689.2	5.0351	2.8200	3.6141	844.59	-0.012982	2.7061e-05	0.11500	supercritical
601.69	624.00	157.97	0.0063304	1297.8	1692.8	5.0411	2.8234	3.6167	844.74	-0.013013	2.7065e-05	0.11515	supercritical
602.69	624.00	157.73	0.0063401	1300.8	1696.4	5.0471	2.8269	3.6193	844.88	-0.013043	2.7068e-05	0.11530	supercritical
603.69	624.00	157.48	0.0063499	1303.8	1700.1	5.0531	2.8303	3.6219	845.02	-0.013074	2.7072e-05	0.11545	supercritical
604.69	624.00	157.24	0.0063596	1306.9	1703.7	5.0591	2.8337	3.6245	845.17	-0.013104	2.7076e-05	0.11561	supercritical
605.69	624.00	157.00	0.0063693	1309.9	1707.3	5.0651	2.8372	3.6271	845.32	-0.013135	2.7080e-05	0.11576	supercritical
606.69	624.00	156.76	0.0063791	1312.9	1710.9	5.0711	2.8406	3.6297	845.47	-0.013166	2.7085e-05	0.11592	supercritical
607.69	624.00	156.52	0.0063888	1315.9	1714.6	5.0771	2.8440	3.6323	845.62	-0.013196	2.7089e-05	0.11607	supercritical
608.69	624.00	156.29	0.0063985	1318.9	1718.2	5.0830	2.8475	3.6349	845.77	-0.013227	2.7093e-05	0.11622	supercritical
609.69	624.00	156.05	0.0064082	1322.0	1721.8	5.0890	2.8509	3.6375	845.92	-0.013258	2.7098e-05	0.11638	supercritical
610.69	624.00	155.81	0.0064179	1325.0	1725.5	5.0950	2.8543	3.6401	846.07	-0.013288	2.7102e-05	0.11654	supercritical
611.69	624.00	155.58	0.0064277	1328.0	1729.1	5.1009	2.8578	3.6428	846.23	-0.013319	2.7107e-05	0.11669	supercritical
612.69	624.00	155.34	0.0064374	1331.1	1732.8	5.1069	2.8612	3.6454	846.38	-0.013350	2.7111e-05	0.11685	supercritical
613.69	624.00	155.11	0.0064471	1334.1	1736.4	5.1128	2.8646	3.6480	846.54	-0.013380	2.7116e-05	0.11701	supercritical
614.69	624.00	154.88	0.0064568	1337.2	1740.1	5.1188	2.8680	3.6506	846.70	-0.013411	2.7121e-05	0.11716	supercritical
615.69	624.00	154.64	0.0064665	1340.2	1743.7	5.1247	2.8715	3.6532	846.86	-0.013442	2.7126e-05	0.11732	supercritical
616.69	624.00	154.41	0.0064762	1343.3	1747.4	5.1306	2.8749	3.6559	847.02	-0.013472	2.7131e-05	0.11748	supercritical
617.69	624.00	154.18	0.0064859	1346.3	1751.0	5.1365	2.8783	3.6585	847.18	-0.013503	2.7136e-05	0.11764	supercritical
618.69	624.00	153.95	0.0064956	1349.4	1754.7	5.1425	2.8817	3.6611	847.34	-0.013534	2.7141e-05	0.11779	supercritical
619.69	624.00	153.72	0.0065053	1352.4	1758.4	5.1484	2.8852	3.6638	847.51	-0.013564	2.7146e-05	0.11795	supercritical
620.69	624.00	153.49	0.0065150	1355.5	1762.0	5.1543	2.8886	3.6664	847.67	-0.013595	2.7151e-05	0.11811	supercritical
621.69	624.00	153.26	0.0065247	1358.5	1765.7	5.1602	2.8920	3.6690	847.84	-0.013626	2.7157e-05	0.11827	supercritical
622.69	624.00	153.04	0.0065344	1361.6	1769.4	5.1661	2.8954	3.6717	848.01	-0.013656	2.7162e-05	0.11843	supercritical
623.69	624.00	152.81	0.0065441	1364.7	1773.0	5.1720	2.8988	3.6743	848.17	-0.013687	2.7167e-05	0.11859	supercritical
624.69	624.00	152.58	0.0065537	1367.7	1776.7	5.1779	2.9022	3.6770	848.34	-0.013718	2.7173e-05	0.11875	supercritical