Temperature (K)	Pressure (bar)	Density (kg/m3)	Volume (m3/kg)	Internal Energy (kJ/kg)	Enthalpy (kJ/kg)	Entropy (J/g*K)	Cv (J/g*K)	Cp (J/g*K)	Sound Spd. (m/s)	Joule-Thomson (K/bar)	Viscosity (Pa*s)	Therm. Cond. (W/m*K)	Phase
90.694	990.00	496.45	0.0020143	-105.18	94.233	-1.1718	2.3361	3.1899	2004.7	-0.052902	0.00056803	0.28236	liquid
114.69	990.00	475.76	0.0021019	-37.919	170.17	-0.42879	2.2342	3.1448	1891.1	-0.053286	0.00023103	0.26281	liquid
115.69	990.00	474.92	0.0021056	-35.143	173.31	-0.40150	2.2305	3.1434	1886.4	-0.053286	0.00022520	0.26187	liquid
116.69	990.00	474.08	0.0021093	-32.369	176.46	-0.37445	2.2268	3.1420	1881.6	-0.053285	0.00021968	0.26093	liquid
117.69	990.00	473.24	0.0021131	-29.597	179.60	-0.34765	2.2232	3.1405	1876.8	-0.053284	0.00021443	0.25999	liquid
118.69	990.00	472.41	0.0021168	-26.828	182.74	-0.32108	2.2196	3.1391	1872.1	-0.053282	0.00020945	0.25904	liquid
119.69	990.00	471.57	0.0021206	-24.060	185.88	-0.29475	2.2159	3.1376	1867.4	-0.053280	0.00020471	0.25809	liquid
120.69	990.00	470.74	0.0021243	-21.295	189.01	-0.26865	2.2123	3.1362	1862.7	-0.053278	0.00020021	0.25713	liquid
121.69	990.00	469.91	0.0021281	-18.532	192.15	-0.24278	2.2088	3.1347	1857.9	-0.053275	0.00019591	0.25617	liquid
122.69	990.00	469.08	0.0021318	-15.771	195.28	-0.21713	2.2052	3.1333	1853.2	-0.053271	0.00019182	0.25521	liquid
123.69	990.00	468.25	0.0021356	-13.012	198.41	-0.19171	2.2016	3.1318	1848.5	-0.053268	0.00018791	0.25425	liquid
124.69	990.00	467.42	0.0021394	-10.255	201.55	-0.16649	2.1981	3.1303	1843.9	-0.053263	0.00018418	0.25328	liquid
125.69	990.00	466.59	0.0021432	-7.5008	204.67	-0.14150	2.1946	3.1288	1839.2	-0.053259	0.00018061	0.25232	liquid
126.69	990.00	465.77	0.0021470	-4.7486	207.80	-0.11671	2.1911	3.1274	1834.5	-0.053254	0.00017720	0.25135	liquid
127.69	990.00	464.95	0.0021508	-1.9986	210.93	-0.092127	2.1876	3.1259	1829.9	-0.053248	0.00017394	0.25038	liquid
128.69	990.00	464.12	0.0021546	0.74908	214.05	-0.067748	2.1841	3.1244	1825.3	-0.053243	0.00017081	0.24941	liquid
129.69	990.00	463.30	0.0021584	3.4945	217.18	-0.043571	2.1807	3.1229	1820.7	-0.053236	0.00016781	0.24844	liquid
130.69	990.00	462.48	0.0021622	6.2377	220.30	-0.019590	2.1772	3.1213	1816.1	-0.053230	0.00016493	0.24747	liquid
131.69	990.00	461.66	0.0021661	8.9786	223.42	0.0041960	2.1738	3.1198	1811.5	-0.053223	0.00016217	0.24650	liquid
132.69	990.00	460.84	0.0021699	11.717	226.54	0.027791	2.1704	3.1183	1806.9	-0.053215	0.00015951	0.24553	liquid
133.69	990.00	460.03	0.0021738	14.453	229.66	0.051197	2.1670	3.1168	1802.3	-0.053207	0.00015696	0.24456	liquid
134.69	990.00	459.21	0.0021776	17.187	232.77	0.074417	2.1637	3.1153	1797.8	-0.053199	0.00015450	0.24359	liquid
135.69	990.00	458.40	0.0021815	19.919	235.89	0.097455	2.1603	3.1137	1793.2	-0.053190	0.00015213	0.24262	liquid
136.69	990.00	457.59	0.0021854	22.648	239.00	0.12031	2.1570	3.1122	1788.7	-0.053181	0.00014985	0.24165	liquid
137.69	990.00	456.77	0.0021893	25.375	242.11	0.14299	2.1537	3.1106	1784.2	-0.053172	0.00014765	0.24069	liquid
138.69	990.00	455.96	0.0021932	28.100	245.22	0.16549	2.1504	3.1091	1779.7	-0.053161	0.00014552	0.23972	liquid
139.69	990.00	455.15	0.0021971	30.822	248.33	0.18783	2.1471	3.1076	1775.3	-0.053151	0.00014347	0.23876	liquid
140.69	990.00	454.35	0.0022010	33.542	251.44	0.20999	2.1439	3.1060	1770.8	-0.053140	0.00014149	0.23779	liquid
141.69	990.00	453.54	0.0022049	36.260	254.54	0.23198	2.1407	3.1045	1766.4	-0.053128	0.00013957	0.23683	liquid
142.69	990.00	452.73	0.0022088	38.975	257.65	0.25381	2.1375	3.1029	1761.9	-0.053117	0.00013772	0.23588	liquid
143.69	990.00	451.93	0.0022127	41.688	260.75	0.27547	2.1343	3.1014	1757.5	-0.053104	0.00013592	0.23492	liquid
144.69	990.00	451.13	0.0022167	44.398	263.85	0.29697	2.1311	3.0999	1753.1	-0.053091	0.00013418	0.23397	liquid
145.69	990.00	450.32	0.0022206	47.106	266.95	0.31832	2.1280	3.0983	1748.7	-0.053078	0.00013250	0.23301	liquid
146.69	990.00	449.52	0.0022246	49.812	270.05	0.33951	2.1249	3.0968	1744.4	-0.053064	0.00013086	0.23206	liquid
147.69	990.00	448.72	0.0022286	52.515	273.14	0.36054	2.1218	3.0952	1740.0	-0.053050	0.00012927	0.23112	liquid
148.69	990.00	447.92	0.0022325	55.216	276.24	0.38142	2.1187	3.0937	1735.7	-0.053035	0.00012773	0.23017	liquid
149.69	990.00	447.12	0.0022365	57.914	279.33	0.40215	2.1157	3.0922	1731.4	-0.053019	0.00012623	0.22923	liquid
150.69	990.00	446.33	0.0022405	60.610	282.42	0.42273	2.1126	3.0906	1727.1	-0.053003	0.00012478	0.22829	liquid
151.69	990.00	445.53	0.0022445	63.304	285.51	0.44317	2.1096	3.0891	1722.8	-0.052987	0.00012336	0.22736	liquid
152.69	990.00	444.74	0.0022485	65.995	288.60	0.46346	2.1067	3.0876	1718.5	-0.052970	0.00012199	0.22643	liquid
153.69	990.00	443.94	0.0022525	68.684	291.69	0.48361	2.1037	3.0861	1714.3	-0.052952	0.00012065	0.22550	liquid
154.69	990.00	443.15	0.0022566	71.371	294.77	0.50362	2.1008	3.0846	1710.0	-0.052934	0.00011934	0.22457	liquid
155.69	990.00	442.36	0.0022606	74.055	297.85	0.52349	2.0979	3.0831	1705.8	-0.052916	0.00011807	0.22365	liquid
156.69	990.00	441.57	0.0022646	76.737	300.94	0.54323	2.0950	3.0816	1701.6	-0.052896	0.00011683	0.22273	liquid
157.69	990.00	440.78	0.0022687	79.416	304.02	0.56283	2.0922	3.0801	1697.4	-0.052877	0.00011562	0.22182	liquid
158.69	990.00	439.99	0.0022728	82.093	307.10	0.58229	2.0893	3.0786	1693.3	-0.052856	0.00011444	0.22090	liquid
159.69	990.00	439.21	0.0022768	84.768	310.18	0.60163	2.0865	3.0771	1689.1	-0.052836	0.00011329	0.22000	liquid
160.69	990.00	438.42	0.0022809	87.440	313.25	0.62083	2.0838	3.0756	1685.0	-0.052814	0.00011217	0.21909	liquid
161.69	990.00	437.63	0.0022850	90.110	316.33	0.63991	2.0810	3.0741	1680.9	-0.052792	0.00011107	0.21819	liquid
162.69	990.00	436.85	0.0022891	92.778	319.40	0.65885	2.0783	3.0727	1676.8	-0.052770	0.00011000	0.21730	liquid
163.69	990.00	436.07	0.0022932	95.443	322.47	0.67768	2.0756	3.0712	1672.7	-0.052746	0.00010895	0.21640	liquid
164.69	990.00	435.29	0.0022973	98.106	325.54	0.69638	2.0729	3.0698	1668.6	-0.052723	0.00010792	0.21551	liquid
165.69	990.00	434.51	0.0023015	100.77	328.61	0.71496	2.0703	3.0683	1664.5	-0.052698	0.00010692	0.21463	liquid
166.69	990.00	433.73	0.0023056	103.42	331.68	0.73342	2.0677	3.0669	1660.5	-0.052674	0.00010594	0.21375	liquid
167.69	990.00	432.95	0.0023097	106.08	334.74	0.75175	2.0651	3.0655	1656.5	-0.052648	0.00010498	0.21287	liquid
168.69	990.00	432.17	0.0023139	108.73	337.81	0.76998	2.0625	3.0641	1652.5	-0.052622	0.00010404	0.21200	liquid
169.69	990.00	431.40	0.0023181	111.39	340.87	0.78808	2.0600	3.0627	1648.5	-0.052595	0.00010312	0.21113	liquid
170.69	990.00	430.62	0.0023222	114.03	343.94	0.80607	2.0575	3.0613	1644.5	-0.052568	0.00010221	0.21027	liquid
171.69	990.00	429.85	0.0023264	116.68	347.00	0.82395	2.0550	3.0599	1640.6	-0.052540	0.00010133	0.20941	liquid
172.69	990.00	429.07	0.0023306	119.32	350.05	0.84172	2.0526	3.0585	1636.6	-0.052512	0.00010046	0.20856	liquid
173.69	990.00	428.30	0.0023348	121.97	353.11	0.85937	2.0501	3.0572	1632.7	-0.052483	9.9608e-05	0.20770	liquid
174.69	990.00	427.53	0.0023390	124.61	356.17	0.87692	2.0477	3.0558	1628.8	-0.052453	9.8773e-05	0.20686	liquid
175.69	990.00	426.76	0.0023432	127.24	359.22	0.89436	2.0454	3.0545	1624.9	-0.052422	9.7954e-05	0.20602	liquid
176.69	990.00	425.99	0.0023475	129.88	362.28	0.91169	2.0430	3.0531	1621.1	-0.052392	9.7150e-05	0.20518	liquid
177.69	990.00	425.22	0.0023517	132.51	365.33	0.92892	2.0407	3.0518	1617.2	-0.052360	9.6360e-05	0.20435	liquid
178.69	990.00	424.46	0.0023559	135.14	368.38	0.94604	2.0384	3.0505	1613.4	-0.052328	9.5585e-05	0.20352	liquid
179.69	990.00	423.69	0.0023602	137.77	371.43	0.96306	2.0362	3.0492	1609.6	-0.052295	9.4824e-05	0.20270	liquid
180.69	990.00	422.93	0.0023645	140.40	374.48	0.97998	2.0340	3.0479	1605.8	-0.052262	9.4076e-05	0.20188	liquid
181.69	990.00	422.17	0.0023687	143.02	377.53	0.99680	2.0318	3.0467	1602.0	-0.052228	9.3342e-05	0.20106	liquid
182.69	990.00	421.40	0.0023730	145.64	380.57	1.0135	2.0296	3.0454	1598.2	-0.052193	9.2620e-05	0.20025	liquid
183.69	990.00	420.64	0.0023773	148.26	383.62	1.0301	2.0275	3.0442	1594.5	-0.052158	9.1910e-05	0.19945	liquid
184.69	990.00	419.88	0.0023816	150.88	386.66	1.0467	2.0253	3.0429	1590.7	-0.052122	9.1212e-05	0.19865	liquid
185.69	990.00	419.12	0.0023859	153.50	389.70	1.0631	2.0233	3.0417	1587.0	-0.052085	9.0525e-05	0.19785	liquid
186.69	990.00	418.37	0.0023903	156.11	392.75	1.0794	2.0212	3.0405	1583.3	-0.052048	8.9850e-05	0.19706	liquid
187.69	990.00	417.61	0.0023946	158.72	395.79	1.0957	2.0192	3.0393	1579.6	-0.052010	8.9186e-05	0.19627	liquid
188.69	990.00	416.85	0.0023989	161.33	398.82	1.1118	2.0172	3.0381	1575.9	-0.051972	8.8532e-05	0.19549	liquid
189.69	990.00	416.10	0.0024033	163.94	401.86	1.1279	2.0152	3.0370	1572.3	-0.051933	8.7889e-05	0.19471	liquid
190.69	990.00	415.35	0.0024076	166.54	404.90	1.1438	2.0133	3.0358	1568.6	-0.051893	8.7256e-05	0.19394	supercritical
191.69	990.00	414.59	0.0024120	169.14	407.93	1.1597	2.0114	3.0347	1565.0	-0.051853	8.6633e-05	0.19318	supercritical
192.69	990.00	413.84	0.0024164	171.75	410.97	1.1755	2.0095	3.0335	1561.4	-0.051812	8.6019e-05	0.19241	supercritical
193.69	990.00	413.09	0.0024208	174.34	414.00	1.1912	2.0077	3.0324	1557.8	-0.051771	8.5415e-05	0.19165	supercritical
194.69	990.00	412.34	0.0024252	176.94	417.03	1.2068	2.0059	3.0313	1554.3	-0.051729	8.4819e-05	0.19090	supercritical
195.69	990.00	411.59	0.0024296	179.53	420.06	1.2223	2.0041	3.0303	1550.7	-0.051686	8.4233e-05	0.19015	supercritical
196.69	990.00	410.85	0.0024340	182.13	423.09	1.2378	2.0023	3.0292	1547.2	-0.051643	8.3655e-05	0.18941	supercritical
197.69	990.00	410.10	0.0024384	184.72	426.12	1.2531	2.0006	3.0281	1543.6	-0.051599	8.3086e-05	0.18867	supercritical
198.69	990.00	409.36	0.0024429	187.31	429.15	1.2684	1.9989	3.0271	1540.1	-0.051554	8.2525e-05	0.18793	supercritical
199.69	990.00	408.61	0.0024473	189.89	432.18	1.2836	1.9972	3.0261	1536.6	-0.051509	8.1972e-05	0.18720	supercritical
200.69	990.00	407.87	0.0024518	192.48	435.20	1.2987	1.9956	3.0251	1533.2	-0.051463	8.1427e-05	0.18648	supercritical
201.69	990.00	407.13	0.0024562	195.06	438.23	1.3137	1.9940	3.0241	1529.7	-0.051417	8.0890e-05	0.18576	supercritical
202.69	990.00	406.39	0.0024607	197.64	441.25	1.3287	1.9924	3.0231	1526.2	-0.051370	8.0360e-05	0.18504	supercritical
203.69	990.00	405.65	0.0024652	200.22	444.27	1.3436	1.9909	3.0222	1522.8	-0.051322	7.9838e-05	0.18433	supercritical
204.69	990.00	404.91	0.0024697	202.80	447.29	1.3584	1.9894	3.0212	1519.4	-0.051274	7.9323e-05	0.18363	supercritical
205.69	990.00	404.18	0.0024742	205.37	450.31	1.3731	1.9879	3.0203	1516.0	-0.051225	7.8814e-05	0.18293	supercritical
206.69	990.00	403.44	0.0024787	207.94	453.33	1.3877	1.9864	3.0194	1512.6	-0.051176	7.8313e-05	0.18223	supercritical
207.69	990.00	402.71	0.0024832	210.52	456.35	1.4023	1.9850	3.0185	1509.3	-0.051126	7.7819e-05	0.18154	supercritical
208.69	990.00	401.97	0.0024877	213.09	459.37	1.4168	1.9836	3.0176	1505.9	-0.051075	7.7331e-05	0.18085	supercritical
209.69	990.00	401.24	0.0024923	215.65	462.39	1.4312	1.9823	3.0167	1502.6	-0.051024	7.6849e-05	0.18017	supercritical
210.69	990.00	400.51	0.0024968	218.22	465.40	1.4456	1.9809	3.0159	1499.3	-0.050972	7.6374e-05	0.17949	supercritical
211.69	990.00	399.78	0.0025014	220.78	468.42	1.4599	1.9796	3.0151	1496.0	-0.050920	7.5906e-05	0.17882	supercritical
212.69	990.00	399.05	0.0025059	223.35	471.43	1.4741	1.9784	3.0142	1492.7	-0.050867	7.5443e-05	0.17815	supercritical
213.69	990.00	398.32	0.0025105	225.91	474.45	1.4882	1.9771	3.0134	1489.4	-0.050813	7.4986e-05	0.17749	supercritical
214.69	990.00	397.60	0.0025151	228.47	477.46	1.5023	1.9759	3.0127	1486.1	-0.050759	7.4535e-05	0.17683	supercritical
215.69	990.00	396.87	0.0025197	231.02	480.47	1.5163	1.9747	3.0119	1482.9	-0.050705	7.4090e-05	0.17618	supercritical
216.69	990.00	396.15	0.0025243	233.58	483.49	1.5302	1.9736	3.0112	1479.7	-0.050649	7.3650e-05	0.17553	supercritical
217.69	990.00	395.42	0.0025289	236.13	486.50	1.5441	1.9725	3.0104	1476.5	-0.050594	7.3216e-05	0.17489	supercritical
218.69	990.00	394.70	0.0025336	238.68	489.51	1.5579	1.9714	3.0097	1473.3	-0.050537	7.2788e-05	0.17425	supercritical
219.69	990.00	393.98	0.0025382	241.23	492.52	1.5716	1.9703	3.0090	1470.1	-0.050480	7.2365e-05	0.17361	supercritical
220.69	990.00	393.26	0.0025428	243.78	495.52	1.5852	1.9693	3.0083	1466.9	-0.050423	7.1947e-05	0.17298	supercritical
221.69	990.00	392.54	0.0025475	246.33	498.53	1.5988	1.9683	3.0077	1463.8	-0.050365	7.1534e-05	0.17236	supercritical
222.69	990.00	391.83	0.0025522	248.88	501.54	1.6124	1.9674	3.0070	1460.6	-0.050306	7.1126e-05	0.17174	supercritical
223.69	990.00	391.11	0.0025568	251.42	504.55	1.6259	1.9664	3.0064	1457.5	-0.050247	7.0723e-05	0.17112	supercritical
224.69	990.00	390.40	0.0025615	253.96	507.55	1.6393	1.9655	3.0058	1454.4	-0.050187	7.0325e-05	0.17051	supercritical
225.69	990.00	389.68	0.0025662	256.50	510.56	1.6526	1.9647	3.0052	1451.3	-0.050127	6.9932e-05	0.16990	supercritical
226.69	990.00	388.97	0.0025709	259.04	513.56	1.6659	1.9638	3.0047	1448.3	-0.050067	6.9543e-05	0.16930	supercritical
227.69	990.00	388.26	0.0025756	261.58	516.57	1.6791	1.9630	3.0041	1445.2	-0.050005	6.9159e-05	0.16870	supercritical
228.69	990.00	387.55	0.0025803	264.12	519.57	1.6923	1.9623	3.0036	1442.2	-0.049944	6.8780e-05	0.16811	supercritical
229.69	990.00	386.84	0.0025851	266.65	522.57	1.7054	1.9615	3.0030	1439.1	-0.049881	6.8405e-05	0.16752	supercritical
230.69	990.00	386.13	0.0025898	269.19	525.58	1.7184	1.9608	3.0025	1436.1	-0.049819	6.8034e-05	0.16694	supercritical
231.69	990.00	385.42	0.0025945	271.72	528.58	1.7314	1.9601	3.0021	1433.1	-0.049755	6.7668e-05	0.16636	supercritical
232.69	990.00	384.72	0.0025993	274.25	531.58	1.7443	1.9595	3.0016	1430.1	-0.049691	6.7306e-05	0.16579	supercritical
233.69	990.00	384.02	0.0026041	276.78	534.58	1.7572	1.9588	3.0012	1427.2	-0.049627	6.6948e-05	0.16522	supercritical
234.69	990.00	383.31	0.0026088	279.31	537.58	1.7700	1.9582	3.0007	1424.2	-0.049562	6.6594e-05	0.16465	supercritical
235.69	990.00	382.61	0.0026136	281.84	540.58	1.7828	1.9577	3.0003	1421.3	-0.049497	6.6244e-05	0.16409	supercritical
236.69	990.00	381.91	0.0026184	284.36	543.58	1.7955	1.9572	2.9999	1418.3	-0.049432	6.5899e-05	0.16353	supercritical
237.69	990.00	381.21	0.0026232	286.89	546.58	1.8081	1.9567	2.9996	1415.4	-0.049365	6.5557e-05	0.16298	supercritical
238.69	990.00	380.51	0.0026280	289.41	549.58	1.8207	1.9562	2.9992	1412.5	-0.049299	6.5219e-05	0.16243	supercritical
239.69	990.00	379.82	0.0026328	291.93	552.58	1.8333	1.9557	2.9989	1409.6	-0.049232	6.4885e-05	0.16189	supercritical
240.69	990.00	379.12	0.0026377	294.45	555.58	1.8457	1.9553	2.9985	1406.8	-0.049164	6.4555e-05	0.16135	supercritical
241.69	990.00	378.43	0.0026425	296.97	558.58	1.8582	1.9550	2.9982	1403.9	-0.049096	6.4228e-05	0.16081	supercritical
242.69	990.00	377.73	0.0026474	299.49	561.58	1.8706	1.9546	2.9980	1401.1	-0.049028	6.3905e-05	0.16028	supercritical
243.69	990.00	377.04	0.0026522	302.01	564.58	1.8829	1.9543	2.9977	1398.3	-0.048959	6.3585e-05	0.15976	supercritical
244.69	990.00	376.35	0.0026571	304.52	567.57	1.8952	1.9540	2.9974	1395.5	-0.048890	6.3269e-05	0.15924	supercritical
245.69	990.00	375.66	0.0026620	307.04	570.57	1.9074	1.9538	2.9972	1392.7	-0.048820	6.2957e-05	0.15872	supercritical
246.69	990.00	374.98	0.0026668	309.55	573.57	1.9196	1.9535	2.9970	1389.9	-0.048750	6.2648e-05	0.15821	supercritical
247.69	990.00	374.29	0.0026717	312.06	576.56	1.9317	1.9533	2.9968	1387.1	-0.048679	6.2342e-05	0.15770	supercritical
248.69	990.00	373.60	0.0026766	314.57	579.56	1.9438	1.9532	2.9966	1384.4	-0.048608	6.2039e-05	0.15719	supercritical
249.69	990.00	372.92	0.0026815	317.08	582.56	1.9558	1.9530	2.9965	1381.6	-0.048537	6.1740e-05	0.15669	supercritical
250.69	990.00	372.24	0.0026865	319.59	585.55	1.9678	1.9529	2.9964	1378.9	-0.048465	6.1444e-05	0.15620	supercritical
251.69	990.00	371.56	0.0026914	322.10	588.55	1.9797	1.9528	2.9962	1376.2	-0.048393	6.1151e-05	0.15571	supercritical
252.69	990.00	370.87	0.0026963	324.61	591.55	1.9916	1.9528	2.9961	1373.5	-0.048321	6.0862e-05	0.15522	supercritical
253.69	990.00	370.20	0.0027013	327.12	594.54	2.0034	1.9528	2.9961	1370.8	-0.048248	6.0575e-05	0.15474	supercritical
254.69	990.00	369.52	0.0027062	329.62	597.54	2.0152	1.9528	2.9960	1368.1	-0.048175	6.0292e-05	0.15426	supercritical
255.69	990.00	368.84	0.0027112	332.13	600.53	2.0269	1.9528	2.9959	1365.5	-0.048101	6.0011e-05	0.15378	supercritical
256.69	990.00	368.17	0.0027162	334.63	603.53	2.0386	1.9529	2.9959	1362.8	-0.048027	5.9734e-05	0.15331	supercritical
257.69	990.00	367.49	0.0027211	337.13	606.53	2.0503	1.9530	2.9959	1360.2	-0.047953	5.9459e-05	0.15285	supercritical
258.69	990.00	366.82	0.0027261	339.64	609.52	2.0619	1.9531	2.9959	1357.6	-0.047879	5.9187e-05	0.15238	supercritical
259.69	990.00	366.15	0.0027311	342.14	612.52	2.0734	1.9533	2.9959	1355.0	-0.047804	5.8918e-05	0.15192	supercritical
260.69	990.00	365.48	0.0027361	344.64	615.51	2.0849	1.9534	2.9960	1352.4	-0.047729	5.8652e-05	0.15147	supercritical
261.69	990.00	364.81	0.0027411	347.14	618.51	2.0964	1.9537	2.9961	1349.9	-0.047653	5.8389e-05	0.15102	supercritical
262.69	990.00	364.14	0.0027462	349.64	621.51	2.1078	1.9539	2.9961	1347.3	-0.047577	5.8128e-05	0.15057	supercritical
263.69	990.00	363.48	0.0027512	352.13	624.50	2.1192	1.9542	2.9962	1344.8	-0.047501	5.7871e-05	0.15013	supercritical
264.69	990.00	362.81	0.0027562	354.63	627.50	2.1306	1.9545	2.9964	1342.2	-0.047425	5.7615e-05	0.14969	supercritical
265.69	990.00	362.15	0.0027613	357.13	630.50	2.1419	1.9548	2.9965	1339.7	-0.047348	5.7363e-05	0.14926	supercritical
266.69	990.00	361.49	0.0027663	359.62	633.49	2.1531	1.9551	2.9966	1337.2	-0.047271	5.7113e-05	0.14883	supercritical
267.69	990.00	360.83	0.0027714	362.12	636.49	2.1643	1.9555	2.9968	1334.7	-0.047194	5.6865e-05	0.14840	supercritical
268.69	990.00	360.17	0.0027765	364.61	639.49	2.1755	1.9559	2.9970	1332.2	-0.047116	5.6620e-05	0.14798	supercritical
269.69	990.00	359.51	0.0027816	367.11	642.48	2.1866	1.9564	2.9972	1329.8	-0.047039	5.6378e-05	0.14756	supercritical
270.69	990.00	358.85	0.0027867	369.60	645.48	2.1977	1.9568	2.9974	1327.3	-0.046961	5.6138e-05	0.14715	supercritical
271.69	990.00	358.20	0.0027918	372.09	648.48	2.2088	1.9573	2.9977	1324.9	-0.046882	5.5900e-05	0.14674	supercritical
272.69	990.00	357.54	0.0027969	374.59	651.48	2.2198	1.9579	2.9979	1322.5	-0.046804	5.5665e-05	0.14633	supercritical
273.69	990.00	356.89	0.0028020	377.08	654.47	2.2308	1.9584	2.9982	1320.1	-0.046725	5.5432e-05	0.14593	supercritical
274.69	990.00	356.24	0.0028071	379.57	657.47	2.2417	1.9590	2.9985	1317.7	-0.046646	5.5202e-05	0.14553	supercritical
275.69	990.00	355.59	0.0028122	382.06	660.47	2.2526	1.9596	2.9988	1315.3	-0.046567	5.4974e-05	0.14513	supercritical
276.69	990.00	354.94	0.0028174	384.55	663.47	2.2635	1.9602	2.9992	1312.9	-0.046488	5.4748e-05	0.14474	supercritical
277.69	990.00	354.29	0.0028225	387.04	666.47	2.2743	1.9609	2.9995	1310.6	-0.046409	5.4524e-05	0.14435	supercritical
278.69	990.00	353.65	0.0028277	389.53	669.47	2.2851	1.9616	2.9999	1308.2	-0.046329	5.4303e-05	0.14397	supercritical
279.69	990.00	353.00	0.0028328	392.02	672.47	2.2958	1.9623	3.0002	1305.9	-0.046249	5.4084e-05	0.14359	supercritical
280.69	990.00	352.36	0.0028380	394.51	675.47	2.3065	1.9630	3.0006	1303.6	-0.046169	5.3867e-05	0.14321	supercritical
281.69	990.00	351.72	0.0028432	396.99	678.47	2.3172	1.9638	3.0011	1301.3	-0.046089	5.3652e-05	0.14284	supercritical
282.69	990.00	351.08	0.0028484	399.48	681.47	2.3278	1.9646	3.0015	1299.0	-0.046008	5.3439e-05	0.14247	supercritical
283.69	990.00	350.44	0.0028536	401.97	684.47	2.3384	1.9654	3.0019	1296.7	-0.045928	5.3228e-05	0.14210	supercritical
284.69	990.00	349.80	0.0028588	404.46	687.47	2.3490	1.9662	3.0024	1294.4	-0.045847	5.3020e-05	0.14174	supercritical
285.69	990.00	349.16	0.0028640	406.94	690.48	2.3595	1.9671	3.0029	1292.2	-0.045766	5.2813e-05	0.14138	supercritical
286.69	990.00	348.53	0.0028692	409.43	693.48	2.3700	1.9680	3.0034	1290.0	-0.045686	5.2609e-05	0.14103	supercritical
287.69	990.00	347.90	0.0028744	411.92	696.48	2.3805	1.9689	3.0039	1287.7	-0.045604	5.2406e-05	0.14068	supercritical
288.69	990.00	347.26	0.0028797	414.40	699.49	2.3909	1.9699	3.0045	1285.5	-0.045523	5.2206e-05	0.14033	supercritical
289.69	990.00	346.63	0.0028849	416.89	702.49	2.4013	1.9708	3.0050	1283.3	-0.045442	5.2007e-05	0.13998	supercritical
290.69	990.00	346.00	0.0028902	419.37	705.50	2.4116	1.9718	3.0056	1281.1	-0.045361	5.1811e-05	0.13964	supercritical
291.69	990.00	345.37	0.0028954	421.86	708.50	2.4220	1.9728	3.0062	1279.0	-0.045279	5.1616e-05	0.13930	supercritical
292.69	990.00	344.75	0.0029007	424.34	711.51	2.4323	1.9739	3.0068	1276.8	-0.045198	5.1423e-05	0.13897	supercritical
293.69	990.00	344.12	0.0029059	426.83	714.52	2.4425	1.9749	3.0074	1274.7	-0.045116	5.1232e-05	0.13864	supercritical
294.69	990.00	343.50	0.0029112	429.31	717.53	2.4527	1.9760	3.0080	1272.5	-0.045034	5.1043e-05	0.13831	supercritical
295.69	990.00	342.88	0.0029165	431.80	720.53	2.4629	1.9772	3.0087	1270.4	-0.044953	5.0855e-05	0.13799	supercritical
296.69	990.00	342.25	0.0029218	434.28	723.54	2.4731	1.9783	3.0093	1268.3	-0.044871	5.0670e-05	0.13767	supercritical
297.69	990.00	341.63	0.0029271	436.77	726.55	2.4832	1.9795	3.0100	1266.2	-0.044789	5.0486e-05	0.13735	supercritical
298.69	990.00	341.02	0.0029324	439.25	729.56	2.4933	1.9807	3.0107	1264.1	-0.044707	5.0304e-05	0.13704	supercritical
299.69	990.00	340.40	0.0029377	441.74	732.57	2.5034	1.9819	3.0114	1262.0	-0.044625	5.0124e-05	0.13673	supercritical
300.69	990.00	339.78	0.0029430	444.22	735.59	2.5134	1.9831	3.0122	1260.0	-0.044543	4.9945e-05	0.13642	supercritical
301.69	990.00	339.17	0.0029484	446.71	738.60	2.5234	1.9844	3.0129	1257.9	-0.044461	4.9769e-05	0.13612	supercritical
302.69	990.00	338.56	0.0029537	449.19	741.61	2.5334	1.9857	3.0137	1255.9	-0.044379	4.9593e-05	0.13582	supercritical
303.69	990.00	337.95	0.0029591	451.68	744.63	2.5433	1.9870	3.0144	1253.9	-0.044297	4.9420e-05	0.13552	supercritical
304.69	990.00	337.34	0.0029644	454.16	747.64	2.5532	1.9883	3.0152	1251.8	-0.044215	4.9248e-05	0.13523	supercritical
305.69	990.00	336.73	0.0029698	456.65	750.66	2.5631	1.9896	3.0160	1249.8	-0.044133	4.9078e-05	0.13494	supercritical
306.69	990.00	336.12	0.0029751	459.14	753.67	2.5730	1.9910	3.0169	1247.9	-0.044051	4.8909e-05	0.13465	supercritical
307.69	990.00	335.51	0.0029805	461.62	756.69	2.5828	1.9924	3.0177	1245.9	-0.043969	4.8742e-05	0.13436	supercritical
308.69	990.00	334.91	0.0029859	464.11	759.71	2.5926	1.9938	3.0186	1243.9	-0.043887	4.8577e-05	0.13408	supercritical
309.69	990.00	334.31	0.0029913	466.59	762.73	2.6023	1.9953	3.0194	1242.0	-0.043805	4.8413e-05	0.13380	supercritical
310.69	990.00	333.71	0.0029966	469.08	765.75	2.6121	1.9967	3.0203	1240.0	-0.043723	4.8251e-05	0.13353	supercritical
311.69	990.00	333.11	0.0030020	471.56	768.77	2.6218	1.9982	3.0212	1238.1	-0.043641	4.8090e-05	0.13326	supercritical
312.69	990.00	332.51	0.0030075	474.05	771.79	2.6315	1.9997	3.0221	1236.2	-0.043559	4.7930e-05	0.13299	supercritical
313.69	990.00	331.91	0.0030129	476.54	774.81	2.6411	2.0013	3.0231	1234.3	-0.043477	4.7773e-05	0.13272	supercritical
314.69	990.00	331.31	0.0030183	479.03	777.84	2.6507	2.0028	3.0240	1232.4	-0.043395	4.7616e-05	0.13246	supercritical
315.69	990.00	330.72	0.0030237	481.51	780.86	2.6603	2.0044	3.0250	1230.5	-0.043314	4.7461e-05	0.13220	supercritical
316.69	990.00	330.13	0.0030291	484.00	783.89	2.6699	2.0060	3.0259	1228.6	-0.043232	4.7308e-05	0.13194	supercritical
317.69	990.00	329.54	0.0030346	486.49	786.91	2.6794	2.0076	3.0269	1226.8	-0.043150	4.7156e-05	0.13169	supercritical
318.69	990.00	328.95	0.0030400	488.98	789.94	2.6890	2.0092	3.0279	1224.9	-0.043069	4.7005e-05	0.13144	supercritical
319.69	990.00	328.36	0.0030455	491.47	792.97	2.6984	2.0109	3.0290	1223.1	-0.042988	4.6856e-05	0.13119	supercritical
320.69	990.00	327.77	0.0030509	493.96	796.00	2.7079	2.0126	3.0300	1221.3	-0.042906	4.6708e-05	0.13095	supercritical
321.69	990.00	327.18	0.0030564	496.45	799.03	2.7173	2.0143	3.0310	1219.5	-0.042825	4.6562e-05	0.13071	supercritical
322.69	990.00	326.60	0.0030619	498.94	802.06	2.7268	2.0160	3.0321	1217.7	-0.042744	4.6417e-05	0.13047	supercritical
323.69	990.00	326.02	0.0030673	501.43	805.09	2.7361	2.0177	3.0332	1215.9	-0.042663	4.6273e-05	0.13023	supercritical
324.69	990.00	325.43	0.0030728	503.92	808.13	2.7455	2.0195	3.0343	1214.1	-0.042582	4.6131e-05	0.13000	supercritical
325.69	990.00	324.85	0.0030783	506.41	811.16	2.7548	2.0213	3.0354	1212.3	-0.042501	4.5990e-05	0.12977	supercritical
326.69	990.00	324.28	0.0030838	508.90	814.20	2.7641	2.0231	3.0365	1210.6	-0.042421	4.5850e-05	0.12954	supercritical
327.69	990.00	323.70	0.0030893	511.39	817.23	2.7734	2.0249	3.0376	1208.8	-0.042340	4.5711e-05	0.12932	supercritical
328.69	990.00	323.12	0.0030948	513.89	820.27	2.7827	2.0267	3.0387	1207.1	-0.042260	4.5574e-05	0.12909	supercritical
329.69	990.00	322.55	0.0031003	516.38	823.31	2.7919	2.0286	3.0399	1205.4	-0.042179	4.5438e-05	0.12888	supercritical
330.69	990.00	321.98	0.0031058	518.87	826.35	2.8011	2.0304	3.0411	1203.7	-0.042099	4.5303e-05	0.12866	supercritical
331.69	990.00	321.40	0.0031114	521.37	829.39	2.8103	2.0323	3.0423	1202.0	-0.042019	4.5170e-05	0.12845	supercritical
332.69	990.00	320.83	0.0031169	523.86	832.44	2.8195	2.0342	3.0435	1200.3	-0.041940	4.5038e-05	0.12824	supercritical
333.69	990.00	320.26	0.0031224	526.36	835.48	2.8286	2.0362	3.0447	1198.6	-0.041860	4.4906e-05	0.12803	supercritical
334.69	990.00	319.70	0.0031280	528.86	838.53	2.8377	2.0381	3.0459	1197.0	-0.041781	4.4777e-05	0.12782	supercritical
335.69	990.00	319.13	0.0031335	531.35	841.57	2.8468	2.0401	3.0471	1195.3	-0.041701	4.4648e-05	0.12762	supercritical
336.69	990.00	318.57	0.0031391	533.85	844.62	2.8559	2.0421	3.0484	1193.7	-0.041622	4.4520e-05	0.12742	supercritical
337.69	990.00	318.00	0.0031446	536.35	847.67	2.8649	2.0441	3.0496	1192.0	-0.041543	4.4394e-05	0.12722	supercritical
338.69	990.00	317.44	0.0031502	538.85	850.72	2.8739	2.0461	3.0509	1190.4	-0.041464	4.4269e-05	0.12703	supercritical
339.69	990.00	316.88	0.0031557	541.35	853.77	2.8829	2.0481	3.0522	1188.8	-0.041386	4.4145e-05	0.12683	supercritical
340.69	990.00	316.32	0.0031613	543.85	856.82	2.8919	2.0502	3.0535	1187.2	-0.041307	4.4022e-05	0.12664	supercritical
341.69	990.00	315.77	0.0031669	546.35	859.88	2.9008	2.0522	3.0548	1185.6	-0.041229	4.3900e-05	0.12646	supercritical
342.69	990.00	315.21	0.0031725	548.86	862.93	2.9098	2.0543	3.0561	1184.0	-0.041151	4.3779e-05	0.12627	supercritical
343.69	990.00	314.66	0.0031781	551.36	865.99	2.9187	2.0564	3.0575	1182.5	-0.041073	4.3660e-05	0.12609	supercritical
344.69	990.00	314.10	0.0031837	553.86	869.05	2.9276	2.0585	3.0588	1180.9	-0.040996	4.3541e-05	0.12591	supercritical
345.69	990.00	313.55	0.0031893	556.37	872.11	2.9364	2.0607	3.0602	1179.4	-0.040918	4.3424e-05	0.12573	supercritical
346.69	990.00	313.00	0.0031949	558.88	875.17	2.9453	2.0628	3.0616	1177.8	-0.040841	4.3308e-05	0.12556	supercritical
347.69	990.00	312.45	0.0032005	561.38	878.23	2.9541	2.0650	3.0630	1176.3	-0.040764	4.3192e-05	0.12539	supercritical
348.69	990.00	311.91	0.0032061	563.89	881.29	2.9629	2.0672	3.0644	1174.8	-0.040687	4.3078e-05	0.12522	supercritical
349.69	990.00	311.36	0.0032117	566.40	884.36	2.9717	2.0694	3.0658	1173.3	-0.040611	4.2965e-05	0.12505	supercritical
350.69	990.00	310.81	0.0032174	568.91	887.43	2.9804	2.0716	3.0672	1171.8	-0.040534	4.2852e-05	0.12489	supercritical
351.69	990.00	310.27	0.0032230	571.42	890.49	2.9892	2.0738	3.0686	1170.3	-0.040458	4.2741e-05	0.12472	supercritical
352.69	990.00	309.73	0.0032286	573.93	893.56	2.9979	2.0761	3.0701	1168.9	-0.040382	4.2631e-05	0.12457	supercritical
353.69	990.00	309.19	0.0032343	576.44	896.63	3.0066	2.0783	3.0715	1167.4	-0.040307	4.2522e-05	0.12441	supercritical
354.69	990.00	308.65	0.0032399	578.96	899.71	3.0152	2.0806	3.0730	1165.9	-0.040232	4.2414e-05	0.12425	supercritical
355.69	990.00	308.11	0.0032456	581.47	902.78	3.0239	2.0829	3.0745	1164.5	-0.040156	4.2306e-05	0.12410	supercritical
356.69	990.00	307.58	0.0032512	583.98	905.85	3.0325	2.0852	3.0760	1163.1	-0.040081	4.2200e-05	0.12395	supercritical
357.69	990.00	307.04	0.0032569	586.50	908.93	3.0411	2.0875	3.0775	1161.6	-0.040007	4.2095e-05	0.12380	supercritical
358.69	990.00	306.51	0.0032625	589.02	912.01	3.0497	2.0899	3.0790	1160.2	-0.039932	4.1990e-05	0.12366	supercritical
359.69	990.00	305.98	0.0032682	591.54	915.09	3.0583	2.0922	3.0805	1158.8	-0.039858	4.1887e-05	0.12351	supercritical
360.69	990.00	305.45	0.0032739	594.06	918.17	3.0669	2.0946	3.0821	1157.4	-0.039785	4.1784e-05	0.12337	supercritical
361.69	990.00	304.92	0.0032796	596.58	921.25	3.0754	2.0970	3.0836	1156.0	-0.039711	4.1683e-05	0.12323	supercritical
362.69	990.00	304.39	0.0032852	599.10	924.34	3.0839	2.0994	3.0852	1154.7	-0.039638	4.1582e-05	0.12309	supercritical
363.69	990.00	303.86	0.0032909	601.62	927.42	3.0924	2.1018	3.0867	1153.3	-0.039564	4.1482e-05	0.12296	supercritical
364.69	990.00	303.34	0.0032966	604.15	930.51	3.1009	2.1042	3.0883	1152.0	-0.039492	4.1383e-05	0.12283	supercritical
365.69	990.00	302.82	0.0033023	606.67	933.60	3.1093	2.1066	3.0899	1150.6	-0.039419	4.1285e-05	0.12270	supercritical
366.69	990.00	302.29	0.0033080	609.20	936.69	3.1178	2.1091	3.0915	1149.3	-0.039347	4.1188e-05	0.12257	supercritical
367.69	990.00	301.77	0.0033137	611.72	939.78	3.1262	2.1116	3.0931	1148.0	-0.039275	4.1092e-05	0.12244	supercritical
368.69	990.00	301.26	0.0033194	614.25	942.88	3.1346	2.1140	3.0948	1146.6	-0.039203	4.0997e-05	0.12232	supercritical
369.69	990.00	300.74	0.0033252	616.78	945.97	3.1430	2.1165	3.0964	1145.3	-0.039132	4.0902e-05	0.12220	supercritical
370.69	990.00	300.22	0.0033309	619.31	949.07	3.1514	2.1190	3.0980	1144.0	-0.039061	4.0808e-05	0.12208	supercritical
371.69	990.00	299.71	0.0033366	621.85	952.17	3.1597	2.1215	3.0997	1142.8	-0.038990	4.0716e-05	0.12196	supercritical
372.69	990.00	299.19	0.0033423	624.38	955.27	3.1680	2.1241	3.1014	1141.5	-0.038919	4.0624e-05	0.12185	supercritical
373.69	990.00	298.68	0.0033481	626.91	958.37	3.1764	2.1266	3.1030	1140.2	-0.038849	4.0532e-05	0.12173	supercritical
374.69	990.00	298.17	0.0033538	629.45	961.48	3.1847	2.1292	3.1047	1138.9	-0.038779	4.0442e-05	0.12162	supercritical
375.69	990.00	297.66	0.0033595	631.99	964.58	3.1929	2.1317	3.1064	1137.7	-0.038709	4.0352e-05	0.12151	supercritical
376.69	990.00	297.15	0.0033653	634.53	967.69	3.2012	2.1343	3.1081	1136.5	-0.038640	4.0264e-05	0.12141	supercritical
377.69	990.00	296.65	0.0033710	637.07	970.80	3.2094	2.1369	3.1098	1135.2	-0.038571	4.0176e-05	0.12130	supercritical
378.69	990.00	296.14	0.0033768	639.61	973.91	3.2177	2.1395	3.1116	1134.0	-0.038502	4.0088e-05	0.12120	supercritical
379.69	990.00	295.64	0.0033825	642.15	977.02	3.2259	2.1421	3.1133	1132.8	-0.038433	4.0002e-05	0.12110	supercritical
380.69	990.00	295.13	0.0033883	644.69	980.13	3.2341	2.1447	3.1150	1131.6	-0.038365	3.9916e-05	0.12100	supercritical
381.69	990.00	294.63	0.0033941	647.24	983.25	3.2422	2.1474	3.1168	1130.4	-0.038297	3.9831e-05	0.12090	supercritical
382.69	990.00	294.13	0.0033998	649.79	986.37	3.2504	2.1500	3.1185	1129.2	-0.038230	3.9747e-05	0.12081	supercritical
383.69	990.00	293.63	0.0034056	652.33	989.49	3.2585	2.1527	3.1203	1128.0	-0.038162	3.9664e-05	0.12071	supercritical
384.69	990.00	293.14	0.0034114	654.88	992.61	3.2667	2.1553	3.1221	1126.8	-0.038095	3.9581e-05	0.12062	supercritical
385.69	990.00	292.64	0.0034171	657.43	995.73	3.2748	2.1580	3.1239	1125.7	-0.038029	3.9499e-05	0.12053	supercritical
386.69	990.00	292.15	0.0034229	659.99	998.86	3.2828	2.1607	3.1257	1124.5	-0.037962	3.9418e-05	0.12044	supercritical
387.69	990.00	291.65	0.0034287	662.54	1002.0	3.2909	2.1634	3.1275	1123.4	-0.037896	3.9338e-05	0.12036	supercritical
388.69	990.00	291.16	0.0034345	665.10	1005.1	3.2990	2.1661	3.1293	1122.3	-0.037830	3.9258e-05	0.12028	supercritical
389.69	990.00	290.67	0.0034403	667.65	1008.2	3.3070	2.1689	3.1311	1121.1	-0.037765	3.9179e-05	0.12019	supercritical
390.69	990.00	290.18	0.0034461	670.21	1011.4	3.3151	2.1716	3.1330	1120.0	-0.037700	3.9101e-05	0.12011	supercritical
391.69	990.00	289.70	0.0034519	672.77	1014.5	3.3231	2.1743	3.1348	1118.9	-0.037635	3.9023e-05	0.12004	supercritical
392.69	990.00	289.21	0.0034577	675.33	1017.6	3.3311	2.1771	3.1367	1117.8	-0.037571	3.8946e-05	0.11996	supercritical
393.69	990.00	288.73	0.0034635	677.90	1020.8	3.3390	2.1799	3.1385	1116.7	-0.037506	3.8870e-05	0.11988	supercritical
394.69	990.00	288.24	0.0034693	680.46	1023.9	3.3470	2.1826	3.1404	1115.6	-0.037443	3.8794e-05	0.11981	supercritical
395.69	990.00	287.76	0.0034751	683.03	1027.1	3.3550	2.1854	3.1423	1114.6	-0.037379	3.8719e-05	0.11974	supercritical
396.69	990.00	287.28	0.0034809	685.59	1030.2	3.3629	2.1882	3.1442	1113.5	-0.037316	3.8645e-05	0.11967	supercritical
397.69	990.00	286.80	0.0034868	688.16	1033.4	3.3708	2.1910	3.1461	1112.4	-0.037253	3.8572e-05	0.11960	supercritical
398.69	990.00	286.32	0.0034926	690.73	1036.5	3.3787	2.1938	3.1480	1111.4	-0.037190	3.8499e-05	0.11954	supercritical
399.69	990.00	285.85	0.0034984	693.31	1039.6	3.3866	2.1967	3.1499	1110.3	-0.037128	3.8426e-05	0.11947	supercritical
400.69	990.00	285.37	0.0035042	695.88	1042.8	3.3945	2.1995	3.1518	1109.3	-0.037066	3.8355e-05	0.11941	supercritical
401.69	990.00	284.90	0.0035101	698.45	1046.0	3.4023	2.2023	3.1538	1108.3	-0.037004	3.8284e-05	0.11935	supercritical
402.69	990.00	284.42	0.0035159	701.03	1049.1	3.4102	2.2052	3.1557	1107.2	-0.036943	3.8214e-05	0.11929	supercritical
403.69	990.00	283.95	0.0035217	703.61	1052.3	3.4180	2.2080	3.1576	1106.2	-0.036882	3.8144e-05	0.11924	supercritical
404.69	990.00	283.48	0.0035276	706.19	1055.4	3.4258	2.2109	3.1596	1105.2	-0.036821	3.8075e-05	0.11918	supercritical
405.69	990.00	283.01	0.0035334	708.77	1058.6	3.4336	2.2138	3.1616	1104.2	-0.036761	3.8006e-05	0.11913	supercritical
406.69	990.00	282.55	0.0035393	711.36	1061.7	3.4414	2.2167	3.1635	1103.2	-0.036701	3.7938e-05	0.11907	supercritical
407.69	990.00	282.08	0.0035451	713.94	1064.9	3.4492	2.2196	3.1655	1102.3	-0.036641	3.7871e-05	0.11902	supercritical
408.69	990.00	281.61	0.0035510	716.53	1068.1	3.4569	2.2225	3.1675	1101.3	-0.036582	3.7804e-05	0.11898	supercritical
409.69	990.00	281.15	0.0035568	719.12	1071.2	3.4647	2.2254	3.1695	1100.3	-0.036523	3.7738e-05	0.11893	supercritical
410.69	990.00	280.69	0.0035627	721.71	1074.4	3.4724	2.2283	3.1715	1099.4	-0.036464	3.7673e-05	0.11888	supercritical
411.69	990.00	280.23	0.0035685	724.30	1077.6	3.4801	2.2312	3.1735	1098.4	-0.036406	3.7608e-05	0.11884	supercritical
412.69	990.00	279.77	0.0035744	726.90	1080.8	3.4878	2.2342	3.1755	1097.5	-0.036348	3.7544e-05	0.11880	supercritical
413.69	990.00	279.31	0.0035803	729.49	1083.9	3.4955	2.2371	3.1775	1096.5	-0.036290	3.7480e-05	0.11876	supercritical
414.69	990.00	278.85	0.0035861	732.09	1087.1	3.5032	2.2400	3.1796	1095.6	-0.036233	3.7417e-05	0.11872	supercritical
415.69	990.00	278.40	0.0035920	734.69	1090.3	3.5108	2.2430	3.1816	1094.7	-0.036175	3.7354e-05	0.11868	supercritical
416.69	990.00	277.94	0.0035979	737.29	1093.5	3.5185	2.2460	3.1837	1093.8	-0.036119	3.7292e-05	0.11864	supercritical
417.69	990.00	277.49	0.0036037	739.89	1096.7	3.5261	2.2489	3.1857	1092.9	-0.036062	3.7231e-05	0.11861	supercritical
418.69	990.00	277.04	0.0036096	742.50	1099.9	3.5337	2.2519	3.1878	1092.0	-0.036006	3.7170e-05	0.11857	supercritical
419.69	990.00	276.59	0.0036155	745.10	1103.0	3.5413	2.2549	3.1898	1091.1	-0.035950	3.7109e-05	0.11854	supercritical
420.69	990.00	276.14	0.0036214	747.71	1106.2	3.5489	2.2579	3.1919	1090.2	-0.035895	3.7050e-05	0.11851	supercritical
421.69	990.00	275.69	0.0036273	750.32	1109.4	3.5565	2.2609	3.1940	1089.3	-0.035840	3.6990e-05	0.11848	supercritical
422.69	990.00	275.24	0.0036332	752.93	1112.6	3.5641	2.2639	3.1961	1088.5	-0.035785	3.6932e-05	0.11846	supercritical
423.69	990.00	274.80	0.0036391	755.55	1115.8	3.5716	2.2669	3.1982	1087.6	-0.035730	3.6873e-05	0.11843	supercritical
424.69	990.00	274.35	0.0036450	758.16	1119.0	3.5792	2.2700	3.2003	1086.8	-0.035676	3.6816e-05	0.11841	supercritical
425.69	990.00	273.91	0.0036508	760.78	1122.2	3.5867	2.2730	3.2024	1085.9	-0.035622	3.6758e-05	0.11838	supercritical
426.69	990.00	273.47	0.0036567	763.40	1125.4	3.5942	2.2760	3.2045	1085.1	-0.035568	3.6702e-05	0.11836	supercritical
427.69	990.00	273.03	0.0036626	766.02	1128.6	3.6017	2.2791	3.2066	1084.2	-0.035515	3.6646e-05	0.11834	supercritical
428.69	990.00	272.59	0.0036685	768.65	1131.8	3.6092	2.2821	3.2088	1083.4	-0.035462	3.6590e-05	0.11832	supercritical
429.69	990.00	272.15	0.0036744	771.27	1135.0	3.6167	2.2852	3.2109	1082.6	-0.035410	3.6535e-05	0.11831	supercritical
430.69	990.00	271.71	0.0036804	773.90	1138.3	3.6242	2.2882	3.2130	1081.8	-0.035357	3.6480e-05	0.11829	supercritical
431.69	990.00	271.28	0.0036863	776.53	1141.5	3.6316	2.2913	3.2152	1081.0	-0.035305	3.6426e-05	0.11828	supercritical
432.69	990.00	270.84	0.0036922	779.16	1144.7	3.6391	2.2944	3.2173	1080.2	-0.035254	3.6372e-05	0.11826	supercritical
433.69	990.00	270.41	0.0036981	781.79	1147.9	3.6465	2.2975	3.2195	1079.4	-0.035202	3.6319e-05	0.11825	supercritical
434.69	990.00	269.98	0.0037040	784.43	1151.1	3.6539	2.3006	3.2217	1078.6	-0.035151	3.6266e-05	0.11824	supercritical
435.69	990.00	269.55	0.0037099	787.06	1154.3	3.6613	2.3037	3.2239	1077.8	-0.035101	3.6214e-05	0.11823	supercritical
436.69	990.00	269.12	0.0037158	789.70	1157.6	3.6687	2.3067	3.2260	1077.0	-0.035050	3.6162e-05	0.11822	supercritical
437.69	990.00	268.69	0.0037218	792.34	1160.8	3.6761	2.3099	3.2282	1076.3	-0.035000	3.6111e-05	0.11822	supercritical
438.69	990.00	268.26	0.0037277	794.99	1164.0	3.6835	2.3130	3.2304	1075.5	-0.034950	3.6060e-05	0.11821	supercritical
439.69	990.00	267.84	0.0037336	797.63	1167.3	3.6908	2.3161	3.2326	1074.7	-0.034901	3.6010e-05	0.11821	supercritical
440.69	990.00	267.41	0.0037395	800.28	1170.5	3.6982	2.3192	3.2348	1074.0	-0.034852	3.5960e-05	0.11821	supercritical
441.69	990.00	266.99	0.0037455	802.93	1173.7	3.7055	2.3223	3.2370	1073.3	-0.034803	3.5910e-05	0.11821	supercritical
442.69	990.00	266.57	0.0037514	805.58	1177.0	3.7128	2.3255	3.2393	1072.5	-0.034754	3.5861e-05	0.11821	supercritical
443.69	990.00	266.15	0.0037573	808.23	1180.2	3.7201	2.3286	3.2415	1071.8	-0.034706	3.5813e-05	0.11821	supercritical
444.69	990.00	265.73	0.0037633	810.89	1183.4	3.7274	2.3317	3.2437	1071.1	-0.034658	3.5765e-05	0.11821	supercritical
445.69	990.00	265.31	0.0037692	813.54	1186.7	3.7347	2.3349	3.2459	1070.4	-0.034610	3.5717e-05	0.11821	supercritical
446.69	990.00	264.89	0.0037751	816.20	1189.9	3.7420	2.3380	3.2482	1069.6	-0.034563	3.5670e-05	0.11822	supercritical
447.69	990.00	264.48	0.0037811	818.87	1193.2	3.7493	2.3412	3.2504	1068.9	-0.034516	3.5623e-05	0.11823	supercritical
448.69	990.00	264.06	0.0037870	821.53	1196.4	3.7565	2.3444	3.2527	1068.2	-0.034469	3.5577e-05	0.11823	supercritical
449.69	990.00	263.65	0.0037930	824.19	1199.7	3.7638	2.3475	3.2549	1067.5	-0.034423	3.5531e-05	0.11824	supercritical
450.69	990.00	263.23	0.0037989	826.86	1203.0	3.7710	2.3507	3.2572	1066.9	-0.034377	3.5485e-05	0.11825	supercritical
451.69	990.00	262.82	0.0038048	829.53	1206.2	3.7782	2.3539	3.2595	1066.2	-0.034331	3.5440e-05	0.11827	supercritical
452.69	990.00	262.41	0.0038108	832.20	1209.5	3.7854	2.3571	3.2618	1065.5	-0.034286	3.5395e-05	0.11828	supercritical
453.69	990.00	262.00	0.0038167	834.88	1212.7	3.7926	2.3603	3.2640	1064.8	-0.034240	3.5351e-05	0.11829	supercritical
454.69	990.00	261.60	0.0038227	837.55	1216.0	3.7998	2.3635	3.2663	1064.2	-0.034195	3.5307e-05	0.11831	supercritical
455.69	990.00	261.19	0.0038286	840.23	1219.3	3.8070	2.3666	3.2686	1063.5	-0.034151	3.5263e-05	0.11832	supercritical
456.69	990.00	260.78	0.0038346	842.91	1222.5	3.8142	2.3698	3.2709	1062.9	-0.034107	3.5220e-05	0.11834	supercritical
457.69	990.00	260.38	0.0038405	845.60	1225.8	3.8213	2.3731	3.2732	1062.2	-0.034062	3.5178e-05	0.11836	supercritical
458.69	990.00	259.98	0.0038465	848.28	1229.1	3.8285	2.3763	3.2755	1061.6	-0.034019	3.5135e-05	0.11838	supercritical
459.69	990.00	259.57	0.0038525	850.97	1232.4	3.8356	2.3795	3.2778	1060.9	-0.033975	3.5093e-05	0.11840	supercritical
460.69	990.00	259.17	0.0038584	853.66	1235.6	3.8427	2.3827	3.2802	1060.3	-0.033932	3.5052e-05	0.11842	supercritical
461.69	990.00	258.77	0.0038644	856.35	1238.9	3.8498	2.3859	3.2825	1059.7	-0.033889	3.5011e-05	0.11844	supercritical
462.69	990.00	258.38	0.0038703	859.04	1242.2	3.8570	2.3891	3.2848	1059.1	-0.033847	3.4970e-05	0.11847	supercritical
463.69	990.00	257.98	0.0038763	861.74	1245.5	3.8640	2.3924	3.2871	1058.5	-0.033804	3.4930e-05	0.11849	supercritical
464.69	990.00	257.58	0.0038823	864.43	1248.8	3.8711	2.3956	3.2895	1057.9	-0.033762	3.4890e-05	0.11852	supercritical
465.69	990.00	257.19	0.0038882	867.13	1252.1	3.8782	2.3988	3.2918	1057.3	-0.033721	3.4850e-05	0.11855	supercritical
466.69	990.00	256.79	0.0038942	869.84	1255.4	3.8853	2.4021	3.2942	1056.7	-0.033679	3.4811e-05	0.11858	supercritical
467.69	990.00	256.40	0.0039002	872.54	1258.7	3.8923	2.4053	3.2965	1056.1	-0.033638	3.4772e-05	0.11861	supercritical
468.69	990.00	256.01	0.0039061	875.25	1262.0	3.8994	2.4086	3.2989	1055.5	-0.033597	3.4733e-05	0.11864	supercritical
469.69	990.00	255.62	0.0039121	877.96	1265.3	3.9064	2.4118	3.3012	1054.9	-0.033557	3.4695e-05	0.11867	supercritical
470.69	990.00	255.23	0.0039181	880.67	1268.6	3.9134	2.4151	3.3036	1054.3	-0.033516	3.4657e-05	0.11870	supercritical
471.69	990.00	254.84	0.0039240	883.38	1271.9	3.9204	2.4183	3.3060	1053.8	-0.033476	3.4620e-05	0.11873	supercritical
472.69	990.00	254.45	0.0039300	886.10	1275.2	3.9274	2.4216	3.3084	1053.2	-0.033436	3.4583e-05	0.11877	supercritical
473.69	990.00	254.07	0.0039360	888.82	1278.5	3.9344	2.4249	3.3107	1052.6	-0.033397	3.4546e-05	0.11881	supercritical
474.69	990.00	253.68	0.0039420	891.54	1281.8	3.9414	2.4281	3.3131	1052.1	-0.033358	3.4510e-05	0.11884	supercritical
475.69	990.00	253.30	0.0039479	894.26	1285.1	3.9484	2.4314	3.3155	1051.5	-0.033319	3.4474e-05	0.11888	supercritical
476.69	990.00	252.91	0.0039539	896.98	1288.4	3.9554	2.4347	3.3179	1051.0	-0.033280	3.4438e-05	0.11892	supercritical
477.69	990.00	252.53	0.0039599	899.71	1291.7	3.9623	2.4380	3.3203	1050.5	-0.033242	3.4403e-05	0.11896	supercritical
478.69	990.00	252.15	0.0039659	902.44	1295.1	3.9693	2.4412	3.3227	1049.9	-0.033203	3.4368e-05	0.11900	supercritical
479.69	990.00	251.77	0.0039719	905.17	1298.4	3.9762	2.4445	3.3251	1049.4	-0.033166	3.4333e-05	0.11904	supercritical
480.69	990.00	251.39	0.0039778	907.91	1301.7	3.9831	2.4478	3.3275	1048.9	-0.033128	3.4299e-05	0.11909	supercritical
481.69	990.00	251.02	0.0039838	910.64	1305.0	3.9900	2.4511	3.3300	1048.4	-0.033091	3.4265e-05	0.11913	supercritical
482.69	990.00	250.64	0.0039898	913.38	1308.4	3.9969	2.4544	3.3324	1047.8	-0.033053	3.4231e-05	0.11917	supercritical
483.69	990.00	250.26	0.0039958	916.12	1311.7	4.0038	2.4577	3.3348	1047.3	-0.033017	3.4197e-05	0.11922	supercritical
484.69	990.00	249.89	0.0040018	918.87	1315.0	4.0107	2.4610	3.3372	1046.8	-0.032980	3.4164e-05	0.11927	supercritical
485.69	990.00	249.52	0.0040078	921.61	1318.4	4.0176	2.4643	3.3397	1046.3	-0.032944	3.4132e-05	0.11932	supercritical
486.69	990.00	249.14	0.0040137	924.36	1321.7	4.0245	2.4676	3.3421	1045.8	-0.032908	3.4099e-05	0.11936	supercritical
487.69	990.00	248.77	0.0040197	927.11	1325.1	4.0314	2.4709	3.3446	1045.3	-0.032872	3.4067e-05	0.11941	supercritical
488.69	990.00	248.40	0.0040257	929.86	1328.4	4.0382	2.4742	3.3470	1044.9	-0.032836	3.4035e-05	0.11947	supercritical
489.69	990.00	248.03	0.0040317	932.62	1331.8	4.0450	2.4775	3.3495	1044.4	-0.032801	3.4004e-05	0.11952	supercritical
490.69	990.00	247.67	0.0040377	935.38	1335.1	4.0519	2.4808	3.3519	1043.9	-0.032766	3.3972e-05	0.11957	supercritical
491.69	990.00	247.30	0.0040437	938.14	1338.5	4.0587	2.4841	3.3544	1043.4	-0.032731	3.3942e-05	0.11962	supercritical
492.69	990.00	246.93	0.0040497	940.90	1341.8	4.0655	2.4875	3.3568	1043.0	-0.032696	3.3911e-05	0.11968	supercritical
493.69	990.00	246.57	0.0040557	943.66	1345.2	4.0723	2.4908	3.3593	1042.5	-0.032662	3.3881e-05	0.11973	supercritical
494.69	990.00	246.20	0.0040617	946.43	1348.5	4.0791	2.4941	3.3618	1042.0	-0.032628	3.3851e-05	0.11979	supercritical
495.69	990.00	245.84	0.0040677	949.20	1351.9	4.0859	2.4974	3.3642	1041.6	-0.032594	3.3821e-05	0.11985	supercritical
496.69	990.00	245.48	0.0040737	951.97	1355.3	4.0927	2.5007	3.3667	1041.1	-0.032561	3.3792e-05	0.11990	supercritical
497.69	990.00	245.12	0.0040797	954.75	1358.6	4.0995	2.5041	3.3692	1040.7	-0.032527	3.3762e-05	0.11996	supercritical
498.69	990.00	244.76	0.0040856	957.52	1362.0	4.1063	2.5074	3.3717	1040.3	-0.032494	3.3734e-05	0.12002	supercritical
499.69	990.00	244.40	0.0040916	960.30	1365.4	4.1130	2.5107	3.3742	1039.8	-0.032461	3.3705e-05	0.12008	supercritical
500.69	990.00	244.04	0.0040976	963.09	1368.8	4.1198	2.5141	3.3767	1039.4	-0.032429	3.3677e-05	0.12015	supercritical
501.69	990.00	243.69	0.0041036	965.87	1372.1	4.1265	2.5174	3.3792	1039.0	-0.032396	3.3649e-05	0.12021	supercritical
502.69	990.00	243.33	0.0041096	968.66	1375.5	4.1332	2.5208	3.3817	1038.5	-0.032364	3.3621e-05	0.12027	supercritical
503.69	990.00	242.98	0.0041156	971.45	1378.9	4.1400	2.5241	3.3842	1038.1	-0.032332	3.3594e-05	0.12034	supercritical
504.69	990.00	242.62	0.0041216	974.24	1382.3	4.1467	2.5274	3.3867	1037.7	-0.032300	3.3566e-05	0.12040	supercritical
505.69	990.00	242.27	0.0041276	977.03	1385.7	4.1534	2.5308	3.3892	1037.3	-0.032269	3.3540e-05	0.12047	supercritical
506.69	990.00	241.92	0.0041336	979.83	1389.1	4.1601	2.5341	3.3917	1036.9	-0.032238	3.3513e-05	0.12053	supercritical
507.69	990.00	241.57	0.0041396	982.63	1392.5	4.1668	2.5375	3.3942	1036.5	-0.032207	3.3487e-05	0.12060	supercritical
508.69	990.00	241.22	0.0041456	985.43	1395.8	4.1734	2.5408	3.3967	1036.1	-0.032176	3.3461e-05	0.12067	supercritical
509.69	990.00	240.87	0.0041516	988.23	1399.2	4.1801	2.5442	3.3993	1035.7	-0.032145	3.3435e-05	0.12074	supercritical
510.69	990.00	240.52	0.0041576	991.04	1402.6	4.1868	2.5475	3.4018	1035.3	-0.032115	3.3409e-05	0.12081	supercritical
511.69	990.00	240.17	0.0041636	993.85	1406.0	4.1934	2.5509	3.4043	1034.9	-0.032085	3.3384e-05	0.12088	supercritical
512.69	990.00	239.83	0.0041696	996.66	1409.5	4.2001	2.5542	3.4069	1034.5	-0.032055	3.3359e-05	0.12095	supercritical
513.69	990.00	239.48	0.0041756	999.47	1412.9	4.2067	2.5576	3.4094	1034.2	-0.032025	3.3334e-05	0.12102	supercritical
514.69	990.00	239.14	0.0041816	1002.3	1416.3	4.2134	2.5609	3.4119	1033.8	-0.031996	3.3310e-05	0.12110	supercritical
515.69	990.00	238.80	0.0041877	1005.1	1419.7	4.2200	2.5643	3.4145	1033.4	-0.031966	3.3285e-05	0.12117	supercritical
516.69	990.00	238.46	0.0041937	1007.9	1423.1	4.2266	2.5677	3.4170	1033.1	-0.031937	3.3261e-05	0.12124	supercritical
517.69	990.00	238.11	0.0041997	1010.8	1426.5	4.2332	2.5710	3.4196	1032.7	-0.031909	3.3237e-05	0.12132	supercritical
518.69	990.00	237.77	0.0042057	1013.6	1429.9	4.2398	2.5744	3.4221	1032.3	-0.031880	3.3214e-05	0.12140	supercritical
519.69	990.00	237.44	0.0042117	1016.4	1433.4	4.2464	2.5778	3.4247	1032.0	-0.031852	3.3191e-05	0.12147	supercritical
520.69	990.00	237.10	0.0042177	1019.2	1436.8	4.2530	2.5811	3.4273	1031.6	-0.031823	3.3168e-05	0.12155	supercritical
521.69	990.00	236.76	0.0042237	1022.1	1440.2	4.2596	2.5845	3.4298	1031.3	-0.031795	3.3145e-05	0.12163	supercritical
522.69	990.00	236.42	0.0042297	1024.9	1443.6	4.2661	2.5879	3.4324	1030.9	-0.031767	3.3122e-05	0.12171	supercritical
523.69	990.00	236.09	0.0042357	1027.7	1447.1	4.2727	2.5912	3.4350	1030.6	-0.031740	3.3100e-05	0.12179	supercritical
524.69	990.00	235.75	0.0042417	1030.6	1450.5	4.2793	2.5946	3.4375	1030.3	-0.031712	3.3078e-05	0.12187	supercritical
525.69	990.00	235.42	0.0042477	1033.4	1454.0	4.2858	2.5980	3.4401	1029.9	-0.031685	3.3056e-05	0.12195	supercritical
526.69	990.00	235.09	0.0042537	1036.3	1457.4	4.2923	2.6013	3.4427	1029.6	-0.031658	3.3034e-05	0.12203	supercritical
527.69	990.00	234.76	0.0042597	1039.1	1460.8	4.2989	2.6047	3.4453	1029.3	-0.031631	3.3013e-05	0.12212	supercritical
528.69	990.00	234.43	0.0042657	1042.0	1464.3	4.3054	2.6081	3.4479	1029.0	-0.031605	3.2992e-05	0.12220	supercritical
529.69	990.00	234.10	0.0042717	1044.8	1467.7	4.3119	2.6115	3.4504	1028.6	-0.031578	3.2971e-05	0.12228	supercritical
530.69	990.00	233.77	0.0042777	1047.7	1471.2	4.3184	2.6148	3.4530	1028.3	-0.031552	3.2950e-05	0.12237	supercritical
531.69	990.00	233.44	0.0042837	1050.6	1474.6	4.3249	2.6182	3.4556	1028.0	-0.031526	3.2930e-05	0.12246	supercritical
532.69	990.00	233.11	0.0042898	1053.4	1478.1	4.3314	2.6216	3.4582	1027.7	-0.031500	3.2909e-05	0.12254	supercritical
533.69	990.00	232.79	0.0042958	1056.3	1481.6	4.3379	2.6250	3.4608	1027.4	-0.031475	3.2889e-05	0.12263	supercritical
534.69	990.00	232.46	0.0043018	1059.1	1485.0	4.3444	2.6284	3.4634	1027.1	-0.031449	3.2870e-05	0.12272	supercritical
535.69	990.00	232.14	0.0043078	1062.0	1488.5	4.3509	2.6317	3.4660	1026.8	-0.031424	3.2850e-05	0.12281	supercritical
536.69	990.00	231.81	0.0043138	1064.9	1492.0	4.3573	2.6351	3.4686	1026.5	-0.031399	3.2831e-05	0.12290	supercritical
537.69	990.00	231.49	0.0043198	1067.8	1495.4	4.3638	2.6385	3.4712	1026.2	-0.031374	3.2811e-05	0.12299	supercritical
538.69	990.00	231.17	0.0043258	1070.6	1498.9	4.3703	2.6419	3.4738	1025.9	-0.031349	3.2792e-05	0.12308	supercritical
539.69	990.00	230.85	0.0043318	1073.5	1502.4	4.3767	2.6453	3.4764	1025.7	-0.031325	3.2774e-05	0.12317	supercritical
540.69	990.00	230.53	0.0043378	1076.4	1505.9	4.3831	2.6486	3.4791	1025.4	-0.031300	3.2755e-05	0.12326	supercritical
541.69	990.00	230.21	0.0043438	1079.3	1509.3	4.3896	2.6520	3.4817	1025.1	-0.031276	3.2737e-05	0.12335	supercritical
542.69	990.00	229.89	0.0043498	1082.2	1512.8	4.3960	2.6554	3.4843	1024.8	-0.031252	3.2719e-05	0.12345	supercritical
543.69	990.00	229.58	0.0043559	1085.1	1516.3	4.4024	2.6588	3.4869	1024.6	-0.031229	3.2701e-05	0.12354	supercritical
544.69	990.00	229.26	0.0043619	1088.0	1519.8	4.4088	2.6622	3.4895	1024.3	-0.031205	3.2683e-05	0.12364	supercritical
545.69	990.00	228.94	0.0043679	1090.9	1523.3	4.4152	2.6656	3.4922	1024.0	-0.031181	3.2665e-05	0.12373	supercritical
546.69	990.00	228.63	0.0043739	1093.8	1526.8	4.4216	2.6689	3.4948	1023.8	-0.031158	3.2648e-05	0.12383	supercritical
547.69	990.00	228.32	0.0043799	1096.7	1530.3	4.4280	2.6723	3.4974	1023.5	-0.031135	3.2631e-05	0.12392	supercritical
548.69	990.00	228.00	0.0043859	1099.6	1533.8	4.4344	2.6757	3.5001	1023.3	-0.031112	3.2614e-05	0.12402	supercritical
549.69	990.00	227.69	0.0043919	1102.5	1537.3	4.4408	2.6791	3.5027	1023.0	-0.031089	3.2597e-05	0.12412	supercritical
550.69	990.00	227.38	0.0043979	1105.4	1540.8	4.4471	2.6825	3.5053	1022.8	-0.031067	3.2581e-05	0.12422	supercritical
551.69	990.00	227.07	0.0044039	1108.3	1544.3	4.4535	2.6859	3.5080	1022.5	-0.031044	3.2564e-05	0.12432	supercritical
552.69	990.00	226.76	0.0044099	1111.2	1547.8	4.4598	2.6893	3.5106	1022.3	-0.031022	3.2548e-05	0.12442	supercritical
553.69	990.00	226.45	0.0044159	1114.1	1551.3	4.4662	2.6927	3.5133	1022.0	-0.031000	3.2532e-05	0.12452	supercritical
554.69	990.00	226.14	0.0044219	1117.0	1554.8	4.4725	2.6960	3.5159	1021.8	-0.030978	3.2517e-05	0.12462	supercritical
555.69	990.00	225.84	0.0044280	1120.0	1558.3	4.4789	2.6994	3.5186	1021.6	-0.030956	3.2501e-05	0.12472	supercritical
556.69	990.00	225.53	0.0044340	1122.9	1561.9	4.4852	2.7028	3.5212	1021.3	-0.030934	3.2486e-05	0.12482	supercritical
557.69	990.00	225.23	0.0044400	1125.8	1565.4	4.4915	2.7062	3.5239	1021.1	-0.030913	3.2470e-05	0.12493	supercritical
558.69	990.00	224.92	0.0044460	1128.7	1568.9	4.4978	2.7096	3.5265	1020.9	-0.030892	3.2455e-05	0.12503	supercritical
559.69	990.00	224.62	0.0044520	1131.7	1572.4	4.5041	2.7130	3.5292	1020.7	-0.030871	3.2440e-05	0.12513	supercritical
560.69	990.00	224.32	0.0044580	1134.6	1576.0	4.5105	2.7164	3.5319	1020.4	-0.030850	3.2426e-05	0.12524	supercritical
561.69	990.00	224.01	0.0044640	1137.6	1579.5	4.5167	2.7198	3.5345	1020.2	-0.030829	3.2411e-05	0.12534	supercritical
562.69	990.00	223.71	0.0044700	1140.5	1583.0	4.5230	2.7231	3.5372	1020.0	-0.030808	3.2397e-05	0.12545	supercritical
563.69	990.00	223.41	0.0044760	1143.4	1586.6	4.5293	2.7265	3.5398	1019.8	-0.030787	3.2383e-05	0.12556	supercritical
564.69	990.00	223.11	0.0044820	1146.4	1590.1	4.5356	2.7299	3.5425	1019.6	-0.030767	3.2369e-05	0.12566	supercritical
565.69	990.00	222.81	0.0044880	1149.3	1593.7	4.5419	2.7333	3.5452	1019.4	-0.030747	3.2355e-05	0.12577	supercritical
566.69	990.00	222.52	0.0044940	1152.3	1597.2	4.5481	2.7367	3.5479	1019.2	-0.030727	3.2342e-05	0.12588	supercritical
567.69	990.00	222.22	0.0045000	1155.2	1600.7	4.5544	2.7401	3.5505	1019.0	-0.030707	3.2328e-05	0.12599	supercritical
568.69	990.00	221.92	0.0045060	1158.2	1604.3	4.5606	2.7435	3.5532	1018.8	-0.030687	3.2315e-05	0.12610	supercritical
569.69	990.00	221.63	0.0045121	1161.2	1607.9	4.5669	2.7469	3.5559	1018.6	-0.030667	3.2302e-05	0.12621	supercritical
570.69	990.00	221.33	0.0045181	1164.1	1611.4	4.5731	2.7502	3.5586	1018.4	-0.030648	3.2289e-05	0.12632	supercritical
571.69	990.00	221.04	0.0045241	1167.1	1615.0	4.5794	2.7536	3.5612	1018.2	-0.030628	3.2276e-05	0.12643	supercritical
572.69	990.00	220.75	0.0045301	1170.1	1618.5	4.5856	2.7570	3.5639	1018.1	-0.030609	3.2263e-05	0.12654	supercritical
573.69	990.00	220.45	0.0045361	1173.0	1622.1	4.5918	2.7604	3.5666	1017.9	-0.030590	3.2251e-05	0.12665	supercritical
574.69	990.00	220.16	0.0045421	1176.0	1625.7	4.5980	2.7638	3.5693	1017.7	-0.030571	3.2239e-05	0.12677	supercritical
575.69	990.00	219.87	0.0045481	1179.0	1629.2	4.6042	2.7672	3.5720	1017.5	-0.030552	3.2227e-05	0.12688	supercritical
576.69	990.00	219.58	0.0045541	1182.0	1632.8	4.6104	2.7706	3.5747	1017.3	-0.030534	3.2215e-05	0.12699	supercritical
577.69	990.00	219.29	0.0045601	1184.9	1636.4	4.6166	2.7739	3.5774	1017.2	-0.030515	3.2203e-05	0.12711	supercritical
578.69	990.00	219.01	0.0045661	1187.9	1640.0	4.6228	2.7773	3.5801	1017.0	-0.030497	3.2191e-05	0.12722	supercritical
579.69	990.00	218.72	0.0045721	1190.9	1643.5	4.6290	2.7807	3.5827	1016.8	-0.030479	3.2180e-05	0.12734	supercritical
580.69	990.00	218.43	0.0045781	1193.9	1647.1	4.6352	2.7841	3.5854	1016.7	-0.030460	3.2169e-05	0.12745	supercritical
581.69	990.00	218.14	0.0045841	1196.9	1650.7	4.6413	2.7875	3.5881	1016.5	-0.030442	3.2157e-05	0.12757	supercritical
582.69	990.00	217.86	0.0045901	1199.9	1654.3	4.6475	2.7909	3.5908	1016.3	-0.030425	3.2146e-05	0.12769	supercritical
583.69	990.00	217.58	0.0045961	1202.9	1657.9	4.6537	2.7942	3.5935	1016.2	-0.030407	3.2136e-05	0.12780	supercritical
584.69	990.00	217.29	0.0046021	1205.9	1661.5	4.6598	2.7976	3.5962	1016.0	-0.030389	3.2125e-05	0.12792	supercritical
585.69	990.00	217.01	0.0046081	1208.9	1665.1	4.6660	2.8010	3.5989	1015.9	-0.030372	3.2114e-05	0.12804	supercritical
586.69	990.00	216.73	0.0046141	1211.9	1668.7	4.6721	2.8044	3.6016	1015.7	-0.030354	3.2104e-05	0.12816	supercritical
587.69	990.00	216.44	0.0046201	1214.9	1672.3	4.6782	2.8078	3.6044	1015.6	-0.030337	3.2094e-05	0.12828	supercritical
588.69	990.00	216.16	0.0046261	1217.9	1675.9	4.6844	2.8111	3.6071	1015.4	-0.030320	3.2084e-05	0.12840	supercritical
589.69	990.00	215.88	0.0046321	1220.9	1679.5	4.6905	2.8145	3.6098	1015.3	-0.030303	3.2074e-05	0.12852	supercritical
590.69	990.00	215.60	0.0046381	1223.9	1683.1	4.6966	2.8179	3.6125	1015.2	-0.030286	3.2064e-05	0.12864	supercritical
591.69	990.00	215.33	0.0046441	1227.0	1686.7	4.7027	2.8213	3.6152	1015.0	-0.030270	3.2054e-05	0.12876	supercritical
592.69	990.00	215.05	0.0046501	1230.0	1690.4	4.7088	2.8247	3.6179	1014.9	-0.030253	3.2045e-05	0.12889	supercritical
593.69	990.00	214.77	0.0046561	1233.0	1694.0	4.7149	2.8280	3.6206	1014.8	-0.030236	3.2035e-05	0.12901	supercritical
594.69	990.00	214.49	0.0046621	1236.0	1697.6	4.7210	2.8314	3.6233	1014.6	-0.030220	3.2026e-05	0.12913	supercritical
595.69	990.00	214.22	0.0046681	1239.1	1701.2	4.7271	2.8348	3.6260	1014.5	-0.030204	3.2017e-05	0.12926	supercritical
596.69	990.00	213.94	0.0046741	1242.1	1704.8	4.7332	2.8382	3.6288	1014.4	-0.030188	3.2008e-05	0.12938	supercritical
597.69	990.00	213.67	0.0046801	1245.1	1708.5	4.7393	2.8415	3.6315	1014.2	-0.030172	3.1999e-05	0.12950	supercritical
598.69	990.00	213.40	0.0046861	1248.2	1712.1	4.7454	2.8449	3.6342	1014.1	-0.030156	3.1991e-05	0.12963	supercritical
599.69	990.00	213.12	0.0046921	1251.2	1715.7	4.7514	2.8483	3.6369	1014.0	-0.030140	3.1982e-05	0.12976	supercritical
600.69	990.00	212.85	0.0046981	1254.3	1719.4	4.7575	2.8516	3.6396	1013.9	-0.030124	3.1974e-05	0.12988	supercritical
601.69	990.00	212.58	0.0047041	1257.3	1723.0	4.7635	2.8550	3.6424	1013.8	-0.030109	3.1965e-05	0.13001	supercritical
602.69	990.00	212.31	0.0047101	1260.4	1726.7	4.7696	2.8584	3.6451	1013.7	-0.030093	3.1957e-05	0.13013	supercritical
603.69	990.00	212.04	0.0047161	1263.4	1730.3	4.7756	2.8618	3.6478	1013.5	-0.030078	3.1949e-05	0.13026	supercritical
604.69	990.00	211.77	0.0047221	1266.5	1734.0	4.7817	2.8651	3.6505	1013.4	-0.030063	3.1941e-05	0.13039	supercritical
605.69	990.00	211.50	0.0047281	1269.5	1737.6	4.7877	2.8685	3.6533	1013.3	-0.030048	3.1934e-05	0.13052	supercritical
606.69	990.00	211.23	0.0047341	1272.6	1741.3	4.7937	2.8719	3.6560	1013.2	-0.030033	3.1926e-05	0.13065	supercritical
607.69	990.00	210.97	0.0047401	1275.7	1744.9	4.7998	2.8752	3.6587	1013.1	-0.030018	3.1919e-05	0.13078	supercritical
608.69	990.00	210.70	0.0047461	1278.7	1748.6	4.8058	2.8786	3.6615	1013.0	-0.030003	3.1911e-05	0.13091	supercritical
609.69	990.00	210.44	0.0047520	1281.8	1752.2	4.8118	2.8820	3.6642	1012.9	-0.029988	3.1904e-05	0.13104	supercritical
610.69	990.00	210.17	0.0047580	1284.9	1755.9	4.8178	2.8853	3.6669	1012.8	-0.029974	3.1897e-05	0.13117	supercritical
611.69	990.00	209.91	0.0047640	1287.9	1759.6	4.8238	2.8887	3.6697	1012.7	-0.029959	3.1890e-05	0.13130	supercritical
612.69	990.00	209.64	0.0047700	1291.0	1763.3	4.8298	2.8920	3.6724	1012.6	-0.029945	3.1883e-05	0.13143	supercritical
613.69	990.00	209.38	0.0047760	1294.1	1766.9	4.8358	2.8954	3.6751	1012.6	-0.029930	3.1876e-05	0.13156	supercritical
614.69	990.00	209.12	0.0047820	1297.2	1770.6	4.8418	2.8988	3.6779	1012.5	-0.029916	3.1870e-05	0.13169	supercritical
615.69	990.00	208.86	0.0047880	1300.3	1774.3	4.8478	2.9021	3.6806	1012.4	-0.029902	3.1863e-05	0.13183	supercritical
616.69	990.00	208.60	0.0047940	1303.4	1778.0	4.8537	2.9055	3.6833	1012.3	-0.029888	3.1857e-05	0.13196	supercritical
617.69	990.00	208.33	0.0048000	1306.5	1781.6	4.8597	2.9088	3.6861	1012.2	-0.029874	3.1851e-05	0.13209	supercritical
618.69	990.00	208.08	0.0048060	1309.5	1785.3	4.8657	2.9122	3.6888	1012.1	-0.029860	3.1845e-05	0.13223	supercritical
619.69	990.00	207.82	0.0048119	1312.6	1789.0	4.8716	2.9155	3.6916	1012.1	-0.029847	3.1839e-05	0.13236	supercritical
620.69	990.00	207.56	0.0048179	1315.7	1792.7	4.8776	2.9189	3.6943	1012.0	-0.029833	3.1833e-05	0.13250	supercritical
621.69	990.00	207.30	0.0048239	1318.8	1796.4	4.8835	2.9222	3.6971	1011.9	-0.029820	3.1827e-05	0.13263	supercritical
622.69	990.00	207.04	0.0048299	1322.0	1800.1	4.8895	2.9256	3.6998	1011.8	-0.029806	3.1821e-05	0.13277	supercritical
623.69	990.00	206.79	0.0048359	1325.1	1803.8	4.8954	2.9289	3.7025	1011.8	-0.029793	3.1816e-05	0.13290	supercritical
624.69	990.00	206.53	0.0048419	1328.2	1807.5	4.9014	2.9323	3.7053	1011.7	-0.029780	3.1811e-05	0.13304	supercritical