Temperature (K)	Pressure (bar)	Density (kg/m3)	Volume (m3/kg)	Internal Energy (kJ/kg)	Enthalpy (kJ/kg)	Entropy (J/g*K)	Cv (J/g*K)	Cp (J/g*K)	Sound Spd. (m/s)	Joule-Thomson (K/bar)	Viscosity (Pa*s)	Therm. Cond. (W/m*K)	Phase
90.694	492.00	477.39	0.0020947	-92.960	10.100	-0.97255	2.2652	3.2239	1807.0	-0.052326	0.00037863	0.24945	liquid
103.69	492.00	464.13	0.0021546	-54.055	51.949	-0.54133	2.2003	3.2173	1728.2	-0.051752	0.00023301	0.23728	liquid
104.69	492.00	463.11	0.0021593	-51.071	55.167	-0.51045	2.1959	3.2172	1722.0	-0.051691	0.00022615	0.23626	liquid
105.69	492.00	462.10	0.0021640	-48.087	58.384	-0.47986	2.1916	3.2172	1715.9	-0.051627	0.00021967	0.23523	liquid
106.69	492.00	461.08	0.0021688	-45.105	61.601	-0.44957	2.1873	3.2172	1709.7	-0.051562	0.00021355	0.23419	liquid
107.69	492.00	460.06	0.0021736	-42.123	64.818	-0.41956	2.1831	3.2172	1703.5	-0.051496	0.00020776	0.23315	liquid
108.69	492.00	459.05	0.0021784	-39.143	68.035	-0.38982	2.1788	3.2172	1697.4	-0.051427	0.00020228	0.23210	liquid
109.69	492.00	458.03	0.0021832	-36.163	71.253	-0.36036	2.1747	3.2172	1691.2	-0.051358	0.00019708	0.23104	liquid
110.69	492.00	457.02	0.0021881	-33.185	74.470	-0.33116	2.1705	3.2172	1685.0	-0.051287	0.00019214	0.22998	liquid
111.69	492.00	456.00	0.0021930	-30.207	77.687	-0.30223	2.1664	3.2172	1678.8	-0.051214	0.00018745	0.22891	liquid
112.69	492.00	454.99	0.0021979	-27.231	80.904	-0.27355	2.1623	3.2172	1672.7	-0.051140	0.00018298	0.22784	liquid
113.69	492.00	453.97	0.0022028	-24.255	84.121	-0.24513	2.1583	3.2172	1666.5	-0.051065	0.00017873	0.22677	liquid
114.69	492.00	452.96	0.0022077	-21.281	87.338	-0.21696	2.1543	3.2172	1660.4	-0.050988	0.00017467	0.22569	liquid
115.69	492.00	451.94	0.0022127	-18.308	90.556	-0.18903	2.1503	3.2172	1654.2	-0.050909	0.00017080	0.22461	liquid
116.69	492.00	450.93	0.0022176	-15.336	93.773	-0.16134	2.1463	3.2172	1648.1	-0.050830	0.00016710	0.22353	liquid
117.69	492.00	449.91	0.0022227	-12.364	96.990	-0.13389	2.1423	3.2171	1641.9	-0.050749	0.00016356	0.22244	liquid
118.69	492.00	448.90	0.0022277	-9.3946	100.21	-0.10667	2.1384	3.2171	1635.8	-0.050666	0.00016017	0.22135	liquid
119.69	492.00	447.88	0.0022327	-6.4258	103.42	-0.079681	2.1345	3.2171	1629.7	-0.050582	0.00015693	0.22026	liquid
120.69	492.00	446.87	0.0022378	-3.4582	106.64	-0.052916	2.1306	3.2170	1623.6	-0.050497	0.00015381	0.21917	liquid
121.69	492.00	445.85	0.0022429	-0.49172	109.86	-0.026371	2.1267	3.2170	1617.5	-0.050410	0.00015082	0.21808	liquid
122.69	492.00	444.84	0.0022480	2.4735	113.08	-4.4412e-05	2.1229	3.2169	1611.4	-0.050321	0.00014795	0.21699	liquid
123.69	492.00	443.82	0.0022531	5.4375	116.29	0.026068	2.1191	3.2169	1605.3	-0.050232	0.00014519	0.21589	liquid
124.69	492.00	442.81	0.0022583	8.4003	119.51	0.051970	2.1153	3.2168	1599.3	-0.050140	0.00014253	0.21480	liquid
125.69	492.00	441.79	0.0022635	11.362	122.73	0.077665	2.1115	3.2167	1593.2	-0.050047	0.00013997	0.21371	liquid
126.69	492.00	440.78	0.0022687	14.322	125.94	0.10315	2.1077	3.2167	1587.2	-0.049953	0.00013750	0.21262	liquid
127.69	492.00	439.76	0.0022739	17.281	129.16	0.12844	2.1040	3.2166	1581.1	-0.049857	0.00013512	0.21153	liquid
128.69	492.00	438.75	0.0022792	20.239	132.38	0.15354	2.1003	3.2165	1575.1	-0.049759	0.00013282	0.21044	liquid
129.69	492.00	437.73	0.0022845	23.195	135.59	0.17843	2.0966	3.2164	1569.1	-0.049660	0.00013060	0.20935	liquid
130.69	492.00	436.72	0.0022898	26.150	138.81	0.20314	2.0930	3.2164	1563.1	-0.049559	0.00012846	0.20826	liquid
131.69	492.00	435.70	0.0022951	29.104	142.02	0.22765	2.0893	3.2163	1557.1	-0.049456	0.00012639	0.20717	liquid
132.69	492.00	434.69	0.0023005	32.056	145.24	0.25198	2.0857	3.2162	1551.2	-0.049352	0.00012438	0.20609	liquid
133.69	492.00	433.67	0.0023059	35.007	148.46	0.27613	2.0822	3.2161	1545.2	-0.049245	0.00012243	0.20501	liquid
134.69	492.00	432.66	0.0023113	37.957	151.67	0.30009	2.0786	3.2160	1539.3	-0.049138	0.00012055	0.20393	liquid
135.69	492.00	431.64	0.0023167	40.905	154.89	0.32388	2.0751	3.2159	1533.4	-0.049028	0.00011872	0.20285	liquid
136.69	492.00	430.62	0.0023222	43.852	158.11	0.34749	2.0716	3.2158	1527.5	-0.048916	0.00011695	0.20178	liquid
137.69	492.00	429.61	0.0023277	46.798	161.32	0.37093	2.0681	3.2157	1521.6	-0.048803	0.00011523	0.20071	liquid
138.69	492.00	428.59	0.0023332	49.742	164.54	0.39420	2.0646	3.2157	1515.7	-0.048688	0.00011356	0.19964	liquid
139.69	492.00	427.57	0.0023388	52.685	167.75	0.41731	2.0612	3.2156	1509.9	-0.048571	0.00011194	0.19857	liquid
140.69	492.00	426.56	0.0023443	55.626	170.97	0.44024	2.0578	3.2155	1504.0	-0.048452	0.00011037	0.19751	liquid
141.69	492.00	425.54	0.0023500	58.566	174.18	0.46302	2.0544	3.2154	1498.2	-0.048331	0.00010883	0.19645	liquid
142.69	492.00	424.52	0.0023556	61.504	177.40	0.48563	2.0511	3.2154	1492.4	-0.048209	0.00010734	0.19540	liquid
143.69	492.00	423.51	0.0023612	64.441	180.61	0.50808	2.0478	3.2153	1486.6	-0.048084	0.00010589	0.19435	liquid
144.69	492.00	422.49	0.0023669	67.376	183.83	0.53038	2.0445	3.2152	1480.9	-0.047957	0.00010447	0.19330	liquid
145.69	492.00	421.47	0.0023726	70.310	187.04	0.55253	2.0412	3.2152	1475.1	-0.047828	0.00010310	0.19225	liquid
146.69	492.00	420.45	0.0023784	73.243	190.26	0.57452	2.0380	3.2151	1469.4	-0.047698	0.00010176	0.19121	liquid
147.69	492.00	419.43	0.0023842	76.174	193.47	0.59636	2.0348	3.2151	1463.7	-0.047565	0.00010045	0.19018	liquid
148.69	492.00	418.42	0.0023900	79.103	196.69	0.61806	2.0316	3.2150	1458.0	-0.047430	9.9170e-05	0.18915	liquid
149.69	492.00	417.40	0.0023958	82.031	199.90	0.63961	2.0284	3.2150	1452.3	-0.047293	9.7925e-05	0.18812	liquid
150.69	492.00	416.38	0.0024017	84.958	203.12	0.66101	2.0253	3.2150	1446.6	-0.047154	9.6710e-05	0.18710	liquid
151.69	492.00	415.36	0.0024076	87.883	206.33	0.68228	2.0222	3.2150	1441.0	-0.047013	9.5523e-05	0.18608	liquid
152.69	492.00	414.34	0.0024135	90.807	209.55	0.70340	2.0191	3.2150	1435.4	-0.046869	9.4364e-05	0.18506	liquid
153.69	492.00	413.32	0.0024194	93.729	212.76	0.72439	2.0161	3.2150	1429.8	-0.046724	9.3232e-05	0.18406	liquid
154.69	492.00	412.30	0.0024254	96.649	215.98	0.74524	2.0131	3.2150	1424.2	-0.046576	9.2126e-05	0.18305	liquid
155.69	492.00	411.28	0.0024314	99.568	219.19	0.76595	2.0101	3.2150	1418.6	-0.046426	9.1044e-05	0.18205	liquid
156.69	492.00	410.26	0.0024375	102.49	222.41	0.78654	2.0072	3.2150	1413.1	-0.046274	8.9987e-05	0.18106	liquid
157.69	492.00	409.24	0.0024435	105.40	225.62	0.80699	2.0043	3.2150	1407.5	-0.046120	8.8953e-05	0.18007	liquid
158.69	492.00	408.22	0.0024497	108.32	228.84	0.82731	2.0014	3.2151	1402.0	-0.045963	8.7941e-05	0.17908	liquid
159.69	492.00	407.20	0.0024558	111.23	232.05	0.84751	1.9985	3.2151	1396.5	-0.045804	8.6950e-05	0.17810	liquid
160.69	492.00	406.18	0.0024620	114.14	235.27	0.86758	1.9957	3.2152	1391.1	-0.045643	8.5981e-05	0.17713	liquid
161.69	492.00	405.16	0.0024682	117.05	238.49	0.88752	1.9929	3.2153	1385.6	-0.045480	8.5032e-05	0.17616	liquid
162.69	492.00	404.14	0.0024744	119.96	241.70	0.90735	1.9901	3.2153	1380.2	-0.045314	8.4102e-05	0.17520	liquid
163.69	492.00	403.11	0.0024807	122.87	244.92	0.92705	1.9874	3.2154	1374.8	-0.045146	8.3192e-05	0.17424	liquid
164.69	492.00	402.09	0.0024870	125.77	248.13	0.94663	1.9847	3.2155	1369.4	-0.044976	8.2300e-05	0.17329	liquid
165.69	492.00	401.07	0.0024933	128.68	251.35	0.96610	1.9820	3.2156	1364.1	-0.044803	8.1425e-05	0.17234	liquid
166.69	492.00	400.05	0.0024997	131.58	254.56	0.98545	1.9794	3.2157	1358.7	-0.044628	8.0568e-05	0.17140	liquid
167.69	492.00	399.03	0.0025061	134.48	257.78	1.0047	1.9768	3.2159	1353.4	-0.044451	7.9728e-05	0.17046	liquid
168.69	492.00	398.01	0.0025125	137.38	260.99	1.0238	1.9742	3.2160	1348.1	-0.044271	7.8904e-05	0.16953	liquid
169.69	492.00	396.98	0.0025190	140.28	264.21	1.0428	1.9716	3.2161	1342.8	-0.044089	7.8096e-05	0.16860	liquid
170.69	492.00	395.96	0.0025255	143.17	267.43	1.0617	1.9691	3.2163	1337.6	-0.043905	7.7304e-05	0.16768	liquid
171.69	492.00	394.94	0.0025320	146.07	270.64	1.0805	1.9666	3.2165	1332.3	-0.043718	7.6526e-05	0.16677	liquid
172.69	492.00	393.91	0.0025386	148.96	273.86	1.0992	1.9642	3.2166	1327.1	-0.043528	7.5763e-05	0.16586	liquid
173.69	492.00	392.89	0.0025452	151.85	277.08	1.1178	1.9617	3.2168	1321.9	-0.043337	7.5013e-05	0.16496	liquid
174.69	492.00	391.87	0.0025519	154.74	280.29	1.1362	1.9593	3.2170	1316.8	-0.043143	7.4278e-05	0.16406	liquid
175.69	492.00	390.85	0.0025586	157.63	283.51	1.1546	1.9570	3.2172	1311.6	-0.042946	7.3556e-05	0.16317	liquid
176.69	492.00	389.82	0.0025653	160.52	286.73	1.1728	1.9546	3.2174	1306.5	-0.042747	7.2847e-05	0.16229	liquid
177.69	492.00	388.80	0.0025720	163.40	289.95	1.1910	1.9523	3.2176	1301.4	-0.042546	7.2151e-05	0.16141	liquid
178.69	492.00	387.77	0.0025788	166.29	293.16	1.2091	1.9501	3.2179	1296.3	-0.042342	7.1467e-05	0.16053	liquid
179.69	492.00	386.75	0.0025856	169.17	296.38	1.2270	1.9478	3.2181	1291.3	-0.042136	7.0795e-05	0.15967	liquid
180.69	492.00	385.73	0.0025925	172.05	299.60	1.2449	1.9456	3.2184	1286.2	-0.041927	7.0134e-05	0.15880	liquid
181.69	492.00	384.70	0.0025994	174.93	302.82	1.2626	1.9435	3.2186	1281.2	-0.041716	6.9485e-05	0.15795	liquid
182.69	492.00	383.68	0.0026063	177.80	306.04	1.2803	1.9413	3.2189	1276.3	-0.041502	6.8848e-05	0.15710	liquid
183.69	492.00	382.66	0.0026133	180.68	309.26	1.2979	1.9392	3.2191	1271.3	-0.041287	6.8221e-05	0.15626	liquid
184.69	492.00	381.63	0.0026203	183.56	312.47	1.3154	1.9371	3.2194	1266.4	-0.041068	6.7604e-05	0.15542	liquid
185.69	492.00	380.61	0.0026274	186.43	315.69	1.3327	1.9351	3.2197	1261.4	-0.040847	6.6998e-05	0.15459	liquid
186.69	492.00	379.59	0.0026345	189.30	318.91	1.3500	1.9331	3.2200	1256.5	-0.040624	6.6402e-05	0.15376	liquid
187.69	492.00	378.56	0.0026416	192.17	322.13	1.3672	1.9311	3.2203	1251.7	-0.040398	6.5816e-05	0.15294	liquid
188.69	492.00	377.54	0.0026487	195.04	325.35	1.3843	1.9291	3.2206	1246.8	-0.040170	6.5240e-05	0.15213	liquid
189.69	492.00	376.52	0.0026559	197.90	328.58	1.4014	1.9272	3.2209	1242.0	-0.039940	6.4673e-05	0.15133	liquid
190.69	492.00	375.49	0.0026632	200.77	331.80	1.4183	1.9253	3.2213	1237.2	-0.039707	6.4115e-05	0.15053	supercritical
191.69	492.00	374.47	0.0026705	203.63	335.02	1.4352	1.9235	3.2216	1232.5	-0.039472	6.3566e-05	0.14973	supercritical
192.69	492.00	373.45	0.0026778	206.49	338.24	1.4519	1.9217	3.2219	1227.7	-0.039234	6.3026e-05	0.14894	supercritical
193.69	492.00	372.42	0.0026851	209.35	341.46	1.4686	1.9199	3.2223	1223.0	-0.038994	6.2495e-05	0.14815	supercritical
194.69	492.00	371.40	0.0026925	212.21	344.68	1.4852	1.9181	3.2226	1218.3	-0.038751	6.1971e-05	0.14737	supercritical
195.69	492.00	370.38	0.0027000	215.07	347.91	1.5017	1.9164	3.2230	1213.6	-0.038507	6.1457e-05	0.14660	supercritical
196.69	492.00	369.35	0.0027074	217.92	351.13	1.5181	1.9147	3.2234	1209.0	-0.038260	6.0950e-05	0.14583	supercritical
197.69	492.00	368.33	0.0027149	220.78	354.35	1.5345	1.9131	3.2237	1204.4	-0.038010	6.0451e-05	0.14507	supercritical
198.69	492.00	367.31	0.0027225	223.63	357.58	1.5507	1.9114	3.2241	1199.8	-0.037758	5.9959e-05	0.14432	supercritical
199.69	492.00	366.29	0.0027301	226.48	360.80	1.5669	1.9098	3.2245	1195.2	-0.037504	5.9475e-05	0.14357	supercritical
200.69	492.00	365.27	0.0027377	229.33	364.03	1.5830	1.9083	3.2249	1190.6	-0.037248	5.8999e-05	0.14283	supercritical
201.69	492.00	364.24	0.0027454	232.18	367.25	1.5991	1.9068	3.2253	1186.1	-0.036989	5.8530e-05	0.14209	supercritical
202.69	492.00	363.22	0.0027531	235.02	370.48	1.6150	1.9053	3.2257	1181.6	-0.036728	5.8067e-05	0.14136	supercritical
203.69	492.00	362.20	0.0027609	237.87	373.70	1.6309	1.9038	3.2261	1177.1	-0.036465	5.7612e-05	0.14064	supercritical
204.69	492.00	361.18	0.0027687	240.71	376.93	1.6467	1.9024	3.2265	1172.7	-0.036200	5.7164e-05	0.13992	supercritical
205.69	492.00	360.16	0.0027765	243.55	380.16	1.6624	1.9010	3.2269	1168.3	-0.035932	5.6722e-05	0.13921	supercritical
206.69	492.00	359.14	0.0027844	246.39	383.38	1.6781	1.8996	3.2273	1163.9	-0.035662	5.6287e-05	0.13850	supercritical
207.69	492.00	358.12	0.0027923	249.23	386.61	1.6936	1.8983	3.2277	1159.5	-0.035390	5.5858e-05	0.13780	supercritical
208.69	492.00	357.11	0.0028003	252.06	389.84	1.7092	1.8970	3.2281	1155.2	-0.035116	5.5435e-05	0.13711	supercritical
209.69	492.00	356.09	0.0028083	254.90	393.07	1.7246	1.8957	3.2285	1150.9	-0.034840	5.5018e-05	0.13642	supercritical
210.69	492.00	355.07	0.0028164	257.73	396.30	1.7399	1.8944	3.2289	1146.6	-0.034562	5.4608e-05	0.13574	supercritical
211.69	492.00	354.05	0.0028244	260.56	399.52	1.7552	1.8932	3.2293	1142.3	-0.034282	5.4203e-05	0.13506	supercritical
212.69	492.00	353.04	0.0028326	263.39	402.75	1.7705	1.8921	3.2297	1138.1	-0.033999	5.3805e-05	0.13439	supercritical
213.69	492.00	352.02	0.0028408	266.22	405.98	1.7856	1.8909	3.2301	1133.9	-0.033715	5.3411e-05	0.13373	supercritical
214.69	492.00	351.00	0.0028490	269.05	409.21	1.8007	1.8898	3.2306	1129.7	-0.033429	5.3024e-05	0.13307	supercritical
215.69	492.00	349.99	0.0028572	271.87	412.45	1.8157	1.8887	3.2310	1125.5	-0.033140	5.2642e-05	0.13242	supercritical
216.69	492.00	348.97	0.0028655	274.69	415.68	1.8306	1.8877	3.2314	1121.4	-0.032850	5.2265e-05	0.13177	supercritical
217.69	492.00	347.96	0.0028739	277.51	418.91	1.8455	1.8867	3.2318	1117.3	-0.032558	5.1894e-05	0.13113	supercritical
218.69	492.00	346.95	0.0028823	280.33	422.14	1.8603	1.8857	3.2322	1113.2	-0.032264	5.1528e-05	0.13050	supercritical
219.69	492.00	345.94	0.0028907	283.15	425.37	1.8751	1.8848	3.2326	1109.2	-0.031969	5.1167e-05	0.12987	supercritical
220.69	492.00	344.93	0.0028992	285.97	428.61	1.8898	1.8839	3.2330	1105.2	-0.031671	5.0810e-05	0.12924	supercritical
221.69	492.00	343.91	0.0029077	288.78	431.84	1.9044	1.8830	3.2334	1101.2	-0.031372	5.0459e-05	0.12863	supercritical
222.69	492.00	342.90	0.0029163	291.59	435.07	1.9189	1.8821	3.2338	1097.2	-0.031071	5.0113e-05	0.12802	supercritical
223.69	492.00	341.90	0.0029249	294.40	438.31	1.9334	1.8813	3.2342	1093.3	-0.030768	4.9771e-05	0.12741	supercritical
224.69	492.00	340.89	0.0029335	297.21	441.54	1.9479	1.8805	3.2346	1089.4	-0.030464	4.9434e-05	0.12681	supercritical
225.69	492.00	339.88	0.0029422	300.02	444.78	1.9622	1.8798	3.2350	1085.5	-0.030158	4.9102e-05	0.12622	supercritical
226.69	492.00	338.87	0.0029509	302.82	448.01	1.9765	1.8790	3.2354	1081.6	-0.029851	4.8774e-05	0.12563	supercritical
227.69	492.00	337.87	0.0029597	305.63	451.25	1.9908	1.8783	3.2358	1077.8	-0.029542	4.8451e-05	0.12505	supercritical
228.69	492.00	336.87	0.0029685	308.43	454.48	2.0049	1.8777	3.2362	1074.0	-0.029231	4.8132e-05	0.12447	supercritical
229.69	492.00	335.86	0.0029774	311.23	457.72	2.0191	1.8771	3.2366	1070.2	-0.028919	4.7817e-05	0.12390	supercritical
230.69	492.00	334.86	0.0029863	314.03	460.96	2.0331	1.8765	3.2369	1066.5	-0.028606	4.7506e-05	0.12334	supercritical
231.69	492.00	333.86	0.0029953	316.83	464.19	2.0471	1.8759	3.2373	1062.8	-0.028292	4.7200e-05	0.12278	supercritical
232.69	492.00	332.86	0.0030043	319.62	467.43	2.0611	1.8754	3.2377	1059.1	-0.027976	4.6897e-05	0.12222	supercritical
233.69	492.00	331.86	0.0030133	322.41	470.67	2.0750	1.8749	3.2380	1055.4	-0.027659	4.6599e-05	0.12167	supercritical
234.69	492.00	330.86	0.0030224	325.20	473.91	2.0888	1.8744	3.2383	1051.8	-0.027340	4.6305e-05	0.12113	supercritical
235.69	492.00	329.87	0.0030315	327.99	477.14	2.1026	1.8740	3.2387	1048.2	-0.027021	4.6014e-05	0.12060	supercritical
236.69	492.00	328.87	0.0030407	330.78	480.38	2.1163	1.8735	3.2390	1044.6	-0.026700	4.5727e-05	0.12006	supercritical
237.69	492.00	327.88	0.0030499	333.57	483.62	2.1299	1.8732	3.2393	1041.0	-0.026379	4.5444e-05	0.11954	supercritical
238.69	492.00	326.89	0.0030592	336.35	486.86	2.1435	1.8728	3.2396	1037.5	-0.026056	4.5165e-05	0.11902	supercritical
239.69	492.00	325.90	0.0030685	339.13	490.10	2.1571	1.8725	3.2400	1034.0	-0.025733	4.4890e-05	0.11850	supercritical
240.69	492.00	324.91	0.0030778	341.91	493.34	2.1706	1.8722	3.2403	1030.6	-0.025408	4.4618e-05	0.11800	supercritical
241.69	492.00	323.92	0.0030872	344.69	496.58	2.1840	1.8720	3.2405	1027.1	-0.025083	4.4349e-05	0.11749	supercritical
242.69	492.00	322.93	0.0030966	347.47	499.82	2.1974	1.8718	3.2408	1023.7	-0.024757	4.4084e-05	0.11699	supercritical
243.69	492.00	321.95	0.0031061	350.24	503.06	2.2107	1.8716	3.2411	1020.3	-0.024430	4.3822e-05	0.11650	supercritical
244.69	492.00	320.96	0.0031156	353.02	506.31	2.2240	1.8714	3.2414	1017.0	-0.024102	4.3564e-05	0.11601	supercritical
245.69	492.00	319.98	0.0031252	355.79	509.55	2.2372	1.8713	3.2416	1013.7	-0.023774	4.3309e-05	0.11553	supercritical
246.69	492.00	319.00	0.0031348	358.56	512.79	2.2504	1.8712	3.2419	1010.4	-0.023445	4.3058e-05	0.11506	supercritical
247.69	492.00	318.02	0.0031444	361.32	516.03	2.2635	1.8711	3.2421	1007.1	-0.023116	4.2809e-05	0.11459	supercritical
248.69	492.00	317.04	0.0031541	364.09	519.27	2.2765	1.8711	3.2423	1003.9	-0.022786	4.2564e-05	0.11412	supercritical
249.69	492.00	316.07	0.0031639	366.85	522.52	2.2895	1.8711	3.2425	1000.6	-0.022455	4.2322e-05	0.11366	supercritical
250.69	492.00	315.10	0.0031736	369.61	525.76	2.3025	1.8711	3.2427	997.46	-0.022125	4.2083e-05	0.11320	supercritical
251.69	492.00	314.12	0.0031835	372.37	529.00	2.3154	1.8711	3.2429	994.30	-0.021794	4.1847e-05	0.11275	supercritical
252.69	492.00	313.15	0.0031933	375.13	532.24	2.3283	1.8712	3.2431	991.18	-0.021462	4.1615e-05	0.11231	supercritical
253.69	492.00	312.19	0.0032032	377.89	535.49	2.3411	1.8713	3.2433	988.08	-0.021131	4.1385e-05	0.11187	supercritical
254.69	492.00	311.22	0.0032132	380.64	538.73	2.3538	1.8715	3.2434	985.00	-0.020799	4.1158e-05	0.11144	supercritical
255.69	492.00	310.26	0.0032232	383.39	541.97	2.3666	1.8716	3.2436	981.96	-0.020468	4.0933e-05	0.11101	supercritical
256.69	492.00	309.29	0.0032332	386.14	545.22	2.3792	1.8718	3.2437	978.94	-0.020136	4.0712e-05	0.11058	supercritical
257.69	492.00	308.33	0.0032433	388.89	548.46	2.3918	1.8720	3.2438	975.95	-0.019804	4.0494e-05	0.11016	supercritical
258.69	492.00	307.37	0.0032534	391.64	551.70	2.4044	1.8723	3.2439	972.99	-0.019473	4.0278e-05	0.10975	supercritical
259.69	492.00	306.42	0.0032635	394.38	554.95	2.4169	1.8726	3.2440	970.06	-0.019141	4.0065e-05	0.10934	supercritical
260.69	492.00	305.46	0.0032737	397.13	558.19	2.4294	1.8729	3.2441	967.15	-0.018810	3.9855e-05	0.10894	supercritical
261.69	492.00	304.51	0.0032840	399.87	561.44	2.4418	1.8732	3.2442	964.27	-0.018479	3.9647e-05	0.10854	supercritical
262.69	492.00	303.56	0.0032942	402.60	564.68	2.4542	1.8736	3.2442	961.42	-0.018148	3.9442e-05	0.10814	supercritical
263.69	492.00	302.61	0.0033046	405.34	567.93	2.4665	1.8740	3.2443	958.60	-0.017818	3.9239e-05	0.10776	supercritical
264.69	492.00	301.67	0.0033149	408.08	571.17	2.4788	1.8744	3.2443	955.80	-0.017488	3.9039e-05	0.10737	supercritical
265.69	492.00	300.72	0.0033253	410.81	574.41	2.4910	1.8749	3.2444	953.04	-0.017158	3.8842e-05	0.10699	supercritical
266.69	492.00	299.78	0.0033358	413.54	577.66	2.5032	1.8754	3.2444	950.30	-0.016829	3.8647e-05	0.10662	supercritical
267.69	492.00	298.84	0.0033462	416.27	580.90	2.5153	1.8759	3.2444	947.58	-0.016501	3.8455e-05	0.10625	supercritical
268.69	492.00	297.91	0.0033568	418.99	584.15	2.5274	1.8764	3.2444	944.89	-0.016174	3.8264e-05	0.10588	supercritical
269.69	492.00	296.97	0.0033673	421.72	587.39	2.5395	1.8770	3.2444	942.23	-0.015847	3.8077e-05	0.10552	supercritical
270.69	492.00	296.04	0.0033779	424.44	590.64	2.5515	1.8776	3.2443	939.60	-0.015520	3.7891e-05	0.10517	supercritical
271.69	492.00	295.11	0.0033886	427.16	593.88	2.5635	1.8782	3.2443	937.00	-0.015195	3.7708e-05	0.10482	supercritical
272.69	492.00	294.18	0.0033992	429.88	597.12	2.5754	1.8789	3.2442	934.42	-0.014871	3.7528e-05	0.10447	supercritical
273.69	492.00	293.26	0.0034099	432.60	600.37	2.5873	1.8795	3.2441	931.86	-0.014547	3.7349e-05	0.10413	supercritical
274.69	492.00	292.34	0.0034207	435.31	603.61	2.5991	1.8802	3.2441	929.34	-0.014224	3.7173e-05	0.10379	supercritical
275.69	492.00	291.42	0.0034315	438.03	606.86	2.6109	1.8810	3.2440	926.84	-0.013903	3.6999e-05	0.10346	supercritical
276.69	492.00	290.50	0.0034423	440.74	610.10	2.6226	1.8817	3.2439	924.36	-0.013582	3.6827e-05	0.10313	supercritical
277.69	492.00	289.59	0.0034532	443.45	613.34	2.6343	1.8825	3.2438	921.92	-0.013263	3.6657e-05	0.10281	supercritical
278.69	492.00	288.68	0.0034641	446.15	616.59	2.6460	1.8833	3.2436	919.50	-0.012945	3.6490e-05	0.10249	supercritical
279.69	492.00	287.77	0.0034750	448.86	619.83	2.6576	1.8842	3.2435	917.10	-0.012628	3.6324e-05	0.10218	supercritical
280.69	492.00	286.86	0.0034860	451.56	623.08	2.6692	1.8850	3.2433	914.73	-0.012313	3.6161e-05	0.10187	supercritical
281.69	492.00	285.96	0.0034970	454.26	626.32	2.6807	1.8859	3.2432	912.39	-0.011999	3.5999e-05	0.10156	supercritical
282.69	492.00	285.06	0.0035081	456.96	629.56	2.6922	1.8868	3.2430	910.07	-0.011686	3.5840e-05	0.10126	supercritical
283.69	492.00	284.16	0.0035192	459.66	632.80	2.7037	1.8878	3.2428	907.78	-0.011375	3.5682e-05	0.10096	supercritical
284.69	492.00	283.26	0.0035303	462.36	636.05	2.7151	1.8887	3.2426	905.51	-0.011065	3.5527e-05	0.10067	supercritical
285.69	492.00	282.37	0.0035414	465.05	639.29	2.7264	1.8897	3.2424	903.27	-0.010757	3.5373e-05	0.10038	supercritical
286.69	492.00	281.48	0.0035526	467.74	642.53	2.7378	1.8907	3.2422	901.05	-0.010450	3.5222e-05	0.10010	supercritical
287.69	492.00	280.59	0.0035639	470.43	645.77	2.7490	1.8918	3.2420	898.86	-0.010145	3.5072e-05	0.099817	supercritical
288.69	492.00	279.71	0.0035751	473.12	649.02	2.7603	1.8928	3.2418	896.70	-0.0098416	3.4924e-05	0.099542	supercritical
289.69	492.00	278.83	0.0035864	475.81	652.26	2.7715	1.8939	3.2415	894.56	-0.0095400	3.4779e-05	0.099270	supercritical
290.69	492.00	277.95	0.0035978	478.49	655.50	2.7827	1.8950	3.2413	892.44	-0.0092403	3.4634e-05	0.099002	supercritical
291.69	492.00	277.08	0.0036091	481.17	658.74	2.7938	1.8962	3.2410	890.34	-0.0089424	3.4492e-05	0.098739	supercritical
292.69	492.00	276.20	0.0036205	483.85	661.98	2.8049	1.8974	3.2408	888.28	-0.0086463	3.4352e-05	0.098479	supercritical
293.69	492.00	275.33	0.0036319	486.53	665.22	2.8160	1.8985	3.2405	886.23	-0.0083522	3.4213e-05	0.098223	supercritical
294.69	492.00	274.47	0.0036434	489.21	668.46	2.8270	1.8998	3.2402	884.21	-0.0080600	3.4076e-05	0.097972	supercritical
295.69	492.00	273.61	0.0036549	491.88	671.70	2.8379	1.9010	3.2399	882.21	-0.0077699	3.3940e-05	0.097724	supercritical
296.69	492.00	272.75	0.0036664	494.55	674.94	2.8489	1.9022	3.2396	880.24	-0.0074817	3.3807e-05	0.097480	supercritical
297.69	492.00	271.89	0.0036780	497.23	678.18	2.8598	1.9035	3.2393	878.29	-0.0071957	3.3675e-05	0.097240	supercritical
298.69	492.00	271.03	0.0036896	499.89	681.42	2.8706	1.9048	3.2390	876.37	-0.0069118	3.3545e-05	0.097004	supercritical
299.69	492.00	270.18	0.0037012	502.56	684.66	2.8815	1.9062	3.2387	874.46	-0.0066300	3.3416e-05	0.096772	supercritical
300.69	492.00	269.34	0.0037128	505.23	687.90	2.8923	1.9075	3.2384	872.58	-0.0063504	3.3289e-05	0.096543	supercritical
301.69	492.00	268.49	0.0037245	507.89	691.14	2.9030	1.9089	3.2381	870.73	-0.0060731	3.3164e-05	0.096319	supercritical
302.69	492.00	267.65	0.0037362	510.55	694.37	2.9137	1.9103	3.2377	868.89	-0.0057980	3.3040e-05	0.096097	supercritical
303.69	492.00	266.81	0.0037480	513.21	697.61	2.9244	1.9117	3.2374	867.08	-0.0055252	3.2918e-05	0.095880	supercritical
304.69	492.00	265.98	0.0037597	515.87	700.85	2.9350	1.9132	3.2370	865.29	-0.0052548	3.2797e-05	0.095666	supercritical
305.69	492.00	265.15	0.0037715	518.53	704.09	2.9456	1.9146	3.2367	863.53	-0.0049867	3.2678e-05	0.095456	supercritical
306.69	492.00	264.32	0.0037833	521.18	707.32	2.9562	1.9161	3.2363	861.78	-0.0047210	3.2560e-05	0.095249	supercritical
307.69	492.00	263.49	0.0037952	523.84	710.56	2.9668	1.9176	3.2360	860.06	-0.0044578	3.2444e-05	0.095046	supercritical
308.69	492.00	262.67	0.0038071	526.49	713.79	2.9773	1.9192	3.2356	858.36	-0.0041970	3.2329e-05	0.094846	supercritical
309.69	492.00	261.85	0.0038190	529.14	717.03	2.9877	1.9207	3.2353	856.68	-0.0039386	3.2216e-05	0.094650	supercritical
310.69	492.00	261.03	0.0038309	531.78	720.27	2.9981	1.9223	3.2349	855.02	-0.0036828	3.2104e-05	0.094458	supercritical
311.69	492.00	260.22	0.0038429	534.43	723.50	3.0085	1.9239	3.2345	853.38	-0.0034295	3.1993e-05	0.094268	supercritical
312.69	492.00	259.41	0.0038549	537.08	726.73	3.0189	1.9255	3.2342	851.77	-0.0031788	3.1884e-05	0.094082	supercritical
313.69	492.00	258.61	0.0038669	539.72	729.97	3.0292	1.9271	3.2338	850.17	-0.0029307	3.1777e-05	0.093900	supercritical
314.69	492.00	257.80	0.0038789	542.36	733.20	3.0395	1.9288	3.2334	848.60	-0.0026851	3.1671e-05	0.093721	supercritical
315.69	492.00	257.01	0.0038910	545.00	736.43	3.0498	1.9305	3.2330	847.04	-0.0024422	3.1566e-05	0.093545	supercritical
316.69	492.00	256.21	0.0039031	547.64	739.67	3.0600	1.9322	3.2327	845.51	-0.0022020	3.1462e-05	0.093372	supercritical
317.69	492.00	255.42	0.0039152	550.27	742.90	3.0702	1.9339	3.2323	844.00	-0.0019644	3.1360e-05	0.093203	supercritical
318.69	492.00	254.63	0.0039273	552.91	746.13	3.0803	1.9356	3.2319	842.51	-0.0017295	3.1259e-05	0.093036	supercritical
319.69	492.00	253.84	0.0039395	555.54	749.36	3.0905	1.9374	3.2315	841.03	-0.0014973	3.1159e-05	0.092873	supercritical
320.69	492.00	253.06	0.0039516	558.17	752.60	3.1006	1.9392	3.2312	839.58	-0.0012678	3.1061e-05	0.092713	supercritical
321.69	492.00	252.28	0.0039639	560.80	755.83	3.1106	1.9410	3.2308	838.15	-0.0010411	3.0964e-05	0.092557	supercritical
322.69	492.00	251.50	0.0039761	563.43	759.06	3.1207	1.9428	3.2304	836.73	-0.00081707	3.0868e-05	0.092403	supercritical
323.69	492.00	250.73	0.0039883	566.06	762.29	3.1306	1.9447	3.2300	835.34	-0.00059586	3.0774e-05	0.092252	supercritical
324.69	492.00	249.96	0.0040006	568.69	765.52	3.1406	1.9465	3.2297	833.96	-0.00037742	3.0680e-05	0.092105	supercritical
325.69	492.00	249.20	0.0040129	571.31	768.75	3.1505	1.9484	3.2293	832.61	-0.00016177	3.0588e-05	0.091960	supercritical
326.69	492.00	248.43	0.0040252	573.94	771.98	3.1604	1.9503	3.2289	831.27	5.1068e-05	3.0497e-05	0.091818	supercritical
327.69	492.00	247.67	0.0040376	576.56	775.20	3.1703	1.9522	3.2286	829.95	0.00026110	3.0407e-05	0.091680	supercritical
328.69	492.00	246.92	0.0040499	579.18	778.43	3.1801	1.9542	3.2282	828.65	0.00046831	3.0319e-05	0.091544	supercritical
329.69	492.00	246.17	0.0040623	581.80	781.66	3.1900	1.9561	3.2279	827.36	0.00067268	3.0231e-05	0.091411	supercritical
330.69	492.00	245.42	0.0040747	584.41	784.89	3.1997	1.9581	3.2275	826.10	0.00087422	3.0145e-05	0.091281	supercritical
331.69	492.00	244.67	0.0040871	587.03	788.12	3.2095	1.9601	3.2272	824.85	0.0010729	3.0060e-05	0.091153	supercritical
332.69	492.00	243.93	0.0040995	589.65	791.34	3.2192	1.9621	3.2268	823.62	0.0012688	2.9975e-05	0.091029	supercritical
333.69	492.00	243.19	0.0041120	592.26	794.57	3.2289	1.9641	3.2265	822.41	0.0014618	2.9892e-05	0.090907	supercritical
334.69	492.00	242.46	0.0041245	594.87	797.80	3.2385	1.9662	3.2261	821.21	0.0016519	2.9810e-05	0.090788	supercritical
335.69	492.00	241.72	0.0041370	597.48	801.02	3.2481	1.9683	3.2258	820.04	0.0018392	2.9730e-05	0.090672	supercritical
336.69	492.00	241.00	0.0041495	600.09	804.25	3.2577	1.9703	3.2255	818.88	0.0020236	2.9650e-05	0.090559	supercritical
337.69	492.00	240.27	0.0041620	602.70	807.47	3.2673	1.9724	3.2252	817.73	0.0022051	2.9571e-05	0.090448	supercritical
338.69	492.00	239.55	0.0041745	605.31	810.70	3.2768	1.9746	3.2249	816.60	0.0023838	2.9493e-05	0.090339	supercritical
339.69	492.00	238.83	0.0041871	607.92	813.92	3.2863	1.9767	3.2246	815.49	0.0025596	2.9417e-05	0.090234	supercritical
340.69	492.00	238.11	0.0041997	610.52	817.15	3.2958	1.9788	3.2243	814.40	0.0027326	2.9341e-05	0.090131	supercritical
341.69	492.00	237.40	0.0042123	613.13	820.37	3.3053	1.9810	3.2240	813.32	0.0029027	2.9266e-05	0.090030	supercritical
342.69	492.00	236.69	0.0042249	615.73	823.59	3.3147	1.9832	3.2237	812.26	0.0030699	2.9193e-05	0.089932	supercritical
343.69	492.00	235.99	0.0042375	618.33	826.82	3.3241	1.9854	3.2235	811.21	0.0032343	2.9120e-05	0.089837	supercritical
344.69	492.00	235.29	0.0042501	620.93	830.04	3.3335	1.9876	3.2232	810.18	0.0033959	2.9048e-05	0.089744	supercritical
345.69	492.00	234.59	0.0042628	623.54	833.26	3.3428	1.9899	3.2229	809.17	0.0035546	2.8977e-05	0.089654	supercritical
346.69	492.00	233.89	0.0042755	626.13	836.49	3.3521	1.9921	3.2227	808.17	0.0037104	2.8907e-05	0.089566	supercritical
347.69	492.00	233.20	0.0042881	628.73	839.71	3.3614	1.9944	3.2225	807.18	0.0038634	2.8839e-05	0.089480	supercritical
348.69	492.00	232.51	0.0043008	631.33	842.93	3.3706	1.9967	3.2222	806.21	0.0040137	2.8771e-05	0.089397	supercritical
349.69	492.00	231.83	0.0043136	633.93	846.15	3.3799	1.9990	3.2220	805.26	0.0041610	2.8703e-05	0.089316	supercritical
350.69	492.00	231.15	0.0043263	636.52	849.38	3.3891	2.0013	3.2218	804.32	0.0043056	2.8637e-05	0.089238	supercritical
351.69	492.00	230.47	0.0043390	639.12	852.60	3.3982	2.0036	3.2216	803.40	0.0044474	2.8572e-05	0.089162	supercritical
352.69	492.00	229.79	0.0043518	641.71	855.82	3.4074	2.0060	3.2214	802.48	0.0045864	2.8508e-05	0.089088	supercritical
353.69	492.00	229.12	0.0043645	644.31	859.04	3.4165	2.0083	3.2213	801.59	0.0047226	2.8444e-05	0.089016	supercritical
354.69	492.00	228.45	0.0043773	646.90	862.26	3.4256	2.0107	3.2211	800.71	0.0048561	2.8381e-05	0.088947	supercritical
355.69	492.00	227.79	0.0043901	649.49	865.48	3.4347	2.0131	3.2210	799.84	0.0049868	2.8319e-05	0.088880	supercritical
356.69	492.00	227.12	0.0044029	652.08	868.70	3.4437	2.0155	3.2208	798.98	0.0051147	2.8258e-05	0.088815	supercritical
357.69	492.00	226.46	0.0044157	654.67	871.93	3.4527	2.0179	3.2207	798.14	0.0052399	2.8198e-05	0.088752	supercritical
358.69	492.00	225.81	0.0044285	657.26	875.15	3.4617	2.0204	3.2206	797.31	0.0053624	2.8139e-05	0.088692	supercritical
359.69	492.00	225.16	0.0044414	659.85	878.37	3.4707	2.0228	3.2205	796.50	0.0054822	2.8080e-05	0.088634	supercritical
360.69	492.00	224.51	0.0044542	662.44	881.59	3.4796	2.0253	3.2204	795.70	0.0055994	2.8023e-05	0.088577	supercritical
361.69	492.00	223.86	0.0044671	665.03	884.81	3.4885	2.0278	3.2203	794.91	0.0057138	2.7966e-05	0.088523	supercritical
362.69	492.00	223.22	0.0044799	667.61	888.03	3.4974	2.0303	3.2203	794.14	0.0058256	2.7910e-05	0.088471	supercritical
363.69	492.00	222.58	0.0044928	670.20	891.25	3.5063	2.0328	3.2202	793.38	0.0059347	2.7854e-05	0.088422	supercritical
364.69	492.00	221.94	0.0045057	672.79	894.47	3.5151	2.0353	3.2202	792.63	0.0060412	2.7799e-05	0.088374	supercritical
365.69	492.00	221.31	0.0045186	675.37	897.69	3.5240	2.0378	3.2201	791.89	0.0061451	2.7746e-05	0.088328	supercritical
366.69	492.00	220.68	0.0045315	677.96	900.91	3.5328	2.0404	3.2201	791.16	0.0062464	2.7692e-05	0.088284	supercritical
367.69	492.00	220.05	0.0045444	680.54	904.13	3.5415	2.0429	3.2201	790.45	0.0063451	2.7640e-05	0.088242	supercritical
368.69	492.00	219.43	0.0045573	683.13	907.35	3.5503	2.0455	3.2201	789.75	0.0064413	2.7588e-05	0.088202	supercritical
369.69	492.00	218.81	0.0045702	685.71	910.57	3.5590	2.0481	3.2202	789.06	0.0065349	2.7537e-05	0.088164	supercritical
370.69	492.00	218.19	0.0045832	688.30	913.79	3.5677	2.0507	3.2202	788.39	0.0066260	2.7487e-05	0.088128	supercritical
371.69	492.00	217.58	0.0045961	690.88	917.01	3.5764	2.0533	3.2203	787.72	0.0067146	2.7438e-05	0.088094	supercritical
372.69	492.00	216.96	0.0046091	693.46	920.23	3.5850	2.0559	3.2204	787.07	0.0068007	2.7389e-05	0.088062	supercritical
373.69	492.00	216.36	0.0046220	696.05	923.45	3.5936	2.0586	3.2204	786.43	0.0068843	2.7341e-05	0.088032	supercritical
374.69	492.00	215.75	0.0046350	698.63	926.67	3.6023	2.0612	3.2205	785.80	0.0069655	2.7293e-05	0.088004	supercritical
375.69	492.00	215.15	0.0046480	701.21	929.89	3.6108	2.0639	3.2207	785.18	0.0070443	2.7247e-05	0.087977	supercritical
376.69	492.00	214.55	0.0046609	703.79	933.11	3.6194	2.0666	3.2208	784.57	0.0071207	2.7200e-05	0.087952	supercritical
377.69	492.00	213.95	0.0046739	706.38	936.33	3.6279	2.0693	3.2209	783.97	0.0071946	2.7155e-05	0.087929	supercritical
378.69	492.00	213.36	0.0046869	708.96	939.55	3.6365	2.0720	3.2211	783.39	0.0072663	2.7110e-05	0.087908	supercritical
379.69	492.00	212.77	0.0046999	711.54	942.77	3.6449	2.0747	3.2213	782.81	0.0073355	2.7066e-05	0.087889	supercritical
380.69	492.00	212.18	0.0047129	714.12	946.00	3.6534	2.0774	3.2215	782.24	0.0074025	2.7022e-05	0.087871	supercritical
381.69	492.00	211.60	0.0047259	716.70	949.22	3.6619	2.0801	3.2217	781.69	0.0074671	2.6980e-05	0.087855	supercritical
382.69	492.00	211.02	0.0047389	719.28	952.44	3.6703	2.0829	3.2219	781.14	0.0075294	2.6937e-05	0.087841	supercritical
383.69	492.00	210.44	0.0047520	721.86	955.66	3.6787	2.0857	3.2222	780.61	0.0075895	2.6896e-05	0.087829	supercritical
384.69	492.00	209.86	0.0047650	724.45	958.88	3.6871	2.0884	3.2224	780.09	0.0076474	2.6854e-05	0.087818	supercritical
385.69	492.00	209.29	0.0047780	727.03	962.11	3.6955	2.0912	3.2227	779.57	0.0077030	2.6814e-05	0.087809	supercritical
386.69	492.00	208.72	0.0047911	729.61	965.33	3.7038	2.0940	3.2230	779.07	0.0077565	2.6774e-05	0.087802	supercritical
387.69	492.00	208.16	0.0048041	732.19	968.55	3.7121	2.0968	3.2233	778.57	0.0078077	2.6735e-05	0.087796	supercritical
388.69	492.00	207.59	0.0048171	734.77	971.78	3.7204	2.0996	3.2236	778.09	0.0078569	2.6696e-05	0.087792	supercritical
389.69	492.00	207.03	0.0048302	737.35	975.00	3.7287	2.1024	3.2239	777.61	0.0079038	2.6658e-05	0.087790	supercritical
390.69	492.00	206.47	0.0048432	739.94	978.22	3.7370	2.1053	3.2243	777.14	0.0079487	2.6620e-05	0.087789	supercritical
391.69	492.00	205.92	0.0048563	742.52	981.45	3.7452	2.1081	3.2247	776.69	0.0079915	2.6583e-05	0.087790	supercritical
392.69	492.00	205.37	0.0048693	745.10	984.67	3.7534	2.1110	3.2250	776.24	0.0080323	2.6547e-05	0.087792	supercritical
393.69	492.00	204.82	0.0048824	747.68	987.90	3.7617	2.1139	3.2254	775.80	0.0080710	2.6511e-05	0.087796	supercritical
394.69	492.00	204.27	0.0048955	750.27	991.12	3.7698	2.1167	3.2259	775.37	0.0081077	2.6476e-05	0.087801	supercritical
395.69	492.00	203.73	0.0049085	752.85	994.35	3.7780	2.1196	3.2263	774.95	0.0081424	2.6441e-05	0.087808	supercritical
396.69	492.00	203.19	0.0049216	755.43	997.58	3.7861	2.1225	3.2268	774.54	0.0081751	2.6406e-05	0.087817	supercritical
397.69	492.00	202.65	0.0049347	758.02	1000.8	3.7943	2.1254	3.2272	774.13	0.0082059	2.6373e-05	0.087827	supercritical
398.69	492.00	202.11	0.0049478	760.60	1004.0	3.8024	2.1283	3.2277	773.74	0.0082347	2.6339e-05	0.087838	supercritical
399.69	492.00	201.58	0.0049608	763.19	1007.3	3.8105	2.1313	3.2282	773.35	0.0082617	2.6307e-05	0.087851	supercritical
400.69	492.00	201.05	0.0049739	765.77	1010.5	3.8185	2.1342	3.2287	772.97	0.0082867	2.6274e-05	0.087866	supercritical
401.69	492.00	200.52	0.0049870	768.36	1013.7	3.8266	2.1371	3.2293	772.60	0.0083099	2.6242e-05	0.087881	supercritical
402.69	492.00	200.00	0.0050001	770.94	1016.9	3.8346	2.1401	3.2298	772.24	0.0083313	2.6211e-05	0.087899	supercritical
403.69	492.00	199.47	0.0050132	773.53	1020.2	3.8426	2.1431	3.2304	771.88	0.0083509	2.6180e-05	0.087918	supercritical
404.69	492.00	198.96	0.0050262	776.11	1023.4	3.8506	2.1460	3.2310	771.54	0.0083687	2.6150e-05	0.087938	supercritical
405.69	492.00	198.44	0.0050393	778.70	1026.6	3.8586	2.1490	3.2316	771.20	0.0083847	2.6120e-05	0.087959	supercritical
406.69	492.00	197.92	0.0050524	781.29	1029.9	3.8665	2.1520	3.2322	770.87	0.0083989	2.6091e-05	0.087982	supercritical
407.69	492.00	197.41	0.0050655	783.88	1033.1	3.8745	2.1550	3.2328	770.54	0.0084115	2.6062e-05	0.088007	supercritical
408.69	492.00	196.90	0.0050786	786.47	1036.3	3.8824	2.1580	3.2335	770.23	0.0084224	2.6034e-05	0.088033	supercritical
409.69	492.00	196.40	0.0050917	789.06	1039.6	3.8903	2.1610	3.2341	769.92	0.0084315	2.6006e-05	0.088060	supercritical
410.69	492.00	195.89	0.0051048	791.65	1042.8	3.8982	2.1641	3.2348	769.62	0.0084390	2.5978e-05	0.088088	supercritical
411.69	492.00	195.39	0.0051179	794.24	1046.0	3.9061	2.1671	3.2355	769.33	0.0084449	2.5951e-05	0.088118	supercritical
412.69	492.00	194.89	0.0051310	796.83	1049.3	3.9139	2.1701	3.2363	769.04	0.0084492	2.5924e-05	0.088149	supercritical
413.69	492.00	194.40	0.0051441	799.42	1052.5	3.9217	2.1732	3.2370	768.76	0.0084519	2.5898e-05	0.088181	supercritical
414.69	492.00	193.90	0.0051572	802.02	1055.7	3.9296	2.1762	3.2377	768.49	0.0084530	2.5872e-05	0.088215	supercritical
415.69	492.00	193.41	0.0051703	804.61	1059.0	3.9374	2.1793	3.2385	768.22	0.0084526	2.5847e-05	0.088250	supercritical
416.69	492.00	192.92	0.0051834	807.20	1062.2	3.9451	2.1824	3.2393	767.97	0.0084507	2.5822e-05	0.088287	supercritical
417.69	492.00	192.44	0.0051965	809.80	1065.5	3.9529	2.1854	3.2401	767.71	0.0084472	2.5797e-05	0.088324	supercritical
418.69	492.00	191.95	0.0052096	812.40	1068.7	3.9606	2.1885	3.2409	767.47	0.0084423	2.5773e-05	0.088363	supercritical
419.69	492.00	191.47	0.0052227	814.99	1071.9	3.9684	2.1916	3.2418	767.23	0.0084360	2.5750e-05	0.088403	supercritical
420.69	492.00	190.99	0.0052358	817.59	1075.2	3.9761	2.1947	3.2426	767.00	0.0084281	2.5726e-05	0.088444	supercritical
421.69	492.00	190.52	0.0052488	820.19	1078.4	3.9838	2.1978	3.2435	766.77	0.0084189	2.5703e-05	0.088487	supercritical
422.69	492.00	190.04	0.0052619	822.79	1081.7	3.9915	2.2010	3.2444	766.56	0.0084083	2.5681e-05	0.088531	supercritical
423.69	492.00	189.57	0.0052750	825.39	1084.9	3.9991	2.2041	3.2453	766.34	0.0083963	2.5659e-05	0.088576	supercritical
424.69	492.00	189.10	0.0052881	827.99	1088.2	4.0068	2.2072	3.2462	766.14	0.0083830	2.5637e-05	0.088622	supercritical
425.69	492.00	188.64	0.0053012	830.59	1091.4	4.0144	2.2104	3.2471	765.94	0.0083683	2.5616e-05	0.088669	supercritical
426.69	492.00	188.17	0.0053143	833.20	1094.7	4.0221	2.2135	3.2481	765.74	0.0083523	2.5595e-05	0.088718	supercritical
427.69	492.00	187.71	0.0053274	835.80	1097.9	4.0297	2.2167	3.2490	765.55	0.0083350	2.5574e-05	0.088767	supercritical
428.69	492.00	187.25	0.0053405	838.41	1101.2	4.0372	2.2198	3.2500	765.37	0.0083165	2.5554e-05	0.088818	supercritical
429.69	492.00	186.79	0.0053536	841.01	1104.4	4.0448	2.2230	3.2510	765.20	0.0082967	2.5534e-05	0.088870	supercritical
430.69	492.00	186.34	0.0053667	843.62	1107.7	4.0524	2.2261	3.2520	765.03	0.0082756	2.5514e-05	0.088923	supercritical
431.69	492.00	185.88	0.0053797	846.23	1110.9	4.0599	2.2293	3.2530	764.86	0.0082534	2.5495e-05	0.088977	supercritical
432.69	492.00	185.43	0.0053928	848.84	1114.2	4.0675	2.2325	3.2541	764.70	0.0082299	2.5476e-05	0.089033	supercritical
433.69	492.00	184.98	0.0054059	851.45	1117.4	4.0750	2.2357	3.2551	764.55	0.0082053	2.5458e-05	0.089089	supercritical
434.69	492.00	184.54	0.0054190	854.06	1120.7	4.0825	2.2389	3.2562	764.40	0.0081796	2.5440e-05	0.089147	supercritical
435.69	492.00	184.09	0.0054321	856.68	1123.9	4.0899	2.2421	3.2573	764.26	0.0081527	2.5422e-05	0.089206	supercritical
436.69	492.00	183.65	0.0054451	859.29	1127.2	4.0974	2.2453	3.2584	764.12	0.0081247	2.5404e-05	0.089265	supercritical
437.69	492.00	183.21	0.0054582	861.91	1130.5	4.1049	2.2485	3.2595	763.99	0.0080955	2.5387e-05	0.089326	supercritical
438.69	492.00	182.77	0.0054713	864.52	1133.7	4.1123	2.2517	3.2607	763.86	0.0080654	2.5370e-05	0.089388	supercritical
439.69	492.00	182.34	0.0054844	867.14	1137.0	4.1197	2.2550	3.2618	763.74	0.0080341	2.5354e-05	0.089451	supercritical
440.69	492.00	181.90	0.0054974	869.76	1140.2	4.1271	2.2582	3.2630	763.62	0.0080018	2.5338e-05	0.089515	supercritical
441.69	492.00	181.47	0.0055105	872.38	1143.5	4.1345	2.2614	3.2642	763.51	0.0079685	2.5322e-05	0.089580	supercritical
442.69	492.00	181.04	0.0055236	875.00	1146.8	4.1419	2.2647	3.2654	763.41	0.0079342	2.5306e-05	0.089646	supercritical
443.69	492.00	180.62	0.0055366	877.63	1150.0	4.1493	2.2679	3.2666	763.31	0.0078989	2.5291e-05	0.089713	supercritical
444.69	492.00	180.19	0.0055497	880.25	1153.3	4.1567	2.2712	3.2678	763.21	0.0078626	2.5276e-05	0.089782	supercritical
445.69	492.00	179.77	0.0055627	882.88	1156.6	4.1640	2.2744	3.2691	763.12	0.0078254	2.5261e-05	0.089851	supercritical
446.69	492.00	179.35	0.0055758	885.51	1159.8	4.1713	2.2777	3.2703	763.03	0.0077872	2.5247e-05	0.089921	supercritical
447.69	492.00	178.93	0.0055888	888.13	1163.1	4.1786	2.2810	3.2716	762.95	0.0077481	2.5233e-05	0.089992	supercritical
448.69	492.00	178.51	0.0056019	890.76	1166.4	4.1859	2.2843	3.2729	762.87	0.0077081	2.5219e-05	0.090064	supercritical
449.69	492.00	178.10	0.0056149	893.40	1169.7	4.1932	2.2875	3.2742	762.80	0.0076672	2.5206e-05	0.090137	supercritical
450.69	492.00	177.68	0.0056280	896.03	1172.9	4.2005	2.2908	3.2755	762.73	0.0076255	2.5193e-05	0.090211	supercritical
451.69	492.00	177.27	0.0056410	898.66	1176.2	4.2078	2.2941	3.2768	762.67	0.0075828	2.5180e-05	0.090286	supercritical
452.69	492.00	176.86	0.0056541	901.30	1179.5	4.2150	2.2974	3.2782	762.61	0.0075394	2.5167e-05	0.090362	supercritical
453.69	492.00	176.46	0.0056671	903.94	1182.8	4.2222	2.3007	3.2795	762.55	0.0074951	2.5155e-05	0.090439	supercritical
454.69	492.00	176.05	0.0056801	906.58	1186.0	4.2295	2.3040	3.2809	762.50	0.0074501	2.5143e-05	0.090517	supercritical
455.69	492.00	175.65	0.0056932	909.22	1189.3	4.2367	2.3073	3.2823	762.46	0.0074042	2.5131e-05	0.090596	supercritical
456.69	492.00	175.25	0.0057062	911.86	1192.6	4.2439	2.3106	3.2837	762.42	0.0073575	2.5120e-05	0.090676	supercritical
457.69	492.00	174.85	0.0057192	914.50	1195.9	4.2511	2.3139	3.2851	762.38	0.0073101	2.5108e-05	0.090757	supercritical
458.69	492.00	174.45	0.0057322	917.15	1199.2	4.2582	2.3173	3.2865	762.35	0.0072620	2.5097e-05	0.090838	supercritical
459.69	492.00	174.06	0.0057452	919.80	1202.5	4.2654	2.3206	3.2880	762.32	0.0072131	2.5087e-05	0.090921	supercritical
460.69	492.00	173.66	0.0057582	922.44	1205.7	4.2725	2.3239	3.2894	762.29	0.0071635	2.5076e-05	0.091004	supercritical
461.69	492.00	173.27	0.0057713	925.09	1209.0	4.2797	2.3272	3.2909	762.27	0.0071132	2.5066e-05	0.091088	supercritical
462.69	492.00	172.88	0.0057843	927.75	1212.3	4.2868	2.3306	3.2924	762.25	0.0070622	2.5056e-05	0.091174	supercritical
463.69	492.00	172.50	0.0057973	930.40	1215.6	4.2939	2.3339	3.2939	762.24	0.0070106	2.5046e-05	0.091260	supercritical
464.69	492.00	172.11	0.0058103	933.05	1218.9	4.3010	2.3373	3.2954	762.23	0.0069583	2.5037e-05	0.091347	supercritical
465.69	492.00	171.73	0.0058233	935.71	1222.2	4.3081	2.3406	3.2969	762.22	0.0069053	2.5028e-05	0.091435	supercritical
466.69	492.00	171.34	0.0058362	938.37	1225.5	4.3152	2.3440	3.2984	762.22	0.0068517	2.5019e-05	0.091523	supercritical
467.69	492.00	170.96	0.0058492	941.03	1228.8	4.3222	2.3473	3.3000	762.22	0.0067975	2.5010e-05	0.091613	supercritical
468.69	492.00	170.58	0.0058622	943.69	1232.1	4.3293	2.3507	3.3016	762.23	0.0067427	2.5002e-05	0.091703	supercritical
469.69	492.00	170.21	0.0058752	946.36	1235.4	4.3363	2.3540	3.3031	762.24	0.0066872	2.4993e-05	0.091794	supercritical
470.69	492.00	169.83	0.0058882	949.02	1238.7	4.3433	2.3574	3.3047	762.25	0.0066312	2.4985e-05	0.091886	supercritical
471.69	492.00	169.46	0.0059012	951.69	1242.0	4.3503	2.3608	3.3063	762.26	0.0065747	2.4978e-05	0.091979	supercritical
472.69	492.00	169.09	0.0059141	954.36	1245.3	4.3573	2.3642	3.3079	762.28	0.0065176	2.4970e-05	0.092073	supercritical
473.69	492.00	168.72	0.0059271	957.03	1248.6	4.3643	2.3675	3.3096	762.31	0.0064599	2.4963e-05	0.092167	supercritical
474.69	492.00	168.35	0.0059400	959.70	1252.0	4.3713	2.3709	3.3112	762.33	0.0064017	2.4956e-05	0.092263	supercritical
475.69	492.00	167.98	0.0059530	962.37	1255.3	4.3783	2.3743	3.3128	762.36	0.0063430	2.4949e-05	0.092359	supercritical
476.69	492.00	167.62	0.0059660	965.05	1258.6	4.3852	2.3777	3.3145	762.39	0.0062838	2.4942e-05	0.092456	supercritical
477.69	492.00	167.25	0.0059789	967.73	1261.9	4.3922	2.3811	3.3162	762.43	0.0062241	2.4936e-05	0.092554	supercritical
478.69	492.00	166.89	0.0059919	970.41	1265.2	4.3991	2.3845	3.3179	762.47	0.0061639	2.4929e-05	0.092652	supercritical
479.69	492.00	166.53	0.0060048	973.09	1268.5	4.4061	2.3879	3.3196	762.51	0.0061032	2.4923e-05	0.092751	supercritical
480.69	492.00	166.18	0.0060177	975.78	1271.8	4.4130	2.3913	3.3213	762.56	0.0060421	2.4917e-05	0.092852	supercritical
481.69	492.00	165.82	0.0060307	978.46	1275.2	4.4199	2.3947	3.3230	762.61	0.0059805	2.4912e-05	0.092952	supercritical
482.69	492.00	165.46	0.0060436	981.15	1278.5	4.4268	2.3981	3.3247	762.66	0.0059185	2.4906e-05	0.093054	supercritical
483.69	492.00	165.11	0.0060565	983.84	1281.8	4.4337	2.4015	3.3265	762.72	0.0058561	2.4901e-05	0.093156	supercritical
484.69	492.00	164.76	0.0060695	986.53	1285.1	4.4405	2.4049	3.3282	762.77	0.0057932	2.4896e-05	0.093260	supercritical
485.69	492.00	164.41	0.0060824	989.22	1288.5	4.4474	2.4083	3.3300	762.83	0.0057300	2.4891e-05	0.093363	supercritical
486.69	492.00	164.06	0.0060953	991.92	1291.8	4.4542	2.4117	3.3318	762.90	0.0056663	2.4887e-05	0.093468	supercritical
487.69	492.00	163.71	0.0061082	994.62	1295.1	4.4611	2.4151	3.3336	762.97	0.0056023	2.4882e-05	0.093573	supercritical
488.69	492.00	163.37	0.0061211	997.32	1298.5	4.4679	2.4185	3.3354	763.04	0.0055378	2.4878e-05	0.093679	supercritical
489.69	492.00	163.03	0.0061340	1000.0	1301.8	4.4747	2.4220	3.3372	763.11	0.0054731	2.4874e-05	0.093786	supercritical
490.69	492.00	162.68	0.0061469	1002.7	1305.1	4.4815	2.4254	3.3390	763.18	0.0054079	2.4870e-05	0.093894	supercritical
491.69	492.00	162.34	0.0061598	1005.4	1308.5	4.4883	2.4288	3.3408	763.26	0.0053424	2.4866e-05	0.094002	supercritical
492.69	492.00	162.00	0.0061727	1008.1	1311.8	4.4951	2.4323	3.3427	763.34	0.0052766	2.4863e-05	0.094111	supercritical
493.69	492.00	161.67	0.0061856	1010.8	1315.2	4.5019	2.4357	3.3445	763.43	0.0052105	2.4859e-05	0.094221	supercritical
494.69	492.00	161.33	0.0061984	1013.6	1318.5	4.5087	2.4391	3.3464	763.52	0.0051440	2.4856e-05	0.094331	supercritical
495.69	492.00	161.00	0.0062113	1016.3	1321.9	4.5154	2.4426	3.3483	763.60	0.0050772	2.4853e-05	0.094442	supercritical
496.69	492.00	160.66	0.0062242	1019.0	1325.2	4.5222	2.4460	3.3502	763.70	0.0050101	2.4850e-05	0.094554	supercritical
497.69	492.00	160.33	0.0062371	1021.7	1328.6	4.5289	2.4494	3.3521	763.79	0.0049428	2.4848e-05	0.094666	supercritical
498.69	492.00	160.00	0.0062499	1024.4	1331.9	4.5357	2.4529	3.3540	763.89	0.0048751	2.4845e-05	0.094780	supercritical
499.69	492.00	159.67	0.0062628	1027.1	1335.3	4.5424	2.4563	3.3559	763.99	0.0048072	2.4843e-05	0.094893	supercritical
500.69	492.00	159.35	0.0062756	1029.9	1338.6	4.5491	2.4598	3.3578	764.09	0.0047390	2.4841e-05	0.095008	supercritical
501.69	492.00	159.02	0.0062885	1032.6	1342.0	4.5558	2.4632	3.3598	764.19	0.0046705	2.4839e-05	0.095123	supercritical
502.69	492.00	158.70	0.0063013	1035.3	1345.4	4.5625	2.4667	3.3617	764.30	0.0046018	2.4837e-05	0.095239	supercritical
503.69	492.00	158.37	0.0063142	1038.1	1348.7	4.5692	2.4701	3.3637	764.41	0.0045329	2.4836e-05	0.095355	supercritical
504.69	492.00	158.05	0.0063270	1040.8	1352.1	4.5758	2.4736	3.3656	764.52	0.0044637	2.4834e-05	0.095473	supercritical
505.69	492.00	157.73	0.0063398	1043.5	1355.4	4.5825	2.4770	3.3676	764.64	0.0043943	2.4833e-05	0.095590	supercritical
506.69	492.00	157.41	0.0063527	1046.3	1358.8	4.5892	2.4805	3.3696	764.75	0.0043247	2.4832e-05	0.095709	supercritical
507.69	492.00	157.10	0.0063655	1049.0	1362.2	4.5958	2.4839	3.3716	764.87	0.0042549	2.4831e-05	0.095828	supercritical
508.69	492.00	156.78	0.0063783	1051.7	1365.6	4.6024	2.4874	3.3736	764.99	0.0041848	2.4830e-05	0.095948	supercritical
509.69	492.00	156.47	0.0063911	1054.5	1368.9	4.6091	2.4909	3.3756	765.12	0.0041146	2.4829e-05	0.096068	supercritical
510.69	492.00	156.15	0.0064039	1057.2	1372.3	4.6157	2.4943	3.3776	765.24	0.0040442	2.4829e-05	0.096189	supercritical
511.69	492.00	155.84	0.0064167	1060.0	1375.7	4.6223	2.4978	3.3797	765.37	0.0039736	2.4828e-05	0.096311	supercritical
512.69	492.00	155.53	0.0064295	1062.7	1379.1	4.6289	2.5013	3.3817	765.50	0.0039028	2.4828e-05	0.096433	supercritical
513.69	492.00	155.22	0.0064423	1065.5	1382.5	4.6355	2.5047	3.3838	765.63	0.0038319	2.4828e-05	0.096556	supercritical
514.69	492.00	154.92	0.0064551	1068.2	1385.8	4.6421	2.5082	3.3858	765.77	0.0037607	2.4828e-05	0.096679	supercritical
515.69	492.00	154.61	0.0064679	1071.0	1389.2	4.6486	2.5117	3.3879	765.91	0.0036895	2.4828e-05	0.096803	supercritical
516.69	492.00	154.30	0.0064807	1073.8	1392.6	4.6552	2.5151	3.3900	766.04	0.0036181	2.4829e-05	0.096928	supercritical
517.69	492.00	154.00	0.0064935	1076.5	1396.0	4.6618	2.5186	3.3921	766.19	0.0035465	2.4829e-05	0.097053	supercritical
518.69	492.00	153.70	0.0065062	1079.3	1399.4	4.6683	2.5221	3.3941	766.33	0.0034749	2.4830e-05	0.097179	supercritical
519.69	492.00	153.40	0.0065190	1082.1	1402.8	4.6749	2.5256	3.3963	766.47	0.0034030	2.4831e-05	0.097305	supercritical
520.69	492.00	153.10	0.0065318	1084.8	1406.2	4.6814	2.5290	3.3984	766.62	0.0033311	2.4832e-05	0.097432	supercritical
521.69	492.00	152.80	0.0065445	1087.6	1409.6	4.6879	2.5325	3.4005	766.77	0.0032591	2.4833e-05	0.097560	supercritical
522.69	492.00	152.50	0.0065573	1090.4	1413.0	4.6944	2.5360	3.4026	766.92	0.0031869	2.4834e-05	0.097688	supercritical
523.69	492.00	152.21	0.0065700	1093.1	1416.4	4.7009	2.5395	3.4047	767.07	0.0031146	2.4835e-05	0.097817	supercritical
524.69	492.00	151.91	0.0065828	1095.9	1419.8	4.7074	2.5429	3.4069	767.23	0.0030423	2.4837e-05	0.097946	supercritical
525.69	492.00	151.62	0.0065955	1098.7	1423.2	4.7139	2.5464	3.4090	767.38	0.0029698	2.4838e-05	0.098076	supercritical
526.69	492.00	151.33	0.0066083	1101.5	1426.6	4.7204	2.5499	3.4112	767.54	0.0028973	2.4840e-05	0.098207	supercritical
527.69	492.00	151.03	0.0066210	1104.3	1430.0	4.7269	2.5534	3.4134	767.70	0.0028246	2.4842e-05	0.098338	supercritical
528.69	492.00	150.75	0.0066337	1107.1	1433.4	4.7333	2.5569	3.4156	767.86	0.0027519	2.4844e-05	0.098469	supercritical
529.69	492.00	150.46	0.0066464	1109.9	1436.9	4.7398	2.5604	3.4177	768.03	0.0026792	2.4846e-05	0.098602	supercritical
530.69	492.00	150.17	0.0066592	1112.6	1440.3	4.7462	2.5638	3.4199	768.19	0.0026063	2.4848e-05	0.098734	supercritical
531.69	492.00	149.88	0.0066719	1115.4	1443.7	4.7527	2.5673	3.4221	768.36	0.0025334	2.4851e-05	0.098868	supercritical
532.69	492.00	149.60	0.0066846	1118.2	1447.1	4.7591	2.5708	3.4243	768.53	0.0024605	2.4853e-05	0.099001	supercritical
533.69	492.00	149.31	0.0066973	1121.0	1450.5	4.7655	2.5743	3.4265	768.70	0.0023874	2.4856e-05	0.099136	supercritical
534.69	492.00	149.03	0.0067100	1123.8	1454.0	4.7719	2.5778	3.4288	768.87	0.0023144	2.4858e-05	0.099271	supercritical
535.69	492.00	148.75	0.0067227	1126.6	1457.4	4.7784	2.5813	3.4310	769.04	0.0022413	2.4861e-05	0.099406	supercritical
536.69	492.00	148.47	0.0067354	1129.5	1460.8	4.7848	2.5848	3.4332	769.22	0.0021681	2.4864e-05	0.099542	supercritical
537.69	492.00	148.19	0.0067481	1132.3	1464.3	4.7911	2.5883	3.4355	769.40	0.0020950	2.4867e-05	0.099678	supercritical
538.69	492.00	147.91	0.0067607	1135.1	1467.7	4.7975	2.5917	3.4377	769.58	0.0020218	2.4870e-05	0.099815	supercritical
539.69	492.00	147.64	0.0067734	1137.9	1471.1	4.8039	2.5952	3.4400	769.76	0.0019485	2.4874e-05	0.099953	supercritical
540.69	492.00	147.36	0.0067861	1140.7	1474.6	4.8103	2.5987	3.4423	769.94	0.0018753	2.4877e-05	0.10009	supercritical
541.69	492.00	147.09	0.0067988	1143.5	1478.0	4.8166	2.6022	3.4445	770.12	0.0018020	2.4881e-05	0.10023	supercritical
542.69	492.00	146.81	0.0068114	1146.4	1481.5	4.8230	2.6057	3.4468	770.31	0.0017288	2.4884e-05	0.10037	supercritical
543.69	492.00	146.54	0.0068241	1149.2	1484.9	4.8293	2.6092	3.4491	770.50	0.0016555	2.4888e-05	0.10051	supercritical
544.69	492.00	146.27	0.0068367	1152.0	1488.4	4.8357	2.6127	3.4514	770.68	0.0015822	2.4892e-05	0.10065	supercritical
545.69	492.00	146.00	0.0068494	1154.8	1491.8	4.8420	2.6162	3.4537	770.87	0.0015089	2.4896e-05	0.10079	supercritical
546.69	492.00	145.73	0.0068620	1157.7	1495.3	4.8483	2.6197	3.4560	771.06	0.0014356	2.4900e-05	0.10093	supercritical
547.69	492.00	145.46	0.0068747	1160.5	1498.7	4.8547	2.6232	3.4583	771.26	0.0013624	2.4904e-05	0.10107	supercritical
548.69	492.00	145.19	0.0068873	1163.3	1502.2	4.8610	2.6267	3.4606	771.45	0.0012891	2.4908e-05	0.10121	supercritical
549.69	492.00	144.93	0.0068999	1166.2	1505.7	4.8673	2.6301	3.4629	771.65	0.0012159	2.4913e-05	0.10136	supercritical
550.69	492.00	144.66	0.0069126	1169.0	1509.1	4.8736	2.6336	3.4653	771.84	0.0011427	2.4917e-05	0.10150	supercritical
551.69	492.00	144.40	0.0069252	1171.9	1512.6	4.8799	2.6371	3.4676	772.04	0.0010695	2.4922e-05	0.10164	supercritical
552.69	492.00	144.14	0.0069378	1174.7	1516.1	4.8861	2.6406	3.4699	772.24	0.00099631	2.4926e-05	0.10179	supercritical
553.69	492.00	143.88	0.0069504	1177.6	1519.5	4.8924	2.6441	3.4723	772.44	0.00092318	2.4931e-05	0.10193	supercritical
554.69	492.00	143.62	0.0069630	1180.4	1523.0	4.8987	2.6476	3.4747	772.65	0.00085007	2.4936e-05	0.10208	supercritical
555.69	492.00	143.36	0.0069756	1183.3	1526.5	4.9049	2.6511	3.4770	772.85	0.00077701	2.4941e-05	0.10222	supercritical
556.69	492.00	143.10	0.0069882	1186.1	1530.0	4.9112	2.6546	3.4794	773.05	0.00070398	2.4946e-05	0.10237	supercritical
557.69	492.00	142.84	0.0070008	1189.0	1533.4	4.9174	2.6581	3.4818	773.26	0.00063100	2.4951e-05	0.10251	supercritical
558.69	492.00	142.58	0.0070134	1191.9	1536.9	4.9237	2.6616	3.4841	773.47	0.00055807	2.4957e-05	0.10266	supercritical
559.69	492.00	142.33	0.0070260	1194.7	1540.4	4.9299	2.6651	3.4865	773.68	0.00048518	2.4962e-05	0.10281	supercritical
560.69	492.00	142.07	0.0070386	1197.6	1543.9	4.9361	2.6686	3.4889	773.89	0.00041235	2.4967e-05	0.10295	supercritical
561.69	492.00	141.82	0.0070512	1200.5	1547.4	4.9424	2.6721	3.4913	774.10	0.00033957	2.4973e-05	0.10310	supercritical
562.69	492.00	141.57	0.0070637	1203.3	1550.9	4.9486	2.6756	3.4937	774.31	0.00026685	2.4979e-05	0.10325	supercritical
563.69	492.00	141.32	0.0070763	1206.2	1554.4	4.9548	2.6790	3.4961	774.53	0.00019420	2.4984e-05	0.10340	supercritical
564.69	492.00	141.07	0.0070889	1209.1	1557.9	4.9610	2.6825	3.4985	774.74	0.00012160	2.4990e-05	0.10355	supercritical
565.69	492.00	140.82	0.0071014	1212.0	1561.4	4.9672	2.6860	3.5009	774.96	4.9078e-05	2.4996e-05	0.10370	supercritical
566.69	492.00	140.57	0.0071140	1214.9	1564.9	4.9734	2.6895	3.5034	775.18	-2.3378e-05	2.5002e-05	0.10385	supercritical
567.69	492.00	140.32	0.0071265	1217.8	1568.4	4.9795	2.6930	3.5058	775.39	-9.5762e-05	2.5008e-05	0.10400	supercritical
568.69	492.00	140.07	0.0071391	1220.6	1571.9	4.9857	2.6965	3.5082	775.61	-0.00016807	2.5014e-05	0.10415	supercritical
569.69	492.00	139.83	0.0071516	1223.5	1575.4	4.9919	2.7000	3.5107	775.84	-0.00024030	2.5021e-05	0.10430	supercritical
570.69	492.00	139.58	0.0071641	1226.4	1578.9	4.9980	2.7035	3.5131	776.06	-0.00031246	2.5027e-05	0.10445	supercritical
571.69	492.00	139.34	0.0071767	1229.3	1582.4	5.0042	2.7070	3.5156	776.28	-0.00038453	2.5033e-05	0.10461	supercritical
572.69	492.00	139.10	0.0071892	1232.2	1585.9	5.0103	2.7105	3.5180	776.51	-0.00045651	2.5040e-05	0.10476	supercritical
573.69	492.00	138.86	0.0072017	1235.1	1589.5	5.0165	2.7139	3.5205	776.73	-0.00052841	2.5046e-05	0.10491	supercritical
574.69	492.00	138.61	0.0072142	1238.0	1593.0	5.0226	2.7174	3.5229	776.96	-0.00060022	2.5053e-05	0.10507	supercritical
575.69	492.00	138.37	0.0072268	1240.9	1596.5	5.0287	2.7209	3.5254	777.18	-0.00067194	2.5060e-05	0.10522	supercritical
576.69	492.00	138.14	0.0072393	1243.9	1600.0	5.0349	2.7244	3.5279	777.41	-0.00074356	2.5067e-05	0.10538	supercritical
577.69	492.00	137.90	0.0072518	1246.8	1603.6	5.0410	2.7279	3.5304	777.64	-0.00081509	2.5074e-05	0.10553	supercritical
578.69	492.00	137.66	0.0072643	1249.7	1607.1	5.0471	2.7314	3.5328	777.87	-0.00088652	2.5081e-05	0.10569	supercritical
579.69	492.00	137.42	0.0072768	1252.6	1610.6	5.0532	2.7349	3.5353	778.11	-0.00095785	2.5088e-05	0.10584	supercritical
580.69	492.00	137.19	0.0072893	1255.5	1614.2	5.0593	2.7384	3.5378	778.34	-0.0010291	2.5095e-05	0.10600	supercritical
581.69	492.00	136.95	0.0073017	1258.5	1617.7	5.0654	2.7418	3.5403	778.57	-0.0011002	2.5102e-05	0.10615	supercritical
582.69	492.00	136.72	0.0073142	1261.4	1621.2	5.0714	2.7453	3.5428	778.81	-0.0011712	2.5109e-05	0.10631	supercritical
583.69	492.00	136.49	0.0073267	1264.3	1624.8	5.0775	2.7488	3.5453	779.04	-0.0012421	2.5117e-05	0.10647	supercritical
584.69	492.00	136.25	0.0073392	1267.2	1628.3	5.0836	2.7523	3.5478	779.28	-0.0013129	2.5124e-05	0.10663	supercritical
585.69	492.00	136.02	0.0073517	1270.2	1631.9	5.0897	2.7558	3.5503	779.52	-0.0013836	2.5132e-05	0.10678	supercritical
586.69	492.00	135.79	0.0073641	1273.1	1635.4	5.0957	2.7593	3.5529	779.75	-0.0014542	2.5139e-05	0.10694	supercritical
587.69	492.00	135.56	0.0073766	1276.1	1639.0	5.1018	2.7627	3.5554	779.99	-0.0015247	2.5147e-05	0.10710	supercritical
588.69	492.00	135.34	0.0073890	1279.0	1642.5	5.1078	2.7662	3.5579	780.23	-0.0015950	2.5155e-05	0.10726	supercritical
589.69	492.00	135.11	0.0074015	1281.9	1646.1	5.1139	2.7697	3.5604	780.48	-0.0016652	2.5162e-05	0.10742	supercritical
590.69	492.00	134.88	0.0074139	1284.9	1649.7	5.1199	2.7732	3.5630	780.72	-0.0017354	2.5170e-05	0.10758	supercritical
591.69	492.00	134.65	0.0074264	1287.8	1653.2	5.1259	2.7766	3.5655	780.96	-0.0018053	2.5178e-05	0.10774	supercritical
592.69	492.00	134.43	0.0074388	1290.8	1656.8	5.1319	2.7801	3.5680	781.21	-0.0018752	2.5186e-05	0.10790	supercritical
593.69	492.00	134.21	0.0074513	1293.8	1660.4	5.1380	2.7836	3.5706	781.45	-0.0019449	2.5194e-05	0.10806	supercritical
594.69	492.00	133.98	0.0074637	1296.7	1663.9	5.1440	2.7871	3.5731	781.70	-0.0020146	2.5202e-05	0.10822	supercritical
595.69	492.00	133.76	0.0074761	1299.7	1667.5	5.1500	2.7905	3.5757	781.94	-0.0020841	2.5211e-05	0.10839	supercritical
596.69	492.00	133.54	0.0074885	1302.7	1671.1	5.1560	2.7940	3.5783	782.19	-0.0021534	2.5219e-05	0.10855	supercritical
597.69	492.00	133.32	0.0075010	1305.6	1674.7	5.1620	2.7975	3.5808	782.44	-0.0022226	2.5227e-05	0.10871	supercritical
598.69	492.00	133.10	0.0075134	1308.6	1678.2	5.1680	2.8010	3.5834	782.69	-0.0022917	2.5236e-05	0.10887	supercritical
599.69	492.00	132.88	0.0075258	1311.6	1681.8	5.1739	2.8044	3.5860	782.94	-0.0023607	2.5244e-05	0.10904	supercritical
600.69	492.00	132.66	0.0075382	1314.5	1685.4	5.1799	2.8079	3.5885	783.19	-0.0024295	2.5253e-05	0.10920	supercritical
601.69	492.00	132.44	0.0075506	1317.5	1689.0	5.1859	2.8114	3.5911	783.44	-0.0024982	2.5261e-05	0.10937	supercritical
602.69	492.00	132.22	0.0075630	1320.5	1692.6	5.1919	2.8148	3.5937	783.69	-0.0025668	2.5270e-05	0.10953	supercritical
603.69	492.00	132.01	0.0075754	1323.5	1696.2	5.1978	2.8183	3.5963	783.94	-0.0026352	2.5279e-05	0.10969	supercritical
604.69	492.00	131.79	0.0075878	1326.5	1699.8	5.2038	2.8218	3.5988	784.20	-0.0027035	2.5287e-05	0.10986	supercritical
605.69	492.00	131.58	0.0076002	1329.5	1703.4	5.2097	2.8252	3.6014	784.45	-0.0027716	2.5296e-05	0.11002	supercritical
606.69	492.00	131.36	0.0076125	1332.5	1707.0	5.2157	2.8287	3.6040	784.71	-0.0028396	2.5305e-05	0.11019	supercritical
607.69	492.00	131.15	0.0076249	1335.5	1710.6	5.2216	2.8322	3.6066	784.96	-0.0029075	2.5314e-05	0.11036	supercritical
608.69	492.00	130.94	0.0076373	1338.5	1714.2	5.2275	2.8356	3.6092	785.22	-0.0029752	2.5323e-05	0.11052	supercritical
609.69	492.00	130.72	0.0076497	1341.5	1717.8	5.2335	2.8391	3.6118	785.48	-0.0030428	2.5332e-05	0.11069	supercritical
610.69	492.00	130.51	0.0076620	1344.5	1721.4	5.2394	2.8425	3.6144	785.74	-0.0031102	2.5341e-05	0.11086	supercritical
611.69	492.00	130.30	0.0076744	1347.5	1725.1	5.2453	2.8460	3.6170	785.99	-0.0031775	2.5351e-05	0.11102	supercritical
612.69	492.00	130.09	0.0076867	1350.5	1728.7	5.2512	2.8495	3.6197	786.25	-0.0032446	2.5360e-05	0.11119	supercritical
613.69	492.00	129.89	0.0076991	1353.5	1732.3	5.2571	2.8529	3.6223	786.51	-0.0033116	2.5369e-05	0.11136	supercritical
614.69	492.00	129.68	0.0077114	1356.5	1735.9	5.2630	2.8564	3.6249	786.78	-0.0033785	2.5379e-05	0.11153	supercritical
615.69	492.00	129.47	0.0077238	1359.5	1739.5	5.2689	2.8598	3.6275	787.04	-0.0034451	2.5388e-05	0.11170	supercritical
616.69	492.00	129.26	0.0077361	1362.6	1743.2	5.2748	2.8633	3.6301	787.30	-0.0035117	2.5398e-05	0.11187	supercritical
617.69	492.00	129.06	0.0077485	1365.6	1746.8	5.2807	2.8667	3.6328	787.56	-0.0035781	2.5407e-05	0.11204	supercritical
618.69	492.00	128.85	0.0077608	1368.6	1750.4	5.2866	2.8702	3.6354	787.83	-0.0036443	2.5417e-05	0.11221	supercritical
619.69	492.00	128.65	0.0077731	1371.6	1754.1	5.2924	2.8736	3.6380	788.09	-0.0037104	2.5426e-05	0.11238	supercritical
620.69	492.00	128.44	0.0077854	1374.7	1757.7	5.2983	2.8771	3.6407	788.36	-0.0037763	2.5436e-05	0.11255	supercritical
621.69	492.00	128.24	0.0077978	1377.7	1761.4	5.3042	2.8805	3.6433	788.62	-0.0038421	2.5446e-05	0.11272	supercritical
622.69	492.00	128.04	0.0078101	1380.7	1765.0	5.3100	2.8840	3.6459	788.89	-0.0039077	2.5456e-05	0.11289	supercritical
623.69	492.00	127.84	0.0078224	1383.8	1768.6	5.3159	2.8874	3.6486	789.15	-0.0039732	2.5466e-05	0.11306	supercritical
624.69	492.00	127.64	0.0078347	1386.8	1772.3	5.3217	2.8908	3.6512	789.42	-0.0040385	2.5475e-05	0.11323	supercritical