Temperature (K)	Pressure (bar)	Density (kg/m3)	Volume (m3/kg)	Internal Energy (kJ/kg)	Enthalpy (kJ/kg)	Entropy (J/g*K)	Cv (J/g*K)	Cp (J/g*K)	Sound Spd. (m/s)	Joule-Thomson (K/bar)	Viscosity (Pa*s)	Therm. Cond. (W/m*K)	Phase
90.694	19.000	452.70	0.0022090	-72.947	-68.750	-0.72214	2.1725	3.3576	1551.3	-0.048506	0.00020083	0.21284	liquid
91.694	19.000	451.39	0.0022154	-69.600	-65.391	-0.68531	2.1660	3.3606	1542.4	-0.048303	0.00019466	0.21168	liquid
92.694	19.000	450.07	0.0022219	-66.250	-62.029	-0.64884	2.1598	3.3640	1533.5	-0.048090	0.00018890	0.21049	liquid
93.694	19.000	448.75	0.0022284	-62.897	-58.663	-0.61272	2.1537	3.3675	1524.5	-0.047870	0.00018349	0.20929	liquid
94.694	19.000	447.42	0.0022350	-59.540	-55.294	-0.57695	2.1478	3.3713	1515.4	-0.047640	0.00017840	0.20807	liquid
95.694	19.000	446.09	0.0022417	-56.179	-51.920	-0.54152	2.1421	3.3753	1506.3	-0.047402	0.00017359	0.20684	liquid
96.694	19.000	444.75	0.0022485	-52.815	-48.543	-0.50641	2.1364	3.3795	1497.2	-0.047156	0.00016903	0.20559	liquid
97.694	19.000	443.41	0.0022553	-49.446	-45.161	-0.47161	2.1309	3.3838	1488.0	-0.046902	0.00016470	0.20433	liquid
98.694	19.000	442.06	0.0022621	-46.073	-41.775	-0.43713	2.1255	3.3883	1478.7	-0.046639	0.00016058	0.20306	liquid
99.694	19.000	440.71	0.0022691	-42.696	-38.385	-0.40295	2.1202	3.3930	1469.5	-0.046367	0.00015665	0.20177	liquid
100.69	19.000	439.35	0.0022761	-39.314	-34.989	-0.36906	2.1149	3.3978	1460.1	-0.046087	0.00015289	0.20047	liquid
101.69	19.000	437.99	0.0022832	-35.927	-31.589	-0.33546	2.1098	3.4028	1450.8	-0.045799	0.00014929	0.19917	liquid
102.69	19.000	436.62	0.0022903	-32.535	-28.184	-0.30214	2.1047	3.4079	1441.3	-0.045501	0.00014583	0.19785	liquid
103.69	19.000	435.24	0.0022976	-29.138	-24.773	-0.26909	2.0997	3.4132	1431.9	-0.045194	0.00014250	0.19653	liquid
104.69	19.000	433.86	0.0023049	-25.737	-21.357	-0.23630	2.0947	3.4186	1422.4	-0.044878	0.00013930	0.19519	liquid
105.69	19.000	432.47	0.0023123	-22.329	-17.936	-0.20378	2.0898	3.4242	1412.9	-0.044553	0.00013621	0.19385	liquid
106.69	19.000	431.07	0.0023198	-18.916	-14.509	-0.17151	2.0849	3.4299	1403.3	-0.044218	0.00013323	0.19250	liquid
107.69	19.000	429.67	0.0023274	-15.498	-11.076	-0.13948	2.0801	3.4357	1393.7	-0.043872	0.00013035	0.19115	liquid
108.69	19.000	428.26	0.0023350	-12.074	-7.6373	-0.10770	2.0754	3.4418	1384.0	-0.043516	0.00012757	0.18978	liquid
109.69	19.000	426.84	0.0023428	-8.6437	-4.1924	-0.076151	2.0707	3.4480	1374.3	-0.043149	0.00012487	0.18841	liquid
110.69	19.000	425.42	0.0023506	-5.2075	-0.74130	-0.044832	2.0660	3.4543	1364.6	-0.042772	0.00012225	0.18704	liquid
111.69	19.000	423.99	0.0023586	-1.7650	2.7163	-0.013737	2.0614	3.4608	1354.9	-0.042382	0.00011971	0.18566	liquid
112.69	19.000	422.55	0.0023666	1.6839	6.1804	0.017140	2.0568	3.4675	1345.0	-0.041980	0.00011724	0.18427	liquid
113.69	19.000	421.10	0.0023747	5.1394	9.6514	0.047804	2.0522	3.4744	1335.2	-0.041566	0.00011485	0.18288	liquid
114.69	19.000	419.65	0.0023830	8.6017	13.129	0.078260	2.0477	3.4815	1325.3	-0.041139	0.00011252	0.18149	liquid
115.69	19.000	418.18	0.0023913	12.071	16.614	0.10851	2.0433	3.4888	1315.4	-0.040698	0.00011025	0.18009	liquid
116.69	19.000	416.71	0.0023997	15.547	20.107	0.13857	2.0388	3.4963	1305.4	-0.040243	0.00010804	0.17869	liquid
117.69	19.000	415.23	0.0024083	19.031	23.607	0.16844	2.0345	3.5040	1295.4	-0.039774	0.00010589	0.17729	liquid
118.69	19.000	413.74	0.0024170	22.523	27.115	0.19812	2.0301	3.5119	1285.4	-0.039289	0.00010380	0.17588	liquid
119.69	19.000	412.24	0.0024258	26.022	30.631	0.22762	2.0258	3.5201	1275.3	-0.038788	0.00010176	0.17447	liquid
120.69	19.000	410.73	0.0024347	29.529	34.155	0.25694	2.0215	3.5285	1265.1	-0.038271	9.9764e-05	0.17306	liquid
121.69	19.000	409.21	0.0024438	33.045	37.688	0.28609	2.0173	3.5372	1255.0	-0.037737	9.7820e-05	0.17164	liquid
122.69	19.000	407.67	0.0024529	36.569	41.230	0.31507	2.0131	3.5461	1244.7	-0.037184	9.5922e-05	0.17022	liquid
123.69	19.000	406.13	0.0024623	40.102	44.780	0.34389	2.0090	3.5554	1234.4	-0.036612	9.4069e-05	0.16880	liquid
124.69	19.000	404.58	0.0024717	43.644	48.340	0.37256	2.0049	3.5650	1224.1	-0.036021	9.2259e-05	0.16738	liquid
125.69	19.000	403.01	0.0024813	47.196	51.910	0.40107	2.0008	3.5748	1213.7	-0.035409	9.0490e-05	0.16596	liquid
126.69	19.000	401.44	0.0024910	50.757	55.490	0.42944	1.9968	3.5851	1203.3	-0.034776	8.8762e-05	0.16453	liquid
127.69	19.000	399.85	0.0025009	54.329	59.081	0.45767	1.9928	3.5956	1192.8	-0.034120	8.7071e-05	0.16311	liquid
128.69	19.000	398.25	0.0025110	57.911	62.682	0.48576	1.9889	3.6066	1182.3	-0.033440	8.5418e-05	0.16168	liquid
129.69	19.000	396.63	0.0025212	61.504	66.294	0.51372	1.9850	3.6179	1171.7	-0.032735	8.3801e-05	0.16025	liquid
130.69	19.000	395.00	0.0025316	65.108	69.918	0.54155	1.9812	3.6297	1161.0	-0.032004	8.2218e-05	0.15881	liquid
131.69	19.000	393.36	0.0025422	68.723	73.553	0.56927	1.9774	3.6419	1150.3	-0.031246	8.0670e-05	0.15738	liquid
132.69	19.000	391.70	0.0025530	72.351	77.202	0.59686	1.9737	3.6546	1139.5	-0.030459	7.9153e-05	0.15595	liquid
133.69	19.000	390.03	0.0025639	75.991	80.863	0.62435	1.9700	3.6678	1128.7	-0.029641	7.7668e-05	0.15451	liquid
134.69	19.000	388.34	0.0025750	79.645	84.537	0.65173	1.9664	3.6815	1117.7	-0.028792	7.6214e-05	0.15308	liquid
135.69	19.000	386.64	0.0025864	83.312	88.226	0.67902	1.9628	3.6957	1106.7	-0.027909	7.4789e-05	0.15164	liquid
136.69	19.000	384.92	0.0025980	86.993	91.929	0.70621	1.9593	3.7105	1095.7	-0.026991	7.3392e-05	0.15020	liquid
137.69	19.000	383.18	0.0026098	90.689	95.647	0.73331	1.9559	3.7260	1084.5	-0.026035	7.2023e-05	0.14876	liquid
138.69	19.000	381.42	0.0026218	94.400	99.381	0.76033	1.9525	3.7421	1073.3	-0.025039	7.0681e-05	0.14731	liquid
139.69	19.000	379.64	0.0026341	98.127	103.13	0.78727	1.9492	3.7589	1062.0	-0.024001	6.9365e-05	0.14587	liquid
140.69	19.000	377.85	0.0026466	101.87	106.90	0.81415	1.9459	3.7765	1050.6	-0.022920	6.8073e-05	0.14442	liquid
141.69	19.000	376.03	0.0026594	105.63	110.68	0.84096	1.9428	3.7949	1039.1	-0.021790	6.6806e-05	0.14297	liquid
142.69	19.000	374.19	0.0026725	109.41	114.49	0.86772	1.9397	3.8142	1027.5	-0.020611	6.5562e-05	0.14152	liquid
143.69	19.000	372.33	0.0026858	113.21	118.31	0.89442	1.9366	3.8343	1015.8	-0.019379	6.4341e-05	0.14007	liquid
144.69	19.000	370.44	0.0026995	117.03	122.16	0.92109	1.9337	3.8555	1004.0	-0.018090	6.3142e-05	0.13861	liquid
145.69	19.000	368.53	0.0027135	120.87	126.02	0.94772	1.9308	3.8777	992.09	-0.016740	6.1964e-05	0.13715	liquid
146.69	19.000	366.59	0.0027278	124.73	129.91	0.97432	1.9281	3.9011	980.06	-0.015326	6.0806e-05	0.13569	liquid
147.69	19.000	364.62	0.0027425	128.62	133.83	1.0009	1.9254	3.9257	967.90	-0.013843	5.9668e-05	0.13422	liquid
148.69	19.000	362.63	0.0027576	132.53	137.77	1.0275	1.9228	3.9517	955.62	-0.012285	5.8549e-05	0.13275	liquid
149.69	19.000	360.61	0.0027731	136.46	141.73	1.0541	1.9203	3.9791	943.20	-0.010647	5.7448e-05	0.13128	liquid
150.69	19.000	358.55	0.0027890	140.43	145.72	1.0806	1.9180	4.0081	930.63	-0.0089235	5.6365e-05	0.12980	liquid
151.69	19.000	356.46	0.0028054	144.42	149.75	1.1073	1.9157	4.0388	917.91	-0.0071071	5.5298e-05	0.12832	liquid
152.69	19.000	354.33	0.0028222	148.44	153.80	1.1339	1.9136	4.0714	905.02	-0.0051902	5.4248e-05	0.12683	liquid
153.69	19.000	352.16	0.0028396	152.50	157.89	1.1606	1.9116	4.1061	891.96	-0.0031644	5.3212e-05	0.12533	liquid
154.69	19.000	349.95	0.0028575	156.59	162.02	1.1873	1.9098	4.1431	878.71	-0.0010200	5.2191e-05	0.12382	liquid
155.69	19.000	347.70	0.0028760	160.71	166.18	1.2142	1.9081	4.1826	865.26	0.0012539	5.1184e-05	0.12231	liquid
156.69	19.000	345.41	0.0028951	164.88	170.38	1.2411	1.9066	4.2249	851.60	0.0036695	5.0190e-05	0.12079	liquid
157.69	19.000	343.06	0.0029150	169.09	174.63	1.2681	1.9053	4.2704	837.71	0.0062410	4.9207e-05	0.11926	liquid
158.69	19.000	340.66	0.0029355	173.35	178.92	1.2952	1.9041	4.3194	823.58	0.0089845	4.8236e-05	0.11772	liquid
159.69	19.000	338.20	0.0029569	177.65	183.27	1.3225	1.9032	4.3724	809.17	0.011919	4.7275e-05	0.11616	liquid
160.69	19.000	335.67	0.0029791	182.01	187.67	1.3500	1.9026	4.4300	794.48	0.015065	4.6324e-05	0.11459	liquid
161.69	19.000	333.08	0.0030023	186.43	192.13	1.3777	1.9022	4.4928	779.46	0.018450	4.5380e-05	0.11301	liquid
162.69	19.000	330.41	0.0030265	190.91	196.66	1.4056	1.9021	4.5615	764.09	0.022102	4.4444e-05	0.11141	liquid
163.69	19.000	327.66	0.0030519	195.46	201.26	1.4338	1.9024	4.6372	748.34	0.026058	4.3513e-05	0.10979	liquid
164.52	19.000	325.33	0.0030738	199.27	205.11	1.4572	1.9029	4.7058	735.02	0.029581	4.2749e-05	0.10843	liquid
164.52	19.000	30.808	0.032459	494.02	555.69	3.5882	1.8906	3.7862	280.60	1.5572	6.6143e-06	0.022828	vapor
164.69	19.000	30.716	0.032556	494.50	556.36	3.5922	1.8859	3.7630	281.08	1.5522	6.6238e-06	0.022810	vapor
165.69	19.000	30.212	0.033100	497.17	560.06	3.6146	1.8619	3.6429	283.76	1.5245	6.6771e-06	0.022721	vapor
166.69	19.000	29.738	0.033627	499.76	563.65	3.6362	1.8416	3.5406	286.32	1.4979	6.7278e-06	0.022652	vapor
167.69	19.000	29.291	0.034140	502.28	567.14	3.6572	1.8243	3.4523	288.77	1.4725	6.7764e-06	0.022600	vapor
168.69	19.000	28.868	0.034641	504.74	570.56	3.6774	1.8094	3.3751	291.14	1.4481	6.8234e-06	0.022562	vapor
169.69	19.000	28.465	0.035131	507.15	573.90	3.6972	1.7964	3.3069	293.42	1.4247	6.8691e-06	0.022537	vapor
170.69	19.000	28.082	0.035610	509.51	577.17	3.7164	1.7849	3.2462	295.63	1.4022	6.9136e-06	0.022523	vapor
171.69	19.000	27.715	0.036081	511.84	580.39	3.7352	1.7747	3.1916	297.78	1.3805	6.9573e-06	0.022520	vapor
172.69	19.000	27.364	0.036544	514.12	583.56	3.7536	1.7656	3.1422	299.88	1.3596	7.0001e-06	0.022525	vapor
173.69	19.000	27.027	0.037000	516.38	586.68	3.7716	1.7573	3.0972	301.92	1.3394	7.0423e-06	0.022539	vapor
174.69	19.000	26.704	0.037448	518.60	589.75	3.7893	1.7498	3.0560	303.91	1.3199	7.0839e-06	0.022560	vapor
175.69	19.000	26.392	0.037890	520.80	592.79	3.8066	1.7430	3.0181	305.86	1.3011	7.1250e-06	0.022588	vapor
176.69	19.000	26.092	0.038327	522.97	595.79	3.8237	1.7366	2.9830	307.77	1.2828	7.1656e-06	0.022622	vapor
177.69	19.000	25.802	0.038757	525.12	598.76	3.8404	1.7308	2.9505	309.64	1.2651	7.2059e-06	0.022662	vapor
178.69	19.000	25.521	0.039183	527.24	601.69	3.8569	1.7253	2.9202	311.48	1.2479	7.2458e-06	0.022708	vapor
179.69	19.000	25.250	0.039604	529.35	604.60	3.8731	1.7203	2.8919	313.28	1.2312	7.2853e-06	0.022758	vapor
180.69	19.000	24.987	0.040020	531.44	607.48	3.8891	1.7155	2.8654	315.05	1.2149	7.3246e-06	0.022814	vapor
181.69	19.000	24.733	0.040432	533.51	610.33	3.9048	1.7111	2.8405	316.79	1.1991	7.3636e-06	0.022874	vapor
182.69	19.000	24.486	0.040840	535.56	613.16	3.9203	1.7069	2.8171	318.51	1.1838	7.4024e-06	0.022939	vapor
183.69	19.000	24.246	0.041244	537.60	615.96	3.9356	1.7029	2.7950	320.19	1.1688	7.4409e-06	0.023009	vapor
184.69	19.000	24.012	0.041645	539.62	618.75	3.9508	1.6992	2.7740	321.86	1.1542	7.4792e-06	0.023083	vapor
185.69	19.000	23.786	0.042042	541.63	621.51	3.9657	1.6956	2.7543	323.50	1.1399	7.5174e-06	0.023162	vapor
186.69	19.000	23.565	0.042436	543.63	624.26	3.9804	1.6923	2.7355	325.11	1.1260	7.5553e-06	0.023247	vapor
187.69	19.000	23.350	0.042827	545.61	626.98	3.9950	1.6891	2.7177	326.70	1.1125	7.5931e-06	0.023338	vapor
188.69	19.000	23.140	0.043215	547.58	629.69	4.0094	1.6861	2.7008	328.28	1.0992	7.6307e-06	0.023438	vapor
189.69	19.000	22.936	0.043600	549.55	632.38	4.0236	1.6832	2.6846	329.83	1.0863	7.6682e-06	0.023554	vapor
190.69	19.000	22.737	0.043982	551.50	635.06	4.0377	1.6805	2.6693	331.36	1.0736	7.7055e-06	0.023664	vapor
191.69	19.000	22.542	0.044361	553.44	637.72	4.0516	1.6779	2.6546	332.87	1.0612	7.7427e-06	0.023632	vapor
192.69	19.000	22.352	0.044739	555.37	640.37	4.0654	1.6754	2.6407	334.37	1.0491	7.7797e-06	0.023660	vapor
193.69	19.000	22.166	0.045113	557.29	643.00	4.0790	1.6731	2.6273	335.85	1.0373	7.8167e-06	0.023706	vapor
194.69	19.000	21.985	0.045486	559.20	645.63	4.0925	1.6709	2.6145	337.31	1.0256	7.8535e-06	0.023763	vapor
195.69	19.000	21.807	0.045856	561.11	648.23	4.1059	1.6688	2.6023	338.75	1.0143	7.8902e-06	0.023826	vapor
196.69	19.000	21.634	0.046224	563.00	650.83	4.1191	1.6668	2.5906	340.18	1.0031	7.9268e-06	0.023894	vapor
197.69	19.000	21.464	0.046590	564.89	653.42	4.1322	1.6649	2.5794	341.60	0.99222	7.9633e-06	0.023966	vapor
198.69	19.000	21.297	0.046955	566.78	655.99	4.1452	1.6631	2.5687	343.00	0.98152	7.9997e-06	0.024041	vapor
199.69	19.000	21.134	0.047317	568.65	658.55	4.1581	1.6614	2.5584	344.38	0.97102	8.0360e-06	0.024119	vapor
200.69	19.000	20.974	0.047677	570.52	661.11	4.1708	1.6598	2.5485	345.76	0.96073	8.0722e-06	0.024199	vapor
201.69	19.000	20.818	0.048036	572.38	663.65	4.1835	1.6583	2.5390	347.12	0.95063	8.1083e-06	0.024282	vapor
202.69	19.000	20.664	0.048393	574.24	666.18	4.1960	1.6568	2.5299	348.46	0.94071	8.1444e-06	0.024366	vapor
203.69	19.000	20.514	0.048748	576.09	668.71	4.2085	1.6555	2.5212	349.79	0.93098	8.1803e-06	0.024452	vapor
204.69	19.000	20.366	0.049102	577.93	671.23	4.2208	1.6542	2.5127	351.11	0.92143	8.2162e-06	0.024539	vapor
205.69	19.000	20.221	0.049454	579.77	673.74	4.2330	1.6530	2.5047	352.42	0.91205	8.2520e-06	0.024628	vapor
206.69	19.000	20.078	0.049805	581.61	676.24	4.2451	1.6519	2.4969	353.72	0.90283	8.2878e-06	0.024718	vapor
207.69	19.000	19.938	0.050154	583.44	678.73	4.2572	1.6508	2.4894	355.00	0.89378	8.3234e-06	0.024809	vapor
208.69	19.000	19.801	0.050502	585.26	681.22	4.2691	1.6498	2.4822	356.28	0.88488	8.3590e-06	0.024901	vapor
209.69	19.000	19.666	0.050849	587.08	683.69	4.2810	1.6489	2.4753	357.54	0.87614	8.3945e-06	0.024994	vapor
210.69	19.000	19.533	0.051194	588.90	686.17	4.2927	1.6480	2.4686	358.80	0.86754	8.4300e-06	0.025089	vapor
211.69	19.000	19.403	0.051538	590.71	688.63	4.3044	1.6473	2.4622	360.04	0.85908	8.4654e-06	0.025184	vapor
212.69	19.000	19.275	0.051881	592.52	691.09	4.3160	1.6465	2.4560	361.27	0.85077	8.5007e-06	0.025280	vapor
213.69	19.000	19.149	0.052222	594.32	693.54	4.3275	1.6459	2.4501	362.49	0.84259	8.5360e-06	0.025376	vapor
214.69	19.000	19.025	0.052563	596.12	695.99	4.3389	1.6452	2.4443	363.71	0.83454	8.5712e-06	0.025474	vapor
215.69	19.000	18.903	0.052902	597.92	698.43	4.3503	1.6447	2.4388	364.91	0.82662	8.6063e-06	0.025572	vapor
216.69	19.000	18.783	0.053240	599.71	700.87	4.3615	1.6442	2.4335	366.11	0.81883	8.6414e-06	0.025671	vapor
217.69	19.000	18.665	0.053577	601.50	703.30	4.3727	1.6438	2.4284	367.29	0.81115	8.6764e-06	0.025770	vapor
218.69	19.000	18.548	0.053914	603.29	705.73	4.3838	1.6434	2.4234	368.47	0.80360	8.7114e-06	0.025870	vapor
219.69	19.000	18.434	0.054249	605.07	708.15	4.3949	1.6430	2.4187	369.64	0.79616	8.7463e-06	0.025971	vapor
220.69	19.000	18.321	0.054583	606.86	710.56	4.4059	1.6428	2.4141	370.80	0.78883	8.7812e-06	0.026073	vapor
221.69	19.000	18.210	0.054916	608.63	712.97	4.4168	1.6425	2.4097	371.95	0.78162	8.8160e-06	0.026174	vapor
222.69	19.000	18.100	0.055248	610.41	715.38	4.4276	1.6423	2.4055	373.09	0.77451	8.8507e-06	0.026277	vapor
223.69	19.000	17.992	0.055579	612.18	717.79	4.4384	1.6422	2.4014	374.23	0.76750	8.8855e-06	0.026380	vapor
224.69	19.000	17.886	0.055910	613.96	720.18	4.4491	1.6421	2.3974	375.36	0.76060	8.9201e-06	0.026484	vapor
225.69	19.000	17.781	0.056239	615.73	722.58	4.4597	1.6421	2.3936	376.48	0.75379	8.9547e-06	0.026588	vapor
226.69	19.000	17.678	0.056568	617.49	724.97	4.4703	1.6420	2.3900	377.59	0.74709	8.9893e-06	0.026692	vapor
227.69	19.000	17.576	0.056896	619.26	727.36	4.4808	1.6421	2.3865	378.70	0.74047	9.0238e-06	0.026797	vapor
228.69	19.000	17.475	0.057223	621.02	729.75	4.4912	1.6422	2.3831	379.79	0.73395	9.0582e-06	0.026903	vapor
229.69	19.000	17.376	0.057549	622.78	732.13	4.5016	1.6423	2.3799	380.88	0.72752	9.0926e-06	0.027009	vapor
230.69	19.000	17.279	0.057875	624.54	734.50	4.5120	1.6425	2.3767	381.97	0.72118	9.1270e-06	0.027116	vapor
231.69	19.000	17.182	0.058200	626.30	736.88	4.5222	1.6427	2.3737	383.05	0.71492	9.1613e-06	0.027223	vapor
232.69	19.000	17.087	0.058524	628.06	739.25	4.5324	1.6429	2.3709	384.12	0.70875	9.1956e-06	0.027330	vapor
233.69	19.000	16.993	0.058847	629.81	741.62	4.5426	1.6432	2.3681	385.18	0.70266	9.2298e-06	0.027438	vapor
234.69	19.000	16.901	0.059170	631.57	743.99	4.5527	1.6436	2.3654	386.24	0.69665	9.2639e-06	0.027546	vapor
235.69	19.000	16.809	0.059492	633.32	746.35	4.5628	1.6439	2.3629	387.29	0.69071	9.2981e-06	0.027655	vapor
236.69	19.000	16.719	0.059813	635.07	748.71	4.5728	1.6443	2.3605	388.33	0.68486	9.3321e-06	0.027764	vapor
237.69	19.000	16.630	0.060134	636.82	751.07	4.5827	1.6448	2.3581	389.37	0.67908	9.3662e-06	0.027874	vapor
238.69	19.000	16.542	0.060454	638.57	753.43	4.5926	1.6452	2.3559	390.40	0.67337	9.4002e-06	0.027984	vapor
239.69	19.000	16.455	0.060773	640.32	755.79	4.6025	1.6458	2.3538	391.43	0.66774	9.4341e-06	0.028094	vapor
240.69	19.000	16.369	0.061092	642.06	758.14	4.6122	1.6463	2.3517	392.45	0.66218	9.4680e-06	0.028205	vapor
241.69	19.000	16.284	0.061410	643.81	760.49	4.6220	1.6469	2.3498	393.46	0.65668	9.5019e-06	0.028316	vapor
242.69	19.000	16.200	0.061728	645.55	762.84	4.6317	1.6475	2.3479	394.47	0.65125	9.5357e-06	0.028428	vapor
243.69	19.000	16.117	0.062045	647.30	765.18	4.6413	1.6482	2.3461	395.47	0.64589	9.5695e-06	0.028540	vapor
244.69	19.000	16.036	0.062361	649.04	767.53	4.6509	1.6489	2.3445	396.47	0.64060	9.6032e-06	0.028652	vapor
245.69	19.000	15.955	0.062677	650.79	769.87	4.6605	1.6496	2.3429	397.46	0.63536	9.6369e-06	0.028765	vapor
246.69	19.000	15.875	0.062993	652.53	772.22	4.6700	1.6503	2.3413	398.45	0.63019	9.6705e-06	0.028878	vapor
247.69	19.000	15.796	0.063308	654.27	774.56	4.6795	1.6511	2.3399	399.43	0.62509	9.7041e-06	0.028992	vapor
248.69	19.000	15.718	0.063622	656.01	776.90	4.6889	1.6519	2.3385	400.40	0.62004	9.7377e-06	0.029106	vapor
249.69	19.000	15.641	0.063936	657.76	779.23	4.6983	1.6528	2.3373	401.37	0.61505	9.7712e-06	0.029220	vapor
250.69	19.000	15.564	0.064249	659.50	781.57	4.7076	1.6537	2.3360	402.34	0.61011	9.8046e-06	0.029335	vapor
251.69	19.000	15.489	0.064562	661.24	783.91	4.7169	1.6546	2.3349	403.29	0.60524	9.8381e-06	0.029450	vapor
252.69	19.000	15.414	0.064875	662.98	786.24	4.7262	1.6555	2.3339	404.25	0.60042	9.8715e-06	0.029565	vapor
253.69	19.000	15.341	0.065187	664.72	788.57	4.7354	1.6565	2.3329	405.20	0.59565	9.9048e-06	0.029681	vapor
254.69	19.000	15.268	0.065498	666.46	790.91	4.7446	1.6575	2.3319	406.14	0.59094	9.9381e-06	0.029797	vapor
255.69	19.000	15.195	0.065809	668.20	793.24	4.7537	1.6585	2.3311	407.08	0.58628	9.9714e-06	0.029914	vapor
256.69	19.000	15.124	0.066120	669.94	795.57	4.7628	1.6596	2.3303	408.02	0.58167	1.0005e-05	0.030031	vapor
257.69	19.000	15.053	0.066430	671.68	797.90	4.7719	1.6607	2.3296	408.95	0.57711	1.0038e-05	0.030149	vapor
258.69	19.000	14.984	0.066740	673.42	800.23	4.7809	1.6618	2.3289	409.87	0.57260	1.0071e-05	0.030266	vapor
259.69	19.000	14.914	0.067049	675.16	802.56	4.7899	1.6630	2.3283	410.80	0.56814	1.0104e-05	0.030384	vapor
260.69	19.000	14.846	0.067358	676.90	804.88	4.7988	1.6642	2.3278	411.71	0.56373	1.0137e-05	0.030503	vapor
261.69	19.000	14.778	0.067666	678.65	807.21	4.8077	1.6654	2.3273	412.62	0.55937	1.0170e-05	0.030622	vapor
262.69	19.000	14.711	0.067975	680.39	809.54	4.8166	1.6666	2.3269	413.53	0.55505	1.0203e-05	0.030741	vapor
263.69	19.000	14.645	0.068282	682.13	811.87	4.8255	1.6679	2.3265	414.43	0.55077	1.0236e-05	0.030861	vapor
264.69	19.000	14.579	0.068590	683.87	814.19	4.8343	1.6692	2.3262	415.33	0.54655	1.0269e-05	0.030981	vapor
265.69	19.000	14.514	0.068897	685.61	816.52	4.8430	1.6705	2.3260	416.23	0.54236	1.0302e-05	0.031101	vapor
266.69	19.000	14.450	0.069203	687.36	818.84	4.8518	1.6718	2.3258	417.12	0.53822	1.0335e-05	0.031222	vapor
267.69	19.000	14.387	0.069510	689.10	821.17	4.8605	1.6732	2.3256	418.00	0.53412	1.0367e-05	0.031343	vapor
268.69	19.000	14.323	0.069815	690.85	823.49	4.8691	1.6746	2.3256	418.89	0.53007	1.0400e-05	0.031464	vapor
269.69	19.000	14.261	0.070121	692.59	825.82	4.8778	1.6760	2.3255	419.76	0.52605	1.0433e-05	0.031586	vapor
270.69	19.000	14.199	0.070426	694.34	828.15	4.8864	1.6775	2.3255	420.64	0.52208	1.0465e-05	0.031709	vapor
271.69	19.000	14.138	0.070731	696.08	830.47	4.8950	1.6790	2.3256	421.51	0.51814	1.0498e-05	0.031831	vapor
272.69	19.000	14.077	0.071035	697.83	832.80	4.9035	1.6805	2.3257	422.37	0.51425	1.0531e-05	0.031954	vapor
273.69	19.000	14.017	0.071340	699.58	835.12	4.9120	1.6820	2.3259	423.23	0.51039	1.0563e-05	0.032078	vapor
274.69	19.000	13.958	0.071644	701.33	837.45	4.9205	1.6835	2.3261	424.09	0.50658	1.0596e-05	0.032201	vapor
275.69	19.000	13.899	0.071947	703.08	839.78	4.9290	1.6851	2.3264	424.95	0.50280	1.0628e-05	0.032325	vapor
276.69	19.000	13.841	0.072250	704.83	842.10	4.9374	1.6867	2.3267	425.80	0.49905	1.0661e-05	0.032450	vapor
277.69	19.000	13.783	0.072553	706.58	844.43	4.9458	1.6884	2.3271	426.64	0.49534	1.0693e-05	0.032575	vapor
278.69	19.000	13.726	0.072856	708.33	846.76	4.9541	1.6900	2.3275	427.49	0.49167	1.0725e-05	0.032700	vapor
279.69	19.000	13.669	0.073158	710.08	849.08	4.9625	1.6917	2.3279	428.33	0.48804	1.0758e-05	0.032826	vapor
280.69	19.000	13.613	0.073460	711.84	851.41	4.9708	1.6934	2.3284	429.16	0.48444	1.0790e-05	0.032952	vapor
281.69	19.000	13.557	0.073762	713.59	853.74	4.9791	1.6951	2.3289	429.99	0.48087	1.0822e-05	0.033078	vapor
282.69	19.000	13.502	0.074063	715.35	856.07	4.9873	1.6969	2.3295	430.82	0.47734	1.0854e-05	0.033205	vapor
283.69	19.000	13.447	0.074365	717.11	858.40	4.9955	1.6986	2.3301	431.65	0.47384	1.0887e-05	0.033332	vapor
284.69	19.000	13.393	0.074666	718.87	860.73	5.0037	1.7004	2.3308	432.47	0.47037	1.0919e-05	0.033460	vapor
285.69	19.000	13.339	0.074966	720.63	863.06	5.0119	1.7023	2.3315	433.29	0.46694	1.0951e-05	0.033587	vapor
286.69	19.000	13.286	0.075267	722.39	865.39	5.0201	1.7041	2.3322	434.10	0.46353	1.0983e-05	0.033716	vapor
287.69	19.000	13.233	0.075567	724.15	867.73	5.0282	1.7060	2.3330	434.91	0.46016	1.1015e-05	0.033844	vapor
288.69	19.000	13.181	0.075867	725.91	870.06	5.0363	1.7078	2.3338	435.72	0.45682	1.1047e-05	0.033973	vapor
289.69	19.000	13.129	0.076166	727.68	872.39	5.0444	1.7098	2.3347	436.52	0.45352	1.1079e-05	0.034103	vapor
290.69	19.000	13.078	0.076466	729.44	874.73	5.0524	1.7117	2.3356	437.33	0.45024	1.1111e-05	0.034233	vapor
291.69	19.000	13.027	0.076765	731.21	877.06	5.0604	1.7136	2.3365	438.12	0.44699	1.1142e-05	0.034363	vapor
292.69	19.000	12.976	0.077063	732.98	879.40	5.0684	1.7156	2.3375	438.92	0.44377	1.1174e-05	0.034493	vapor
293.69	19.000	12.926	0.077362	734.75	881.74	5.0764	1.7176	2.3385	439.71	0.44058	1.1206e-05	0.034624	vapor
294.69	19.000	12.877	0.077660	736.52	884.08	5.0844	1.7196	2.3396	440.50	0.43742	1.1238e-05	0.034756	vapor
295.69	19.000	12.827	0.077959	738.30	886.42	5.0923	1.7217	2.3406	441.28	0.43429	1.1269e-05	0.034887	vapor
296.69	19.000	12.778	0.078256	740.07	888.76	5.1002	1.7237	2.3417	442.07	0.43118	1.1301e-05	0.035019	vapor
297.69	19.000	12.730	0.078554	741.85	891.10	5.1081	1.7258	2.3429	442.85	0.42810	1.1333e-05	0.035152	vapor
298.69	19.000	12.682	0.078852	743.63	893.45	5.1159	1.7279	2.3441	443.62	0.42505	1.1364e-05	0.035285	vapor
299.69	19.000	12.634	0.079149	745.41	895.79	5.1238	1.7300	2.3453	444.40	0.42203	1.1396e-05	0.035418	vapor
300.69	19.000	12.587	0.079446	747.19	898.14	5.1316	1.7322	2.3465	445.17	0.41903	1.1427e-05	0.035551	vapor
301.69	19.000	12.540	0.079743	748.97	900.48	5.1394	1.7343	2.3478	445.93	0.41606	1.1459e-05	0.035685	vapor
302.69	19.000	12.494	0.080039	750.76	902.83	5.1471	1.7365	2.3492	446.70	0.41312	1.1490e-05	0.035820	vapor
303.69	19.000	12.448	0.080336	752.54	905.18	5.1549	1.7387	2.3505	447.46	0.41020	1.1522e-05	0.035955	vapor
304.69	19.000	12.402	0.080632	754.33	907.53	5.1626	1.7409	2.3519	448.22	0.40731	1.1553e-05	0.036090	vapor
305.69	19.000	12.357	0.080928	756.12	909.89	5.1703	1.7432	2.3533	448.97	0.40444	1.1585e-05	0.036225	vapor
306.69	19.000	12.312	0.081224	757.91	912.24	5.1780	1.7455	2.3547	449.73	0.40160	1.1616e-05	0.036361	vapor
307.69	19.000	12.267	0.081519	759.71	914.59	5.1857	1.7477	2.3562	450.48	0.39878	1.1647e-05	0.036497	vapor
308.69	19.000	12.223	0.081815	761.50	916.95	5.1933	1.7500	2.3577	451.23	0.39598	1.1678e-05	0.036634	vapor
309.69	19.000	12.179	0.082110	763.30	919.31	5.2010	1.7524	2.3592	451.97	0.39321	1.1710e-05	0.036771	vapor
310.69	19.000	12.135	0.082405	765.10	921.67	5.2086	1.7547	2.3608	452.71	0.39047	1.1741e-05	0.036908	vapor
311.69	19.000	12.092	0.082699	766.90	924.03	5.2162	1.7570	2.3624	453.45	0.38774	1.1772e-05	0.037046	vapor
312.69	19.000	12.049	0.082994	768.71	926.40	5.2237	1.7594	2.3640	454.19	0.38504	1.1803e-05	0.037184	vapor
313.69	19.000	12.006	0.083289	770.51	928.76	5.2313	1.7618	2.3657	454.92	0.38236	1.1834e-05	0.037323	vapor
314.69	19.000	11.964	0.083583	772.32	931.13	5.2388	1.7642	2.3673	455.66	0.37971	1.1865e-05	0.037462	vapor
315.69	19.000	11.922	0.083877	774.13	933.49	5.2463	1.7667	2.3690	456.39	0.37707	1.1896e-05	0.037601	vapor
316.69	19.000	11.881	0.084171	775.94	935.86	5.2538	1.7691	2.3708	457.11	0.37446	1.1927e-05	0.037741	vapor
317.69	19.000	11.839	0.084464	777.75	938.24	5.2613	1.7716	2.3725	457.84	0.37187	1.1958e-05	0.037881	vapor
318.69	19.000	11.798	0.084758	779.57	940.61	5.2688	1.7740	2.3743	458.56	0.36931	1.1989e-05	0.038021	vapor
319.69	19.000	11.758	0.085051	781.39	942.98	5.2762	1.7765	2.3761	459.28	0.36676	1.2019e-05	0.038162	vapor
320.69	19.000	11.717	0.085345	783.21	945.36	5.2836	1.7791	2.3780	460.00	0.36423	1.2050e-05	0.038303	vapor
321.69	19.000	11.677	0.085638	785.03	947.74	5.2910	1.7816	2.3798	460.71	0.36173	1.2081e-05	0.038445	vapor
322.69	19.000	11.637	0.085931	786.85	950.12	5.2984	1.7841	2.3817	461.42	0.35925	1.2112e-05	0.038587	vapor
323.69	19.000	11.598	0.086223	788.68	952.50	5.3058	1.7867	2.3836	462.13	0.35678	1.2142e-05	0.038729	vapor
324.69	19.000	11.559	0.086516	790.51	954.89	5.3131	1.7893	2.3856	462.84	0.35434	1.2173e-05	0.038872	vapor
325.69	19.000	11.520	0.086808	792.34	957.28	5.3205	1.7919	2.3875	463.55	0.35192	1.2204e-05	0.039015	vapor
326.69	19.000	11.481	0.087101	794.17	959.66	5.3278	1.7945	2.3895	464.25	0.34951	1.2234e-05	0.039159	vapor
327.69	19.000	11.443	0.087393	796.01	962.05	5.3351	1.7971	2.3915	464.95	0.34713	1.2265e-05	0.039302	vapor
328.69	19.000	11.405	0.087685	797.85	964.45	5.3424	1.7998	2.3936	465.65	0.34476	1.2295e-05	0.039447	vapor
329.69	19.000	11.367	0.087976	799.69	966.84	5.3497	1.8025	2.3956	466.34	0.34242	1.2326e-05	0.039591	vapor
330.69	19.000	11.329	0.088268	801.53	969.24	5.3569	1.8051	2.3977	467.04	0.34009	1.2356e-05	0.039736	vapor
331.69	19.000	11.292	0.088560	803.37	971.64	5.3642	1.8078	2.3998	467.73	0.33778	1.2387e-05	0.039882	vapor
332.69	19.000	11.255	0.088851	805.22	974.04	5.3714	1.8105	2.4019	468.42	0.33550	1.2417e-05	0.040027	vapor
333.69	19.000	11.218	0.089142	807.07	976.44	5.3786	1.8133	2.4041	469.11	0.33322	1.2448e-05	0.040173	vapor
334.69	19.000	11.182	0.089433	808.92	978.85	5.3858	1.8160	2.4063	469.79	0.33097	1.2478e-05	0.040320	vapor
335.69	19.000	11.145	0.089724	810.78	981.25	5.3930	1.8188	2.4084	470.48	0.32874	1.2508e-05	0.040467	vapor
336.69	19.000	11.109	0.090015	812.63	983.66	5.4002	1.8215	2.4107	471.16	0.32652	1.2538e-05	0.040614	vapor
337.69	19.000	11.074	0.090306	814.49	986.07	5.4073	1.8243	2.4129	471.84	0.32432	1.2569e-05	0.040762	vapor
338.69	19.000	11.038	0.090596	816.36	988.49	5.4145	1.8271	2.4152	472.51	0.32214	1.2599e-05	0.040910	vapor
339.69	19.000	11.003	0.090886	818.22	990.91	5.4216	1.8299	2.4174	473.19	0.31998	1.2629e-05	0.041058	vapor
340.69	19.000	10.968	0.091177	820.09	993.32	5.4287	1.8328	2.4197	473.86	0.31783	1.2659e-05	0.041207	vapor
341.69	19.000	10.933	0.091467	821.96	995.74	5.4358	1.8356	2.4220	474.53	0.31570	1.2689e-05	0.041356	vapor
342.69	19.000	10.898	0.091757	823.83	998.17	5.4429	1.8385	2.4244	475.20	0.31358	1.2719e-05	0.041505	vapor
343.69	19.000	10.864	0.092047	825.70	1000.6	5.4499	1.8413	2.4267	475.87	0.31149	1.2749e-05	0.041655	vapor
344.69	19.000	10.830	0.092336	827.58	1003.0	5.4570	1.8442	2.4291	476.53	0.30941	1.2779e-05	0.041805	vapor
345.69	19.000	10.796	0.092626	829.46	1005.5	5.4640	1.8471	2.4315	477.20	0.30734	1.2809e-05	0.041956	vapor
346.69	19.000	10.762	0.092916	831.34	1007.9	5.4711	1.8500	2.4339	477.86	0.30530	1.2839e-05	0.042107	vapor
347.69	19.000	10.729	0.093205	833.23	1010.3	5.4781	1.8529	2.4364	478.52	0.30326	1.2869e-05	0.042258	vapor
348.69	19.000	10.696	0.093494	835.12	1012.8	5.4851	1.8559	2.4388	479.18	0.30125	1.2899e-05	0.042409	vapor
349.69	19.000	10.663	0.093783	837.01	1015.2	5.4921	1.8588	2.4413	479.83	0.29925	1.2929e-05	0.042561	vapor
350.69	19.000	10.630	0.094072	838.90	1017.6	5.4990	1.8618	2.4438	480.49	0.29726	1.2958e-05	0.042714	vapor
351.69	19.000	10.598	0.094361	840.80	1020.1	5.5060	1.8647	2.4463	481.14	0.29529	1.2988e-05	0.042867	vapor
352.69	19.000	10.565	0.094650	842.70	1022.5	5.5129	1.8677	2.4488	481.79	0.29334	1.3018e-05	0.043020	vapor
353.69	19.000	10.533	0.094939	844.60	1025.0	5.5199	1.8707	2.4513	482.44	0.29140	1.3048e-05	0.043173	vapor
354.69	19.000	10.501	0.095227	846.50	1027.4	5.5268	1.8737	2.4539	483.08	0.28948	1.3077e-05	0.043327	vapor
355.69	19.000	10.469	0.095516	848.41	1029.9	5.5337	1.8768	2.4565	483.73	0.28757	1.3107e-05	0.043481	vapor
356.69	19.000	10.438	0.095804	850.32	1032.3	5.5406	1.8798	2.4591	484.37	0.28567	1.3137e-05	0.043636	vapor
357.69	19.000	10.407	0.096092	852.23	1034.8	5.5475	1.8828	2.4617	485.02	0.28379	1.3166e-05	0.043791	vapor
358.69	19.000	10.376	0.096380	854.15	1037.3	5.5544	1.8859	2.4643	485.66	0.28193	1.3196e-05	0.043946	vapor
359.69	19.000	10.345	0.096668	856.07	1039.7	5.5612	1.8890	2.4669	486.29	0.28007	1.3225e-05	0.044101	vapor
360.69	19.000	10.314	0.096956	857.99	1042.2	5.5681	1.8920	2.4696	486.93	0.27824	1.3255e-05	0.044257	vapor
361.69	19.000	10.283	0.097244	859.91	1044.7	5.5749	1.8951	2.4723	487.57	0.27641	1.3284e-05	0.044414	vapor
362.69	19.000	10.253	0.097532	861.84	1047.1	5.5818	1.8982	2.4749	488.20	0.27460	1.3313e-05	0.044570	vapor
363.69	19.000	10.223	0.097819	863.77	1049.6	5.5886	1.9014	2.4776	488.83	0.27281	1.3343e-05	0.044727	vapor
364.69	19.000	10.193	0.098107	865.70	1052.1	5.5954	1.9045	2.4804	489.46	0.27103	1.3372e-05	0.044885	vapor
365.69	19.000	10.163	0.098394	867.64	1054.6	5.6022	1.9076	2.4831	490.09	0.26926	1.3401e-05	0.045042	vapor
366.69	19.000	10.134	0.098682	869.58	1057.1	5.6090	1.9108	2.4858	490.72	0.26750	1.3431e-05	0.045200	vapor
367.69	19.000	10.104	0.098969	871.52	1059.6	5.6157	1.9139	2.4886	491.34	0.26576	1.3460e-05	0.045359	vapor
368.69	19.000	10.075	0.099256	873.46	1062.0	5.6225	1.9171	2.4914	491.97	0.26403	1.3489e-05	0.045518	vapor
369.69	19.000	10.046	0.099543	875.41	1064.5	5.6293	1.9203	2.4942	492.59	0.26232	1.3518e-05	0.045677	vapor
370.69	19.000	10.017	0.099830	877.36	1067.0	5.6360	1.9234	2.4970	493.21	0.26061	1.3547e-05	0.045836	vapor
371.69	19.000	9.9883	0.10012	879.31	1069.5	5.6427	1.9266	2.4998	493.83	0.25892	1.3577e-05	0.045996	vapor
372.69	19.000	9.9598	0.10040	881.27	1072.0	5.6494	1.9298	2.5026	494.45	0.25725	1.3606e-05	0.046156	vapor
373.69	19.000	9.9315	0.10069	883.23	1074.5	5.6562	1.9331	2.5055	495.06	0.25558	1.3635e-05	0.046317	vapor
374.69	19.000	9.9033	0.10098	885.19	1077.0	5.6629	1.9363	2.5083	495.68	0.25393	1.3664e-05	0.046477	vapor
375.69	19.000	9.8753	0.10126	887.16	1079.6	5.6695	1.9395	2.5112	496.29	0.25229	1.3693e-05	0.046638	vapor
376.69	19.000	9.8474	0.10155	889.13	1082.1	5.6762	1.9428	2.5141	496.90	0.25066	1.3722e-05	0.046800	vapor
377.69	19.000	9.8197	0.10184	891.10	1084.6	5.6829	1.9460	2.5170	497.51	0.24905	1.3751e-05	0.046962	vapor
378.69	19.000	9.7922	0.10212	893.07	1087.1	5.6896	1.9493	2.5199	498.12	0.24744	1.3779e-05	0.047124	vapor
379.69	19.000	9.7649	0.10241	895.05	1089.6	5.6962	1.9526	2.5228	498.73	0.24585	1.3808e-05	0.047286	vapor
380.69	19.000	9.7377	0.10269	897.03	1092.1	5.7028	1.9558	2.5258	499.34	0.24427	1.3837e-05	0.047449	vapor
381.69	19.000	9.7106	0.10298	899.01	1094.7	5.7095	1.9591	2.5287	499.94	0.24270	1.3866e-05	0.047612	vapor
382.69	19.000	9.6838	0.10327	901.00	1097.2	5.7161	1.9624	2.5317	500.54	0.24115	1.3895e-05	0.047776	vapor
383.69	19.000	9.6570	0.10355	902.99	1099.7	5.7227	1.9657	2.5347	501.15	0.23960	1.3923e-05	0.047940	vapor
384.69	19.000	9.6305	0.10384	904.99	1102.3	5.7293	1.9691	2.5376	501.75	0.23807	1.3952e-05	0.048104	vapor
385.69	19.000	9.6041	0.10412	906.98	1104.8	5.7359	1.9724	2.5406	502.35	0.23655	1.3981e-05	0.048268	vapor
386.69	19.000	9.5778	0.10441	908.98	1107.4	5.7425	1.9757	2.5436	502.94	0.23503	1.4010e-05	0.048433	vapor
387.69	19.000	9.5517	0.10469	910.98	1109.9	5.7491	1.9790	2.5467	503.54	0.23353	1.4038e-05	0.048598	vapor
388.69	19.000	9.5257	0.10498	912.99	1112.5	5.7556	1.9824	2.5497	504.14	0.23205	1.4067e-05	0.048764	vapor
389.69	19.000	9.4999	0.10526	915.00	1115.0	5.7622	1.9858	2.5527	504.73	0.23057	1.4095e-05	0.048930	vapor
390.69	19.000	9.4742	0.10555	917.01	1117.6	5.7687	1.9891	2.5558	505.32	0.22910	1.4124e-05	0.049096	vapor
391.69	19.000	9.4487	0.10583	919.03	1120.1	5.7753	1.9925	2.5589	505.92	0.22764	1.4152e-05	0.049262	vapor
392.69	19.000	9.4233	0.10612	921.05	1122.7	5.7818	1.9959	2.5619	506.51	0.22620	1.4181e-05	0.049429	vapor
393.69	19.000	9.3981	0.10640	923.07	1125.2	5.7883	1.9993	2.5650	507.09	0.22476	1.4209e-05	0.049596	vapor
394.69	19.000	9.3730	0.10669	925.09	1127.8	5.7948	2.0026	2.5681	507.68	0.22334	1.4238e-05	0.049764	vapor
395.69	19.000	9.3481	0.10697	927.12	1130.4	5.8013	2.0060	2.5712	508.27	0.22192	1.4266e-05	0.049931	vapor
396.69	19.000	9.3232	0.10726	929.15	1132.9	5.8078	2.0095	2.5743	508.86	0.22052	1.4294e-05	0.050099	vapor
397.69	19.000	9.2986	0.10754	931.19	1135.5	5.8143	2.0129	2.5774	509.44	0.21912	1.4323e-05	0.050268	vapor
398.69	19.000	9.2740	0.10783	933.23	1138.1	5.8208	2.0163	2.5806	510.02	0.21774	1.4351e-05	0.050436	vapor
399.69	19.000	9.2496	0.10811	935.27	1140.7	5.8272	2.0197	2.5837	510.60	0.21636	1.4379e-05	0.050605	vapor
400.69	19.000	9.2253	0.10840	937.31	1143.3	5.8337	2.0232	2.5869	511.19	0.21500	1.4408e-05	0.050775	vapor
401.69	19.000	9.2012	0.10868	939.36	1145.9	5.8402	2.0266	2.5900	511.76	0.21365	1.4436e-05	0.050944	vapor
402.69	19.000	9.1772	0.10897	941.41	1148.4	5.8466	2.0301	2.5932	512.34	0.21230	1.4464e-05	0.051114	vapor
403.69	19.000	9.1533	0.10925	943.47	1151.0	5.8530	2.0335	2.5964	512.92	0.21097	1.4492e-05	0.051284	vapor
404.69	19.000	9.1296	0.10953	945.53	1153.6	5.8595	2.0370	2.5996	513.50	0.20964	1.4520e-05	0.051455	vapor
405.69	19.000	9.1060	0.10982	947.59	1156.2	5.8659	2.0404	2.6028	514.07	0.20832	1.4548e-05	0.051626	vapor
406.69	19.000	9.0825	0.11010	949.65	1158.8	5.8723	2.0439	2.6060	514.65	0.20702	1.4576e-05	0.051797	vapor
407.69	19.000	9.0591	0.11039	951.72	1161.5	5.8787	2.0474	2.6092	515.22	0.20572	1.4605e-05	0.051968	vapor
408.69	19.000	9.0359	0.11067	953.79	1164.1	5.8851	2.0509	2.6124	515.79	0.20443	1.4633e-05	0.052140	vapor
409.69	19.000	9.0128	0.11095	955.87	1166.7	5.8915	2.0544	2.6157	516.36	0.20315	1.4661e-05	0.052312	vapor
410.69	19.000	8.9898	0.11124	957.95	1169.3	5.8979	2.0579	2.6189	516.93	0.20188	1.4688e-05	0.052484	vapor
411.69	19.000	8.9669	0.11152	960.03	1171.9	5.9042	2.0614	2.6221	517.50	0.20062	1.4716e-05	0.052657	vapor
412.69	19.000	8.9441	0.11180	962.11	1174.5	5.9106	2.0649	2.6254	518.07	0.19937	1.4744e-05	0.052830	vapor
413.69	19.000	8.9215	0.11209	964.20	1177.2	5.9170	2.0684	2.6287	518.63	0.19813	1.4772e-05	0.053003	vapor
414.69	19.000	8.8990	0.11237	966.29	1179.8	5.9233	2.0719	2.6319	519.20	0.19690	1.4800e-05	0.053177	vapor
415.69	19.000	8.8766	0.11266	968.39	1182.4	5.9296	2.0755	2.6352	519.76	0.19567	1.4828e-05	0.053351	vapor
416.69	19.000	8.8543	0.11294	970.48	1185.1	5.9360	2.0790	2.6385	520.32	0.19445	1.4856e-05	0.053525	vapor
417.69	19.000	8.8322	0.11322	972.59	1187.7	5.9423	2.0825	2.6418	520.89	0.19325	1.4883e-05	0.053699	vapor
418.69	19.000	8.8102	0.11351	974.69	1190.4	5.9486	2.0861	2.6451	521.45	0.19205	1.4911e-05	0.053874	vapor
419.69	19.000	8.7882	0.11379	976.80	1193.0	5.9549	2.0896	2.6484	522.01	0.19086	1.4939e-05	0.054049	vapor
420.69	19.000	8.7664	0.11407	978.91	1195.6	5.9613	2.0932	2.6517	522.57	0.18967	1.4966e-05	0.054224	vapor
421.69	19.000	8.7447	0.11435	981.03	1198.3	5.9676	2.0967	2.6550	523.12	0.18850	1.4994e-05	0.054400	vapor
422.69	19.000	8.7231	0.11464	983.15	1201.0	5.9738	2.1003	2.6584	523.68	0.18733	1.5022e-05	0.054576	vapor
423.69	19.000	8.7016	0.11492	985.27	1203.6	5.9801	2.1038	2.6617	524.24	0.18618	1.5049e-05	0.054752	vapor
424.69	19.000	8.6803	0.11520	987.40	1206.3	5.9864	2.1074	2.6651	524.79	0.18503	1.5077e-05	0.054928	vapor
425.69	19.000	8.6590	0.11549	989.52	1208.9	5.9927	2.1110	2.6684	525.35	0.18388	1.5104e-05	0.055105	vapor
426.69	19.000	8.6379	0.11577	991.66	1211.6	5.9989	2.1146	2.6718	525.90	0.18275	1.5132e-05	0.055282	vapor
427.69	19.000	8.6168	0.11605	993.79	1214.3	6.0052	2.1182	2.6751	526.45	0.18162	1.5159e-05	0.055459	vapor
428.69	19.000	8.5959	0.11633	995.93	1217.0	6.0115	2.1218	2.6785	527.00	0.18051	1.5187e-05	0.055637	vapor
429.69	19.000	8.5751	0.11662	998.08	1219.6	6.0177	2.1253	2.6819	527.55	0.17940	1.5214e-05	0.055815	vapor
430.69	19.000	8.5543	0.11690	1000.2	1222.3	6.0239	2.1289	2.6852	528.10	0.17829	1.5242e-05	0.055993	vapor
431.69	19.000	8.5337	0.11718	1002.4	1225.0	6.0302	2.1325	2.6886	528.65	0.17720	1.5269e-05	0.056171	vapor
432.69	19.000	8.5132	0.11746	1004.5	1227.7	6.0364	2.1361	2.6920	529.20	0.17611	1.5296e-05	0.056350	vapor
433.69	19.000	8.4928	0.11775	1006.7	1230.4	6.0426	2.1398	2.6954	529.75	0.17503	1.5324e-05	0.056529	vapor
434.69	19.000	8.4724	0.11803	1008.8	1233.1	6.0488	2.1434	2.6988	530.29	0.17396	1.5351e-05	0.056708	vapor
435.69	19.000	8.4522	0.11831	1011.0	1235.8	6.0550	2.1470	2.7022	530.84	0.17289	1.5378e-05	0.056888	vapor
436.69	19.000	8.4321	0.11859	1013.2	1238.5	6.0612	2.1506	2.7056	531.38	0.17184	1.5406e-05	0.057067	vapor
437.69	19.000	8.4121	0.11888	1015.3	1241.2	6.0674	2.1542	2.7091	531.92	0.17078	1.5433e-05	0.057247	vapor
438.69	19.000	8.3922	0.11916	1017.5	1243.9	6.0736	2.1579	2.7125	532.47	0.16974	1.5460e-05	0.057428	vapor
439.69	19.000	8.3724	0.11944	1019.7	1246.6	6.0798	2.1615	2.7159	533.01	0.16871	1.5487e-05	0.057608	vapor
440.69	19.000	8.3526	0.11972	1021.9	1249.4	6.0860	2.1651	2.7194	533.55	0.16768	1.5514e-05	0.057789	vapor
441.69	19.000	8.3330	0.12000	1024.1	1252.1	6.0921	2.1688	2.7228	534.09	0.16665	1.5541e-05	0.057970	vapor
442.69	19.000	8.3135	0.12029	1026.3	1254.8	6.0983	2.1724	2.7262	534.63	0.16564	1.5568e-05	0.058151	vapor
443.69	19.000	8.2940	0.12057	1028.4	1257.5	6.1044	2.1761	2.7297	535.16	0.16463	1.5596e-05	0.058333	vapor
444.69	19.000	8.2747	0.12085	1030.6	1260.3	6.1106	2.1797	2.7332	535.70	0.16363	1.5623e-05	0.058515	vapor
445.69	19.000	8.2554	0.12113	1032.8	1263.0	6.1167	2.1834	2.7366	536.24	0.16264	1.5650e-05	0.058697	vapor
446.69	19.000	8.2363	0.12141	1035.0	1265.7	6.1229	2.1870	2.7401	536.77	0.16165	1.5677e-05	0.058879	vapor
447.69	19.000	8.2172	0.12170	1037.3	1268.5	6.1290	2.1907	2.7435	537.31	0.16067	1.5704e-05	0.059062	vapor
448.69	19.000	8.1983	0.12198	1039.5	1271.2	6.1351	2.1943	2.7470	537.84	0.15969	1.5730e-05	0.059245	vapor
449.69	19.000	8.1794	0.12226	1041.7	1274.0	6.1413	2.1980	2.7505	538.37	0.15873	1.5757e-05	0.059428	vapor
450.69	19.000	8.1606	0.12254	1043.9	1276.7	6.1474	2.2017	2.7540	538.91	0.15776	1.5784e-05	0.059612	vapor
451.69	19.000	8.1419	0.12282	1046.1	1279.5	6.1535	2.2053	2.7575	539.44	0.15681	1.5811e-05	0.059795	vapor
452.69	19.000	8.1233	0.12310	1048.3	1282.2	6.1596	2.2090	2.7610	539.97	0.15586	1.5838e-05	0.059979	vapor
453.69	19.000	8.1047	0.12338	1050.6	1285.0	6.1657	2.2127	2.7645	540.50	0.15492	1.5865e-05	0.060163	vapor
454.69	19.000	8.0863	0.12367	1052.8	1287.8	6.1718	2.2163	2.7680	541.03	0.15399	1.5892e-05	0.060348	vapor
455.69	19.000	8.0679	0.12395	1055.0	1290.5	6.1778	2.2200	2.7715	541.55	0.15306	1.5918e-05	0.060532	vapor
456.69	19.000	8.0497	0.12423	1057.3	1293.3	6.1839	2.2237	2.7750	542.08	0.15213	1.5945e-05	0.060717	vapor
457.69	19.000	8.0315	0.12451	1059.5	1296.1	6.1900	2.2274	2.7785	542.61	0.15122	1.5972e-05	0.060903	vapor
458.69	19.000	8.0134	0.12479	1061.8	1298.9	6.1961	2.2311	2.7820	543.13	0.15031	1.5998e-05	0.061088	vapor
459.69	19.000	7.9954	0.12507	1064.0	1301.6	6.2021	2.2348	2.7855	543.66	0.14940	1.6025e-05	0.061274	vapor
460.69	19.000	7.9774	0.12535	1066.3	1304.4	6.2082	2.2385	2.7890	544.18	0.14850	1.6052e-05	0.061460	vapor
461.69	19.000	7.9596	0.12563	1068.5	1307.2	6.2142	2.2422	2.7926	544.71	0.14761	1.6078e-05	0.061646	vapor
462.69	19.000	7.9418	0.12592	1070.8	1310.0	6.2203	2.2458	2.7961	545.23	0.14672	1.6105e-05	0.061832	vapor
463.69	19.000	7.9241	0.12620	1073.0	1312.8	6.2263	2.2495	2.7996	545.75	0.14584	1.6131e-05	0.062019	vapor
464.69	19.000	7.9065	0.12648	1075.3	1315.6	6.2324	2.2532	2.8031	546.27	0.14497	1.6158e-05	0.062206	vapor
465.69	19.000	7.8890	0.12676	1077.6	1318.4	6.2384	2.2569	2.8067	546.79	0.14410	1.6184e-05	0.062393	vapor
466.69	19.000	7.8716	0.12704	1079.9	1321.2	6.2444	2.2606	2.8102	547.31	0.14324	1.6211e-05	0.062580	vapor
467.69	19.000	7.8542	0.12732	1082.1	1324.0	6.2504	2.2644	2.8138	547.83	0.14238	1.6237e-05	0.062768	vapor
468.69	19.000	7.8369	0.12760	1084.4	1326.9	6.2564	2.2681	2.8173	548.35	0.14153	1.6264e-05	0.062955	vapor
469.69	19.000	7.8197	0.12788	1086.7	1329.7	6.2625	2.2718	2.8209	548.87	0.14068	1.6290e-05	0.063143	vapor
470.69	19.000	7.8026	0.12816	1089.0	1332.5	6.2685	2.2755	2.8244	549.39	0.13984	1.6317e-05	0.063332	vapor
471.69	19.000	7.7856	0.12844	1091.3	1335.3	6.2745	2.2792	2.8280	549.90	0.13900	1.6343e-05	0.063520	vapor
472.69	19.000	7.7686	0.12872	1093.6	1338.2	6.2804	2.2829	2.8315	550.42	0.13817	1.6369e-05	0.063709	vapor
473.69	19.000	7.7517	0.12900	1095.9	1341.0	6.2864	2.2866	2.8351	550.93	0.13735	1.6396e-05	0.063898	vapor
474.69	19.000	7.7349	0.12928	1098.2	1343.8	6.2924	2.2903	2.8387	551.45	0.13653	1.6422e-05	0.064087	vapor
475.69	19.000	7.7181	0.12957	1100.5	1346.7	6.2984	2.2941	2.8422	551.96	0.13572	1.6448e-05	0.064277	vapor
476.69	19.000	7.7015	0.12985	1102.8	1349.5	6.3044	2.2978	2.8458	552.47	0.13491	1.6474e-05	0.064466	vapor
477.69	19.000	7.6849	0.13013	1105.1	1352.4	6.3103	2.3015	2.8494	552.99	0.13411	1.6501e-05	0.064656	vapor
478.69	19.000	7.6683	0.13041	1107.4	1355.2	6.3163	2.3052	2.8529	553.50	0.13331	1.6527e-05	0.064846	vapor
479.69	19.000	7.6519	0.13069	1109.8	1358.1	6.3223	2.3089	2.8565	554.01	0.13252	1.6553e-05	0.065037	vapor
480.69	19.000	7.6355	0.13097	1112.1	1360.9	6.3282	2.3127	2.8601	554.52	0.13173	1.6579e-05	0.065227	vapor
481.69	19.000	7.6192	0.13125	1114.4	1363.8	6.3342	2.3164	2.8637	555.03	0.13095	1.6605e-05	0.065418	vapor
482.69	19.000	7.6030	0.13153	1116.8	1366.7	6.3401	2.3201	2.8673	555.54	0.13017	1.6631e-05	0.065609	vapor
483.69	19.000	7.5868	0.13181	1119.1	1369.5	6.3460	2.3238	2.8708	556.05	0.12940	1.6657e-05	0.065800	vapor
484.69	19.000	7.5707	0.13209	1121.4	1372.4	6.3520	2.3276	2.8744	556.55	0.12863	1.6683e-05	0.065991	vapor
485.69	19.000	7.5547	0.13237	1123.8	1375.3	6.3579	2.3313	2.8780	557.06	0.12787	1.6709e-05	0.066183	vapor
486.69	19.000	7.5387	0.13265	1126.1	1378.2	6.3638	2.3350	2.8816	557.57	0.12711	1.6735e-05	0.066375	vapor
487.69	19.000	7.5229	0.13293	1128.5	1381.0	6.3697	2.3388	2.8852	558.07	0.12636	1.6761e-05	0.066567	vapor
488.69	19.000	7.5070	0.13321	1130.8	1383.9	6.3757	2.3425	2.8888	558.58	0.12561	1.6787e-05	0.066759	vapor
489.69	19.000	7.4913	0.13349	1133.2	1386.8	6.3816	2.3462	2.8924	559.08	0.12487	1.6813e-05	0.066952	vapor
490.69	19.000	7.4756	0.13377	1135.5	1389.7	6.3875	2.3500	2.8960	559.59	0.12413	1.6839e-05	0.067145	vapor
491.69	19.000	7.4600	0.13405	1137.9	1392.6	6.3934	2.3537	2.8996	560.09	0.12340	1.6865e-05	0.067338	vapor
492.69	19.000	7.4445	0.13433	1140.3	1395.5	6.3993	2.3574	2.9032	560.59	0.12267	1.6891e-05	0.067531	vapor
493.69	19.000	7.4290	0.13461	1142.7	1398.4	6.4051	2.3612	2.9068	561.09	0.12194	1.6917e-05	0.067724	vapor
494.69	19.000	7.4136	0.13489	1145.0	1401.3	6.4110	2.3649	2.9104	561.59	0.12122	1.6943e-05	0.067918	vapor
495.69	19.000	7.3982	0.13517	1147.4	1404.2	6.4169	2.3687	2.9140	562.10	0.12051	1.6968e-05	0.068111	vapor
496.69	19.000	7.3830	0.13545	1149.8	1407.1	6.4228	2.3724	2.9176	562.60	0.11980	1.6994e-05	0.068305	vapor
497.69	19.000	7.3677	0.13573	1152.2	1410.1	6.4287	2.3761	2.9212	563.09	0.11909	1.7020e-05	0.068500	vapor
498.69	19.000	7.3526	0.13601	1154.6	1413.0	6.4345	2.3799	2.9249	563.59	0.11839	1.7046e-05	0.068694	vapor
499.69	19.000	7.3375	0.13629	1157.0	1415.9	6.4404	2.3836	2.9285	564.09	0.11770	1.7071e-05	0.068889	vapor
500.69	19.000	7.3225	0.13657	1159.4	1418.8	6.4463	2.3873	2.9321	564.59	0.11700	1.7097e-05	0.069083	vapor
501.69	19.000	7.3075	0.13685	1161.8	1421.8	6.4521	2.3911	2.9357	565.09	0.11632	1.7123e-05	0.069278	vapor
502.69	19.000	7.2926	0.13713	1164.2	1424.7	6.4580	2.3948	2.9393	565.58	0.11563	1.7148e-05	0.069474	vapor
503.69	19.000	7.2778	0.13740	1166.6	1427.7	6.4638	2.3986	2.9429	566.08	0.11495	1.7174e-05	0.069669	vapor
504.69	19.000	7.2630	0.13768	1169.0	1430.6	6.4696	2.4023	2.9465	566.57	0.11428	1.7199e-05	0.069865	vapor
505.69	19.000	7.2483	0.13796	1171.4	1433.6	6.4755	2.4061	2.9502	567.07	0.11361	1.7225e-05	0.070060	vapor
506.69	19.000	7.2336	0.13824	1173.8	1436.5	6.4813	2.4098	2.9538	567.56	0.11294	1.7251e-05	0.070256	vapor
507.69	19.000	7.2191	0.13852	1176.3	1439.5	6.4871	2.4135	2.9574	568.06	0.11228	1.7276e-05	0.070453	vapor
508.69	19.000	7.2045	0.13880	1178.7	1442.4	6.4930	2.4173	2.9610	568.55	0.11162	1.7302e-05	0.070649	vapor
509.69	19.000	7.1901	0.13908	1181.1	1445.4	6.4988	2.4210	2.9647	569.04	0.11096	1.7327e-05	0.070846	vapor
510.69	19.000	7.1756	0.13936	1183.6	1448.3	6.5046	2.4248	2.9683	569.53	0.11031	1.7353e-05	0.071042	vapor
511.69	19.000	7.1613	0.13964	1186.0	1451.3	6.5104	2.4285	2.9719	570.03	0.10967	1.7378e-05	0.071239	vapor
512.69	19.000	7.1470	0.13992	1188.4	1454.3	6.5162	2.4322	2.9755	570.52	0.10903	1.7403e-05	0.071437	vapor
513.69	19.000	7.1328	0.14020	1190.9	1457.3	6.5220	2.4360	2.9792	571.01	0.10839	1.7429e-05	0.071634	vapor
514.69	19.000	7.1186	0.14048	1193.3	1460.3	6.5278	2.4397	2.9828	571.50	0.10775	1.7454e-05	0.071832	vapor
515.69	19.000	7.1045	0.14076	1195.8	1463.2	6.5336	2.4435	2.9864	571.99	0.10712	1.7479e-05	0.072029	vapor
516.69	19.000	7.0904	0.14104	1198.3	1466.2	6.5394	2.4472	2.9900	572.47	0.10650	1.7505e-05	0.072227	vapor
517.69	19.000	7.0764	0.14131	1200.7	1469.2	6.5452	2.4510	2.9937	572.96	0.10587	1.7530e-05	0.072425	vapor
518.69	19.000	7.0625	0.14159	1203.2	1472.2	6.5510	2.4547	2.9973	573.45	0.10526	1.7555e-05	0.072624	vapor
519.69	19.000	7.0486	0.14187	1205.7	1475.2	6.5567	2.4584	3.0009	573.94	0.10464	1.7581e-05	0.072822	vapor
520.69	19.000	7.0347	0.14215	1208.1	1478.2	6.5625	2.4622	3.0046	574.42	0.10403	1.7606e-05	0.073021	vapor
521.69	19.000	7.0210	0.14243	1210.6	1481.2	6.5683	2.4659	3.0082	574.91	0.10342	1.7631e-05	0.073220	vapor
522.69	19.000	7.0072	0.14271	1213.1	1484.2	6.5740	2.4697	3.0118	575.39	0.10282	1.7656e-05	0.073419	vapor
523.69	19.000	6.9936	0.14299	1215.6	1487.2	6.5798	2.4734	3.0155	575.88	0.10222	1.7682e-05	0.073618	vapor
524.69	19.000	6.9799	0.14327	1218.1	1490.3	6.5856	2.4771	3.0191	576.36	0.10162	1.7707e-05	0.073818	vapor
525.69	19.000	6.9664	0.14355	1220.5	1493.3	6.5913	2.4809	3.0227	576.85	0.10103	1.7732e-05	0.074017	vapor
526.69	19.000	6.9529	0.14383	1223.0	1496.3	6.5971	2.4846	3.0264	577.33	0.10044	1.7757e-05	0.074217	vapor
527.69	19.000	6.9394	0.14410	1225.5	1499.3	6.6028	2.4884	3.0300	577.81	0.099857	1.7782e-05	0.074417	vapor
528.69	19.000	6.9260	0.14438	1228.0	1502.4	6.6085	2.4921	3.0336	578.30	0.099275	1.7807e-05	0.074617	vapor
529.69	19.000	6.9127	0.14466	1230.5	1505.4	6.6143	2.4958	3.0373	578.78	0.098697	1.7832e-05	0.074817	vapor
530.69	19.000	6.8994	0.14494	1233.1	1508.4	6.6200	2.4996	3.0409	579.26	0.098122	1.7857e-05	0.075018	vapor
531.69	19.000	6.8861	0.14522	1235.6	1511.5	6.6257	2.5033	3.0445	579.74	0.097551	1.7882e-05	0.075219	vapor
532.69	19.000	6.8729	0.14550	1238.1	1514.5	6.6315	2.5070	3.0482	580.22	0.096983	1.7907e-05	0.075419	vapor
533.69	19.000	6.8598	0.14578	1240.6	1517.6	6.6372	2.5108	3.0518	580.70	0.096419	1.7932e-05	0.075620	vapor
534.69	19.000	6.8467	0.14606	1243.1	1520.6	6.6429	2.5145	3.0554	581.18	0.095858	1.7957e-05	0.075822	vapor
535.69	19.000	6.8337	0.14633	1245.7	1523.7	6.6486	2.5183	3.0591	581.66	0.095300	1.7982e-05	0.076023	vapor
536.69	19.000	6.8207	0.14661	1248.2	1526.8	6.6543	2.5220	3.0627	582.14	0.094746	1.8007e-05	0.076225	vapor
537.69	19.000	6.8078	0.14689	1250.7	1529.8	6.6600	2.5257	3.0664	582.61	0.094195	1.8032e-05	0.076426	vapor
538.69	19.000	6.7949	0.14717	1253.3	1532.9	6.6657	2.5295	3.0700	583.09	0.093648	1.8057e-05	0.076628	vapor
539.69	19.000	6.7820	0.14745	1255.8	1536.0	6.6714	2.5332	3.0736	583.57	0.093103	1.8081e-05	0.076830	vapor
540.69	19.000	6.7693	0.14773	1258.4	1539.0	6.6771	2.5369	3.0773	584.04	0.092562	1.8106e-05	0.077033	vapor
541.69	19.000	6.7565	0.14801	1260.9	1542.1	6.6828	2.5406	3.0809	584.52	0.092025	1.8131e-05	0.077235	vapor
542.69	19.000	6.7438	0.14828	1263.5	1545.2	6.6885	2.5444	3.0845	584.99	0.091490	1.8156e-05	0.077438	vapor
543.69	19.000	6.7312	0.14856	1266.0	1548.3	6.6942	2.5481	3.0882	585.47	0.090959	1.8181e-05	0.077640	vapor
544.69	19.000	6.7186	0.14884	1268.6	1551.4	6.6998	2.5518	3.0918	585.94	0.090430	1.8205e-05	0.077843	vapor
545.69	19.000	6.7061	0.14912	1271.1	1554.5	6.7055	2.5556	3.0954	586.42	0.089905	1.8230e-05	0.078046	vapor
546.69	19.000	6.6936	0.14940	1273.7	1557.6	6.7112	2.5593	3.0991	586.89	0.089383	1.8255e-05	0.078250	vapor
547.69	19.000	6.6811	0.14968	1276.3	1560.7	6.7169	2.5630	3.1027	587.36	0.088864	1.8279e-05	0.078453	vapor
548.69	19.000	6.6687	0.14995	1278.9	1563.8	6.7225	2.5667	3.1063	587.84	0.088349	1.8304e-05	0.078657	vapor
549.69	19.000	6.6564	0.15023	1281.4	1566.9	6.7282	2.5705	3.1100	588.31	0.087836	1.8329e-05	0.078860	vapor
550.69	19.000	6.6441	0.15051	1284.0	1570.0	6.7338	2.5742	3.1136	588.78	0.087326	1.8353e-05	0.079064	vapor
551.69	19.000	6.6318	0.15079	1286.6	1573.1	6.7395	2.5779	3.1172	589.25	0.086819	1.8378e-05	0.079268	vapor
552.69	19.000	6.6196	0.15107	1289.2	1576.2	6.7451	2.5816	3.1209	589.72	0.086316	1.8403e-05	0.079472	vapor
553.69	19.000	6.6074	0.15134	1291.8	1579.3	6.7508	2.5853	3.1245	590.19	0.085815	1.8427e-05	0.079677	vapor
554.69	19.000	6.5953	0.15162	1294.4	1582.5	6.7564	2.5891	3.1281	590.66	0.085317	1.8452e-05	0.079881	vapor
555.69	19.000	6.5832	0.15190	1297.0	1585.6	6.7621	2.5928	3.1317	591.13	0.084822	1.8476e-05	0.080086	vapor
556.69	19.000	6.5712	0.15218	1299.6	1588.7	6.7677	2.5965	3.1354	591.60	0.084330	1.8501e-05	0.080291	vapor
557.69	19.000	6.5592	0.15246	1302.2	1591.9	6.7733	2.6002	3.1390	592.07	0.083841	1.8525e-05	0.080496	vapor
558.69	19.000	6.5473	0.15274	1304.8	1595.0	6.7789	2.6039	3.1426	592.54	0.083354	1.8550e-05	0.080701	vapor
559.69	19.000	6.5354	0.15301	1307.4	1598.2	6.7846	2.6076	3.1463	593.00	0.082871	1.8574e-05	0.080906	vapor
560.69	19.000	6.5235	0.15329	1310.0	1601.3	6.7902	2.6113	3.1499	593.47	0.082390	1.8599e-05	0.081112	vapor
561.69	19.000	6.5117	0.15357	1312.7	1604.5	6.7958	2.6150	3.1535	593.94	0.081913	1.8623e-05	0.081318	vapor
562.69	19.000	6.4999	0.15385	1315.3	1607.6	6.8014	2.6188	3.1571	594.40	0.081437	1.8647e-05	0.081523	vapor
563.69	19.000	6.4882	0.15413	1317.9	1610.8	6.8070	2.6225	3.1608	594.87	0.080965	1.8672e-05	0.081729	vapor
564.69	19.000	6.4765	0.15440	1320.6	1613.9	6.8126	2.6262	3.1644	595.33	0.080496	1.8696e-05	0.081935	vapor
565.69	19.000	6.4649	0.15468	1323.2	1617.1	6.8182	2.6299	3.1680	595.80	0.080029	1.8720e-05	0.082142	vapor
566.69	19.000	6.4533	0.15496	1325.8	1620.3	6.8238	2.6336	3.1716	596.26	0.079565	1.8745e-05	0.082348	vapor
567.69	19.000	6.4418	0.15524	1328.5	1623.4	6.8294	2.6373	3.1753	596.73	0.079103	1.8769e-05	0.082555	vapor
568.69	19.000	6.4302	0.15552	1331.1	1626.6	6.8350	2.6410	3.1789	597.19	0.078644	1.8793e-05	0.082761	vapor
569.69	19.000	6.4188	0.15579	1333.8	1629.8	6.8406	2.6447	3.1825	597.65	0.078188	1.8818e-05	0.082968	vapor
570.69	19.000	6.4073	0.15607	1336.4	1633.0	6.8462	2.6484	3.1861	598.12	0.077734	1.8842e-05	0.083175	vapor
571.69	19.000	6.3960	0.15635	1339.1	1636.2	6.8518	2.6521	3.1897	598.58	0.077283	1.8866e-05	0.083382	vapor
572.69	19.000	6.3846	0.15663	1341.8	1639.4	6.8574	2.6558	3.1933	599.04	0.076835	1.8890e-05	0.083590	vapor
573.69	19.000	6.3733	0.15690	1344.4	1642.6	6.8629	2.6595	3.1970	599.50	0.076389	1.8914e-05	0.083797	vapor
574.69	19.000	6.3621	0.15718	1347.1	1645.8	6.8685	2.6632	3.2006	599.96	0.075946	1.8939e-05	0.084005	vapor
575.69	19.000	6.3508	0.15746	1349.8	1649.0	6.8741	2.6669	3.2042	600.42	0.075505	1.8963e-05	0.084212	vapor
576.69	19.000	6.3397	0.15774	1352.5	1652.2	6.8796	2.6705	3.2078	600.88	0.075067	1.8987e-05	0.084420	vapor
577.69	19.000	6.3285	0.15802	1355.1	1655.4	6.8852	2.6742	3.2114	601.34	0.074631	1.9011e-05	0.084628	vapor
578.69	19.000	6.3174	0.15829	1357.8	1658.6	6.8907	2.6779	3.2150	601.80	0.074198	1.9035e-05	0.084837	vapor
579.69	19.000	6.3063	0.15857	1360.5	1661.8	6.8963	2.6816	3.2186	602.26	0.073767	1.9059e-05	0.085045	vapor
580.69	19.000	6.2953	0.15885	1363.2	1665.0	6.9019	2.6853	3.2223	602.72	0.073339	1.9083e-05	0.085253	vapor
581.69	19.000	6.2843	0.15913	1365.9	1668.2	6.9074	2.6890	3.2259	603.18	0.072913	1.9107e-05	0.085462	vapor
582.69	19.000	6.2734	0.15940	1368.6	1671.5	6.9129	2.6927	3.2295	603.63	0.072489	1.9131e-05	0.085671	vapor
583.69	19.000	6.2625	0.15968	1371.3	1674.7	6.9185	2.6963	3.2331	604.09	0.072068	1.9155e-05	0.085880	vapor
584.69	19.000	6.2516	0.15996	1374.0	1677.9	6.9240	2.7000	3.2367	604.55	0.071649	1.9179e-05	0.086089	vapor
585.69	19.000	6.2408	0.16024	1376.7	1681.2	6.9296	2.7037	3.2403	605.00	0.071233	1.9203e-05	0.086298	vapor
586.69	19.000	6.2300	0.16051	1379.4	1684.4	6.9351	2.7074	3.2439	605.46	0.070819	1.9227e-05	0.086507	vapor
587.69	19.000	6.2193	0.16079	1382.2	1687.7	6.9406	2.7110	3.2475	605.92	0.070407	1.9251e-05	0.086716	vapor
588.69	19.000	6.2085	0.16107	1384.9	1690.9	6.9461	2.7147	3.2511	606.37	0.069998	1.9275e-05	0.086926	vapor
589.69	19.000	6.1979	0.16135	1387.6	1694.2	6.9517	2.7184	3.2547	606.83	0.069591	1.9299e-05	0.087136	vapor
590.69	19.000	6.1872	0.16162	1390.3	1697.4	6.9572	2.7221	3.2583	607.28	0.069186	1.9323e-05	0.087346	vapor
591.69	19.000	6.1766	0.16190	1393.1	1700.7	6.9627	2.7257	3.2619	607.73	0.068783	1.9346e-05	0.087555	vapor
592.69	19.000	6.1661	0.16218	1395.8	1704.0	6.9682	2.7294	3.2655	608.19	0.068383	1.9370e-05	0.087766	vapor
593.69	19.000	6.1555	0.16246	1398.6	1707.2	6.9737	2.7330	3.2691	608.64	0.067985	1.9394e-05	0.087976	vapor
594.69	19.000	6.1450	0.16273	1401.3	1710.5	6.9792	2.7367	3.2727	609.09	0.067589	1.9418e-05	0.088186	vapor
595.69	19.000	6.1346	0.16301	1404.0	1713.8	6.9847	2.7404	3.2763	609.55	0.067195	1.9442e-05	0.088397	vapor
596.69	19.000	6.1242	0.16329	1406.8	1717.0	6.9902	2.7440	3.2798	610.00	0.066804	1.9465e-05	0.088607	vapor
597.69	19.000	6.1138	0.16356	1409.6	1720.3	6.9957	2.7477	3.2834	610.45	0.066414	1.9489e-05	0.088818	vapor
598.69	19.000	6.1034	0.16384	1412.3	1723.6	7.0012	2.7513	3.2870	610.90	0.066027	1.9513e-05	0.089029	vapor
599.69	19.000	6.0931	0.16412	1415.1	1726.9	7.0067	2.7550	3.2906	611.35	0.065642	1.9537e-05	0.089240	vapor
600.69	19.000	6.0828	0.16440	1417.8	1730.2	7.0122	2.7586	3.2942	611.80	0.065259	1.9560e-05	0.089451	vapor
601.69	19.000	6.0726	0.16467	1420.6	1733.5	7.0177	2.7623	3.2978	612.25	0.064878	1.9584e-05	0.089663	vapor
602.69	19.000	6.0624	0.16495	1423.4	1736.8	7.0231	2.7659	3.3014	612.70	0.064499	1.9608e-05	0.089874	vapor
603.69	19.000	6.0522	0.16523	1426.2	1740.1	7.0286	2.7696	3.3049	613.15	0.064123	1.9631e-05	0.090085	vapor
604.69	19.000	6.0421	0.16551	1428.9	1743.4	7.0341	2.7732	3.3085	613.60	0.063748	1.9655e-05	0.090297	vapor
605.69	19.000	6.0320	0.16578	1431.7	1746.7	7.0396	2.7769	3.3121	614.05	0.063376	1.9678e-05	0.090509	vapor
606.69	19.000	6.0219	0.16606	1434.5	1750.0	7.0450	2.7805	3.3157	614.50	0.063005	1.9702e-05	0.090721	vapor
607.69	19.000	6.0119	0.16634	1437.3	1753.3	7.0505	2.7842	3.3193	614.94	0.062637	1.9726e-05	0.090933	vapor
608.69	19.000	6.0019	0.16661	1440.1	1756.7	7.0559	2.7878	3.3228	615.39	0.062270	1.9749e-05	0.091145	vapor
609.69	19.000	5.9919	0.16689	1442.9	1760.0	7.0614	2.7914	3.3264	615.84	0.061906	1.9773e-05	0.091357	vapor
610.69	19.000	5.9820	0.16717	1445.7	1763.3	7.0669	2.7951	3.3300	616.29	0.061543	1.9796e-05	0.091570	vapor
611.69	19.000	5.9721	0.16745	1448.5	1766.6	7.0723	2.7987	3.3335	616.73	0.061183	1.9820e-05	0.091782	vapor
612.69	19.000	5.9622	0.16772	1451.3	1770.0	7.0778	2.8023	3.3371	617.18	0.060824	1.9843e-05	0.091995	vapor
613.69	19.000	5.9524	0.16800	1454.1	1773.3	7.0832	2.8060	3.3407	617.62	0.060468	1.9867e-05	0.092208	vapor
614.69	19.000	5.9426	0.16828	1456.9	1776.7	7.0886	2.8096	3.3442	618.07	0.060113	1.9890e-05	0.092421	vapor
615.69	19.000	5.9328	0.16855	1459.8	1780.0	7.0941	2.8132	3.3478	618.51	0.059760	1.9913e-05	0.092634	vapor
616.69	19.000	5.9231	0.16883	1462.6	1783.4	7.0995	2.8168	3.3514	618.96	0.059409	1.9937e-05	0.092847	vapor
617.69	19.000	5.9134	0.16911	1465.4	1786.7	7.1050	2.8204	3.3549	619.40	0.059060	1.9960e-05	0.093060	vapor
618.69	19.000	5.9037	0.16938	1468.2	1790.1	7.1104	2.8241	3.3585	619.85	0.058713	1.9984e-05	0.093274	vapor
619.69	19.000	5.8941	0.16966	1471.1	1793.4	7.1158	2.8277	3.3620	620.29	0.058368	2.0007e-05	0.093487	vapor
620.69	19.000	5.8845	0.16994	1473.9	1796.8	7.1212	2.8313	3.3656	620.73	0.058025	2.0030e-05	0.093701	vapor
621.69	19.000	5.8749	0.17022	1476.7	1800.2	7.1267	2.8349	3.3691	621.18	0.057683	2.0054e-05	0.093915	vapor
622.69	19.000	5.8654	0.17049	1479.6	1803.5	7.1321	2.8385	3.3727	621.62	0.057344	2.0077e-05	0.094128	vapor
623.69	19.000	5.8559	0.17077	1482.4	1806.9	7.1375	2.8421	3.3762	622.06	0.057006	2.0100e-05	0.094342	vapor
624.69	19.000	5.8464	0.17105	1485.3	1810.3	7.1429	2.8457	3.3798	622.50	0.056670	2.0124e-05	0.094557	vapor