Temperature (K)	Pressure (bar)	Density (kg/m3)	Volume (m3/kg)	Internal Energy (kJ/kg)	Enthalpy (kJ/kg)	Entropy (J/g*K)	Cv (J/g*K)	Cp (J/g*K)	Sound Spd. (m/s)	Joule-Thomson (K/bar)	Viscosity (Pa*s)	Therm. Cond. (W/m*K)	Phase
90.694	433.00	474.77	0.0021063	-91.047	0.15401	-0.94558	2.2555	3.2327	1779.8	-0.052109	0.00035658	0.24526	liquid
101.69	433.00	463.27	0.0021586	-57.783	35.684	-0.57582	2.1989	3.2295	1710.7	-0.051510	0.00023620	0.23478	liquid
102.69	433.00	462.22	0.0021635	-54.765	38.913	-0.54422	2.1943	3.2297	1704.3	-0.051438	0.00022903	0.23375	liquid
103.69	433.00	461.18	0.0021684	-51.747	42.143	-0.51292	2.1898	3.2299	1697.9	-0.051364	0.00022226	0.23271	liquid
104.69	433.00	460.13	0.0021733	-48.730	45.373	-0.48192	2.1854	3.2301	1691.5	-0.051288	0.00021588	0.23167	liquid
105.69	433.00	459.09	0.0021782	-45.714	48.603	-0.45121	2.1810	3.2304	1685.1	-0.051210	0.00020985	0.23061	liquid
106.69	433.00	458.04	0.0021832	-42.699	51.834	-0.42079	2.1767	3.2307	1678.7	-0.051131	0.00020414	0.22955	liquid
107.69	433.00	457.00	0.0021882	-39.684	55.065	-0.39065	2.1724	3.2310	1672.3	-0.051049	0.00019874	0.22848	liquid
108.69	433.00	455.95	0.0021932	-36.670	58.296	-0.36078	2.1681	3.2313	1665.8	-0.050965	0.00019361	0.22740	liquid
109.69	433.00	454.91	0.0021982	-33.657	61.527	-0.33119	2.1639	3.2316	1659.4	-0.050880	0.00018875	0.22632	liquid
110.69	433.00	453.86	0.0022033	-30.644	64.759	-0.30186	2.1597	3.2319	1653.0	-0.050793	0.00018412	0.22524	liquid
111.69	433.00	452.82	0.0022084	-27.632	67.991	-0.27280	2.1555	3.2322	1646.6	-0.050704	0.00017971	0.22414	liquid
112.69	433.00	451.77	0.0022135	-24.621	71.223	-0.24399	2.1514	3.2325	1640.2	-0.050614	0.00017551	0.22305	liquid
113.69	433.00	450.73	0.0022186	-21.611	74.456	-0.21543	2.1473	3.2328	1633.8	-0.050522	0.00017151	0.22195	liquid
114.69	433.00	449.68	0.0022238	-18.602	77.689	-0.18712	2.1432	3.2331	1627.3	-0.050428	0.00016768	0.22085	liquid
115.69	433.00	448.63	0.0022290	-15.593	80.922	-0.15905	2.1391	3.2334	1620.9	-0.050332	0.00016403	0.21974	liquid
116.69	433.00	447.59	0.0022342	-12.585	84.156	-0.13122	2.1351	3.2337	1614.5	-0.050235	0.00016053	0.21864	liquid
117.69	433.00	446.54	0.0022394	-9.5782	87.389	-0.10363	2.1311	3.2340	1608.2	-0.050136	0.00015718	0.21753	liquid
118.69	433.00	445.49	0.0022447	-6.5720	90.624	-0.076262	2.1271	3.2343	1601.8	-0.050035	0.00015397	0.21641	liquid
119.69	433.00	444.45	0.0022500	-3.5667	93.858	-0.049126	2.1232	3.2346	1595.4	-0.049932	0.00015088	0.21530	liquid
120.69	433.00	443.40	0.0022553	-0.56221	97.093	-0.022214	2.1192	3.2349	1589.0	-0.049827	0.00014792	0.21419	liquid
121.69	433.00	442.35	0.0022607	2.4414	100.33	0.0044793	2.1153	3.2351	1582.7	-0.049721	0.00014508	0.21307	liquid
122.69	433.00	441.30	0.0022660	5.4440	103.56	0.030956	2.1114	3.2354	1576.3	-0.049613	0.00014234	0.21196	liquid
123.69	433.00	440.25	0.0022714	8.4458	106.80	0.057220	2.1076	3.2357	1570.0	-0.049503	0.00013970	0.21084	liquid
124.69	433.00	439.20	0.0022769	11.447	110.03	0.083275	2.1037	3.2360	1563.7	-0.049391	0.00013716	0.20973	liquid
125.69	433.00	438.15	0.0022823	14.446	113.27	0.10912	2.0999	3.2363	1557.3	-0.049277	0.00013471	0.20861	liquid
126.69	433.00	437.10	0.0022878	17.445	116.51	0.13477	2.0961	3.2365	1551.0	-0.049161	0.00013234	0.20750	liquid
127.69	433.00	436.05	0.0022933	20.443	119.74	0.16022	2.0924	3.2368	1544.7	-0.049043	0.00013006	0.20639	liquid
128.69	433.00	435.00	0.0022989	23.440	122.98	0.18547	2.0886	3.2371	1538.5	-0.048923	0.00012785	0.20528	liquid
129.69	433.00	433.95	0.0023044	26.436	126.22	0.21052	2.0849	3.2373	1532.2	-0.048801	0.00012572	0.20417	liquid
130.69	433.00	432.90	0.0023100	29.431	129.46	0.23539	2.0812	3.2376	1525.9	-0.048677	0.00012366	0.20306	liquid
131.69	433.00	431.84	0.0023157	32.425	132.69	0.26007	2.0776	3.2379	1519.7	-0.048551	0.00012166	0.20195	liquid
132.69	433.00	430.79	0.0023213	35.418	135.93	0.28457	2.0739	3.2382	1513.5	-0.048423	0.00011972	0.20085	liquid
133.69	433.00	429.74	0.0023270	38.410	139.17	0.30888	2.0703	3.2385	1507.3	-0.048292	0.00011784	0.19975	liquid
134.69	433.00	428.68	0.0023327	41.401	142.41	0.33301	2.0667	3.2388	1501.1	-0.048160	0.00011602	0.19865	liquid
135.69	433.00	427.63	0.0023385	44.390	145.65	0.35697	2.0632	3.2390	1494.9	-0.048024	0.00011425	0.19755	liquid
136.69	433.00	426.57	0.0023443	47.379	148.89	0.38075	2.0596	3.2393	1488.7	-0.047887	0.00011254	0.19645	liquid
137.69	433.00	425.52	0.0023501	50.367	152.13	0.40437	2.0561	3.2396	1482.5	-0.047748	0.00011087	0.19536	liquid
138.69	433.00	424.46	0.0023559	53.353	155.37	0.42781	2.0526	3.2400	1476.4	-0.047606	0.00010925	0.19428	liquid
139.69	433.00	423.40	0.0023618	56.339	158.61	0.45109	2.0492	3.2403	1470.3	-0.047461	0.00010768	0.19319	liquid
140.69	433.00	422.34	0.0023677	59.323	161.85	0.47420	2.0458	3.2406	1464.2	-0.047314	0.00010615	0.19211	liquid
141.69	433.00	421.29	0.0023737	62.306	165.09	0.49715	2.0424	3.2409	1458.1	-0.047165	0.00010465	0.19103	liquid
142.69	433.00	420.23	0.0023797	65.288	168.33	0.51995	2.0390	3.2413	1452.0	-0.047013	0.00010320	0.18996	liquid
143.69	433.00	419.17	0.0023857	68.269	171.57	0.54258	2.0357	3.2416	1446.0	-0.046859	0.00010179	0.18889	liquid
144.69	433.00	418.11	0.0023917	71.249	174.81	0.56507	2.0323	3.2419	1439.9	-0.046702	0.00010041	0.18782	liquid
145.69	433.00	417.05	0.0023978	74.228	178.05	0.58740	2.0291	3.2423	1433.9	-0.046543	9.9068e-05	0.18676	liquid
146.69	433.00	415.99	0.0024039	77.205	181.30	0.60958	2.0258	3.2427	1427.9	-0.046381	9.7758e-05	0.18570	liquid
147.69	433.00	414.92	0.0024101	80.182	184.54	0.63161	2.0226	3.2431	1421.9	-0.046216	9.6480e-05	0.18465	liquid
148.69	433.00	413.86	0.0024163	83.157	187.78	0.65349	2.0194	3.2435	1415.9	-0.046049	9.5234e-05	0.18360	liquid
149.69	433.00	412.80	0.0024225	86.131	191.03	0.67523	2.0162	3.2439	1410.0	-0.045879	9.4016e-05	0.18255	liquid
150.69	433.00	411.73	0.0024288	89.104	194.27	0.69683	2.0131	3.2443	1404.0	-0.045707	9.2828e-05	0.18151	liquid
151.69	433.00	410.67	0.0024350	92.076	197.51	0.71829	2.0100	3.2447	1398.1	-0.045531	9.1667e-05	0.18047	liquid
152.69	433.00	409.60	0.0024414	95.047	200.76	0.73961	2.0069	3.2451	1392.2	-0.045353	9.0533e-05	0.17944	liquid
153.69	433.00	408.54	0.0024477	98.017	204.00	0.76080	2.0039	3.2456	1386.3	-0.045172	8.9425e-05	0.17842	liquid
154.69	433.00	407.47	0.0024542	100.99	207.25	0.78185	2.0008	3.2460	1380.5	-0.044989	8.8341e-05	0.17740	liquid
155.69	433.00	406.41	0.0024606	103.95	210.50	0.80277	1.9979	3.2465	1374.6	-0.044802	8.7281e-05	0.17638	liquid
156.69	433.00	405.34	0.0024671	106.92	213.74	0.82355	1.9949	3.2470	1368.8	-0.044613	8.6245e-05	0.17537	liquid
157.69	433.00	404.27	0.0024736	109.88	216.99	0.84421	1.9920	3.2475	1363.0	-0.044420	8.5230e-05	0.17436	liquid
158.69	433.00	403.20	0.0024802	112.85	220.24	0.86474	1.9891	3.2480	1357.2	-0.044225	8.4238e-05	0.17336	liquid
159.69	433.00	402.13	0.0024867	115.81	223.49	0.88514	1.9862	3.2485	1351.5	-0.044027	8.3266e-05	0.17236	liquid
160.69	433.00	401.06	0.0024934	118.77	226.74	0.90542	1.9834	3.2491	1345.7	-0.043825	8.2315e-05	0.17137	liquid
161.69	433.00	399.99	0.0025001	121.73	229.98	0.92558	1.9806	3.2496	1340.0	-0.043621	8.1383e-05	0.17039	liquid
162.69	433.00	398.92	0.0025068	124.69	233.23	0.94562	1.9778	3.2502	1334.3	-0.043414	8.0470e-05	0.16941	liquid
163.69	433.00	397.85	0.0025135	127.65	236.48	0.96554	1.9751	3.2507	1328.6	-0.043204	7.9576e-05	0.16844	liquid
164.69	433.00	396.77	0.0025203	130.61	239.74	0.98534	1.9724	3.2513	1323.0	-0.042991	7.8700e-05	0.16747	liquid
165.69	433.00	395.70	0.0025272	133.56	242.99	1.0050	1.9697	3.2519	1317.3	-0.042774	7.7841e-05	0.16650	liquid
166.69	433.00	394.63	0.0025340	136.52	246.24	1.0246	1.9670	3.2525	1311.7	-0.042555	7.6999e-05	0.16555	liquid
167.69	433.00	393.55	0.0025410	139.47	249.49	1.0440	1.9644	3.2532	1306.1	-0.042333	7.6173e-05	0.16460	liquid
168.69	433.00	392.48	0.0025479	142.42	252.75	1.0634	1.9619	3.2538	1300.5	-0.042107	7.5363e-05	0.16365	liquid
169.69	433.00	391.40	0.0025549	145.37	256.00	1.0826	1.9593	3.2544	1295.0	-0.041878	7.4569e-05	0.16271	liquid
170.69	433.00	390.32	0.0025620	148.32	259.25	1.1017	1.9568	3.2551	1289.5	-0.041646	7.3790e-05	0.16178	liquid
171.69	433.00	389.25	0.0025691	151.27	262.51	1.1208	1.9543	3.2558	1284.0	-0.041411	7.3025e-05	0.16085	liquid
172.69	433.00	388.17	0.0025762	154.22	265.77	1.1397	1.9519	3.2565	1278.5	-0.041173	7.2275e-05	0.15992	liquid
173.69	433.00	387.09	0.0025834	157.16	269.02	1.1585	1.9494	3.2572	1273.0	-0.040931	7.1538e-05	0.15901	liquid
174.69	433.00	386.01	0.0025906	160.11	272.28	1.1772	1.9470	3.2579	1267.6	-0.040687	7.0815e-05	0.15810	liquid
175.69	433.00	384.93	0.0025978	163.05	275.54	1.1958	1.9447	3.2586	1262.2	-0.040439	7.0105e-05	0.15719	liquid
176.69	433.00	383.85	0.0026052	165.99	278.80	1.2143	1.9424	3.2593	1256.8	-0.040188	6.9407e-05	0.15629	liquid
177.69	433.00	382.77	0.0026125	168.94	282.06	1.2327	1.9401	3.2601	1251.4	-0.039933	6.8723e-05	0.15540	liquid
178.69	433.00	381.69	0.0026199	171.88	285.32	1.2510	1.9378	3.2608	1246.0	-0.039676	6.8050e-05	0.15452	liquid
179.69	433.00	380.61	0.0026274	174.81	288.58	1.2692	1.9356	3.2616	1240.7	-0.039415	6.7389e-05	0.15364	liquid
180.69	433.00	379.53	0.0026348	177.75	291.84	1.2873	1.9334	3.2624	1235.4	-0.039151	6.6740e-05	0.15276	liquid
181.69	433.00	378.45	0.0026424	180.69	295.10	1.3053	1.9312	3.2631	1230.1	-0.038883	6.6101e-05	0.15189	liquid
182.69	433.00	377.36	0.0026500	183.62	298.37	1.3232	1.9291	3.2639	1224.9	-0.038613	6.5474e-05	0.15103	liquid
183.69	433.00	376.28	0.0026576	186.56	301.63	1.3410	1.9270	3.2647	1219.7	-0.038339	6.4858e-05	0.15018	liquid
184.69	433.00	375.20	0.0026653	189.49	304.90	1.3587	1.9249	3.2656	1214.5	-0.038061	6.4252e-05	0.14933	liquid
185.69	433.00	374.11	0.0026730	192.42	308.16	1.3764	1.9229	3.2664	1209.3	-0.037781	6.3656e-05	0.14849	liquid
186.69	433.00	373.03	0.0026808	195.35	311.43	1.3939	1.9209	3.2672	1204.1	-0.037497	6.3070e-05	0.14765	liquid
187.69	433.00	371.94	0.0026886	198.28	314.70	1.4114	1.9189	3.2681	1199.0	-0.037210	6.2494e-05	0.14682	liquid
188.69	433.00	370.86	0.0026965	201.21	317.97	1.4287	1.9170	3.2689	1193.9	-0.036920	6.1927e-05	0.14600	liquid
189.69	433.00	369.77	0.0027044	204.14	321.24	1.4460	1.9151	3.2698	1188.8	-0.036626	6.1370e-05	0.14518	liquid
190.69	433.00	368.68	0.0027123	207.06	324.51	1.4632	1.9132	3.2706	1183.8	-0.036329	6.0821e-05	0.14438	supercritical
191.69	433.00	367.60	0.0027204	209.98	327.78	1.4803	1.9114	3.2715	1178.8	-0.036029	6.0282e-05	0.14357	supercritical
192.69	433.00	366.51	0.0027284	212.91	331.05	1.4973	1.9096	3.2724	1173.8	-0.035725	5.9751e-05	0.14276	supercritical
193.69	433.00	365.42	0.0027365	215.83	334.32	1.5143	1.9078	3.2733	1168.8	-0.035419	5.9229e-05	0.14197	supercritical
194.69	433.00	364.34	0.0027447	218.75	337.59	1.5311	1.9061	3.2742	1163.8	-0.035109	5.8715e-05	0.14118	supercritical
195.69	433.00	363.25	0.0027529	221.67	340.87	1.5479	1.9044	3.2751	1158.9	-0.034796	5.8209e-05	0.14040	supercritical
196.69	433.00	362.16	0.0027612	224.58	344.15	1.5646	1.9027	3.2760	1154.0	-0.034479	5.7711e-05	0.13962	supercritical
197.69	433.00	361.07	0.0027695	227.50	347.42	1.5812	1.9011	3.2769	1149.2	-0.034160	5.7220e-05	0.13885	supercritical
198.69	433.00	359.98	0.0027779	230.42	350.70	1.5978	1.8995	3.2778	1144.3	-0.033837	5.6738e-05	0.13808	supercritical
199.69	433.00	358.90	0.0027863	233.33	353.98	1.6142	1.8979	3.2787	1139.5	-0.033511	5.6263e-05	0.13733	supercritical
200.69	433.00	357.81	0.0027948	236.24	357.26	1.6306	1.8964	3.2796	1134.7	-0.033182	5.5795e-05	0.13658	supercritical
201.69	433.00	356.72	0.0028033	239.15	360.54	1.6469	1.8949	3.2805	1130.0	-0.032849	5.5334e-05	0.13583	supercritical
202.69	433.00	355.63	0.0028119	242.06	363.82	1.6631	1.8934	3.2814	1125.2	-0.032514	5.4880e-05	0.13509	supercritical
203.69	433.00	354.54	0.0028206	244.97	367.10	1.6793	1.8919	3.2824	1120.5	-0.032175	5.4434e-05	0.13436	supercritical
204.69	433.00	353.45	0.0028292	247.88	370.38	1.6954	1.8905	3.2833	1115.9	-0.031834	5.3994e-05	0.13363	supercritical
205.69	433.00	352.36	0.0028380	250.78	373.67	1.7114	1.8892	3.2842	1111.2	-0.031489	5.3560e-05	0.13291	supercritical
206.69	433.00	351.27	0.0028468	253.68	376.95	1.7273	1.8878	3.2851	1106.6	-0.031141	5.3133e-05	0.13220	supercritical
207.69	433.00	350.19	0.0028556	256.59	380.24	1.7432	1.8865	3.2860	1102.0	-0.030791	5.2712e-05	0.13149	supercritical
208.69	433.00	349.10	0.0028645	259.49	383.52	1.7589	1.8852	3.2869	1097.5	-0.030437	5.2298e-05	0.13079	supercritical
209.69	433.00	348.01	0.0028735	262.39	386.81	1.7747	1.8840	3.2879	1092.9	-0.030081	5.1889e-05	0.13010	supercritical
210.69	433.00	346.92	0.0028825	265.29	390.10	1.7903	1.8828	3.2888	1088.4	-0.029721	5.1487e-05	0.12941	supercritical
211.69	433.00	345.83	0.0028916	268.18	393.39	1.8059	1.8816	3.2897	1084.0	-0.029359	5.1090e-05	0.12873	supercritical
212.69	433.00	344.74	0.0029007	271.08	396.68	1.8214	1.8804	3.2906	1079.5	-0.028994	5.0699e-05	0.12805	supercritical
213.69	433.00	343.66	0.0029099	273.97	399.97	1.8368	1.8793	3.2915	1075.1	-0.028626	5.0314e-05	0.12738	supercritical
214.69	433.00	342.57	0.0029191	276.86	403.26	1.8522	1.8783	3.2924	1070.7	-0.028255	4.9934e-05	0.12672	supercritical
215.69	433.00	341.48	0.0029284	279.75	406.55	1.8675	1.8772	3.2932	1066.4	-0.027882	4.9560e-05	0.12606	supercritical
216.69	433.00	340.40	0.0029378	282.64	409.85	1.8827	1.8762	3.2941	1062.0	-0.027505	4.9191e-05	0.12541	supercritical
217.69	433.00	339.31	0.0029472	285.53	413.14	1.8979	1.8752	3.2950	1057.7	-0.027127	4.8828e-05	0.12476	supercritical
218.69	433.00	338.22	0.0029566	288.42	416.44	1.9130	1.8743	3.2958	1053.5	-0.026745	4.8469e-05	0.12412	supercritical
219.69	433.00	337.14	0.0029661	291.30	419.73	1.9280	1.8733	3.2967	1049.2	-0.026362	4.8116e-05	0.12349	supercritical
220.69	433.00	336.05	0.0029757	294.18	423.03	1.9430	1.8724	3.2975	1045.0	-0.025975	4.7767e-05	0.12286	supercritical
221.69	433.00	334.97	0.0029853	297.06	426.33	1.9579	1.8716	3.2984	1040.9	-0.025587	4.7424e-05	0.12224	supercritical
222.69	433.00	333.89	0.0029950	299.94	429.63	1.9728	1.8708	3.2992	1036.7	-0.025195	4.7085e-05	0.12163	supercritical
223.69	433.00	332.80	0.0030048	302.82	432.93	1.9875	1.8700	3.3000	1032.6	-0.024802	4.6751e-05	0.12102	supercritical
224.69	433.00	331.72	0.0030146	305.70	436.23	2.0023	1.8692	3.3008	1028.5	-0.024406	4.6422e-05	0.12042	supercritical
225.69	433.00	330.64	0.0030244	308.57	439.53	2.0169	1.8685	3.3016	1024.5	-0.024008	4.6097e-05	0.11982	supercritical
226.69	433.00	329.56	0.0030344	311.44	442.83	2.0315	1.8678	3.3024	1020.5	-0.023608	4.5776e-05	0.11923	supercritical
227.69	433.00	328.48	0.0030443	314.31	446.13	2.0461	1.8671	3.3031	1016.5	-0.023206	4.5460e-05	0.11865	supercritical
228.69	433.00	327.40	0.0030544	317.18	449.44	2.0605	1.8665	3.3039	1012.5	-0.022802	4.5149e-05	0.11807	supercritical
229.69	433.00	326.32	0.0030645	320.05	452.74	2.0750	1.8659	3.3046	1008.6	-0.022396	4.4841e-05	0.11750	supercritical
230.69	433.00	325.25	0.0030746	322.92	456.05	2.0893	1.8654	3.3053	1004.7	-0.021988	4.4538e-05	0.11693	supercritical
231.69	433.00	324.17	0.0030848	325.78	459.35	2.1036	1.8648	3.3060	1000.9	-0.021578	4.4239e-05	0.11637	supercritical
232.69	433.00	323.09	0.0030951	328.64	462.66	2.1178	1.8643	3.3067	997.02	-0.021166	4.3944e-05	0.11582	supercritical
233.69	433.00	322.02	0.0031054	331.50	465.96	2.1320	1.8638	3.3074	993.23	-0.020753	4.3653e-05	0.11527	supercritical
234.69	433.00	320.95	0.0031158	334.36	469.27	2.1462	1.8634	3.3080	989.46	-0.020338	4.3366e-05	0.11473	supercritical
235.69	433.00	319.88	0.0031262	337.22	472.58	2.1602	1.8630	3.3086	985.73	-0.019921	4.3083e-05	0.11419	supercritical
236.69	433.00	318.81	0.0031367	340.07	475.89	2.1742	1.8626	3.3093	982.03	-0.019503	4.2804e-05	0.11366	supercritical
237.69	433.00	317.74	0.0031473	342.92	479.20	2.1882	1.8623	3.3098	978.36	-0.019083	4.2528e-05	0.11314	supercritical
238.69	433.00	316.67	0.0031579	345.77	482.51	2.2021	1.8620	3.3104	974.72	-0.018663	4.2256e-05	0.11262	supercritical
239.69	433.00	315.60	0.0031685	348.62	485.82	2.2159	1.8617	3.3110	971.12	-0.018240	4.1988e-05	0.11210	supercritical
240.69	433.00	314.54	0.0031793	351.47	489.13	2.2297	1.8614	3.3115	967.54	-0.017817	4.1723e-05	0.11160	supercritical
241.69	433.00	313.47	0.0031901	354.31	492.44	2.2434	1.8612	3.3120	964.00	-0.017393	4.1462e-05	0.11110	supercritical
242.69	433.00	312.41	0.0032009	357.16	495.76	2.2571	1.8610	3.3125	960.49	-0.016967	4.1204e-05	0.11060	supercritical
243.69	433.00	311.35	0.0032118	360.00	499.07	2.2707	1.8608	3.3129	957.02	-0.016541	4.0950e-05	0.11011	supercritical
244.69	433.00	310.29	0.0032228	362.84	502.38	2.2843	1.8607	3.3134	953.58	-0.016114	4.0699e-05	0.10963	supercritical
245.69	433.00	309.24	0.0032338	365.67	505.69	2.2978	1.8606	3.3138	950.16	-0.015686	4.0452e-05	0.10915	supercritical
246.69	433.00	308.18	0.0032449	368.51	509.01	2.3113	1.8605	3.3142	946.79	-0.015257	4.0207e-05	0.10868	supercritical
247.69	433.00	307.13	0.0032560	371.34	512.32	2.3247	1.8605	3.3146	943.44	-0.014828	3.9966e-05	0.10821	supercritical
248.69	433.00	306.07	0.0032672	374.17	515.64	2.3380	1.8605	3.3149	940.13	-0.014398	3.9729e-05	0.10775	supercritical
249.69	433.00	305.02	0.0032784	377.00	518.95	2.3513	1.8605	3.3152	936.84	-0.013967	3.9494e-05	0.10729	supercritical
250.69	433.00	303.98	0.0032897	379.82	522.27	2.3646	1.8605	3.3155	933.59	-0.013537	3.9262e-05	0.10684	supercritical
251.69	433.00	302.93	0.0033011	382.65	525.58	2.3778	1.8606	3.3158	930.38	-0.013106	3.9034e-05	0.10639	supercritical
252.69	433.00	301.89	0.0033125	385.47	528.90	2.3909	1.8607	3.3160	927.19	-0.012675	3.8808e-05	0.10596	supercritical
253.69	433.00	300.84	0.0033240	388.29	532.22	2.4040	1.8609	3.3163	924.04	-0.012243	3.8586e-05	0.10552	supercritical
254.69	433.00	299.80	0.0033355	391.10	535.53	2.4171	1.8610	3.3164	920.92	-0.011812	3.8366e-05	0.10509	supercritical
255.69	433.00	298.77	0.0033471	393.92	538.85	2.4301	1.8612	3.3166	917.83	-0.011381	3.8149e-05	0.10467	supercritical
256.69	433.00	297.73	0.0033587	396.73	542.17	2.4430	1.8614	3.3167	914.78	-0.010950	3.7936e-05	0.10425	supercritical
257.69	433.00	296.70	0.0033704	399.54	545.48	2.4559	1.8617	3.3169	911.75	-0.010519	3.7725e-05	0.10384	supercritical
258.69	433.00	295.67	0.0033822	402.35	548.80	2.4688	1.8620	3.3169	908.76	-0.010089	3.7516e-05	0.10343	supercritical
259.69	433.00	294.64	0.0033940	405.16	552.12	2.4816	1.8623	3.3170	905.80	-0.0096589	3.7311e-05	0.10303	supercritical
260.69	433.00	293.61	0.0034059	407.96	555.43	2.4943	1.8626	3.3170	902.87	-0.0092295	3.7108e-05	0.10263	supercritical
261.69	433.00	292.59	0.0034178	410.76	558.75	2.5070	1.8630	3.3170	899.98	-0.0088006	3.6908e-05	0.10224	supercritical
262.69	433.00	291.57	0.0034298	413.56	562.07	2.5197	1.8634	3.3170	897.11	-0.0083725	3.6710e-05	0.10186	supercritical
263.69	433.00	290.55	0.0034418	416.36	565.38	2.5323	1.8638	3.3170	894.28	-0.0079451	3.6515e-05	0.10148	supercritical
264.69	433.00	289.53	0.0034539	419.15	568.70	2.5448	1.8643	3.3169	891.48	-0.0075187	3.6323e-05	0.10110	supercritical
265.69	433.00	288.52	0.0034660	421.94	572.02	2.5573	1.8647	3.3168	888.71	-0.0070932	3.6133e-05	0.10073	supercritical
266.69	433.00	287.51	0.0034782	424.73	575.33	2.5698	1.8652	3.3167	885.97	-0.0066687	3.5946e-05	0.10036	supercritical
267.69	433.00	286.50	0.0034904	427.52	578.65	2.5822	1.8658	3.3165	883.27	-0.0062454	3.5761e-05	0.10000	supercritical
268.69	433.00	285.49	0.0035027	430.30	581.97	2.5946	1.8663	3.3163	880.59	-0.0058233	3.5578e-05	0.099649	supercritical
269.69	433.00	284.49	0.0035151	433.08	585.28	2.6069	1.8669	3.3161	877.95	-0.0054026	3.5398e-05	0.099298	supercritical
270.69	433.00	283.49	0.0035274	435.86	588.60	2.6192	1.8675	3.3159	875.33	-0.0049832	3.5220e-05	0.098953	supercritical
271.69	433.00	282.49	0.0035399	438.64	591.92	2.6314	1.8682	3.3156	872.75	-0.0045654	3.5045e-05	0.098612	supercritical
272.69	433.00	281.50	0.0035524	441.41	595.23	2.6436	1.8689	3.3153	870.20	-0.0041491	3.4872e-05	0.098277	supercritical
273.69	433.00	280.51	0.0035649	444.18	598.55	2.6557	1.8695	3.3150	867.68	-0.0037344	3.4701e-05	0.097946	supercritical
274.69	433.00	279.52	0.0035775	446.95	601.86	2.6678	1.8703	3.3147	865.19	-0.0033215	3.4533e-05	0.097620	supercritical
275.69	433.00	278.54	0.0035902	449.72	605.18	2.6798	1.8710	3.3143	862.73	-0.0029105	3.4367e-05	0.097298	supercritical
276.69	433.00	277.56	0.0036029	452.49	608.49	2.6918	1.8718	3.3139	860.29	-0.0025013	3.4202e-05	0.096982	supercritical
277.69	433.00	276.58	0.0036156	455.25	611.80	2.7038	1.8726	3.3135	857.89	-0.0020942	3.4041e-05	0.096670	supercritical
278.69	433.00	275.60	0.0036284	458.01	615.12	2.7157	1.8734	3.3130	855.52	-0.0016891	3.3881e-05	0.096363	supercritical
279.69	433.00	274.63	0.0036413	460.76	618.43	2.7276	1.8743	3.3126	853.18	-0.0012861	3.3723e-05	0.096060	supercritical
280.69	433.00	273.66	0.0036542	463.52	621.74	2.7394	1.8752	3.3121	850.87	-0.00088543	3.3568e-05	0.095762	supercritical
281.69	433.00	272.70	0.0036671	466.27	625.05	2.7512	1.8761	3.3116	848.59	-0.00048703	3.3414e-05	0.095469	supercritical
282.69	433.00	271.73	0.0036801	469.02	628.36	2.7629	1.8770	3.3110	846.33	-9.1008e-05	3.3263e-05	0.095180	supercritical
283.69	433.00	270.77	0.0036931	471.76	631.68	2.7746	1.8779	3.3104	844.11	0.00030255	3.3113e-05	0.094895	supercritical
284.69	433.00	269.82	0.0037062	474.51	634.99	2.7862	1.8789	3.3099	841.92	0.00069358	3.2966e-05	0.094615	supercritical
285.69	433.00	268.87	0.0037193	477.25	638.30	2.7978	1.8799	3.3092	839.75	0.0010820	3.2820e-05	0.094340	supercritical
286.69	433.00	267.92	0.0037325	479.99	641.60	2.8094	1.8810	3.3086	837.61	0.0014678	3.2677e-05	0.094068	supercritical
287.69	433.00	266.97	0.0037457	482.72	644.91	2.8209	1.8820	3.3080	835.50	0.0018508	3.2535e-05	0.093801	supercritical
288.69	433.00	266.03	0.0037589	485.46	648.22	2.8324	1.8831	3.3073	833.42	0.0022310	3.2395e-05	0.093539	supercritical
289.69	433.00	265.10	0.0037722	488.19	651.53	2.8438	1.8842	3.3066	831.36	0.0026083	3.2258e-05	0.093281	supercritical
290.69	433.00	264.16	0.0037856	490.92	654.83	2.8552	1.8853	3.3059	829.34	0.0029826	3.2122e-05	0.093026	supercritical
291.69	433.00	263.23	0.0037990	493.64	658.14	2.8666	1.8865	3.3051	827.34	0.0033540	3.1987e-05	0.092776	supercritical
292.69	433.00	262.30	0.0038124	496.37	661.44	2.8779	1.8876	3.3044	825.37	0.0037223	3.1855e-05	0.092531	supercritical
293.69	433.00	261.38	0.0038258	499.09	664.75	2.8892	1.8888	3.3036	823.42	0.0040874	3.1724e-05	0.092289	supercritical
294.69	433.00	260.46	0.0038394	501.81	668.05	2.9004	1.8901	3.3028	821.51	0.0044493	3.1596e-05	0.092051	supercritical
295.69	433.00	259.54	0.0038529	504.52	671.35	2.9116	1.8913	3.3020	819.62	0.0048080	3.1469e-05	0.091818	supercritical
296.69	433.00	258.63	0.0038665	507.24	674.65	2.9227	1.8926	3.3012	817.75	0.0051634	3.1343e-05	0.091588	supercritical
297.69	433.00	257.72	0.0038801	509.95	677.96	2.9338	1.8939	3.3004	815.91	0.0055155	3.1220e-05	0.091363	supercritical
298.69	433.00	256.82	0.0038938	512.66	681.26	2.9449	1.8952	3.2995	814.10	0.0058641	3.1098e-05	0.091141	supercritical
299.69	433.00	255.92	0.0039075	515.36	684.55	2.9559	1.8965	3.2986	812.32	0.0062092	3.0977e-05	0.090923	supercritical
300.69	433.00	255.02	0.0039212	518.06	687.85	2.9669	1.8979	3.2977	810.56	0.0065508	3.0858e-05	0.090709	supercritical
301.69	433.00	254.13	0.0039350	520.76	691.15	2.9779	1.8993	3.2968	808.82	0.0068889	3.0741e-05	0.090499	supercritical
302.69	433.00	253.24	0.0039488	523.46	694.45	2.9888	1.9007	3.2959	807.11	0.0072234	3.0626e-05	0.090293	supercritical
303.69	433.00	252.36	0.0039627	526.16	697.74	2.9996	1.9021	3.2950	805.43	0.0075542	3.0512e-05	0.090090	supercritical
304.69	433.00	251.47	0.0039765	528.85	701.04	3.0105	1.9036	3.2941	803.77	0.0078813	3.0400e-05	0.089891	supercritical
305.69	433.00	250.60	0.0039905	531.54	704.33	3.0213	1.9050	3.2931	802.13	0.0082047	3.0289e-05	0.089696	supercritical
306.69	433.00	249.72	0.0040044	534.23	707.62	3.0320	1.9065	3.2921	800.52	0.0085243	3.0180e-05	0.089505	supercritical
307.69	433.00	248.85	0.0040184	536.92	710.91	3.0427	1.9081	3.2912	798.94	0.0088401	3.0072e-05	0.089317	supercritical
308.69	433.00	247.99	0.0040324	539.60	714.21	3.0534	1.9096	3.2902	797.37	0.0091520	2.9965e-05	0.089132	supercritical
309.69	433.00	247.13	0.0040465	542.28	717.49	3.0640	1.9112	3.2892	795.83	0.0094601	2.9861e-05	0.088951	supercritical
310.69	433.00	246.27	0.0040606	544.96	720.78	3.0746	1.9127	3.2882	794.32	0.0097643	2.9757e-05	0.088774	supercritical
311.69	433.00	245.42	0.0040747	547.64	724.07	3.0852	1.9143	3.2872	792.83	0.010064	2.9655e-05	0.088600	supercritical
312.69	433.00	244.57	0.0040888	550.31	727.36	3.0957	1.9160	3.2862	791.36	0.010361	2.9555e-05	0.088429	supercritical
313.69	433.00	243.72	0.0041030	552.98	730.64	3.1062	1.9176	3.2852	789.91	0.010653	2.9456e-05	0.088262	supercritical
314.69	433.00	242.88	0.0041172	555.65	733.93	3.1167	1.9193	3.2841	788.48	0.010941	2.9358e-05	0.088098	supercritical
315.69	433.00	242.04	0.0041315	558.32	737.21	3.1271	1.9210	3.2831	787.08	0.011225	2.9261e-05	0.087938	supercritical
316.69	433.00	241.21	0.0041457	560.98	740.49	3.1375	1.9227	3.2821	785.70	0.011506	2.9166e-05	0.087781	supercritical
317.69	433.00	240.38	0.0041600	563.65	743.78	3.1478	1.9244	3.2810	784.34	0.011782	2.9073e-05	0.087627	supercritical
318.69	433.00	239.56	0.0041744	566.31	747.06	3.1581	1.9261	3.2800	783.01	0.012054	2.8980e-05	0.087476	supercritical
319.69	433.00	238.74	0.0041887	568.96	750.34	3.1684	1.9279	3.2790	781.69	0.012321	2.8889e-05	0.087329	supercritical
320.69	433.00	237.92	0.0042031	571.62	753.61	3.1786	1.9297	3.2779	780.40	0.012585	2.8799e-05	0.087184	supercritical
321.69	433.00	237.11	0.0042175	574.27	756.89	3.1889	1.9315	3.2769	779.13	0.012845	2.8711e-05	0.087043	supercritical
322.69	433.00	236.30	0.0042319	576.93	760.17	3.1990	1.9333	3.2758	777.87	0.013100	2.8623e-05	0.086905	supercritical
323.69	433.00	235.49	0.0042464	579.57	763.44	3.2092	1.9352	3.2748	776.64	0.013351	2.8537e-05	0.086770	supercritical
324.69	433.00	234.69	0.0042609	582.22	766.72	3.2193	1.9371	3.2737	775.43	0.013599	2.8452e-05	0.086637	supercritical
325.69	433.00	233.90	0.0042754	584.87	769.99	3.2293	1.9389	3.2727	774.24	0.013841	2.8369e-05	0.086508	supercritical
326.69	433.00	233.11	0.0042899	587.51	773.26	3.2393	1.9408	3.2716	773.07	0.014080	2.8286e-05	0.086382	supercritical
327.69	433.00	232.32	0.0043045	590.15	776.53	3.2493	1.9428	3.2706	771.92	0.014315	2.8205e-05	0.086259	supercritical
328.69	433.00	231.53	0.0043190	592.79	779.80	3.2593	1.9447	3.2696	770.79	0.014545	2.8125e-05	0.086139	supercritical
329.69	433.00	230.75	0.0043336	595.43	783.07	3.2692	1.9467	3.2685	769.67	0.014771	2.8046e-05	0.086021	supercritical
330.69	433.00	229.98	0.0043483	598.06	786.34	3.2791	1.9486	3.2675	768.58	0.014993	2.7968e-05	0.085907	supercritical
331.69	433.00	229.21	0.0043629	600.70	789.61	3.2890	1.9506	3.2665	767.50	0.015211	2.7891e-05	0.085795	supercritical
332.69	433.00	228.44	0.0043776	603.33	792.87	3.2988	1.9527	3.2655	766.44	0.015425	2.7816e-05	0.085686	supercritical
333.69	433.00	227.67	0.0043922	605.96	796.14	3.3086	1.9547	3.2644	765.41	0.015634	2.7741e-05	0.085579	supercritical
334.69	433.00	226.91	0.0044069	608.58	799.40	3.3184	1.9567	3.2634	764.39	0.015840	2.7668e-05	0.085476	supercritical
335.69	433.00	226.16	0.0044217	611.21	802.67	3.3281	1.9588	3.2624	763.38	0.016041	2.7595e-05	0.085375	supercritical
336.69	433.00	225.41	0.0044364	613.83	805.93	3.3378	1.9609	3.2614	762.40	0.016238	2.7524e-05	0.085277	supercritical
337.69	433.00	224.66	0.0044512	616.45	809.19	3.3475	1.9630	3.2605	761.43	0.016431	2.7454e-05	0.085181	supercritical
338.69	433.00	223.92	0.0044659	619.07	812.45	3.3571	1.9651	3.2595	760.48	0.016620	2.7384e-05	0.085088	supercritical
339.69	433.00	223.18	0.0044807	621.69	815.71	3.3668	1.9673	3.2585	759.55	0.016804	2.7316e-05	0.084998	supercritical
340.69	433.00	222.44	0.0044955	624.31	818.97	3.3763	1.9694	3.2576	758.63	0.016985	2.7249e-05	0.084910	supercritical
341.69	433.00	221.71	0.0045104	626.92	822.22	3.3859	1.9716	3.2566	757.73	0.017161	2.7183e-05	0.084825	supercritical
342.69	433.00	220.98	0.0045252	629.54	825.48	3.3954	1.9738	3.2557	756.85	0.017334	2.7117e-05	0.084742	supercritical
343.69	433.00	220.26	0.0045401	632.15	828.73	3.4049	1.9760	3.2547	755.98	0.017502	2.7053e-05	0.084661	supercritical
344.69	433.00	219.54	0.0045549	634.76	831.99	3.4143	1.9782	3.2538	755.13	0.017667	2.6989e-05	0.084584	supercritical
345.69	433.00	218.83	0.0045698	637.37	835.24	3.4238	1.9805	3.2529	754.29	0.017827	2.6927e-05	0.084508	supercritical
346.69	433.00	218.12	0.0045847	639.98	838.49	3.4332	1.9827	3.2520	753.47	0.017983	2.6865e-05	0.084435	supercritical
347.69	433.00	217.41	0.0045997	642.58	841.75	3.4425	1.9850	3.2512	752.67	0.018136	2.6805e-05	0.084364	supercritical
348.69	433.00	216.70	0.0046146	645.19	845.00	3.4519	1.9873	3.2503	751.88	0.018284	2.6745e-05	0.084296	supercritical
349.69	433.00	216.00	0.0046295	647.79	848.25	3.4612	1.9896	3.2494	751.10	0.018429	2.6686e-05	0.084230	supercritical
350.69	433.00	215.31	0.0046445	650.39	851.50	3.4704	1.9919	3.2486	750.34	0.018569	2.6628e-05	0.084166	supercritical
351.69	433.00	214.62	0.0046595	652.99	854.74	3.4797	1.9942	3.2478	749.60	0.018706	2.6571e-05	0.084105	supercritical
352.69	433.00	213.93	0.0046744	655.59	857.99	3.4889	1.9966	3.2470	748.87	0.018839	2.6515e-05	0.084046	supercritical
353.69	433.00	213.25	0.0046894	658.19	861.24	3.4981	1.9990	3.2462	748.15	0.018968	2.6460e-05	0.083989	supercritical
354.69	433.00	212.57	0.0047044	660.78	864.48	3.5073	2.0014	3.2454	747.45	0.019093	2.6405e-05	0.083934	supercritical
355.69	433.00	211.89	0.0047195	663.38	867.73	3.5164	2.0037	3.2446	746.76	0.019215	2.6352e-05	0.083882	supercritical
356.69	433.00	211.22	0.0047345	665.97	870.97	3.5255	2.0062	3.2439	746.09	0.019333	2.6299e-05	0.083831	supercritical
357.69	433.00	210.55	0.0047495	668.56	874.22	3.5346	2.0086	3.2432	745.43	0.019447	2.6247e-05	0.083783	supercritical
358.69	433.00	209.88	0.0047646	671.15	877.46	3.5436	2.0110	3.2425	744.78	0.019557	2.6195e-05	0.083737	supercritical
359.69	433.00	209.22	0.0047796	673.74	880.70	3.5527	2.0135	3.2418	744.15	0.019664	2.6145e-05	0.083693	supercritical
360.69	433.00	208.56	0.0047947	676.33	883.94	3.5617	2.0160	3.2411	743.52	0.019767	2.6095e-05	0.083651	supercritical
361.69	433.00	207.91	0.0048098	678.92	887.18	3.5706	2.0184	3.2404	742.92	0.019867	2.6046e-05	0.083611	supercritical
362.69	433.00	207.26	0.0048248	681.51	890.42	3.5796	2.0209	3.2398	742.32	0.019962	2.5998e-05	0.083573	supercritical
363.69	433.00	206.61	0.0048399	684.09	893.66	3.5885	2.0235	3.2391	741.74	0.020055	2.5951e-05	0.083537	supercritical
364.69	433.00	205.97	0.0048550	686.68	896.90	3.5974	2.0260	3.2385	741.17	0.020144	2.5904e-05	0.083504	supercritical
365.69	433.00	205.33	0.0048701	689.26	900.14	3.6063	2.0285	3.2380	740.61	0.020229	2.5858e-05	0.083472	supercritical
366.69	433.00	204.70	0.0048852	691.85	903.38	3.6151	2.0311	3.2374	740.06	0.020311	2.5813e-05	0.083442	supercritical
367.69	433.00	204.07	0.0049004	694.43	906.62	3.6239	2.0337	3.2368	739.53	0.020390	2.5768e-05	0.083414	supercritical
368.69	433.00	203.44	0.0049155	697.01	909.85	3.6327	2.0362	3.2363	739.00	0.020465	2.5724e-05	0.083388	supercritical
369.69	433.00	202.81	0.0049306	699.59	913.09	3.6415	2.0388	3.2358	738.49	0.020537	2.5681e-05	0.083364	supercritical
370.69	433.00	202.19	0.0049458	702.17	916.32	3.6502	2.0414	3.2353	737.99	0.020606	2.5639e-05	0.083341	supercritical
371.69	433.00	201.58	0.0049609	704.75	919.56	3.6589	2.0441	3.2348	737.50	0.020672	2.5597e-05	0.083321	supercritical
372.69	433.00	200.96	0.0049760	707.33	922.79	3.6676	2.0467	3.2344	737.03	0.020734	2.5556e-05	0.083303	supercritical
373.69	433.00	200.35	0.0049912	709.91	926.03	3.6763	2.0494	3.2339	736.56	0.020793	2.5516e-05	0.083286	supercritical
374.69	433.00	199.75	0.0050064	712.49	929.26	3.6849	2.0520	3.2335	736.11	0.020849	2.5476e-05	0.083271	supercritical
375.69	433.00	199.14	0.0050215	715.06	932.49	3.6936	2.0547	3.2331	735.66	0.020901	2.5437e-05	0.083258	supercritical
376.69	433.00	198.54	0.0050367	717.64	935.73	3.7021	2.0574	3.2328	735.23	0.020951	2.5398e-05	0.083247	supercritical
377.69	433.00	197.95	0.0050519	720.21	938.96	3.7107	2.0601	3.2324	734.80	0.020998	2.5360e-05	0.083237	supercritical
378.69	433.00	197.35	0.0050670	722.79	942.19	3.7193	2.0628	3.2321	734.39	0.021041	2.5323e-05	0.083229	supercritical
379.69	433.00	196.76	0.0050822	725.36	945.42	3.7278	2.0655	3.2318	733.98	0.021082	2.5286e-05	0.083223	supercritical
380.69	433.00	196.18	0.0050974	727.94	948.66	3.7363	2.0682	3.2315	733.59	0.021120	2.5250e-05	0.083219	supercritical
381.69	433.00	195.60	0.0051126	730.51	951.89	3.7448	2.0710	3.2312	733.21	0.021155	2.5215e-05	0.083216	supercritical
382.69	433.00	195.02	0.0051278	733.09	955.12	3.7532	2.0737	3.2310	732.83	0.021187	2.5180e-05	0.083215	supercritical
383.69	433.00	194.44	0.0051430	735.66	958.35	3.7616	2.0765	3.2307	732.47	0.021216	2.5146e-05	0.083216	supercritical
384.69	433.00	193.87	0.0051581	738.23	961.58	3.7701	2.0793	3.2305	732.11	0.021242	2.5112e-05	0.083218	supercritical
385.69	433.00	193.30	0.0051733	740.80	964.81	3.7784	2.0821	3.2304	731.77	0.021266	2.5079e-05	0.083222	supercritical
386.69	433.00	192.73	0.0051885	743.38	968.04	3.7868	2.0849	3.2302	731.43	0.021287	2.5046e-05	0.083227	supercritical
387.69	433.00	192.17	0.0052037	745.95	971.27	3.7951	2.0877	3.2301	731.10	0.021305	2.5014e-05	0.083235	supercritical
388.69	433.00	191.61	0.0052189	748.52	974.50	3.8035	2.0905	3.2300	730.78	0.021321	2.4983e-05	0.083243	supercritical
389.69	433.00	191.05	0.0052341	751.09	977.73	3.8118	2.0934	3.2299	730.47	0.021334	2.4952e-05	0.083254	supercritical
390.69	433.00	190.50	0.0052493	753.66	980.96	3.8200	2.0962	3.2298	730.17	0.021344	2.4921e-05	0.083265	supercritical
391.69	433.00	189.95	0.0052645	756.24	984.19	3.8283	2.0991	3.2297	729.88	0.021352	2.4892e-05	0.083279	supercritical
392.69	433.00	189.40	0.0052797	758.81	987.42	3.8365	2.1019	3.2297	729.60	0.021357	2.4862e-05	0.083294	supercritical
393.69	433.00	188.86	0.0052949	761.38	990.65	3.8448	2.1048	3.2297	729.32	0.021360	2.4833e-05	0.083310	supercritical
394.69	433.00	188.32	0.0053101	763.95	993.88	3.8529	2.1077	3.2297	729.05	0.021361	2.4805e-05	0.083328	supercritical
395.69	433.00	187.78	0.0053253	766.52	997.11	3.8611	2.1106	3.2298	728.79	0.021359	2.4777e-05	0.083348	supercritical
396.69	433.00	187.25	0.0053405	769.09	1000.3	3.8693	2.1135	3.2298	728.54	0.021355	2.4750e-05	0.083369	supercritical
397.69	433.00	186.72	0.0053557	771.67	1003.6	3.8774	2.1164	3.2299	728.30	0.021348	2.4723e-05	0.083391	supercritical
398.69	433.00	186.19	0.0053709	774.24	1006.8	3.8855	2.1194	3.2300	728.06	0.021339	2.4697e-05	0.083415	supercritical
399.69	433.00	185.66	0.0053861	776.81	1010.0	3.8936	2.1223	3.2301	727.83	0.021328	2.4671e-05	0.083440	supercritical
400.69	433.00	185.14	0.0054013	779.38	1013.3	3.9017	2.1252	3.2303	727.61	0.021315	2.4645e-05	0.083467	supercritical
401.69	433.00	184.62	0.0054165	781.95	1016.5	3.9097	2.1282	3.2304	727.40	0.021299	2.4620e-05	0.083495	supercritical
402.69	433.00	184.10	0.0054317	784.53	1019.7	3.9178	2.1312	3.2306	727.20	0.021282	2.4596e-05	0.083524	supercritical
403.69	433.00	183.59	0.0054469	787.10	1023.0	3.9258	2.1342	3.2309	727.00	0.021262	2.4572e-05	0.083555	supercritical
404.69	433.00	183.08	0.0054621	789.67	1026.2	3.9338	2.1371	3.2311	726.81	0.021240	2.4548e-05	0.083588	supercritical
405.69	433.00	182.57	0.0054773	792.24	1029.4	3.9417	2.1401	3.2313	726.62	0.021217	2.4525e-05	0.083621	supercritical
406.69	433.00	182.07	0.0054925	794.82	1032.6	3.9497	2.1431	3.2316	726.44	0.021191	2.4502e-05	0.083656	supercritical
407.69	433.00	181.56	0.0055077	797.39	1035.9	3.9576	2.1461	3.2319	726.27	0.021163	2.4480e-05	0.083692	supercritical
408.69	433.00	181.07	0.0055229	799.97	1039.1	3.9655	2.1492	3.2322	726.11	0.021133	2.4458e-05	0.083730	supercritical
409.69	433.00	180.57	0.0055381	802.54	1042.3	3.9734	2.1522	3.2326	725.95	0.021102	2.4437e-05	0.083769	supercritical
410.69	433.00	180.08	0.0055532	805.12	1045.6	3.9813	2.1552	3.2330	725.80	0.021068	2.4416e-05	0.083809	supercritical
411.69	433.00	179.58	0.0055684	807.69	1048.8	3.9892	2.1583	3.2333	725.66	0.021033	2.4395e-05	0.083851	supercritical
412.69	433.00	179.10	0.0055836	810.27	1052.0	3.9970	2.1613	3.2338	725.52	0.020996	2.4375e-05	0.083894	supercritical
413.69	433.00	178.61	0.0055988	812.85	1055.3	4.0049	2.1644	3.2342	725.39	0.020957	2.4355e-05	0.083938	supercritical
414.69	433.00	178.13	0.0056139	815.42	1058.5	4.0127	2.1675	3.2346	725.27	0.020916	2.4336e-05	0.083983	supercritical
415.69	433.00	177.65	0.0056291	818.00	1061.7	4.0205	2.1706	3.2351	725.15	0.020873	2.4317e-05	0.084030	supercritical
416.69	433.00	177.17	0.0056443	820.58	1065.0	4.0282	2.1736	3.2356	725.04	0.020829	2.4298e-05	0.084078	supercritical
417.69	433.00	176.70	0.0056594	823.16	1068.2	4.0360	2.1767	3.2361	724.93	0.020784	2.4280e-05	0.084127	supercritical
418.69	433.00	176.22	0.0056746	825.74	1071.5	4.0437	2.1798	3.2367	724.83	0.020736	2.4262e-05	0.084177	supercritical
419.69	433.00	175.75	0.0056897	828.32	1074.7	4.0515	2.1830	3.2372	724.74	0.020687	2.4244e-05	0.084228	supercritical
420.69	433.00	175.29	0.0057049	830.90	1077.9	4.0592	2.1861	3.2378	724.65	0.020637	2.4227e-05	0.084281	supercritical
421.69	433.00	174.82	0.0057200	833.49	1081.2	4.0668	2.1892	3.2384	724.56	0.020585	2.4211e-05	0.084335	supercritical
422.69	433.00	174.36	0.0057352	836.07	1084.4	4.0745	2.1923	3.2390	724.49	0.020531	2.4194e-05	0.084390	supercritical
423.69	433.00	173.90	0.0057503	838.65	1087.6	4.0822	2.1955	3.2397	724.41	0.020476	2.4178e-05	0.084446	supercritical
424.69	433.00	173.45	0.0057655	841.24	1090.9	4.0898	2.1986	3.2403	724.35	0.020420	2.4162e-05	0.084504	supercritical
425.69	433.00	172.99	0.0057806	843.82	1094.1	4.0974	2.2018	3.2410	724.29	0.020362	2.4147e-05	0.084562	supercritical
426.69	433.00	172.54	0.0057957	846.41	1097.4	4.1050	2.2049	3.2417	724.23	0.020302	2.4132e-05	0.084622	supercritical
427.69	433.00	172.09	0.0058108	849.00	1100.6	4.1126	2.2081	3.2424	724.18	0.020242	2.4117e-05	0.084683	supercritical
428.69	433.00	171.65	0.0058260	851.58	1103.8	4.1202	2.2113	3.2432	724.13	0.020180	2.4103e-05	0.084745	supercritical
429.69	433.00	171.20	0.0058411	854.17	1107.1	4.1278	2.2145	3.2439	724.09	0.020116	2.4089e-05	0.084808	supercritical
430.69	433.00	170.76	0.0058562	856.76	1110.3	4.1353	2.2176	3.2447	724.06	0.020052	2.4075e-05	0.084872	supercritical
431.69	433.00	170.32	0.0058713	859.35	1113.6	4.1428	2.2208	3.2455	724.03	0.019986	2.4062e-05	0.084937	supercritical
432.69	433.00	169.88	0.0058864	861.95	1116.8	4.1503	2.2240	3.2463	724.00	0.019919	2.4049e-05	0.085003	supercritical
433.69	433.00	169.45	0.0059015	864.54	1120.1	4.1578	2.2272	3.2472	723.98	0.019850	2.4036e-05	0.085071	supercritical
434.69	433.00	169.02	0.0059166	867.13	1123.3	4.1653	2.2305	3.2480	723.96	0.019781	2.4024e-05	0.085139	supercritical
435.69	433.00	168.59	0.0059317	869.73	1126.6	4.1728	2.2337	3.2489	723.95	0.019710	2.4012e-05	0.085208	supercritical
436.69	433.00	168.16	0.0059467	872.32	1129.8	4.1802	2.2369	3.2498	723.95	0.019638	2.4000e-05	0.085279	supercritical
437.69	433.00	167.73	0.0059618	874.92	1133.1	4.1877	2.2401	3.2507	723.94	0.019566	2.3988e-05	0.085351	supercritical
438.69	433.00	167.31	0.0059769	877.52	1136.3	4.1951	2.2434	3.2517	723.94	0.019492	2.3977e-05	0.085423	supercritical
439.69	433.00	166.89	0.0059920	880.12	1139.6	4.2025	2.2466	3.2526	723.95	0.019417	2.3966e-05	0.085497	supercritical
440.69	433.00	166.47	0.0060070	882.72	1142.8	4.2099	2.2499	3.2536	723.96	0.019340	2.3956e-05	0.085571	supercritical
441.69	433.00	166.06	0.0060221	885.32	1146.1	4.2172	2.2531	3.2546	723.98	0.019263	2.3945e-05	0.085647	supercritical
442.69	433.00	165.64	0.0060371	887.93	1149.3	4.2246	2.2564	3.2556	724.00	0.019185	2.3935e-05	0.085724	supercritical
443.69	433.00	165.23	0.0060522	890.53	1152.6	4.2320	2.2596	3.2566	724.02	0.019106	2.3925e-05	0.085801	supercritical
444.69	433.00	164.82	0.0060672	893.14	1155.8	4.2393	2.2629	3.2577	724.05	0.019026	2.3916e-05	0.085880	supercritical
445.69	433.00	164.41	0.0060822	895.75	1159.1	4.2466	2.2662	3.2588	724.08	0.018945	2.3907e-05	0.085960	supercritical
446.69	433.00	164.01	0.0060973	898.35	1162.4	4.2539	2.2695	3.2598	724.12	0.018864	2.3898e-05	0.086040	supercritical
447.69	433.00	163.60	0.0061123	900.96	1165.6	4.2612	2.2728	3.2609	724.16	0.018781	2.3889e-05	0.086122	supercritical
448.69	433.00	163.20	0.0061273	903.57	1168.9	4.2685	2.2761	3.2621	724.20	0.018697	2.3880e-05	0.086204	supercritical
449.69	433.00	162.80	0.0061423	906.19	1172.2	4.2757	2.2794	3.2632	724.25	0.018613	2.3872e-05	0.086287	supercritical
450.69	433.00	162.41	0.0061573	908.80	1175.4	4.2830	2.2827	3.2644	724.30	0.018528	2.3864e-05	0.086372	supercritical
451.69	433.00	162.01	0.0061723	911.42	1178.7	4.2902	2.2860	3.2655	724.36	0.018442	2.3857e-05	0.086457	supercritical
452.69	433.00	161.62	0.0061873	914.03	1181.9	4.2975	2.2893	3.2667	724.41	0.018355	2.3849e-05	0.086543	supercritical
453.69	433.00	161.23	0.0062023	916.65	1185.2	4.3047	2.2926	3.2679	724.48	0.018267	2.3842e-05	0.086630	supercritical
454.69	433.00	160.84	0.0062173	919.27	1188.5	4.3119	2.2959	3.2692	724.54	0.018179	2.3835e-05	0.086718	supercritical
455.69	433.00	160.45	0.0062323	921.89	1191.8	4.3190	2.2992	3.2704	724.61	0.018090	2.3829e-05	0.086807	supercritical
456.69	433.00	160.07	0.0062473	924.52	1195.0	4.3262	2.3026	3.2717	724.69	0.018000	2.3822e-05	0.086897	supercritical
457.69	433.00	159.69	0.0062622	927.14	1198.3	4.3334	2.3059	3.2729	724.76	0.017910	2.3816e-05	0.086988	supercritical
458.69	433.00	159.31	0.0062772	929.77	1201.6	4.3405	2.3092	3.2742	724.84	0.017819	2.3810e-05	0.087079	supercritical
459.69	433.00	158.93	0.0062921	932.39	1204.8	4.3476	2.3126	3.2755	724.93	0.017727	2.3804e-05	0.087172	supercritical
460.69	433.00	158.55	0.0063071	935.02	1208.1	4.3548	2.3159	3.2769	725.01	0.017635	2.3799e-05	0.087265	supercritical
461.69	433.00	158.18	0.0063220	937.65	1211.4	4.3619	2.3193	3.2782	725.11	0.017542	2.3793e-05	0.087359	supercritical
462.69	433.00	157.80	0.0063370	940.28	1214.7	4.3690	2.3226	3.2796	725.20	0.017448	2.3788e-05	0.087454	supercritical
463.69	433.00	157.43	0.0063519	942.92	1218.0	4.3760	2.3260	3.2809	725.30	0.017354	2.3783e-05	0.087550	supercritical
464.69	433.00	157.06	0.0063668	945.55	1221.2	4.3831	2.3294	3.2823	725.40	0.017259	2.3779e-05	0.087647	supercritical
465.69	433.00	156.70	0.0063817	948.19	1224.5	4.3902	2.3327	3.2837	725.50	0.017164	2.3774e-05	0.087745	supercritical
466.69	433.00	156.33	0.0063966	950.83	1227.8	4.3972	2.3361	3.2851	725.60	0.017068	2.3770e-05	0.087843	supercritical
467.69	433.00	155.97	0.0064115	953.47	1231.1	4.4043	2.3395	3.2866	725.71	0.016972	2.3766e-05	0.087942	supercritical
468.69	433.00	155.61	0.0064264	956.11	1234.4	4.4113	2.3428	3.2880	725.83	0.016875	2.3762e-05	0.088042	supercritical
469.69	433.00	155.25	0.0064413	958.76	1237.7	4.4183	2.3462	3.2895	725.94	0.016778	2.3759e-05	0.088143	supercritical
470.69	433.00	154.89	0.0064562	961.40	1241.0	4.4253	2.3496	3.2910	726.06	0.016680	2.3756e-05	0.088245	supercritical
471.69	433.00	154.53	0.0064711	964.05	1244.2	4.4323	2.3530	3.2925	726.18	0.016582	2.3752e-05	0.088347	supercritical
472.69	433.00	154.18	0.0064860	966.70	1247.5	4.4392	2.3564	3.2940	726.30	0.016483	2.3749e-05	0.088450	supercritical
473.69	433.00	153.83	0.0065008	969.35	1250.8	4.4462	2.3598	3.2955	726.43	0.016384	2.3747e-05	0.088554	supercritical
474.69	433.00	153.48	0.0065157	972.00	1254.1	4.4532	2.3632	3.2971	726.56	0.016285	2.3744e-05	0.088659	supercritical
475.69	433.00	153.13	0.0065306	974.66	1257.4	4.4601	2.3666	3.2986	726.69	0.016185	2.3742e-05	0.088764	supercritical
476.69	433.00	152.78	0.0065454	977.31	1260.7	4.4670	2.3700	3.3002	726.83	0.016085	2.3740e-05	0.088871	supercritical
477.69	433.00	152.43	0.0065602	979.97	1264.0	4.4739	2.3734	3.3018	726.96	0.015984	2.3738e-05	0.088978	supercritical
478.69	433.00	152.09	0.0065751	982.63	1267.3	4.4808	2.3768	3.3034	727.10	0.015883	2.3736e-05	0.089086	supercritical
479.69	433.00	151.75	0.0065899	985.29	1270.6	4.4877	2.3802	3.3050	727.25	0.015782	2.3734e-05	0.089194	supercritical
480.69	433.00	151.41	0.0066047	987.96	1273.9	4.4946	2.3837	3.3066	727.39	0.015680	2.3733e-05	0.089304	supercritical
481.69	433.00	151.07	0.0066195	990.62	1277.3	4.5015	2.3871	3.3082	727.54	0.015578	2.3731e-05	0.089414	supercritical
482.69	433.00	150.73	0.0066344	993.29	1280.6	4.5084	2.3905	3.3099	727.69	0.015476	2.3730e-05	0.089524	supercritical
483.69	433.00	150.40	0.0066492	995.96	1283.9	4.5152	2.3939	3.3115	727.84	0.015373	2.3729e-05	0.089636	supercritical
484.69	433.00	150.06	0.0066640	998.63	1287.2	4.5221	2.3973	3.3132	728.00	0.015270	2.3729e-05	0.089748	supercritical
485.69	433.00	149.73	0.0066787	1001.3	1290.5	4.5289	2.4008	3.3149	728.15	0.015167	2.3728e-05	0.089861	supercritical
486.69	433.00	149.40	0.0066935	1004.0	1293.8	4.5357	2.4042	3.3166	728.31	0.015064	2.3728e-05	0.089975	supercritical
487.69	433.00	149.07	0.0067083	1006.7	1297.1	4.5425	2.4076	3.3183	728.48	0.014960	2.3727e-05	0.090089	supercritical
488.69	433.00	148.74	0.0067231	1009.3	1300.4	4.5493	2.4111	3.3201	728.64	0.014856	2.3727e-05	0.090204	supercritical
489.69	433.00	148.42	0.0067378	1012.0	1303.8	4.5561	2.4145	3.3218	728.81	0.014752	2.3727e-05	0.090320	supercritical
490.69	433.00	148.09	0.0067526	1014.7	1307.1	4.5629	2.4180	3.3236	728.98	0.014648	2.3728e-05	0.090436	supercritical
491.69	433.00	147.77	0.0067673	1017.4	1310.4	4.5697	2.4214	3.3253	729.15	0.014543	2.3728e-05	0.090553	supercritical
492.69	433.00	147.45	0.0067821	1020.1	1313.7	4.5764	2.4249	3.3271	729.32	0.014439	2.3729e-05	0.090671	supercritical
493.69	433.00	147.13	0.0067968	1022.8	1317.1	4.5832	2.4283	3.3289	729.50	0.014334	2.3729e-05	0.090790	supercritical
494.69	433.00	146.81	0.0068116	1025.5	1320.4	4.5899	2.4318	3.3307	729.67	0.014229	2.3730e-05	0.090909	supercritical
495.69	433.00	146.49	0.0068263	1028.2	1323.7	4.5966	2.4352	3.3325	729.85	0.014123	2.3731e-05	0.091029	supercritical
496.69	433.00	146.18	0.0068410	1030.9	1327.1	4.6033	2.4387	3.3344	730.04	0.014018	2.3733e-05	0.091149	supercritical
497.69	433.00	145.86	0.0068557	1033.5	1330.4	4.6100	2.4421	3.3362	730.22	0.013912	2.3734e-05	0.091270	supercritical
498.69	433.00	145.55	0.0068704	1036.3	1333.7	4.6167	2.4456	3.3380	730.41	0.013807	2.3736e-05	0.091392	supercritical
499.69	433.00	145.24	0.0068851	1039.0	1337.1	4.6234	2.4491	3.3399	730.59	0.013701	2.3737e-05	0.091515	supercritical
500.69	433.00	144.93	0.0068998	1041.7	1340.4	4.6301	2.4525	3.3418	730.78	0.013595	2.3739e-05	0.091638	supercritical
501.69	433.00	144.62	0.0069145	1044.4	1343.8	4.6368	2.4560	3.3437	730.98	0.013489	2.3741e-05	0.091762	supercritical
502.69	433.00	144.32	0.0069292	1047.1	1347.1	4.6434	2.4595	3.3456	731.17	0.013383	2.3743e-05	0.091886	supercritical
503.69	433.00	144.01	0.0069438	1049.8	1350.5	4.6501	2.4629	3.3475	731.36	0.013277	2.3745e-05	0.092011	supercritical
504.69	433.00	143.71	0.0069585	1052.5	1353.8	4.6567	2.4664	3.3494	731.56	0.013170	2.3748e-05	0.092137	supercritical
505.69	433.00	143.41	0.0069732	1055.2	1357.2	4.6634	2.4699	3.3513	731.76	0.013064	2.3750e-05	0.092263	supercritical
506.69	433.00	143.11	0.0069878	1057.9	1360.5	4.6700	2.4734	3.3533	731.96	0.012957	2.3753e-05	0.092390	supercritical
507.69	433.00	142.81	0.0070025	1060.7	1363.9	4.6766	2.4768	3.3552	732.17	0.012851	2.3756e-05	0.092517	supercritical
508.69	433.00	142.51	0.0070171	1063.4	1367.2	4.6832	2.4803	3.3572	732.37	0.012744	2.3758e-05	0.092645	supercritical
509.69	433.00	142.21	0.0070317	1066.1	1370.6	4.6898	2.4838	3.3592	732.58	0.012638	2.3761e-05	0.092774	supercritical
510.69	433.00	141.92	0.0070463	1068.8	1373.9	4.6964	2.4873	3.3612	732.78	0.012531	2.3765e-05	0.092903	supercritical
511.69	433.00	141.62	0.0070610	1071.6	1377.3	4.7030	2.4908	3.3631	732.99	0.012424	2.3768e-05	0.093033	supercritical
512.69	433.00	141.33	0.0070756	1074.3	1380.7	4.7095	2.4942	3.3652	733.21	0.012318	2.3771e-05	0.093163	supercritical
513.69	433.00	141.04	0.0070902	1077.0	1384.0	4.7161	2.4977	3.3672	733.42	0.012211	2.3775e-05	0.093294	supercritical
514.69	433.00	140.75	0.0071048	1079.8	1387.4	4.7226	2.5012	3.3692	733.63	0.012104	2.3779e-05	0.093426	supercritical
515.69	433.00	140.46	0.0071194	1082.5	1390.8	4.7292	2.5047	3.3712	733.85	0.011997	2.3782e-05	0.093558	supercritical
516.69	433.00	140.17	0.0071340	1085.2	1394.1	4.7357	2.5082	3.3733	734.07	0.011891	2.3786e-05	0.093691	supercritical
517.69	433.00	139.89	0.0071485	1088.0	1397.5	4.7422	2.5117	3.3753	734.29	0.011784	2.3790e-05	0.093824	supercritical
518.69	433.00	139.60	0.0071631	1090.7	1400.9	4.7488	2.5152	3.3774	734.51	0.011677	2.3795e-05	0.093958	supercritical
519.69	433.00	139.32	0.0071777	1093.5	1404.3	4.7553	2.5187	3.3795	734.73	0.011570	2.3799e-05	0.094093	supercritical
520.69	433.00	139.04	0.0071922	1096.2	1407.6	4.7618	2.5222	3.3816	734.96	0.011464	2.3803e-05	0.094228	supercritical
521.69	433.00	138.76	0.0072068	1099.0	1411.0	4.7683	2.5257	3.3836	735.18	0.011357	2.3808e-05	0.094363	supercritical
522.69	433.00	138.48	0.0072213	1101.7	1414.4	4.7747	2.5291	3.3857	735.41	0.011251	2.3812e-05	0.094500	supercritical
523.69	433.00	138.20	0.0072359	1104.5	1417.8	4.7812	2.5326	3.3879	735.64	0.011144	2.3817e-05	0.094636	supercritical
524.69	433.00	137.92	0.0072504	1107.2	1421.2	4.7877	2.5361	3.3900	735.87	0.011038	2.3822e-05	0.094774	supercritical
525.69	433.00	137.65	0.0072649	1110.0	1424.6	4.7941	2.5396	3.3921	736.10	0.010931	2.3827e-05	0.094911	supercritical
526.69	433.00	137.37	0.0072795	1112.8	1428.0	4.8006	2.5431	3.3942	736.33	0.010825	2.3832e-05	0.095050	supercritical
527.69	433.00	137.10	0.0072940	1115.5	1431.4	4.8070	2.5466	3.3964	736.57	0.010718	2.3837e-05	0.095188	supercritical
528.69	433.00	136.83	0.0073085	1118.3	1434.8	4.8135	2.5501	3.3986	736.80	0.010612	2.3843e-05	0.095328	supercritical
529.69	433.00	136.56	0.0073230	1121.1	1438.2	4.8199	2.5536	3.4007	737.04	0.010506	2.3848e-05	0.095468	supercritical
530.69	433.00	136.29	0.0073375	1123.9	1441.6	4.8263	2.5571	3.4029	737.28	0.010400	2.3854e-05	0.095608	supercritical
531.69	433.00	136.02	0.0073520	1126.6	1445.0	4.8327	2.5606	3.4051	737.52	0.010294	2.3859e-05	0.095749	supercritical
532.69	433.00	135.75	0.0073665	1129.4	1448.4	4.8391	2.5642	3.4073	737.76	0.010188	2.3865e-05	0.095890	supercritical
533.69	433.00	135.48	0.0073809	1132.2	1451.8	4.8455	2.5677	3.4095	738.00	0.010082	2.3871e-05	0.096032	supercritical
534.69	433.00	135.22	0.0073954	1135.0	1455.2	4.8519	2.5712	3.4117	738.24	0.0099768	2.3877e-05	0.096175	supercritical
535.69	433.00	134.95	0.0074099	1137.8	1458.6	4.8583	2.5747	3.4139	738.49	0.0098712	2.3883e-05	0.096318	supercritical
536.69	433.00	134.69	0.0074243	1140.5	1462.0	4.8646	2.5782	3.4161	738.73	0.0097657	2.3889e-05	0.096461	supercritical
537.69	433.00	134.43	0.0074388	1143.3	1465.4	4.8710	2.5817	3.4183	738.98	0.0096604	2.3895e-05	0.096605	supercritical
538.69	433.00	134.17	0.0074532	1146.1	1468.9	4.8773	2.5852	3.4206	739.23	0.0095552	2.3901e-05	0.096750	supercritical
539.69	433.00	133.91	0.0074677	1148.9	1472.3	4.8837	2.5887	3.4228	739.48	0.0094501	2.3908e-05	0.096895	supercritical
540.69	433.00	133.65	0.0074821	1151.7	1475.7	4.8900	2.5922	3.4251	739.73	0.0093451	2.3914e-05	0.097040	supercritical
541.69	433.00	133.39	0.0074965	1154.5	1479.1	4.8964	2.5957	3.4273	739.98	0.0092403	2.3921e-05	0.097186	supercritical
542.69	433.00	133.14	0.0075110	1157.3	1482.6	4.9027	2.5992	3.4296	740.24	0.0091356	2.3928e-05	0.097332	supercritical
543.69	433.00	132.88	0.0075254	1160.1	1486.0	4.9090	2.6027	3.4319	740.49	0.0090310	2.3934e-05	0.097479	supercritical
544.69	433.00	132.63	0.0075398	1163.0	1489.4	4.9153	2.6062	3.4342	740.75	0.0089266	2.3941e-05	0.097627	supercritical
545.69	433.00	132.38	0.0075542	1165.8	1492.9	4.9216	2.6097	3.4365	741.00	0.0088223	2.3948e-05	0.097774	supercritical
546.69	433.00	132.13	0.0075686	1168.6	1496.3	4.9279	2.6133	3.4388	741.26	0.0087182	2.3955e-05	0.097923	supercritical
547.69	433.00	131.87	0.0075830	1171.4	1499.7	4.9342	2.6168	3.4411	741.52	0.0086142	2.3963e-05	0.098071	supercritical
548.69	433.00	131.62	0.0075973	1174.2	1503.2	4.9405	2.6203	3.4434	741.78	0.0085104	2.3970e-05	0.098221	supercritical
549.69	433.00	131.38	0.0076117	1177.0	1506.6	4.9467	2.6238	3.4457	742.04	0.0084068	2.3977e-05	0.098370	supercritical
550.69	433.00	131.13	0.0076261	1179.9	1510.1	4.9530	2.6273	3.4480	742.30	0.0083033	2.3985e-05	0.098521	supercritical
551.69	433.00	130.88	0.0076405	1182.7	1513.5	4.9593	2.6308	3.4504	742.56	0.0082000	2.3992e-05	0.098671	supercritical
552.69	433.00	130.64	0.0076548	1185.5	1517.0	4.9655	2.6343	3.4527	742.83	0.0080969	2.4000e-05	0.098822	supercritical
553.69	433.00	130.39	0.0076692	1188.4	1520.4	4.9717	2.6378	3.4550	743.09	0.0079939	2.4007e-05	0.098974	supercritical
554.69	433.00	130.15	0.0076835	1191.2	1523.9	4.9780	2.6413	3.4574	743.36	0.0078911	2.4015e-05	0.099126	supercritical
555.69	433.00	129.91	0.0076979	1194.0	1527.3	4.9842	2.6448	3.4598	743.62	0.0077885	2.4023e-05	0.099278	supercritical
556.69	433.00	129.66	0.0077122	1196.9	1530.8	4.9904	2.6483	3.4621	743.89	0.0076860	2.4031e-05	0.099431	supercritical
557.69	433.00	129.42	0.0077265	1199.7	1534.3	4.9967	2.6519	3.4645	744.16	0.0075838	2.4039e-05	0.099584	supercritical
558.69	433.00	129.18	0.0077408	1202.6	1537.7	5.0029	2.6554	3.4669	744.43	0.0074817	2.4047e-05	0.099738	supercritical
559.69	433.00	128.95	0.0077552	1205.4	1541.2	5.0091	2.6589	3.4693	744.70	0.0073799	2.4055e-05	0.099892	supercritical
560.69	433.00	128.71	0.0077695	1208.3	1544.7	5.0153	2.6624	3.4716	744.97	0.0072782	2.4063e-05	0.10005	supercritical
561.69	433.00	128.47	0.0077838	1211.1	1548.1	5.0214	2.6659	3.4740	745.24	0.0071767	2.4072e-05	0.10020	supercritical
562.69	433.00	128.24	0.0077981	1214.0	1551.6	5.0276	2.6694	3.4764	745.52	0.0070754	2.4080e-05	0.10036	supercritical
563.69	433.00	128.00	0.0078124	1216.8	1555.1	5.0338	2.6729	3.4789	745.79	0.0069743	2.4089e-05	0.10051	supercritical
564.69	433.00	127.77	0.0078267	1219.7	1558.6	5.0400	2.6764	3.4813	746.07	0.0068734	2.4097e-05	0.10067	supercritical
565.69	433.00	127.54	0.0078409	1222.5	1562.1	5.0461	2.6799	3.4837	746.34	0.0067728	2.4106e-05	0.10083	supercritical
566.69	433.00	127.30	0.0078552	1225.4	1565.5	5.0523	2.6834	3.4861	746.62	0.0066723	2.4114e-05	0.10098	supercritical
567.69	433.00	127.07	0.0078695	1228.3	1569.0	5.0584	2.6869	3.4886	746.89	0.0065720	2.4123e-05	0.10114	supercritical
568.69	433.00	126.84	0.0078837	1231.2	1572.5	5.0646	2.6905	3.4910	747.17	0.0064720	2.4132e-05	0.10130	supercritical
569.69	433.00	126.61	0.0078980	1234.0	1576.0	5.0707	2.6940	3.4934	747.45	0.0063721	2.4141e-05	0.10146	supercritical
570.69	433.00	126.39	0.0079123	1236.9	1579.5	5.0768	2.6975	3.4959	747.73	0.0062725	2.4150e-05	0.10161	supercritical
571.69	433.00	126.16	0.0079265	1239.8	1583.0	5.0830	2.7010	3.4983	748.01	0.0061731	2.4159e-05	0.10177	supercritical
572.69	433.00	125.93	0.0079407	1242.7	1586.5	5.0891	2.7045	3.5008	748.29	0.0060739	2.4168e-05	0.10193	supercritical
573.69	433.00	125.71	0.0079550	1245.6	1590.0	5.0952	2.7080	3.5033	748.58	0.0059749	2.4177e-05	0.10209	supercritical
574.69	433.00	125.48	0.0079692	1248.4	1593.5	5.1013	2.7115	3.5057	748.86	0.0058762	2.4186e-05	0.10225	supercritical
575.69	433.00	125.26	0.0079834	1251.3	1597.0	5.1074	2.7150	3.5082	749.14	0.0057776	2.4196e-05	0.10241	supercritical
576.69	433.00	125.04	0.0079976	1254.2	1600.5	5.1135	2.7185	3.5107	749.43	0.0056793	2.4205e-05	0.10257	supercritical
577.69	433.00	124.82	0.0080119	1257.1	1604.0	5.1196	2.7220	3.5132	749.71	0.0055812	2.4215e-05	0.10274	supercritical
578.69	433.00	124.59	0.0080261	1260.0	1607.6	5.1256	2.7255	3.5157	750.00	0.0054834	2.4224e-05	0.10290	supercritical
579.69	433.00	124.37	0.0080403	1262.9	1611.1	5.1317	2.7290	3.5182	750.28	0.0053858	2.4234e-05	0.10306	supercritical
580.69	433.00	124.15	0.0080545	1265.8	1614.6	5.1378	2.7325	3.5207	750.57	0.0052884	2.4243e-05	0.10322	supercritical
581.69	433.00	123.94	0.0080686	1268.7	1618.1	5.1438	2.7360	3.5232	750.86	0.0051912	2.4253e-05	0.10339	supercritical
582.69	433.00	123.72	0.0080828	1271.6	1621.6	5.1499	2.7395	3.5257	751.15	0.0050943	2.4263e-05	0.10355	supercritical
583.69	433.00	123.50	0.0080970	1274.6	1625.2	5.1559	2.7430	3.5282	751.44	0.0049976	2.4273e-05	0.10371	supercritical
584.69	433.00	123.29	0.0081112	1277.5	1628.7	5.1620	2.7465	3.5307	751.73	0.0049012	2.4283e-05	0.10388	supercritical
585.69	433.00	123.07	0.0081253	1280.4	1632.2	5.1680	2.7500	3.5333	752.02	0.0048049	2.4292e-05	0.10404	supercritical
586.69	433.00	122.86	0.0081395	1283.3	1635.8	5.1741	2.7535	3.5358	752.31	0.0047090	2.4302e-05	0.10421	supercritical
587.69	433.00	122.64	0.0081536	1286.2	1639.3	5.1801	2.7570	3.5383	752.60	0.0046132	2.4313e-05	0.10437	supercritical
588.69	433.00	122.43	0.0081678	1289.2	1642.8	5.1861	2.7605	3.5409	752.89	0.0045177	2.4323e-05	0.10454	supercritical
589.69	433.00	122.22	0.0081819	1292.1	1646.4	5.1921	2.7640	3.5434	753.19	0.0044225	2.4333e-05	0.10470	supercritical
590.69	433.00	122.01	0.0081961	1295.0	1649.9	5.1981	2.7675	3.5459	753.48	0.0043275	2.4343e-05	0.10487	supercritical
591.69	433.00	121.80	0.0082102	1298.0	1653.5	5.2041	2.7710	3.5485	753.77	0.0042327	2.4353e-05	0.10503	supercritical
592.69	433.00	121.59	0.0082243	1300.9	1657.0	5.2101	2.7745	3.5511	754.07	0.0041382	2.4364e-05	0.10520	supercritical
593.69	433.00	121.38	0.0082385	1303.8	1660.6	5.2161	2.7779	3.5536	754.37	0.0040439	2.4374e-05	0.10537	supercritical
594.69	433.00	121.17	0.0082526	1306.8	1664.1	5.2221	2.7814	3.5562	754.66	0.0039499	2.4385e-05	0.10554	supercritical
595.69	433.00	120.97	0.0082667	1309.7	1667.7	5.2281	2.7849	3.5587	754.96	0.0038561	2.4395e-05	0.10570	supercritical
596.69	433.00	120.76	0.0082808	1312.7	1671.2	5.2340	2.7884	3.5613	755.26	0.0037626	2.4406e-05	0.10587	supercritical
597.69	433.00	120.56	0.0082949	1315.6	1674.8	5.2400	2.7919	3.5639	755.55	0.0036693	2.4416e-05	0.10604	supercritical
598.69	433.00	120.35	0.0083090	1318.6	1678.4	5.2459	2.7954	3.5665	755.85	0.0035763	2.4427e-05	0.10621	supercritical
599.69	433.00	120.15	0.0083231	1321.5	1681.9	5.2519	2.7989	3.5691	756.15	0.0034835	2.4438e-05	0.10638	supercritical
600.69	433.00	119.94	0.0083372	1324.5	1685.5	5.2579	2.8024	3.5717	756.45	0.0033910	2.4449e-05	0.10655	supercritical
601.69	433.00	119.74	0.0083512	1327.5	1689.1	5.2638	2.8058	3.5742	756.75	0.0032987	2.4459e-05	0.10672	supercritical
602.69	433.00	119.54	0.0083653	1330.4	1692.7	5.2697	2.8093	3.5768	757.05	0.0032067	2.4470e-05	0.10689	supercritical
603.69	433.00	119.34	0.0083794	1333.4	1696.2	5.2757	2.8128	3.5794	757.35	0.0031149	2.4481e-05	0.10706	supercritical
604.69	433.00	119.14	0.0083934	1336.4	1699.8	5.2816	2.8163	3.5820	757.65	0.0030234	2.4492e-05	0.10723	supercritical
605.69	433.00	118.94	0.0084075	1339.4	1703.4	5.2875	2.8198	3.5846	757.96	0.0029322	2.4503e-05	0.10740	supercritical
606.69	433.00	118.74	0.0084215	1342.3	1707.0	5.2934	2.8232	3.5873	758.26	0.0028412	2.4514e-05	0.10757	supercritical
607.69	433.00	118.55	0.0084356	1345.3	1710.6	5.2993	2.8267	3.5899	758.56	0.0027504	2.4526e-05	0.10774	supercritical
608.69	433.00	118.35	0.0084496	1348.3	1714.2	5.3052	2.8302	3.5925	758.86	0.0026599	2.4537e-05	0.10792	supercritical
609.69	433.00	118.15	0.0084637	1351.3	1717.8	5.3111	2.8337	3.5951	759.17	0.0025697	2.4548e-05	0.10809	supercritical
610.69	433.00	117.96	0.0084777	1354.3	1721.4	5.3170	2.8372	3.5977	759.47	0.0024797	2.4559e-05	0.10826	supercritical
611.69	433.00	117.76	0.0084917	1357.3	1725.0	5.3229	2.8406	3.6004	759.78	0.0023900	2.4571e-05	0.10844	supercritical
612.69	433.00	117.57	0.0085057	1360.3	1728.6	5.3288	2.8441	3.6030	760.08	0.0023005	2.4582e-05	0.10861	supercritical
613.69	433.00	117.37	0.0085198	1363.3	1732.2	5.3347	2.8476	3.6056	760.39	0.0022113	2.4594e-05	0.10878	supercritical
614.69	433.00	117.18	0.0085338	1366.3	1735.8	5.3406	2.8510	3.6083	760.70	0.0021224	2.4605e-05	0.10896	supercritical
615.69	433.00	116.99	0.0085478	1369.3	1739.4	5.3464	2.8545	3.6109	761.00	0.0020337	2.4617e-05	0.10913	supercritical
616.69	433.00	116.80	0.0085618	1372.3	1743.0	5.3523	2.8580	3.6135	761.31	0.0019453	2.4628e-05	0.10931	supercritical
617.69	433.00	116.61	0.0085758	1375.3	1746.6	5.3581	2.8614	3.6162	761.62	0.0018571	2.4640e-05	0.10948	supercritical
618.69	433.00	116.42	0.0085898	1378.3	1750.2	5.3640	2.8649	3.6188	761.93	0.0017692	2.4651e-05	0.10966	supercritical
619.69	433.00	116.23	0.0086037	1381.3	1753.8	5.3698	2.8684	3.6215	762.23	0.0016816	2.4663e-05	0.10983	supercritical
620.69	433.00	116.04	0.0086177	1384.3	1757.5	5.3757	2.8718	3.6242	762.54	0.0015942	2.4675e-05	0.11001	supercritical
621.69	433.00	115.85	0.0086317	1387.3	1761.1	5.3815	2.8753	3.6268	762.85	0.0015071	2.4687e-05	0.11018	supercritical
622.69	433.00	115.66	0.0086457	1390.4	1764.7	5.3874	2.8787	3.6295	763.16	0.0014202	2.4698e-05	0.11036	supercritical
623.69	433.00	115.48	0.0086596	1393.4	1768.3	5.3932	2.8822	3.6321	763.47	0.0013336	2.4710e-05	0.11054	supercritical
624.69	433.00	115.29	0.0086736	1396.4	1772.0	5.3990	2.8857	3.6348	763.78	0.0012473	2.4722e-05	0.11071	supercritical