Temperature (K)	Pressure (bar)	Density (kg/m3)	Volume (m3/kg)	Internal Energy (kJ/kg)	Enthalpy (kJ/kg)	Entropy (J/g*K)	Cv (J/g*K)	Cp (J/g*K)	Sound Spd. (m/s)	Joule-Thomson (K/bar)	Viscosity (Pa*s)	Therm. Cond. (W/m*K)	Phase
90.694	665.00	484.57	0.0020637	-97.916	39.320	-1.0469	2.2916	3.2051	1881.4	-0.052737	0.00044358	0.26133	liquid
106.69	665.00	469.28	0.0021309	-51.279	90.429	-0.52790	2.2163	3.1872	1793.5	-0.052470	0.00024076	0.24724	liquid
107.69	665.00	468.33	0.0021352	-48.378	93.616	-0.49817	2.2122	3.1866	1787.9	-0.052437	0.00023381	0.24626	liquid
108.69	665.00	467.39	0.0021396	-45.479	96.802	-0.46872	2.2082	3.1859	1782.4	-0.052402	0.00022725	0.24528	liquid
109.69	665.00	466.44	0.0021439	-42.582	99.987	-0.43954	2.2041	3.1853	1776.8	-0.052367	0.00022106	0.24429	liquid
110.69	665.00	465.50	0.0021482	-39.686	103.17	-0.41064	2.2001	3.1846	1771.2	-0.052330	0.00021519	0.24329	liquid
111.69	665.00	464.56	0.0021526	-36.791	106.36	-0.38200	2.1962	3.1840	1765.6	-0.052293	0.00020963	0.24229	liquid
112.69	665.00	463.61	0.0021570	-33.898	109.54	-0.35362	2.1922	3.1833	1760.1	-0.052255	0.00020436	0.24128	liquid
113.69	665.00	462.67	0.0021614	-31.007	112.72	-0.32550	2.1883	3.1827	1754.5	-0.052216	0.00019935	0.24026	liquid
114.69	665.00	461.73	0.0021658	-28.117	115.91	-0.29764	2.1844	3.1820	1749.0	-0.052175	0.00019460	0.23925	liquid
115.69	665.00	460.79	0.0021702	-25.229	119.09	-0.27002	2.1806	3.1813	1743.4	-0.052135	0.00019007	0.23823	liquid
116.69	665.00	459.85	0.0021746	-22.343	122.27	-0.24264	2.1767	3.1806	1737.9	-0.052093	0.00018576	0.23720	liquid
117.69	665.00	458.92	0.0021790	-19.458	125.45	-0.21550	2.1729	3.1799	1732.3	-0.052050	0.00018165	0.23617	liquid
118.69	665.00	457.98	0.0021835	-16.575	128.63	-0.18860	2.1691	3.1792	1726.8	-0.052007	0.00017773	0.23514	liquid
119.69	665.00	457.04	0.0021880	-13.693	131.81	-0.16193	2.1653	3.1785	1721.3	-0.051962	0.00017399	0.23411	liquid
120.69	665.00	456.11	0.0021925	-10.814	134.99	-0.13549	2.1615	3.1778	1715.8	-0.051917	0.00017041	0.23308	liquid
121.69	665.00	455.17	0.0021970	-7.9357	138.16	-0.10927	2.1578	3.1771	1710.3	-0.051871	0.00016699	0.23204	liquid
122.69	665.00	454.24	0.0022015	-5.0595	141.34	-0.083273	2.1540	3.1764	1704.8	-0.051824	0.00016371	0.23100	liquid
123.69	665.00	453.30	0.0022060	-2.1850	144.52	-0.057493	2.1503	3.1756	1699.4	-0.051777	0.00016057	0.22996	liquid
124.69	665.00	452.37	0.0022106	0.68764	147.69	-0.031926	2.1466	3.1749	1693.9	-0.051728	0.00015755	0.22893	liquid
125.69	665.00	451.44	0.0022151	3.5585	150.87	-0.0065695	2.1430	3.1741	1688.5	-0.051679	0.00015466	0.22789	liquid
126.69	665.00	450.51	0.0022197	6.4276	154.04	0.018580	2.1393	3.1733	1683.0	-0.051628	0.00015188	0.22685	liquid
127.69	665.00	449.58	0.0022243	9.2948	157.21	0.043526	2.1357	3.1725	1677.6	-0.051577	0.00014920	0.22581	liquid
128.69	665.00	448.65	0.0022289	12.160	160.38	0.068271	2.1321	3.1717	1672.2	-0.051525	0.00014663	0.22477	liquid
129.69	665.00	447.72	0.0022336	15.024	163.56	0.092818	2.1285	3.1710	1666.8	-0.051472	0.00014415	0.22373	liquid
130.69	665.00	446.79	0.0022382	17.885	166.73	0.11717	2.1249	3.1702	1661.5	-0.051419	0.00014177	0.22269	liquid
131.69	665.00	445.86	0.0022429	20.745	169.90	0.14133	2.1214	3.1693	1656.1	-0.051364	0.00013946	0.22166	liquid
132.69	665.00	444.93	0.0022475	23.603	173.06	0.16530	2.1179	3.1685	1650.7	-0.051308	0.00013724	0.22062	liquid
133.69	665.00	444.00	0.0022522	26.459	176.23	0.18909	2.1143	3.1677	1645.4	-0.051251	0.00013510	0.21959	liquid
134.69	665.00	443.08	0.0022569	29.313	179.40	0.21269	2.1109	3.1669	1640.1	-0.051194	0.00013302	0.21856	liquid
135.69	665.00	442.15	0.0022617	32.165	182.57	0.23611	2.1074	3.1661	1634.8	-0.051135	0.00013102	0.21753	liquid
136.69	665.00	441.22	0.0022664	35.015	185.73	0.25936	2.1040	3.1652	1629.5	-0.051076	0.00012908	0.21650	liquid
137.69	665.00	440.30	0.0022712	37.863	188.90	0.28243	2.1006	3.1644	1624.2	-0.051015	0.00012720	0.21547	liquid
138.69	665.00	439.38	0.0022760	40.709	192.06	0.30532	2.0972	3.1636	1619.0	-0.050954	0.00012538	0.21445	liquid
139.69	665.00	438.45	0.0022808	43.554	195.22	0.32805	2.0938	3.1627	1613.8	-0.050891	0.00012361	0.21343	liquid
140.69	665.00	437.53	0.0022856	46.396	198.39	0.35060	2.0905	3.1619	1608.5	-0.050827	0.00012190	0.21241	liquid
141.69	665.00	436.60	0.0022904	49.236	201.55	0.37299	2.0872	3.1610	1603.3	-0.050763	0.00012024	0.21140	liquid
142.69	665.00	435.68	0.0022952	52.074	204.71	0.39522	2.0839	3.1602	1598.2	-0.050697	0.00011863	0.21038	liquid
143.69	665.00	434.76	0.0023001	54.910	207.87	0.41729	2.0806	3.1594	1593.0	-0.050630	0.00011706	0.20938	liquid
144.69	665.00	433.84	0.0023050	57.745	211.03	0.43920	2.0774	3.1585	1587.8	-0.050562	0.00011554	0.20837	liquid
145.69	665.00	432.92	0.0023099	60.577	214.19	0.46095	2.0742	3.1577	1582.7	-0.050493	0.00011406	0.20737	liquid
146.69	665.00	432.00	0.0023148	63.407	217.34	0.48254	2.0710	3.1568	1577.6	-0.050423	0.00011262	0.20637	liquid
147.69	665.00	431.08	0.0023198	66.235	220.50	0.50399	2.0678	3.1560	1572.5	-0.050352	0.00011122	0.20537	liquid
148.69	665.00	430.16	0.0023247	69.061	223.65	0.52528	2.0647	3.1552	1567.4	-0.050280	0.00010985	0.20438	liquid
149.69	665.00	429.24	0.0023297	71.885	226.81	0.54643	2.0616	3.1543	1562.3	-0.050206	0.00010852	0.20339	liquid
150.69	665.00	428.32	0.0023347	74.707	229.96	0.56743	2.0585	3.1535	1557.3	-0.050132	0.00010723	0.20241	liquid
151.69	665.00	427.41	0.0023397	77.527	233.12	0.58828	2.0554	3.1527	1552.3	-0.050056	0.00010596	0.20143	liquid
152.69	665.00	426.49	0.0023447	80.344	236.27	0.60899	2.0524	3.1519	1547.3	-0.049979	0.00010473	0.20046	liquid
153.69	665.00	425.57	0.0023498	83.160	239.42	0.62956	2.0494	3.1510	1542.3	-0.049901	0.00010353	0.19948	liquid
154.69	665.00	424.66	0.0023548	85.974	242.57	0.65000	2.0464	3.1502	1537.3	-0.049822	0.00010235	0.19852	liquid
155.69	665.00	423.74	0.0023599	88.785	245.72	0.67029	2.0435	3.1494	1532.4	-0.049742	0.00010121	0.19755	liquid
156.69	665.00	422.83	0.0023650	91.595	248.87	0.69045	2.0406	3.1486	1527.4	-0.049660	0.00010009	0.19659	liquid
157.69	665.00	421.91	0.0023702	94.402	252.02	0.71048	2.0377	3.1478	1522.5	-0.049577	9.8994e-05	0.19564	liquid
158.69	665.00	421.00	0.0023753	97.208	255.17	0.73038	2.0348	3.1470	1517.6	-0.049493	9.7925e-05	0.19469	liquid
159.69	665.00	420.09	0.0023805	100.01	258.31	0.75014	2.0320	3.1462	1512.8	-0.049408	9.6880e-05	0.19375	liquid
160.69	665.00	419.17	0.0023856	102.81	261.46	0.76978	2.0292	3.1454	1507.9	-0.049322	9.5857e-05	0.19281	liquid
161.69	665.00	418.26	0.0023908	105.61	264.60	0.78929	2.0264	3.1447	1503.1	-0.049234	9.4857e-05	0.19187	liquid
162.69	665.00	417.35	0.0023961	108.41	267.75	0.80868	2.0236	3.1439	1498.2	-0.049146	9.3877e-05	0.19094	liquid
163.69	665.00	416.44	0.0024013	111.20	270.89	0.82794	2.0209	3.1431	1493.5	-0.049055	9.2919e-05	0.19001	liquid
164.69	665.00	415.53	0.0024066	114.00	274.03	0.84708	2.0182	3.1424	1488.7	-0.048964	9.1980e-05	0.18909	liquid
165.69	665.00	414.62	0.0024118	116.79	277.17	0.86610	2.0156	3.1416	1483.9	-0.048872	9.1061e-05	0.18818	liquid
166.69	665.00	413.71	0.0024171	119.58	280.32	0.88500	2.0129	3.1409	1479.2	-0.048778	9.0161e-05	0.18726	liquid
167.69	665.00	412.80	0.0024225	122.36	283.46	0.90379	2.0103	3.1401	1474.5	-0.048683	8.9278e-05	0.18636	liquid
168.69	665.00	411.89	0.0024278	125.15	286.60	0.92245	2.0077	3.1394	1469.8	-0.048587	8.8413e-05	0.18546	liquid
169.69	665.00	410.99	0.0024332	127.93	289.74	0.94101	2.0052	3.1387	1465.1	-0.048489	8.7565e-05	0.18456	liquid
170.69	665.00	410.08	0.0024385	130.71	292.87	0.95945	2.0027	3.1379	1460.4	-0.048390	8.6733e-05	0.18367	liquid
171.69	665.00	409.17	0.0024439	133.49	296.01	0.97777	2.0002	3.1372	1455.8	-0.048290	8.5917e-05	0.18278	liquid
172.69	665.00	408.27	0.0024494	136.27	299.15	0.99599	1.9977	3.1365	1451.2	-0.048189	8.5116e-05	0.18190	liquid
173.69	665.00	407.36	0.0024548	139.04	302.28	1.0141	1.9953	3.1358	1446.6	-0.048087	8.4331e-05	0.18103	liquid
174.69	665.00	406.46	0.0024603	141.81	305.42	1.0321	1.9929	3.1352	1442.0	-0.047983	8.3560e-05	0.18016	liquid
175.69	665.00	405.56	0.0024657	144.58	308.55	1.0500	1.9905	3.1345	1437.4	-0.047878	8.2803e-05	0.17929	liquid
176.69	665.00	404.65	0.0024713	147.35	311.69	1.0678	1.9882	3.1338	1432.9	-0.047771	8.2060e-05	0.17843	liquid
177.69	665.00	403.75	0.0024768	150.12	314.82	1.0855	1.9859	3.1332	1428.4	-0.047664	8.1330e-05	0.17758	liquid
178.69	665.00	402.85	0.0024823	152.88	317.96	1.1030	1.9836	3.1325	1423.9	-0.047555	8.0613e-05	0.17673	liquid
179.69	665.00	401.95	0.0024879	155.64	321.09	1.1205	1.9814	3.1319	1419.4	-0.047445	7.9909e-05	0.17589	liquid
180.69	665.00	401.05	0.0024935	158.40	324.22	1.1379	1.9792	3.1312	1414.9	-0.047334	7.9217e-05	0.17505	liquid
181.69	665.00	400.15	0.0024991	161.16	327.35	1.1552	1.9770	3.1306	1410.5	-0.047221	7.8537e-05	0.17421	liquid
182.69	665.00	399.25	0.0025047	163.92	330.48	1.1724	1.9748	3.1300	1406.1	-0.047107	7.7868e-05	0.17339	liquid
183.69	665.00	398.35	0.0025104	166.67	333.61	1.1894	1.9727	3.1294	1401.7	-0.046992	7.7211e-05	0.17257	liquid
184.69	665.00	397.45	0.0025160	169.42	336.74	1.2064	1.9706	3.1288	1397.3	-0.046876	7.6565e-05	0.17175	liquid
185.69	665.00	396.55	0.0025217	172.17	339.87	1.2233	1.9685	3.1282	1393.0	-0.046758	7.5929e-05	0.17094	liquid
186.69	665.00	395.66	0.0025274	174.92	343.00	1.2401	1.9665	3.1276	1388.6	-0.046639	7.5304e-05	0.17013	liquid
187.69	665.00	394.76	0.0025332	177.67	346.12	1.2568	1.9645	3.1271	1384.3	-0.046519	7.4690e-05	0.16933	liquid
188.69	665.00	393.87	0.0025389	180.41	349.25	1.2734	1.9625	3.1265	1380.0	-0.046398	7.4085e-05	0.16854	liquid
189.69	665.00	392.97	0.0025447	183.15	352.38	1.2900	1.9606	3.1260	1375.7	-0.046276	7.3490e-05	0.16775	liquid
190.69	665.00	392.08	0.0025505	185.89	355.50	1.3064	1.9587	3.1254	1371.5	-0.046152	7.2904e-05	0.16697	supercritical
191.69	665.00	391.19	0.0025563	188.63	358.63	1.3228	1.9568	3.1249	1367.3	-0.046027	7.2328e-05	0.16619	supercritical
192.69	665.00	390.29	0.0025622	191.37	361.75	1.3390	1.9549	3.1244	1363.0	-0.045901	7.1761e-05	0.16542	supercritical
193.69	665.00	389.40	0.0025680	194.10	364.88	1.3552	1.9531	3.1239	1358.9	-0.045773	7.1202e-05	0.16465	supercritical
194.69	665.00	388.51	0.0025739	196.83	368.00	1.3713	1.9513	3.1234	1354.7	-0.045645	7.0653e-05	0.16389	supercritical
195.69	665.00	387.62	0.0025798	199.56	371.12	1.3873	1.9496	3.1229	1350.5	-0.045515	7.0111e-05	0.16313	supercritical
196.69	665.00	386.73	0.0025858	202.29	374.24	1.4032	1.9479	3.1224	1346.4	-0.045384	6.9578e-05	0.16238	supercritical
197.69	665.00	385.84	0.0025917	205.02	377.37	1.4190	1.9462	3.1219	1342.3	-0.045252	6.9053e-05	0.16163	supercritical
198.69	665.00	384.96	0.0025977	207.74	380.49	1.4348	1.9445	3.1214	1338.2	-0.045119	6.8536e-05	0.16089	supercritical
199.69	665.00	384.07	0.0026037	210.46	383.61	1.4504	1.9429	3.1210	1334.2	-0.044984	6.8027e-05	0.16016	supercritical
200.69	665.00	383.18	0.0026097	213.19	386.73	1.4660	1.9413	3.1206	1330.1	-0.044849	6.7525e-05	0.15943	supercritical
201.69	665.00	382.30	0.0026157	215.90	389.85	1.4815	1.9397	3.1201	1326.1	-0.044712	6.7030e-05	0.15871	supercritical
202.69	665.00	381.42	0.0026218	218.62	392.97	1.4970	1.9382	3.1197	1322.1	-0.044574	6.6543e-05	0.15799	supercritical
203.69	665.00	380.53	0.0026279	221.34	396.09	1.5123	1.9367	3.1193	1318.1	-0.044435	6.6063e-05	0.15728	supercritical
204.69	665.00	379.65	0.0026340	224.05	399.21	1.5276	1.9352	3.1189	1314.1	-0.044295	6.5590e-05	0.15657	supercritical
205.69	665.00	378.77	0.0026401	226.76	402.33	1.5428	1.9338	3.1185	1310.2	-0.044153	6.5123e-05	0.15587	supercritical
206.69	665.00	377.89	0.0026463	229.47	405.45	1.5579	1.9324	3.1181	1306.3	-0.044011	6.4664e-05	0.15517	supercritical
207.69	665.00	377.01	0.0026525	232.18	408.56	1.5730	1.9310	3.1177	1302.4	-0.043868	6.4211e-05	0.15448	supercritical
208.69	665.00	376.13	0.0026587	234.88	411.68	1.5879	1.9296	3.1174	1298.5	-0.043723	6.3764e-05	0.15380	supercritical
209.69	665.00	375.25	0.0026649	237.58	414.80	1.6028	1.9283	3.1170	1294.7	-0.043578	6.3323e-05	0.15312	supercritical
210.69	665.00	374.37	0.0026711	240.29	417.92	1.6177	1.9270	3.1167	1290.8	-0.043431	6.2889e-05	0.15244	supercritical
211.69	665.00	373.50	0.0026774	242.99	421.03	1.6324	1.9258	3.1163	1287.0	-0.043283	6.2461e-05	0.15177	supercritical
212.69	665.00	372.62	0.0026837	245.68	424.15	1.6471	1.9246	3.1160	1283.2	-0.043135	6.2038e-05	0.15111	supercritical
213.69	665.00	371.75	0.0026900	248.38	427.26	1.6617	1.9234	3.1157	1279.4	-0.042985	6.1621e-05	0.15045	supercritical
214.69	665.00	370.88	0.0026963	251.07	430.38	1.6763	1.9222	3.1154	1275.7	-0.042834	6.1210e-05	0.14980	supercritical
215.69	665.00	370.00	0.0027027	253.77	433.49	1.6907	1.9211	3.1151	1272.0	-0.042682	6.0805e-05	0.14915	supercritical
216.69	665.00	369.13	0.0027090	256.46	436.61	1.7052	1.9200	3.1148	1268.3	-0.042530	6.0405e-05	0.14851	supercritical
217.69	665.00	368.26	0.0027154	259.15	439.72	1.7195	1.9189	3.1145	1264.6	-0.042376	6.0011e-05	0.14787	supercritical
218.69	665.00	367.39	0.0027219	261.83	442.84	1.7338	1.9179	3.1142	1260.9	-0.042221	5.9622e-05	0.14724	supercritical
219.69	665.00	366.53	0.0027283	264.52	445.95	1.7480	1.9169	3.1140	1257.3	-0.042066	5.9237e-05	0.14662	supercritical
220.69	665.00	365.66	0.0027348	267.20	449.07	1.7621	1.9159	3.1137	1253.6	-0.041909	5.8859e-05	0.14600	supercritical
221.69	665.00	364.79	0.0027413	269.89	452.18	1.7762	1.9150	3.1135	1250.0	-0.041752	5.8485e-05	0.14538	supercritical
222.69	665.00	363.93	0.0027478	272.57	455.29	1.7902	1.9141	3.1133	1246.4	-0.041594	5.8116e-05	0.14477	supercritical
223.69	665.00	363.07	0.0027543	275.24	458.41	1.8042	1.9132	3.1130	1242.9	-0.041435	5.7751e-05	0.14417	supercritical
224.69	665.00	362.20	0.0027609	277.92	461.52	1.8180	1.9124	3.1128	1239.3	-0.041275	5.7392e-05	0.14357	supercritical
225.69	665.00	361.34	0.0027675	280.60	464.63	1.8319	1.9116	3.1126	1235.8	-0.041114	5.7037e-05	0.14297	supercritical
226.69	665.00	360.48	0.0027741	283.27	467.75	1.8456	1.9108	3.1124	1232.3	-0.040953	5.6687e-05	0.14239	supercritical
227.69	665.00	359.62	0.0027807	285.94	470.86	1.8593	1.9101	3.1122	1228.9	-0.040790	5.6341e-05	0.14180	supercritical
228.69	665.00	358.77	0.0027873	288.61	473.97	1.8730	1.9093	3.1121	1225.4	-0.040627	5.6000e-05	0.14122	supercritical
229.69	665.00	357.91	0.0027940	291.28	477.08	1.8865	1.9087	3.1119	1222.0	-0.040463	5.5663e-05	0.14065	supercritical
230.69	665.00	357.05	0.0028007	293.95	480.19	1.9001	1.9080	3.1117	1218.6	-0.040298	5.5330e-05	0.14008	supercritical
231.69	665.00	356.20	0.0028074	296.61	483.30	1.9135	1.9074	3.1116	1215.2	-0.040133	5.5002e-05	0.13952	supercritical
232.69	665.00	355.35	0.0028142	299.28	486.42	1.9269	1.9068	3.1114	1211.8	-0.039967	5.4678e-05	0.13896	supercritical
233.69	665.00	354.50	0.0028209	301.94	489.53	1.9403	1.9062	3.1113	1208.4	-0.039800	5.4357e-05	0.13841	supercritical
234.69	665.00	353.64	0.0028277	304.60	492.64	1.9535	1.9057	3.1112	1205.1	-0.039632	5.4041e-05	0.13786	supercritical
235.69	665.00	352.80	0.0028345	307.26	495.75	1.9668	1.9052	3.1111	1201.8	-0.039464	5.3729e-05	0.13732	supercritical
236.69	665.00	351.95	0.0028413	309.91	498.86	1.9799	1.9048	3.1110	1198.5	-0.039295	5.3421e-05	0.13678	supercritical
237.69	665.00	351.10	0.0028482	312.57	501.97	1.9931	1.9043	3.1109	1195.2	-0.039126	5.3116e-05	0.13625	supercritical
238.69	665.00	350.26	0.0028551	315.22	505.08	2.0061	1.9039	3.1108	1192.0	-0.038956	5.2815e-05	0.13572	supercritical
239.69	665.00	349.41	0.0028619	317.87	508.19	2.0191	1.9035	3.1107	1188.8	-0.038785	5.2518e-05	0.13520	supercritical
240.69	665.00	348.57	0.0028689	320.52	511.30	2.0321	1.9032	3.1106	1185.6	-0.038614	5.2225e-05	0.13468	supercritical
241.69	665.00	347.73	0.0028758	323.17	514.41	2.0450	1.9029	3.1105	1182.4	-0.038442	5.1935e-05	0.13417	supercritical
242.69	665.00	346.89	0.0028828	325.82	517.53	2.0578	1.9026	3.1105	1179.2	-0.038270	5.1648e-05	0.13366	supercritical
243.69	665.00	346.05	0.0028898	328.47	520.64	2.0706	1.9024	3.1104	1176.1	-0.038097	5.1365e-05	0.13316	supercritical
244.69	665.00	345.21	0.0028968	331.11	523.75	2.0833	1.9021	3.1104	1173.0	-0.037924	5.1086e-05	0.13266	supercritical
245.69	665.00	344.38	0.0029038	333.75	526.86	2.0960	1.9019	3.1104	1169.9	-0.037751	5.0810e-05	0.13217	supercritical
246.69	665.00	343.54	0.0029108	336.40	529.97	2.1087	1.9018	3.1104	1166.8	-0.037576	5.0537e-05	0.13168	supercritical
247.69	665.00	342.71	0.0029179	339.04	533.08	2.1212	1.9017	3.1103	1163.7	-0.037402	5.0268e-05	0.13119	supercritical
248.69	665.00	341.88	0.0029250	341.67	536.19	2.1338	1.9016	3.1103	1160.7	-0.037227	5.0001e-05	0.13072	supercritical
249.69	665.00	341.05	0.0029321	344.31	539.30	2.1463	1.9015	3.1103	1157.7	-0.037052	4.9738e-05	0.13024	supercritical
250.69	665.00	340.22	0.0029393	346.95	542.41	2.1587	1.9015	3.1103	1154.7	-0.036876	4.9478e-05	0.12977	supercritical
251.69	665.00	339.39	0.0029464	349.58	545.52	2.1711	1.9015	3.1104	1151.7	-0.036700	4.9221e-05	0.12931	supercritical
252.69	665.00	338.57	0.0029536	352.21	548.63	2.1834	1.9015	3.1104	1148.7	-0.036524	4.8967e-05	0.12885	supercritical
253.69	665.00	337.75	0.0029608	354.85	551.74	2.1957	1.9015	3.1104	1145.8	-0.036347	4.8717e-05	0.12839	supercritical
254.69	665.00	336.92	0.0029680	357.48	554.85	2.2079	1.9016	3.1105	1142.9	-0.036170	4.8469e-05	0.12794	supercritical
255.69	665.00	336.10	0.0029753	360.10	557.96	2.2201	1.9017	3.1105	1140.0	-0.035993	4.8224e-05	0.12750	supercritical
256.69	665.00	335.28	0.0029825	362.73	561.07	2.2322	1.9019	3.1106	1137.1	-0.035816	4.7981e-05	0.12706	supercritical
257.69	665.00	334.47	0.0029898	365.36	564.18	2.2443	1.9020	3.1106	1134.2	-0.035638	4.7742e-05	0.12662	supercritical
258.69	665.00	333.65	0.0029971	367.98	567.29	2.2564	1.9022	3.1107	1131.4	-0.035461	4.7506e-05	0.12619	supercritical
259.69	665.00	332.84	0.0030045	370.61	570.40	2.2684	1.9025	3.1108	1128.6	-0.035283	4.7272e-05	0.12576	supercritical
260.69	665.00	332.02	0.0030118	373.23	573.51	2.2803	1.9027	3.1109	1125.8	-0.035105	4.7041e-05	0.12534	supercritical
261.69	665.00	331.21	0.0030192	375.85	576.62	2.2923	1.9030	3.1110	1123.0	-0.034927	4.6812e-05	0.12492	supercritical
262.69	665.00	330.40	0.0030266	378.47	579.74	2.3041	1.9033	3.1111	1120.3	-0.034748	4.6587e-05	0.12451	supercritical
263.69	665.00	329.60	0.0030340	381.08	582.85	2.3159	1.9037	3.1112	1117.5	-0.034570	4.6364e-05	0.12410	supercritical
264.69	665.00	328.79	0.0030415	383.70	585.96	2.3277	1.9040	3.1113	1114.8	-0.034392	4.6143e-05	0.12369	supercritical
265.69	665.00	327.99	0.0030489	386.32	589.07	2.3395	1.9044	3.1114	1112.1	-0.034213	4.5925e-05	0.12329	supercritical
266.69	665.00	327.18	0.0030564	388.93	592.18	2.3511	1.9049	3.1116	1109.5	-0.034035	4.5709e-05	0.12290	supercritical
267.69	665.00	326.38	0.0030639	391.54	595.29	2.3628	1.9053	3.1117	1106.8	-0.033857	4.5496e-05	0.12250	supercritical
268.69	665.00	325.58	0.0030714	394.16	598.40	2.3744	1.9058	3.1118	1104.2	-0.033678	4.5286e-05	0.12212	supercritical
269.69	665.00	324.79	0.0030790	396.77	601.52	2.3860	1.9063	3.1120	1101.6	-0.033500	4.5077e-05	0.12173	supercritical
270.69	665.00	323.99	0.0030865	399.37	604.63	2.3975	1.9068	3.1122	1099.0	-0.033322	4.4872e-05	0.12135	supercritical
271.69	665.00	323.20	0.0030941	401.98	607.74	2.4089	1.9074	3.1123	1096.4	-0.033144	4.4668e-05	0.12098	supercritical
272.69	665.00	322.40	0.0031017	404.59	610.85	2.4204	1.9080	3.1125	1093.8	-0.032966	4.4467e-05	0.12061	supercritical
273.69	665.00	321.61	0.0031093	407.20	613.97	2.4318	1.9086	3.1127	1091.3	-0.032788	4.4268e-05	0.12024	supercritical
274.69	665.00	320.83	0.0031170	409.80	617.08	2.4431	1.9093	3.1129	1088.8	-0.032610	4.4071e-05	0.11988	supercritical
275.69	665.00	320.04	0.0031246	412.40	620.19	2.4544	1.9100	3.1131	1086.3	-0.032433	4.3877e-05	0.11952	supercritical
276.69	665.00	319.25	0.0031323	415.01	623.30	2.4657	1.9107	3.1133	1083.8	-0.032256	4.3684e-05	0.11917	supercritical
277.69	665.00	318.47	0.0031400	417.61	626.42	2.4769	1.9114	3.1135	1081.4	-0.032079	4.3494e-05	0.11882	supercritical
278.69	665.00	317.69	0.0031477	420.21	629.53	2.4881	1.9122	3.1137	1078.9	-0.031902	4.3306e-05	0.11847	supercritical
279.69	665.00	316.91	0.0031555	422.81	632.65	2.4993	1.9129	3.1140	1076.5	-0.031725	4.3120e-05	0.11813	supercritical
280.69	665.00	316.13	0.0031632	425.40	635.76	2.5104	1.9138	3.1142	1074.1	-0.031549	4.2936e-05	0.11780	supercritical
281.69	665.00	315.36	0.0031710	428.00	638.87	2.5215	1.9146	3.1144	1071.7	-0.031373	4.2755e-05	0.11746	supercritical
282.69	665.00	314.58	0.0031788	430.60	641.99	2.5325	1.9155	3.1147	1069.4	-0.031197	4.2575e-05	0.11713	supercritical
283.69	665.00	313.81	0.0031866	433.19	645.10	2.5435	1.9164	3.1149	1067.0	-0.031022	4.2397e-05	0.11681	supercritical
284.69	665.00	313.04	0.0031945	435.79	648.22	2.5545	1.9173	3.1152	1064.7	-0.030847	4.2221e-05	0.11649	supercritical
285.69	665.00	312.27	0.0032023	438.38	651.33	2.5654	1.9182	3.1155	1062.4	-0.030673	4.2048e-05	0.11617	supercritical
286.69	665.00	311.51	0.0032102	440.97	654.45	2.5763	1.9192	3.1158	1060.1	-0.030499	4.1876e-05	0.11586	supercritical
287.69	665.00	310.74	0.0032181	443.56	657.57	2.5871	1.9202	3.1160	1057.8	-0.030325	4.1706e-05	0.11555	supercritical
288.69	665.00	309.98	0.0032260	446.15	660.68	2.5979	1.9212	3.1163	1055.6	-0.030152	4.1538e-05	0.11524	supercritical
289.69	665.00	309.22	0.0032339	448.74	663.80	2.6087	1.9222	3.1166	1053.3	-0.029979	4.1372e-05	0.11494	supercritical
290.69	665.00	308.46	0.0032419	451.33	666.91	2.6195	1.9233	3.1170	1051.1	-0.029807	4.1207e-05	0.11464	supercritical
291.69	665.00	307.71	0.0032498	453.92	670.03	2.6302	1.9244	3.1173	1048.9	-0.029635	4.1045e-05	0.11434	supercritical
292.69	665.00	306.95	0.0032578	456.50	673.15	2.6408	1.9255	3.1176	1046.8	-0.029464	4.0884e-05	0.11405	supercritical
293.69	665.00	306.20	0.0032658	459.09	676.27	2.6515	1.9267	3.1179	1044.6	-0.029293	4.0725e-05	0.11377	supercritical
294.69	665.00	305.45	0.0032738	461.68	679.38	2.6621	1.9278	3.1183	1042.5	-0.029123	4.0568e-05	0.11348	supercritical
295.69	665.00	304.70	0.0032819	464.26	682.50	2.6726	1.9290	3.1186	1040.3	-0.028953	4.0412e-05	0.11320	supercritical
296.69	665.00	303.96	0.0032899	466.84	685.62	2.6832	1.9302	3.1190	1038.2	-0.028784	4.0258e-05	0.11293	supercritical
297.69	665.00	303.21	0.0032980	469.42	688.74	2.6937	1.9315	3.1193	1036.1	-0.028616	4.0106e-05	0.11265	supercritical
298.69	665.00	302.47	0.0033061	472.01	691.86	2.7041	1.9327	3.1197	1034.1	-0.028448	3.9956e-05	0.11239	supercritical
299.69	665.00	301.73	0.0033142	474.59	694.98	2.7145	1.9340	3.1201	1032.0	-0.028281	3.9807e-05	0.11212	supercritical
300.69	665.00	301.00	0.0033223	477.17	698.10	2.7249	1.9353	3.1205	1030.0	-0.028115	3.9660e-05	0.11186	supercritical
301.69	665.00	300.26	0.0033304	479.75	701.22	2.7353	1.9367	3.1208	1028.0	-0.027949	3.9514e-05	0.11160	supercritical
302.69	665.00	299.53	0.0033386	482.33	704.34	2.7456	1.9380	3.1212	1026.0	-0.027784	3.9370e-05	0.11135	supercritical
303.69	665.00	298.79	0.0033468	484.90	707.46	2.7559	1.9394	3.1217	1024.0	-0.027619	3.9228e-05	0.11109	supercritical
304.69	665.00	298.07	0.0033550	487.48	710.59	2.7662	1.9408	3.1221	1022.0	-0.027456	3.9087e-05	0.11085	supercritical
305.69	665.00	297.34	0.0033632	490.06	713.71	2.7764	1.9422	3.1225	1020.1	-0.027293	3.8948e-05	0.11060	supercritical
306.69	665.00	296.61	0.0033714	492.63	716.83	2.7866	1.9437	3.1229	1018.2	-0.027131	3.8810e-05	0.11036	supercritical
307.69	665.00	295.89	0.0033796	495.21	719.95	2.7968	1.9452	3.1234	1016.3	-0.026969	3.8674e-05	0.11012	supercritical
308.69	665.00	295.17	0.0033879	497.78	723.08	2.8069	1.9466	3.1238	1014.4	-0.026809	3.8539e-05	0.10989	supercritical
309.69	665.00	294.45	0.0033962	500.36	726.20	2.8170	1.9482	3.1243	1012.5	-0.026649	3.8406e-05	0.10966	supercritical
310.69	665.00	293.73	0.0034044	502.93	729.33	2.8271	1.9497	3.1247	1010.6	-0.026490	3.8274e-05	0.10943	supercritical
311.69	665.00	293.02	0.0034127	505.50	732.45	2.8371	1.9513	3.1252	1008.8	-0.026332	3.8144e-05	0.10921	supercritical
312.69	665.00	292.31	0.0034211	508.08	735.58	2.8471	1.9528	3.1257	1007.0	-0.026174	3.8015e-05	0.10898	supercritical
313.69	665.00	291.60	0.0034294	510.65	738.70	2.8571	1.9544	3.1261	1005.1	-0.026018	3.7887e-05	0.10877	supercritical
314.69	665.00	290.89	0.0034377	513.22	741.83	2.8671	1.9561	3.1266	1003.3	-0.025862	3.7761e-05	0.10855	supercritical
315.69	665.00	290.18	0.0034461	515.79	744.96	2.8770	1.9577	3.1271	1001.6	-0.025707	3.7636e-05	0.10834	supercritical
316.69	665.00	289.48	0.0034545	518.36	748.08	2.8869	1.9594	3.1276	999.81	-0.025553	3.7513e-05	0.10813	supercritical
317.69	665.00	288.78	0.0034629	520.93	751.21	2.8968	1.9611	3.1282	998.06	-0.025400	3.7390e-05	0.10793	supercritical
318.69	665.00	288.08	0.0034713	523.50	754.34	2.9066	1.9628	3.1287	996.33	-0.025248	3.7270e-05	0.10772	supercritical
319.69	665.00	287.38	0.0034797	526.07	757.47	2.9164	1.9645	3.1292	994.62	-0.025097	3.7150e-05	0.10752	supercritical
320.69	665.00	286.69	0.0034881	528.64	760.60	2.9262	1.9662	3.1298	992.92	-0.024947	3.7032e-05	0.10733	supercritical
321.69	665.00	285.99	0.0034966	531.21	763.73	2.9359	1.9680	3.1303	991.24	-0.024798	3.6915e-05	0.10714	supercritical
322.69	665.00	285.30	0.0035050	533.77	766.86	2.9456	1.9698	3.1309	989.58	-0.024649	3.6799e-05	0.10695	supercritical
323.69	665.00	284.61	0.0035135	536.34	769.99	2.9553	1.9716	3.1314	987.93	-0.024502	3.6685e-05	0.10676	supercritical
324.69	665.00	283.93	0.0035220	538.91	773.12	2.9650	1.9734	3.1320	986.29	-0.024356	3.6572e-05	0.10657	supercritical
325.69	665.00	283.24	0.0035305	541.47	776.25	2.9746	1.9753	3.1326	984.67	-0.024210	3.6460e-05	0.10639	supercritical
326.69	665.00	282.56	0.0035390	544.04	779.39	2.9842	1.9772	3.1332	983.07	-0.024066	3.6349e-05	0.10622	supercritical
327.69	665.00	281.88	0.0035476	546.61	782.52	2.9938	1.9790	3.1338	981.48	-0.023922	3.6240e-05	0.10604	supercritical
328.69	665.00	281.21	0.0035561	549.17	785.65	3.0033	1.9809	3.1344	979.91	-0.023780	3.6132e-05	0.10587	supercritical
329.69	665.00	280.53	0.0035647	551.74	788.79	3.0129	1.9829	3.1350	978.35	-0.023638	3.6024e-05	0.10570	supercritical
330.69	665.00	279.86	0.0035732	554.30	791.92	3.0223	1.9848	3.1356	976.81	-0.023498	3.5919e-05	0.10553	supercritical
331.69	665.00	279.19	0.0035818	556.87	795.06	3.0318	1.9868	3.1363	975.28	-0.023359	3.5814e-05	0.10537	supercritical
332.69	665.00	278.52	0.0035904	559.43	798.20	3.0413	1.9887	3.1369	973.77	-0.023220	3.5710e-05	0.10521	supercritical
333.69	665.00	277.85	0.0035990	562.00	801.33	3.0507	1.9907	3.1375	972.27	-0.023083	3.5608e-05	0.10505	supercritical
334.69	665.00	277.19	0.0036077	564.56	804.47	3.0601	1.9928	3.1382	970.78	-0.022947	3.5506e-05	0.10489	supercritical
335.69	665.00	276.53	0.0036163	567.13	807.61	3.0694	1.9948	3.1389	969.32	-0.022812	3.5406e-05	0.10474	supercritical
336.69	665.00	275.87	0.0036249	569.69	810.75	3.0788	1.9968	3.1396	967.86	-0.022678	3.5307e-05	0.10459	supercritical
337.69	665.00	275.21	0.0036336	572.26	813.89	3.0881	1.9989	3.1402	966.42	-0.022545	3.5208e-05	0.10444	supercritical
338.69	665.00	274.56	0.0036423	574.82	817.03	3.0974	2.0010	3.1409	964.99	-0.022413	3.5111e-05	0.10430	supercritical
339.69	665.00	273.90	0.0036509	577.38	820.17	3.1066	2.0031	3.1416	963.58	-0.022282	3.5015e-05	0.10415	supercritical
340.69	665.00	273.25	0.0036596	579.95	823.31	3.1159	2.0052	3.1423	962.18	-0.022152	3.4920e-05	0.10402	supercritical
341.69	665.00	272.60	0.0036683	582.51	826.46	3.1251	2.0074	3.1431	960.80	-0.022024	3.4826e-05	0.10388	supercritical
342.69	665.00	271.96	0.0036771	585.08	829.60	3.1343	2.0095	3.1438	959.43	-0.021896	3.4733e-05	0.10374	supercritical
343.69	665.00	271.31	0.0036858	587.64	832.74	3.1434	2.0117	3.1445	958.08	-0.021770	3.4641e-05	0.10361	supercritical
344.69	665.00	270.67	0.0036945	590.20	835.89	3.1526	2.0139	3.1453	956.73	-0.021644	3.4551e-05	0.10348	supercritical
345.69	665.00	270.03	0.0037033	592.77	839.03	3.1617	2.0161	3.1460	955.40	-0.021520	3.4461e-05	0.10336	supercritical
346.69	665.00	269.39	0.0037120	595.33	842.18	3.1708	2.0183	3.1468	954.09	-0.021397	3.4372e-05	0.10323	supercritical
347.69	665.00	268.76	0.0037208	597.90	845.33	3.1798	2.0205	3.1476	952.79	-0.021275	3.4284e-05	0.10311	supercritical
348.69	665.00	268.13	0.0037296	600.46	848.48	3.1889	2.0228	3.1484	951.50	-0.021154	3.4197e-05	0.10299	supercritical
349.69	665.00	267.50	0.0037384	603.02	851.62	3.1979	2.0251	3.1492	950.22	-0.021035	3.4111e-05	0.10287	supercritical
350.69	665.00	266.87	0.0037472	605.59	854.77	3.2069	2.0274	3.1500	948.96	-0.020916	3.4025e-05	0.10276	supercritical
351.69	665.00	266.24	0.0037560	608.15	857.92	3.2158	2.0297	3.1508	947.71	-0.020799	3.3941e-05	0.10265	supercritical
352.69	665.00	265.62	0.0037648	610.72	861.08	3.2248	2.0320	3.1516	946.48	-0.020682	3.3858e-05	0.10254	supercritical
353.69	665.00	265.00	0.0037736	613.28	864.23	3.2337	2.0343	3.1524	945.25	-0.020567	3.3776e-05	0.10243	supercritical
354.69	665.00	264.38	0.0037825	615.85	867.38	3.2426	2.0367	3.1533	944.04	-0.020453	3.3694e-05	0.10232	supercritical
355.69	665.00	263.76	0.0037913	618.41	870.53	3.2515	2.0390	3.1541	942.85	-0.020340	3.3614e-05	0.10222	supercritical
356.69	665.00	263.15	0.0038002	620.98	873.69	3.2604	2.0414	3.1550	941.66	-0.020229	3.3534e-05	0.10212	supercritical
357.69	665.00	262.53	0.0038091	623.54	876.84	3.2692	2.0438	3.1559	940.49	-0.020118	3.3455e-05	0.10202	supercritical
358.69	665.00	261.92	0.0038179	626.11	880.00	3.2780	2.0462	3.1567	939.33	-0.020009	3.3377e-05	0.10193	supercritical
359.69	665.00	261.31	0.0038268	628.67	883.16	3.2868	2.0486	3.1576	938.18	-0.019900	3.3300e-05	0.10183	supercritical
360.69	665.00	260.71	0.0038357	631.24	886.32	3.2956	2.0510	3.1585	937.04	-0.019793	3.3224e-05	0.10174	supercritical
361.69	665.00	260.10	0.0038446	633.81	889.47	3.3043	2.0535	3.1594	935.92	-0.019687	3.3148e-05	0.10165	supercritical
362.69	665.00	259.50	0.0038535	636.37	892.63	3.3130	2.0560	3.1603	934.81	-0.019582	3.3074e-05	0.10157	supercritical
363.69	665.00	258.90	0.0038625	638.94	895.80	3.3217	2.0584	3.1613	933.71	-0.019478	3.3000e-05	0.10148	supercritical
364.69	665.00	258.31	0.0038714	641.51	898.96	3.3304	2.0609	3.1622	932.62	-0.019376	3.2927e-05	0.10140	supercritical
365.69	665.00	257.71	0.0038803	644.08	902.12	3.3391	2.0634	3.1632	931.55	-0.019274	3.2855e-05	0.10132	supercritical
366.69	665.00	257.12	0.0038893	646.65	905.28	3.3477	2.0659	3.1641	930.48	-0.019174	3.2784e-05	0.10124	supercritical
367.69	665.00	256.53	0.0038982	649.22	908.45	3.3563	2.0685	3.1651	929.43	-0.019075	3.2713e-05	0.10116	supercritical
368.69	665.00	255.94	0.0039072	651.79	911.61	3.3649	2.0710	3.1661	928.39	-0.018977	3.2643e-05	0.10109	supercritical
369.69	665.00	255.35	0.0039162	654.36	914.78	3.3735	2.0736	3.1670	927.36	-0.018880	3.2574e-05	0.10102	supercritical
370.69	665.00	254.77	0.0039251	656.93	917.95	3.3821	2.0761	3.1680	926.34	-0.018784	3.2506e-05	0.10095	supercritical
371.69	665.00	254.19	0.0039341	659.50	921.12	3.3906	2.0787	3.1690	925.34	-0.018690	3.2438e-05	0.10088	supercritical
372.69	665.00	253.61	0.0039431	662.07	924.29	3.3991	2.0813	3.1701	924.34	-0.018596	3.2372e-05	0.10081	supercritical
373.69	665.00	253.03	0.0039521	664.64	927.46	3.4076	2.0839	3.1711	923.36	-0.018504	3.2306e-05	0.10075	supercritical
374.69	665.00	252.45	0.0039611	667.21	930.63	3.4161	2.0865	3.1721	922.38	-0.018413	3.2240e-05	0.10069	supercritical
375.69	665.00	251.88	0.0039702	669.79	933.80	3.4245	2.0892	3.1732	921.42	-0.018323	3.2176e-05	0.10063	supercritical
376.69	665.00	251.31	0.0039792	672.36	936.97	3.4330	2.0918	3.1742	920.47	-0.018234	3.2112e-05	0.10057	supercritical
377.69	665.00	250.74	0.0039882	674.93	940.15	3.4414	2.0945	3.1753	919.53	-0.018146	3.2049e-05	0.10051	supercritical
378.69	665.00	250.17	0.0039972	677.51	943.32	3.4498	2.0971	3.1764	918.60	-0.018059	3.1986e-05	0.10046	supercritical
379.69	665.00	249.61	0.0040063	680.08	946.50	3.4582	2.0998	3.1774	917.68	-0.017974	3.1925e-05	0.10040	supercritical
380.69	665.00	249.04	0.0040153	682.66	949.68	3.4665	2.1025	3.1785	916.77	-0.017889	3.1864e-05	0.10035	supercritical
381.69	665.00	248.48	0.0040244	685.24	952.86	3.4749	2.1052	3.1796	915.87	-0.017806	3.1803e-05	0.10030	supercritical
382.69	665.00	247.93	0.0040335	687.81	956.04	3.4832	2.1079	3.1808	914.98	-0.017724	3.1744e-05	0.10026	supercritical
383.69	665.00	247.37	0.0040425	690.39	959.22	3.4915	2.1107	3.1819	914.10	-0.017642	3.1685e-05	0.10021	supercritical
384.69	665.00	246.82	0.0040516	692.97	962.40	3.4998	2.1134	3.1830	913.23	-0.017562	3.1626e-05	0.10017	supercritical
385.69	665.00	246.26	0.0040607	695.55	965.59	3.5080	2.1161	3.1842	912.38	-0.017483	3.1569e-05	0.10013	supercritical
386.69	665.00	245.71	0.0040698	698.13	968.77	3.5163	2.1189	3.1853	911.53	-0.017405	3.1512e-05	0.10009	supercritical
387.69	665.00	245.17	0.0040789	700.71	971.96	3.5245	2.1217	3.1865	910.69	-0.017329	3.1455e-05	0.10005	supercritical
388.69	665.00	244.62	0.0040880	703.29	975.14	3.5327	2.1244	3.1877	909.86	-0.017253	3.1400e-05	0.10001	supercritical
389.69	665.00	244.08	0.0040971	705.88	978.33	3.5409	2.1272	3.1888	909.04	-0.017178	3.1344e-05	0.099979	supercritical
390.69	665.00	243.54	0.0041062	708.46	981.52	3.5491	2.1300	3.1900	908.23	-0.017105	3.1290e-05	0.099946	supercritical
391.69	665.00	243.00	0.0041153	711.05	984.71	3.5572	2.1328	3.1912	907.43	-0.017032	3.1236e-05	0.099915	supercritical
392.69	665.00	242.46	0.0041244	713.63	987.90	3.5654	2.1357	3.1925	906.64	-0.016961	3.1183e-05	0.099886	supercritical
393.69	665.00	241.92	0.0041335	716.22	991.10	3.5735	2.1385	3.1937	905.86	-0.016890	3.1130e-05	0.099858	supercritical
394.69	665.00	241.39	0.0041427	718.80	994.29	3.5816	2.1413	3.1949	905.09	-0.016821	3.1078e-05	0.099832	supercritical
395.69	665.00	240.86	0.0041518	721.39	997.49	3.5897	2.1442	3.1962	904.33	-0.016753	3.1027e-05	0.099808	supercritical
396.69	665.00	240.33	0.0041610	723.98	1000.7	3.5978	2.1471	3.1974	903.58	-0.016685	3.0976e-05	0.099785	supercritical
397.69	665.00	239.80	0.0041701	726.57	1003.9	3.6058	2.1499	3.1987	902.83	-0.016619	3.0925e-05	0.099764	supercritical
398.69	665.00	239.28	0.0041793	729.16	1007.1	3.6138	2.1528	3.2000	902.10	-0.016554	3.0876e-05	0.099745	supercritical
399.69	665.00	238.75	0.0041884	731.75	1010.3	3.6219	2.1557	3.2012	901.37	-0.016490	3.0827e-05	0.099727	supercritical
400.69	665.00	238.23	0.0041976	734.35	1013.5	3.6299	2.1586	3.2025	900.66	-0.016426	3.0778e-05	0.099711	supercritical
401.69	665.00	237.71	0.0042067	736.94	1016.7	3.6378	2.1615	3.2038	899.95	-0.016364	3.0730e-05	0.099696	supercritical
402.69	665.00	237.20	0.0042159	739.53	1019.9	3.6458	2.1644	3.2051	899.25	-0.016303	3.0682e-05	0.099683	supercritical
403.69	665.00	236.68	0.0042251	742.13	1023.1	3.6538	2.1673	3.2065	898.56	-0.016243	3.0636e-05	0.099672	supercritical
404.69	665.00	236.17	0.0042343	744.73	1026.3	3.6617	2.1703	3.2078	897.88	-0.016184	3.0589e-05	0.099662	supercritical
405.69	665.00	235.66	0.0042434	747.32	1029.5	3.6696	2.1732	3.2092	897.21	-0.016126	3.0543e-05	0.099653	supercritical
406.69	665.00	235.15	0.0042526	749.92	1032.7	3.6775	2.1762	3.2105	896.54	-0.016068	3.0498e-05	0.099646	supercritical
407.69	665.00	234.64	0.0042618	752.52	1035.9	3.6854	2.1791	3.2119	895.88	-0.016012	3.0453e-05	0.099641	supercritical
408.69	665.00	234.14	0.0042710	755.12	1039.1	3.6933	2.1821	3.2132	895.24	-0.015957	3.0409e-05	0.099637	supercritical
409.69	665.00	233.63	0.0042802	757.73	1042.4	3.7011	2.1851	3.2146	894.60	-0.015903	3.0365e-05	0.099635	supercritical
410.69	665.00	233.13	0.0042894	760.33	1045.6	3.7090	2.1881	3.2160	893.96	-0.015849	3.0322e-05	0.099634	supercritical
411.69	665.00	232.63	0.0042986	762.93	1048.8	3.7168	2.1911	3.2174	893.34	-0.015797	3.0279e-05	0.099634	supercritical
412.69	665.00	232.14	0.0043078	765.54	1052.0	3.7246	2.1941	3.2188	892.73	-0.015745	3.0237e-05	0.099636	supercritical
413.69	665.00	231.64	0.0043170	768.15	1055.2	3.7324	2.1971	3.2203	892.12	-0.015695	3.0195e-05	0.099639	supercritical
414.69	665.00	231.15	0.0043263	770.76	1058.5	3.7402	2.2001	3.2217	891.52	-0.015645	3.0154e-05	0.099644	supercritical
415.69	665.00	230.66	0.0043355	773.36	1061.7	3.7479	2.2031	3.2231	890.93	-0.015597	3.0113e-05	0.099650	supercritical
416.69	665.00	230.17	0.0043447	775.98	1064.9	3.7557	2.2061	3.2246	890.34	-0.015549	3.0073e-05	0.099658	supercritical
417.69	665.00	229.68	0.0043539	778.59	1068.1	3.7634	2.2092	3.2261	889.77	-0.015502	3.0033e-05	0.099667	supercritical
418.69	665.00	229.19	0.0043631	781.20	1071.3	3.7711	2.2122	3.2275	889.20	-0.015456	2.9994e-05	0.099677	supercritical
419.69	665.00	228.71	0.0043724	783.81	1074.6	3.7788	2.2153	3.2290	888.64	-0.015411	2.9955e-05	0.099689	supercritical
420.69	665.00	228.23	0.0043816	786.43	1077.8	3.7865	2.2183	3.2305	888.08	-0.015367	2.9917e-05	0.099702	supercritical
421.69	665.00	227.75	0.0043908	789.05	1081.0	3.7942	2.2214	3.2320	887.54	-0.015324	2.9879e-05	0.099716	supercritical
422.69	665.00	227.27	0.0044001	791.67	1084.3	3.8018	2.2245	3.2335	887.00	-0.015281	2.9841e-05	0.099732	supercritical
423.69	665.00	226.79	0.0044093	794.29	1087.5	3.8095	2.2276	3.2350	886.47	-0.015240	2.9804e-05	0.099749	supercritical
424.69	665.00	226.32	0.0044186	796.91	1090.7	3.8171	2.2307	3.2366	885.94	-0.015199	2.9768e-05	0.099767	supercritical
425.69	665.00	225.84	0.0044278	799.53	1094.0	3.8247	2.2338	3.2381	885.42	-0.015159	2.9732e-05	0.099787	supercritical
426.69	665.00	225.37	0.0044371	802.15	1097.2	3.8323	2.2369	3.2397	884.91	-0.015120	2.9696e-05	0.099808	supercritical
427.69	665.00	224.91	0.0044463	804.78	1100.5	3.8399	2.2400	3.2412	884.41	-0.015082	2.9661e-05	0.099830	supercritical
428.69	665.00	224.44	0.0044556	807.40	1103.7	3.8475	2.2431	3.2428	883.91	-0.015044	2.9626e-05	0.099854	supercritical
429.69	665.00	223.97	0.0044648	810.03	1106.9	3.8550	2.2462	3.2444	883.42	-0.015008	2.9592e-05	0.099879	supercritical
430.69	665.00	223.51	0.0044741	812.66	1110.2	3.8626	2.2493	3.2460	882.94	-0.014972	2.9558e-05	0.099905	supercritical
431.69	665.00	223.05	0.0044834	815.29	1113.4	3.8701	2.2525	3.2476	882.47	-0.014937	2.9524e-05	0.099932	supercritical
432.69	665.00	222.59	0.0044926	817.93	1116.7	3.8776	2.2556	3.2492	882.00	-0.014903	2.9491e-05	0.099960	supercritical
433.69	665.00	222.13	0.0045019	820.56	1119.9	3.8851	2.2588	3.2508	881.54	-0.014870	2.9458e-05	0.099990	supercritical
434.69	665.00	221.67	0.0045111	823.19	1123.2	3.8926	2.2619	3.2524	881.08	-0.014837	2.9426e-05	0.10002	supercritical
435.69	665.00	221.22	0.0045204	825.83	1126.4	3.9001	2.2651	3.2540	880.63	-0.014806	2.9394e-05	0.10005	supercritical
436.69	665.00	220.77	0.0045297	828.47	1129.7	3.9076	2.2682	3.2557	880.19	-0.014775	2.9362e-05	0.10009	supercritical
437.69	665.00	220.32	0.0045390	831.11	1133.0	3.9150	2.2714	3.2573	879.75	-0.014745	2.9331e-05	0.10012	supercritical
438.69	665.00	219.87	0.0045482	833.75	1136.2	3.9224	2.2746	3.2590	879.32	-0.014715	2.9301e-05	0.10016	supercritical
439.69	665.00	219.42	0.0045575	836.39	1139.5	3.9299	2.2778	3.2607	878.90	-0.014686	2.9270e-05	0.10019	supercritical
440.69	665.00	218.97	0.0045668	839.04	1142.7	3.9373	2.2810	3.2623	878.48	-0.014659	2.9240e-05	0.10023	supercritical
441.69	665.00	218.53	0.0045761	841.69	1146.0	3.9447	2.2842	3.2640	878.07	-0.014631	2.9211e-05	0.10027	supercritical
442.69	665.00	218.09	0.0045853	844.33	1149.3	3.9521	2.2874	3.2657	877.67	-0.014605	2.9181e-05	0.10031	supercritical
443.69	665.00	217.65	0.0045946	846.98	1152.5	3.9594	2.2906	3.2674	877.27	-0.014579	2.9153e-05	0.10035	supercritical
444.69	665.00	217.21	0.0046039	849.63	1155.8	3.9668	2.2938	3.2692	876.87	-0.014554	2.9124e-05	0.10039	supercritical
445.69	665.00	216.77	0.0046132	852.29	1159.1	3.9741	2.2970	3.2709	876.49	-0.014530	2.9096e-05	0.10044	supercritical
446.69	665.00	216.33	0.0046225	854.94	1162.3	3.9815	2.3002	3.2726	876.11	-0.014506	2.9068e-05	0.10048	supercritical
447.69	665.00	215.90	0.0046318	857.60	1165.6	3.9888	2.3034	3.2744	875.73	-0.014483	2.9041e-05	0.10053	supercritical
448.69	665.00	215.47	0.0046410	860.25	1168.9	3.9961	2.3067	3.2761	875.36	-0.014461	2.9014e-05	0.10058	supercritical
449.69	665.00	215.04	0.0046503	862.91	1172.2	4.0034	2.3099	3.2779	875.00	-0.014439	2.8987e-05	0.10062	supercritical
450.69	665.00	214.61	0.0046596	865.57	1175.4	4.0107	2.3131	3.2796	874.64	-0.014418	2.8961e-05	0.10067	supercritical
451.69	665.00	214.18	0.0046689	868.24	1178.7	4.0179	2.3164	3.2814	874.29	-0.014398	2.8935e-05	0.10072	supercritical
452.69	665.00	213.76	0.0046782	870.90	1182.0	4.0252	2.3196	3.2832	873.94	-0.014379	2.8909e-05	0.10077	supercritical
453.69	665.00	213.33	0.0046875	873.57	1185.3	4.0324	2.3229	3.2850	873.60	-0.014360	2.8884e-05	0.10083	supercritical
454.69	665.00	212.91	0.0046968	876.24	1188.6	4.0397	2.3261	3.2868	873.27	-0.014341	2.8859e-05	0.10088	supercritical
455.69	665.00	212.49	0.0047061	878.91	1191.9	4.0469	2.3294	3.2886	872.94	-0.014324	2.8834e-05	0.10093	supercritical
456.69	665.00	212.07	0.0047154	881.58	1195.1	4.0541	2.3327	3.2904	872.61	-0.014307	2.8810e-05	0.10099	supercritical
457.69	665.00	211.66	0.0047247	884.25	1198.4	4.0613	2.3359	3.2923	872.29	-0.014290	2.8786e-05	0.10104	supercritical
458.69	665.00	211.24	0.0047340	886.93	1201.7	4.0685	2.3392	3.2941	871.98	-0.014275	2.8762e-05	0.10110	supercritical
459.69	665.00	210.83	0.0047433	889.60	1205.0	4.0757	2.3425	3.2960	871.67	-0.014259	2.8739e-05	0.10116	supercritical
460.69	665.00	210.41	0.0047526	892.28	1208.3	4.0828	2.3458	3.2978	871.37	-0.014245	2.8716e-05	0.10122	supercritical
461.69	665.00	210.00	0.0047619	894.96	1211.6	4.0900	2.3491	3.2997	871.07	-0.014231	2.8693e-05	0.10128	supercritical
462.69	665.00	209.59	0.0047711	897.64	1214.9	4.0971	2.3524	3.3016	870.78	-0.014218	2.8671e-05	0.10134	supercritical
463.69	665.00	209.19	0.0047804	900.33	1218.2	4.1043	2.3557	3.3034	870.49	-0.014205	2.8649e-05	0.10140	supercritical
464.69	665.00	208.78	0.0047897	903.01	1221.5	4.1114	2.3590	3.3053	870.21	-0.014193	2.8627e-05	0.10147	supercritical
465.69	665.00	208.37	0.0047990	905.70	1224.8	4.1185	2.3623	3.3072	869.93	-0.014181	2.8605e-05	0.10153	supercritical
466.69	665.00	207.97	0.0048083	908.39	1228.1	4.1256	2.3656	3.3091	869.66	-0.014170	2.8584e-05	0.10160	supercritical
467.69	665.00	207.57	0.0048176	911.08	1231.5	4.1327	2.3689	3.3110	869.39	-0.014159	2.8563e-05	0.10166	supercritical
468.69	665.00	207.17	0.0048269	913.78	1234.8	4.1397	2.3722	3.3130	869.13	-0.014149	2.8543e-05	0.10173	supercritical
469.69	665.00	206.77	0.0048362	916.47	1238.1	4.1468	2.3755	3.3149	868.87	-0.014140	2.8523e-05	0.10180	supercritical
470.69	665.00	206.38	0.0048455	919.17	1241.4	4.1539	2.3788	3.3168	868.62	-0.014131	2.8503e-05	0.10187	supercritical
471.69	665.00	205.98	0.0048548	921.87	1244.7	4.1609	2.3822	3.3188	868.37	-0.014123	2.8483e-05	0.10193	supercritical
472.69	665.00	205.59	0.0048641	924.57	1248.0	4.1679	2.3855	3.3207	868.12	-0.014115	2.8463e-05	0.10201	supercritical
473.69	665.00	205.19	0.0048734	927.27	1251.4	4.1749	2.3888	3.3227	867.88	-0.014108	2.8444e-05	0.10208	supercritical
474.69	665.00	204.80	0.0048827	929.98	1254.7	4.1820	2.3922	3.3246	867.65	-0.014101	2.8425e-05	0.10215	supercritical
475.69	665.00	204.41	0.0048920	932.69	1258.0	4.1890	2.3955	3.3266	867.42	-0.014094	2.8407e-05	0.10222	supercritical
476.69	665.00	204.03	0.0049013	935.40	1261.3	4.1959	2.3988	3.3286	867.19	-0.014089	2.8388e-05	0.10230	supercritical
477.69	665.00	203.64	0.0049106	938.11	1264.7	4.2029	2.4022	3.3306	866.97	-0.014083	2.8370e-05	0.10237	supercritical
478.69	665.00	203.26	0.0049199	940.82	1268.0	4.2099	2.4055	3.3326	866.76	-0.014078	2.8353e-05	0.10245	supercritical
479.69	665.00	202.87	0.0049292	943.54	1271.3	4.2168	2.4089	3.3346	866.54	-0.014074	2.8335e-05	0.10252	supercritical
480.69	665.00	202.49	0.0049385	946.25	1274.7	4.2238	2.4122	3.3366	866.33	-0.014070	2.8318e-05	0.10260	supercritical
481.69	665.00	202.11	0.0049478	948.97	1278.0	4.2307	2.4156	3.3386	866.13	-0.014067	2.8301e-05	0.10268	supercritical
482.69	665.00	201.73	0.0049571	951.69	1281.3	4.2377	2.4189	3.3407	865.93	-0.014064	2.8284e-05	0.10276	supercritical
483.69	665.00	201.35	0.0049664	954.42	1284.7	4.2446	2.4223	3.3427	865.74	-0.014061	2.8268e-05	0.10284	supercritical
484.69	665.00	200.98	0.0049757	957.14	1288.0	4.2515	2.4257	3.3447	865.55	-0.014059	2.8251e-05	0.10292	supercritical
485.69	665.00	200.60	0.0049850	959.87	1291.4	4.2584	2.4290	3.3468	865.36	-0.014058	2.8235e-05	0.10300	supercritical
486.69	665.00	200.23	0.0049943	962.60	1294.7	4.2653	2.4324	3.3489	865.18	-0.014057	2.8220e-05	0.10309	supercritical
487.69	665.00	199.86	0.0050036	965.33	1298.1	4.2721	2.4358	3.3509	865.00	-0.014056	2.8204e-05	0.10317	supercritical
488.69	665.00	199.49	0.0050129	968.07	1301.4	4.2790	2.4392	3.3530	864.82	-0.014056	2.8189e-05	0.10325	supercritical
489.69	665.00	199.12	0.0050222	970.80	1304.8	4.2859	2.4425	3.3551	864.65	-0.014056	2.8174e-05	0.10334	supercritical
490.69	665.00	198.75	0.0050315	973.54	1308.1	4.2927	2.4459	3.3572	864.49	-0.014056	2.8159e-05	0.10342	supercritical
491.69	665.00	198.38	0.0050408	976.28	1311.5	4.2995	2.4493	3.3592	864.32	-0.014057	2.8145e-05	0.10351	supercritical
492.69	665.00	198.02	0.0050500	979.02	1314.9	4.3064	2.4527	3.3613	864.16	-0.014059	2.8130e-05	0.10360	supercritical
493.69	665.00	197.65	0.0050593	981.77	1318.2	4.3132	2.4561	3.3635	864.01	-0.014061	2.8116e-05	0.10369	supercritical
494.69	665.00	197.29	0.0050686	984.51	1321.6	4.3200	2.4595	3.3656	863.86	-0.014063	2.8103e-05	0.10378	supercritical
495.69	665.00	196.93	0.0050779	987.26	1324.9	4.3268	2.4628	3.3677	863.71	-0.014065	2.8089e-05	0.10387	supercritical
496.69	665.00	196.57	0.0050872	990.01	1328.3	4.3336	2.4662	3.3698	863.57	-0.014068	2.8076e-05	0.10396	supercritical
497.69	665.00	196.21	0.0050965	992.77	1331.7	4.3404	2.4696	3.3719	863.43	-0.014072	2.8063e-05	0.10405	supercritical
498.69	665.00	195.86	0.0051058	995.52	1335.1	4.3471	2.4730	3.3741	863.29	-0.014075	2.8050e-05	0.10414	supercritical
499.69	665.00	195.50	0.0051151	998.28	1338.4	4.3539	2.4764	3.3762	863.16	-0.014079	2.8037e-05	0.10423	supercritical
500.69	665.00	195.15	0.0051243	1001.0	1341.8	4.3606	2.4798	3.3784	863.03	-0.014084	2.8025e-05	0.10433	supercritical
501.69	665.00	194.79	0.0051336	1003.8	1345.2	4.3674	2.4832	3.3805	862.90	-0.014089	2.8012e-05	0.10442	supercritical
502.69	665.00	194.44	0.0051429	1006.6	1348.6	4.3741	2.4866	3.3827	862.78	-0.014094	2.8000e-05	0.10452	supercritical
503.69	665.00	194.09	0.0051522	1009.3	1352.0	4.3808	2.4900	3.3849	862.66	-0.014099	2.7988e-05	0.10461	supercritical
504.69	665.00	193.74	0.0051615	1012.1	1355.3	4.3876	2.4935	3.3871	862.55	-0.014105	2.7977e-05	0.10471	supercritical
505.69	665.00	193.40	0.0051708	1014.9	1358.7	4.3943	2.4969	3.3893	862.44	-0.014111	2.7966e-05	0.10481	supercritical
506.69	665.00	193.05	0.0051800	1017.6	1362.1	4.4010	2.5003	3.3914	862.33	-0.014118	2.7954e-05	0.10490	supercritical
507.69	665.00	192.70	0.0051893	1020.4	1365.5	4.4077	2.5037	3.3936	862.23	-0.014125	2.7943e-05	0.10500	supercritical
508.69	665.00	192.36	0.0051986	1023.2	1368.9	4.4143	2.5071	3.3958	862.12	-0.014132	2.7933e-05	0.10510	supercritical
509.69	665.00	192.02	0.0052079	1026.0	1372.3	4.4210	2.5105	3.3981	862.03	-0.014139	2.7922e-05	0.10520	supercritical
510.69	665.00	191.68	0.0052171	1028.8	1375.7	4.4277	2.5139	3.4003	861.93	-0.014147	2.7912e-05	0.10530	supercritical
511.69	665.00	191.34	0.0052264	1031.5	1379.1	4.4343	2.5174	3.4025	861.84	-0.014155	2.7902e-05	0.10540	supercritical
512.69	665.00	191.00	0.0052357	1034.3	1382.5	4.4410	2.5208	3.4047	861.75	-0.014164	2.7892e-05	0.10551	supercritical
513.69	665.00	190.66	0.0052450	1037.1	1385.9	4.4476	2.5242	3.4070	861.67	-0.014172	2.7882e-05	0.10561	supercritical
514.69	665.00	190.32	0.0052542	1039.9	1389.3	4.4542	2.5276	3.4092	861.59	-0.014181	2.7872e-05	0.10571	supercritical
515.69	665.00	189.99	0.0052635	1042.7	1392.7	4.4608	2.5310	3.4115	861.51	-0.014191	2.7863e-05	0.10582	supercritical
516.69	665.00	189.65	0.0052728	1045.5	1396.1	4.4675	2.5345	3.4137	861.43	-0.014200	2.7854e-05	0.10592	supercritical
517.69	665.00	189.32	0.0052820	1048.3	1399.6	4.4741	2.5379	3.4160	861.36	-0.014210	2.7845e-05	0.10603	supercritical
518.69	665.00	188.99	0.0052913	1051.1	1403.0	4.4807	2.5413	3.4182	861.29	-0.014220	2.7836e-05	0.10613	supercritical
519.69	665.00	188.66	0.0053006	1053.9	1406.4	4.4872	2.5448	3.4205	861.23	-0.014231	2.7827e-05	0.10624	supercritical
520.69	665.00	188.33	0.0053098	1056.7	1409.8	4.4938	2.5482	3.4228	861.16	-0.014241	2.7819e-05	0.10635	supercritical
521.69	665.00	188.00	0.0053191	1059.5	1413.2	4.5004	2.5516	3.4251	861.10	-0.014252	2.7810e-05	0.10646	supercritical
522.69	665.00	187.68	0.0053283	1062.3	1416.7	4.5069	2.5551	3.4273	861.04	-0.014263	2.7802e-05	0.10656	supercritical
523.69	665.00	187.35	0.0053376	1065.1	1420.1	4.5135	2.5585	3.4296	860.99	-0.014275	2.7795e-05	0.10667	supercritical
524.69	665.00	187.03	0.0053469	1068.0	1423.5	4.5200	2.5619	3.4319	860.94	-0.014287	2.7787e-05	0.10678	supercritical
525.69	665.00	186.70	0.0053561	1070.8	1427.0	4.5266	2.5654	3.4342	860.89	-0.014299	2.7779e-05	0.10690	supercritical
526.69	665.00	186.38	0.0053654	1073.6	1430.4	4.5331	2.5688	3.4365	860.85	-0.014311	2.7772e-05	0.10701	supercritical
527.69	665.00	186.06	0.0053746	1076.4	1433.8	4.5396	2.5722	3.4389	860.80	-0.014323	2.7765e-05	0.10712	supercritical
528.69	665.00	185.74	0.0053839	1079.2	1437.3	4.5461	2.5757	3.4412	860.76	-0.014336	2.7758e-05	0.10723	supercritical
529.69	665.00	185.42	0.0053931	1082.1	1440.7	4.5527	2.5791	3.4435	860.73	-0.014349	2.7751e-05	0.10734	supercritical
530.69	665.00	185.10	0.0054024	1084.9	1444.2	4.5591	2.5826	3.4458	860.69	-0.014362	2.7744e-05	0.10746	supercritical
531.69	665.00	184.79	0.0054116	1087.7	1447.6	4.5656	2.5860	3.4482	860.66	-0.014375	2.7738e-05	0.10757	supercritical
532.69	665.00	184.47	0.0054209	1090.6	1451.1	4.5721	2.5894	3.4505	860.63	-0.014389	2.7731e-05	0.10769	supercritical
533.69	665.00	184.16	0.0054301	1093.4	1454.5	4.5786	2.5929	3.4529	860.60	-0.014403	2.7725e-05	0.10780	supercritical
534.69	665.00	183.85	0.0054393	1096.2	1458.0	4.5851	2.5963	3.4552	860.58	-0.014417	2.7719e-05	0.10792	supercritical
535.69	665.00	183.53	0.0054486	1099.1	1461.4	4.5915	2.5998	3.4576	860.56	-0.014431	2.7713e-05	0.10804	supercritical
536.69	665.00	183.22	0.0054578	1101.9	1464.9	4.5980	2.6032	3.4599	860.54	-0.014446	2.7707e-05	0.10815	supercritical
537.69	665.00	182.91	0.0054671	1104.8	1468.3	4.6044	2.6067	3.4623	860.53	-0.014460	2.7702e-05	0.10827	supercritical
538.69	665.00	182.61	0.0054763	1107.6	1471.8	4.6108	2.6101	3.4647	860.51	-0.014475	2.7697e-05	0.10839	supercritical
539.69	665.00	182.30	0.0054855	1110.5	1475.3	4.6173	2.6135	3.4670	860.50	-0.014490	2.7691e-05	0.10851	supercritical
540.69	665.00	181.99	0.0054948	1113.3	1478.7	4.6237	2.6170	3.4694	860.49	-0.014506	2.7686e-05	0.10863	supercritical
541.69	665.00	181.69	0.0055040	1116.2	1482.2	4.6301	2.6204	3.4718	860.49	-0.014521	2.7681e-05	0.10875	supercritical
542.69	665.00	181.38	0.0055132	1119.1	1485.7	4.6365	2.6239	3.4742	860.48	-0.014537	2.7677e-05	0.10887	supercritical
543.69	665.00	181.08	0.0055224	1121.9	1489.2	4.6429	2.6273	3.4766	860.48	-0.014552	2.7672e-05	0.10899	supercritical
544.69	665.00	180.78	0.0055317	1124.8	1492.6	4.6493	2.6308	3.4790	860.48	-0.014568	2.7667e-05	0.10911	supercritical
545.69	665.00	180.48	0.0055409	1127.6	1496.1	4.6557	2.6342	3.4814	860.49	-0.014585	2.7663e-05	0.10924	supercritical
546.69	665.00	180.18	0.0055501	1130.5	1499.6	4.6621	2.6377	3.4838	860.50	-0.014601	2.7659e-05	0.10936	supercritical
547.69	665.00	179.88	0.0055593	1133.4	1503.1	4.6684	2.6411	3.4862	860.50	-0.014618	2.7655e-05	0.10948	supercritical
548.69	665.00	179.58	0.0055686	1136.3	1506.6	4.6748	2.6446	3.4886	860.51	-0.014634	2.7651e-05	0.10961	supercritical
549.69	665.00	179.28	0.0055778	1139.1	1510.1	4.6811	2.6480	3.4910	860.53	-0.014651	2.7647e-05	0.10973	supercritical
550.69	665.00	178.99	0.0055870	1142.0	1513.6	4.6875	2.6515	3.4935	860.54	-0.014668	2.7644e-05	0.10986	supercritical
551.69	665.00	178.69	0.0055962	1144.9	1517.0	4.6938	2.6549	3.4959	860.56	-0.014685	2.7640e-05	0.10998	supercritical
552.69	665.00	178.40	0.0056054	1147.8	1520.5	4.7002	2.6584	3.4983	860.58	-0.014703	2.7637e-05	0.11011	supercritical
553.69	665.00	178.11	0.0056146	1150.7	1524.0	4.7065	2.6618	3.5008	860.60	-0.014720	2.7634e-05	0.11024	supercritical
554.69	665.00	177.81	0.0056238	1153.6	1527.5	4.7128	2.6653	3.5032	860.63	-0.014738	2.7631e-05	0.11036	supercritical
555.69	665.00	177.52	0.0056330	1156.5	1531.0	4.7191	2.6687	3.5057	860.66	-0.014755	2.7628e-05	0.11049	supercritical
556.69	665.00	177.23	0.0056422	1159.3	1534.6	4.7254	2.6722	3.5081	860.69	-0.014773	2.7625e-05	0.11062	supercritical
557.69	665.00	176.95	0.0056515	1162.2	1538.1	4.7317	2.6756	3.5106	860.72	-0.014791	2.7622e-05	0.11075	supercritical
558.69	665.00	176.66	0.0056607	1165.1	1541.6	4.7380	2.6791	3.5130	860.75	-0.014810	2.7620e-05	0.11088	supercritical
559.69	665.00	176.37	0.0056699	1168.0	1545.1	4.7443	2.6825	3.5155	860.79	-0.014828	2.7617e-05	0.11101	supercritical
560.69	665.00	176.09	0.0056791	1171.0	1548.6	4.7506	2.6860	3.5180	860.82	-0.014846	2.7615e-05	0.11114	supercritical
561.69	665.00	175.80	0.0056882	1173.9	1552.1	4.7569	2.6894	3.5204	860.86	-0.014865	2.7613e-05	0.11127	supercritical
562.69	665.00	175.52	0.0056974	1176.8	1555.6	4.7631	2.6929	3.5229	860.90	-0.014884	2.7611e-05	0.11140	supercritical
563.69	665.00	175.23	0.0057066	1179.7	1559.2	4.7694	2.6963	3.5254	860.95	-0.014903	2.7609e-05	0.11153	supercritical
564.69	665.00	174.95	0.0057158	1182.6	1562.7	4.7756	2.6998	3.5279	860.99	-0.014922	2.7608e-05	0.11167	supercritical
565.69	665.00	174.67	0.0057250	1185.5	1566.2	4.7819	2.7032	3.5304	861.04	-0.014941	2.7606e-05	0.11180	supercritical
566.69	665.00	174.39	0.0057342	1188.4	1569.8	4.7881	2.7067	3.5328	861.09	-0.014960	2.7604e-05	0.11193	supercritical
567.69	665.00	174.11	0.0057434	1191.4	1573.3	4.7943	2.7101	3.5353	861.14	-0.014979	2.7603e-05	0.11207	supercritical
568.69	665.00	173.84	0.0057526	1194.3	1576.8	4.8006	2.7136	3.5378	861.20	-0.014999	2.7602e-05	0.11220	supercritical
569.69	665.00	173.56	0.0057618	1197.2	1580.4	4.8068	2.7170	3.5403	861.25	-0.015018	2.7601e-05	0.11234	supercritical
570.69	665.00	173.28	0.0057709	1200.1	1583.9	4.8130	2.7205	3.5429	861.31	-0.015038	2.7600e-05	0.11247	supercritical
571.69	665.00	173.01	0.0057801	1203.1	1587.5	4.8192	2.7239	3.5454	861.37	-0.015058	2.7599e-05	0.11261	supercritical
572.69	665.00	172.73	0.0057893	1206.0	1591.0	4.8254	2.7274	3.5479	861.43	-0.015077	2.7598e-05	0.11275	supercritical
573.69	665.00	172.46	0.0057985	1209.0	1594.6	4.8316	2.7308	3.5504	861.49	-0.015097	2.7597e-05	0.11288	supercritical
574.69	665.00	172.19	0.0058076	1211.9	1598.1	4.8378	2.7343	3.5529	861.56	-0.015118	2.7597e-05	0.11302	supercritical
575.69	665.00	171.92	0.0058168	1214.8	1601.7	4.8439	2.7377	3.5554	861.63	-0.015138	2.7597e-05	0.11316	supercritical
576.69	665.00	171.65	0.0058260	1217.8	1605.2	4.8501	2.7412	3.5580	861.69	-0.015158	2.7596e-05	0.11330	supercritical
577.69	665.00	171.38	0.0058351	1220.7	1608.8	4.8563	2.7446	3.5605	861.76	-0.015178	2.7596e-05	0.11343	supercritical
578.69	665.00	171.11	0.0058443	1223.7	1612.3	4.8624	2.7480	3.5630	861.84	-0.015199	2.7596e-05	0.11357	supercritical
579.69	665.00	170.84	0.0058535	1226.6	1615.9	4.8686	2.7515	3.5656	861.91	-0.015219	2.7596e-05	0.11371	supercritical
580.69	665.00	170.57	0.0058626	1229.6	1619.5	4.8747	2.7549	3.5681	861.99	-0.015240	2.7596e-05	0.11385	supercritical
581.69	665.00	170.31	0.0058718	1232.6	1623.0	4.8809	2.7584	3.5706	862.06	-0.015261	2.7596e-05	0.11399	supercritical
582.69	665.00	170.04	0.0058809	1235.5	1626.6	4.8870	2.7618	3.5732	862.14	-0.015281	2.7597e-05	0.11414	supercritical
583.69	665.00	169.78	0.0058901	1238.5	1630.2	4.8932	2.7653	3.5757	862.22	-0.015302	2.7597e-05	0.11428	supercritical
584.69	665.00	169.51	0.0058992	1241.5	1633.8	4.8993	2.7687	3.5783	862.31	-0.015323	2.7598e-05	0.11442	supercritical
585.69	665.00	169.25	0.0059084	1244.4	1637.3	4.9054	2.7721	3.5808	862.39	-0.015344	2.7599e-05	0.11456	supercritical
586.69	665.00	168.99	0.0059175	1247.4	1640.9	4.9115	2.7756	3.5834	862.48	-0.015365	2.7599e-05	0.11470	supercritical
587.69	665.00	168.73	0.0059267	1250.4	1644.5	4.9176	2.7790	3.5860	862.56	-0.015386	2.7600e-05	0.11485	supercritical
588.69	665.00	168.47	0.0059358	1253.4	1648.1	4.9237	2.7825	3.5885	862.65	-0.015407	2.7601e-05	0.11499	supercritical
589.69	665.00	168.21	0.0059450	1256.3	1651.7	4.9298	2.7859	3.5911	862.75	-0.015429	2.7602e-05	0.11513	supercritical
590.69	665.00	167.95	0.0059541	1259.3	1655.3	4.9359	2.7893	3.5937	862.84	-0.015450	2.7604e-05	0.11528	supercritical
591.69	665.00	167.69	0.0059633	1262.3	1658.9	4.9420	2.7928	3.5962	862.93	-0.015471	2.7605e-05	0.11542	supercritical
592.69	665.00	167.44	0.0059724	1265.3	1662.5	4.9480	2.7962	3.5988	863.03	-0.015493	2.7606e-05	0.11557	supercritical
593.69	665.00	167.18	0.0059815	1268.3	1666.1	4.9541	2.7997	3.6014	863.12	-0.015514	2.7608e-05	0.11572	supercritical
594.69	665.00	166.93	0.0059907	1271.3	1669.7	4.9602	2.8031	3.6040	863.22	-0.015536	2.7609e-05	0.11586	supercritical
595.69	665.00	166.67	0.0059998	1274.3	1673.3	4.9662	2.8065	3.6066	863.32	-0.015558	2.7611e-05	0.11601	supercritical
596.69	665.00	166.42	0.0060089	1277.3	1676.9	4.9723	2.8100	3.6092	863.43	-0.015579	2.7613e-05	0.11615	supercritical
597.69	665.00	166.17	0.0060180	1280.3	1680.5	4.9783	2.8134	3.6117	863.53	-0.015601	2.7615e-05	0.11630	supercritical
598.69	665.00	165.92	0.0060272	1283.3	1684.1	4.9844	2.8168	3.6143	863.63	-0.015623	2.7617e-05	0.11645	supercritical
599.69	665.00	165.66	0.0060363	1286.3	1687.7	4.9904	2.8203	3.6169	863.74	-0.015645	2.7619e-05	0.11660	supercritical
600.69	665.00	165.41	0.0060454	1289.3	1691.3	4.9964	2.8237	3.6195	863.85	-0.015667	2.7621e-05	0.11675	supercritical
601.69	665.00	165.17	0.0060545	1292.3	1695.0	5.0025	2.8271	3.6221	863.96	-0.015689	2.7623e-05	0.11690	supercritical
602.69	665.00	164.92	0.0060637	1295.4	1698.6	5.0085	2.8305	3.6247	864.07	-0.015711	2.7626e-05	0.11705	supercritical
603.69	665.00	164.67	0.0060728	1298.4	1702.2	5.0145	2.8340	3.6273	864.18	-0.015733	2.7628e-05	0.11720	supercritical
604.69	665.00	164.42	0.0060819	1301.4	1705.8	5.0205	2.8374	3.6300	864.29	-0.015755	2.7631e-05	0.11735	supercritical
605.69	665.00	164.18	0.0060910	1304.4	1709.5	5.0265	2.8408	3.6326	864.41	-0.015777	2.7633e-05	0.11750	supercritical
606.69	665.00	163.93	0.0061001	1307.4	1713.1	5.0325	2.8442	3.6352	864.53	-0.015799	2.7636e-05	0.11765	supercritical
607.69	665.00	163.69	0.0061092	1310.5	1716.7	5.0385	2.8477	3.6378	864.64	-0.015821	2.7639e-05	0.11780	supercritical
608.69	665.00	163.44	0.0061183	1313.5	1720.4	5.0445	2.8511	3.6404	864.76	-0.015843	2.7642e-05	0.11795	supercritical
609.69	665.00	163.20	0.0061274	1316.5	1724.0	5.0504	2.8545	3.6430	864.88	-0.015866	2.7645e-05	0.11810	supercritical
610.69	665.00	162.96	0.0061365	1319.6	1727.7	5.0564	2.8579	3.6457	865.00	-0.015888	2.7648e-05	0.11826	supercritical
611.69	665.00	162.72	0.0061456	1322.6	1731.3	5.0624	2.8614	3.6483	865.13	-0.015910	2.7651e-05	0.11841	supercritical
612.69	665.00	162.48	0.0061547	1325.7	1735.0	5.0683	2.8648	3.6509	865.25	-0.015933	2.7654e-05	0.11856	supercritical
613.69	665.00	162.24	0.0061638	1328.7	1738.6	5.0743	2.8682	3.6535	865.38	-0.015955	2.7658e-05	0.11871	supercritical
614.69	665.00	162.00	0.0061729	1331.8	1742.3	5.0802	2.8716	3.6562	865.51	-0.015977	2.7661e-05	0.11887	supercritical
615.69	665.00	161.76	0.0061820	1334.8	1745.9	5.0862	2.8750	3.6588	865.63	-0.016000	2.7665e-05	0.11902	supercritical
616.69	665.00	161.52	0.0061911	1337.9	1749.6	5.0921	2.8784	3.6614	865.76	-0.016022	2.7668e-05	0.11918	supercritical
617.69	665.00	161.29	0.0062002	1340.9	1753.2	5.0981	2.8819	3.6641	865.89	-0.016045	2.7672e-05	0.11933	supercritical
618.69	665.00	161.05	0.0062093	1344.0	1756.9	5.1040	2.8853	3.6667	866.03	-0.016067	2.7676e-05	0.11949	supercritical
619.69	665.00	160.81	0.0062183	1347.1	1760.6	5.1099	2.8887	3.6694	866.16	-0.016090	2.7680e-05	0.11964	supercritical
620.69	665.00	160.58	0.0062274	1350.1	1764.3	5.1158	2.8921	3.6720	866.29	-0.016112	2.7683e-05	0.11980	supercritical
621.69	665.00	160.35	0.0062365	1353.2	1767.9	5.1217	2.8955	3.6747	866.43	-0.016135	2.7687e-05	0.11996	supercritical
622.69	665.00	160.11	0.0062456	1356.3	1771.6	5.1277	2.8989	3.6773	866.57	-0.016158	2.7692e-05	0.12011	supercritical
623.69	665.00	159.88	0.0062546	1359.3	1775.3	5.1336	2.9023	3.6800	866.71	-0.016180	2.7696e-05	0.12027	supercritical
624.69	665.00	159.65	0.0062637	1362.4	1779.0	5.1395	2.9057	3.6826	866.85	-0.016203	2.7700e-05	0.12043	supercritical