Temperature (K)	Pressure (bar)	Density (kg/m3)	Volume (m3/kg)	Internal Energy (kJ/kg)	Enthalpy (kJ/kg)	Entropy (J/g*K)	Cv (J/g*K)	Cp (J/g*K)	Sound Spd. (m/s)	Joule-Thomson (K/bar)	Viscosity (Pa*s)	Therm. Cond. (W/m*K)	Phase
90.694	30.000	453.40	0.0022055	-73.573	-66.957	-0.72914	2.1752	3.3519	1558.6	-0.048680	0.00020505	0.21380	liquid
91.694	30.000	452.10	0.0022119	-70.239	-63.604	-0.69237	2.1688	3.3548	1549.8	-0.048484	0.00019865	0.21264	liquid
92.694	30.000	450.79	0.0022183	-66.902	-60.247	-0.65597	2.1625	3.3579	1541.0	-0.048281	0.00019267	0.21147	liquid
93.694	30.000	449.48	0.0022248	-63.562	-56.888	-0.61992	2.1565	3.3612	1532.1	-0.048068	0.00018706	0.21028	liquid
94.694	30.000	448.17	0.0022313	-60.219	-53.525	-0.58421	2.1506	3.3648	1523.2	-0.047848	0.00018179	0.20907	liquid
95.694	30.000	446.85	0.0022379	-56.872	-50.158	-0.54885	2.1449	3.3686	1514.2	-0.047620	0.00017681	0.20785	liquid
96.694	30.000	445.52	0.0022446	-53.521	-46.787	-0.51381	2.1393	3.3725	1505.2	-0.047383	0.00017210	0.20661	liquid
97.694	30.000	444.19	0.0022513	-50.167	-43.413	-0.47909	2.1338	3.3766	1496.1	-0.047139	0.00016763	0.20536	liquid
98.694	30.000	442.86	0.0022581	-46.808	-40.034	-0.44468	2.1284	3.3809	1487.0	-0.046886	0.00016338	0.20410	liquid
99.694	30.000	441.52	0.0022649	-43.446	-36.651	-0.41057	2.1231	3.3853	1477.8	-0.046626	0.00015933	0.20283	liquid
100.69	30.000	440.17	0.0022718	-40.079	-33.264	-0.37676	2.1178	3.3898	1468.6	-0.046357	0.00015546	0.20154	liquid
101.69	30.000	438.82	0.0022788	-36.708	-29.871	-0.34324	2.1127	3.3945	1459.4	-0.046080	0.00015176	0.20025	liquid
102.69	30.000	437.47	0.0022859	-33.332	-26.475	-0.31000	2.1076	3.3994	1450.1	-0.045795	0.00014821	0.19894	liquid
103.69	30.000	436.10	0.0022930	-29.952	-23.073	-0.27704	2.1026	3.4043	1440.8	-0.045501	0.00014480	0.19763	liquid
104.69	30.000	434.74	0.0023002	-26.567	-19.666	-0.24434	2.0977	3.4095	1431.4	-0.045198	0.00014152	0.19631	liquid
105.69	30.000	433.36	0.0023075	-23.176	-16.254	-0.21190	2.0928	3.4147	1422.0	-0.044887	0.00013836	0.19498	liquid
106.69	30.000	431.98	0.0023149	-19.781	-12.836	-0.17972	2.0879	3.4201	1412.6	-0.044566	0.00013531	0.19364	liquid
107.69	30.000	430.60	0.0023224	-16.381	-9.4135	-0.14779	2.0831	3.4256	1403.2	-0.044236	0.00013237	0.19229	liquid
108.69	30.000	429.20	0.0023299	-12.975	-5.9851	-0.11610	2.0784	3.4313	1393.7	-0.043896	0.00012952	0.19094	liquid
109.69	30.000	427.81	0.0023375	-9.5634	-2.5509	-0.084653	2.0737	3.4371	1384.1	-0.043546	0.00012677	0.18959	liquid
110.69	30.000	426.40	0.0023452	-6.1465	0.88915	-0.053435	2.0690	3.4430	1374.6	-0.043185	0.00012411	0.18822	liquid
111.69	30.000	424.99	0.0023530	-2.7238	4.3352	-0.022443	2.0644	3.4492	1365.0	-0.042814	0.00012152	0.18686	liquid
112.69	30.000	423.56	0.0023609	0.70476	7.7875	0.0083280	2.0599	3.4554	1355.3	-0.042431	0.00011902	0.18549	liquid
113.69	30.000	422.14	0.0023689	4.1394	11.246	0.038883	2.0553	3.4619	1345.7	-0.042037	0.00011658	0.18411	liquid
114.69	30.000	420.70	0.0023770	7.5803	14.711	0.069228	2.0508	3.4685	1336.0	-0.041631	0.00011422	0.18273	liquid
115.69	30.000	419.26	0.0023852	11.028	18.183	0.099367	2.0464	3.4753	1326.2	-0.041212	0.00011192	0.18135	liquid
116.69	30.000	417.80	0.0023935	14.482	21.662	0.12931	2.0419	3.4822	1316.4	-0.040780	0.00010968	0.17996	liquid
117.69	30.000	416.34	0.0024019	17.942	25.148	0.15905	2.0376	3.4894	1306.6	-0.040335	0.00010750	0.17857	liquid
118.69	30.000	414.88	0.0024104	21.410	28.641	0.18860	2.0332	3.4968	1296.8	-0.039876	0.00010538	0.17717	liquid
119.69	30.000	413.40	0.0024190	24.884	32.141	0.21797	2.0289	3.5044	1286.9	-0.039402	0.00010332	0.17578	liquid
120.69	30.000	411.91	0.0024277	28.367	35.650	0.24716	2.0246	3.5122	1276.9	-0.038913	0.00010130	0.17438	liquid
121.69	30.000	410.41	0.0024366	31.856	39.166	0.27617	2.0204	3.5202	1267.0	-0.038408	9.9340e-05	0.17298	liquid
122.69	30.000	408.91	0.0024455	35.354	42.690	0.30502	2.0162	3.5285	1256.9	-0.037887	9.7425e-05	0.17158	liquid
123.69	30.000	407.39	0.0024546	38.859	46.223	0.33369	2.0121	3.5371	1246.9	-0.037348	9.5555e-05	0.17017	liquid
124.69	30.000	405.87	0.0024639	42.373	49.764	0.36221	2.0080	3.5459	1236.8	-0.036791	9.3730e-05	0.16877	liquid
125.69	30.000	404.33	0.0024732	45.895	53.315	0.39057	2.0039	3.5550	1226.6	-0.036216	9.1947e-05	0.16736	liquid
126.69	30.000	402.78	0.0024827	49.426	56.874	0.41878	1.9999	3.5644	1216.5	-0.035621	9.0206e-05	0.16595	liquid
127.69	30.000	401.22	0.0024924	52.966	60.444	0.44684	1.9959	3.5741	1206.2	-0.035006	8.8505e-05	0.16454	liquid
128.69	30.000	399.65	0.0025022	56.516	64.023	0.47476	1.9920	3.5841	1195.9	-0.034369	8.6841e-05	0.16313	liquid
129.69	30.000	398.07	0.0025121	60.076	67.612	0.50254	1.9881	3.5945	1185.6	-0.033710	8.5215e-05	0.16172	liquid
130.69	30.000	396.47	0.0025222	63.645	71.212	0.53019	1.9842	3.6052	1175.2	-0.033028	8.3624e-05	0.16031	liquid
131.69	30.000	394.87	0.0025325	67.225	74.822	0.55771	1.9805	3.6163	1164.8	-0.032321	8.2068e-05	0.15890	liquid
132.69	30.000	393.25	0.0025429	70.816	78.444	0.58511	1.9767	3.6278	1154.3	-0.031588	8.0545e-05	0.15748	liquid
133.69	30.000	391.61	0.0025536	74.418	82.078	0.61239	1.9730	3.6398	1143.7	-0.030829	7.9055e-05	0.15607	liquid
134.69	30.000	389.96	0.0025644	78.031	85.724	0.63956	1.9694	3.6521	1133.1	-0.030041	7.7595e-05	0.15465	liquid
135.69	30.000	388.30	0.0025753	81.657	89.383	0.66662	1.9658	3.6650	1122.5	-0.029224	7.6166e-05	0.15323	liquid
136.69	30.000	386.62	0.0025865	85.295	93.054	0.69358	1.9622	3.6783	1111.7	-0.028375	7.4766e-05	0.15182	liquid
137.69	30.000	384.92	0.0025979	88.946	96.739	0.72044	1.9587	3.6922	1100.9	-0.027493	7.3395e-05	0.15040	liquid
138.69	30.000	383.21	0.0026095	92.610	100.44	0.74721	1.9553	3.7066	1090.1	-0.026577	7.2051e-05	0.14898	liquid
139.69	30.000	381.48	0.0026214	96.289	104.15	0.77389	1.9519	3.7216	1079.2	-0.025625	7.0733e-05	0.14756	liquid
140.69	30.000	379.74	0.0026334	99.982	107.88	0.80050	1.9486	3.7373	1068.1	-0.024634	6.9442e-05	0.14614	liquid
141.69	30.000	377.97	0.0026457	103.69	111.63	0.82702	1.9454	3.7536	1057.1	-0.023602	6.8175e-05	0.14472	liquid
142.69	30.000	376.19	0.0026582	107.42	115.39	0.85348	1.9422	3.7706	1045.9	-0.022528	6.6932e-05	0.14329	liquid
143.69	30.000	374.38	0.0026711	111.16	119.17	0.87987	1.9391	3.7884	1034.7	-0.021408	6.5713e-05	0.14187	liquid
144.69	30.000	372.56	0.0026841	114.91	122.97	0.90621	1.9361	3.8069	1023.3	-0.020240	6.4516e-05	0.14044	liquid
145.69	30.000	370.71	0.0026975	118.69	126.78	0.93249	1.9331	3.8263	1011.9	-0.019021	6.3341e-05	0.13902	liquid
146.69	30.000	368.84	0.0027112	122.49	130.62	0.95874	1.9302	3.8467	1000.4	-0.017747	6.2187e-05	0.13759	liquid
147.69	30.000	366.95	0.0027252	126.30	134.48	0.98494	1.9274	3.8680	988.79	-0.016416	6.1053e-05	0.13616	liquid
148.69	30.000	365.03	0.0027395	130.14	138.36	1.0111	1.9247	3.8903	977.07	-0.015024	5.9939e-05	0.13472	liquid
149.69	30.000	363.09	0.0027542	134.00	142.26	1.0373	1.9221	3.9138	965.25	-0.013565	5.8844e-05	0.13329	liquid
150.69	30.000	361.11	0.0027692	137.88	146.18	1.0634	1.9195	3.9385	953.31	-0.012037	5.7768e-05	0.13185	liquid
151.69	30.000	359.11	0.0027846	141.78	150.14	1.0895	1.9171	3.9646	941.25	-0.010434	5.6709e-05	0.13041	liquid
152.69	30.000	357.08	0.0028005	145.71	154.11	1.1157	1.9147	3.9920	929.07	-0.0087496	5.5667e-05	0.12896	liquid
153.69	30.000	355.02	0.0028167	149.67	158.12	1.1418	1.9125	4.0210	916.76	-0.0069791	5.4641e-05	0.12751	liquid
154.69	30.000	352.92	0.0028335	153.66	162.16	1.1680	1.9104	4.0517	904.30	-0.0051153	5.3631e-05	0.12606	liquid
155.69	30.000	350.79	0.0028507	157.67	166.22	1.1942	1.9084	4.0842	891.70	-0.0031509	5.2636e-05	0.12460	liquid
156.69	30.000	348.62	0.0028685	161.72	170.33	1.2205	1.9066	4.1187	878.94	-0.0010775	5.1655e-05	0.12313	liquid
157.69	30.000	346.41	0.0028868	165.80	174.46	1.2468	1.9048	4.1554	866.01	0.0011140	5.0687e-05	0.12166	liquid
158.69	30.000	344.15	0.0029057	169.92	178.64	1.2732	1.9033	4.1946	852.91	0.0034341	4.9732e-05	0.12018	liquid
159.69	30.000	341.85	0.0029252	174.08	182.85	1.2997	1.9019	4.2364	839.61	0.0058946	4.8789e-05	0.11870	liquid
160.69	30.000	339.51	0.0029455	178.27	187.11	1.3263	1.9006	4.2812	826.12	0.0085088	4.7858e-05	0.11720	liquid
161.69	30.000	337.11	0.0029664	182.52	191.42	1.3530	1.8996	4.3294	812.40	0.011292	4.6937e-05	0.11570	liquid
162.69	30.000	334.65	0.0029882	186.81	195.77	1.3798	1.8988	4.3814	798.45	0.014261	4.6025e-05	0.11419	liquid
163.69	30.000	332.13	0.0030109	191.15	200.18	1.4068	1.8982	4.4375	784.24	0.017437	4.5122e-05	0.11266	liquid
164.69	30.000	329.55	0.0030345	195.54	204.65	1.4340	1.8978	4.4985	769.76	0.020843	4.4227e-05	0.11112	liquid
165.69	30.000	326.89	0.0030591	200.00	209.18	1.4615	1.8977	4.5650	754.98	0.024506	4.3338e-05	0.10957	liquid
166.69	30.000	324.15	0.0030850	204.52	213.78	1.4891	1.8980	4.6378	739.87	0.028459	4.2455e-05	0.10800	liquid
167.69	30.000	321.33	0.0031120	209.12	218.46	1.5171	1.8986	4.7180	724.39	0.032740	4.1577e-05	0.10642	liquid
168.69	30.000	318.42	0.0031405	213.80	223.22	1.5454	1.8996	4.8069	708.51	0.037395	4.0701e-05	0.10481	liquid
169.69	30.000	315.39	0.0031706	218.56	228.07	1.5741	1.9011	4.9061	692.17	0.042482	3.9826e-05	0.10318	liquid
170.69	30.000	312.25	0.0032026	223.43	233.03	1.6033	1.9031	5.0177	675.33	0.048069	3.8951e-05	0.10153	liquid
171.69	30.000	308.97	0.0032365	228.40	238.11	1.6329	1.9058	5.1444	657.90	0.054245	3.8073e-05	0.099842	liquid
172.69	30.000	305.54	0.0032729	233.51	243.33	1.6632	1.9092	5.2899	639.81	0.061121	3.7189e-05	0.098122	liquid
173.69	30.000	301.93	0.0033120	238.77	248.70	1.6943	1.9136	5.4593	620.93	0.068841	3.6297e-05	0.096363	liquid
174.69	30.000	298.11	0.0033545	244.20	254.26	1.7262	1.9191	5.6596	601.13	0.077602	3.5392e-05	0.094557	liquid
175.69	30.000	294.03	0.0034010	249.83	260.04	1.7591	1.9262	5.9017	580.21	0.087670	3.4469e-05	0.092696	liquid
176.69	30.000	289.65	0.0034525	255.72	266.08	1.7934	1.9352	6.2019	557.91	0.099430	3.3522e-05	0.090768	liquid
177.27	30.000	286.93	0.0034852	259.28	269.74	1.8141	1.9416	6.4129	544.18	0.10725	3.2957e-05	0.089612	liquid
177.27	30.000	53.878	0.018560	484.25	539.93	3.3382	2.0769	6.2463	269.47	1.3469	7.7522e-06	0.030404	vapor
177.69	30.000	53.195	0.018799	486.10	542.50	3.3527	2.0528	5.9818	271.34	1.3377	7.7667e-06	0.030111	vapor
178.69	30.000	51.729	0.019332	490.22	548.21	3.3848	2.0049	5.4821	275.45	1.3161	7.7997e-06	0.029535	vapor
179.69	30.000	50.439	0.019826	494.02	553.50	3.4143	1.9669	5.1075	279.19	1.2950	7.8312e-06	0.029083	vapor
180.69	30.000	49.284	0.020291	497.58	558.46	3.4418	1.9360	4.8148	282.64	1.2745	7.8619e-06	0.028721	vapor
181.69	30.000	48.236	0.020731	500.95	563.15	3.4677	1.9104	4.5789	285.86	1.2546	7.8921e-06	0.028429	vapor
182.69	30.000	47.276	0.021152	504.17	567.63	3.4923	1.8888	4.3841	288.90	1.2354	7.9220e-06	0.028191	vapor
183.69	30.000	46.389	0.021557	507.26	571.93	3.5158	1.8704	4.2199	291.78	1.2168	7.9519e-06	0.027998	vapor
184.69	30.000	45.565	0.021947	510.23	576.08	3.5383	1.8544	4.0795	294.53	1.1988	7.9818e-06	0.027844	vapor
185.69	30.000	44.794	0.022325	513.12	580.09	3.5600	1.8404	3.9577	297.17	1.1814	8.0117e-06	0.027723	vapor
186.69	30.000	44.070	0.022691	515.92	584.00	3.5809	1.8279	3.8509	299.70	1.1645	8.0417e-06	0.027633	vapor
187.69	30.000	43.387	0.023048	518.65	587.80	3.6012	1.8168	3.7562	302.15	1.1482	8.0719e-06	0.027574	vapor
188.69	30.000	42.741	0.023397	521.32	591.51	3.6210	1.8068	3.6717	304.52	1.1323	8.1021e-06	0.027549	vapor
189.69	30.000	42.128	0.023737	523.93	595.14	3.6402	1.7977	3.5956	306.81	1.1169	8.1325e-06	0.027572	vapor
190.69	30.000	41.544	0.024071	526.49	598.71	3.6589	1.7894	3.5267	309.05	1.1020	8.1630e-06	0.027561	vapor
191.69	30.000	40.988	0.024398	529.01	602.20	3.6772	1.7818	3.4640	311.22	1.0875	8.1937e-06	0.027207	vapor
192.69	30.000	40.456	0.024718	531.48	605.63	3.6950	1.7747	3.4066	313.34	1.0735	8.2245e-06	0.027034	vapor
193.69	30.000	39.946	0.025034	533.91	609.01	3.7125	1.7682	3.3538	315.41	1.0598	8.2553e-06	0.026920	vapor
194.69	30.000	39.457	0.025344	536.31	612.34	3.7297	1.7621	3.3051	317.44	1.0464	8.2863e-06	0.026839	vapor
195.69	30.000	38.987	0.025650	538.68	615.63	3.7465	1.7564	3.2599	319.42	1.0335	8.3174e-06	0.026783	vapor
196.69	30.000	38.535	0.025951	541.01	618.86	3.7630	1.7511	3.2180	321.36	1.0208	8.3486e-06	0.026744	vapor
197.69	30.000	38.099	0.026248	543.32	622.06	3.7792	1.7461	3.1789	323.26	1.0085	8.3798e-06	0.026721	vapor
198.69	30.000	37.678	0.026541	545.60	625.22	3.7952	1.7415	3.1423	325.13	0.99643	8.4112e-06	0.026709	vapor
199.69	30.000	37.272	0.026830	547.86	628.35	3.8109	1.7370	3.1081	326.96	0.98468	8.4425e-06	0.026707	vapor
200.69	30.000	36.879	0.027116	550.09	631.44	3.8263	1.7329	3.0759	328.76	0.97321	8.4740e-06	0.026714	vapor
201.69	30.000	36.498	0.027399	552.31	634.50	3.8415	1.7289	3.0457	330.53	0.96200	8.5055e-06	0.026729	vapor
202.69	30.000	36.130	0.027678	554.50	637.53	3.8565	1.7252	3.0172	332.27	0.95104	8.5371e-06	0.026750	vapor
203.69	30.000	35.772	0.027955	556.67	640.54	3.8713	1.7217	2.9903	333.99	0.94032	8.5687e-06	0.026776	vapor
204.69	30.000	35.425	0.028229	558.83	643.51	3.8859	1.7184	2.9648	335.68	0.92983	8.6004e-06	0.026809	vapor
205.69	30.000	35.088	0.028500	560.97	646.47	3.9003	1.7152	2.9407	337.34	0.91956	8.6321e-06	0.026845	vapor
206.69	30.000	34.760	0.028769	563.09	649.40	3.9145	1.7122	2.9179	338.98	0.90951	8.6638e-06	0.026887	vapor
207.69	30.000	34.441	0.029035	565.20	652.30	3.9285	1.7094	2.8962	340.59	0.89966	8.6956e-06	0.026932	vapor
208.69	30.000	34.130	0.029299	567.29	655.19	3.9424	1.7067	2.8756	342.19	0.89001	8.7274e-06	0.026980	vapor
209.69	30.000	33.828	0.029561	569.37	658.05	3.9561	1.7042	2.8560	343.76	0.88056	8.7593e-06	0.027032	vapor
210.69	30.000	33.533	0.029821	571.44	660.90	3.9696	1.7018	2.8373	345.31	0.87128	8.7911e-06	0.027087	vapor
211.69	30.000	33.246	0.030079	573.49	663.73	3.9830	1.6995	2.8195	346.84	0.86219	8.8230e-06	0.027145	vapor
212.69	30.000	32.965	0.030335	575.53	666.54	3.9962	1.6974	2.8025	348.36	0.85326	8.8549e-06	0.027205	vapor
213.69	30.000	32.691	0.030589	577.57	669.33	4.0094	1.6954	2.7863	349.85	0.84451	8.8868e-06	0.027268	vapor
214.69	30.000	32.424	0.030842	579.59	672.11	4.0223	1.6934	2.7707	351.33	0.83591	8.9188e-06	0.027333	vapor
215.69	30.000	32.162	0.031092	581.60	674.88	4.0352	1.6916	2.7559	352.79	0.82747	8.9507e-06	0.027400	vapor
216.69	30.000	31.907	0.031341	583.60	677.62	4.0479	1.6899	2.7417	354.23	0.81918	8.9827e-06	0.027470	vapor
217.69	30.000	31.657	0.031589	585.59	680.36	4.0605	1.6883	2.7281	355.66	0.81103	9.0147e-06	0.027541	vapor
218.69	30.000	31.412	0.031835	587.58	683.08	4.0729	1.6868	2.7151	357.07	0.80303	9.0467e-06	0.027613	vapor
219.69	30.000	31.173	0.032079	589.55	685.79	4.0853	1.6854	2.7026	358.47	0.79516	9.0787e-06	0.027688	vapor
220.69	30.000	30.938	0.032323	591.52	688.49	4.0975	1.6841	2.6906	359.85	0.78743	9.1107e-06	0.027764	vapor
221.69	30.000	30.708	0.032564	593.48	691.17	4.1097	1.6829	2.6791	361.22	0.77982	9.1427e-06	0.027842	vapor
222.69	30.000	30.483	0.032805	595.43	693.84	4.1217	1.6817	2.6681	362.58	0.77234	9.1747e-06	0.027921	vapor
223.69	30.000	30.263	0.033044	597.38	696.51	4.1336	1.6807	2.6575	363.92	0.76498	9.2068e-06	0.028001	vapor
224.69	30.000	30.046	0.033282	599.31	699.16	4.1455	1.6797	2.6473	365.25	0.75775	9.2388e-06	0.028083	vapor
225.69	30.000	29.834	0.033519	601.25	701.80	4.1572	1.6788	2.6376	366.56	0.75062	9.2708e-06	0.028166	vapor
226.69	30.000	29.626	0.033755	603.17	704.43	4.1689	1.6779	2.6281	367.87	0.74361	9.3028e-06	0.028250	vapor
227.69	30.000	29.421	0.033989	605.09	707.06	4.1804	1.6772	2.6191	369.16	0.73671	9.3349e-06	0.028336	vapor
228.69	30.000	29.220	0.034223	607.01	709.67	4.1919	1.6765	2.6104	370.44	0.72991	9.3669e-06	0.028422	vapor
229.69	30.000	29.023	0.034455	608.91	712.28	4.2032	1.6759	2.6020	371.71	0.72322	9.3989e-06	0.028510	vapor
230.69	30.000	28.830	0.034686	610.82	714.88	4.2145	1.6753	2.5940	372.96	0.71662	9.4309e-06	0.028598	vapor
231.69	30.000	28.639	0.034917	612.72	717.47	4.2257	1.6748	2.5862	374.21	0.71013	9.4629e-06	0.028688	vapor
232.69	30.000	28.452	0.035146	614.61	720.05	4.2368	1.6744	2.5787	375.45	0.70373	9.4949e-06	0.028778	vapor
233.69	30.000	28.269	0.035375	616.50	722.62	4.2479	1.6740	2.5716	376.67	0.69742	9.5269e-06	0.028870	vapor
234.69	30.000	28.088	0.035603	618.39	725.19	4.2589	1.6737	2.5646	377.89	0.69120	9.5589e-06	0.028962	vapor
235.69	30.000	27.910	0.035829	620.27	727.75	4.2697	1.6735	2.5580	379.09	0.68508	9.5909e-06	0.029055	vapor
236.69	30.000	27.735	0.036055	622.14	730.31	4.2806	1.6733	2.5515	380.29	0.67904	9.6229e-06	0.029149	vapor
237.69	30.000	27.563	0.036280	624.02	732.86	4.2913	1.6731	2.5454	381.47	0.67308	9.6549e-06	0.029244	vapor
238.69	30.000	27.394	0.036505	625.89	735.40	4.3020	1.6730	2.5394	382.65	0.66721	9.6868e-06	0.029340	vapor
239.69	30.000	27.227	0.036728	627.75	737.94	4.3126	1.6730	2.5337	383.82	0.66141	9.7188e-06	0.029436	vapor
240.69	30.000	27.063	0.036951	629.61	740.47	4.3231	1.6730	2.5281	384.97	0.65570	9.7507e-06	0.029534	vapor
241.69	30.000	26.901	0.037173	631.47	742.99	4.3336	1.6731	2.5228	386.12	0.65006	9.7826e-06	0.029632	vapor
242.69	30.000	26.742	0.037394	633.33	745.51	4.3440	1.6732	2.5177	387.26	0.64450	9.8145e-06	0.029730	vapor
243.69	30.000	26.585	0.037615	635.18	748.03	4.3543	1.6734	2.5127	388.40	0.63901	9.8464e-06	0.029830	vapor
244.69	30.000	26.431	0.037835	637.03	750.54	4.3646	1.6736	2.5080	389.52	0.63359	9.8783e-06	0.029930	vapor
245.69	30.000	26.278	0.038054	638.88	753.04	4.3748	1.6739	2.5034	390.64	0.62824	9.9102e-06	0.030031	vapor
246.69	30.000	26.128	0.038273	640.73	755.55	4.3850	1.6742	2.4990	391.75	0.62296	9.9420e-06	0.030132	vapor
247.69	30.000	25.980	0.038491	642.57	758.04	4.3951	1.6746	2.4947	392.85	0.61775	9.9739e-06	0.030234	vapor
248.69	30.000	25.835	0.038708	644.41	760.53	4.4051	1.6750	2.4907	393.94	0.61260	1.0006e-05	0.030337	vapor
249.69	30.000	25.691	0.038925	646.25	763.02	4.4151	1.6754	2.4867	395.03	0.60752	1.0038e-05	0.030440	vapor
250.69	30.000	25.549	0.039141	648.09	765.51	4.4251	1.6759	2.4829	396.10	0.60250	1.0069e-05	0.030544	vapor
251.69	30.000	25.409	0.039356	649.92	767.99	4.4349	1.6764	2.4793	397.18	0.59754	1.0101e-05	0.030649	vapor
252.69	30.000	25.271	0.039571	651.75	770.47	4.4448	1.6770	2.4758	398.24	0.59264	1.0133e-05	0.030754	vapor
253.69	30.000	25.135	0.039786	653.58	772.94	4.4545	1.6776	2.4725	399.30	0.58780	1.0165e-05	0.030860	vapor
254.69	30.000	25.000	0.039999	655.41	775.41	4.4642	1.6783	2.4692	400.35	0.58302	1.0196e-05	0.030966	vapor
255.69	30.000	24.868	0.040213	657.24	777.88	4.4739	1.6790	2.4662	401.39	0.57830	1.0228e-05	0.031073	vapor
256.69	30.000	24.737	0.040425	659.07	780.34	4.4835	1.6797	2.4632	402.43	0.57363	1.0260e-05	0.031181	vapor
257.69	30.000	24.608	0.040638	660.89	782.81	4.4931	1.6804	2.4603	403.46	0.56902	1.0291e-05	0.031289	vapor
258.69	30.000	24.480	0.040850	662.72	785.26	4.5026	1.6812	2.4576	404.48	0.56446	1.0323e-05	0.031398	vapor
259.69	30.000	24.354	0.041061	664.54	787.72	4.5121	1.6821	2.4550	405.50	0.55995	1.0355e-05	0.031507	vapor
260.69	30.000	24.230	0.041272	666.36	790.18	4.5215	1.6830	2.4525	406.51	0.55549	1.0386e-05	0.031617	vapor
261.69	30.000	24.107	0.041482	668.18	792.63	4.5309	1.6839	2.4501	407.51	0.55109	1.0418e-05	0.031727	vapor
262.69	30.000	23.985	0.041692	670.00	795.08	4.5403	1.6848	2.4478	408.51	0.54673	1.0449e-05	0.031838	vapor
263.69	30.000	23.866	0.041901	671.82	797.52	4.5496	1.6858	2.4457	409.50	0.54242	1.0481e-05	0.031949	vapor
264.69	30.000	23.747	0.042110	673.64	799.97	4.5588	1.6868	2.4436	410.49	0.53816	1.0512e-05	0.032061	vapor
265.69	30.000	23.630	0.042319	675.45	802.41	4.5680	1.6879	2.4416	411.47	0.53395	1.0544e-05	0.032173	vapor
266.69	30.000	23.514	0.042527	677.27	804.85	4.5772	1.6890	2.4397	412.45	0.52978	1.0575e-05	0.032286	vapor
267.69	30.000	23.400	0.042735	679.08	807.29	4.5863	1.6901	2.4380	413.42	0.52566	1.0607e-05	0.032400	vapor
268.69	30.000	23.287	0.042942	680.90	809.73	4.5954	1.6912	2.4363	414.38	0.52159	1.0638e-05	0.032514	vapor
269.69	30.000	23.176	0.043149	682.71	812.16	4.6045	1.6924	2.4347	415.34	0.51755	1.0670e-05	0.032628	vapor
270.69	30.000	23.065	0.043355	684.53	814.60	4.6135	1.6936	2.4331	416.29	0.51356	1.0701e-05	0.032743	vapor
271.69	30.000	22.956	0.043562	686.34	817.03	4.6224	1.6949	2.4317	417.24	0.50962	1.0733e-05	0.032859	vapor
272.69	30.000	22.848	0.043767	688.16	819.46	4.6314	1.6961	2.4304	418.19	0.50571	1.0764e-05	0.032975	vapor
273.69	30.000	22.741	0.043973	689.97	821.89	4.6403	1.6975	2.4291	419.12	0.50184	1.0795e-05	0.033091	vapor
274.69	30.000	22.636	0.044178	691.78	824.32	4.6491	1.6988	2.4279	420.06	0.49802	1.0826e-05	0.033208	vapor
275.69	30.000	22.531	0.044382	693.60	826.74	4.6579	1.7002	2.4268	420.98	0.49423	1.0858e-05	0.033325	vapor
276.69	30.000	22.428	0.044587	695.41	829.17	4.6667	1.7016	2.4258	421.91	0.49049	1.0889e-05	0.033443	vapor
277.69	30.000	22.326	0.044791	697.22	831.60	4.6755	1.7030	2.4248	422.83	0.48678	1.0920e-05	0.033562	vapor
278.69	30.000	22.225	0.044994	699.04	834.02	4.6842	1.7044	2.4240	423.74	0.48311	1.0951e-05	0.033680	vapor
279.69	30.000	22.125	0.045198	700.85	836.44	4.6929	1.7059	2.4231	424.65	0.47947	1.0983e-05	0.033800	vapor
280.69	30.000	22.026	0.045401	702.66	838.87	4.7015	1.7074	2.4224	425.55	0.47587	1.1014e-05	0.033920	vapor
281.69	30.000	21.928	0.045603	704.48	841.29	4.7101	1.7090	2.4217	426.45	0.47231	1.1045e-05	0.034040	vapor
282.69	30.000	21.831	0.045806	706.29	843.71	4.7187	1.7105	2.4211	427.34	0.46879	1.1076e-05	0.034161	vapor
283.69	30.000	21.736	0.046008	708.11	846.13	4.7273	1.7121	2.4206	428.23	0.46529	1.1107e-05	0.034282	vapor
284.69	30.000	21.641	0.046209	709.92	848.55	4.7358	1.7137	2.4201	429.12	0.46184	1.1138e-05	0.034403	vapor
285.69	30.000	21.547	0.046411	711.74	850.97	4.7443	1.7154	2.4197	430.00	0.45841	1.1169e-05	0.034526	vapor
286.69	30.000	21.454	0.046612	713.56	853.39	4.7527	1.7171	2.4194	430.88	0.45502	1.1200e-05	0.034648	vapor
287.69	30.000	21.362	0.046813	715.37	855.81	4.7611	1.7188	2.4191	431.75	0.45166	1.1231e-05	0.034771	vapor
288.69	30.000	21.271	0.047013	717.19	858.23	4.7695	1.7205	2.4189	432.62	0.44834	1.1262e-05	0.034895	vapor
289.69	30.000	21.180	0.047214	719.01	860.65	4.7779	1.7222	2.4187	433.48	0.44504	1.1293e-05	0.035019	vapor
290.69	30.000	21.091	0.047414	720.83	863.07	4.7862	1.7240	2.4186	434.34	0.44178	1.1324e-05	0.035143	vapor
291.69	30.000	21.003	0.047613	722.65	865.49	4.7945	1.7258	2.4186	435.20	0.43855	1.1355e-05	0.035268	vapor
292.69	30.000	20.915	0.047813	724.47	867.90	4.8028	1.7276	2.4186	436.05	0.43535	1.1386e-05	0.035393	vapor
293.69	30.000	20.828	0.048012	726.29	870.32	4.8111	1.7295	2.4186	436.90	0.43218	1.1416e-05	0.035519	vapor
294.69	30.000	20.742	0.048211	728.11	872.74	4.8193	1.7314	2.4187	437.74	0.42904	1.1447e-05	0.035645	vapor
295.69	30.000	20.657	0.048410	729.93	875.16	4.8275	1.7333	2.4189	438.59	0.42592	1.1478e-05	0.035772	vapor
296.69	30.000	20.573	0.048608	731.75	877.58	4.8356	1.7352	2.4191	439.42	0.42284	1.1509e-05	0.035899	vapor
297.69	30.000	20.489	0.048806	733.58	880.00	4.8438	1.7371	2.4194	440.25	0.41978	1.1539e-05	0.036027	vapor
298.69	30.000	20.406	0.049004	735.41	882.42	4.8519	1.7391	2.4197	441.08	0.41676	1.1570e-05	0.036155	vapor
299.69	30.000	20.324	0.049202	737.23	884.84	4.8600	1.7411	2.4201	441.91	0.41376	1.1601e-05	0.036283	vapor
300.69	30.000	20.243	0.049399	739.06	887.26	4.8680	1.7431	2.4205	442.73	0.41079	1.1631e-05	0.036412	vapor
301.69	30.000	20.163	0.049597	740.89	889.68	4.8761	1.7451	2.4210	443.55	0.40784	1.1662e-05	0.036541	vapor
302.69	30.000	20.083	0.049794	742.72	892.10	4.8841	1.7472	2.4215	444.36	0.40492	1.1692e-05	0.036671	vapor
303.69	30.000	20.004	0.049990	744.55	894.52	4.8921	1.7493	2.4221	445.17	0.40203	1.1723e-05	0.036801	vapor
304.69	30.000	19.926	0.050187	746.38	896.94	4.9000	1.7514	2.4227	445.98	0.39916	1.1754e-05	0.036932	vapor
305.69	30.000	19.848	0.050383	748.22	899.37	4.9080	1.7535	2.4233	446.78	0.39632	1.1784e-05	0.037063	vapor
306.69	30.000	19.771	0.050579	750.05	901.79	4.9159	1.7556	2.4240	447.59	0.39350	1.1814e-05	0.037195	vapor
307.69	30.000	19.695	0.050775	751.89	904.21	4.9238	1.7578	2.4247	448.38	0.39071	1.1845e-05	0.037327	vapor
308.69	30.000	19.619	0.050971	753.73	906.64	4.9317	1.7600	2.4255	449.18	0.38795	1.1875e-05	0.037459	vapor
309.69	30.000	19.544	0.051166	755.57	909.07	4.9395	1.7622	2.4263	449.97	0.38520	1.1906e-05	0.037592	vapor
310.69	30.000	19.470	0.051362	757.41	911.49	4.9473	1.7644	2.4272	450.75	0.38249	1.1936e-05	0.037725	vapor
311.69	30.000	19.396	0.051557	759.25	913.92	4.9551	1.7667	2.4281	451.54	0.37979	1.1966e-05	0.037859	vapor
312.69	30.000	19.323	0.051752	761.09	916.35	4.9629	1.7690	2.4291	452.32	0.37712	1.1997e-05	0.037993	vapor
313.69	30.000	19.251	0.051946	762.94	918.78	4.9707	1.7713	2.4300	453.10	0.37447	1.2027e-05	0.038127	vapor
314.69	30.000	19.179	0.052141	764.79	921.21	4.9784	1.7736	2.4311	453.87	0.37185	1.2057e-05	0.038262	vapor
315.69	30.000	19.108	0.052335	766.63	923.64	4.9861	1.7759	2.4321	454.64	0.36925	1.2087e-05	0.038398	vapor
316.69	30.000	19.037	0.052529	768.49	926.07	4.9938	1.7782	2.4332	455.41	0.36667	1.2118e-05	0.038533	vapor
317.69	30.000	18.967	0.052723	770.34	928.51	5.0015	1.7806	2.4344	456.18	0.36411	1.2148e-05	0.038670	vapor
318.69	30.000	18.897	0.052917	772.19	930.94	5.0091	1.7830	2.4355	456.94	0.36157	1.2178e-05	0.038806	vapor
319.69	30.000	18.829	0.053111	774.05	933.38	5.0168	1.7854	2.4367	457.70	0.35906	1.2208e-05	0.038943	vapor
320.69	30.000	18.760	0.053304	775.90	935.82	5.0244	1.7878	2.4380	458.46	0.35656	1.2238e-05	0.039081	vapor
321.69	30.000	18.693	0.053497	777.76	938.25	5.0320	1.7903	2.4393	459.21	0.35409	1.2268e-05	0.039219	vapor
322.69	30.000	18.625	0.053690	779.62	940.69	5.0395	1.7927	2.4406	459.96	0.35164	1.2298e-05	0.039357	vapor
323.69	30.000	18.559	0.053883	781.49	943.14	5.0471	1.7952	2.4419	460.71	0.34921	1.2328e-05	0.039496	vapor
324.69	30.000	18.492	0.054076	783.35	945.58	5.0546	1.7977	2.4433	461.45	0.34680	1.2358e-05	0.039635	vapor
325.69	30.000	18.427	0.054269	785.22	948.02	5.0622	1.8002	2.4447	462.20	0.34441	1.2388e-05	0.039775	vapor
326.69	30.000	18.362	0.054461	787.08	950.47	5.0696	1.8028	2.4462	462.94	0.34204	1.2418e-05	0.039915	vapor
327.69	30.000	18.297	0.054653	788.95	952.91	5.0771	1.8053	2.4476	463.67	0.33969	1.2448e-05	0.040055	vapor
328.69	30.000	18.233	0.054845	790.83	955.36	5.0846	1.8079	2.4492	464.41	0.33735	1.2477e-05	0.040196	vapor
329.69	30.000	18.170	0.055037	792.70	957.81	5.0920	1.8105	2.4507	465.14	0.33504	1.2507e-05	0.040337	vapor
330.69	30.000	18.106	0.055229	794.58	960.26	5.0995	1.8131	2.4523	465.87	0.33275	1.2537e-05	0.040479	vapor
331.69	30.000	18.044	0.055421	796.46	962.72	5.1069	1.8157	2.4539	466.60	0.33047	1.2567e-05	0.040621	vapor
332.69	30.000	17.982	0.055612	798.34	965.17	5.1143	1.8183	2.4555	467.32	0.32822	1.2597e-05	0.040763	vapor
333.69	30.000	17.920	0.055803	800.22	967.63	5.1216	1.8210	2.4572	468.04	0.32598	1.2626e-05	0.040906	vapor
334.69	30.000	17.859	0.055994	802.10	970.09	5.1290	1.8236	2.4588	468.76	0.32376	1.2656e-05	0.041049	vapor
335.69	30.000	17.798	0.056186	803.99	972.55	5.1363	1.8263	2.4606	469.48	0.32156	1.2686e-05	0.041193	vapor
336.69	30.000	17.738	0.056376	805.88	975.01	5.1436	1.8290	2.4623	470.19	0.31938	1.2715e-05	0.041337	vapor
337.69	30.000	17.678	0.056567	807.77	977.47	5.1509	1.8317	2.4641	470.90	0.31721	1.2745e-05	0.041482	vapor
338.69	30.000	17.619	0.056758	809.66	979.94	5.1582	1.8345	2.4659	471.61	0.31507	1.2774e-05	0.041627	vapor
339.69	30.000	17.560	0.056948	811.56	982.40	5.1655	1.8372	2.4677	472.32	0.31294	1.2804e-05	0.041772	vapor
340.69	30.000	17.501	0.057138	813.46	984.87	5.1728	1.8400	2.4696	473.02	0.31082	1.2833e-05	0.041918	vapor
341.69	30.000	17.443	0.057329	815.36	987.34	5.1800	1.8427	2.4714	473.72	0.30873	1.2863e-05	0.042064	vapor
342.69	30.000	17.386	0.057519	817.26	989.81	5.1872	1.8455	2.4734	474.42	0.30665	1.2892e-05	0.042210	vapor
343.69	30.000	17.328	0.057709	819.16	992.29	5.1944	1.8483	2.4753	475.12	0.30458	1.2922e-05	0.042357	vapor
344.69	30.000	17.272	0.057898	821.07	994.76	5.2016	1.8511	2.4772	475.82	0.30254	1.2951e-05	0.042504	vapor
345.69	30.000	17.215	0.058088	822.98	997.24	5.2088	1.8540	2.4792	476.51	0.30051	1.2980e-05	0.042652	vapor
346.69	30.000	17.159	0.058278	824.89	999.72	5.2160	1.8568	2.4812	477.20	0.29849	1.3010e-05	0.042800	vapor
347.69	30.000	17.104	0.058467	826.80	1002.2	5.2231	1.8597	2.4833	477.89	0.29649	1.3039e-05	0.042948	vapor
348.69	30.000	17.049	0.058656	828.72	1004.7	5.2303	1.8626	2.4853	478.57	0.29451	1.3068e-05	0.043097	vapor
349.69	30.000	16.994	0.058845	830.64	1007.2	5.2374	1.8654	2.4874	479.26	0.29254	1.3098e-05	0.043246	vapor
350.69	30.000	16.939	0.059034	832.56	1009.7	5.2445	1.8683	2.4895	479.94	0.29059	1.3127e-05	0.043396	vapor
351.69	30.000	16.885	0.059223	834.48	1012.2	5.2516	1.8713	2.4916	480.62	0.28866	1.3156e-05	0.043546	vapor
352.69	30.000	16.832	0.059412	836.41	1014.6	5.2587	1.8742	2.4938	481.30	0.28674	1.3185e-05	0.043696	vapor
353.69	30.000	16.778	0.059601	838.34	1017.1	5.2657	1.8771	2.4959	481.97	0.28483	1.3214e-05	0.043847	vapor
354.69	30.000	16.725	0.059789	840.27	1019.6	5.2728	1.8801	2.4981	482.65	0.28294	1.3243e-05	0.043998	vapor
355.69	30.000	16.673	0.059978	842.21	1022.1	5.2798	1.8831	2.5003	483.32	0.28106	1.3272e-05	0.044150	vapor
356.69	30.000	16.621	0.060166	844.14	1024.6	5.2868	1.8860	2.5026	483.99	0.27920	1.3301e-05	0.044302	vapor
357.69	30.000	16.569	0.060354	846.08	1027.1	5.2938	1.8890	2.5048	484.66	0.27735	1.3330e-05	0.044454	vapor
358.69	30.000	16.517	0.060542	848.02	1029.6	5.3008	1.8920	2.5071	485.32	0.27552	1.3359e-05	0.044607	vapor
359.69	30.000	16.466	0.060730	849.97	1032.2	5.3078	1.8950	2.5094	485.99	0.27370	1.3388e-05	0.044760	vapor
360.69	30.000	16.415	0.060918	851.91	1034.7	5.3148	1.8981	2.5117	486.65	0.27190	1.3417e-05	0.044913	vapor
361.69	30.000	16.365	0.061106	853.86	1037.2	5.3217	1.9011	2.5141	487.31	0.27011	1.3446e-05	0.045067	vapor
362.69	30.000	16.315	0.061294	855.82	1039.7	5.3287	1.9042	2.5164	487.97	0.26833	1.3475e-05	0.045221	vapor
363.69	30.000	16.265	0.061481	857.77	1042.2	5.3356	1.9072	2.5188	488.62	0.26657	1.3504e-05	0.045376	vapor
364.69	30.000	16.216	0.061669	859.73	1044.7	5.3425	1.9103	2.5212	489.28	0.26482	1.3533e-05	0.045531	vapor
365.69	30.000	16.167	0.061856	861.69	1047.3	5.3494	1.9134	2.5236	489.93	0.26308	1.3562e-05	0.045686	vapor
366.69	30.000	16.118	0.062043	863.65	1049.8	5.3563	1.9165	2.5260	490.58	0.26136	1.3590e-05	0.045842	vapor
367.69	30.000	16.069	0.062230	865.62	1052.3	5.3632	1.9196	2.5285	491.23	0.25965	1.3619e-05	0.045998	vapor
368.69	30.000	16.021	0.062417	867.59	1054.8	5.3701	1.9227	2.5310	491.88	0.25795	1.3648e-05	0.046154	vapor
369.69	30.000	15.973	0.062604	869.56	1057.4	5.3770	1.9258	2.5335	492.52	0.25627	1.3676e-05	0.046311	vapor
370.69	30.000	15.926	0.062791	871.53	1059.9	5.3838	1.9290	2.5360	493.17	0.25459	1.3705e-05	0.046468	vapor
371.69	30.000	15.879	0.062978	873.51	1062.4	5.3906	1.9321	2.5385	493.81	0.25294	1.3734e-05	0.046626	vapor
372.69	30.000	15.832	0.063165	875.49	1065.0	5.3975	1.9353	2.5410	494.45	0.25129	1.3762e-05	0.046783	vapor
373.69	30.000	15.785	0.063351	877.47	1067.5	5.4043	1.9385	2.5436	495.09	0.24966	1.3791e-05	0.046942	vapor
374.69	30.000	15.739	0.063538	879.46	1070.1	5.4111	1.9417	2.5462	495.72	0.24804	1.3819e-05	0.047100	vapor
375.69	30.000	15.693	0.063724	881.44	1072.6	5.4179	1.9448	2.5487	496.36	0.24643	1.3848e-05	0.047259	vapor
376.69	30.000	15.647	0.063910	883.44	1075.2	5.4246	1.9480	2.5513	496.99	0.24483	1.3876e-05	0.047418	vapor
377.69	30.000	15.601	0.064097	885.43	1077.7	5.4314	1.9513	2.5540	497.62	0.24324	1.3905e-05	0.047578	vapor
378.69	30.000	15.556	0.064283	887.43	1080.3	5.4382	1.9545	2.5566	498.25	0.24167	1.3933e-05	0.047738	vapor
379.69	30.000	15.511	0.064469	889.43	1082.8	5.4449	1.9577	2.5593	498.88	0.24011	1.3962e-05	0.047898	vapor
380.69	30.000	15.467	0.064655	891.43	1085.4	5.4516	1.9610	2.5619	499.51	0.23856	1.3990e-05	0.048059	vapor
381.69	30.000	15.422	0.064840	893.44	1088.0	5.4584	1.9642	2.5646	500.13	0.23702	1.4019e-05	0.048220	vapor
382.69	30.000	15.378	0.065026	895.44	1090.5	5.4651	1.9675	2.5673	500.76	0.23550	1.4047e-05	0.048382	vapor
383.69	30.000	15.335	0.065212	897.46	1093.1	5.4718	1.9707	2.5700	501.38	0.23398	1.4075e-05	0.048543	vapor
384.69	30.000	15.291	0.065398	899.47	1095.7	5.4785	1.9740	2.5728	502.00	0.23248	1.4103e-05	0.048705	vapor
385.69	30.000	15.248	0.065583	901.49	1098.2	5.4852	1.9773	2.5755	502.62	0.23098	1.4132e-05	0.048868	vapor
386.69	30.000	15.205	0.065768	903.51	1100.8	5.4918	1.9806	2.5783	503.24	0.22950	1.4160e-05	0.049031	vapor
387.69	30.000	15.162	0.065954	905.53	1103.4	5.4985	1.9839	2.5810	503.85	0.22803	1.4188e-05	0.049194	vapor
388.69	30.000	15.120	0.066139	907.56	1106.0	5.5051	1.9872	2.5838	504.47	0.22657	1.4216e-05	0.049357	vapor
389.69	30.000	15.077	0.066324	909.59	1108.6	5.5118	1.9905	2.5866	505.08	0.22512	1.4244e-05	0.049521	vapor
390.69	30.000	15.035	0.066509	911.62	1111.1	5.5184	1.9938	2.5894	505.69	0.22368	1.4272e-05	0.049685	vapor
391.69	30.000	14.994	0.066694	913.66	1113.7	5.5250	1.9972	2.5923	506.30	0.22225	1.4301e-05	0.049850	vapor
392.69	30.000	14.952	0.066879	915.70	1116.3	5.5317	2.0005	2.5951	506.91	0.22084	1.4329e-05	0.050014	vapor
393.69	30.000	14.911	0.067064	917.74	1118.9	5.5383	2.0039	2.5980	507.52	0.21943	1.4357e-05	0.050180	vapor
394.69	30.000	14.870	0.067249	919.78	1121.5	5.5449	2.0072	2.6008	508.12	0.21803	1.4385e-05	0.050345	vapor
395.69	30.000	14.829	0.067434	921.83	1124.1	5.5514	2.0106	2.6037	508.73	0.21665	1.4413e-05	0.050511	vapor
396.69	30.000	14.789	0.067618	923.88	1126.7	5.5580	2.0140	2.6066	509.33	0.21527	1.4441e-05	0.050677	vapor
397.69	30.000	14.749	0.067803	925.94	1129.3	5.5646	2.0174	2.6095	509.93	0.21390	1.4468e-05	0.050844	vapor
398.69	30.000	14.709	0.067987	927.99	1132.0	5.5711	2.0208	2.6124	510.53	0.21255	1.4496e-05	0.051010	vapor
399.69	30.000	14.669	0.068172	930.05	1134.6	5.5777	2.0241	2.6153	511.13	0.21120	1.4524e-05	0.051177	vapor
400.69	30.000	14.629	0.068356	932.12	1137.2	5.5842	2.0276	2.6183	511.73	0.20986	1.4552e-05	0.051345	vapor
401.69	30.000	14.590	0.068540	934.19	1139.8	5.5908	2.0310	2.6212	512.33	0.20854	1.4580e-05	0.051513	vapor
402.69	30.000	14.551	0.068725	936.26	1142.4	5.5973	2.0344	2.6242	512.92	0.20722	1.4608e-05	0.051681	vapor
403.69	30.000	14.512	0.068909	938.33	1145.1	5.6038	2.0378	2.6272	513.52	0.20591	1.4635e-05	0.051849	vapor
404.69	30.000	14.473	0.069093	940.41	1147.7	5.6103	2.0412	2.6301	514.11	0.20461	1.4663e-05	0.052018	vapor
405.69	30.000	14.435	0.069277	942.48	1150.3	5.6168	2.0447	2.6331	514.70	0.20332	1.4691e-05	0.052187	vapor
406.69	30.000	14.397	0.069461	944.57	1152.9	5.6233	2.0481	2.6361	515.29	0.20204	1.4719e-05	0.052356	vapor
407.69	30.000	14.359	0.069645	946.65	1155.6	5.6298	2.0516	2.6392	515.88	0.20077	1.4746e-05	0.052526	vapor
408.69	30.000	14.321	0.069828	948.74	1158.2	5.6362	2.0550	2.6422	516.47	0.19951	1.4774e-05	0.052696	vapor
409.69	30.000	14.283	0.070012	950.84	1160.9	5.6427	2.0585	2.6452	517.05	0.19826	1.4801e-05	0.052866	vapor
410.69	30.000	14.246	0.070196	952.93	1163.5	5.6491	2.0620	2.6483	517.64	0.19701	1.4829e-05	0.053037	vapor
411.69	30.000	14.209	0.070379	955.03	1166.2	5.6556	2.0654	2.6513	518.22	0.19578	1.4857e-05	0.053208	vapor
412.69	30.000	14.172	0.070563	957.13	1168.8	5.6620	2.0689	2.6544	518.81	0.19455	1.4884e-05	0.053379	vapor
413.69	30.000	14.135	0.070746	959.24	1171.5	5.6684	2.0724	2.6575	519.39	0.19333	1.4912e-05	0.053551	vapor
414.69	30.000	14.098	0.070930	961.35	1174.1	5.6749	2.0759	2.6606	519.97	0.19213	1.4939e-05	0.053723	vapor
415.69	30.000	14.062	0.071113	963.46	1176.8	5.6813	2.0794	2.6636	520.55	0.19093	1.4967e-05	0.053895	vapor
416.69	30.000	14.026	0.071296	965.57	1179.5	5.6877	2.0829	2.6668	521.12	0.18973	1.4994e-05	0.054067	vapor
417.69	30.000	13.990	0.071479	967.69	1182.1	5.6941	2.0864	2.6699	521.70	0.18855	1.5021e-05	0.054240	vapor
418.69	30.000	13.954	0.071663	969.82	1184.8	5.7005	2.0899	2.6730	522.28	0.18738	1.5049e-05	0.054413	vapor
419.69	30.000	13.919	0.071846	971.94	1187.5	5.7068	2.0934	2.6761	522.85	0.18621	1.5076e-05	0.054587	vapor
420.69	30.000	13.883	0.072029	974.07	1190.2	5.7132	2.0970	2.6793	523.42	0.18505	1.5103e-05	0.054760	vapor
421.69	30.000	13.848	0.072212	976.20	1192.8	5.7196	2.1005	2.6824	524.00	0.18390	1.5131e-05	0.054934	vapor
422.69	30.000	13.813	0.072395	978.34	1195.5	5.7259	2.1040	2.6856	524.57	0.18276	1.5158e-05	0.055108	vapor
423.69	30.000	13.778	0.072577	980.47	1198.2	5.7323	2.1076	2.6887	525.14	0.18163	1.5185e-05	0.055283	vapor
424.69	30.000	13.744	0.072760	982.62	1200.9	5.7386	2.1111	2.6919	525.71	0.18050	1.5212e-05	0.055458	vapor
425.69	30.000	13.709	0.072943	984.76	1203.6	5.7450	2.1147	2.6951	526.27	0.17938	1.5240e-05	0.055633	vapor
426.69	30.000	13.675	0.073126	986.91	1206.3	5.7513	2.1182	2.6983	526.84	0.17827	1.5267e-05	0.055809	vapor
427.69	30.000	13.641	0.073308	989.06	1209.0	5.7576	2.1218	2.7015	527.41	0.17717	1.5294e-05	0.055984	vapor
428.69	30.000	13.607	0.073491	991.22	1211.7	5.7639	2.1254	2.7047	527.97	0.17607	1.5321e-05	0.056160	vapor
429.69	30.000	13.573	0.073673	993.38	1214.4	5.7702	2.1289	2.7079	528.54	0.17499	1.5348e-05	0.056337	vapor
430.69	30.000	13.540	0.073856	995.54	1217.1	5.7765	2.1325	2.7111	529.10	0.17391	1.5375e-05	0.056513	vapor
431.69	30.000	13.507	0.074038	997.70	1219.8	5.7828	2.1361	2.7143	529.66	0.17284	1.5402e-05	0.056690	vapor
432.69	30.000	13.473	0.074221	999.87	1222.5	5.7891	2.1397	2.7176	530.22	0.17177	1.5429e-05	0.056867	vapor
433.69	30.000	13.440	0.074403	1002.0	1225.3	5.7954	2.1432	2.7208	530.78	0.17071	1.5456e-05	0.057045	vapor
434.69	30.000	13.408	0.074585	1004.2	1228.0	5.8016	2.1468	2.7241	531.34	0.16966	1.5483e-05	0.057223	vapor
435.69	30.000	13.375	0.074767	1006.4	1230.7	5.8079	2.1504	2.7273	531.90	0.16862	1.5510e-05	0.057401	vapor
436.69	30.000	13.342	0.074949	1008.6	1233.4	5.8142	2.1540	2.7306	532.45	0.16759	1.5537e-05	0.057579	vapor
437.69	30.000	13.310	0.075132	1010.8	1236.2	5.8204	2.1576	2.7339	533.01	0.16656	1.5564e-05	0.057757	vapor
438.69	30.000	13.278	0.075314	1013.0	1238.9	5.8267	2.1612	2.7371	533.56	0.16554	1.5591e-05	0.057936	vapor
439.69	30.000	13.246	0.075496	1015.2	1241.6	5.8329	2.1648	2.7404	534.12	0.16452	1.5618e-05	0.058115	vapor
440.69	30.000	13.214	0.075677	1017.3	1244.4	5.8391	2.1685	2.7437	534.67	0.16351	1.5645e-05	0.058295	vapor
441.69	30.000	13.182	0.075859	1019.5	1247.1	5.8453	2.1721	2.7470	535.22	0.16251	1.5671e-05	0.058474	vapor
442.69	30.000	13.151	0.076041	1021.8	1249.9	5.8516	2.1757	2.7503	535.77	0.16152	1.5698e-05	0.058654	vapor
443.69	30.000	13.119	0.076223	1024.0	1252.6	5.8578	2.1793	2.7536	536.32	0.16053	1.5725e-05	0.058835	vapor
444.69	30.000	13.088	0.076405	1026.2	1255.4	5.8640	2.1829	2.7569	536.87	0.15955	1.5752e-05	0.059015	vapor
445.69	30.000	13.057	0.076586	1028.4	1258.1	5.8702	2.1866	2.7603	537.42	0.15858	1.5778e-05	0.059196	vapor
446.69	30.000	13.026	0.076768	1030.6	1260.9	5.8764	2.1902	2.7636	537.96	0.15761	1.5805e-05	0.059377	vapor
447.69	30.000	12.996	0.076950	1032.8	1263.7	5.8825	2.1938	2.7669	538.51	0.15665	1.5832e-05	0.059558	vapor
448.69	30.000	12.965	0.077131	1035.0	1266.4	5.8887	2.1975	2.7703	539.06	0.15570	1.5858e-05	0.059740	vapor
449.69	30.000	12.935	0.077313	1037.3	1269.2	5.8949	2.2011	2.7736	539.60	0.15475	1.5885e-05	0.059922	vapor
450.69	30.000	12.904	0.077494	1039.5	1272.0	5.9011	2.2048	2.7770	540.14	0.15381	1.5911e-05	0.060104	vapor
451.69	30.000	12.874	0.077675	1041.7	1274.8	5.9072	2.2084	2.7803	540.69	0.15288	1.5938e-05	0.060286	vapor
452.69	30.000	12.844	0.077857	1044.0	1277.5	5.9134	2.2121	2.7837	541.23	0.15195	1.5964e-05	0.060469	vapor
453.69	30.000	12.814	0.078038	1046.2	1280.3	5.9195	2.2157	2.7870	541.77	0.15103	1.5991e-05	0.060651	vapor
454.69	30.000	12.785	0.078219	1048.5	1283.1	5.9257	2.2194	2.7904	542.31	0.15011	1.6017e-05	0.060835	vapor
455.69	30.000	12.755	0.078401	1050.7	1285.9	5.9318	2.2230	2.7938	542.85	0.14920	1.6044e-05	0.061018	vapor
456.69	30.000	12.726	0.078582	1053.0	1288.7	5.9379	2.2267	2.7972	543.38	0.14830	1.6070e-05	0.061202	vapor
457.69	30.000	12.696	0.078763	1055.2	1291.5	5.9440	2.2304	2.8005	543.92	0.14740	1.6097e-05	0.061385	vapor
458.69	30.000	12.667	0.078944	1057.5	1294.3	5.9502	2.2340	2.8039	544.46	0.14651	1.6123e-05	0.061570	vapor
459.69	30.000	12.638	0.079125	1059.7	1297.1	5.9563	2.2377	2.8073	544.99	0.14563	1.6150e-05	0.061754	vapor
460.69	30.000	12.609	0.079306	1062.0	1299.9	5.9624	2.2414	2.8107	545.53	0.14475	1.6176e-05	0.061939	vapor
461.69	30.000	12.581	0.079487	1064.3	1302.7	5.9685	2.2451	2.8141	546.06	0.14387	1.6202e-05	0.062124	vapor
462.69	30.000	12.552	0.079668	1066.5	1305.5	5.9746	2.2487	2.8175	546.60	0.14301	1.6229e-05	0.062309	vapor
463.69	30.000	12.524	0.079849	1068.8	1308.4	5.9806	2.2524	2.8210	547.13	0.14214	1.6255e-05	0.062494	vapor
464.69	30.000	12.495	0.080030	1071.1	1311.2	5.9867	2.2561	2.8244	547.66	0.14129	1.6281e-05	0.062680	vapor
465.69	30.000	12.467	0.080210	1073.4	1314.0	5.9928	2.2598	2.8278	548.19	0.14044	1.6307e-05	0.062866	vapor
466.69	30.000	12.439	0.080391	1075.7	1316.8	5.9989	2.2635	2.8312	548.72	0.13959	1.6333e-05	0.063052	vapor
467.69	30.000	12.411	0.080572	1078.0	1319.7	6.0049	2.2672	2.8346	549.25	0.13875	1.6360e-05	0.063238	vapor
468.69	30.000	12.384	0.080752	1080.3	1322.5	6.0110	2.2708	2.8381	549.78	0.13792	1.6386e-05	0.063425	vapor
469.69	30.000	12.356	0.080933	1082.6	1325.4	6.0170	2.2745	2.8415	550.30	0.13709	1.6412e-05	0.063612	vapor
470.69	30.000	12.328	0.081114	1084.9	1328.2	6.0231	2.2782	2.8450	550.83	0.13627	1.6438e-05	0.063799	vapor
471.69	30.000	12.301	0.081294	1087.2	1331.0	6.0291	2.2819	2.8484	551.36	0.13545	1.6464e-05	0.063986	vapor
472.69	30.000	12.274	0.081475	1089.5	1333.9	6.0352	2.2856	2.8518	551.88	0.13464	1.6490e-05	0.064173	vapor
473.69	30.000	12.247	0.081655	1091.8	1336.7	6.0412	2.2893	2.8553	552.41	0.13383	1.6516e-05	0.064361	vapor
474.69	30.000	12.220	0.081836	1094.1	1339.6	6.0472	2.2930	2.8588	552.93	0.13303	1.6542e-05	0.064549	vapor
475.69	30.000	12.193	0.082016	1096.4	1342.5	6.0532	2.2967	2.8622	553.45	0.13224	1.6568e-05	0.064738	vapor
476.69	30.000	12.166	0.082196	1098.7	1345.3	6.0593	2.3004	2.8657	553.97	0.13145	1.6594e-05	0.064926	vapor
477.69	30.000	12.139	0.082377	1101.1	1348.2	6.0653	2.3041	2.8691	554.50	0.13066	1.6620e-05	0.065115	vapor
478.69	30.000	12.113	0.082557	1103.4	1351.1	6.0713	2.3078	2.8726	555.02	0.12988	1.6646e-05	0.065304	vapor
479.69	30.000	12.086	0.082737	1105.7	1353.9	6.0773	2.3115	2.8761	555.54	0.12910	1.6672e-05	0.065493	vapor
480.69	30.000	12.060	0.082917	1108.1	1356.8	6.0833	2.3153	2.8796	556.06	0.12833	1.6698e-05	0.065682	vapor
481.69	30.000	12.034	0.083098	1110.4	1359.7	6.0893	2.3190	2.8830	556.57	0.12757	1.6724e-05	0.065872	vapor
482.69	30.000	12.008	0.083278	1112.8	1362.6	6.0952	2.3227	2.8865	557.09	0.12681	1.6750e-05	0.066062	vapor
483.69	30.000	11.982	0.083458	1115.1	1365.5	6.1012	2.3264	2.8900	557.61	0.12605	1.6775e-05	0.066252	vapor
484.69	30.000	11.956	0.083638	1117.5	1368.4	6.1072	2.3301	2.8935	558.13	0.12530	1.6801e-05	0.066442	vapor
485.69	30.000	11.931	0.083818	1119.8	1371.3	6.1132	2.3338	2.8970	558.64	0.12456	1.6827e-05	0.066633	vapor
486.69	30.000	11.905	0.083998	1122.2	1374.2	6.1191	2.3375	2.9005	559.16	0.12381	1.6853e-05	0.066824	vapor
487.69	30.000	11.880	0.084178	1124.5	1377.1	6.1251	2.3413	2.9040	559.67	0.12308	1.6878e-05	0.067015	vapor
488.69	30.000	11.854	0.084358	1126.9	1380.0	6.1310	2.3450	2.9075	560.18	0.12235	1.6904e-05	0.067206	vapor
489.69	30.000	11.829	0.084538	1129.3	1382.9	6.1370	2.3487	2.9110	560.70	0.12162	1.6930e-05	0.067397	vapor
490.69	30.000	11.804	0.084717	1131.6	1385.8	6.1429	2.3524	2.9145	561.21	0.12090	1.6955e-05	0.067589	vapor
491.69	30.000	11.779	0.084897	1134.0	1388.7	6.1488	2.3561	2.9180	561.72	0.12018	1.6981e-05	0.067781	vapor
492.69	30.000	11.754	0.085077	1136.4	1391.6	6.1548	2.3599	2.9215	562.23	0.11947	1.7007e-05	0.067973	vapor
493.69	30.000	11.729	0.085257	1138.8	1394.6	6.1607	2.3636	2.9250	562.74	0.11876	1.7032e-05	0.068165	vapor
494.69	30.000	11.705	0.085436	1141.2	1397.5	6.1666	2.3673	2.9285	563.25	0.11806	1.7058e-05	0.068358	vapor
495.69	30.000	11.680	0.085616	1143.6	1400.4	6.1725	2.3710	2.9320	563.76	0.11736	1.7083e-05	0.068550	vapor
496.69	30.000	11.656	0.085796	1146.0	1403.3	6.1785	2.3747	2.9355	564.27	0.11666	1.7109e-05	0.068743	vapor
497.69	30.000	11.631	0.085975	1148.4	1406.3	6.1844	2.3785	2.9391	564.77	0.11597	1.7134e-05	0.068937	vapor
498.69	30.000	11.607	0.086155	1150.8	1409.2	6.1903	2.3822	2.9426	565.28	0.11528	1.7160e-05	0.069130	vapor
499.69	30.000	11.583	0.086335	1153.2	1412.2	6.1962	2.3859	2.9461	565.79	0.11460	1.7185e-05	0.069324	vapor
500.69	30.000	11.559	0.086514	1155.6	1415.1	6.2021	2.3897	2.9496	566.29	0.11393	1.7211e-05	0.069517	vapor
501.69	30.000	11.535	0.086694	1158.0	1418.1	6.2079	2.3934	2.9532	566.80	0.11325	1.7236e-05	0.069711	vapor
502.69	30.000	11.511	0.086873	1160.4	1421.0	6.2138	2.3971	2.9567	567.30	0.11258	1.7262e-05	0.069906	vapor
503.69	30.000	11.487	0.087052	1162.8	1424.0	6.2197	2.4008	2.9602	567.80	0.11192	1.7287e-05	0.070100	vapor
504.69	30.000	11.464	0.087232	1165.2	1426.9	6.2256	2.4046	2.9638	568.31	0.11126	1.7312e-05	0.070295	vapor
505.69	30.000	11.440	0.087411	1167.7	1429.9	6.2315	2.4083	2.9673	568.81	0.11060	1.7338e-05	0.070489	vapor
506.69	30.000	11.417	0.087590	1170.1	1432.9	6.2373	2.4120	2.9708	569.31	0.10995	1.7363e-05	0.070684	vapor
507.69	30.000	11.393	0.087770	1172.5	1435.8	6.2432	2.4157	2.9744	569.81	0.10930	1.7388e-05	0.070880	vapor
508.69	30.000	11.370	0.087949	1175.0	1438.8	6.2490	2.4195	2.9779	570.31	0.10866	1.7414e-05	0.071075	vapor
509.69	30.000	11.347	0.088128	1177.4	1441.8	6.2549	2.4232	2.9814	570.81	0.10802	1.7439e-05	0.071271	vapor
510.69	30.000	11.324	0.088307	1179.9	1444.8	6.2607	2.4269	2.9850	571.31	0.10738	1.7464e-05	0.071466	vapor
511.69	30.000	11.301	0.088487	1182.3	1447.8	6.2666	2.4307	2.9885	571.81	0.10675	1.7489e-05	0.071662	vapor
512.69	30.000	11.278	0.088666	1184.8	1450.8	6.2724	2.4344	2.9921	572.31	0.10612	1.7515e-05	0.071859	vapor
513.69	30.000	11.256	0.088845	1187.2	1453.8	6.2783	2.4381	2.9956	572.80	0.10550	1.7540e-05	0.072055	vapor
514.69	30.000	11.233	0.089024	1189.7	1456.8	6.2841	2.4419	2.9992	573.30	0.10488	1.7565e-05	0.072252	vapor
515.69	30.000	11.210	0.089203	1192.1	1459.8	6.2899	2.4456	3.0027	573.80	0.10426	1.7590e-05	0.072449	vapor
516.69	30.000	11.188	0.089382	1194.6	1462.8	6.2957	2.4493	3.0063	574.29	0.10365	1.7615e-05	0.072646	vapor
517.69	30.000	11.166	0.089561	1197.1	1465.8	6.3015	2.4530	3.0098	574.79	0.10304	1.7640e-05	0.072843	vapor
518.69	30.000	11.143	0.089740	1199.6	1468.8	6.3074	2.4568	3.0134	575.28	0.10243	1.7665e-05	0.073040	vapor
519.69	30.000	11.121	0.089919	1202.0	1471.8	6.3132	2.4605	3.0169	575.78	0.10183	1.7690e-05	0.073238	vapor
520.69	30.000	11.099	0.090098	1204.5	1474.8	6.3190	2.4642	3.0205	576.27	0.10123	1.7715e-05	0.073435	vapor
521.69	30.000	11.077	0.090277	1207.0	1477.8	6.3248	2.4680	3.0240	576.76	0.10064	1.7740e-05	0.073633	vapor
522.69	30.000	11.055	0.090456	1209.5	1480.9	6.3306	2.4717	3.0276	577.25	0.10005	1.7765e-05	0.073832	vapor
523.69	30.000	11.033	0.090635	1212.0	1483.9	6.3364	2.4754	3.0312	577.74	0.099463	1.7790e-05	0.074030	vapor
524.69	30.000	11.012	0.090813	1214.5	1486.9	6.3421	2.4792	3.0347	578.23	0.098880	1.7815e-05	0.074228	vapor
525.69	30.000	10.990	0.090992	1217.0	1490.0	6.3479	2.4829	3.0383	578.73	0.098300	1.7840e-05	0.074427	vapor
526.69	30.000	10.968	0.091171	1219.5	1493.0	6.3537	2.4866	3.0418	579.21	0.097724	1.7865e-05	0.074626	vapor
527.69	30.000	10.947	0.091350	1222.0	1496.0	6.3595	2.4903	3.0454	579.70	0.097152	1.7890e-05	0.074825	vapor
528.69	30.000	10.926	0.091528	1224.5	1499.1	6.3652	2.4941	3.0490	580.19	0.096582	1.7915e-05	0.075024	vapor
529.69	30.000	10.904	0.091707	1227.0	1502.1	6.3710	2.4978	3.0525	580.68	0.096017	1.7940e-05	0.075224	vapor
530.69	30.000	10.883	0.091886	1229.5	1505.2	6.3768	2.5015	3.0561	581.17	0.095455	1.7964e-05	0.075423	vapor
531.69	30.000	10.862	0.092064	1232.1	1508.3	6.3825	2.5052	3.0596	581.66	0.094896	1.7989e-05	0.075623	vapor
532.69	30.000	10.841	0.092243	1234.6	1511.3	6.3883	2.5090	3.0632	582.14	0.094340	1.8014e-05	0.075823	vapor
533.69	30.000	10.820	0.092421	1237.1	1514.4	6.3940	2.5127	3.0668	582.63	0.093788	1.8039e-05	0.076023	vapor
534.69	30.000	10.799	0.092600	1239.6	1517.4	6.3998	2.5164	3.0703	583.11	0.093240	1.8064e-05	0.076224	vapor
535.69	30.000	10.778	0.092779	1242.2	1520.5	6.4055	2.5201	3.0739	583.60	0.092694	1.8088e-05	0.076424	vapor
536.69	30.000	10.758	0.092957	1244.7	1523.6	6.4112	2.5239	3.0775	584.08	0.092152	1.8113e-05	0.076625	vapor
537.69	30.000	10.737	0.093136	1247.3	1526.7	6.4170	2.5276	3.0810	584.57	0.091613	1.8138e-05	0.076826	vapor
538.69	30.000	10.717	0.093314	1249.8	1529.8	6.4227	2.5313	3.0846	585.05	0.091078	1.8162e-05	0.077027	vapor
539.69	30.000	10.696	0.093492	1252.4	1532.8	6.4284	2.5350	3.0882	585.53	0.090545	1.8187e-05	0.077228	vapor
540.69	30.000	10.676	0.093671	1254.9	1535.9	6.4341	2.5388	3.0917	586.01	0.090016	1.8212e-05	0.077429	vapor
541.69	30.000	10.655	0.093849	1257.5	1539.0	6.4399	2.5425	3.0953	586.49	0.089490	1.8236e-05	0.077631	vapor
542.69	30.000	10.635	0.094028	1260.0	1542.1	6.4456	2.5462	3.0989	586.98	0.088967	1.8261e-05	0.077833	vapor
543.69	30.000	10.615	0.094206	1262.6	1545.2	6.4513	2.5499	3.1024	587.46	0.088447	1.8285e-05	0.078035	vapor
544.69	30.000	10.595	0.094384	1265.2	1548.3	6.4570	2.5536	3.1060	587.94	0.087930	1.8310e-05	0.078237	vapor
545.69	30.000	10.575	0.094562	1267.7	1551.4	6.4627	2.5574	3.1096	588.42	0.087417	1.8334e-05	0.078439	vapor
546.69	30.000	10.555	0.094741	1270.3	1554.5	6.4684	2.5611	3.1132	588.89	0.086906	1.8359e-05	0.078641	vapor
547.69	30.000	10.535	0.094919	1272.9	1557.7	6.4741	2.5648	3.1167	589.37	0.086398	1.8383e-05	0.078844	vapor
548.69	30.000	10.516	0.095097	1275.5	1560.8	6.4798	2.5685	3.1203	589.85	0.085894	1.8408e-05	0.079047	vapor
549.69	30.000	10.496	0.095275	1278.1	1563.9	6.4854	2.5722	3.1239	590.33	0.085392	1.8432e-05	0.079250	vapor
550.69	30.000	10.476	0.095454	1280.7	1567.0	6.4911	2.5759	3.1274	590.81	0.084894	1.8457e-05	0.079453	vapor
551.69	30.000	10.457	0.095632	1283.3	1570.2	6.4968	2.5796	3.1310	591.28	0.084398	1.8481e-05	0.079656	vapor
552.69	30.000	10.437	0.095810	1285.9	1573.3	6.5025	2.5833	3.1346	591.76	0.083905	1.8506e-05	0.079859	vapor
553.69	30.000	10.418	0.095988	1288.5	1576.4	6.5082	2.5871	3.1381	592.23	0.083415	1.8530e-05	0.080063	vapor
554.69	30.000	10.399	0.096166	1291.1	1579.6	6.5138	2.5908	3.1417	592.71	0.082928	1.8554e-05	0.080267	vapor
555.69	30.000	10.379	0.096344	1293.7	1582.7	6.5195	2.5945	3.1453	593.18	0.082444	1.8579e-05	0.080471	vapor
556.69	30.000	10.360	0.096522	1296.3	1585.9	6.5251	2.5982	3.1489	593.66	0.081963	1.8603e-05	0.080675	vapor
557.69	30.000	10.341	0.096700	1298.9	1589.0	6.5308	2.6019	3.1524	594.13	0.081484	1.8627e-05	0.080879	vapor
558.69	30.000	10.322	0.096878	1301.5	1592.2	6.5364	2.6056	3.1560	594.60	0.081009	1.8652e-05	0.081083	vapor
559.69	30.000	10.303	0.097056	1304.2	1595.3	6.5421	2.6093	3.1596	595.08	0.080536	1.8676e-05	0.081288	vapor
560.69	30.000	10.284	0.097234	1306.8	1598.5	6.5477	2.6130	3.1631	595.55	0.080066	1.8700e-05	0.081493	vapor
561.69	30.000	10.266	0.097412	1309.4	1601.6	6.5534	2.6167	3.1667	596.02	0.079598	1.8724e-05	0.081698	vapor
562.69	30.000	10.247	0.097590	1312.0	1604.8	6.5590	2.6204	3.1703	596.49	0.079134	1.8749e-05	0.081903	vapor
563.69	30.000	10.228	0.097768	1314.7	1608.0	6.5646	2.6241	3.1738	596.96	0.078672	1.8773e-05	0.082108	vapor
564.69	30.000	10.210	0.097946	1317.3	1611.2	6.5703	2.6278	3.1774	597.43	0.078212	1.8797e-05	0.082313	vapor
565.69	30.000	10.191	0.098123	1320.0	1614.3	6.5759	2.6315	3.1810	597.90	0.077756	1.8821e-05	0.082519	vapor
566.69	30.000	10.173	0.098301	1322.6	1617.5	6.5815	2.6352	3.1845	598.37	0.077302	1.8845e-05	0.082724	vapor
567.69	30.000	10.154	0.098479	1325.3	1620.7	6.5871	2.6389	3.1881	598.84	0.076850	1.8869e-05	0.082930	vapor
568.69	30.000	10.136	0.098657	1327.9	1623.9	6.5927	2.6426	3.1917	599.31	0.076401	1.8893e-05	0.083136	vapor
569.69	30.000	10.118	0.098835	1330.6	1627.1	6.5984	2.6463	3.1952	599.78	0.075955	1.8917e-05	0.083342	vapor
570.69	30.000	10.100	0.099012	1333.3	1630.3	6.6040	2.6500	3.1988	600.24	0.075511	1.8941e-05	0.083548	vapor
571.69	30.000	10.082	0.099190	1335.9	1633.5	6.6096	2.6537	3.2024	600.71	0.075070	1.8966e-05	0.083755	vapor
572.69	30.000	10.064	0.099368	1338.6	1636.7	6.6152	2.6573	3.2059	601.18	0.074632	1.8990e-05	0.083961	vapor
573.69	30.000	10.046	0.099545	1341.3	1639.9	6.6208	2.6610	3.2095	601.64	0.074196	1.9014e-05	0.084168	vapor
574.69	30.000	10.028	0.099723	1343.9	1643.1	6.6264	2.6647	3.2130	602.11	0.073762	1.9038e-05	0.084375	vapor
575.69	30.000	10.010	0.099901	1346.6	1646.3	6.6319	2.6684	3.2166	602.57	0.073331	1.9062e-05	0.084582	vapor
576.69	30.000	9.9922	0.10008	1349.3	1649.5	6.6375	2.6721	3.2202	603.04	0.072902	1.9085e-05	0.084789	vapor
577.69	30.000	9.9745	0.10026	1352.0	1652.8	6.6431	2.6758	3.2237	603.50	0.072476	1.9109e-05	0.084996	vapor
578.69	30.000	9.9568	0.10043	1354.7	1656.0	6.6487	2.6794	3.2273	603.97	0.072052	1.9133e-05	0.085204	vapor
579.69	30.000	9.9393	0.10061	1357.4	1659.2	6.6543	2.6831	3.2308	604.43	0.071631	1.9157e-05	0.085411	vapor
580.69	30.000	9.9218	0.10079	1360.1	1662.5	6.6598	2.6868	3.2344	604.89	0.071212	1.9181e-05	0.085619	vapor
581.69	30.000	9.9043	0.10097	1362.8	1665.7	6.6654	2.6905	3.2380	605.35	0.070795	1.9205e-05	0.085827	vapor
582.69	30.000	9.8869	0.10114	1365.5	1668.9	6.6710	2.6941	3.2415	605.82	0.070381	1.9229e-05	0.086035	vapor
583.69	30.000	9.8696	0.10132	1368.2	1672.2	6.6765	2.6978	3.2451	606.28	0.069969	1.9253e-05	0.086243	vapor
584.69	30.000	9.8524	0.10150	1370.9	1675.4	6.6821	2.7015	3.2486	606.74	0.069559	1.9276e-05	0.086452	vapor
585.69	30.000	9.8352	0.10168	1373.6	1678.7	6.6876	2.7052	3.2522	607.20	0.069152	1.9300e-05	0.086660	vapor
586.69	30.000	9.8180	0.10185	1376.4	1681.9	6.6932	2.7088	3.2557	607.66	0.068747	1.9324e-05	0.086869	vapor
587.69	30.000	9.8010	0.10203	1379.1	1685.2	6.6987	2.7125	3.2593	608.12	0.068344	1.9348e-05	0.087077	vapor
588.69	30.000	9.7840	0.10221	1381.8	1688.4	6.7043	2.7162	3.2628	608.58	0.067944	1.9371e-05	0.087286	vapor
589.69	30.000	9.7670	0.10239	1384.6	1691.7	6.7098	2.7198	3.2664	609.04	0.067545	1.9395e-05	0.087495	vapor
590.69	30.000	9.7501	0.10256	1387.3	1695.0	6.7154	2.7235	3.2699	609.50	0.067149	1.9419e-05	0.087704	vapor
591.69	30.000	9.7333	0.10274	1390.0	1698.3	6.7209	2.7271	3.2735	609.96	0.066756	1.9443e-05	0.087914	vapor
592.69	30.000	9.7165	0.10292	1392.8	1701.5	6.7264	2.7308	3.2770	610.41	0.066364	1.9466e-05	0.088123	vapor
593.69	30.000	9.6998	0.10309	1395.5	1704.8	6.7320	2.7345	3.2806	610.87	0.065975	1.9490e-05	0.088333	vapor
594.69	30.000	9.6831	0.10327	1398.3	1708.1	6.7375	2.7381	3.2841	611.33	0.065587	1.9514e-05	0.088542	vapor
595.69	30.000	9.6666	0.10345	1401.0	1711.4	6.7430	2.7418	3.2877	611.78	0.065202	1.9537e-05	0.088752	vapor
596.69	30.000	9.6500	0.10363	1403.8	1714.7	6.7485	2.7454	3.2912	612.24	0.064819	1.9561e-05	0.088962	vapor
597.69	30.000	9.6335	0.10380	1406.5	1718.0	6.7540	2.7491	3.2948	612.70	0.064438	1.9584e-05	0.089172	vapor
598.69	30.000	9.6171	0.10398	1409.3	1721.3	6.7595	2.7527	3.2983	613.15	0.064060	1.9608e-05	0.089383	vapor
599.69	30.000	9.6008	0.10416	1412.1	1724.6	6.7651	2.7564	3.3018	613.61	0.063683	1.9631e-05	0.089593	vapor
600.69	30.000	9.5845	0.10434	1414.9	1727.9	6.7706	2.7600	3.3054	614.06	0.063308	1.9655e-05	0.089803	vapor
601.69	30.000	9.5682	0.10451	1417.6	1731.2	6.7761	2.7636	3.3089	614.51	0.062936	1.9678e-05	0.090014	vapor
602.69	30.000	9.5520	0.10469	1420.4	1734.5	6.7816	2.7673	3.3125	614.97	0.062565	1.9702e-05	0.090225	vapor
603.69	30.000	9.5359	0.10487	1423.2	1737.8	6.7870	2.7709	3.3160	615.42	0.062197	1.9725e-05	0.090436	vapor
604.69	30.000	9.5198	0.10504	1426.0	1741.1	6.7925	2.7746	3.3195	615.87	0.061830	1.9749e-05	0.090647	vapor
605.69	30.000	9.5038	0.10522	1428.8	1744.4	6.7980	2.7782	3.3231	616.33	0.061466	1.9772e-05	0.090858	vapor
606.69	30.000	9.4878	0.10540	1431.6	1747.8	6.8035	2.7818	3.3266	616.78	0.061104	1.9796e-05	0.091069	vapor
607.69	30.000	9.4719	0.10558	1434.4	1751.1	6.8090	2.7855	3.3301	617.23	0.060743	1.9819e-05	0.091281	vapor
608.69	30.000	9.4560	0.10575	1437.2	1754.4	6.8145	2.7891	3.3337	617.68	0.060385	1.9843e-05	0.091492	vapor
609.69	30.000	9.4402	0.10593	1440.0	1757.7	6.8199	2.7927	3.3372	618.13	0.060028	1.9866e-05	0.091704	vapor
610.69	30.000	9.4245	0.10611	1442.8	1761.1	6.8254	2.7964	3.3407	618.58	0.059674	1.9889e-05	0.091916	vapor
611.69	30.000	9.4088	0.10628	1445.6	1764.4	6.8309	2.8000	3.3442	619.03	0.059321	1.9913e-05	0.092128	vapor
612.69	30.000	9.3932	0.10646	1448.4	1767.8	6.8364	2.8036	3.3478	619.48	0.058970	1.9936e-05	0.092340	vapor
613.69	30.000	9.3776	0.10664	1451.2	1771.1	6.8418	2.8072	3.3513	619.93	0.058621	1.9959e-05	0.092552	vapor
614.69	30.000	9.3620	0.10681	1454.0	1774.5	6.8473	2.8108	3.3548	620.38	0.058275	1.9983e-05	0.092764	vapor
615.69	30.000	9.3466	0.10699	1456.9	1777.8	6.8527	2.8145	3.3583	620.83	0.057929	2.0006e-05	0.092977	vapor
616.69	30.000	9.3311	0.10717	1459.7	1781.2	6.8582	2.8181	3.3619	621.28	0.057586	2.0029e-05	0.093189	vapor
617.69	30.000	9.3157	0.10735	1462.5	1784.6	6.8636	2.8217	3.3654	621.72	0.057245	2.0052e-05	0.093402	vapor
618.69	30.000	9.3004	0.10752	1465.4	1787.9	6.8691	2.8253	3.3689	622.17	0.056905	2.0076e-05	0.093615	vapor
619.69	30.000	9.2851	0.10770	1468.2	1791.3	6.8745	2.8289	3.3724	622.62	0.056568	2.0099e-05	0.093827	vapor
620.69	30.000	9.2699	0.10788	1471.0	1794.7	6.8800	2.8325	3.3759	623.07	0.056232	2.0122e-05	0.094040	vapor
621.69	30.000	9.2547	0.10805	1473.9	1798.0	6.8854	2.8361	3.3794	623.51	0.055898	2.0145e-05	0.094254	vapor
622.69	30.000	9.2396	0.10823	1476.7	1801.4	6.8908	2.8397	3.3830	623.96	0.055566	2.0168e-05	0.094467	vapor
623.69	30.000	9.2246	0.10841	1479.6	1804.8	6.8963	2.8433	3.3865	624.40	0.055235	2.0192e-05	0.094680	vapor
624.69	30.000	9.2095	0.10858	1482.5	1808.2	6.9017	2.8469	3.3900	624.85	0.054906	2.0215e-05	0.094894	vapor