Temperature (K)	Pressure (bar)	Density (kg/m3)	Volume (m3/kg)	Internal Energy (kJ/kg)	Enthalpy (kJ/kg)	Entropy (J/g*K)	Cv (J/g*K)	Cp (J/g*K)	Sound Spd. (m/s)	Joule-Thomson (K/bar)	Viscosity (Pa*s)	Therm. Cond. (W/m*K)	Phase
90.694	803.00	489.83	0.0020415	-101.29	62.647	-1.1020	2.3111	3.1960	1936.0	-0.052885	0.00049594	0.27043	liquid
110.69	803.00	471.60	0.0021204	-44.046	126.23	-0.46843	2.2218	3.1668	1833.3	-0.052856	0.00023330	0.25339	liquid
111.69	803.00	470.70	0.0021245	-41.205	129.39	-0.43995	2.2179	3.1658	1828.1	-0.052838	0.00022703	0.25242	liquid
112.69	803.00	469.81	0.0021285	-38.364	132.56	-0.41174	2.2141	3.1648	1822.9	-0.052820	0.00022109	0.25146	liquid
113.69	803.00	468.91	0.0021326	-35.526	135.72	-0.38379	2.2103	3.1637	1817.8	-0.052801	0.00021547	0.25048	liquid
114.69	803.00	468.02	0.0021367	-32.690	138.88	-0.35609	2.2065	3.1627	1812.6	-0.052781	0.00021013	0.24951	liquid
115.69	803.00	467.13	0.0021407	-29.855	142.05	-0.32864	2.2027	3.1616	1807.4	-0.052761	0.00020506	0.24853	liquid
116.69	803.00	466.24	0.0021448	-27.023	145.21	-0.30143	2.1989	3.1606	1802.2	-0.052740	0.00020025	0.24754	liquid
117.69	803.00	465.35	0.0021489	-24.192	148.37	-0.27447	2.1952	3.1595	1797.1	-0.052718	0.00019567	0.24655	liquid
118.69	803.00	464.46	0.0021531	-21.363	151.53	-0.24774	2.1915	3.1585	1791.9	-0.052696	0.00019131	0.24556	liquid
119.69	803.00	463.57	0.0021572	-18.536	154.68	-0.22124	2.1878	3.1574	1786.8	-0.052673	0.00018715	0.24456	liquid
120.69	803.00	462.68	0.0021613	-15.711	157.84	-0.19498	2.1841	3.1563	1781.7	-0.052649	0.00018319	0.24357	liquid
121.69	803.00	461.80	0.0021655	-12.888	161.00	-0.16894	2.1804	3.1552	1776.6	-0.052625	0.00017940	0.24257	liquid
122.69	803.00	460.91	0.0021696	-10.067	164.15	-0.14312	2.1768	3.1541	1771.5	-0.052600	0.00017579	0.24156	liquid
123.69	803.00	460.03	0.0021738	-7.2483	167.31	-0.11753	2.1731	3.1530	1766.4	-0.052575	0.00017233	0.24056	liquid
124.69	803.00	459.15	0.0021780	-4.4314	170.46	-0.092142	2.1695	3.1519	1761.3	-0.052549	0.00016902	0.23956	liquid
125.69	803.00	458.27	0.0021821	-1.6165	173.61	-0.066971	2.1659	3.1508	1756.2	-0.052523	0.00016585	0.23855	liquid
126.69	803.00	457.39	0.0021863	1.1964	176.76	-0.042008	2.1623	3.1496	1751.2	-0.052496	0.00016280	0.23755	liquid
127.69	803.00	456.51	0.0021906	4.0072	179.91	-0.017250	2.1588	3.1485	1746.1	-0.052468	0.00015989	0.23654	liquid
128.69	803.00	455.63	0.0021948	6.8160	183.06	0.0073062	2.1552	3.1473	1741.1	-0.052440	0.00015708	0.23553	liquid
129.69	803.00	454.75	0.0021990	9.6226	186.20	0.031663	2.1517	3.1462	1736.1	-0.052411	0.00015439	0.23453	liquid
130.69	803.00	453.87	0.0022033	12.427	189.35	0.055824	2.1482	3.1450	1731.1	-0.052382	0.00015180	0.23352	liquid
131.69	803.00	453.00	0.0022075	15.230	192.49	0.079792	2.1447	3.1438	1726.1	-0.052352	0.00014931	0.23252	liquid
132.69	803.00	452.12	0.0022118	18.030	195.64	0.10357	2.1412	3.1426	1721.1	-0.052321	0.00014691	0.23151	liquid
133.69	803.00	451.25	0.0022161	20.828	198.78	0.12716	2.1378	3.1415	1716.1	-0.052290	0.00014459	0.23051	liquid
134.69	803.00	450.38	0.0022204	23.624	201.92	0.15056	2.1344	3.1403	1711.2	-0.052258	0.00014236	0.22951	liquid
135.69	803.00	449.50	0.0022247	26.418	205.06	0.17379	2.1310	3.1391	1706.3	-0.052225	0.00014020	0.22850	liquid
136.69	803.00	448.63	0.0022290	29.209	208.20	0.19683	2.1276	3.1379	1701.4	-0.052192	0.00013812	0.22751	liquid
137.69	803.00	447.76	0.0022333	31.999	211.33	0.21970	2.1242	3.1367	1696.5	-0.052158	0.00013611	0.22651	liquid
138.69	803.00	446.89	0.0022377	34.786	214.47	0.24239	2.1209	3.1355	1691.6	-0.052123	0.00013416	0.22551	liquid
139.69	803.00	446.03	0.0022420	37.571	217.61	0.26492	2.1176	3.1343	1686.7	-0.052088	0.00013228	0.22452	liquid
140.69	803.00	445.16	0.0022464	40.354	220.74	0.28727	2.1143	3.1331	1681.9	-0.052052	0.00013046	0.22353	liquid
141.69	803.00	444.29	0.0022508	43.135	223.87	0.30945	2.1110	3.1318	1677.0	-0.052015	0.00012869	0.22254	liquid
142.69	803.00	443.43	0.0022552	45.913	227.00	0.33147	2.1077	3.1306	1672.2	-0.051978	0.00012698	0.22155	liquid
143.69	803.00	442.56	0.0022596	48.689	230.13	0.35333	2.1045	3.1294	1667.4	-0.051939	0.00012532	0.22057	liquid
144.69	803.00	441.70	0.0022640	51.463	233.26	0.37503	2.1013	3.1282	1662.6	-0.051901	0.00012370	0.21959	liquid
145.69	803.00	440.83	0.0022684	54.235	236.39	0.39657	2.0981	3.1270	1657.9	-0.051861	0.00012214	0.21861	liquid
146.69	803.00	439.97	0.0022729	57.004	239.52	0.41796	2.0950	3.1258	1653.1	-0.051821	0.00012062	0.21764	liquid
147.69	803.00	439.11	0.0022773	59.771	242.64	0.43919	2.0919	3.1246	1648.4	-0.051779	0.00011914	0.21667	liquid
148.69	803.00	438.25	0.0022818	62.536	245.77	0.46027	2.0887	3.1234	1643.7	-0.051737	0.00011770	0.21570	liquid
149.69	803.00	437.39	0.0022863	65.299	248.89	0.48120	2.0857	3.1222	1639.0	-0.051695	0.00011630	0.21473	liquid
150.69	803.00	436.53	0.0022908	68.059	252.01	0.50198	2.0826	3.1210	1634.3	-0.051651	0.00011494	0.21377	liquid
151.69	803.00	435.67	0.0022953	70.817	255.13	0.52262	2.0796	3.1198	1629.6	-0.051607	0.00011361	0.21281	liquid
152.69	803.00	434.82	0.0022998	73.573	258.25	0.54312	2.0766	3.1186	1625.0	-0.051562	0.00011232	0.21186	liquid
153.69	803.00	433.96	0.0023044	76.327	261.37	0.56347	2.0736	3.1174	1620.3	-0.051516	0.00011106	0.21091	liquid
154.69	803.00	433.10	0.0023089	79.078	264.48	0.58368	2.0707	3.1162	1615.7	-0.051470	0.00010983	0.20996	liquid
155.69	803.00	432.25	0.0023135	81.827	267.60	0.60376	2.0677	3.1150	1611.1	-0.051422	0.00010864	0.20902	liquid
156.69	803.00	431.40	0.0023181	84.574	270.71	0.62370	2.0648	3.1138	1606.6	-0.051374	0.00010747	0.20808	liquid
157.69	803.00	430.54	0.0023226	87.319	273.83	0.64350	2.0620	3.1126	1602.0	-0.051325	0.00010632	0.20715	liquid
158.69	803.00	429.69	0.0023272	90.061	276.94	0.66318	2.0591	3.1115	1597.5	-0.051275	0.00010521	0.20621	liquid
159.69	803.00	428.84	0.0023319	92.801	280.05	0.68272	2.0563	3.1103	1592.9	-0.051224	0.00010412	0.20529	liquid
160.69	803.00	427.99	0.0023365	95.539	283.16	0.70213	2.0535	3.1091	1588.4	-0.051173	0.00010305	0.20437	liquid
161.69	803.00	427.14	0.0023411	98.274	286.27	0.72142	2.0507	3.1080	1584.0	-0.051121	0.00010201	0.20345	liquid
162.69	803.00	426.29	0.0023458	101.01	289.38	0.74057	2.0480	3.1068	1579.5	-0.051067	0.00010099	0.20254	liquid
163.69	803.00	425.45	0.0023505	103.74	292.48	0.75961	2.0453	3.1057	1575.0	-0.051013	9.9997e-05	0.20163	liquid
164.69	803.00	424.60	0.0023552	106.47	295.59	0.77852	2.0426	3.1046	1570.6	-0.050958	9.9021e-05	0.20072	liquid
165.69	803.00	423.75	0.0023599	109.19	298.69	0.79731	2.0400	3.1034	1566.2	-0.050903	9.8067e-05	0.19982	liquid
166.69	803.00	422.91	0.0023646	111.92	301.79	0.81598	2.0373	3.1023	1561.8	-0.050846	9.7132e-05	0.19893	liquid
167.69	803.00	422.06	0.0023693	114.64	304.90	0.83453	2.0347	3.1012	1557.4	-0.050789	9.6216e-05	0.19804	liquid
168.69	803.00	421.22	0.0023741	117.36	308.00	0.85297	2.0322	3.1001	1553.1	-0.050730	9.5318e-05	0.19715	liquid
169.69	803.00	420.38	0.0023788	120.08	311.10	0.87129	2.0296	3.0990	1548.7	-0.050671	9.4439e-05	0.19627	liquid
170.69	803.00	419.54	0.0023836	122.79	314.19	0.88949	2.0271	3.0979	1544.4	-0.050611	9.3576e-05	0.19539	liquid
171.69	803.00	418.70	0.0023884	125.51	317.29	0.90758	2.0246	3.0968	1540.1	-0.050550	9.2731e-05	0.19452	liquid
172.69	803.00	417.86	0.0023932	128.22	320.39	0.92557	2.0222	3.0958	1535.8	-0.050489	9.1901e-05	0.19365	liquid
173.69	803.00	417.02	0.0023980	130.93	323.48	0.94344	2.0197	3.0947	1531.6	-0.050426	9.1088e-05	0.19279	liquid
174.69	803.00	416.18	0.0024028	133.63	326.58	0.96120	2.0173	3.0937	1527.3	-0.050362	9.0289e-05	0.19193	liquid
175.69	803.00	415.34	0.0024077	136.34	329.67	0.97886	2.0150	3.0926	1523.1	-0.050298	8.9506e-05	0.19108	liquid
176.69	803.00	414.51	0.0024125	139.04	332.76	0.99641	2.0126	3.0916	1518.9	-0.050233	8.8736e-05	0.19023	liquid
177.69	803.00	413.67	0.0024174	141.74	335.85	1.0139	2.0103	3.0906	1514.7	-0.050167	8.7981e-05	0.18939	liquid
178.69	803.00	412.84	0.0024223	144.44	338.94	1.0312	2.0081	3.0895	1510.5	-0.050100	8.7239e-05	0.18855	liquid
179.69	803.00	412.00	0.0024272	147.13	342.03	1.0484	2.0058	3.0885	1506.4	-0.050032	8.6510e-05	0.18772	liquid
180.69	803.00	411.17	0.0024321	149.82	345.12	1.0656	2.0036	3.0875	1502.2	-0.049963	8.5793e-05	0.18689	liquid
181.69	803.00	410.34	0.0024370	152.52	348.21	1.0826	2.0014	3.0866	1498.1	-0.049894	8.5089e-05	0.18607	liquid
182.69	803.00	409.51	0.0024420	155.20	351.29	1.0995	1.9992	3.0856	1494.0	-0.049823	8.4398e-05	0.18525	liquid
183.69	803.00	408.68	0.0024469	157.89	354.38	1.1164	1.9971	3.0846	1489.9	-0.049752	8.3717e-05	0.18444	liquid
184.69	803.00	407.85	0.0024519	160.58	357.46	1.1331	1.9950	3.0837	1485.9	-0.049680	8.3049e-05	0.18363	liquid
185.69	803.00	407.02	0.0024569	163.26	360.55	1.1498	1.9929	3.0827	1481.8	-0.049607	8.2391e-05	0.18283	liquid
186.69	803.00	406.19	0.0024619	165.94	363.63	1.1663	1.9909	3.0818	1477.8	-0.049533	8.1744e-05	0.18203	liquid
187.69	803.00	405.37	0.0024669	168.62	366.71	1.1828	1.9889	3.0809	1473.8	-0.049458	8.1107e-05	0.18124	liquid
188.69	803.00	404.54	0.0024719	171.29	369.79	1.1992	1.9869	3.0800	1469.8	-0.049383	8.0481e-05	0.18046	liquid
189.69	803.00	403.72	0.0024770	173.97	372.87	1.2154	1.9849	3.0791	1465.9	-0.049306	7.9865e-05	0.17967	liquid
190.69	803.00	402.89	0.0024820	176.64	375.95	1.2316	1.9830	3.0782	1461.9	-0.049229	7.9259e-05	0.17890	supercritical
191.69	803.00	402.07	0.0024871	179.31	379.03	1.2477	1.9811	3.0773	1458.0	-0.049151	7.8662e-05	0.17813	supercritical
192.69	803.00	401.25	0.0024922	181.98	382.10	1.2637	1.9793	3.0765	1454.1	-0.049072	7.8074e-05	0.17736	supercritical
193.69	803.00	400.43	0.0024973	184.64	385.18	1.2797	1.9774	3.0756	1450.2	-0.048992	7.7495e-05	0.17660	supercritical
194.69	803.00	399.61	0.0025024	187.31	388.25	1.2955	1.9756	3.0748	1446.3	-0.048911	7.6925e-05	0.17584	supercritical
195.69	803.00	398.79	0.0025076	189.97	391.33	1.3112	1.9739	3.0740	1442.5	-0.048830	7.6364e-05	0.17509	supercritical
196.69	803.00	397.97	0.0025127	192.63	394.40	1.3269	1.9721	3.0731	1438.6	-0.048747	7.5811e-05	0.17434	supercritical
197.69	803.00	397.16	0.0025179	195.29	397.48	1.3425	1.9704	3.0723	1434.8	-0.048664	7.5267e-05	0.17360	supercritical
198.69	803.00	396.34	0.0025231	197.94	400.55	1.3580	1.9687	3.0716	1431.0	-0.048580	7.4730e-05	0.17287	supercritical
199.69	803.00	395.53	0.0025283	200.60	403.62	1.3734	1.9671	3.0708	1427.2	-0.048495	7.4202e-05	0.17214	supercritical
200.69	803.00	394.71	0.0025335	203.25	406.69	1.3887	1.9655	3.0700	1423.5	-0.048410	7.3681e-05	0.17141	supercritical
201.69	803.00	393.90	0.0025387	205.90	409.76	1.4040	1.9639	3.0693	1419.7	-0.048323	7.3167e-05	0.17069	supercritical
202.69	803.00	393.09	0.0025439	208.55	412.83	1.4192	1.9623	3.0685	1416.0	-0.048236	7.2661e-05	0.16998	supercritical
203.69	803.00	392.28	0.0025492	211.19	415.90	1.4343	1.9608	3.0678	1412.3	-0.048148	7.2163e-05	0.16927	supercritical
204.69	803.00	391.47	0.0025545	213.84	418.96	1.4493	1.9593	3.0671	1408.6	-0.048059	7.1671e-05	0.16856	supercritical
205.69	803.00	390.66	0.0025598	216.48	422.03	1.4642	1.9579	3.0664	1404.9	-0.047969	7.1186e-05	0.16786	supercritical
206.69	803.00	389.85	0.0025651	219.12	425.10	1.4791	1.9564	3.0657	1401.3	-0.047879	7.0708e-05	0.16717	supercritical
207.69	803.00	389.05	0.0025704	221.76	428.16	1.4939	1.9550	3.0650	1397.6	-0.047788	7.0236e-05	0.16648	supercritical
208.69	803.00	388.24	0.0025757	224.40	431.23	1.5086	1.9537	3.0644	1394.0	-0.047696	6.9771e-05	0.16580	supercritical
209.69	803.00	387.44	0.0025811	227.03	434.29	1.5233	1.9523	3.0637	1390.4	-0.047603	6.9313e-05	0.16512	supercritical
210.69	803.00	386.64	0.0025864	229.66	437.35	1.5379	1.9510	3.0631	1386.8	-0.047509	6.8860e-05	0.16444	supercritical
211.69	803.00	385.83	0.0025918	232.30	440.42	1.5524	1.9497	3.0625	1383.3	-0.047415	6.8414e-05	0.16377	supercritical
212.69	803.00	385.03	0.0025972	234.92	443.48	1.5668	1.9485	3.0619	1379.7	-0.047320	6.7973e-05	0.16311	supercritical
213.69	803.00	384.23	0.0026026	237.55	446.54	1.5811	1.9473	3.0613	1376.2	-0.047224	6.7539e-05	0.16245	supercritical
214.69	803.00	383.43	0.0026080	240.18	449.60	1.5954	1.9461	3.0607	1372.7	-0.047128	6.7110e-05	0.16180	supercritical
215.69	803.00	382.64	0.0026134	242.80	452.66	1.6097	1.9450	3.0601	1369.2	-0.047031	6.6687e-05	0.16115	supercritical
216.69	803.00	381.84	0.0026189	245.42	455.72	1.6238	1.9438	3.0596	1365.7	-0.046933	6.6270e-05	0.16051	supercritical
217.69	803.00	381.04	0.0026244	248.04	458.78	1.6379	1.9427	3.0591	1362.3	-0.046834	6.5858e-05	0.15987	supercritical
218.69	803.00	380.25	0.0026298	250.66	461.84	1.6519	1.9417	3.0585	1358.8	-0.046735	6.5451e-05	0.15924	supercritical
219.69	803.00	379.46	0.0026353	253.28	464.90	1.6659	1.9407	3.0580	1355.4	-0.046635	6.5050e-05	0.15861	supercritical
220.69	803.00	378.67	0.0026409	255.89	467.96	1.6798	1.9397	3.0575	1352.0	-0.046534	6.4653e-05	0.15798	supercritical
221.69	803.00	377.87	0.0026464	258.51	471.01	1.6936	1.9387	3.0571	1348.6	-0.046433	6.4262e-05	0.15737	supercritical
222.69	803.00	377.08	0.0026519	261.12	474.07	1.7073	1.9378	3.0566	1345.3	-0.046331	6.3876e-05	0.15675	supercritical
223.69	803.00	376.30	0.0026575	263.73	477.13	1.7210	1.9369	3.0561	1341.9	-0.046228	6.3495e-05	0.15614	supercritical
224.69	803.00	375.51	0.0026631	266.34	480.18	1.7347	1.9360	3.0557	1338.6	-0.046125	6.3118e-05	0.15554	supercritical
225.69	803.00	374.72	0.0026686	268.95	483.24	1.7482	1.9352	3.0553	1335.3	-0.046021	6.2746e-05	0.15494	supercritical
226.69	803.00	373.94	0.0026742	271.55	486.29	1.7617	1.9344	3.0549	1332.0	-0.045916	6.2379e-05	0.15435	supercritical
227.69	803.00	373.15	0.0026799	274.15	489.35	1.7752	1.9336	3.0545	1328.7	-0.045811	6.2016e-05	0.15376	supercritical
228.69	803.00	372.37	0.0026855	276.76	492.40	1.7886	1.9328	3.0541	1325.5	-0.045705	6.1658e-05	0.15318	supercritical
229.69	803.00	371.59	0.0026911	279.36	495.45	1.8019	1.9321	3.0537	1322.3	-0.045599	6.1305e-05	0.15260	supercritical
230.69	803.00	370.81	0.0026968	281.96	498.51	1.8152	1.9315	3.0533	1319.0	-0.045492	6.0955e-05	0.15202	supercritical
231.69	803.00	370.03	0.0027025	284.55	501.56	1.8284	1.9308	3.0530	1315.8	-0.045384	6.0610e-05	0.15145	supercritical
232.69	803.00	369.25	0.0027082	287.15	504.61	1.8415	1.9302	3.0527	1312.6	-0.045276	6.0269e-05	0.15089	supercritical
233.69	803.00	368.48	0.0027139	289.74	507.67	1.8546	1.9296	3.0524	1309.5	-0.045168	5.9932e-05	0.15033	supercritical
234.69	803.00	367.70	0.0027196	292.34	510.72	1.8676	1.9290	3.0521	1306.3	-0.045058	5.9599e-05	0.14978	supercritical
235.69	803.00	366.93	0.0027253	294.93	513.77	1.8806	1.9285	3.0518	1303.2	-0.044949	5.9270e-05	0.14923	supercritical
236.69	803.00	366.16	0.0027311	297.52	516.82	1.8935	1.9280	3.0515	1300.1	-0.044838	5.8946e-05	0.14868	supercritical
237.69	803.00	365.38	0.0027368	300.11	519.87	1.9064	1.9275	3.0513	1297.0	-0.044728	5.8625e-05	0.14814	supercritical
238.69	803.00	364.61	0.0027426	302.69	522.93	1.9192	1.9271	3.0510	1293.9	-0.044616	5.8307e-05	0.14760	supercritical
239.69	803.00	363.85	0.0027484	305.28	525.98	1.9320	1.9267	3.0508	1290.9	-0.044504	5.7994e-05	0.14707	supercritical
240.69	803.00	363.08	0.0027542	307.86	529.03	1.9447	1.9263	3.0506	1287.8	-0.044392	5.7684e-05	0.14655	supercritical
241.69	803.00	362.31	0.0027601	310.45	532.08	1.9573	1.9260	3.0504	1284.8	-0.044279	5.7378e-05	0.14603	supercritical
242.69	803.00	361.55	0.0027659	313.03	535.13	1.9699	1.9257	3.0502	1281.8	-0.044166	5.7075e-05	0.14551	supercritical
243.69	803.00	360.78	0.0027717	315.61	538.18	1.9824	1.9254	3.0500	1278.8	-0.044053	5.6776e-05	0.14500	supercritical
244.69	803.00	360.02	0.0027776	318.19	541.23	1.9949	1.9251	3.0498	1275.8	-0.043939	5.6481e-05	0.14449	supercritical
245.69	803.00	359.26	0.0027835	320.76	544.28	2.0074	1.9249	3.0497	1272.9	-0.043824	5.6189e-05	0.14398	supercritical
246.69	803.00	358.50	0.0027894	323.34	547.33	2.0198	1.9247	3.0496	1269.9	-0.043709	5.5900e-05	0.14349	supercritical
247.69	803.00	357.74	0.0027953	325.91	550.38	2.0321	1.9246	3.0495	1267.0	-0.043594	5.5614e-05	0.14299	supercritical
248.69	803.00	356.99	0.0028012	328.49	553.43	2.0444	1.9244	3.0494	1264.1	-0.043478	5.5332e-05	0.14250	supercritical
249.69	803.00	356.23	0.0028072	331.06	556.48	2.0566	1.9243	3.0493	1261.2	-0.043362	5.5053e-05	0.14202	supercritical
250.69	803.00	355.48	0.0028131	333.63	559.52	2.0688	1.9243	3.0492	1258.3	-0.043246	5.4777e-05	0.14154	supercritical
251.69	803.00	354.72	0.0028191	336.20	562.57	2.0809	1.9242	3.0491	1255.5	-0.043129	5.4504e-05	0.14106	supercritical
252.69	803.00	353.97	0.0028251	338.77	565.62	2.0930	1.9242	3.0491	1252.7	-0.043012	5.4235e-05	0.14059	supercritical
253.69	803.00	353.22	0.0028311	341.34	568.67	2.1051	1.9242	3.0491	1249.8	-0.042894	5.3968e-05	0.14012	supercritical
254.69	803.00	352.48	0.0028371	343.90	571.72	2.1171	1.9243	3.0490	1247.0	-0.042777	5.3704e-05	0.13966	supercritical
255.69	803.00	351.73	0.0028431	346.47	574.77	2.1290	1.9243	3.0490	1244.2	-0.042659	5.3444e-05	0.13920	supercritical
256.69	803.00	350.98	0.0028491	349.03	577.82	2.1409	1.9245	3.0491	1241.5	-0.042540	5.3186e-05	0.13875	supercritical
257.69	803.00	350.24	0.0028552	351.60	580.87	2.1528	1.9246	3.0491	1238.7	-0.042422	5.2931e-05	0.13830	supercritical
258.69	803.00	349.50	0.0028613	354.16	583.92	2.1646	1.9248	3.0491	1236.0	-0.042303	5.2679e-05	0.13785	supercritical
259.69	803.00	348.75	0.0028673	356.72	586.97	2.1763	1.9249	3.0492	1233.3	-0.042184	5.2430e-05	0.13741	supercritical
260.69	803.00	348.01	0.0028734	359.28	590.02	2.1881	1.9252	3.0492	1230.6	-0.042064	5.2183e-05	0.13698	supercritical
261.69	803.00	347.28	0.0028795	361.84	593.06	2.1997	1.9254	3.0493	1227.9	-0.041945	5.1940e-05	0.13654	supercritical
262.69	803.00	346.54	0.0028857	364.39	596.11	2.2114	1.9257	3.0494	1225.2	-0.041825	5.1698e-05	0.13612	supercritical
263.69	803.00	345.80	0.0028918	366.95	599.16	2.2230	1.9260	3.0495	1222.6	-0.041705	5.1460e-05	0.13569	supercritical
264.69	803.00	345.07	0.0028980	369.51	602.21	2.2345	1.9263	3.0496	1220.0	-0.041585	5.1224e-05	0.13527	supercritical
265.69	803.00	344.34	0.0029041	372.06	605.26	2.2460	1.9267	3.0498	1217.3	-0.041465	5.0991e-05	0.13486	supercritical
266.69	803.00	343.61	0.0029103	374.62	608.31	2.2575	1.9271	3.0499	1214.7	-0.041344	5.0760e-05	0.13444	supercritical
267.69	803.00	342.88	0.0029165	377.17	611.36	2.2689	1.9275	3.0501	1212.2	-0.041223	5.0532e-05	0.13404	supercritical
268.69	803.00	342.15	0.0029227	379.72	614.41	2.2802	1.9280	3.0503	1209.6	-0.041103	5.0306e-05	0.13363	supercritical
269.69	803.00	341.42	0.0029289	382.27	617.46	2.2916	1.9285	3.0504	1207.0	-0.040982	5.0083e-05	0.13324	supercritical
270.69	803.00	340.70	0.0029351	384.82	620.51	2.3029	1.9290	3.0507	1204.5	-0.040861	4.9862e-05	0.13284	supercritical
271.69	803.00	339.98	0.0029414	387.37	623.56	2.3141	1.9295	3.0509	1202.0	-0.040739	4.9643e-05	0.13245	supercritical
272.69	803.00	339.25	0.0029476	389.92	626.62	2.3253	1.9301	3.0511	1199.5	-0.040618	4.9427e-05	0.13206	supercritical
273.69	803.00	338.53	0.0029539	392.47	629.67	2.3365	1.9306	3.0513	1197.0	-0.040497	4.9213e-05	0.13168	supercritical
274.69	803.00	337.81	0.0029602	395.01	632.72	2.3476	1.9313	3.0516	1194.5	-0.040376	4.9002e-05	0.13130	supercritical
275.69	803.00	337.10	0.0029665	397.56	635.77	2.3587	1.9319	3.0519	1192.1	-0.040254	4.8792e-05	0.13093	supercritical
276.69	803.00	336.38	0.0029728	400.11	638.82	2.3698	1.9326	3.0522	1189.6	-0.040133	4.8585e-05	0.13056	supercritical
277.69	803.00	335.67	0.0029791	402.65	641.87	2.3808	1.9333	3.0525	1187.2	-0.040011	4.8380e-05	0.13019	supercritical
278.69	803.00	334.96	0.0029855	405.19	644.93	2.3917	1.9340	3.0528	1184.8	-0.039890	4.8177e-05	0.12983	supercritical
279.69	803.00	334.24	0.0029918	407.74	647.98	2.4027	1.9347	3.0531	1182.4	-0.039768	4.7977e-05	0.12947	supercritical
280.69	803.00	333.54	0.0029982	410.28	651.03	2.4136	1.9355	3.0534	1180.1	-0.039647	4.7778e-05	0.12911	supercritical
281.69	803.00	332.83	0.0030046	412.82	654.09	2.4244	1.9363	3.0538	1177.7	-0.039525	4.7582e-05	0.12876	supercritical
282.69	803.00	332.12	0.0030109	415.36	657.14	2.4353	1.9372	3.0541	1175.4	-0.039404	4.7388e-05	0.12841	supercritical
283.69	803.00	331.42	0.0030173	417.90	660.19	2.4460	1.9380	3.0545	1173.0	-0.039282	4.7195e-05	0.12807	supercritical
284.69	803.00	330.71	0.0030238	420.44	663.25	2.4568	1.9389	3.0549	1170.7	-0.039161	4.7005e-05	0.12773	supercritical
285.69	803.00	330.01	0.0030302	422.98	666.30	2.4675	1.9398	3.0553	1168.4	-0.039040	4.6817e-05	0.12739	supercritical
286.69	803.00	329.31	0.0030366	425.52	669.36	2.4782	1.9407	3.0557	1166.2	-0.038919	4.6630e-05	0.12706	supercritical
287.69	803.00	328.62	0.0030431	428.06	672.42	2.4888	1.9417	3.0562	1163.9	-0.038797	4.6446e-05	0.12673	supercritical
288.69	803.00	327.92	0.0030495	430.59	675.47	2.4994	1.9427	3.0566	1161.6	-0.038676	4.6264e-05	0.12641	supercritical
289.69	803.00	327.22	0.0030560	433.13	678.53	2.5100	1.9437	3.0570	1159.4	-0.038556	4.6083e-05	0.12608	supercritical
290.69	803.00	326.53	0.0030625	435.67	681.59	2.5205	1.9447	3.0575	1157.2	-0.038435	4.5904e-05	0.12577	supercritical
291.69	803.00	325.84	0.0030690	438.20	684.64	2.5310	1.9458	3.0580	1155.0	-0.038314	4.5727e-05	0.12545	supercritical
292.69	803.00	325.15	0.0030755	440.74	687.70	2.5415	1.9469	3.0585	1152.8	-0.038194	4.5552e-05	0.12514	supercritical
293.69	803.00	324.46	0.0030820	443.27	690.76	2.5519	1.9480	3.0590	1150.6	-0.038073	4.5379e-05	0.12483	supercritical
294.69	803.00	323.78	0.0030886	445.81	693.82	2.5623	1.9491	3.0595	1148.5	-0.037953	4.5208e-05	0.12453	supercritical
295.69	803.00	323.09	0.0030951	448.34	696.88	2.5727	1.9503	3.0600	1146.3	-0.037833	4.5038e-05	0.12423	supercritical
296.69	803.00	322.41	0.0031017	450.88	699.94	2.5830	1.9514	3.0606	1144.2	-0.037714	4.4870e-05	0.12393	supercritical
297.69	803.00	321.73	0.0031082	453.41	703.00	2.5933	1.9527	3.0611	1142.1	-0.037594	4.4704e-05	0.12364	supercritical
298.69	803.00	321.05	0.0031148	455.94	706.06	2.6036	1.9539	3.0617	1140.0	-0.037475	4.4540e-05	0.12335	supercritical
299.69	803.00	320.37	0.0031214	458.48	709.13	2.6138	1.9551	3.0623	1137.9	-0.037356	4.4377e-05	0.12307	supercritical
300.69	803.00	319.69	0.0031280	461.01	712.19	2.6240	1.9564	3.0629	1135.9	-0.037237	4.4216e-05	0.12278	supercritical
301.69	803.00	319.02	0.0031346	463.54	715.25	2.6342	1.9577	3.0635	1133.8	-0.037118	4.4056e-05	0.12250	supercritical
302.69	803.00	318.34	0.0031413	466.07	718.31	2.6443	1.9590	3.0641	1131.8	-0.037000	4.3899e-05	0.12223	supercritical
303.69	803.00	317.67	0.0031479	468.60	721.38	2.6544	1.9604	3.0647	1129.8	-0.036882	4.3742e-05	0.12195	supercritical
304.69	803.00	317.00	0.0031545	471.13	724.44	2.6645	1.9618	3.0654	1127.8	-0.036764	4.3588e-05	0.12169	supercritical
305.69	803.00	316.34	0.0031612	473.67	727.51	2.6746	1.9631	3.0660	1125.8	-0.036646	4.3435e-05	0.12142	supercritical
306.69	803.00	315.67	0.0031679	476.20	730.58	2.6846	1.9646	3.0667	1123.8	-0.036529	4.3283e-05	0.12116	supercritical
307.69	803.00	315.00	0.0031746	478.73	733.64	2.6946	1.9660	3.0674	1121.8	-0.036412	4.3133e-05	0.12090	supercritical
308.69	803.00	314.34	0.0031812	481.26	736.71	2.7045	1.9675	3.0681	1119.9	-0.036295	4.2985e-05	0.12064	supercritical
309.69	803.00	313.68	0.0031879	483.79	739.78	2.7144	1.9689	3.0688	1118.0	-0.036179	4.2838e-05	0.12039	supercritical
310.69	803.00	313.02	0.0031947	486.32	742.85	2.7243	1.9705	3.0695	1116.0	-0.036063	4.2692e-05	0.12014	supercritical
311.69	803.00	312.36	0.0032014	488.85	745.92	2.7342	1.9720	3.0702	1114.1	-0.035947	4.2548e-05	0.11989	supercritical
312.69	803.00	311.71	0.0032081	491.38	748.99	2.7440	1.9735	3.0710	1112.3	-0.035832	4.2406e-05	0.11965	supercritical
313.69	803.00	311.05	0.0032149	493.91	752.06	2.7538	1.9751	3.0717	1110.4	-0.035717	4.2265e-05	0.11941	supercritical
314.69	803.00	310.40	0.0032216	496.44	755.13	2.7636	1.9767	3.0725	1108.5	-0.035602	4.2125e-05	0.11917	supercritical
315.69	803.00	309.75	0.0032284	498.97	758.21	2.7734	1.9783	3.0733	1106.7	-0.035488	4.1987e-05	0.11894	supercritical
316.69	803.00	309.10	0.0032352	501.49	761.28	2.7831	1.9799	3.0741	1104.8	-0.035374	4.1850e-05	0.11871	supercritical
317.69	803.00	308.46	0.0032420	504.02	764.35	2.7928	1.9816	3.0749	1103.0	-0.035261	4.1714e-05	0.11848	supercritical
318.69	803.00	307.81	0.0032488	506.55	767.43	2.8024	1.9833	3.0757	1101.2	-0.035148	4.1580e-05	0.11825	supercritical
319.69	803.00	307.17	0.0032556	509.08	770.50	2.8121	1.9850	3.0765	1099.4	-0.035035	4.1447e-05	0.11803	supercritical
320.69	803.00	306.52	0.0032624	511.61	773.58	2.8217	1.9867	3.0773	1097.6	-0.034923	4.1316e-05	0.11781	supercritical
321.69	803.00	305.88	0.0032692	514.14	776.66	2.8313	1.9884	3.0782	1095.9	-0.034811	4.1186e-05	0.11760	supercritical
322.69	803.00	305.25	0.0032760	516.67	779.74	2.8408	1.9902	3.0790	1094.1	-0.034700	4.1057e-05	0.11739	supercritical
323.69	803.00	304.61	0.0032829	519.20	782.82	2.8504	1.9919	3.0799	1092.4	-0.034589	4.0929e-05	0.11718	supercritical
324.69	803.00	303.98	0.0032897	521.73	785.90	2.8599	1.9937	3.0808	1090.7	-0.034478	4.0803e-05	0.11697	supercritical
325.69	803.00	303.34	0.0032966	524.26	788.98	2.8693	1.9956	3.0817	1089.0	-0.034368	4.0678e-05	0.11677	supercritical
326.69	803.00	302.71	0.0033035	526.79	792.06	2.8788	1.9974	3.0826	1087.3	-0.034259	4.0554e-05	0.11656	supercritical
327.69	803.00	302.08	0.0033104	529.32	795.14	2.8882	1.9992	3.0835	1085.6	-0.034149	4.0432e-05	0.11637	supercritical
328.69	803.00	301.45	0.0033173	531.85	798.23	2.8976	2.0011	3.0844	1083.9	-0.034041	4.0311e-05	0.11617	supercritical
329.69	803.00	300.83	0.0033242	534.38	801.31	2.9070	2.0030	3.0854	1082.2	-0.033933	4.0191e-05	0.11598	supercritical
330.69	803.00	300.20	0.0033311	536.91	804.40	2.9163	2.0049	3.0863	1080.6	-0.033825	4.0072e-05	0.11579	supercritical
331.69	803.00	299.58	0.0033380	539.44	807.49	2.9256	2.0069	3.0873	1079.0	-0.033718	3.9954e-05	0.11560	supercritical
332.69	803.00	298.96	0.0033449	541.98	810.57	2.9349	2.0088	3.0882	1077.4	-0.033611	3.9837e-05	0.11542	supercritical
333.69	803.00	298.34	0.0033519	544.51	813.66	2.9442	2.0108	3.0892	1075.7	-0.033505	3.9722e-05	0.11524	supercritical
334.69	803.00	297.72	0.0033588	547.04	816.75	2.9535	2.0128	3.0902	1074.2	-0.033399	3.9608e-05	0.11506	supercritical
335.69	803.00	297.11	0.0033658	549.57	819.84	2.9627	2.0148	3.0912	1072.6	-0.033294	3.9495e-05	0.11488	supercritical
336.69	803.00	296.50	0.0033727	552.10	822.93	2.9719	2.0168	3.0922	1071.0	-0.033189	3.9383e-05	0.11471	supercritical
337.69	803.00	295.88	0.0033797	554.64	826.03	2.9810	2.0188	3.0933	1069.5	-0.033085	3.9272e-05	0.11454	supercritical
338.69	803.00	295.27	0.0033867	557.17	829.12	2.9902	2.0209	3.0943	1067.9	-0.032981	3.9162e-05	0.11437	supercritical
339.69	803.00	294.67	0.0033937	559.70	832.22	2.9993	2.0229	3.0954	1066.4	-0.032878	3.9053e-05	0.11420	supercritical
340.69	803.00	294.06	0.0034007	562.24	835.31	3.0084	2.0250	3.0964	1064.9	-0.032776	3.8946e-05	0.11404	supercritical
341.69	803.00	293.45	0.0034077	564.77	838.41	3.0175	2.0271	3.0975	1063.4	-0.032674	3.8839e-05	0.11388	supercritical
342.69	803.00	292.85	0.0034147	567.31	841.51	3.0265	2.0293	3.0986	1061.9	-0.032572	3.8734e-05	0.11372	supercritical
343.69	803.00	292.25	0.0034217	569.84	844.61	3.0356	2.0314	3.0997	1060.4	-0.032471	3.8629e-05	0.11357	supercritical
344.69	803.00	291.65	0.0034288	572.38	847.71	3.0446	2.0336	3.1008	1058.9	-0.032371	3.8526e-05	0.11341	supercritical
345.69	803.00	291.05	0.0034358	574.91	850.81	3.0536	2.0357	3.1019	1057.5	-0.032271	3.8424e-05	0.11326	supercritical
346.69	803.00	290.46	0.0034428	577.45	853.91	3.0625	2.0379	3.1030	1056.0	-0.032172	3.8322e-05	0.11312	supercritical
347.69	803.00	289.86	0.0034499	579.99	857.01	3.0715	2.0401	3.1041	1054.6	-0.032073	3.8222e-05	0.11297	supercritical
348.69	803.00	289.27	0.0034570	582.52	860.12	3.0804	2.0424	3.1053	1053.2	-0.031975	3.8123e-05	0.11283	supercritical
349.69	803.00	288.68	0.0034640	585.06	863.22	3.0893	2.0446	3.1064	1051.8	-0.031878	3.8024e-05	0.11269	supercritical
350.69	803.00	288.09	0.0034711	587.60	866.33	3.0981	2.0469	3.1076	1050.4	-0.031781	3.7927e-05	0.11255	supercritical
351.69	803.00	287.51	0.0034782	590.14	869.44	3.1070	2.0491	3.1088	1049.0	-0.031685	3.7830e-05	0.11241	supercritical
352.69	803.00	286.92	0.0034853	592.68	872.55	3.1158	2.0514	3.1100	1047.6	-0.031589	3.7735e-05	0.11228	supercritical
353.69	803.00	286.34	0.0034924	595.22	875.66	3.1246	2.0537	3.1112	1046.3	-0.031494	3.7640e-05	0.11215	supercritical
354.69	803.00	285.76	0.0034995	597.76	878.77	3.1334	2.0560	3.1124	1044.9	-0.031399	3.7547e-05	0.11202	supercritical
355.69	803.00	285.18	0.0035066	600.30	881.88	3.1422	2.0584	3.1136	1043.6	-0.031305	3.7454e-05	0.11190	supercritical
356.69	803.00	284.60	0.0035137	602.85	885.00	3.1509	2.0607	3.1148	1042.3	-0.031212	3.7362e-05	0.11177	supercritical
357.69	803.00	284.02	0.0035209	605.39	888.11	3.1597	2.0631	3.1161	1040.9	-0.031119	3.7272e-05	0.11165	supercritical
358.69	803.00	283.45	0.0035280	607.93	891.23	3.1684	2.0655	3.1173	1039.6	-0.031027	3.7182e-05	0.11153	supercritical
359.69	803.00	282.87	0.0035351	610.48	894.35	3.1770	2.0678	3.1186	1038.3	-0.030935	3.7092e-05	0.11142	supercritical
360.69	803.00	282.30	0.0035423	613.02	897.47	3.1857	2.0703	3.1199	1037.1	-0.030845	3.7004e-05	0.11130	supercritical
361.69	803.00	281.73	0.0035494	615.57	900.59	3.1943	2.0727	3.1211	1035.8	-0.030754	3.6917e-05	0.11119	supercritical
362.69	803.00	281.17	0.0035566	618.11	903.71	3.2029	2.0751	3.1224	1034.5	-0.030664	3.6831e-05	0.11108	supercritical
363.69	803.00	280.60	0.0035638	620.66	906.83	3.2115	2.0776	3.1237	1033.3	-0.030575	3.6745e-05	0.11097	supercritical
364.69	803.00	280.04	0.0035709	623.21	909.96	3.2201	2.0800	3.1250	1032.0	-0.030487	3.6660e-05	0.11087	supercritical
365.69	803.00	279.48	0.0035781	625.76	913.08	3.2287	2.0825	3.1264	1030.8	-0.030399	3.6576e-05	0.11076	supercritical
366.69	803.00	278.92	0.0035853	628.31	916.21	3.2372	2.0850	3.1277	1029.6	-0.030312	3.6493e-05	0.11066	supercritical
367.69	803.00	278.36	0.0035925	630.86	919.34	3.2457	2.0875	3.1290	1028.4	-0.030225	3.6411e-05	0.11056	supercritical
368.69	803.00	277.80	0.0035997	633.41	922.47	3.2542	2.0900	3.1304	1027.2	-0.030139	3.6330e-05	0.11046	supercritical
369.69	803.00	277.24	0.0036069	635.96	925.60	3.2627	2.0925	3.1317	1026.0	-0.030054	3.6249e-05	0.11037	supercritical
370.69	803.00	276.69	0.0036141	638.52	928.73	3.2712	2.0951	3.1331	1024.9	-0.029969	3.6169e-05	0.11028	supercritical
371.69	803.00	276.14	0.0036214	641.07	931.87	3.2796	2.0976	3.1345	1023.7	-0.029885	3.6090e-05	0.11018	supercritical
372.69	803.00	275.59	0.0036286	643.63	935.00	3.2881	2.1002	3.1359	1022.5	-0.029801	3.6012e-05	0.11010	supercritical
373.69	803.00	275.04	0.0036358	646.18	938.14	3.2965	2.1028	3.1373	1021.4	-0.029719	3.5934e-05	0.11001	supercritical
374.69	803.00	274.50	0.0036430	648.74	941.27	3.3048	2.1053	3.1387	1020.3	-0.029636	3.5858e-05	0.10992	supercritical
375.69	803.00	273.95	0.0036503	651.30	944.41	3.3132	2.1079	3.1401	1019.1	-0.029555	3.5782e-05	0.10984	supercritical
376.69	803.00	273.41	0.0036575	653.85	947.55	3.3216	2.1106	3.1415	1018.0	-0.029474	3.5706e-05	0.10976	supercritical
377.69	803.00	272.87	0.0036648	656.41	950.70	3.3299	2.1132	3.1430	1016.9	-0.029393	3.5632e-05	0.10968	supercritical
378.69	803.00	272.33	0.0036721	658.98	953.84	3.3382	2.1158	3.1444	1015.8	-0.029314	3.5558e-05	0.10961	supercritical
379.69	803.00	271.79	0.0036793	661.54	956.99	3.3465	2.1185	3.1459	1014.8	-0.029235	3.5485e-05	0.10953	supercritical
380.69	803.00	271.25	0.0036866	664.10	960.13	3.3548	2.1211	3.1473	1013.7	-0.029156	3.5413e-05	0.10946	supercritical
381.69	803.00	270.72	0.0036939	666.66	963.28	3.3630	2.1238	3.1488	1012.6	-0.029078	3.5341e-05	0.10939	supercritical
382.69	803.00	270.19	0.0037011	669.23	966.43	3.3713	2.1265	3.1503	1011.6	-0.029001	3.5271e-05	0.10932	supercritical
383.69	803.00	269.66	0.0037084	671.79	969.58	3.3795	2.1292	3.1518	1010.5	-0.028925	3.5200e-05	0.10925	supercritical
384.69	803.00	269.13	0.0037157	674.36	972.73	3.3877	2.1319	3.1533	1009.5	-0.028849	3.5131e-05	0.10918	supercritical
385.69	803.00	268.60	0.0037230	676.93	975.89	3.3959	2.1346	3.1548	1008.5	-0.028773	3.5062e-05	0.10912	supercritical
386.69	803.00	268.07	0.0037303	679.50	979.04	3.4041	2.1373	3.1563	1007.5	-0.028699	3.4994e-05	0.10906	supercritical
387.69	803.00	267.55	0.0037376	682.07	982.20	3.4122	2.1401	3.1579	1006.5	-0.028625	3.4927e-05	0.10900	supercritical
388.69	803.00	267.03	0.0037449	684.64	985.36	3.4204	2.1428	3.1594	1005.5	-0.028551	3.4860e-05	0.10894	supercritical
389.69	803.00	266.51	0.0037523	687.21	988.52	3.4285	2.1456	3.1610	1004.5	-0.028479	3.4794e-05	0.10889	supercritical
390.69	803.00	265.99	0.0037596	689.79	991.68	3.4366	2.1484	3.1625	1003.5	-0.028406	3.4729e-05	0.10883	supercritical
391.69	803.00	265.47	0.0037669	692.36	994.84	3.4447	2.1512	3.1641	1002.5	-0.028335	3.4664e-05	0.10878	supercritical
392.69	803.00	264.95	0.0037742	694.94	998.01	3.4527	2.1539	3.1657	1001.6	-0.028264	3.4600e-05	0.10873	supercritical
393.69	803.00	264.44	0.0037816	697.52	1001.2	3.4608	2.1567	3.1672	1000.6	-0.028194	3.4537e-05	0.10868	supercritical
394.69	803.00	263.93	0.0037889	700.09	1004.3	3.4688	2.1596	3.1688	999.69	-0.028124	3.4474e-05	0.10863	supercritical
395.69	803.00	263.42	0.0037963	702.67	1007.5	3.4768	2.1624	3.1704	998.76	-0.028055	3.4412e-05	0.10859	supercritical
396.69	803.00	262.91	0.0038036	705.26	1010.7	3.4848	2.1652	3.1721	997.84	-0.027987	3.4350e-05	0.10854	supercritical
397.69	803.00	262.40	0.0038110	707.84	1013.9	3.4928	2.1680	3.1737	996.92	-0.027919	3.4289e-05	0.10850	supercritical
398.69	803.00	261.90	0.0038183	710.42	1017.0	3.5008	2.1709	3.1753	996.02	-0.027852	3.4229e-05	0.10846	supercritical
399.69	803.00	261.39	0.0038257	713.01	1020.2	3.5088	2.1738	3.1769	995.12	-0.027785	3.4169e-05	0.10842	supercritical
400.69	803.00	260.89	0.0038330	715.59	1023.4	3.5167	2.1766	3.1786	994.24	-0.027719	3.4110e-05	0.10838	supercritical
401.69	803.00	260.39	0.0038404	718.18	1026.6	3.5246	2.1795	3.1802	993.36	-0.027654	3.4051e-05	0.10835	supercritical
402.69	803.00	259.89	0.0038478	720.77	1029.7	3.5325	2.1824	3.1819	992.49	-0.027589	3.3993e-05	0.10831	supercritical
403.69	803.00	259.39	0.0038552	723.36	1032.9	3.5404	2.1853	3.1836	991.63	-0.027525	3.3936e-05	0.10828	supercritical
404.69	803.00	258.90	0.0038625	725.95	1036.1	3.5483	2.1882	3.1853	990.77	-0.027462	3.3879e-05	0.10825	supercritical
405.69	803.00	258.40	0.0038699	728.55	1039.3	3.5562	2.1911	3.1870	989.93	-0.027399	3.3823e-05	0.10822	supercritical
406.69	803.00	257.91	0.0038773	731.14	1042.5	3.5640	2.1940	3.1887	989.09	-0.027336	3.3768e-05	0.10819	supercritical
407.69	803.00	257.42	0.0038847	733.74	1045.7	3.5719	2.1970	3.1904	988.26	-0.027275	3.3712e-05	0.10817	supercritical
408.69	803.00	256.93	0.0038921	736.33	1048.9	3.5797	2.1999	3.1921	987.44	-0.027214	3.3658e-05	0.10814	supercritical
409.69	803.00	256.44	0.0038995	738.93	1052.1	3.5875	2.2028	3.1938	986.63	-0.027153	3.3604e-05	0.10812	supercritical
410.69	803.00	255.96	0.0039069	741.53	1055.3	3.5953	2.2058	3.1955	985.83	-0.027093	3.3551e-05	0.10810	supercritical
411.69	803.00	255.47	0.0039143	744.13	1058.5	3.6030	2.2088	3.1973	985.03	-0.027034	3.3498e-05	0.10808	supercritical
412.69	803.00	254.99	0.0039217	746.74	1061.7	3.6108	2.2117	3.1990	984.25	-0.026975	3.3445e-05	0.10806	supercritical
413.69	803.00	254.51	0.0039291	749.34	1064.9	3.6185	2.2147	3.2008	983.47	-0.026917	3.3394e-05	0.10805	supercritical
414.69	803.00	254.03	0.0039365	751.95	1068.1	3.6263	2.2177	3.2025	982.69	-0.026860	3.3342e-05	0.10803	supercritical
415.69	803.00	253.55	0.0039440	754.55	1071.3	3.6340	2.2207	3.2043	981.93	-0.026803	3.3292e-05	0.10802	supercritical
416.69	803.00	253.08	0.0039514	757.16	1074.5	3.6417	2.2237	3.2061	981.17	-0.026746	3.3241e-05	0.10800	supercritical
417.69	803.00	252.60	0.0039588	759.77	1077.7	3.6494	2.2267	3.2079	980.42	-0.026690	3.3192e-05	0.10799	supercritical
418.69	803.00	252.13	0.0039662	762.39	1080.9	3.6570	2.2297	3.2097	979.68	-0.026635	3.3142e-05	0.10798	supercritical
419.69	803.00	251.66	0.0039737	765.00	1084.1	3.6647	2.2328	3.2115	978.95	-0.026581	3.3094e-05	0.10798	supercritical
420.69	803.00	251.19	0.0039811	767.62	1087.3	3.6723	2.2358	3.2133	978.22	-0.026527	3.3046e-05	0.10797	supercritical
421.69	803.00	250.72	0.0039886	770.23	1090.5	3.6800	2.2388	3.2151	977.50	-0.026473	3.2998e-05	0.10796	supercritical
422.69	803.00	250.25	0.0039960	772.85	1093.7	3.6876	2.2419	3.2169	976.79	-0.026420	3.2951e-05	0.10796	supercritical
423.69	803.00	249.79	0.0040034	775.47	1096.9	3.6952	2.2449	3.2188	976.09	-0.026368	3.2904e-05	0.10796	supercritical
424.69	803.00	249.32	0.0040109	778.09	1100.2	3.7028	2.2480	3.2206	975.39	-0.026316	3.2858e-05	0.10796	supercritical
425.69	803.00	248.86	0.0040183	780.72	1103.4	3.7104	2.2511	3.2225	974.70	-0.026265	3.2812e-05	0.10796	supercritical
426.69	803.00	248.40	0.0040258	783.34	1106.6	3.7179	2.2541	3.2243	974.02	-0.026214	3.2767e-05	0.10796	supercritical
427.69	803.00	247.94	0.0040332	785.97	1109.8	3.7255	2.2572	3.2262	973.34	-0.026164	3.2722e-05	0.10796	supercritical
428.69	803.00	247.48	0.0040407	788.60	1113.1	3.7330	2.2603	3.2281	972.67	-0.026114	3.2677e-05	0.10797	supercritical
429.69	803.00	247.03	0.0040482	791.23	1116.3	3.7405	2.2634	3.2300	972.01	-0.026065	3.2634e-05	0.10797	supercritical
430.69	803.00	246.57	0.0040556	793.86	1119.5	3.7481	2.2665	3.2318	971.36	-0.026017	3.2590e-05	0.10798	supercritical
431.69	803.00	246.12	0.0040631	796.49	1122.8	3.7555	2.2696	3.2337	970.71	-0.025969	3.2547e-05	0.10799	supercritical
432.69	803.00	245.67	0.0040706	799.13	1126.0	3.7630	2.2727	3.2356	970.07	-0.025921	3.2505e-05	0.10800	supercritical
433.69	803.00	245.22	0.0040780	801.76	1129.2	3.7705	2.2758	3.2376	969.44	-0.025875	3.2462e-05	0.10801	supercritical
434.69	803.00	244.77	0.0040855	804.40	1132.5	3.7780	2.2790	3.2395	968.81	-0.025828	3.2421e-05	0.10802	supercritical
435.69	803.00	244.32	0.0040930	807.04	1135.7	3.7854	2.2821	3.2414	968.19	-0.025782	3.2380e-05	0.10804	supercritical
436.69	803.00	243.88	0.0041005	809.68	1138.9	3.7928	2.2852	3.2433	967.58	-0.025737	3.2339e-05	0.10805	supercritical
437.69	803.00	243.43	0.0041079	812.33	1142.2	3.8003	2.2884	3.2453	966.97	-0.025692	3.2298e-05	0.10807	supercritical
438.69	803.00	242.99	0.0041154	814.97	1145.4	3.8077	2.2915	3.2472	966.37	-0.025648	3.2259e-05	0.10808	supercritical
439.69	803.00	242.55	0.0041229	817.62	1148.7	3.8151	2.2947	3.2492	965.77	-0.025604	3.2219e-05	0.10810	supercritical
440.69	803.00	242.11	0.0041304	820.27	1151.9	3.8225	2.2978	3.2511	965.19	-0.025561	3.2180e-05	0.10812	supercritical
441.69	803.00	241.67	0.0041379	822.92	1155.2	3.8298	2.3010	3.2531	964.61	-0.025518	3.2141e-05	0.10814	supercritical
442.69	803.00	241.23	0.0041454	825.57	1158.4	3.8372	2.3042	3.2551	964.03	-0.025476	3.2103e-05	0.10817	supercritical
443.69	803.00	240.80	0.0041529	828.23	1161.7	3.8445	2.3073	3.2571	963.46	-0.025435	3.2065e-05	0.10819	supercritical
444.69	803.00	240.36	0.0041603	830.88	1165.0	3.8519	2.3105	3.2591	962.90	-0.025393	3.2028e-05	0.10821	supercritical
445.69	803.00	239.93	0.0041678	833.54	1168.2	3.8592	2.3137	3.2611	962.35	-0.025353	3.1991e-05	0.10824	supercritical
446.69	803.00	239.50	0.0041753	836.20	1171.5	3.8665	2.3169	3.2631	961.80	-0.025312	3.1954e-05	0.10827	supercritical
447.69	803.00	239.07	0.0041828	838.86	1174.7	3.8738	2.3201	3.2651	961.25	-0.025273	3.1918e-05	0.10829	supercritical
448.69	803.00	238.64	0.0041903	841.53	1178.0	3.8811	2.3233	3.2671	960.72	-0.025234	3.1882e-05	0.10832	supercritical
449.69	803.00	238.22	0.0041978	844.19	1181.3	3.8884	2.3265	3.2691	960.18	-0.025195	3.1846e-05	0.10835	supercritical
450.69	803.00	237.79	0.0042053	846.86	1184.5	3.8956	2.3297	3.2712	959.66	-0.025156	3.1811e-05	0.10839	supercritical
451.69	803.00	237.37	0.0042129	849.53	1187.8	3.9029	2.3329	3.2732	959.14	-0.025119	3.1776e-05	0.10842	supercritical
452.69	803.00	236.95	0.0042204	852.20	1191.1	3.9101	2.3361	3.2752	958.63	-0.025081	3.1742e-05	0.10845	supercritical
453.69	803.00	236.53	0.0042279	854.87	1194.4	3.9173	2.3393	3.2773	958.12	-0.025045	3.1708e-05	0.10849	supercritical
454.69	803.00	236.11	0.0042354	857.55	1197.7	3.9246	2.3426	3.2794	957.62	-0.025008	3.1675e-05	0.10852	supercritical
455.69	803.00	235.69	0.0042429	860.23	1200.9	3.9318	2.3458	3.2814	957.12	-0.024972	3.1641e-05	0.10856	supercritical
456.69	803.00	235.27	0.0042504	862.91	1204.2	3.9390	2.3490	3.2835	956.63	-0.024937	3.1608e-05	0.10860	supercritical
457.69	803.00	234.86	0.0042579	865.59	1207.5	3.9461	2.3523	3.2856	956.15	-0.024902	3.1576e-05	0.10864	supercritical
458.69	803.00	234.44	0.0042654	868.27	1210.8	3.9533	2.3555	3.2877	955.67	-0.024867	3.1544e-05	0.10868	supercritical
459.69	803.00	234.03	0.0042730	870.96	1214.1	3.9605	2.3588	3.2897	955.20	-0.024833	3.1512e-05	0.10872	supercritical
460.69	803.00	233.62	0.0042805	873.64	1217.4	3.9676	2.3620	3.2918	954.73	-0.024800	3.1480e-05	0.10876	supercritical
461.69	803.00	233.21	0.0042880	876.33	1220.7	3.9748	2.3653	3.2939	954.27	-0.024766	3.1449e-05	0.10881	supercritical
462.69	803.00	232.80	0.0042955	879.02	1224.0	3.9819	2.3686	3.2961	953.81	-0.024734	3.1419e-05	0.10885	supercritical
463.69	803.00	232.39	0.0043030	881.72	1227.2	3.9890	2.3718	3.2982	953.36	-0.024701	3.1388e-05	0.10890	supercritical
464.69	803.00	231.99	0.0043106	884.41	1230.5	3.9961	2.3751	3.3003	952.91	-0.024669	3.1358e-05	0.10894	supercritical
465.69	803.00	231.58	0.0043181	887.11	1233.8	4.0032	2.3784	3.3024	952.47	-0.024638	3.1328e-05	0.10899	supercritical
466.69	803.00	231.18	0.0043256	889.81	1237.2	4.0103	2.3816	3.3046	952.04	-0.024607	3.1299e-05	0.10904	supercritical
467.69	803.00	230.78	0.0043331	892.51	1240.5	4.0174	2.3849	3.3067	951.61	-0.024576	3.1270e-05	0.10909	supercritical
468.69	803.00	230.38	0.0043407	895.21	1243.8	4.0245	2.3882	3.3088	951.18	-0.024546	3.1241e-05	0.10914	supercritical
469.69	803.00	229.98	0.0043482	897.92	1247.1	4.0315	2.3915	3.3110	950.76	-0.024516	3.1213e-05	0.10919	supercritical
470.69	803.00	229.58	0.0043557	900.62	1250.4	4.0386	2.3948	3.3132	950.35	-0.024487	3.1184e-05	0.10925	supercritical
471.69	803.00	229.19	0.0043633	903.33	1253.7	4.0456	2.3981	3.3153	949.94	-0.024458	3.1157e-05	0.10930	supercritical
472.69	803.00	228.79	0.0043708	906.05	1257.0	4.0526	2.4014	3.3175	949.54	-0.024429	3.1129e-05	0.10935	supercritical
473.69	803.00	228.40	0.0043783	908.76	1260.3	4.0596	2.4047	3.3197	949.14	-0.024401	3.1102e-05	0.10941	supercritical
474.69	803.00	228.01	0.0043858	911.47	1263.7	4.0666	2.4080	3.3219	948.74	-0.024373	3.1075e-05	0.10947	supercritical
475.69	803.00	227.61	0.0043934	914.19	1267.0	4.0736	2.4113	3.3240	948.35	-0.024346	3.1049e-05	0.10952	supercritical
476.69	803.00	227.23	0.0044009	916.91	1270.3	4.0806	2.4146	3.3262	947.97	-0.024319	3.1022e-05	0.10958	supercritical
477.69	803.00	226.84	0.0044085	919.64	1273.6	4.0876	2.4179	3.3284	947.59	-0.024293	3.0996e-05	0.10964	supercritical
478.69	803.00	226.45	0.0044160	922.36	1277.0	4.0945	2.4212	3.3306	947.22	-0.024266	3.0971e-05	0.10970	supercritical
479.69	803.00	226.06	0.0044235	925.09	1280.3	4.1015	2.4245	3.3329	946.85	-0.024241	3.0945e-05	0.10976	supercritical
480.69	803.00	225.68	0.0044311	927.81	1283.6	4.1084	2.4279	3.3351	946.48	-0.024215	3.0920e-05	0.10983	supercritical
481.69	803.00	225.30	0.0044386	930.55	1287.0	4.1154	2.4312	3.3373	946.12	-0.024190	3.0896e-05	0.10989	supercritical
482.69	803.00	224.91	0.0044461	933.28	1290.3	4.1223	2.4345	3.3395	945.77	-0.024165	3.0871e-05	0.10995	supercritical
483.69	803.00	224.53	0.0044537	936.01	1293.6	4.1292	2.4379	3.3418	945.41	-0.024141	3.0847e-05	0.11002	supercritical
484.69	803.00	224.15	0.0044612	938.75	1297.0	4.1361	2.4412	3.3440	945.07	-0.024117	3.0823e-05	0.11008	supercritical
485.69	803.00	223.78	0.0044688	941.49	1300.3	4.1430	2.4445	3.3462	944.73	-0.024094	3.0800e-05	0.11015	supercritical
486.69	803.00	223.40	0.0044763	944.23	1303.7	4.1499	2.4479	3.3485	944.39	-0.024070	3.0776e-05	0.11022	supercritical
487.69	803.00	223.02	0.0044838	946.98	1307.0	4.1568	2.4512	3.3508	944.06	-0.024048	3.0753e-05	0.11029	supercritical
488.69	803.00	222.65	0.0044914	949.72	1310.4	4.1636	2.4545	3.3530	943.73	-0.024025	3.0730e-05	0.11036	supercritical
489.69	803.00	222.28	0.0044989	952.47	1313.7	4.1705	2.4579	3.3553	943.41	-0.024003	3.0708e-05	0.11043	supercritical
490.69	803.00	221.90	0.0045065	955.22	1317.1	4.1773	2.4612	3.3576	943.09	-0.023981	3.0686e-05	0.11050	supercritical
491.69	803.00	221.53	0.0045140	957.98	1320.5	4.1842	2.4646	3.3598	942.77	-0.023960	3.0664e-05	0.11057	supercritical
492.69	803.00	221.16	0.0045216	960.73	1323.8	4.1910	2.4679	3.3621	942.46	-0.023939	3.0642e-05	0.11064	supercritical
493.69	803.00	220.79	0.0045291	963.49	1327.2	4.1978	2.4713	3.3644	942.15	-0.023918	3.0621e-05	0.11072	supercritical
494.69	803.00	220.43	0.0045366	966.25	1330.5	4.2046	2.4747	3.3667	941.85	-0.023897	3.0599e-05	0.11079	supercritical
495.69	803.00	220.06	0.0045442	969.01	1333.9	4.2114	2.4780	3.3690	941.55	-0.023877	3.0579e-05	0.11087	supercritical
496.69	803.00	219.70	0.0045517	971.77	1337.3	4.2182	2.4814	3.3713	941.26	-0.023857	3.0558e-05	0.11094	supercritical
497.69	803.00	219.33	0.0045593	974.54	1340.7	4.2250	2.4847	3.3736	940.97	-0.023838	3.0538e-05	0.11102	supercritical
498.69	803.00	218.97	0.0045668	977.31	1344.0	4.2318	2.4881	3.3759	940.69	-0.023819	3.0517e-05	0.11110	supercritical
499.69	803.00	218.61	0.0045744	980.08	1347.4	4.2385	2.4915	3.3782	940.41	-0.023800	3.0498e-05	0.11117	supercritical
500.69	803.00	218.25	0.0045819	982.85	1350.8	4.2453	2.4949	3.3805	940.13	-0.023782	3.0478e-05	0.11125	supercritical
501.69	803.00	217.89	0.0045895	985.63	1354.2	4.2520	2.4982	3.3829	939.86	-0.023763	3.0459e-05	0.11133	supercritical
502.69	803.00	217.53	0.0045970	988.41	1357.5	4.2588	2.5016	3.3852	939.59	-0.023745	3.0439e-05	0.11142	supercritical
503.69	803.00	217.18	0.0046046	991.19	1360.9	4.2655	2.5050	3.3875	939.32	-0.023728	3.0420e-05	0.11150	supercritical
504.69	803.00	216.82	0.0046121	993.97	1364.3	4.2722	2.5084	3.3899	939.06	-0.023711	3.0402e-05	0.11158	supercritical
505.69	803.00	216.47	0.0046196	996.76	1367.7	4.2789	2.5117	3.3922	938.80	-0.023694	3.0383e-05	0.11166	supercritical
506.69	803.00	216.11	0.0046272	999.54	1371.1	4.2856	2.5151	3.3946	938.55	-0.023677	3.0365e-05	0.11175	supercritical
507.69	803.00	215.76	0.0046347	1002.3	1374.5	4.2923	2.5185	3.3969	938.30	-0.023661	3.0347e-05	0.11183	supercritical
508.69	803.00	215.41	0.0046423	1005.1	1377.9	4.2990	2.5219	3.3993	938.05	-0.023645	3.0330e-05	0.11192	supercritical
509.69	803.00	215.06	0.0046498	1007.9	1381.3	4.3057	2.5253	3.4017	937.81	-0.023629	3.0312e-05	0.11200	supercritical
510.69	803.00	214.71	0.0046574	1010.7	1384.7	4.3124	2.5287	3.4040	937.57	-0.023613	3.0295e-05	0.11209	supercritical
511.69	803.00	214.37	0.0046649	1013.5	1388.1	4.3190	2.5320	3.4064	937.34	-0.023598	3.0278e-05	0.11218	supercritical
512.69	803.00	214.02	0.0046725	1016.3	1391.5	4.3257	2.5354	3.4088	937.11	-0.023583	3.0261e-05	0.11227	supercritical
513.69	803.00	213.67	0.0046800	1019.1	1394.9	4.3323	2.5388	3.4112	936.88	-0.023568	3.0245e-05	0.11236	supercritical
514.69	803.00	213.33	0.0046876	1021.9	1398.3	4.3390	2.5422	3.4136	936.66	-0.023554	3.0228e-05	0.11245	supercritical
515.69	803.00	212.99	0.0046951	1024.7	1401.8	4.3456	2.5456	3.4159	936.44	-0.023540	3.0212e-05	0.11254	supercritical
516.69	803.00	212.65	0.0047026	1027.5	1405.2	4.3522	2.5490	3.4183	936.22	-0.023526	3.0196e-05	0.11263	supercritical
517.69	803.00	212.31	0.0047102	1030.4	1408.6	4.3588	2.5524	3.4207	936.01	-0.023512	3.0181e-05	0.11272	supercritical
518.69	803.00	211.97	0.0047177	1033.2	1412.0	4.3654	2.5558	3.4231	935.80	-0.023499	3.0165e-05	0.11281	supercritical
519.69	803.00	211.63	0.0047253	1036.0	1415.4	4.3720	2.5592	3.4256	935.60	-0.023486	3.0150e-05	0.11291	supercritical
520.69	803.00	211.29	0.0047328	1038.8	1418.9	4.3786	2.5626	3.4280	935.40	-0.023473	3.0135e-05	0.11300	supercritical
521.69	803.00	210.95	0.0047404	1041.6	1422.3	4.3852	2.5660	3.4304	935.20	-0.023461	3.0120e-05	0.11310	supercritical
522.69	803.00	210.62	0.0047479	1044.5	1425.7	4.3918	2.5694	3.4328	935.00	-0.023448	3.0105e-05	0.11319	supercritical
523.69	803.00	210.28	0.0047555	1047.3	1429.2	4.3983	2.5728	3.4352	934.81	-0.023436	3.0091e-05	0.11329	supercritical
524.69	803.00	209.95	0.0047630	1050.1	1432.6	4.4049	2.5762	3.4377	934.62	-0.023425	3.0077e-05	0.11339	supercritical
525.69	803.00	209.62	0.0047705	1053.0	1436.0	4.4114	2.5796	3.4401	934.44	-0.023413	3.0063e-05	0.11348	supercritical
526.69	803.00	209.29	0.0047781	1055.8	1439.5	4.4180	2.5830	3.4425	934.25	-0.023402	3.0049e-05	0.11358	supercritical
527.69	803.00	208.96	0.0047856	1058.6	1442.9	4.4245	2.5864	3.4450	934.08	-0.023391	3.0035e-05	0.11368	supercritical
528.69	803.00	208.63	0.0047932	1061.5	1446.4	4.4310	2.5899	3.4474	933.90	-0.023380	3.0022e-05	0.11378	supercritical
529.69	803.00	208.30	0.0048007	1064.3	1449.8	4.4376	2.5933	3.4499	933.73	-0.023369	3.0009e-05	0.11388	supercritical
530.69	803.00	207.98	0.0048083	1067.2	1453.3	4.4441	2.5967	3.4523	933.56	-0.023359	2.9996e-05	0.11398	supercritical
531.69	803.00	207.65	0.0048158	1070.0	1456.7	4.4506	2.6001	3.4548	933.40	-0.023349	2.9983e-05	0.11408	supercritical
532.69	803.00	207.33	0.0048233	1072.9	1460.2	4.4571	2.6035	3.4572	933.23	-0.023339	2.9970e-05	0.11419	supercritical
533.69	803.00	207.00	0.0048309	1075.7	1463.6	4.4635	2.6069	3.4597	933.07	-0.023329	2.9958e-05	0.11429	supercritical
534.69	803.00	206.68	0.0048384	1078.6	1467.1	4.4700	2.6103	3.4622	932.92	-0.023320	2.9946e-05	0.11439	supercritical
535.69	803.00	206.36	0.0048459	1081.4	1470.6	4.4765	2.6137	3.4646	932.76	-0.023310	2.9934e-05	0.11450	supercritical
536.69	803.00	206.04	0.0048535	1084.3	1474.0	4.4830	2.6172	3.4671	932.62	-0.023301	2.9922e-05	0.11460	supercritical
537.69	803.00	205.72	0.0048610	1087.2	1477.5	4.4894	2.6206	3.4696	932.47	-0.023293	2.9910e-05	0.11471	supercritical
538.69	803.00	205.40	0.0048686	1090.0	1481.0	4.4959	2.6240	3.4721	932.32	-0.023284	2.9899e-05	0.11481	supercritical
539.69	803.00	205.08	0.0048761	1092.9	1484.4	4.5023	2.6274	3.4746	932.18	-0.023276	2.9887e-05	0.11492	supercritical
540.69	803.00	204.77	0.0048836	1095.8	1487.9	4.5087	2.6308	3.4771	932.05	-0.023267	2.9876e-05	0.11503	supercritical
541.69	803.00	204.45	0.0048912	1098.6	1491.4	4.5152	2.6342	3.4795	931.91	-0.023259	2.9865e-05	0.11514	supercritical
542.69	803.00	204.14	0.0048987	1101.5	1494.9	4.5216	2.6377	3.4820	931.78	-0.023252	2.9854e-05	0.11524	supercritical
543.69	803.00	203.82	0.0049062	1104.4	1498.4	4.5280	2.6411	3.4845	931.65	-0.023244	2.9844e-05	0.11535	supercritical
544.69	803.00	203.51	0.0049138	1107.3	1501.8	4.5344	2.6445	3.4870	931.52	-0.023237	2.9833e-05	0.11546	supercritical
545.69	803.00	203.20	0.0049213	1110.1	1505.3	4.5408	2.6479	3.4896	931.40	-0.023229	2.9823e-05	0.11557	supercritical
546.69	803.00	202.89	0.0049288	1113.0	1508.8	4.5472	2.6513	3.4921	931.28	-0.023222	2.9813e-05	0.11568	supercritical
547.69	803.00	202.58	0.0049364	1115.9	1512.3	4.5536	2.6548	3.4946	931.16	-0.023216	2.9803e-05	0.11580	supercritical
548.69	803.00	202.27	0.0049439	1118.8	1515.8	4.5600	2.6582	3.4971	931.05	-0.023209	2.9793e-05	0.11591	supercritical
549.69	803.00	201.96	0.0049514	1121.7	1519.3	4.5663	2.6616	3.4996	930.93	-0.023203	2.9784e-05	0.11602	supercritical
550.69	803.00	201.66	0.0049590	1124.6	1522.8	4.5727	2.6650	3.5021	930.83	-0.023196	2.9774e-05	0.11613	supercritical
551.69	803.00	201.35	0.0049665	1127.5	1526.3	4.5790	2.6684	3.5047	930.72	-0.023190	2.9765e-05	0.11625	supercritical
552.69	803.00	201.04	0.0049740	1130.4	1529.8	4.5854	2.6719	3.5072	930.61	-0.023184	2.9756e-05	0.11636	supercritical
553.69	803.00	200.74	0.0049816	1133.3	1533.3	4.5917	2.6753	3.5097	930.51	-0.023179	2.9747e-05	0.11648	supercritical
554.69	803.00	200.44	0.0049891	1136.2	1536.8	4.5981	2.6787	3.5123	930.41	-0.023173	2.9738e-05	0.11659	supercritical
555.69	803.00	200.14	0.0049966	1139.1	1540.3	4.6044	2.6821	3.5148	930.32	-0.023168	2.9730e-05	0.11671	supercritical
556.69	803.00	199.83	0.0050041	1142.0	1543.9	4.6107	2.6855	3.5174	930.23	-0.023163	2.9721e-05	0.11683	supercritical
557.69	803.00	199.53	0.0050117	1144.9	1547.4	4.6170	2.6890	3.5199	930.13	-0.023158	2.9713e-05	0.11694	supercritical
558.69	803.00	199.24	0.0050192	1147.9	1550.9	4.6233	2.6924	3.5224	930.05	-0.023153	2.9705e-05	0.11706	supercritical
559.69	803.00	198.94	0.0050267	1150.8	1554.4	4.6296	2.6958	3.5250	929.96	-0.023148	2.9697e-05	0.11718	supercritical
560.69	803.00	198.64	0.0050342	1153.7	1558.0	4.6359	2.6992	3.5276	929.88	-0.023144	2.9689e-05	0.11730	supercritical
561.69	803.00	198.34	0.0050417	1156.6	1561.5	4.6422	2.7026	3.5301	929.80	-0.023139	2.9682e-05	0.11742	supercritical
562.69	803.00	198.05	0.0050493	1159.6	1565.0	4.6485	2.7061	3.5327	929.72	-0.023135	2.9674e-05	0.11754	supercritical
563.69	803.00	197.75	0.0050568	1162.5	1568.5	4.6548	2.7095	3.5352	929.64	-0.023131	2.9667e-05	0.11766	supercritical
564.69	803.00	197.46	0.0050643	1165.4	1572.1	4.6611	2.7129	3.5378	929.57	-0.023127	2.9659e-05	0.11778	supercritical
565.69	803.00	197.17	0.0050718	1168.4	1575.6	4.6673	2.7163	3.5404	929.50	-0.023124	2.9652e-05	0.11790	supercritical
566.69	803.00	196.88	0.0050793	1171.3	1579.2	4.6736	2.7198	3.5429	929.43	-0.023120	2.9645e-05	0.11803	supercritical
567.69	803.00	196.58	0.0050869	1174.2	1582.7	4.6798	2.7232	3.5455	929.37	-0.023117	2.9639e-05	0.11815	supercritical
568.69	803.00	196.29	0.0050944	1177.2	1586.3	4.6861	2.7266	3.5481	929.30	-0.023113	2.9632e-05	0.11827	supercritical
569.69	803.00	196.01	0.0051019	1180.1	1589.8	4.6923	2.7300	3.5507	929.24	-0.023110	2.9626e-05	0.11840	supercritical
570.69	803.00	195.72	0.0051094	1183.1	1593.4	4.6985	2.7334	3.5533	929.18	-0.023107	2.9619e-05	0.11852	supercritical
571.69	803.00	195.43	0.0051169	1186.0	1596.9	4.7047	2.7369	3.5558	929.13	-0.023105	2.9613e-05	0.11864	supercritical
572.69	803.00	195.14	0.0051244	1189.0	1600.5	4.7110	2.7403	3.5584	929.07	-0.023102	2.9607e-05	0.11877	supercritical
573.69	803.00	194.86	0.0051320	1191.9	1604.0	4.7172	2.7437	3.5610	929.02	-0.023099	2.9601e-05	0.11890	supercritical
574.69	803.00	194.57	0.0051395	1194.9	1607.6	4.7234	2.7471	3.5636	928.97	-0.023097	2.9595e-05	0.11902	supercritical
575.69	803.00	194.29	0.0051470	1197.9	1611.2	4.7296	2.7505	3.5662	928.92	-0.023095	2.9590e-05	0.11915	supercritical
576.69	803.00	194.01	0.0051545	1200.8	1614.7	4.7358	2.7539	3.5688	928.88	-0.023093	2.9584e-05	0.11928	supercritical
577.69	803.00	193.72	0.0051620	1203.8	1618.3	4.7420	2.7574	3.5714	928.83	-0.023091	2.9579e-05	0.11940	supercritical
578.69	803.00	193.44	0.0051695	1206.8	1621.9	4.7481	2.7608	3.5740	928.79	-0.023089	2.9574e-05	0.11953	supercritical
579.69	803.00	193.16	0.0051770	1209.7	1625.4	4.7543	2.7642	3.5766	928.76	-0.023087	2.9569e-05	0.11966	supercritical
580.69	803.00	192.88	0.0051845	1212.7	1629.0	4.7605	2.7676	3.5792	928.72	-0.023085	2.9564e-05	0.11979	supercritical
581.69	803.00	192.60	0.0051920	1215.7	1632.6	4.7666	2.7710	3.5818	928.68	-0.023084	2.9559e-05	0.11992	supercritical
582.69	803.00	192.33	0.0051995	1218.7	1636.2	4.7728	2.7744	3.5844	928.65	-0.023082	2.9554e-05	0.12005	supercritical
583.69	803.00	192.05	0.0052070	1221.6	1639.8	4.7789	2.7779	3.5871	928.62	-0.023081	2.9550e-05	0.12018	supercritical
584.69	803.00	191.77	0.0052145	1224.6	1643.4	4.7851	2.7813	3.5897	928.59	-0.023080	2.9545e-05	0.12031	supercritical
585.69	803.00	191.50	0.0052220	1227.6	1647.0	4.7912	2.7847	3.5923	928.57	-0.023079	2.9541e-05	0.12044	supercritical
586.69	803.00	191.22	0.0052295	1230.6	1650.5	4.7973	2.7881	3.5949	928.55	-0.023078	2.9537e-05	0.12058	supercritical
587.69	803.00	190.95	0.0052370	1233.6	1654.1	4.8035	2.7915	3.5975	928.52	-0.023077	2.9533e-05	0.12071	supercritical
588.69	803.00	190.68	0.0052445	1236.6	1657.7	4.8096	2.7949	3.6002	928.50	-0.023077	2.9529e-05	0.12084	supercritical
589.69	803.00	190.40	0.0052520	1239.6	1661.3	4.8157	2.7983	3.6028	928.49	-0.023076	2.9525e-05	0.12098	supercritical
590.69	803.00	190.13	0.0052595	1242.6	1664.9	4.8218	2.8017	3.6054	928.47	-0.023076	2.9521e-05	0.12111	supercritical
591.69	803.00	189.86	0.0052670	1245.6	1668.6	4.8279	2.8052	3.6081	928.46	-0.023076	2.9518e-05	0.12124	supercritical
592.69	803.00	189.59	0.0052745	1248.6	1672.2	4.8340	2.8086	3.6107	928.45	-0.023075	2.9514e-05	0.12138	supercritical
593.69	803.00	189.32	0.0052820	1251.6	1675.8	4.8401	2.8120	3.6133	928.44	-0.023075	2.9511e-05	0.12151	supercritical
594.69	803.00	189.05	0.0052895	1254.6	1679.4	4.8462	2.8154	3.6160	928.43	-0.023075	2.9508e-05	0.12165	supercritical
595.69	803.00	188.79	0.0052970	1257.7	1683.0	4.8523	2.8188	3.6186	928.42	-0.023075	2.9504e-05	0.12179	supercritical
596.69	803.00	188.52	0.0053045	1260.7	1686.6	4.8583	2.8222	3.6212	928.42	-0.023076	2.9501e-05	0.12192	supercritical
597.69	803.00	188.25	0.0053120	1263.7	1690.2	4.8644	2.8256	3.6239	928.42	-0.023076	2.9499e-05	0.12206	supercritical
598.69	803.00	187.99	0.0053194	1266.7	1693.9	4.8705	2.8290	3.6265	928.42	-0.023076	2.9496e-05	0.12220	supercritical
599.69	803.00	187.73	0.0053269	1269.7	1697.5	4.8765	2.8324	3.6292	928.42	-0.023077	2.9493e-05	0.12234	supercritical
600.69	803.00	187.46	0.0053344	1272.8	1701.1	4.8826	2.8358	3.6318	928.42	-0.023078	2.9491e-05	0.12247	supercritical
601.69	803.00	187.20	0.0053419	1275.8	1704.8	4.8886	2.8392	3.6345	928.43	-0.023078	2.9488e-05	0.12261	supercritical
602.69	803.00	186.94	0.0053494	1278.8	1708.4	4.8946	2.8426	3.6371	928.44	-0.023079	2.9486e-05	0.12275	supercritical
603.69	803.00	186.68	0.0053569	1281.9	1712.0	4.9007	2.8460	3.6398	928.45	-0.023080	2.9484e-05	0.12289	supercritical
604.69	803.00	186.42	0.0053643	1284.9	1715.7	4.9067	2.8494	3.6425	928.46	-0.023081	2.9482e-05	0.12303	supercritical
605.69	803.00	186.16	0.0053718	1288.0	1719.3	4.9127	2.8528	3.6451	928.47	-0.023082	2.9480e-05	0.12317	supercritical
606.69	803.00	185.90	0.0053793	1291.0	1723.0	4.9187	2.8562	3.6478	928.48	-0.023083	2.9478e-05	0.12331	supercritical
607.69	803.00	185.64	0.0053868	1294.1	1726.6	4.9247	2.8596	3.6504	928.50	-0.023085	2.9476e-05	0.12346	supercritical
608.69	803.00	185.38	0.0053943	1297.1	1730.3	4.9307	2.8630	3.6531	928.52	-0.023086	2.9475e-05	0.12360	supercritical
609.69	803.00	185.13	0.0054017	1300.2	1733.9	4.9367	2.8664	3.6558	928.54	-0.023087	2.9473e-05	0.12374	supercritical
610.69	803.00	184.87	0.0054092	1303.2	1737.6	4.9427	2.8698	3.6584	928.56	-0.023089	2.9472e-05	0.12388	supercritical
611.69	803.00	184.61	0.0054167	1306.3	1741.2	4.9487	2.8732	3.6611	928.58	-0.023090	2.9470e-05	0.12403	supercritical
612.69	803.00	184.36	0.0054242	1309.3	1744.9	4.9547	2.8766	3.6638	928.61	-0.023092	2.9469e-05	0.12417	supercritical
613.69	803.00	184.11	0.0054316	1312.4	1748.6	4.9607	2.8800	3.6665	928.64	-0.023094	2.9468e-05	0.12431	supercritical
614.69	803.00	183.85	0.0054391	1315.5	1752.2	4.9667	2.8834	3.6691	928.66	-0.023096	2.9467e-05	0.12446	supercritical
615.69	803.00	183.60	0.0054466	1318.5	1755.9	4.9726	2.8868	3.6718	928.69	-0.023098	2.9466e-05	0.12460	supercritical
616.69	803.00	183.35	0.0054540	1321.6	1759.6	4.9786	2.8901	3.6745	928.73	-0.023100	2.9465e-05	0.12475	supercritical
617.69	803.00	183.10	0.0054615	1324.7	1763.3	4.9845	2.8935	3.6772	928.76	-0.023102	2.9465e-05	0.12489	supercritical
618.69	803.00	182.85	0.0054690	1327.8	1766.9	4.9905	2.8969	3.6798	928.79	-0.023104	2.9464e-05	0.12504	supercritical
619.69	803.00	182.60	0.0054764	1330.9	1770.6	4.9964	2.9003	3.6825	928.83	-0.023106	2.9463e-05	0.12519	supercritical
620.69	803.00	182.35	0.0054839	1333.9	1774.3	5.0024	2.9037	3.6852	928.87	-0.023109	2.9463e-05	0.12533	supercritical
621.69	803.00	182.10	0.0054914	1337.0	1778.0	5.0083	2.9071	3.6879	928.91	-0.023111	2.9463e-05	0.12548	supercritical
622.69	803.00	181.86	0.0054988	1340.1	1781.7	5.0142	2.9105	3.6906	928.95	-0.023113	2.9463e-05	0.12563	supercritical
623.69	803.00	181.61	0.0055063	1343.2	1785.4	5.0202	2.9138	3.6933	928.99	-0.023116	2.9462e-05	0.12577	supercritical
624.69	803.00	181.36	0.0055137	1346.3	1789.1	5.0261	2.9172	3.6959	929.04	-0.023119	2.9462e-05	0.12592	supercritical