Temperature (K)	Pressure (bar)	Density (kg/m3)	Volume (m3/kg)	Internal Energy (kJ/kg)	Enthalpy (kJ/kg)	Entropy (J/g*K)	Cv (J/g*K)	Cp (J/g*K)	Sound Spd. (m/s)	Joule-Thomson (K/bar)	Viscosity (Pa*s)	Therm. Cond. (W/m*K)	Phase
90.694	586.00	481.38	0.0020774	-95.764	25.970	-1.0138	2.2798	3.2125	1848.3	-0.052586	0.00041385	0.25598	liquid
105.69	586.00	466.63	0.0021430	-51.545	74.037	-0.52328	2.2076	3.1998	1762.3	-0.052158	0.00023517	0.24238	liquid
106.69	586.00	465.65	0.0021475	-48.609	77.236	-0.49315	2.2034	3.1994	1756.5	-0.052113	0.00022838	0.24138	liquid
107.69	586.00	464.68	0.0021520	-45.674	80.435	-0.46331	2.1993	3.1990	1750.6	-0.052066	0.00022197	0.24037	liquid
108.69	586.00	463.70	0.0021566	-42.740	83.634	-0.43374	2.1951	3.1986	1744.8	-0.052018	0.00021591	0.23936	liquid
109.69	586.00	462.73	0.0021611	-39.808	86.832	-0.40445	2.1911	3.1982	1739.0	-0.051968	0.00021017	0.23834	liquid
110.69	586.00	461.75	0.0021657	-36.877	90.030	-0.37543	2.1870	3.1978	1733.1	-0.051918	0.00020473	0.23731	liquid
111.69	586.00	460.78	0.0021702	-33.947	93.228	-0.34667	2.1830	3.1974	1727.3	-0.051866	0.00019958	0.23628	liquid
112.69	586.00	459.81	0.0021748	-31.019	96.425	-0.31818	2.1790	3.1970	1721.5	-0.051813	0.00019468	0.23525	liquid
113.69	586.00	458.84	0.0021794	-28.092	99.622	-0.28994	2.1750	3.1966	1715.7	-0.051760	0.00019002	0.23421	liquid
114.69	586.00	457.86	0.0021841	-25.167	102.82	-0.26194	2.1710	3.1962	1709.9	-0.051705	0.00018558	0.23316	liquid
115.69	586.00	456.89	0.0021887	-22.243	106.01	-0.23420	2.1671	3.1958	1704.1	-0.051649	0.00018136	0.23212	liquid
116.69	586.00	455.92	0.0021934	-19.320	109.21	-0.20670	2.1632	3.1954	1698.3	-0.051592	0.00017733	0.23107	liquid
117.69	586.00	454.95	0.0021980	-16.399	112.41	-0.17943	2.1593	3.1950	1692.5	-0.051534	0.00017349	0.23002	liquid
118.69	586.00	453.98	0.0022027	-13.479	115.60	-0.15240	2.1555	3.1946	1686.7	-0.051475	0.00016981	0.22896	liquid
119.69	586.00	453.01	0.0022074	-10.561	118.79	-0.12560	2.1516	3.1941	1681.0	-0.051414	0.00016630	0.22790	liquid
120.69	586.00	452.05	0.0022122	-7.6446	121.99	-0.099029	2.1478	3.1937	1675.2	-0.051353	0.00016293	0.22684	liquid
121.69	586.00	451.08	0.0022169	-4.7295	125.18	-0.072678	2.1440	3.1932	1669.5	-0.051291	0.00015971	0.22578	liquid
122.69	586.00	450.11	0.0022217	-1.8159	128.37	-0.046548	2.1402	3.1928	1663.7	-0.051228	0.00015662	0.22472	liquid
123.69	586.00	449.14	0.0022265	1.0961	131.57	-0.020633	2.1365	3.1923	1658.0	-0.051163	0.00015365	0.22366	liquid
124.69	586.00	448.17	0.0022313	4.0066	134.76	0.0050690	2.1327	3.1918	1652.3	-0.051098	0.00015081	0.22260	liquid
125.69	586.00	447.21	0.0022361	6.9155	137.95	0.030562	2.1290	3.1913	1646.6	-0.051031	0.00014807	0.22154	liquid
126.69	586.00	446.24	0.0022409	9.8227	141.14	0.055849	2.1253	3.1908	1640.9	-0.050963	0.00014543	0.22048	liquid
127.69	586.00	445.27	0.0022458	12.728	144.33	0.080933	2.1216	3.1903	1635.2	-0.050894	0.00014289	0.21942	liquid
128.69	586.00	444.31	0.0022507	15.632	147.52	0.10582	2.1180	3.1898	1629.6	-0.050824	0.00014045	0.21836	liquid
129.69	586.00	443.34	0.0022556	18.535	150.71	0.13051	2.1144	3.1893	1623.9	-0.050753	0.00013809	0.21730	liquid
130.69	586.00	442.38	0.0022605	21.435	153.90	0.15500	2.1108	3.1888	1618.3	-0.050681	0.00013581	0.21624	liquid
131.69	586.00	441.41	0.0022655	24.334	157.09	0.17930	2.1072	3.1882	1612.7	-0.050607	0.00013362	0.21518	liquid
132.69	586.00	440.45	0.0022704	27.232	160.28	0.20342	2.1036	3.1877	1607.1	-0.050532	0.00013149	0.21413	liquid
133.69	586.00	439.48	0.0022754	30.127	163.47	0.22735	2.1001	3.1872	1601.5	-0.050456	0.00012944	0.21307	liquid
134.69	586.00	438.52	0.0022804	33.021	166.65	0.25110	2.0966	3.1866	1595.9	-0.050379	0.00012746	0.21202	liquid
135.69	586.00	437.56	0.0022854	35.913	169.84	0.27467	2.0931	3.1861	1590.4	-0.050300	0.00012553	0.21097	liquid
136.69	586.00	436.59	0.0022905	38.803	173.02	0.29806	2.0896	3.1855	1584.8	-0.050221	0.00012367	0.20992	liquid
137.69	586.00	435.63	0.0022955	41.692	176.21	0.32128	2.0862	3.1850	1579.3	-0.050140	0.00012187	0.20888	liquid
138.69	586.00	434.67	0.0023006	44.579	179.39	0.34432	2.0828	3.1844	1573.8	-0.050057	0.00012012	0.20784	liquid
139.69	586.00	433.71	0.0023057	47.464	182.58	0.36720	2.0794	3.1839	1568.3	-0.049973	0.00011842	0.20680	liquid
140.69	586.00	432.74	0.0023108	50.347	185.76	0.38991	2.0760	3.1833	1562.8	-0.049888	0.00011677	0.20576	liquid
141.69	586.00	431.78	0.0023160	53.228	188.94	0.41245	2.0727	3.1828	1557.4	-0.049802	0.00011517	0.20473	liquid
142.69	586.00	430.82	0.0023212	56.108	192.13	0.43483	2.0693	3.1823	1551.9	-0.049714	0.00011361	0.20370	liquid
143.69	586.00	429.86	0.0023263	58.986	195.31	0.45705	2.0661	3.1817	1546.5	-0.049625	0.00011210	0.20267	liquid
144.69	586.00	428.90	0.0023316	61.862	198.49	0.47912	2.0628	3.1812	1541.1	-0.049534	0.00011062	0.20165	liquid
145.69	586.00	427.94	0.0023368	64.736	201.67	0.50103	2.0596	3.1806	1535.7	-0.049442	0.00010919	0.20063	liquid
146.69	586.00	426.98	0.0023420	67.608	204.85	0.52278	2.0563	3.1801	1530.3	-0.049349	0.00010780	0.19961	liquid
147.69	586.00	426.02	0.0023473	70.479	208.03	0.54438	2.0532	3.1795	1525.0	-0.049254	0.00010644	0.19860	liquid
148.69	586.00	425.06	0.0023526	73.347	211.21	0.56584	2.0500	3.1790	1519.7	-0.049158	0.00010511	0.19759	liquid
149.69	586.00	424.10	0.0023579	76.214	214.39	0.58714	2.0469	3.1785	1514.3	-0.049060	0.00010382	0.19659	liquid
150.69	586.00	423.14	0.0023633	79.079	217.57	0.60830	2.0438	3.1780	1509.1	-0.048961	0.00010256	0.19559	liquid
151.69	586.00	422.18	0.0023687	81.942	220.75	0.62932	2.0407	3.1774	1503.8	-0.048860	0.00010133	0.19460	liquid
152.69	586.00	421.22	0.0023741	84.803	223.92	0.65020	2.0377	3.1769	1498.5	-0.048758	0.00010014	0.19360	liquid
153.69	586.00	420.26	0.0023795	87.663	227.10	0.67093	2.0346	3.1764	1493.3	-0.048654	9.8966e-05	0.19262	liquid
154.69	586.00	419.30	0.0023849	90.520	230.28	0.69153	2.0317	3.1759	1488.1	-0.048549	9.7823e-05	0.19164	liquid
155.69	586.00	418.35	0.0023904	93.376	233.45	0.71199	2.0287	3.1754	1482.9	-0.048442	9.6707e-05	0.19066	liquid
156.69	586.00	417.39	0.0023959	96.230	236.63	0.73232	2.0258	3.1749	1477.7	-0.048334	9.5616e-05	0.18968	liquid
157.69	586.00	416.43	0.0024014	99.081	239.80	0.75252	2.0229	3.1744	1472.5	-0.048224	9.4549e-05	0.18872	liquid
158.69	586.00	415.47	0.0024069	101.93	242.98	0.77258	2.0200	3.1739	1467.4	-0.048112	9.3506e-05	0.18775	liquid
159.69	586.00	414.52	0.0024125	104.78	246.15	0.79252	2.0171	3.1734	1462.2	-0.047999	9.2486e-05	0.18679	liquid
160.69	586.00	413.56	0.0024180	107.63	249.32	0.81233	2.0143	3.1730	1457.1	-0.047884	9.1488e-05	0.18584	liquid
161.69	586.00	412.60	0.0024236	110.47	252.50	0.83201	2.0115	3.1725	1452.1	-0.047768	9.0511e-05	0.18489	liquid
162.69	586.00	411.65	0.0024293	113.31	255.67	0.85157	2.0088	3.1720	1447.0	-0.047650	8.9554e-05	0.18395	liquid
163.69	586.00	410.69	0.0024349	116.15	258.84	0.87101	2.0061	3.1716	1441.9	-0.047531	8.8618e-05	0.18301	liquid
164.69	586.00	409.74	0.0024406	118.99	262.01	0.89032	2.0034	3.1711	1436.9	-0.047410	8.7700e-05	0.18207	liquid
165.69	586.00	408.78	0.0024463	121.83	265.18	0.90952	2.0007	3.1707	1431.9	-0.047287	8.6801e-05	0.18115	liquid
166.69	586.00	407.83	0.0024520	124.66	268.35	0.92859	1.9980	3.1703	1426.9	-0.047163	8.5921e-05	0.18022	liquid
167.69	586.00	406.87	0.0024578	127.50	271.52	0.94755	1.9954	3.1699	1422.0	-0.047037	8.5057e-05	0.17930	liquid
168.69	586.00	405.92	0.0024636	130.33	274.69	0.96640	1.9929	3.1694	1417.0	-0.046910	8.4211e-05	0.17839	liquid
169.69	586.00	404.96	0.0024694	133.16	277.86	0.98513	1.9903	3.1690	1412.1	-0.046781	8.3381e-05	0.17748	liquid
170.69	586.00	404.01	0.0024752	135.98	281.03	1.0037	1.9878	3.1686	1407.2	-0.046650	8.2567e-05	0.17658	liquid
171.69	586.00	403.06	0.0024810	138.81	284.20	1.0223	1.9853	3.1682	1402.3	-0.046518	8.1768e-05	0.17568	liquid
172.69	586.00	402.10	0.0024869	141.63	287.37	1.0407	1.9828	3.1679	1397.5	-0.046384	8.0985e-05	0.17479	liquid
173.69	586.00	401.15	0.0024928	144.45	290.53	1.0589	1.9804	3.1675	1392.6	-0.046248	8.0216e-05	0.17391	liquid
174.69	586.00	400.20	0.0024988	147.27	293.70	1.0771	1.9780	3.1671	1387.8	-0.046111	7.9461e-05	0.17303	liquid
175.69	586.00	399.25	0.0025047	150.09	296.87	1.0952	1.9757	3.1668	1383.0	-0.045972	7.8720e-05	0.17215	liquid
176.69	586.00	398.30	0.0025107	152.91	300.03	1.1132	1.9733	3.1664	1378.2	-0.045831	7.7992e-05	0.17128	liquid
177.69	586.00	397.34	0.0025167	155.72	303.20	1.1310	1.9710	3.1661	1373.5	-0.045689	7.7277e-05	0.17042	liquid
178.69	586.00	396.39	0.0025227	158.53	306.37	1.1488	1.9687	3.1657	1368.8	-0.045545	7.6575e-05	0.16956	liquid
179.69	586.00	395.44	0.0025288	161.34	309.53	1.1665	1.9665	3.1654	1364.0	-0.045399	7.5885e-05	0.16871	liquid
180.69	586.00	394.49	0.0025349	164.15	312.70	1.1840	1.9643	3.1651	1359.4	-0.045252	7.5208e-05	0.16786	liquid
181.69	586.00	393.54	0.0025410	166.96	315.86	1.2015	1.9621	3.1648	1354.7	-0.045103	7.4542e-05	0.16702	liquid
182.69	586.00	392.60	0.0025472	169.76	319.03	1.2189	1.9599	3.1645	1350.0	-0.044953	7.3887e-05	0.16618	liquid
183.69	586.00	391.65	0.0025533	172.57	322.19	1.2362	1.9578	3.1642	1345.4	-0.044801	7.3243e-05	0.16535	liquid
184.69	586.00	390.70	0.0025595	175.37	325.36	1.2533	1.9557	3.1639	1340.8	-0.044647	7.2611e-05	0.16453	liquid
185.69	586.00	389.75	0.0025657	178.17	328.52	1.2704	1.9537	3.1636	1336.2	-0.044492	7.1989e-05	0.16371	liquid
186.69	586.00	388.80	0.0025720	180.96	331.68	1.2874	1.9517	3.1634	1331.7	-0.044335	7.1377e-05	0.16290	liquid
187.69	586.00	387.86	0.0025783	183.76	334.85	1.3043	1.9497	3.1631	1327.1	-0.044176	7.0775e-05	0.16209	liquid
188.69	586.00	386.91	0.0025846	186.55	338.01	1.3211	1.9477	3.1629	1322.6	-0.044016	7.0183e-05	0.16129	liquid
189.69	586.00	385.96	0.0025909	189.34	341.17	1.3378	1.9458	3.1626	1318.1	-0.043854	6.9601e-05	0.16050	liquid
190.69	586.00	385.02	0.0025973	192.13	344.33	1.3545	1.9439	3.1624	1313.7	-0.043691	6.9028e-05	0.15971	supercritical
191.69	586.00	384.07	0.0026037	194.92	347.50	1.3710	1.9420	3.1622	1309.2	-0.043526	6.8464e-05	0.15892	supercritical
192.69	586.00	383.13	0.0026101	197.71	350.66	1.3874	1.9402	3.1619	1304.8	-0.043359	6.7909e-05	0.15814	supercritical
193.69	586.00	382.19	0.0026165	200.49	353.82	1.4038	1.9383	3.1617	1300.4	-0.043191	6.7362e-05	0.15737	supercritical
194.69	586.00	381.24	0.0026230	203.27	356.98	1.4201	1.9366	3.1615	1296.0	-0.043021	6.6825e-05	0.15660	supercritical
195.69	586.00	380.30	0.0026295	206.06	360.14	1.4363	1.9348	3.1613	1291.6	-0.042849	6.6295e-05	0.15584	supercritical
196.69	586.00	379.36	0.0026360	208.83	363.30	1.4524	1.9331	3.1612	1287.3	-0.042677	6.5774e-05	0.15508	supercritical
197.69	586.00	378.42	0.0026426	211.61	366.47	1.4684	1.9314	3.1610	1283.0	-0.042502	6.5261e-05	0.15433	supercritical
198.69	586.00	377.48	0.0026492	214.39	369.63	1.4844	1.9298	3.1608	1278.7	-0.042326	6.4755e-05	0.15359	supercritical
199.69	586.00	376.54	0.0026558	217.16	372.79	1.5002	1.9282	3.1607	1274.4	-0.042149	6.4257e-05	0.15285	supercritical
200.69	586.00	375.60	0.0026624	219.93	375.95	1.5160	1.9266	3.1605	1270.2	-0.041969	6.3767e-05	0.15212	supercritical
201.69	586.00	374.66	0.0026691	222.70	379.11	1.5317	1.9250	3.1604	1266.0	-0.041789	6.3284e-05	0.15139	supercritical
202.69	586.00	373.72	0.0026758	225.47	382.27	1.5474	1.9235	3.1602	1261.8	-0.041607	6.2808e-05	0.15067	supercritical
203.69	586.00	372.78	0.0026825	228.23	385.43	1.5629	1.9220	3.1601	1257.6	-0.041423	6.2339e-05	0.14995	supercritical
204.69	586.00	371.85	0.0026893	231.00	388.59	1.5784	1.9206	3.1600	1253.4	-0.041238	6.1877e-05	0.14924	supercritical
205.69	586.00	370.91	0.0026961	233.76	391.75	1.5938	1.9191	3.1598	1249.3	-0.041052	6.1422e-05	0.14854	supercritical
206.69	586.00	369.98	0.0027029	236.52	394.91	1.6091	1.9178	3.1597	1245.2	-0.040864	6.0973e-05	0.14784	supercritical
207.69	586.00	369.04	0.0027097	239.28	398.07	1.6244	1.9164	3.1596	1241.1	-0.040675	6.0531e-05	0.14714	supercritical
208.69	586.00	368.11	0.0027166	242.04	401.23	1.6396	1.9151	3.1595	1237.0	-0.040484	6.0095e-05	0.14645	supercritical
209.69	586.00	367.17	0.0027235	244.79	404.39	1.6547	1.9138	3.1594	1233.0	-0.040292	5.9665e-05	0.14577	supercritical
210.69	586.00	366.24	0.0027304	247.54	407.55	1.6697	1.9125	3.1594	1229.0	-0.040098	5.9242e-05	0.14510	supercritical
211.69	586.00	365.31	0.0027374	250.29	410.71	1.6846	1.9113	3.1593	1225.0	-0.039904	5.8824e-05	0.14443	supercritical
212.69	586.00	364.38	0.0027444	253.04	413.87	1.6995	1.9101	3.1592	1221.0	-0.039707	5.8412e-05	0.14376	supercritical
213.69	586.00	363.45	0.0027514	255.79	417.02	1.7144	1.9089	3.1591	1217.1	-0.039510	5.8006e-05	0.14310	supercritical
214.69	586.00	362.52	0.0027585	258.54	420.18	1.7291	1.9078	3.1591	1213.2	-0.039311	5.7606e-05	0.14245	supercritical
215.69	586.00	361.59	0.0027655	261.28	423.34	1.7438	1.9066	3.1590	1209.3	-0.039111	5.7211e-05	0.14180	supercritical
216.69	586.00	360.67	0.0027726	264.03	426.50	1.7584	1.9056	3.1590	1205.4	-0.038910	5.6822e-05	0.14116	supercritical
217.69	586.00	359.74	0.0027798	266.77	429.66	1.7729	1.9045	3.1589	1201.5	-0.038707	5.6438e-05	0.14052	supercritical
218.69	586.00	358.82	0.0027869	269.50	432.82	1.7874	1.9035	3.1589	1197.7	-0.038503	5.6059e-05	0.13989	supercritical
219.69	586.00	357.89	0.0027941	272.24	435.98	1.8018	1.9025	3.1589	1193.9	-0.038298	5.5685e-05	0.13926	supercritical
220.69	586.00	356.97	0.0028014	274.98	439.14	1.8162	1.9016	3.1589	1190.1	-0.038092	5.5317e-05	0.13864	supercritical
221.69	586.00	356.05	0.0028086	277.71	442.30	1.8305	1.9007	3.1588	1186.3	-0.037885	5.4953e-05	0.13803	supercritical
222.69	586.00	355.13	0.0028159	280.44	445.46	1.8447	1.8998	3.1588	1182.6	-0.037676	5.4595e-05	0.13742	supercritical
223.69	586.00	354.20	0.0028232	283.17	448.61	1.8588	1.8989	3.1588	1178.9	-0.037467	5.4241e-05	0.13681	supercritical
224.69	586.00	353.29	0.0028306	285.90	451.77	1.8729	1.8981	3.1588	1175.2	-0.037256	5.3891e-05	0.13622	supercritical
225.69	586.00	352.37	0.0028379	288.63	454.93	1.8869	1.8973	3.1588	1171.5	-0.037044	5.3547e-05	0.13562	supercritical
226.69	586.00	351.45	0.0028453	291.35	458.09	1.9009	1.8966	3.1588	1167.9	-0.036831	5.3207e-05	0.13504	supercritical
227.69	586.00	350.53	0.0028528	294.08	461.25	1.9148	1.8959	3.1588	1164.3	-0.036617	5.2871e-05	0.13445	supercritical
228.69	586.00	349.62	0.0028602	296.80	464.41	1.9287	1.8952	3.1588	1160.7	-0.036403	5.2540e-05	0.13388	supercritical
229.69	586.00	348.71	0.0028677	299.52	467.57	1.9424	1.8945	3.1589	1157.1	-0.036187	5.2213e-05	0.13331	supercritical
230.69	586.00	347.79	0.0028753	302.24	470.73	1.9562	1.8939	3.1589	1153.5	-0.035970	5.1890e-05	0.13274	supercritical
231.69	586.00	346.88	0.0028828	304.95	473.88	1.9698	1.8933	3.1589	1150.0	-0.035752	5.1572e-05	0.13218	supercritical
232.69	586.00	345.97	0.0028904	307.67	477.04	1.9834	1.8927	3.1589	1146.5	-0.035534	5.1257e-05	0.13162	supercritical
233.69	586.00	345.06	0.0028980	310.38	480.20	1.9970	1.8922	3.1590	1143.0	-0.035314	5.0947e-05	0.13107	supercritical
234.69	586.00	344.16	0.0029057	313.09	483.36	2.0105	1.8917	3.1590	1139.6	-0.035094	5.0641e-05	0.13053	supercritical
235.69	586.00	343.25	0.0029133	315.80	486.52	2.0239	1.8912	3.1591	1136.1	-0.034873	5.0338e-05	0.12999	supercritical
236.69	586.00	342.35	0.0029210	318.51	489.68	2.0373	1.8907	3.1591	1132.7	-0.034651	5.0040e-05	0.12946	supercritical
237.69	586.00	341.44	0.0029288	321.21	492.84	2.0506	1.8903	3.1592	1129.4	-0.034429	4.9745e-05	0.12893	supercritical
238.69	586.00	340.54	0.0029365	323.92	496.00	2.0638	1.8900	3.1592	1126.0	-0.034205	4.9454e-05	0.12840	supercritical
239.69	586.00	339.64	0.0029443	326.62	499.16	2.0771	1.8896	3.1593	1122.7	-0.033981	4.9167e-05	0.12789	supercritical
240.69	586.00	338.74	0.0029521	329.32	502.32	2.0902	1.8893	3.1593	1119.3	-0.033757	4.8883e-05	0.12737	supercritical
241.69	586.00	337.84	0.0029600	332.02	505.48	2.1033	1.8890	3.1594	1116.0	-0.033532	4.8603e-05	0.12686	supercritical
242.69	586.00	336.94	0.0029679	334.72	508.64	2.1164	1.8887	3.1594	1112.8	-0.033306	4.8326e-05	0.12636	supercritical
243.69	586.00	336.05	0.0029758	337.42	511.79	2.1293	1.8885	3.1595	1109.5	-0.033079	4.8053e-05	0.12586	supercritical
244.69	586.00	335.15	0.0029837	340.11	514.95	2.1423	1.8883	3.1596	1106.3	-0.032852	4.7783e-05	0.12537	supercritical
245.69	586.00	334.26	0.0029917	342.80	518.11	2.1552	1.8882	3.1596	1103.1	-0.032625	4.7516e-05	0.12488	supercritical
246.69	586.00	333.37	0.0029997	345.49	521.27	2.1680	1.8880	3.1597	1099.9	-0.032397	4.7253e-05	0.12440	supercritical
247.69	586.00	332.48	0.0030077	348.18	524.43	2.1808	1.8879	3.1598	1096.8	-0.032168	4.6993e-05	0.12392	supercritical
248.69	586.00	331.59	0.0030157	350.87	527.59	2.1935	1.8878	3.1599	1093.7	-0.031939	4.6736e-05	0.12345	supercritical
249.69	586.00	330.71	0.0030238	353.56	530.75	2.2062	1.8878	3.1599	1090.6	-0.031710	4.6483e-05	0.12298	supercritical
250.69	586.00	329.82	0.0030319	356.24	533.91	2.2188	1.8878	3.1600	1087.5	-0.031480	4.6232e-05	0.12252	supercritical
251.69	586.00	328.94	0.0030401	358.92	537.07	2.2314	1.8878	3.1601	1084.4	-0.031250	4.5985e-05	0.12206	supercritical
252.69	586.00	328.06	0.0030482	361.61	540.23	2.2439	1.8878	3.1602	1081.4	-0.031020	4.5740e-05	0.12161	supercritical
253.69	586.00	327.18	0.0030564	364.29	543.39	2.2564	1.8879	3.1603	1078.4	-0.030790	4.5499e-05	0.12116	supercritical
254.69	586.00	326.30	0.0030647	366.96	546.55	2.2689	1.8880	3.1604	1075.4	-0.030559	4.5260e-05	0.12072	supercritical
255.69	586.00	325.42	0.0030729	369.64	549.71	2.2812	1.8882	3.1605	1072.4	-0.030328	4.5025e-05	0.12028	supercritical
256.69	586.00	324.55	0.0030812	372.32	552.87	2.2936	1.8883	3.1606	1069.5	-0.030097	4.4792e-05	0.11985	supercritical
257.69	586.00	323.68	0.0030895	374.99	556.04	2.3059	1.8885	3.1607	1066.6	-0.029865	4.4562e-05	0.11942	supercritical
258.69	586.00	322.80	0.0030979	377.66	559.20	2.3181	1.8887	3.1607	1063.7	-0.029634	4.4335e-05	0.11900	supercritical
259.69	586.00	321.93	0.0031062	380.33	562.36	2.3303	1.8890	3.1608	1060.8	-0.029403	4.4110e-05	0.11858	supercritical
260.69	586.00	321.07	0.0031146	383.00	565.52	2.3424	1.8893	3.1609	1058.0	-0.029171	4.3888e-05	0.11816	supercritical
261.69	586.00	320.20	0.0031230	385.67	568.68	2.3546	1.8896	3.1610	1055.1	-0.028940	4.3669e-05	0.11775	supercritical
262.69	586.00	319.34	0.0031315	388.33	571.84	2.3666	1.8899	3.1611	1052.3	-0.028708	4.3453e-05	0.11735	supercritical
263.69	586.00	318.47	0.0031400	391.00	575.00	2.3786	1.8903	3.1612	1049.6	-0.028477	4.3239e-05	0.11695	supercritical
264.69	586.00	317.61	0.0031485	393.66	578.16	2.3906	1.8907	3.1613	1046.8	-0.028245	4.3027e-05	0.11655	supercritical
265.69	586.00	316.75	0.0031570	396.32	581.32	2.4025	1.8911	3.1614	1044.1	-0.028014	4.2819e-05	0.11616	supercritical
266.69	586.00	315.90	0.0031656	398.98	584.49	2.4144	1.8916	3.1616	1041.4	-0.027783	4.2612e-05	0.11577	supercritical
267.69	586.00	315.04	0.0031742	401.64	587.65	2.4262	1.8920	3.1617	1038.7	-0.027552	4.2408e-05	0.11539	supercritical
268.69	586.00	314.19	0.0031828	404.30	590.81	2.4380	1.8925	3.1618	1036.0	-0.027322	4.2207e-05	0.11501	supercritical
269.69	586.00	313.34	0.0031914	406.95	593.97	2.4497	1.8931	3.1619	1033.4	-0.027091	4.2008e-05	0.11464	supercritical
270.69	586.00	312.49	0.0032001	409.61	597.13	2.4615	1.8936	3.1620	1030.7	-0.026861	4.1811e-05	0.11427	supercritical
271.69	586.00	311.64	0.0032088	412.26	600.29	2.4731	1.8942	3.1621	1028.1	-0.026632	4.1616e-05	0.11391	supercritical
272.69	586.00	310.80	0.0032175	414.91	603.46	2.4847	1.8949	3.1622	1025.6	-0.026402	4.1424e-05	0.11355	supercritical
273.69	586.00	309.95	0.0032263	417.56	606.62	2.4963	1.8955	3.1623	1023.0	-0.026173	4.1234e-05	0.11319	supercritical
274.69	586.00	309.11	0.0032351	420.21	609.78	2.5078	1.8962	3.1624	1020.5	-0.025944	4.1047e-05	0.11284	supercritical
275.69	586.00	308.27	0.0032439	422.85	612.94	2.5193	1.8969	3.1626	1018.0	-0.025716	4.0861e-05	0.11249	supercritical
276.69	586.00	307.44	0.0032527	425.50	616.11	2.5308	1.8976	3.1627	1015.5	-0.025488	4.0678e-05	0.11215	supercritical
277.69	586.00	306.60	0.0032615	428.14	619.27	2.5422	1.8984	3.1628	1013.0	-0.025261	4.0497e-05	0.11181	supercritical
278.69	586.00	305.77	0.0032704	430.79	622.43	2.5536	1.8991	3.1629	1010.6	-0.025035	4.0318e-05	0.11148	supercritical
279.69	586.00	304.94	0.0032793	433.43	625.59	2.5649	1.8999	3.1630	1008.1	-0.024808	4.0141e-05	0.11115	supercritical
280.69	586.00	304.11	0.0032883	436.07	628.76	2.5762	1.9008	3.1632	1005.7	-0.024583	3.9966e-05	0.11082	supercritical
281.69	586.00	303.29	0.0032972	438.70	631.92	2.5874	1.9016	3.1633	1003.4	-0.024358	3.9793e-05	0.11050	supercritical
282.69	586.00	302.46	0.0033062	441.34	635.08	2.5986	1.9025	3.1634	1001.0	-0.024134	3.9622e-05	0.11018	supercritical
283.69	586.00	301.64	0.0033152	443.98	638.25	2.6098	1.9034	3.1635	998.66	-0.023910	3.9453e-05	0.10987	supercritical
284.69	586.00	300.82	0.0033242	446.61	641.41	2.6209	1.9044	3.1637	996.34	-0.023687	3.9286e-05	0.10956	supercritical
285.69	586.00	300.00	0.0033333	449.24	644.58	2.6320	1.9053	3.1638	994.05	-0.023465	3.9122e-05	0.10925	supercritical
286.69	586.00	299.19	0.0033424	451.88	647.74	2.6431	1.9063	3.1639	991.77	-0.023244	3.8959e-05	0.10895	supercritical
287.69	586.00	298.38	0.0033515	454.51	650.90	2.6541	1.9073	3.1641	989.52	-0.023023	3.8797e-05	0.10866	supercritical
288.69	586.00	297.56	0.0033606	457.14	654.07	2.6651	1.9084	3.1642	987.29	-0.022803	3.8638e-05	0.10836	supercritical
289.69	586.00	296.76	0.0033698	459.76	657.23	2.6760	1.9095	3.1643	985.08	-0.022584	3.8481e-05	0.10807	supercritical
290.69	586.00	295.95	0.0033789	462.39	660.40	2.6869	1.9105	3.1645	982.89	-0.022366	3.8325e-05	0.10779	supercritical
291.69	586.00	295.15	0.0033881	465.02	663.56	2.6978	1.9117	3.1646	980.72	-0.022149	3.8171e-05	0.10751	supercritical
292.69	586.00	294.35	0.0033974	467.64	666.73	2.7086	1.9128	3.1648	978.57	-0.021933	3.8019e-05	0.10723	supercritical
293.69	586.00	293.55	0.0034066	470.26	669.89	2.7194	1.9140	3.1649	976.45	-0.021717	3.7869e-05	0.10695	supercritical
294.69	586.00	292.75	0.0034159	472.88	673.05	2.7302	1.9151	3.1650	974.34	-0.021503	3.7721e-05	0.10668	supercritical
295.69	586.00	291.96	0.0034252	475.50	676.22	2.7409	1.9164	3.1652	972.25	-0.021290	3.7574e-05	0.10642	supercritical
296.69	586.00	291.16	0.0034345	478.12	679.39	2.7516	1.9176	3.1653	970.19	-0.021078	3.7429e-05	0.10615	supercritical
297.69	586.00	290.37	0.0034438	480.74	682.55	2.7622	1.9189	3.1655	968.14	-0.020866	3.7286e-05	0.10590	supercritical
298.69	586.00	289.59	0.0034532	483.36	685.72	2.7729	1.9201	3.1657	966.11	-0.020656	3.7144e-05	0.10564	supercritical
299.69	586.00	288.80	0.0034626	485.98	688.88	2.7834	1.9214	3.1658	964.11	-0.020447	3.7004e-05	0.10539	supercritical
300.69	586.00	288.02	0.0034720	488.59	692.05	2.7940	1.9228	3.1660	962.12	-0.020239	3.6865e-05	0.10514	supercritical
301.69	586.00	287.24	0.0034814	491.20	695.21	2.8045	1.9241	3.1662	960.15	-0.020032	3.6728e-05	0.10490	supercritical
302.69	586.00	286.46	0.0034909	493.82	698.38	2.8150	1.9255	3.1663	958.20	-0.019827	3.6593e-05	0.10466	supercritical
303.69	586.00	285.69	0.0035003	496.43	701.55	2.8254	1.9269	3.1665	956.28	-0.019622	3.6459e-05	0.10442	supercritical
304.69	586.00	284.92	0.0035098	499.04	704.71	2.8358	1.9283	3.1667	954.37	-0.019419	3.6327e-05	0.10418	supercritical
305.69	586.00	284.15	0.0035193	501.65	707.88	2.8462	1.9298	3.1668	952.48	-0.019217	3.6196e-05	0.10395	supercritical
306.69	586.00	283.38	0.0035289	504.26	711.05	2.8565	1.9312	3.1670	950.61	-0.019016	3.6067e-05	0.10373	supercritical
307.69	586.00	282.61	0.0035384	506.86	714.21	2.8669	1.9327	3.1672	948.75	-0.018817	3.5940e-05	0.10350	supercritical
308.69	586.00	281.85	0.0035480	509.47	717.38	2.8771	1.9343	3.1674	946.92	-0.018619	3.5813e-05	0.10328	supercritical
309.69	586.00	281.09	0.0035576	512.07	720.55	2.8874	1.9358	3.1676	945.11	-0.018422	3.5689e-05	0.10307	supercritical
310.69	586.00	280.33	0.0035672	514.68	723.72	2.8976	1.9373	3.1678	943.31	-0.018226	3.5565e-05	0.10285	supercritical
311.69	586.00	279.58	0.0035768	517.28	726.88	2.9078	1.9389	3.1680	941.54	-0.018032	3.5444e-05	0.10264	supercritical
312.69	586.00	278.83	0.0035865	519.89	730.05	2.9179	1.9405	3.1682	939.78	-0.017839	3.5323e-05	0.10244	supercritical
313.69	586.00	278.08	0.0035961	522.49	733.22	2.9280	1.9421	3.1684	938.04	-0.017648	3.5204e-05	0.10223	supercritical
314.69	586.00	277.33	0.0036058	525.09	736.39	2.9381	1.9438	3.1686	936.32	-0.017458	3.5086e-05	0.10203	supercritical
315.69	586.00	276.58	0.0036155	527.69	739.56	2.9482	1.9454	3.1688	934.61	-0.017269	3.4970e-05	0.10184	supercritical
316.69	586.00	275.84	0.0036253	530.29	742.73	2.9582	1.9471	3.1691	932.93	-0.017082	3.4855e-05	0.10164	supercritical
317.69	586.00	275.10	0.0036350	532.88	745.90	2.9682	1.9488	3.1693	931.26	-0.016896	3.4741e-05	0.10145	supercritical
318.69	586.00	274.36	0.0036448	535.48	749.07	2.9781	1.9506	3.1695	929.61	-0.016712	3.4629e-05	0.10127	supercritical
319.69	586.00	273.63	0.0036546	538.08	752.24	2.9881	1.9523	3.1698	927.98	-0.016529	3.4518e-05	0.10108	supercritical
320.69	586.00	272.90	0.0036644	540.67	755.41	2.9980	1.9541	3.1700	926.37	-0.016348	3.4408e-05	0.10090	supercritical
321.69	586.00	272.17	0.0036742	543.27	758.58	3.0078	1.9559	3.1703	924.77	-0.016168	3.4300e-05	0.10072	supercritical
322.69	586.00	271.44	0.0036840	545.86	761.75	3.0177	1.9577	3.1705	923.19	-0.015990	3.4192e-05	0.10055	supercritical
323.69	586.00	270.72	0.0036939	548.45	764.92	3.0275	1.9595	3.1708	921.63	-0.015813	3.4086e-05	0.10038	supercritical
324.69	586.00	270.00	0.0037038	551.05	768.09	3.0373	1.9613	3.1710	920.08	-0.015638	3.3982e-05	0.10021	supercritical
325.69	586.00	269.28	0.0037136	553.64	771.26	3.0470	1.9632	3.1713	918.55	-0.015464	3.3878e-05	0.10004	supercritical
326.69	586.00	268.56	0.0037235	556.23	774.43	3.0567	1.9651	3.1716	917.04	-0.015292	3.3776e-05	0.099880	supercritical
327.69	586.00	267.85	0.0037335	558.82	777.60	3.0664	1.9670	3.1719	915.54	-0.015121	3.3675e-05	0.099720	supercritical
328.69	586.00	267.14	0.0037434	561.41	780.77	3.0761	1.9689	3.1722	914.07	-0.014952	3.3575e-05	0.099563	supercritical
329.69	586.00	266.43	0.0037534	564.00	783.95	3.0857	1.9708	3.1724	912.60	-0.014785	3.3476e-05	0.099409	supercritical
330.69	586.00	265.72	0.0037633	566.59	787.12	3.0954	1.9728	3.1727	911.16	-0.014619	3.3378e-05	0.099258	supercritical
331.69	586.00	265.02	0.0037733	569.17	790.29	3.1049	1.9748	3.1731	909.73	-0.014455	3.3282e-05	0.099109	supercritical
332.69	586.00	264.32	0.0037833	571.76	793.46	3.1145	1.9768	3.1734	908.31	-0.014292	3.3186e-05	0.098963	supercritical
333.69	586.00	263.62	0.0037933	574.35	796.64	3.1240	1.9788	3.1737	906.92	-0.014132	3.3092e-05	0.098820	supercritical
334.69	586.00	262.93	0.0038034	576.93	799.81	3.1335	1.9808	3.1740	905.53	-0.013972	3.2999e-05	0.098680	supercritical
335.69	586.00	262.23	0.0038134	579.52	802.99	3.1430	1.9829	3.1744	904.17	-0.013815	3.2907e-05	0.098543	supercritical
336.69	586.00	261.54	0.0038235	582.11	806.16	3.1524	1.9849	3.1747	902.82	-0.013659	3.2815e-05	0.098408	supercritical
337.69	586.00	260.86	0.0038335	584.69	809.34	3.1618	1.9870	3.1751	901.48	-0.013504	3.2725e-05	0.098276	supercritical
338.69	586.00	260.17	0.0038436	587.27	812.51	3.1712	1.9891	3.1754	900.16	-0.013351	3.2637e-05	0.098147	supercritical
339.69	586.00	259.49	0.0038537	589.86	815.69	3.1806	1.9913	3.1758	898.86	-0.013200	3.2549e-05	0.098020	supercritical
340.69	586.00	258.81	0.0038639	592.44	818.86	3.1899	1.9934	3.1761	897.57	-0.013051	3.2462e-05	0.097896	supercritical
341.69	586.00	258.13	0.0038740	595.02	822.04	3.1992	1.9956	3.1765	896.30	-0.012903	3.2376e-05	0.097774	supercritical
342.69	586.00	257.46	0.0038841	597.61	825.22	3.2085	1.9977	3.1769	895.04	-0.012757	3.2291e-05	0.097655	supercritical
343.69	586.00	256.79	0.0038943	600.19	828.39	3.2178	1.9999	3.1773	893.79	-0.012613	3.2207e-05	0.097539	supercritical
344.69	586.00	256.12	0.0039045	602.77	831.57	3.2270	2.0021	3.1777	892.56	-0.012470	3.2124e-05	0.097425	supercritical
345.69	586.00	255.45	0.0039146	605.35	834.75	3.2362	2.0043	3.1781	891.35	-0.012329	3.2042e-05	0.097314	supercritical
346.69	586.00	254.79	0.0039248	607.93	837.93	3.2454	2.0066	3.1786	890.15	-0.012190	3.1962e-05	0.097205	supercritical
347.69	586.00	254.13	0.0039351	610.51	841.11	3.2545	2.0088	3.1790	888.96	-0.012052	3.1882e-05	0.097098	supercritical
348.69	586.00	253.47	0.0039453	613.09	844.28	3.2637	2.0111	3.1794	887.79	-0.011917	3.1803e-05	0.096994	supercritical
349.69	586.00	252.81	0.0039555	615.67	847.46	3.2728	2.0134	3.1799	886.63	-0.011782	3.1724e-05	0.096893	supercritical
350.69	586.00	252.16	0.0039658	618.25	850.64	3.2819	2.0157	3.1803	885.49	-0.011650	3.1647e-05	0.096793	supercritical
351.69	586.00	251.51	0.0039760	620.83	853.82	3.2909	2.0180	3.1808	884.35	-0.011519	3.1571e-05	0.096697	supercritical
352.69	586.00	250.86	0.0039863	623.41	857.01	3.2999	2.0203	3.1813	883.24	-0.011390	3.1496e-05	0.096602	supercritical
353.69	586.00	250.22	0.0039966	625.99	860.19	3.3090	2.0227	3.1818	882.14	-0.011262	3.1421e-05	0.096510	supercritical
354.69	586.00	249.57	0.0040069	628.57	863.37	3.3179	2.0250	3.1822	881.05	-0.011137	3.1348e-05	0.096420	supercritical
355.69	586.00	248.93	0.0040172	631.15	866.55	3.3269	2.0274	3.1827	879.97	-0.011012	3.1275e-05	0.096333	supercritical
356.69	586.00	248.29	0.0040275	633.72	869.73	3.3358	2.0298	3.1833	878.91	-0.010890	3.1203e-05	0.096247	supercritical
357.69	586.00	247.66	0.0040378	636.30	872.92	3.3447	2.0322	3.1838	877.86	-0.010769	3.1132e-05	0.096164	supercritical
358.69	586.00	247.03	0.0040481	638.88	876.10	3.3536	2.0346	3.1843	876.82	-0.010650	3.1062e-05	0.096084	supercritical
359.69	586.00	246.40	0.0040585	641.46	879.29	3.3625	2.0371	3.1849	875.80	-0.010533	3.0992e-05	0.096005	supercritical
360.69	586.00	245.77	0.0040688	644.04	882.47	3.3713	2.0395	3.1854	874.79	-0.010417	3.0924e-05	0.095929	supercritical
361.69	586.00	245.15	0.0040792	646.62	885.66	3.3802	2.0420	3.1860	873.79	-0.010303	3.0856e-05	0.095854	supercritical
362.69	586.00	244.52	0.0040896	649.19	888.84	3.3890	2.0445	3.1865	872.80	-0.010191	3.0789e-05	0.095782	supercritical
363.69	586.00	243.90	0.0041000	651.77	892.03	3.3977	2.0470	3.1871	871.83	-0.010080	3.0723e-05	0.095712	supercritical
364.69	586.00	243.29	0.0041104	654.35	895.22	3.4065	2.0495	3.1877	870.87	-0.0099712	3.0658e-05	0.095645	supercritical
365.69	586.00	242.67	0.0041208	656.93	898.41	3.4152	2.0520	3.1883	869.92	-0.0098639	3.0594e-05	0.095579	supercritical
366.69	586.00	242.06	0.0041312	659.51	901.59	3.4239	2.0545	3.1889	868.98	-0.0097582	3.0530e-05	0.095515	supercritical
367.69	586.00	241.45	0.0041416	662.09	904.78	3.4326	2.0571	3.1895	868.06	-0.0096541	3.0467e-05	0.095454	supercritical
368.69	586.00	240.85	0.0041520	664.67	907.97	3.4413	2.0596	3.1902	867.15	-0.0095517	3.0405e-05	0.095394	supercritical
369.69	586.00	240.24	0.0041625	667.24	911.16	3.4499	2.0622	3.1908	866.25	-0.0094509	3.0343e-05	0.095337	supercritical
370.69	586.00	239.64	0.0041729	669.82	914.36	3.4585	2.0648	3.1915	865.36	-0.0093518	3.0283e-05	0.095281	supercritical
371.69	586.00	239.04	0.0041834	672.40	917.55	3.4671	2.0674	3.1921	864.48	-0.0092542	3.0223e-05	0.095228	supercritical
372.69	586.00	238.45	0.0041938	674.98	920.74	3.4757	2.0700	3.1928	863.61	-0.0091583	3.0163e-05	0.095176	supercritical
373.69	586.00	237.85	0.0042043	677.56	923.93	3.4843	2.0726	3.1935	862.76	-0.0090640	3.0105e-05	0.095127	supercritical
374.69	586.00	237.26	0.0042148	680.14	927.13	3.4928	2.0753	3.1942	861.92	-0.0089713	3.0047e-05	0.095079	supercritical
375.69	586.00	236.67	0.0042253	682.72	930.32	3.5013	2.0779	3.1949	861.08	-0.0088802	2.9990e-05	0.095033	supercritical
376.69	586.00	236.08	0.0042358	685.30	933.52	3.5098	2.0806	3.1956	860.26	-0.0087907	2.9934e-05	0.094989	supercritical
377.69	586.00	235.50	0.0042463	687.88	936.71	3.5183	2.0832	3.1964	859.45	-0.0087028	2.9878e-05	0.094947	supercritical
378.69	586.00	234.92	0.0042568	690.46	939.91	3.5267	2.0859	3.1971	858.66	-0.0086164	2.9823e-05	0.094907	supercritical
379.69	586.00	234.34	0.0042673	693.04	943.11	3.5352	2.0886	3.1978	857.87	-0.0085316	2.9769e-05	0.094869	supercritical
380.69	586.00	233.76	0.0042778	695.62	946.30	3.5436	2.0913	3.1986	857.09	-0.0084484	2.9715e-05	0.094833	supercritical
381.69	586.00	233.19	0.0042883	698.21	949.50	3.5520	2.0940	3.1994	856.32	-0.0083667	2.9662e-05	0.094798	supercritical
382.69	586.00	232.62	0.0042989	700.79	952.70	3.5603	2.0968	3.2002	855.57	-0.0082865	2.9609e-05	0.094765	supercritical
383.69	586.00	232.05	0.0043094	703.37	955.90	3.5687	2.0995	3.2010	854.82	-0.0082079	2.9558e-05	0.094734	supercritical
384.69	586.00	231.48	0.0043200	705.95	959.11	3.5770	2.1023	3.2018	854.09	-0.0081308	2.9507e-05	0.094705	supercritical
385.69	586.00	230.92	0.0043305	708.54	962.31	3.5853	2.1050	3.2026	853.36	-0.0080552	2.9456e-05	0.094677	supercritical
386.69	586.00	230.36	0.0043411	711.12	965.51	3.5936	2.1078	3.2034	852.65	-0.0079812	2.9406e-05	0.094652	supercritical
387.69	586.00	229.80	0.0043517	713.71	968.71	3.6019	2.1106	3.2043	851.94	-0.0079086	2.9357e-05	0.094628	supercritical
388.69	586.00	229.24	0.0043622	716.29	971.92	3.6102	2.1134	3.2051	851.25	-0.0078375	2.9309e-05	0.094605	supercritical
389.69	586.00	228.69	0.0043728	718.88	975.12	3.6184	2.1162	3.2060	850.56	-0.0077678	2.9261e-05	0.094585	supercritical
390.69	586.00	228.13	0.0043834	721.46	978.33	3.6266	2.1190	3.2069	849.89	-0.0076997	2.9213e-05	0.094566	supercritical
391.69	586.00	227.58	0.0043940	724.05	981.54	3.6348	2.1218	3.2078	849.22	-0.0076330	2.9166e-05	0.094549	supercritical
392.69	586.00	227.04	0.0044046	726.64	984.75	3.6430	2.1247	3.2087	848.56	-0.0075677	2.9120e-05	0.094533	supercritical
393.69	586.00	226.49	0.0044152	729.23	987.96	3.6512	2.1275	3.2096	847.92	-0.0075039	2.9075e-05	0.094519	supercritical
394.69	586.00	225.95	0.0044258	731.81	991.17	3.6593	2.1304	3.2105	847.28	-0.0074414	2.9030e-05	0.094507	supercritical
395.69	586.00	225.41	0.0044364	734.40	994.38	3.6674	2.1333	3.2115	846.65	-0.0073804	2.8985e-05	0.094496	supercritical
396.69	586.00	224.87	0.0044470	736.99	997.59	3.6755	2.1361	3.2124	846.03	-0.0073209	2.8941e-05	0.094487	supercritical
397.69	586.00	224.33	0.0044576	739.58	1000.8	3.6836	2.1390	3.2134	845.42	-0.0072627	2.8898e-05	0.094479	supercritical
398.69	586.00	223.80	0.0044683	742.18	1004.0	3.6917	2.1419	3.2143	844.82	-0.0072058	2.8855e-05	0.094473	supercritical
399.69	586.00	223.27	0.0044789	744.77	1007.2	3.6998	2.1448	3.2153	844.23	-0.0071504	2.8813e-05	0.094469	supercritical
400.69	586.00	222.74	0.0044895	747.36	1010.4	3.7078	2.1477	3.2163	843.65	-0.0070963	2.8771e-05	0.094466	supercritical
401.69	586.00	222.21	0.0045002	749.95	1013.7	3.7158	2.1507	3.2173	843.07	-0.0070435	2.8730e-05	0.094464	supercritical
402.69	586.00	221.69	0.0045108	752.55	1016.9	3.7238	2.1536	3.2184	842.50	-0.0069921	2.8689e-05	0.094464	supercritical
403.69	586.00	221.17	0.0045214	755.14	1020.1	3.7318	2.1565	3.2194	841.95	-0.0069421	2.8649e-05	0.094466	supercritical
404.69	586.00	220.65	0.0045321	757.74	1023.3	3.7398	2.1595	3.2204	841.40	-0.0068933	2.8610e-05	0.094469	supercritical
405.69	586.00	220.13	0.0045427	760.34	1026.5	3.7477	2.1624	3.2215	840.86	-0.0068458	2.8571e-05	0.094474	supercritical
406.69	586.00	219.62	0.0045534	762.93	1029.8	3.7556	2.1654	3.2226	840.33	-0.0067997	2.8532e-05	0.094480	supercritical
407.69	586.00	219.10	0.0045641	765.53	1033.0	3.7636	2.1684	3.2236	839.80	-0.0067548	2.8494e-05	0.094487	supercritical
408.69	586.00	218.59	0.0045747	768.13	1036.2	3.7715	2.1714	3.2247	839.29	-0.0067111	2.8456e-05	0.094496	supercritical
409.69	586.00	218.08	0.0045854	770.73	1039.4	3.7793	2.1744	3.2258	838.78	-0.0066688	2.8419e-05	0.094507	supercritical
410.69	586.00	217.58	0.0045961	773.33	1042.7	3.7872	2.1774	3.2270	838.28	-0.0066277	2.8383e-05	0.094518	supercritical
411.69	586.00	217.07	0.0046067	775.93	1045.9	3.7951	2.1804	3.2281	837.79	-0.0065878	2.8347e-05	0.094532	supercritical
412.69	586.00	216.57	0.0046174	778.54	1049.1	3.8029	2.1834	3.2292	837.30	-0.0065491	2.8311e-05	0.094546	supercritical
413.69	586.00	216.07	0.0046281	781.14	1052.3	3.8107	2.1864	3.2304	836.83	-0.0065116	2.8276e-05	0.094562	supercritical
414.69	586.00	215.57	0.0046388	783.75	1055.6	3.8185	2.1895	3.2315	836.36	-0.0064754	2.8241e-05	0.094579	supercritical
415.69	586.00	215.08	0.0046494	786.35	1058.8	3.8263	2.1925	3.2327	835.90	-0.0064403	2.8207e-05	0.094598	supercritical
416.69	586.00	214.59	0.0046601	788.96	1062.0	3.8341	2.1956	3.2339	835.45	-0.0064064	2.8173e-05	0.094618	supercritical
417.69	586.00	214.10	0.0046708	791.57	1065.3	3.8418	2.1986	3.2351	835.00	-0.0063737	2.8140e-05	0.094639	supercritical
418.69	586.00	213.61	0.0046815	794.18	1068.5	3.8495	2.2017	3.2363	834.56	-0.0063421	2.8107e-05	0.094662	supercritical
419.69	586.00	213.12	0.0046922	796.79	1071.8	3.8573	2.2048	3.2375	834.13	-0.0063117	2.8074e-05	0.094686	supercritical
420.69	586.00	212.64	0.0047029	799.40	1075.0	3.8650	2.2078	3.2388	833.71	-0.0062824	2.8042e-05	0.094711	supercritical
421.69	586.00	212.15	0.0047136	802.01	1078.2	3.8727	2.2109	3.2400	833.29	-0.0062542	2.8011e-05	0.094738	supercritical
422.69	586.00	211.67	0.0047243	804.63	1081.5	3.8803	2.2140	3.2413	832.88	-0.0062271	2.7980e-05	0.094766	supercritical
423.69	586.00	211.19	0.0047350	807.24	1084.7	3.8880	2.2171	3.2426	832.48	-0.0062011	2.7949e-05	0.094795	supercritical
424.69	586.00	210.72	0.0047457	809.86	1088.0	3.8956	2.2202	3.2438	832.08	-0.0061762	2.7919e-05	0.094825	supercritical
425.69	586.00	210.24	0.0047564	812.47	1091.2	3.9033	2.2233	3.2451	831.70	-0.0061524	2.7889e-05	0.094857	supercritical
426.69	586.00	209.77	0.0047671	815.09	1094.4	3.9109	2.2265	3.2464	831.31	-0.0061296	2.7860e-05	0.094890	supercritical
427.69	586.00	209.30	0.0047778	817.71	1097.7	3.9185	2.2296	3.2478	830.94	-0.0061078	2.7831e-05	0.094924	supercritical
428.69	586.00	208.83	0.0047885	820.33	1100.9	3.9261	2.2327	3.2491	830.57	-0.0060871	2.7802e-05	0.094959	supercritical
429.69	586.00	208.37	0.0047992	822.96	1104.2	3.9337	2.2359	3.2504	830.21	-0.0060674	2.7774e-05	0.094996	supercritical
430.69	586.00	207.90	0.0048099	825.58	1107.4	3.9412	2.2390	3.2518	829.85	-0.0060488	2.7746e-05	0.095034	supercritical
431.69	586.00	207.44	0.0048206	828.20	1110.7	3.9488	2.2422	3.2531	829.51	-0.0060311	2.7718e-05	0.095073	supercritical
432.69	586.00	206.98	0.0048314	830.83	1113.9	3.9563	2.2453	3.2545	829.16	-0.0060144	2.7691e-05	0.095113	supercritical
433.69	586.00	206.52	0.0048421	833.46	1117.2	3.9638	2.2485	3.2559	828.83	-0.0059987	2.7665e-05	0.095154	supercritical
434.69	586.00	206.07	0.0048528	836.09	1120.5	3.9713	2.2517	3.2573	828.50	-0.0059840	2.7638e-05	0.095196	supercritical
435.69	586.00	205.61	0.0048635	838.72	1123.7	3.9788	2.2549	3.2587	828.17	-0.0059702	2.7613e-05	0.095240	supercritical
436.69	586.00	205.16	0.0048742	841.35	1127.0	3.9863	2.2580	3.2601	827.86	-0.0059574	2.7587e-05	0.095285	supercritical
437.69	586.00	204.71	0.0048849	843.98	1130.2	3.9937	2.2612	3.2616	827.55	-0.0059455	2.7562e-05	0.095331	supercritical
438.69	586.00	204.26	0.0048957	846.61	1133.5	4.0012	2.2644	3.2630	827.24	-0.0059345	2.7537e-05	0.095378	supercritical
439.69	586.00	203.82	0.0049064	849.25	1136.8	4.0086	2.2676	3.2645	826.94	-0.0059244	2.7513e-05	0.095426	supercritical
440.69	586.00	203.37	0.0049171	851.89	1140.0	4.0160	2.2708	3.2659	826.65	-0.0059152	2.7489e-05	0.095475	supercritical
441.69	586.00	202.93	0.0049278	854.53	1143.3	4.0234	2.2740	3.2674	826.36	-0.0059069	2.7465e-05	0.095525	supercritical
442.69	586.00	202.49	0.0049385	857.17	1146.6	4.0308	2.2773	3.2689	826.08	-0.0058995	2.7442e-05	0.095577	supercritical
443.69	586.00	202.05	0.0049492	859.81	1149.8	4.0382	2.2805	3.2704	825.80	-0.0058929	2.7418e-05	0.095629	supercritical
444.69	586.00	201.61	0.0049600	862.45	1153.1	4.0455	2.2837	3.2719	825.53	-0.0058872	2.7396e-05	0.095683	supercritical
445.69	586.00	201.18	0.0049707	865.09	1156.4	4.0529	2.2870	3.2734	825.27	-0.0058824	2.7373e-05	0.095737	supercritical
446.69	586.00	200.75	0.0049814	867.74	1159.7	4.0602	2.2902	3.2750	825.01	-0.0058783	2.7352e-05	0.095793	supercritical
447.69	586.00	200.32	0.0049921	870.39	1162.9	4.0676	2.2934	3.2765	824.76	-0.0058751	2.7330e-05	0.095850	supercritical
448.69	586.00	199.89	0.0050029	873.04	1166.2	4.0749	2.2967	3.2781	824.51	-0.0058727	2.7309e-05	0.095908	supercritical
449.69	586.00	199.46	0.0050136	875.69	1169.5	4.0822	2.2999	3.2796	824.27	-0.0058711	2.7288e-05	0.095966	supercritical
450.69	586.00	199.03	0.0050243	878.34	1172.8	4.0895	2.3032	3.2812	824.03	-0.0058703	2.7267e-05	0.096026	supercritical
451.69	586.00	198.61	0.0050350	880.99	1176.0	4.0967	2.3065	3.2828	823.80	-0.0058703	2.7246e-05	0.096087	supercritical
452.69	586.00	198.19	0.0050457	883.65	1179.3	4.1040	2.3097	3.2844	823.57	-0.0058711	2.7226e-05	0.096149	supercritical
453.69	586.00	197.77	0.0050565	886.31	1182.6	4.1112	2.3130	3.2860	823.35	-0.0058725	2.7207e-05	0.096212	supercritical
454.69	586.00	197.35	0.0050672	888.96	1185.9	4.1185	2.3163	3.2876	823.13	-0.0058748	2.7187e-05	0.096276	supercritical
455.69	586.00	196.93	0.0050779	891.63	1189.2	4.1257	2.3196	3.2893	822.92	-0.0058778	2.7168e-05	0.096340	supercritical
456.69	586.00	196.52	0.0050886	894.29	1192.5	4.1329	2.3228	3.2909	822.72	-0.0058815	2.7149e-05	0.096406	supercritical
457.69	586.00	196.10	0.0050993	896.95	1195.8	4.1401	2.3261	3.2925	822.51	-0.0058859	2.7131e-05	0.096473	supercritical
458.69	586.00	195.69	0.0051100	899.62	1199.1	4.1473	2.3294	3.2942	822.32	-0.0058910	2.7113e-05	0.096541	supercritical
459.69	586.00	195.28	0.0051208	902.28	1202.4	4.1545	2.3327	3.2959	822.13	-0.0058969	2.7095e-05	0.096610	supercritical
460.69	586.00	194.88	0.0051315	904.95	1205.7	4.1616	2.3360	3.2976	821.94	-0.0059034	2.7077e-05	0.096679	supercritical
461.69	586.00	194.47	0.0051422	907.62	1209.0	4.1688	2.3393	3.2993	821.76	-0.0059106	2.7060e-05	0.096750	supercritical
462.69	586.00	194.07	0.0051529	910.29	1212.3	4.1759	2.3427	3.3010	821.58	-0.0059184	2.7043e-05	0.096821	supercritical
463.69	586.00	193.66	0.0051636	912.97	1215.6	4.1831	2.3460	3.3027	821.41	-0.0059270	2.7026e-05	0.096894	supercritical
464.69	586.00	193.26	0.0051743	915.64	1218.9	4.1902	2.3493	3.3044	821.24	-0.0059361	2.7010e-05	0.096967	supercritical
465.69	586.00	192.86	0.0051851	918.32	1222.2	4.1973	2.3526	3.3061	821.08	-0.0059459	2.6993e-05	0.097042	supercritical
466.69	586.00	192.46	0.0051958	921.00	1225.5	4.2044	2.3559	3.3079	820.92	-0.0059564	2.6978e-05	0.097117	supercritical
467.69	586.00	192.07	0.0052065	923.68	1228.8	4.2115	2.3593	3.3096	820.76	-0.0059674	2.6962e-05	0.097193	supercritical
468.69	586.00	191.67	0.0052172	926.37	1232.1	4.2185	2.3626	3.3114	820.61	-0.0059791	2.6947e-05	0.097270	supercritical
469.69	586.00	191.28	0.0052279	929.05	1235.4	4.2256	2.3659	3.3132	820.47	-0.0059914	2.6931e-05	0.097348	supercritical
470.69	586.00	190.89	0.0052386	931.74	1238.7	4.2326	2.3693	3.3149	820.33	-0.0060042	2.6917e-05	0.097427	supercritical
471.69	586.00	190.50	0.0052493	934.42	1242.0	4.2397	2.3726	3.3167	820.19	-0.0060177	2.6902e-05	0.097506	supercritical
472.69	586.00	190.11	0.0052600	937.12	1245.4	4.2467	2.3760	3.3185	820.06	-0.0060317	2.6888e-05	0.097587	supercritical
473.69	586.00	189.73	0.0052707	939.81	1248.7	4.2537	2.3793	3.3203	819.93	-0.0060463	2.6874e-05	0.097668	supercritical
474.69	586.00	189.34	0.0052814	942.50	1252.0	4.2607	2.3827	3.3222	819.80	-0.0060614	2.6860e-05	0.097751	supercritical
475.69	586.00	188.96	0.0052921	945.20	1255.3	4.2677	2.3860	3.3240	819.68	-0.0060771	2.6846e-05	0.097834	supercritical
476.69	586.00	188.58	0.0053028	947.90	1258.6	4.2747	2.3894	3.3258	819.57	-0.0060934	2.6833e-05	0.097918	supercritical
477.69	586.00	188.20	0.0053135	950.60	1262.0	4.2817	2.3928	3.3277	819.46	-0.0061101	2.6820e-05	0.098002	supercritical
478.69	586.00	187.82	0.0053242	953.30	1265.3	4.2886	2.3961	3.3295	819.35	-0.0061274	2.6807e-05	0.098088	supercritical
479.69	586.00	187.44	0.0053349	956.00	1268.6	4.2956	2.3995	3.3314	819.25	-0.0061452	2.6795e-05	0.098175	supercritical
480.69	586.00	187.07	0.0053456	958.71	1272.0	4.3025	2.4029	3.3333	819.15	-0.0061635	2.6782e-05	0.098262	supercritical
481.69	586.00	186.70	0.0053563	961.41	1275.3	4.3094	2.4062	3.3352	819.05	-0.0061824	2.6770e-05	0.098350	supercritical
482.69	586.00	186.32	0.0053670	964.12	1278.6	4.3164	2.4096	3.3371	818.96	-0.0062017	2.6759e-05	0.098439	supercritical
483.69	586.00	185.95	0.0053777	966.84	1282.0	4.3233	2.4130	3.3390	818.87	-0.0062214	2.6747e-05	0.098529	supercritical
484.69	586.00	185.59	0.0053884	969.55	1285.3	4.3302	2.4164	3.3409	818.78	-0.0062417	2.6736e-05	0.098619	supercritical
485.69	586.00	185.22	0.0053990	972.26	1288.6	4.3371	2.4198	3.3428	818.70	-0.0062624	2.6725e-05	0.098710	supercritical
486.69	586.00	184.85	0.0054097	974.98	1292.0	4.3439	2.4232	3.3447	818.63	-0.0062836	2.6714e-05	0.098802	supercritical
487.69	586.00	184.49	0.0054204	977.70	1295.3	4.3508	2.4266	3.3467	818.55	-0.0063052	2.6703e-05	0.098895	supercritical
488.69	586.00	184.12	0.0054311	980.42	1298.7	4.3577	2.4300	3.3486	818.48	-0.0063273	2.6692e-05	0.098989	supercritical
489.69	586.00	183.76	0.0054418	983.15	1302.0	4.3645	2.4333	3.3506	818.42	-0.0063498	2.6682e-05	0.099083	supercritical
490.69	586.00	183.40	0.0054524	985.87	1305.4	4.3713	2.4367	3.3525	818.35	-0.0063727	2.6672e-05	0.099179	supercritical
491.69	586.00	183.05	0.0054631	988.60	1308.7	4.3782	2.4401	3.3545	818.29	-0.0063961	2.6662e-05	0.099274	supercritical
492.69	586.00	182.69	0.0054738	991.33	1312.1	4.3850	2.4436	3.3565	818.24	-0.0064199	2.6653e-05	0.099371	supercritical
493.69	586.00	182.33	0.0054845	994.06	1315.5	4.3918	2.4470	3.3585	818.19	-0.0064441	2.6643e-05	0.099469	supercritical
494.69	586.00	181.98	0.0054951	996.80	1318.8	4.3986	2.4504	3.3605	818.14	-0.0064686	2.6634e-05	0.099567	supercritical
495.69	586.00	181.63	0.0055058	999.53	1322.2	4.4054	2.4538	3.3625	818.09	-0.0064936	2.6625e-05	0.099666	supercritical
496.69	586.00	181.28	0.0055165	1002.3	1325.5	4.4122	2.4572	3.3645	818.05	-0.0065190	2.6617e-05	0.099765	supercritical
497.69	586.00	180.93	0.0055271	1005.0	1328.9	4.4189	2.4606	3.3665	818.01	-0.0065447	2.6608e-05	0.099866	supercritical
498.69	586.00	180.58	0.0055378	1007.8	1332.3	4.4257	2.4640	3.3685	817.97	-0.0065708	2.6600e-05	0.099967	supercritical
499.69	586.00	180.23	0.0055485	1010.5	1335.6	4.4324	2.4674	3.3706	817.94	-0.0065973	2.6592e-05	0.10007	supercritical
500.69	586.00	179.88	0.0055591	1013.2	1339.0	4.4392	2.4709	3.3726	817.91	-0.0066241	2.6584e-05	0.10017	supercritical
501.69	586.00	179.54	0.0055698	1016.0	1342.4	4.4459	2.4743	3.3747	817.89	-0.0066513	2.6576e-05	0.10027	supercritical
502.69	586.00	179.20	0.0055804	1018.7	1345.8	4.4526	2.4777	3.3767	817.86	-0.0066788	2.6568e-05	0.10038	supercritical
503.69	586.00	178.86	0.0055911	1021.5	1349.1	4.4593	2.4811	3.3788	817.84	-0.0067067	2.6561e-05	0.10048	supercritical
504.69	586.00	178.52	0.0056017	1024.3	1352.5	4.4660	2.4846	3.3809	817.83	-0.0067349	2.6554e-05	0.10059	supercritical
505.69	586.00	178.18	0.0056124	1027.0	1355.9	4.4727	2.4880	3.3830	817.81	-0.0067634	2.6547e-05	0.10069	supercritical
506.69	586.00	177.84	0.0056230	1029.8	1359.3	4.4794	2.4914	3.3851	817.80	-0.0067922	2.6540e-05	0.10080	supercritical
507.69	586.00	177.50	0.0056337	1032.5	1362.7	4.4861	2.4949	3.3872	817.79	-0.0068214	2.6533e-05	0.10091	supercritical
508.69	586.00	177.17	0.0056443	1035.3	1366.1	4.4928	2.4983	3.3893	817.79	-0.0068508	2.6527e-05	0.10102	supercritical
509.69	586.00	176.84	0.0056549	1038.1	1369.4	4.4994	2.5017	3.3914	817.79	-0.0068806	2.6521e-05	0.10113	supercritical
510.69	586.00	176.50	0.0056656	1040.8	1372.8	4.5061	2.5052	3.3935	817.79	-0.0069106	2.6515e-05	0.10123	supercritical
511.69	586.00	176.17	0.0056762	1043.6	1376.2	4.5127	2.5086	3.3956	817.79	-0.0069410	2.6509e-05	0.10135	supercritical
512.69	586.00	175.84	0.0056868	1046.4	1379.6	4.5194	2.5120	3.3978	817.80	-0.0069716	2.6503e-05	0.10146	supercritical
513.69	586.00	175.52	0.0056975	1049.2	1383.0	4.5260	2.5155	3.3999	817.81	-0.0070025	2.6498e-05	0.10157	supercritical
514.69	586.00	175.19	0.0057081	1051.9	1386.4	4.5326	2.5189	3.4021	817.82	-0.0070337	2.6492e-05	0.10168	supercritical
515.69	586.00	174.86	0.0057187	1054.7	1389.8	4.5392	2.5224	3.4042	817.84	-0.0070651	2.6487e-05	0.10179	supercritical
516.69	586.00	174.54	0.0057293	1057.5	1393.2	4.5458	2.5258	3.4064	817.85	-0.0070969	2.6482e-05	0.10191	supercritical
517.69	586.00	174.22	0.0057400	1060.3	1396.6	4.5524	2.5293	3.4086	817.87	-0.0071288	2.6477e-05	0.10202	supercritical
518.69	586.00	173.90	0.0057506	1063.1	1400.1	4.5590	2.5327	3.4108	817.90	-0.0071610	2.6473e-05	0.10213	supercritical
519.69	586.00	173.58	0.0057612	1065.9	1403.5	4.5655	2.5362	3.4129	817.92	-0.0071935	2.6468e-05	0.10225	supercritical
520.69	586.00	173.26	0.0057718	1068.7	1406.9	4.5721	2.5396	3.4151	817.95	-0.0072262	2.6464e-05	0.10237	supercritical
521.69	586.00	172.94	0.0057824	1071.5	1410.3	4.5786	2.5431	3.4173	817.98	-0.0072591	2.6460e-05	0.10248	supercritical
522.69	586.00	172.62	0.0057930	1074.2	1413.7	4.5852	2.5465	3.4195	818.01	-0.0072923	2.6456e-05	0.10260	supercritical
523.69	586.00	172.31	0.0058036	1077.0	1417.1	4.5917	2.5500	3.4218	818.05	-0.0073257	2.6452e-05	0.10272	supercritical
524.69	586.00	171.99	0.0058142	1079.8	1420.6	4.5983	2.5534	3.4240	818.09	-0.0073593	2.6448e-05	0.10283	supercritical
525.69	586.00	171.68	0.0058248	1082.7	1424.0	4.6048	2.5569	3.4262	818.13	-0.0073931	2.6445e-05	0.10295	supercritical
526.69	586.00	171.37	0.0058354	1085.5	1427.4	4.6113	2.5603	3.4284	818.17	-0.0074271	2.6441e-05	0.10307	supercritical
527.69	586.00	171.06	0.0058460	1088.3	1430.8	4.6178	2.5638	3.4307	818.22	-0.0074614	2.6438e-05	0.10319	supercritical
528.69	586.00	170.75	0.0058566	1091.1	1434.3	4.6243	2.5672	3.4329	818.27	-0.0074958	2.6435e-05	0.10331	supercritical
529.69	586.00	170.44	0.0058672	1093.9	1437.7	4.6308	2.5707	3.4352	818.32	-0.0075304	2.6432e-05	0.10344	supercritical
530.69	586.00	170.13	0.0058778	1096.7	1441.1	4.6373	2.5742	3.4374	818.37	-0.0075652	2.6429e-05	0.10356	supercritical
531.69	586.00	169.83	0.0058884	1099.5	1444.6	4.6437	2.5776	3.4397	818.43	-0.0076003	2.6427e-05	0.10368	supercritical
532.69	586.00	169.52	0.0058990	1102.3	1448.0	4.6502	2.5811	3.4420	818.49	-0.0076354	2.6424e-05	0.10380	supercritical
533.69	586.00	169.22	0.0059095	1105.2	1451.5	4.6567	2.5845	3.4443	818.55	-0.0076708	2.6422e-05	0.10393	supercritical
534.69	586.00	168.92	0.0059201	1108.0	1454.9	4.6631	2.5880	3.4465	818.61	-0.0077064	2.6420e-05	0.10405	supercritical
535.69	586.00	168.61	0.0059307	1110.8	1458.4	4.6696	2.5915	3.4488	818.67	-0.0077421	2.6418e-05	0.10418	supercritical
536.69	586.00	168.31	0.0059413	1113.7	1461.8	4.6760	2.5949	3.4511	818.74	-0.0077779	2.6416e-05	0.10430	supercritical
537.69	586.00	168.02	0.0059518	1116.5	1465.3	4.6824	2.5984	3.4534	818.81	-0.0078140	2.6414e-05	0.10443	supercritical
538.69	586.00	167.72	0.0059624	1119.3	1468.7	4.6888	2.6019	3.4557	818.88	-0.0078502	2.6413e-05	0.10455	supercritical
539.69	586.00	167.42	0.0059730	1122.2	1472.2	4.6952	2.6053	3.4580	818.95	-0.0078865	2.6411e-05	0.10468	supercritical
540.69	586.00	167.13	0.0059835	1125.0	1475.6	4.7017	2.6088	3.4604	819.03	-0.0079230	2.6410e-05	0.10481	supercritical
541.69	586.00	166.83	0.0059941	1127.8	1479.1	4.7080	2.6123	3.4627	819.11	-0.0079596	2.6409e-05	0.10494	supercritical
542.69	586.00	166.54	0.0060046	1130.7	1482.6	4.7144	2.6157	3.4650	819.19	-0.0079964	2.6407e-05	0.10506	supercritical
543.69	586.00	166.25	0.0060152	1133.5	1486.0	4.7208	2.6192	3.4674	819.27	-0.0080333	2.6407e-05	0.10519	supercritical
544.69	586.00	165.96	0.0060257	1136.4	1489.5	4.7272	2.6227	3.4697	819.35	-0.0080704	2.6406e-05	0.10532	supercritical
545.69	586.00	165.67	0.0060363	1139.2	1493.0	4.7336	2.6261	3.4720	819.44	-0.0081075	2.6405e-05	0.10545	supercritical
546.69	586.00	165.38	0.0060468	1142.1	1496.4	4.7399	2.6296	3.4744	819.53	-0.0081448	2.6405e-05	0.10558	supercritical
547.69	586.00	165.09	0.0060574	1145.0	1499.9	4.7463	2.6331	3.4768	819.62	-0.0081822	2.6404e-05	0.10572	supercritical
548.69	586.00	164.80	0.0060679	1147.8	1503.4	4.7526	2.6365	3.4791	819.71	-0.0082198	2.6404e-05	0.10585	supercritical
549.69	586.00	164.52	0.0060784	1150.7	1506.9	4.7589	2.6400	3.4815	819.80	-0.0082574	2.6404e-05	0.10598	supercritical
550.69	586.00	164.23	0.0060890	1153.5	1510.4	4.7653	2.6435	3.4839	819.90	-0.0082952	2.6404e-05	0.10611	supercritical
551.69	586.00	163.95	0.0060995	1156.4	1513.8	4.7716	2.6469	3.4862	819.99	-0.0083331	2.6404e-05	0.10625	supercritical
552.69	586.00	163.67	0.0061100	1159.3	1517.3	4.7779	2.6504	3.4886	820.09	-0.0083710	2.6404e-05	0.10638	supercritical
553.69	586.00	163.38	0.0061206	1162.2	1520.8	4.7842	2.6539	3.4910	820.20	-0.0084091	2.6404e-05	0.10651	supercritical
554.69	586.00	163.10	0.0061311	1165.0	1524.3	4.7905	2.6573	3.4934	820.30	-0.0084473	2.6405e-05	0.10665	supercritical
555.69	586.00	162.82	0.0061416	1167.9	1527.8	4.7968	2.6608	3.4958	820.40	-0.0084855	2.6405e-05	0.10678	supercritical
556.69	586.00	162.55	0.0061521	1170.8	1531.3	4.8031	2.6643	3.4982	820.51	-0.0085239	2.6406e-05	0.10692	supercritical
557.69	586.00	162.27	0.0061626	1173.7	1534.8	4.8094	2.6677	3.5006	820.62	-0.0085623	2.6407e-05	0.10706	supercritical
558.69	586.00	161.99	0.0061731	1176.6	1538.3	4.8157	2.6712	3.5030	820.73	-0.0086009	2.6408e-05	0.10719	supercritical
559.69	586.00	161.72	0.0061836	1179.4	1541.8	4.8219	2.6747	3.5054	820.84	-0.0086395	2.6409e-05	0.10733	supercritical
560.69	586.00	161.44	0.0061942	1182.3	1545.3	4.8282	2.6781	3.5079	820.96	-0.0086782	2.6410e-05	0.10747	supercritical
561.69	586.00	161.17	0.0062047	1185.2	1548.8	4.8344	2.6816	3.5103	821.07	-0.0087169	2.6411e-05	0.10761	supercritical
562.69	586.00	160.90	0.0062152	1188.1	1552.3	4.8407	2.6851	3.5127	821.19	-0.0087558	2.6413e-05	0.10775	supercritical
563.69	586.00	160.63	0.0062257	1191.0	1555.8	4.8469	2.6886	3.5152	821.31	-0.0087947	2.6414e-05	0.10789	supercritical
564.69	586.00	160.36	0.0062361	1193.9	1559.4	4.8532	2.6920	3.5176	821.43	-0.0088336	2.6416e-05	0.10803	supercritical
565.69	586.00	160.09	0.0062466	1196.8	1562.9	4.8594	2.6955	3.5201	821.55	-0.0088727	2.6418e-05	0.10817	supercritical
566.69	586.00	159.82	0.0062571	1199.7	1566.4	4.8656	2.6990	3.5225	821.68	-0.0089118	2.6420e-05	0.10831	supercritical
567.69	586.00	159.55	0.0062676	1202.6	1569.9	4.8718	2.7024	3.5250	821.80	-0.0089509	2.6421e-05	0.10845	supercritical
568.69	586.00	159.28	0.0062781	1205.6	1573.5	4.8780	2.7059	3.5274	821.93	-0.0089901	2.6424e-05	0.10859	supercritical
569.69	586.00	159.02	0.0062886	1208.5	1577.0	4.8842	2.7094	3.5299	822.06	-0.0090294	2.6426e-05	0.10873	supercritical
570.69	586.00	158.75	0.0062991	1211.4	1580.5	4.8904	2.7128	3.5324	822.19	-0.0090687	2.6428e-05	0.10887	supercritical
571.69	586.00	158.49	0.0063095	1214.3	1584.0	4.8966	2.7163	3.5348	822.32	-0.0091081	2.6430e-05	0.10902	supercritical
572.69	586.00	158.23	0.0063200	1217.2	1587.6	4.9028	2.7198	3.5373	822.46	-0.0091475	2.6433e-05	0.10916	supercritical
573.69	586.00	157.97	0.0063305	1220.2	1591.1	4.9090	2.7232	3.5398	822.59	-0.0091869	2.6435e-05	0.10930	supercritical
574.69	586.00	157.71	0.0063409	1223.1	1594.7	4.9151	2.7267	3.5423	822.73	-0.0092264	2.6438e-05	0.10945	supercritical
575.69	586.00	157.45	0.0063514	1226.0	1598.2	4.9213	2.7301	3.5448	822.87	-0.0092659	2.6441e-05	0.10959	supercritical
576.69	586.00	157.19	0.0063619	1228.9	1601.8	4.9274	2.7336	3.5472	823.01	-0.0093055	2.6444e-05	0.10974	supercritical
577.69	586.00	156.93	0.0063723	1231.9	1605.3	4.9336	2.7371	3.5497	823.15	-0.0093451	2.6447e-05	0.10988	supercritical
578.69	586.00	156.67	0.0063828	1234.8	1608.9	4.9397	2.7405	3.5522	823.29	-0.0093847	2.6450e-05	0.11003	supercritical
579.69	586.00	156.42	0.0063932	1237.8	1612.4	4.9459	2.7440	3.5548	823.44	-0.0094244	2.6453e-05	0.11018	supercritical
580.69	586.00	156.16	0.0064037	1240.7	1616.0	4.9520	2.7475	3.5573	823.58	-0.0094641	2.6456e-05	0.11032	supercritical
581.69	586.00	155.91	0.0064141	1243.7	1619.5	4.9581	2.7509	3.5598	823.73	-0.0095038	2.6460e-05	0.11047	supercritical
582.69	586.00	155.65	0.0064246	1246.6	1623.1	4.9642	2.7544	3.5623	823.88	-0.0095435	2.6463e-05	0.11062	supercritical
583.69	586.00	155.40	0.0064350	1249.6	1626.6	4.9703	2.7578	3.5648	824.03	-0.0095833	2.6467e-05	0.11077	supercritical
584.69	586.00	155.15	0.0064454	1252.5	1630.2	4.9764	2.7613	3.5673	824.18	-0.0096230	2.6470e-05	0.11092	supercritical
585.69	586.00	154.90	0.0064559	1255.5	1633.8	4.9825	2.7648	3.5699	824.34	-0.0096628	2.6474e-05	0.11107	supercritical
586.69	586.00	154.65	0.0064663	1258.4	1637.4	4.9886	2.7682	3.5724	824.49	-0.0097026	2.6478e-05	0.11122	supercritical
587.69	586.00	154.40	0.0064767	1261.4	1640.9	4.9947	2.7717	3.5749	824.65	-0.0097424	2.6482e-05	0.11137	supercritical
588.69	586.00	154.15	0.0064872	1264.4	1644.5	5.0008	2.7751	3.5775	824.80	-0.0097822	2.6486e-05	0.11152	supercritical
589.69	586.00	153.90	0.0064976	1267.3	1648.1	5.0069	2.7786	3.5800	824.96	-0.0098220	2.6490e-05	0.11167	supercritical
590.69	586.00	153.66	0.0065080	1270.3	1651.7	5.0129	2.7820	3.5825	825.12	-0.0098619	2.6494e-05	0.11182	supercritical
591.69	586.00	153.41	0.0065184	1273.3	1655.2	5.0190	2.7855	3.5851	825.28	-0.0099017	2.6498e-05	0.11197	supercritical
592.69	586.00	153.17	0.0065288	1276.2	1658.8	5.0251	2.7890	3.5876	825.44	-0.0099415	2.6503e-05	0.11212	supercritical
593.69	586.00	152.92	0.0065393	1279.2	1662.4	5.0311	2.7924	3.5902	825.61	-0.0099814	2.6507e-05	0.11227	supercritical
594.69	586.00	152.68	0.0065497	1282.2	1666.0	5.0372	2.7959	3.5928	825.77	-0.010021	2.6512e-05	0.11243	supercritical
595.69	586.00	152.44	0.0065601	1285.2	1669.6	5.0432	2.7993	3.5953	825.94	-0.010061	2.6516e-05	0.11258	supercritical
596.69	586.00	152.20	0.0065705	1288.2	1673.2	5.0492	2.8028	3.5979	826.10	-0.010101	2.6521e-05	0.11273	supercritical
597.69	586.00	151.96	0.0065809	1291.2	1676.8	5.0553	2.8062	3.6005	826.27	-0.010141	2.6526e-05	0.11289	supercritical
598.69	586.00	151.72	0.0065913	1294.2	1680.4	5.0613	2.8097	3.6030	826.44	-0.010181	2.6531e-05	0.11304	supercritical
599.69	586.00	151.48	0.0066017	1297.1	1684.0	5.0673	2.8131	3.6056	826.61	-0.010220	2.6536e-05	0.11320	supercritical
600.69	586.00	151.24	0.0066121	1300.1	1687.6	5.0733	2.8166	3.6082	826.79	-0.010260	2.6541e-05	0.11335	supercritical
601.69	586.00	151.00	0.0066225	1303.1	1691.2	5.0793	2.8200	3.6108	826.96	-0.010300	2.6546e-05	0.11351	supercritical
602.69	586.00	150.76	0.0066328	1306.2	1694.8	5.0853	2.8235	3.6133	827.13	-0.010340	2.6551e-05	0.11366	supercritical
603.69	586.00	150.53	0.0066432	1309.2	1698.5	5.0913	2.8269	3.6159	827.31	-0.010379	2.6556e-05	0.11382	supercritical
604.69	586.00	150.29	0.0066536	1312.2	1702.1	5.0973	2.8303	3.6185	827.49	-0.010419	2.6561e-05	0.11398	supercritical
605.69	586.00	150.06	0.0066640	1315.2	1705.7	5.1033	2.8338	3.6211	827.66	-0.010459	2.6567e-05	0.11413	supercritical
606.69	586.00	149.83	0.0066744	1318.2	1709.3	5.1092	2.8372	3.6237	827.84	-0.010499	2.6572e-05	0.11429	supercritical
607.69	586.00	149.59	0.0066847	1321.2	1712.9	5.1152	2.8407	3.6263	828.02	-0.010538	2.6578e-05	0.11445	supercritical
608.69	586.00	149.36	0.0066951	1324.2	1716.6	5.1212	2.8441	3.6289	828.20	-0.010578	2.6584e-05	0.11461	supercritical
609.69	586.00	149.13	0.0067055	1327.3	1720.2	5.1271	2.8475	3.6315	828.39	-0.010617	2.6589e-05	0.11476	supercritical
610.69	586.00	148.90	0.0067158	1330.3	1723.8	5.1331	2.8510	3.6341	828.57	-0.010657	2.6595e-05	0.11492	supercritical
611.69	586.00	148.67	0.0067262	1333.3	1727.5	5.1390	2.8544	3.6367	828.75	-0.010697	2.6601e-05	0.11508	supercritical
612.69	586.00	148.44	0.0067366	1336.3	1731.1	5.1450	2.8579	3.6393	828.94	-0.010736	2.6607e-05	0.11524	supercritical
613.69	586.00	148.22	0.0067469	1339.4	1734.7	5.1509	2.8613	3.6419	829.13	-0.010776	2.6613e-05	0.11540	supercritical
614.69	586.00	147.99	0.0067573	1342.4	1738.4	5.1568	2.8647	3.6446	829.31	-0.010815	2.6619e-05	0.11556	supercritical
615.69	586.00	147.76	0.0067676	1345.4	1742.0	5.1628	2.8682	3.6472	829.50	-0.010855	2.6625e-05	0.11572	supercritical
616.69	586.00	147.54	0.0067780	1348.5	1745.7	5.1687	2.8716	3.6498	829.69	-0.010894	2.6632e-05	0.11588	supercritical
617.69	586.00	147.31	0.0067883	1351.5	1749.3	5.1746	2.8750	3.6524	829.88	-0.010933	2.6638e-05	0.11604	supercritical
618.69	586.00	147.09	0.0067986	1354.6	1753.0	5.1805	2.8784	3.6551	830.07	-0.010973	2.6644e-05	0.11621	supercritical
619.69	586.00	146.86	0.0068090	1357.6	1756.6	5.1864	2.8819	3.6577	830.27	-0.011012	2.6651e-05	0.11637	supercritical
620.69	586.00	146.64	0.0068193	1360.7	1760.3	5.1923	2.8853	3.6603	830.46	-0.011051	2.6657e-05	0.11653	supercritical
621.69	586.00	146.42	0.0068297	1363.7	1764.0	5.1982	2.8887	3.6630	830.65	-0.011090	2.6664e-05	0.11669	supercritical
622.69	586.00	146.20	0.0068400	1366.8	1767.6	5.2041	2.8921	3.6656	830.85	-0.011130	2.6670e-05	0.11686	supercritical
623.69	586.00	145.98	0.0068503	1369.9	1771.3	5.2100	2.8956	3.6682	831.05	-0.011169	2.6677e-05	0.11702	supercritical
624.69	586.00	145.76	0.0068606	1372.9	1775.0	5.2159	2.8990	3.6709	831.24	-0.011208	2.6684e-05	0.11718	supercritical