Temperature (K)	Pressure (bar)	Density (kg/m3)	Volume (m3/kg)	Internal Energy (kJ/kg)	Enthalpy (kJ/kg)	Entropy (J/g*K)	Cv (J/g*K)	Cp (J/g*K)	Sound Spd. (m/s)	Joule-Thomson (K/bar)	Viscosity (Pa*s)	Therm. Cond. (W/m*K)	Phase
90.694	374.00	472.05	0.0021184	-89.004	-9.7755	-0.91765	2.2455	3.2430	1751.6	-0.051843	0.00033454	0.24099	liquid
100.69	374.00	461.31	0.0021677	-58.428	22.645	-0.57855	2.1928	3.2430	1686.2	-0.051166	0.00023133	0.23121	liquid
101.69	374.00	460.24	0.0021728	-55.374	25.888	-0.54650	2.1881	3.2435	1679.6	-0.051080	0.00022430	0.23017	liquid
102.69	374.00	459.16	0.0021779	-52.321	29.132	-0.51476	2.1835	3.2440	1672.9	-0.050992	0.00021768	0.22911	liquid
103.69	374.00	458.09	0.0021830	-49.268	32.376	-0.48332	2.1789	3.2446	1666.2	-0.050902	0.00021143	0.22804	liquid
104.69	374.00	457.01	0.0021881	-46.215	35.621	-0.45218	2.1744	3.2452	1659.6	-0.050809	0.00020552	0.22696	liquid
105.69	374.00	455.94	0.0021933	-43.163	38.866	-0.42133	2.1700	3.2458	1652.9	-0.050714	0.00019993	0.22588	liquid
106.69	374.00	454.86	0.0021985	-40.111	42.112	-0.39076	2.1656	3.2464	1646.2	-0.050616	0.00019464	0.22479	liquid
107.69	374.00	453.78	0.0022037	-37.059	45.359	-0.36047	2.1612	3.2470	1639.5	-0.050517	0.00018961	0.22369	liquid
108.69	374.00	452.71	0.0022089	-34.008	48.606	-0.33046	2.1569	3.2477	1632.8	-0.050415	0.00018484	0.22259	liquid
109.69	374.00	451.63	0.0022142	-30.957	51.854	-0.30071	2.1526	3.2483	1626.1	-0.050311	0.00018030	0.22148	liquid
110.69	374.00	450.55	0.0022195	-27.907	55.103	-0.27123	2.1483	3.2490	1619.4	-0.050206	0.00017597	0.22037	liquid
111.69	374.00	449.47	0.0022248	-24.857	58.352	-0.24201	2.1441	3.2497	1612.7	-0.050098	0.00017185	0.21925	liquid
112.69	374.00	448.39	0.0022302	-21.807	61.602	-0.21304	2.1399	3.2504	1606.0	-0.049987	0.00016791	0.21812	liquid
113.69	374.00	447.31	0.0022356	-18.758	64.853	-0.18432	2.1358	3.2510	1599.3	-0.049875	0.00016415	0.21700	liquid
114.69	374.00	446.23	0.0022410	-15.709	68.105	-0.15585	2.1316	3.2517	1592.6	-0.049761	0.00016056	0.21587	liquid
115.69	374.00	445.15	0.0022465	-12.661	71.357	-0.12762	2.1275	3.2524	1585.9	-0.049644	0.00015711	0.21474	liquid
116.69	374.00	444.06	0.0022519	-9.6128	74.609	-0.099622	2.1234	3.2531	1579.2	-0.049526	0.00015381	0.21360	liquid
117.69	374.00	442.98	0.0022574	-6.5653	77.863	-0.071861	2.1194	3.2538	1572.5	-0.049405	0.00015065	0.21247	liquid
118.69	374.00	441.90	0.0022630	-3.5183	81.117	-0.044329	2.1153	3.2544	1565.9	-0.049282	0.00014761	0.21133	liquid
119.69	374.00	440.81	0.0022685	-0.47182	84.372	-0.017023	2.1113	3.2551	1559.2	-0.049156	0.00014469	0.21019	liquid
120.69	374.00	439.73	0.0022741	2.5742	87.627	0.010063	2.1074	3.2558	1552.5	-0.049029	0.00014188	0.20905	liquid
121.69	374.00	438.64	0.0022798	5.6197	90.883	0.036930	2.1034	3.2565	1545.9	-0.048899	0.00013917	0.20791	liquid
122.69	374.00	437.55	0.0022854	8.6647	94.140	0.063583	2.0995	3.2572	1539.2	-0.048767	0.00013656	0.20677	liquid
123.69	374.00	436.46	0.0022911	11.709	97.398	0.090026	2.0956	3.2579	1532.6	-0.048632	0.00013405	0.20563	liquid
124.69	374.00	435.38	0.0022969	14.753	100.66	0.11626	2.0917	3.2586	1526.0	-0.048495	0.00013162	0.20449	liquid
125.69	374.00	434.29	0.0023026	17.796	103.91	0.14229	2.0878	3.2593	1519.4	-0.048355	0.00012928	0.20336	liquid
126.69	374.00	433.20	0.0023084	20.839	107.17	0.16812	2.0840	3.2600	1512.8	-0.048213	0.00012702	0.20222	liquid
127.69	374.00	432.10	0.0023143	23.881	110.43	0.19376	2.0802	3.2607	1506.2	-0.048068	0.00012483	0.20108	liquid
128.69	374.00	431.01	0.0023201	26.923	113.70	0.21919	2.0764	3.2614	1499.6	-0.047921	0.00012271	0.19995	liquid
129.69	374.00	429.92	0.0023260	29.964	116.96	0.24444	2.0727	3.2621	1493.0	-0.047771	0.00012066	0.19881	liquid
130.69	374.00	428.82	0.0023320	33.005	120.22	0.26950	2.0690	3.2629	1486.5	-0.047618	0.00011867	0.19768	liquid
131.69	374.00	427.73	0.0023379	36.045	123.48	0.29437	2.0653	3.2636	1479.9	-0.047463	0.00011675	0.19655	liquid
132.69	374.00	426.63	0.0023439	39.084	126.75	0.31907	2.0616	3.2644	1473.4	-0.047305	0.00011488	0.19542	liquid
133.69	374.00	425.53	0.0023500	42.122	130.01	0.34358	2.0579	3.2651	1466.9	-0.047144	0.00011307	0.19430	liquid
134.69	374.00	424.43	0.0023561	45.161	133.28	0.36791	2.0543	3.2659	1460.3	-0.046980	0.00011131	0.19317	liquid
135.69	374.00	423.34	0.0023622	48.198	136.54	0.39207	2.0507	3.2667	1453.8	-0.046813	0.00010960	0.19205	liquid
136.69	374.00	422.23	0.0023684	51.235	139.81	0.41606	2.0472	3.2675	1447.4	-0.046643	0.00010794	0.19093	liquid
137.69	374.00	421.13	0.0023745	54.271	143.08	0.43988	2.0436	3.2683	1440.9	-0.046470	0.00010633	0.18982	liquid
138.69	374.00	420.03	0.0023808	57.306	146.35	0.46353	2.0401	3.2691	1434.4	-0.046294	0.00010475	0.18871	liquid
139.69	374.00	418.93	0.0023871	60.341	149.62	0.48702	2.0367	3.2699	1428.0	-0.046115	0.00010323	0.18760	liquid
140.69	374.00	417.82	0.0023934	63.375	152.89	0.51035	2.0332	3.2707	1421.6	-0.045933	0.00010174	0.18650	liquid
141.69	374.00	416.72	0.0023997	66.409	156.16	0.53352	2.0298	3.2716	1415.2	-0.045748	0.00010029	0.18540	liquid
142.69	374.00	415.61	0.0024061	69.442	159.43	0.55653	2.0264	3.2724	1408.8	-0.045559	9.8875e-05	0.18430	liquid
143.69	374.00	414.50	0.0024125	72.474	162.70	0.57938	2.0230	3.2733	1402.4	-0.045368	9.7498e-05	0.18321	liquid
144.69	374.00	413.39	0.0024190	75.506	165.98	0.60209	2.0197	3.2742	1396.0	-0.045172	9.6155e-05	0.18212	liquid
145.69	374.00	412.28	0.0024255	78.537	169.25	0.62464	2.0164	3.2751	1389.7	-0.044974	9.4846e-05	0.18104	liquid
146.69	374.00	411.17	0.0024321	81.567	172.53	0.64705	2.0131	3.2761	1383.4	-0.044772	9.3568e-05	0.17996	liquid
147.69	374.00	410.05	0.0024387	84.596	175.80	0.66931	2.0099	3.2770	1377.1	-0.044566	9.2321e-05	0.17888	liquid
148.69	374.00	408.94	0.0024453	87.625	179.08	0.69142	2.0067	3.2780	1370.8	-0.044358	9.1103e-05	0.17781	liquid
149.69	374.00	407.82	0.0024520	90.654	182.36	0.71340	2.0035	3.2790	1364.5	-0.044145	8.9914e-05	0.17674	liquid
150.69	374.00	406.71	0.0024588	93.681	185.64	0.73523	2.0003	3.2800	1358.2	-0.043929	8.8752e-05	0.17568	liquid
151.69	374.00	405.59	0.0024655	96.708	188.92	0.75693	1.9972	3.2810	1352.0	-0.043709	8.7616e-05	0.17462	liquid
152.69	374.00	404.47	0.0024724	99.735	192.20	0.77849	1.9941	3.2820	1345.8	-0.043486	8.6506e-05	0.17357	liquid
153.69	374.00	403.35	0.0024792	102.76	195.48	0.79992	1.9911	3.2831	1339.5	-0.043259	8.5421e-05	0.17253	liquid
154.69	374.00	402.23	0.0024862	105.79	198.77	0.82121	1.9881	3.2841	1333.4	-0.043028	8.4359e-05	0.17148	liquid
155.69	374.00	401.11	0.0024931	108.81	202.05	0.84238	1.9851	3.2852	1327.2	-0.042793	8.3321e-05	0.17045	liquid
156.69	374.00	399.98	0.0025001	111.83	205.34	0.86341	1.9821	3.2863	1321.0	-0.042555	8.2305e-05	0.16942	liquid
157.69	374.00	398.86	0.0025072	114.86	208.62	0.88432	1.9792	3.2874	1314.9	-0.042312	8.1310e-05	0.16839	liquid
158.69	374.00	397.73	0.0025143	117.88	211.91	0.90511	1.9763	3.2886	1308.8	-0.042066	8.0337e-05	0.16737	liquid
159.69	374.00	396.60	0.0025214	120.90	215.20	0.92577	1.9734	3.2898	1302.7	-0.041816	7.9384e-05	0.16635	liquid
160.69	374.00	395.47	0.0025286	123.92	218.49	0.94631	1.9706	3.2909	1296.6	-0.041562	7.8450e-05	0.16534	liquid
161.69	374.00	394.34	0.0025359	126.94	221.78	0.96673	1.9678	3.2921	1290.6	-0.041303	7.7535e-05	0.16434	liquid
162.69	374.00	393.21	0.0025432	129.96	225.08	0.98703	1.9650	3.2934	1284.5	-0.041041	7.6639e-05	0.16334	liquid
163.69	374.00	392.08	0.0025505	132.98	228.37	1.0072	1.9623	3.2946	1278.5	-0.040775	7.5761e-05	0.16234	liquid
164.69	374.00	390.94	0.0025579	136.00	231.67	1.0273	1.9596	3.2959	1272.5	-0.040504	7.4900e-05	0.16136	liquid
165.69	374.00	389.81	0.0025654	139.02	234.96	1.0472	1.9569	3.2971	1266.6	-0.040229	7.4056e-05	0.16037	liquid
166.69	374.00	388.67	0.0025729	142.03	238.26	1.0671	1.9543	3.2984	1260.6	-0.039950	7.3229e-05	0.15940	liquid
167.69	374.00	387.53	0.0025804	145.05	241.56	1.0868	1.9516	3.2998	1254.7	-0.039667	7.2418e-05	0.15843	liquid
168.69	374.00	386.39	0.0025880	148.07	244.86	1.1064	1.9491	3.3011	1248.8	-0.039379	7.1622e-05	0.15746	liquid
169.69	374.00	385.25	0.0025957	151.08	248.16	1.1260	1.9465	3.3025	1242.9	-0.039088	7.0841e-05	0.15650	liquid
170.69	374.00	384.11	0.0026034	154.10	251.46	1.1454	1.9440	3.3038	1237.0	-0.038791	7.0075e-05	0.15555	liquid
171.69	374.00	382.97	0.0026112	157.11	254.77	1.1647	1.9415	3.3052	1231.2	-0.038491	6.9323e-05	0.15460	liquid
172.69	374.00	381.82	0.0026190	160.12	258.08	1.1839	1.9391	3.3066	1225.4	-0.038186	6.8585e-05	0.15366	liquid
173.69	374.00	380.68	0.0026269	163.14	261.38	1.2030	1.9367	3.3081	1219.6	-0.037876	6.7861e-05	0.15273	liquid
174.69	374.00	379.53	0.0026348	166.15	264.69	1.2220	1.9343	3.3095	1213.8	-0.037563	6.7149e-05	0.15180	liquid
175.69	374.00	378.38	0.0026428	169.16	268.00	1.2408	1.9320	3.3110	1208.1	-0.037244	6.6451e-05	0.15088	liquid
176.69	374.00	377.23	0.0026509	172.17	271.31	1.2596	1.9297	3.3125	1202.3	-0.036921	6.5765e-05	0.14996	liquid
177.69	374.00	376.08	0.0026590	175.18	274.63	1.2783	1.9274	3.3140	1196.6	-0.036594	6.5092e-05	0.14905	liquid
178.69	374.00	374.93	0.0026672	178.19	277.94	1.2969	1.9251	3.3155	1191.0	-0.036262	6.4430e-05	0.14815	liquid
179.69	374.00	373.78	0.0026754	181.20	281.26	1.3155	1.9229	3.3170	1185.3	-0.035926	6.3780e-05	0.14725	liquid
180.69	374.00	372.62	0.0026837	184.21	284.58	1.3339	1.9207	3.3185	1179.7	-0.035585	6.3141e-05	0.14636	liquid
181.69	374.00	371.47	0.0026920	187.21	287.89	1.3522	1.9186	3.3201	1174.1	-0.035239	6.2513e-05	0.14548	liquid
182.69	374.00	370.31	0.0027004	190.22	291.22	1.3704	1.9165	3.3217	1168.5	-0.034889	6.1896e-05	0.14460	liquid
183.69	374.00	369.15	0.0027089	193.22	294.54	1.3885	1.9144	3.3233	1163.0	-0.034534	6.1290e-05	0.14373	liquid
184.69	374.00	367.99	0.0027174	196.23	297.86	1.4066	1.9124	3.3249	1157.4	-0.034174	6.0694e-05	0.14287	liquid
185.69	374.00	366.83	0.0027260	199.23	301.19	1.4246	1.9104	3.3265	1151.9	-0.033810	6.0108e-05	0.14201	liquid
186.69	374.00	365.67	0.0027347	202.24	304.51	1.4424	1.9084	3.3281	1146.5	-0.033441	5.9531e-05	0.14116	liquid
187.69	374.00	364.51	0.0027434	205.24	307.84	1.4602	1.9064	3.3297	1141.0	-0.033067	5.8965e-05	0.14031	liquid
188.69	374.00	363.35	0.0027522	208.24	311.17	1.4779	1.9045	3.3314	1135.6	-0.032688	5.8407e-05	0.13948	liquid
189.69	374.00	362.18	0.0027610	211.24	314.51	1.4955	1.9026	3.3330	1130.2	-0.032305	5.7859e-05	0.13865	liquid
190.69	374.00	361.02	0.0027699	214.24	317.84	1.5130	1.9008	3.3347	1124.8	-0.031918	5.7320e-05	0.13783	supercritical
191.69	374.00	359.85	0.0027789	217.24	321.18	1.5305	1.8990	3.3364	1119.5	-0.031525	5.6789e-05	0.13700	supercritical
192.69	374.00	358.69	0.0027880	220.24	324.51	1.5479	1.8972	3.3381	1114.2	-0.031128	5.6267e-05	0.13619	supercritical
193.69	374.00	357.52	0.0027971	223.24	327.85	1.5651	1.8955	3.3397	1108.9	-0.030726	5.5754e-05	0.13538	supercritical
194.69	374.00	356.35	0.0028062	226.24	331.19	1.5823	1.8938	3.3414	1103.6	-0.030319	5.5248e-05	0.13457	supercritical
195.69	374.00	355.18	0.0028155	229.24	334.53	1.5995	1.8921	3.3431	1098.4	-0.029908	5.4751e-05	0.13377	supercritical
196.69	374.00	354.01	0.0028248	232.23	337.88	1.6165	1.8905	3.3448	1093.2	-0.029492	5.4262e-05	0.13298	supercritical
197.69	374.00	352.84	0.0028342	235.23	341.22	1.6335	1.8888	3.3466	1088.0	-0.029071	5.3780e-05	0.13220	supercritical
198.69	374.00	351.66	0.0028436	238.22	344.57	1.6504	1.8873	3.3483	1082.9	-0.028645	5.3305e-05	0.13142	supercritical
199.69	374.00	350.49	0.0028531	241.21	347.92	1.6672	1.8857	3.3500	1077.8	-0.028215	5.2838e-05	0.13065	supercritical
200.69	374.00	349.32	0.0028627	244.21	351.27	1.6839	1.8842	3.3517	1072.7	-0.027781	5.2379e-05	0.12989	supercritical
201.69	374.00	348.14	0.0028724	247.20	354.62	1.7006	1.8827	3.3534	1067.7	-0.027341	5.1926e-05	0.12913	supercritical
202.69	374.00	346.97	0.0028821	250.19	357.98	1.7172	1.8813	3.3551	1062.6	-0.026897	5.1480e-05	0.12838	supercritical
203.69	374.00	345.79	0.0028919	253.18	361.33	1.7337	1.8799	3.3569	1057.7	-0.026449	5.1041e-05	0.12764	supercritical
204.69	374.00	344.61	0.0029018	256.16	364.69	1.7501	1.8785	3.3586	1052.7	-0.025996	5.0609e-05	0.12690	supercritical
205.69	374.00	343.44	0.0029118	259.15	368.05	1.7665	1.8772	3.3603	1047.8	-0.025538	5.0183e-05	0.12617	supercritical
206.69	374.00	342.26	0.0029218	262.14	371.41	1.7828	1.8759	3.3620	1042.9	-0.025076	4.9764e-05	0.12544	supercritical
207.69	374.00	341.08	0.0029319	265.12	374.78	1.7990	1.8746	3.3637	1038.0	-0.024610	4.9351e-05	0.12472	supercritical
208.69	374.00	339.90	0.0029420	268.11	378.14	1.8152	1.8734	3.3654	1033.2	-0.024139	4.8944e-05	0.12401	supercritical
209.69	374.00	338.72	0.0029523	271.09	381.51	1.8313	1.8722	3.3670	1028.4	-0.023664	4.8543e-05	0.12331	supercritical
210.69	374.00	337.54	0.0029626	274.07	384.87	1.8473	1.8710	3.3687	1023.6	-0.023184	4.8148e-05	0.12261	supercritical
211.69	374.00	336.36	0.0029730	277.05	388.24	1.8633	1.8698	3.3704	1018.9	-0.022700	4.7759e-05	0.12192	supercritical
212.69	374.00	335.18	0.0029835	280.03	391.62	1.8791	1.8687	3.3720	1014.2	-0.022212	4.7375e-05	0.12123	supercritical
213.69	374.00	334.00	0.0029940	283.01	394.99	1.8950	1.8677	3.3737	1009.5	-0.021720	4.6997e-05	0.12055	supercritical
214.69	374.00	332.82	0.0030046	285.99	398.36	1.9107	1.8666	3.3753	1004.9	-0.021223	4.6625e-05	0.11988	supercritical
215.69	374.00	331.64	0.0030153	288.97	401.74	1.9264	1.8656	3.3769	1000.3	-0.020723	4.6258e-05	0.11921	supercritical
216.69	374.00	330.46	0.0030261	291.94	405.12	1.9420	1.8646	3.3785	995.73	-0.020219	4.5896e-05	0.11855	supercritical
217.69	374.00	329.28	0.0030369	294.91	408.50	1.9576	1.8637	3.3801	991.20	-0.019710	4.5540e-05	0.11790	supercritical
218.69	374.00	328.10	0.0030479	297.89	411.88	1.9731	1.8628	3.3816	986.70	-0.019198	4.5189e-05	0.11725	supercritical
219.69	374.00	326.92	0.0030589	300.86	415.26	1.9885	1.8619	3.3832	982.24	-0.018682	4.4842e-05	0.11661	supercritical
220.69	374.00	325.74	0.0030700	303.83	418.64	2.0039	1.8611	3.3847	977.82	-0.018162	4.4501e-05	0.11598	supercritical
221.69	374.00	324.56	0.0030811	306.79	422.03	2.0192	1.8602	3.3862	973.43	-0.017639	4.4164e-05	0.11535	supercritical
222.69	374.00	323.38	0.0030924	309.76	425.42	2.0344	1.8595	3.3877	969.07	-0.017112	4.3833e-05	0.11473	supercritical
223.69	374.00	322.20	0.0031037	312.73	428.80	2.0496	1.8587	3.3891	964.75	-0.016582	4.3506e-05	0.11412	supercritical
224.69	374.00	321.02	0.0031151	315.69	432.19	2.0647	1.8580	3.3905	960.47	-0.016048	4.3183e-05	0.11351	supercritical
225.69	374.00	319.84	0.0031266	318.65	435.58	2.0798	1.8573	3.3919	956.22	-0.015511	4.2865e-05	0.11291	supercritical
226.69	374.00	318.66	0.0031381	321.61	438.98	2.0948	1.8567	3.3933	952.01	-0.014970	4.2552e-05	0.11232	supercritical
227.69	374.00	317.48	0.0031498	324.57	442.37	2.1097	1.8560	3.3946	947.83	-0.014427	4.2243e-05	0.11173	supercritical
228.69	374.00	316.31	0.0031615	327.53	445.77	2.1246	1.8555	3.3959	943.70	-0.013881	4.1938e-05	0.11115	supercritical
229.69	374.00	315.13	0.0031733	330.48	449.16	2.1394	1.8549	3.3972	939.60	-0.013331	4.1638e-05	0.11057	supercritical
230.69	374.00	313.95	0.0031852	333.43	452.56	2.1542	1.8544	3.3985	935.53	-0.012779	4.1342e-05	0.11000	supercritical
231.69	374.00	312.78	0.0031972	336.39	455.96	2.1689	1.8539	3.3997	931.50	-0.012224	4.1050e-05	0.10944	supercritical
232.69	374.00	311.60	0.0032092	339.34	459.36	2.1835	1.8534	3.4008	927.51	-0.011667	4.0762e-05	0.10888	supercritical
233.69	374.00	310.43	0.0032213	342.28	462.76	2.1981	1.8530	3.4020	923.56	-0.011107	4.0478e-05	0.10833	supercritical
234.69	374.00	309.26	0.0032335	345.23	466.16	2.2127	1.8526	3.4031	919.65	-0.010544	4.0198e-05	0.10779	supercritical
235.69	374.00	308.09	0.0032458	348.17	469.57	2.2271	1.8522	3.4041	915.77	-0.0099799	3.9921e-05	0.10725	supercritical
236.69	374.00	306.92	0.0032582	351.12	472.97	2.2415	1.8519	3.4052	911.93	-0.0094131	3.9649e-05	0.10672	supercritical
237.69	374.00	305.75	0.0032706	354.06	476.38	2.2559	1.8516	3.4062	908.13	-0.0088444	3.9380e-05	0.10619	supercritical
238.69	374.00	304.58	0.0032832	356.99	479.78	2.2702	1.8513	3.4071	904.36	-0.0082738	3.9116e-05	0.10568	supercritical
239.69	374.00	303.42	0.0032958	359.93	483.19	2.2844	1.8510	3.4080	900.64	-0.0077014	3.8854e-05	0.10516	supercritical
240.69	374.00	302.25	0.0033085	362.86	486.60	2.2986	1.8508	3.4089	896.95	-0.0071274	3.8597e-05	0.10466	supercritical
241.69	374.00	301.09	0.0033213	365.79	490.01	2.3128	1.8506	3.4097	893.30	-0.0065519	3.8343e-05	0.10416	supercritical
242.69	374.00	299.93	0.0033341	368.72	493.42	2.3268	1.8505	3.4104	889.69	-0.0059751	3.8092e-05	0.10366	supercritical
243.69	374.00	298.77	0.0033471	371.65	496.83	2.3409	1.8504	3.4112	886.11	-0.0053970	3.7845e-05	0.10317	supercritical
244.69	374.00	297.61	0.0033601	374.58	500.24	2.3548	1.8503	3.4118	882.58	-0.0048178	3.7601e-05	0.10269	supercritical
245.69	374.00	296.46	0.0033732	377.50	503.65	2.3688	1.8502	3.4125	879.08	-0.0042376	3.7361e-05	0.10222	supercritical
246.69	374.00	295.30	0.0033864	380.42	507.07	2.3826	1.8502	3.4130	875.62	-0.0036566	3.7124e-05	0.10175	supercritical
247.69	374.00	294.15	0.0033996	383.33	510.48	2.3964	1.8501	3.4136	872.20	-0.0030750	3.6890e-05	0.10128	supercritical
248.69	374.00	293.00	0.0034130	386.25	513.89	2.4102	1.8502	3.4141	868.82	-0.0024928	3.6660e-05	0.10083	supercritical
249.69	374.00	291.85	0.0034264	389.16	517.31	2.4239	1.8502	3.4145	865.48	-0.0019102	3.6432e-05	0.10037	supercritical
250.69	374.00	290.71	0.0034399	392.07	520.72	2.4375	1.8503	3.4149	862.18	-0.0013274	3.6208e-05	0.099929	supercritical
251.69	374.00	289.56	0.0034535	394.98	524.14	2.4511	1.8504	3.4152	858.91	-0.00074450	3.5987e-05	0.099489	supercritical
252.69	374.00	288.42	0.0034671	397.88	527.55	2.4647	1.8506	3.4155	855.68	-0.00016165	3.5769e-05	0.099055	supercritical
253.69	374.00	287.28	0.0034809	400.78	530.97	2.4782	1.8507	3.4157	852.49	0.00042099	3.5554e-05	0.098627	supercritical
254.69	374.00	286.15	0.0034947	403.68	534.39	2.4916	1.8509	3.4159	849.34	0.0010033	3.5342e-05	0.098205	supercritical
255.69	374.00	285.02	0.0035086	406.58	537.80	2.5050	1.8511	3.4160	846.23	0.0015851	3.5133e-05	0.097788	supercritical
256.69	374.00	283.89	0.0035225	409.47	541.22	2.5183	1.8514	3.4161	843.16	0.0021662	3.4926e-05	0.097378	supercritical
257.69	374.00	282.76	0.0035366	412.36	544.63	2.5316	1.8517	3.4161	840.12	0.0027465	3.4723e-05	0.096973	supercritical
258.69	374.00	281.63	0.0035507	415.25	548.05	2.5448	1.8520	3.4161	837.12	0.0033259	3.4522e-05	0.096574	supercritical
259.69	374.00	280.51	0.0035649	418.14	551.47	2.5580	1.8523	3.4160	834.16	0.0039042	3.4325e-05	0.096180	supercritical
260.69	374.00	279.39	0.0035792	421.02	554.88	2.5711	1.8527	3.4158	831.24	0.0044812	3.4130e-05	0.095792	supercritical
261.69	374.00	278.28	0.0035936	423.90	558.30	2.5842	1.8531	3.4156	828.36	0.0050568	3.3937e-05	0.095410	supercritical
262.69	374.00	277.16	0.0036080	426.77	561.71	2.5972	1.8535	3.4154	825.51	0.0056308	3.3748e-05	0.095033	supercritical
263.69	374.00	276.05	0.0036225	429.65	565.13	2.6102	1.8539	3.4151	822.70	0.0062031	3.3561e-05	0.094662	supercritical
264.69	374.00	274.95	0.0036371	432.52	568.54	2.6231	1.8544	3.4147	819.93	0.0067735	3.3376e-05	0.094296	supercritical
265.69	374.00	273.84	0.0036517	435.38	571.96	2.6360	1.8549	3.4143	817.19	0.0073420	3.3195e-05	0.093936	supercritical
266.69	374.00	272.74	0.0036664	438.25	575.37	2.6488	1.8554	3.4138	814.50	0.0079082	3.3015e-05	0.093581	supercritical
267.69	374.00	271.65	0.0036812	441.11	578.78	2.6616	1.8560	3.4133	811.84	0.0084721	3.2839e-05	0.093231	supercritical
268.69	374.00	270.55	0.0036961	443.96	582.20	2.6744	1.8566	3.4128	809.21	0.0090336	3.2665e-05	0.092887	supercritical
269.69	374.00	269.47	0.0037110	446.82	585.61	2.6870	1.8572	3.4121	806.63	0.0095925	3.2493e-05	0.092548	supercritical
270.69	374.00	268.38	0.0037261	449.67	589.02	2.6997	1.8578	3.4115	804.07	0.010149	3.2324e-05	0.092215	supercritical
271.69	374.00	267.30	0.0037411	452.51	592.43	2.7122	1.8585	3.4107	801.56	0.010702	3.2157e-05	0.091886	supercritical
272.69	374.00	266.22	0.0037563	455.36	595.84	2.7248	1.8592	3.4100	799.08	0.011252	3.1992e-05	0.091563	supercritical
273.69	374.00	265.15	0.0037715	458.20	599.25	2.7372	1.8599	3.4091	796.64	0.011799	3.1830e-05	0.091245	supercritical
274.69	374.00	264.08	0.0037868	461.04	602.66	2.7497	1.8606	3.4083	794.23	0.012343	3.1670e-05	0.090931	supercritical
275.69	374.00	263.01	0.0038021	463.87	606.07	2.7621	1.8614	3.4073	791.86	0.012883	3.1512e-05	0.090623	supercritical
276.69	374.00	261.95	0.0038175	466.70	609.48	2.7744	1.8622	3.4063	789.53	0.013419	3.1357e-05	0.090320	supercritical
277.69	374.00	260.89	0.0038330	469.53	612.88	2.7867	1.8630	3.4053	787.22	0.013952	3.1204e-05	0.090022	supercritical
278.69	374.00	259.84	0.0038486	472.35	616.29	2.7989	1.8638	3.4043	784.96	0.014481	3.1053e-05	0.089729	supercritical
279.69	374.00	258.79	0.0038642	475.17	619.69	2.8111	1.8647	3.4031	782.73	0.015006	3.0904e-05	0.089440	supercritical
280.69	374.00	257.74	0.0038799	477.99	623.09	2.8233	1.8656	3.4020	780.53	0.015527	3.0758e-05	0.089157	supercritical
281.69	374.00	256.70	0.0038956	480.80	626.49	2.8353	1.8665	3.4008	778.37	0.016044	3.0613e-05	0.088878	supercritical
282.69	374.00	255.66	0.0039114	483.61	629.89	2.8474	1.8674	3.3995	776.24	0.016556	3.0471e-05	0.088604	supercritical
283.69	374.00	254.63	0.0039272	486.41	633.29	2.8594	1.8684	3.3982	774.14	0.017064	3.0330e-05	0.088335	supercritical
284.69	374.00	253.60	0.0039432	489.22	636.69	2.8714	1.8694	3.3969	772.08	0.017568	3.0192e-05	0.088070	supercritical
285.69	374.00	252.58	0.0039591	492.02	640.09	2.8833	1.8704	3.3955	770.05	0.018066	3.0056e-05	0.087810	supercritical
286.69	374.00	251.56	0.0039752	494.81	643.48	2.8951	1.8714	3.3941	768.05	0.018560	2.9922e-05	0.087554	supercritical
287.69	374.00	250.55	0.0039913	497.60	646.88	2.9069	1.8725	3.3926	766.09	0.019049	2.9789e-05	0.087303	supercritical
288.69	374.00	249.54	0.0040074	500.39	650.27	2.9187	1.8736	3.3911	764.16	0.019533	2.9659e-05	0.087056	supercritical
289.69	374.00	248.53	0.0040236	503.17	653.66	2.9304	1.8747	3.3895	762.26	0.020012	2.9531e-05	0.086814	supercritical
290.69	374.00	247.53	0.0040399	505.95	657.05	2.9421	1.8758	3.3880	760.39	0.020486	2.9404e-05	0.086576	supercritical
291.69	374.00	246.54	0.0040562	508.73	660.43	2.9537	1.8770	3.3864	758.55	0.020954	2.9280e-05	0.086343	supercritical
292.69	374.00	245.55	0.0040726	511.51	663.82	2.9653	1.8782	3.3847	756.75	0.021417	2.9157e-05	0.086114	supercritical
293.69	374.00	244.56	0.0040890	514.28	667.20	2.9769	1.8794	3.3830	754.97	0.021875	2.9036e-05	0.085889	supercritical
294.69	374.00	243.58	0.0041054	517.04	670.59	2.9884	1.8806	3.3813	753.23	0.022327	2.8917e-05	0.085668	supercritical
295.69	374.00	242.60	0.0041220	519.80	673.97	2.9998	1.8818	3.3796	751.51	0.022773	2.8799e-05	0.085451	supercritical
296.69	374.00	241.63	0.0041385	522.56	677.34	3.0112	1.8831	3.3778	749.83	0.023214	2.8684e-05	0.085239	supercritical
297.69	374.00	240.67	0.0041551	525.32	680.72	3.0226	1.8844	3.3760	748.17	0.023649	2.8570e-05	0.085030	supercritical
298.69	374.00	239.70	0.0041718	528.07	684.10	3.0339	1.8857	3.3742	746.55	0.024078	2.8458e-05	0.084826	supercritical
299.69	374.00	238.75	0.0041885	530.82	687.47	3.0452	1.8870	3.3723	744.95	0.024501	2.8347e-05	0.084625	supercritical
300.69	374.00	237.80	0.0042053	533.56	690.84	3.0564	1.8884	3.3705	743.38	0.024918	2.8238e-05	0.084429	supercritical
301.69	374.00	236.85	0.0042221	536.31	694.21	3.0676	1.8898	3.3686	741.84	0.025330	2.8131e-05	0.084236	supercritical
302.69	374.00	235.91	0.0042389	539.04	697.58	3.0787	1.8912	3.3666	740.33	0.025735	2.8026e-05	0.084047	supercritical
303.69	374.00	234.97	0.0042558	541.78	700.94	3.0898	1.8926	3.3647	738.85	0.026134	2.7922e-05	0.083862	supercritical
304.69	374.00	234.04	0.0042727	544.51	704.31	3.1009	1.8941	3.3627	737.39	0.026527	2.7820e-05	0.083681	supercritical
305.69	374.00	233.12	0.0042897	547.23	707.67	3.1119	1.8955	3.3608	735.96	0.026914	2.7719e-05	0.083503	supercritical
306.69	374.00	232.20	0.0043067	549.96	711.03	3.1229	1.8970	3.3588	734.56	0.027295	2.7620e-05	0.083329	supercritical
307.69	374.00	231.28	0.0043238	552.68	714.39	3.1338	1.8985	3.3567	733.18	0.027669	2.7522e-05	0.083159	supercritical
308.69	374.00	230.37	0.0043409	555.39	717.74	3.1447	1.9001	3.3547	731.83	0.028037	2.7426e-05	0.082992	supercritical
309.69	374.00	229.46	0.0043580	558.11	721.10	3.1556	1.9016	3.3527	730.50	0.028399	2.7331e-05	0.082829	supercritical
310.69	374.00	228.56	0.0043751	560.82	724.45	3.1664	1.9032	3.3506	729.20	0.028754	2.7238e-05	0.082670	supercritical
311.69	374.00	227.67	0.0043923	563.52	727.80	3.1771	1.9048	3.3486	727.93	0.029103	2.7146e-05	0.082514	supercritical
312.69	374.00	226.78	0.0044096	566.23	731.14	3.1878	1.9064	3.3465	726.68	0.029446	2.7056e-05	0.082361	supercritical
313.69	374.00	225.89	0.0044269	568.93	734.49	3.1985	1.9081	3.3444	725.45	0.029782	2.6967e-05	0.082212	supercritical
314.69	374.00	225.01	0.0044442	571.62	737.83	3.2092	1.9097	3.3423	724.25	0.030112	2.6880e-05	0.082066	supercritical
315.69	374.00	224.14	0.0044615	574.32	741.18	3.2198	1.9114	3.3402	723.07	0.030435	2.6793e-05	0.081923	supercritical
316.69	374.00	223.27	0.0044789	577.00	744.51	3.2303	1.9131	3.3381	721.92	0.030752	2.6709e-05	0.081784	supercritical
317.69	374.00	222.41	0.0044963	579.69	747.85	3.2409	1.9148	3.3360	720.79	0.031063	2.6625e-05	0.081648	supercritical
318.69	374.00	221.55	0.0045137	582.37	751.19	3.2513	1.9166	3.3339	719.68	0.031367	2.6543e-05	0.081515	supercritical
319.69	374.00	220.69	0.0045311	585.05	754.52	3.2618	1.9183	3.3318	718.60	0.031665	2.6462e-05	0.081385	supercritical
320.69	374.00	219.85	0.0045486	587.73	757.85	3.2722	1.9201	3.3297	717.53	0.031956	2.6383e-05	0.081259	supercritical
321.69	374.00	219.00	0.0045662	590.40	761.18	3.2825	1.9219	3.3276	716.49	0.032241	2.6305e-05	0.081135	supercritical
322.69	374.00	218.16	0.0045837	593.07	764.51	3.2929	1.9237	3.3255	715.47	0.032519	2.6228e-05	0.081015	supercritical
323.69	374.00	217.33	0.0046013	595.74	767.83	3.3031	1.9256	3.3234	714.47	0.032791	2.6152e-05	0.080898	supercritical
324.69	374.00	216.50	0.0046189	598.41	771.15	3.3134	1.9274	3.3213	713.50	0.033057	2.6077e-05	0.080783	supercritical
325.69	374.00	215.68	0.0046365	601.07	774.47	3.3236	1.9293	3.3192	712.54	0.033316	2.6004e-05	0.080672	supercritical
326.69	374.00	214.86	0.0046541	603.73	777.79	3.3338	1.9312	3.3171	711.61	0.033569	2.5932e-05	0.080563	supercritical
327.69	374.00	214.05	0.0046718	606.38	781.11	3.3439	1.9331	3.3150	710.69	0.033815	2.5861e-05	0.080458	supercritical
328.69	374.00	213.24	0.0046895	609.03	784.42	3.3540	1.9351	3.3129	709.79	0.034056	2.5791e-05	0.080355	supercritical
329.69	374.00	212.44	0.0047072	611.68	787.73	3.3641	1.9370	3.3109	708.92	0.034290	2.5722e-05	0.080255	supercritical
330.69	374.00	211.64	0.0047249	614.33	791.04	3.3741	1.9390	3.3088	708.06	0.034517	2.5655e-05	0.080158	supercritical
331.69	374.00	210.85	0.0047427	616.97	794.35	3.3841	1.9410	3.3068	707.22	0.034739	2.5588e-05	0.080064	supercritical
332.69	374.00	210.06	0.0047604	619.62	797.66	3.3940	1.9430	3.3047	706.41	0.034954	2.5523e-05	0.079972	supercritical
333.69	374.00	209.28	0.0047782	622.25	800.96	3.4040	1.9450	3.3027	705.61	0.035163	2.5459e-05	0.079883	supercritical
334.69	374.00	208.51	0.0047960	624.89	804.26	3.4138	1.9470	3.3007	704.82	0.035366	2.5395e-05	0.079797	supercritical
335.69	374.00	207.73	0.0048139	627.52	807.56	3.4237	1.9491	3.2987	704.06	0.035563	2.5333e-05	0.079714	supercritical
336.69	374.00	206.97	0.0048317	630.15	810.86	3.4335	1.9512	3.2967	703.31	0.035754	2.5272e-05	0.079633	supercritical
337.69	374.00	206.20	0.0048496	632.78	814.15	3.4433	1.9533	3.2947	702.58	0.035939	2.5212e-05	0.079554	supercritical
338.69	374.00	205.45	0.0048674	635.41	817.45	3.4530	1.9554	3.2928	701.87	0.036118	2.5153e-05	0.079479	supercritical
339.69	374.00	204.69	0.0048853	638.03	820.74	3.4627	1.9575	3.2908	701.18	0.036291	2.5095e-05	0.079405	supercritical
340.69	374.00	203.95	0.0049032	640.65	824.03	3.4724	1.9597	3.2889	700.50	0.036458	2.5038e-05	0.079335	supercritical
341.69	374.00	203.20	0.0049212	643.27	827.32	3.4820	1.9619	3.2870	699.84	0.036619	2.4981e-05	0.079266	supercritical
342.69	374.00	202.47	0.0049391	645.88	830.60	3.4916	1.9640	3.2852	699.19	0.036775	2.4926e-05	0.079201	supercritical
343.69	374.00	201.73	0.0049570	648.49	833.89	3.5012	1.9662	3.2833	698.56	0.036924	2.4872e-05	0.079137	supercritical
344.69	374.00	201.01	0.0049750	651.11	837.17	3.5107	1.9685	3.2815	697.95	0.037068	2.4819e-05	0.079076	supercritical
345.69	374.00	200.28	0.0049930	653.71	840.45	3.5202	1.9707	3.2796	697.35	0.037207	2.4766e-05	0.079018	supercritical
346.69	374.00	199.56	0.0050109	656.32	843.73	3.5297	1.9730	3.2778	696.76	0.037340	2.4714e-05	0.078961	supercritical
347.69	374.00	198.85	0.0050289	658.92	847.01	3.5391	1.9752	3.2761	696.19	0.037467	2.4664e-05	0.078907	supercritical
348.69	374.00	198.14	0.0050469	661.53	850.28	3.5485	1.9775	3.2743	695.64	0.037589	2.4614e-05	0.078856	supercritical
349.69	374.00	197.44	0.0050649	664.13	853.55	3.5579	1.9798	3.2726	695.10	0.037705	2.4565e-05	0.078806	supercritical
350.69	374.00	196.74	0.0050829	666.72	856.83	3.5673	1.9821	3.2709	694.57	0.037816	2.4517e-05	0.078759	supercritical
351.69	374.00	196.04	0.0051010	669.32	860.10	3.5766	1.9845	3.2692	694.06	0.037922	2.4470e-05	0.078714	supercritical
352.69	374.00	195.35	0.0051190	671.91	863.36	3.5858	1.9868	3.2675	693.57	0.038023	2.4423e-05	0.078672	supercritical
353.69	374.00	194.66	0.0051370	674.51	866.63	3.5951	1.9892	3.2659	693.08	0.038118	2.4378e-05	0.078631	supercritical
354.69	374.00	193.98	0.0051551	677.10	869.90	3.6043	1.9916	3.2643	692.61	0.038208	2.4333e-05	0.078593	supercritical
355.69	374.00	193.31	0.0051731	679.68	873.16	3.6135	1.9940	3.2627	692.15	0.038293	2.4289e-05	0.078556	supercritical
356.69	374.00	192.63	0.0051912	682.27	876.42	3.6227	1.9964	3.2611	691.71	0.038374	2.4246e-05	0.078522	supercritical
357.69	374.00	191.97	0.0052093	684.86	879.68	3.6318	1.9988	3.2596	691.28	0.038449	2.4203e-05	0.078490	supercritical
358.69	374.00	191.30	0.0052273	687.44	882.94	3.6409	2.0012	3.2581	690.86	0.038519	2.4162e-05	0.078460	supercritical
359.69	374.00	190.64	0.0052454	690.02	886.20	3.6500	2.0037	3.2566	690.45	0.038585	2.4121e-05	0.078432	supercritical
360.69	374.00	189.99	0.0052635	692.60	889.45	3.6590	2.0062	3.2552	690.06	0.038645	2.4080e-05	0.078406	supercritical
361.69	374.00	189.34	0.0052816	695.18	892.71	3.6680	2.0087	3.2538	689.67	0.038701	2.4041e-05	0.078383	supercritical
362.69	374.00	188.69	0.0052997	697.76	895.96	3.6770	2.0112	3.2524	689.30	0.038753	2.4002e-05	0.078361	supercritical
363.69	374.00	188.05	0.0053177	700.33	899.21	3.6859	2.0137	3.2510	688.94	0.038800	2.3964e-05	0.078341	supercritical
364.69	374.00	187.41	0.0053358	702.90	902.46	3.6949	2.0162	3.2497	688.60	0.038842	2.3927e-05	0.078323	supercritical
365.69	374.00	186.78	0.0053539	705.48	905.71	3.7038	2.0188	3.2484	688.26	0.038880	2.3890e-05	0.078307	supercritical
366.69	374.00	186.15	0.0053720	708.05	908.96	3.7126	2.0213	3.2471	687.93	0.038913	2.3854e-05	0.078292	supercritical
367.69	374.00	185.52	0.0053901	710.62	912.21	3.7215	2.0239	3.2458	687.62	0.038942	2.3819e-05	0.078280	supercritical
368.69	374.00	184.90	0.0054082	713.19	915.45	3.7303	2.0265	3.2446	687.32	0.038967	2.3784e-05	0.078270	supercritical
369.69	374.00	184.29	0.0054263	715.75	918.70	3.7391	2.0291	3.2434	687.02	0.038988	2.3750e-05	0.078261	supercritical
370.69	374.00	183.67	0.0054444	718.32	921.94	3.7478	2.0317	3.2423	686.74	0.039004	2.3717e-05	0.078254	supercritical
371.69	374.00	183.07	0.0054625	720.88	925.18	3.7566	2.0343	3.2411	686.47	0.039017	2.3684e-05	0.078249	supercritical
372.69	374.00	182.46	0.0054806	723.45	928.42	3.7653	2.0370	3.2400	686.20	0.039025	2.3652e-05	0.078246	supercritical
373.69	374.00	181.86	0.0054987	726.01	931.66	3.7739	2.0396	3.2390	685.95	0.039030	2.3621e-05	0.078245	supercritical
374.69	374.00	181.26	0.0055168	728.57	934.90	3.7826	2.0423	3.2379	685.71	0.039030	2.3590e-05	0.078245	supercritical
375.69	374.00	180.67	0.0055349	731.13	938.14	3.7912	2.0450	3.2369	685.47	0.039027	2.3560e-05	0.078248	supercritical
376.69	374.00	180.08	0.0055530	733.69	941.37	3.7998	2.0476	3.2359	685.25	0.039020	2.3530e-05	0.078251	supercritical
377.69	374.00	179.50	0.0055711	736.25	944.61	3.8084	2.0504	3.2350	685.03	0.039009	2.3501e-05	0.078257	supercritical
378.69	374.00	178.92	0.0055892	738.81	947.84	3.8170	2.0531	3.2341	684.83	0.038995	2.3472e-05	0.078264	supercritical
379.69	374.00	178.34	0.0056073	741.37	951.08	3.8255	2.0558	3.2332	684.63	0.038977	2.3444e-05	0.078273	supercritical
380.69	374.00	177.77	0.0056254	743.92	954.31	3.8340	2.0585	3.2323	684.44	0.038956	2.3417e-05	0.078284	supercritical
381.69	374.00	177.20	0.0056434	746.48	957.54	3.8425	2.0613	3.2315	684.26	0.038931	2.3390e-05	0.078296	supercritical
382.69	374.00	176.63	0.0056615	749.03	960.77	3.8509	2.0641	3.2307	684.09	0.038903	2.3364e-05	0.078310	supercritical
383.69	374.00	176.07	0.0056796	751.59	964.00	3.8594	2.0668	3.2300	683.93	0.038871	2.3338e-05	0.078326	supercritical
384.69	374.00	175.51	0.0056977	754.14	967.23	3.8678	2.0696	3.2292	683.78	0.038836	2.3313e-05	0.078343	supercritical
385.69	374.00	174.96	0.0057157	756.69	970.46	3.8761	2.0724	3.2285	683.63	0.038798	2.3288e-05	0.078362	supercritical
386.69	374.00	174.40	0.0057338	759.25	973.69	3.8845	2.0753	3.2279	683.49	0.038757	2.3264e-05	0.078382	supercritical
387.69	374.00	173.86	0.0057519	761.80	976.92	3.8928	2.0781	3.2272	683.36	0.038712	2.3240e-05	0.078404	supercritical
388.69	374.00	173.31	0.0057699	764.35	980.14	3.9012	2.0809	3.2266	683.24	0.038665	2.3217e-05	0.078427	supercritical
389.69	374.00	172.77	0.0057880	766.90	983.37	3.9094	2.0838	3.2260	683.12	0.038615	2.3194e-05	0.078452	supercritical
390.69	374.00	172.24	0.0058060	769.45	986.60	3.9177	2.0866	3.2255	683.02	0.038561	2.3172e-05	0.078478	supercritical
391.69	374.00	171.70	0.0058241	772.00	989.82	3.9260	2.0895	3.2250	682.92	0.038505	2.3150e-05	0.078506	supercritical
392.69	374.00	171.17	0.0058421	774.55	993.05	3.9342	2.0924	3.2245	682.82	0.038446	2.3129e-05	0.078536	supercritical
393.69	374.00	170.64	0.0058601	777.10	996.27	3.9424	2.0953	3.2240	682.74	0.038384	2.3108e-05	0.078566	supercritical
394.69	374.00	170.12	0.0058781	779.65	999.49	3.9506	2.0982	3.2236	682.66	0.038320	2.3088e-05	0.078599	supercritical
395.69	374.00	169.60	0.0058962	782.20	1002.7	3.9587	2.1011	3.2232	682.59	0.038252	2.3068e-05	0.078633	supercritical
396.69	374.00	169.09	0.0059142	784.75	1005.9	3.9668	2.1040	3.2228	682.52	0.038183	2.3049e-05	0.078668	supercritical
397.69	374.00	168.57	0.0059322	787.30	1009.2	3.9750	2.1069	3.2225	682.46	0.038110	2.3030e-05	0.078704	supercritical
398.69	374.00	168.06	0.0059502	789.85	1012.4	3.9831	2.1099	3.2222	682.41	0.038035	2.3011e-05	0.078742	supercritical
399.69	374.00	167.56	0.0059682	792.40	1015.6	3.9911	2.1128	3.2219	682.37	0.037958	2.2993e-05	0.078782	supercritical
400.69	374.00	167.05	0.0059862	794.95	1018.8	3.9992	2.1158	3.2217	682.33	0.037878	2.2976e-05	0.078823	supercritical
401.69	374.00	166.55	0.0060042	797.50	1022.1	4.0072	2.1188	3.2215	682.29	0.037796	2.2958e-05	0.078865	supercritical
402.69	374.00	166.05	0.0060221	800.05	1025.3	4.0152	2.1217	3.2213	682.27	0.037712	2.2941e-05	0.078908	supercritical
403.69	374.00	165.56	0.0060401	802.59	1028.5	4.0232	2.1247	3.2211	682.25	0.037625	2.2925e-05	0.078953	supercritical
404.69	374.00	165.07	0.0060581	805.14	1031.7	4.0312	2.1277	3.2210	682.23	0.037537	2.2909e-05	0.078999	supercritical
405.69	374.00	164.58	0.0060760	807.69	1034.9	4.0391	2.1307	3.2209	682.22	0.037446	2.2893e-05	0.079047	supercritical
406.69	374.00	164.10	0.0060940	810.24	1038.2	4.0471	2.1338	3.2208	682.22	0.037353	2.2878e-05	0.079095	supercritical
407.69	374.00	163.62	0.0061119	812.79	1041.4	4.0550	2.1368	3.2208	682.22	0.037257	2.2863e-05	0.079145	supercritical
408.69	374.00	163.14	0.0061298	815.34	1044.6	4.0629	2.1398	3.2208	682.23	0.037160	2.2849e-05	0.079197	supercritical
409.69	374.00	162.66	0.0061477	817.89	1047.8	4.0707	2.1429	3.2208	682.24	0.037061	2.2835e-05	0.079249	supercritical
410.69	374.00	162.19	0.0061657	820.44	1051.0	4.0786	2.1459	3.2208	682.26	0.036960	2.2821e-05	0.079303	supercritical
411.69	374.00	161.72	0.0061836	823.00	1054.3	4.0864	2.1490	3.2209	682.29	0.036857	2.2808e-05	0.079358	supercritical
412.69	374.00	161.25	0.0062015	825.55	1057.5	4.0942	2.1521	3.2210	682.32	0.036752	2.2795e-05	0.079415	supercritical
413.69	374.00	160.79	0.0062194	828.10	1060.7	4.1020	2.1551	3.2211	682.35	0.036646	2.2782e-05	0.079472	supercritical
414.69	374.00	160.33	0.0062372	830.65	1063.9	4.1098	2.1582	3.2213	682.39	0.036538	2.2770e-05	0.079531	supercritical
415.69	374.00	159.87	0.0062551	833.20	1067.1	4.1176	2.1613	3.2215	682.44	0.036428	2.2758e-05	0.079591	supercritical
416.69	374.00	159.41	0.0062730	835.76	1070.4	4.1253	2.1644	3.2217	682.49	0.036316	2.2746e-05	0.079652	supercritical
417.69	374.00	158.96	0.0062908	838.31	1073.6	4.1330	2.1675	3.2219	682.54	0.036203	2.2735e-05	0.079715	supercritical
418.69	374.00	158.51	0.0063087	840.87	1076.8	4.1407	2.1707	3.2222	682.60	0.036088	2.2724e-05	0.079778	supercritical
419.69	374.00	158.06	0.0063265	843.42	1080.0	4.1484	2.1738	3.2225	682.67	0.035971	2.2713e-05	0.079843	supercritical
420.69	374.00	157.62	0.0063444	845.98	1083.3	4.1561	2.1769	3.2228	682.74	0.035853	2.2703e-05	0.079909	supercritical
421.69	374.00	157.18	0.0063622	848.53	1086.5	4.1637	2.1801	3.2231	682.81	0.035734	2.2693e-05	0.079976	supercritical
422.69	374.00	156.74	0.0063800	851.09	1089.7	4.1714	2.1832	3.2235	682.89	0.035613	2.2683e-05	0.080044	supercritical
423.69	374.00	156.30	0.0063978	853.65	1092.9	4.1790	2.1864	3.2239	682.97	0.035491	2.2674e-05	0.080113	supercritical
424.69	374.00	155.87	0.0064156	856.21	1096.1	4.1866	2.1895	3.2243	683.06	0.035367	2.2665e-05	0.080184	supercritical
425.69	374.00	155.44	0.0064334	858.77	1099.4	4.1942	2.1927	3.2248	683.15	0.035242	2.2656e-05	0.080255	supercritical
426.69	374.00	155.01	0.0064512	861.33	1102.6	4.2017	2.1959	3.2253	683.24	0.035116	2.2648e-05	0.080328	supercritical
427.69	374.00	154.58	0.0064689	863.89	1105.8	4.2093	2.1991	3.2258	683.34	0.034988	2.2640e-05	0.080402	supercritical
428.69	374.00	154.16	0.0064867	866.45	1109.1	4.2168	2.2023	3.2263	683.45	0.034860	2.2632e-05	0.080476	supercritical
429.69	374.00	153.74	0.0065044	869.01	1112.3	4.2243	2.2055	3.2269	683.55	0.034730	2.2624e-05	0.080552	supercritical
430.69	374.00	153.32	0.0065222	871.58	1115.5	4.2318	2.2087	3.2274	683.66	0.034599	2.2617e-05	0.080629	supercritical
431.69	374.00	152.91	0.0065399	874.14	1118.7	4.2393	2.2119	3.2280	683.78	0.034467	2.2610e-05	0.080707	supercritical
432.69	374.00	152.49	0.0065576	876.71	1122.0	4.2468	2.2151	3.2287	683.90	0.034333	2.2603e-05	0.080786	supercritical
433.69	374.00	152.08	0.0065754	879.27	1125.2	4.2542	2.2183	3.2293	684.02	0.034199	2.2597e-05	0.080866	supercritical
434.69	374.00	151.67	0.0065931	881.84	1128.4	4.2617	2.2216	3.2300	684.15	0.034064	2.2591e-05	0.080947	supercritical
435.69	374.00	151.27	0.0066107	884.41	1131.6	4.2691	2.2248	3.2307	684.28	0.033927	2.2585e-05	0.081029	supercritical
436.69	374.00	150.87	0.0066284	886.98	1134.9	4.2765	2.2281	3.2314	684.41	0.033790	2.2579e-05	0.081112	supercritical
437.69	374.00	150.46	0.0066461	889.55	1138.1	4.2839	2.2313	3.2321	684.55	0.033652	2.2574e-05	0.081196	supercritical
438.69	374.00	150.07	0.0066638	892.12	1141.3	4.2913	2.2346	3.2329	684.69	0.033513	2.2569e-05	0.081281	supercritical
439.69	374.00	149.67	0.0066814	894.69	1144.6	4.2986	2.2378	3.2337	684.83	0.033373	2.2564e-05	0.081367	supercritical
440.69	374.00	149.27	0.0066991	897.27	1147.8	4.3060	2.2411	3.2345	684.98	0.033232	2.2559e-05	0.081454	supercritical
441.69	374.00	148.88	0.0067167	899.84	1151.0	4.3133	2.2444	3.2354	685.13	0.033090	2.2555e-05	0.081542	supercritical
442.69	374.00	148.49	0.0067343	902.42	1154.3	4.3206	2.2477	3.2362	685.29	0.032948	2.2551e-05	0.081630	supercritical
443.69	374.00	148.11	0.0067519	905.00	1157.5	4.3279	2.2510	3.2371	685.44	0.032804	2.2547e-05	0.081720	supercritical
444.69	374.00	147.72	0.0067696	907.58	1160.8	4.3352	2.2542	3.2380	685.60	0.032660	2.2543e-05	0.081811	supercritical
445.69	374.00	147.34	0.0067871	910.16	1164.0	4.3425	2.2575	3.2389	685.77	0.032516	2.2540e-05	0.081903	supercritical
446.69	374.00	146.96	0.0068047	912.74	1167.2	4.3498	2.2608	3.2399	685.93	0.032370	2.2536e-05	0.081995	supercritical
447.69	374.00	146.58	0.0068223	915.32	1170.5	4.3570	2.2641	3.2408	686.10	0.032224	2.2533e-05	0.082089	supercritical
448.69	374.00	146.20	0.0068399	917.91	1173.7	4.3642	2.2675	3.2418	686.27	0.032077	2.2531e-05	0.082183	supercritical
449.69	374.00	145.83	0.0068574	920.49	1177.0	4.3715	2.2708	3.2428	686.45	0.031930	2.2528e-05	0.082278	supercritical
450.69	374.00	145.45	0.0068750	923.08	1180.2	4.3787	2.2741	3.2439	686.63	0.031782	2.2526e-05	0.082375	supercritical
451.69	374.00	145.08	0.0068925	925.67	1183.4	4.3859	2.2774	3.2449	686.81	0.031633	2.2524e-05	0.082472	supercritical
452.69	374.00	144.72	0.0069100	928.26	1186.7	4.3930	2.2808	3.2460	686.99	0.031484	2.2522e-05	0.082570	supercritical
453.69	374.00	144.35	0.0069276	930.85	1189.9	4.4002	2.2841	3.2471	687.18	0.031335	2.2520e-05	0.082668	supercritical
454.69	374.00	143.99	0.0069451	933.44	1193.2	4.4073	2.2874	3.2482	687.37	0.031185	2.2519e-05	0.082768	supercritical
455.69	374.00	143.63	0.0069626	936.04	1196.4	4.4145	2.2908	3.2493	687.56	0.031034	2.2518e-05	0.082869	supercritical
456.69	374.00	143.27	0.0069801	938.63	1199.7	4.4216	2.2941	3.2505	687.76	0.030883	2.2517e-05	0.082970	supercritical
457.69	374.00	142.91	0.0069975	941.23	1202.9	4.4287	2.2975	3.2517	687.95	0.030731	2.2516e-05	0.083072	supercritical
458.69	374.00	142.55	0.0070150	943.83	1206.2	4.4358	2.3008	3.2529	688.15	0.030579	2.2515e-05	0.083175	supercritical
459.69	374.00	142.20	0.0070325	946.43	1209.4	4.4429	2.3042	3.2541	688.36	0.030427	2.2515e-05	0.083279	supercritical
460.69	374.00	141.85	0.0070499	949.03	1212.7	4.4500	2.3076	3.2553	688.56	0.030274	2.2514e-05	0.083384	supercritical
461.69	374.00	141.50	0.0070673	951.63	1216.0	4.4570	2.3110	3.2566	688.77	0.030121	2.2514e-05	0.083490	supercritical
462.69	374.00	141.15	0.0070848	954.24	1219.2	4.4641	2.3143	3.2578	688.98	0.029968	2.2514e-05	0.083596	supercritical
463.69	374.00	140.80	0.0071022	956.85	1222.5	4.4711	2.3177	3.2591	689.19	0.029814	2.2515e-05	0.083703	supercritical
464.69	374.00	140.46	0.0071196	959.46	1225.7	4.4781	2.3211	3.2604	689.40	0.029660	2.2515e-05	0.083811	supercritical
465.69	374.00	140.12	0.0071370	962.07	1229.0	4.4852	2.3245	3.2618	689.62	0.029506	2.2516e-05	0.083920	supercritical
466.69	374.00	139.77	0.0071544	964.68	1232.3	4.4922	2.3279	3.2631	689.84	0.029351	2.2517e-05	0.084029	supercritical
467.69	374.00	139.44	0.0071718	967.29	1235.5	4.4991	2.3313	3.2645	690.06	0.029196	2.2518e-05	0.084140	supercritical
468.69	374.00	139.10	0.0071891	969.91	1238.8	4.5061	2.3347	3.2658	690.28	0.029041	2.2519e-05	0.084251	supercritical
469.69	374.00	138.76	0.0072065	972.53	1242.0	4.5131	2.3381	3.2672	690.51	0.028886	2.2521e-05	0.084363	supercritical
470.69	374.00	138.43	0.0072238	975.14	1245.3	4.5200	2.3415	3.2687	690.74	0.028730	2.2522e-05	0.084475	supercritical
471.69	374.00	138.10	0.0072412	977.77	1248.6	4.5270	2.3449	3.2701	690.97	0.028574	2.2524e-05	0.084589	supercritical
472.69	374.00	137.77	0.0072585	980.39	1251.9	4.5339	2.3483	3.2715	691.20	0.028418	2.2526e-05	0.084703	supercritical
473.69	374.00	137.44	0.0072758	983.01	1255.1	4.5408	2.3517	3.2730	691.43	0.028262	2.2528e-05	0.084817	supercritical
474.69	374.00	137.12	0.0072931	985.64	1258.4	4.5477	2.3551	3.2745	691.67	0.028106	2.2530e-05	0.084933	supercritical
475.69	374.00	136.79	0.0073104	988.27	1261.7	4.5546	2.3586	3.2760	691.90	0.027949	2.2533e-05	0.085049	supercritical
476.69	374.00	136.47	0.0073277	990.90	1265.0	4.5615	2.3620	3.2775	692.14	0.027793	2.2535e-05	0.085166	supercritical
477.69	374.00	136.15	0.0073450	993.53	1268.2	4.5684	2.3654	3.2790	692.39	0.027636	2.2538e-05	0.085284	supercritical
478.69	374.00	135.83	0.0073622	996.16	1271.5	4.5752	2.3688	3.2806	692.63	0.027480	2.2541e-05	0.085403	supercritical
479.69	374.00	135.51	0.0073795	998.80	1274.8	4.5821	2.3723	3.2821	692.87	0.027323	2.2544e-05	0.085522	supercritical
480.69	374.00	135.19	0.0073967	1001.4	1278.1	4.5889	2.3757	3.2837	693.12	0.027166	2.2547e-05	0.085642	supercritical
481.69	374.00	134.88	0.0074140	1004.1	1281.4	4.5957	2.3792	3.2853	693.37	0.027009	2.2550e-05	0.085762	supercritical
482.69	374.00	134.57	0.0074312	1006.7	1284.6	4.6025	2.3826	3.2869	693.62	0.026852	2.2554e-05	0.085883	supercritical
483.69	374.00	134.26	0.0074484	1009.4	1287.9	4.6093	2.3861	3.2885	693.87	0.026695	2.2557e-05	0.086005	supercritical
484.69	374.00	133.95	0.0074656	1012.0	1291.2	4.6161	2.3895	3.2902	694.13	0.026538	2.2561e-05	0.086128	supercritical
485.69	374.00	133.64	0.0074828	1014.7	1294.5	4.6229	2.3930	3.2918	694.38	0.026381	2.2565e-05	0.086251	supercritical
486.69	374.00	133.33	0.0075000	1017.3	1297.8	4.6297	2.3964	3.2935	694.64	0.026224	2.2569e-05	0.086375	supercritical
487.69	374.00	133.03	0.0075172	1020.0	1301.1	4.6364	2.3999	3.2952	694.90	0.026067	2.2573e-05	0.086500	supercritical
488.69	374.00	132.72	0.0075344	1022.6	1304.4	4.6432	2.4033	3.2969	695.16	0.025910	2.2578e-05	0.086625	supercritical
489.69	374.00	132.42	0.0075515	1025.3	1307.7	4.6499	2.4068	3.2986	695.42	0.025753	2.2582e-05	0.086751	supercritical
490.69	374.00	132.12	0.0075687	1027.9	1311.0	4.6567	2.4103	3.3003	695.69	0.025596	2.2587e-05	0.086878	supercritical
491.69	374.00	131.82	0.0075858	1030.6	1314.3	4.6634	2.4137	3.3021	695.95	0.025439	2.2591e-05	0.087005	supercritical
492.69	374.00	131.53	0.0076030	1033.2	1317.6	4.6701	2.4172	3.3038	696.22	0.025282	2.2596e-05	0.087133	supercritical
493.69	374.00	131.23	0.0076201	1035.9	1320.9	4.6768	2.4207	3.3056	696.49	0.025126	2.2601e-05	0.087261	supercritical
494.69	374.00	130.94	0.0076372	1038.6	1324.2	4.6835	2.4241	3.3074	696.76	0.024969	2.2606e-05	0.087390	supercritical
495.69	374.00	130.65	0.0076543	1041.2	1327.5	4.6902	2.4276	3.3092	697.03	0.024813	2.2612e-05	0.087520	supercritical
496.69	374.00	130.35	0.0076714	1043.9	1330.8	4.6968	2.4311	3.3110	697.30	0.024656	2.2617e-05	0.087650	supercritical
497.69	374.00	130.06	0.0076885	1046.6	1334.1	4.7035	2.4346	3.3128	697.57	0.024500	2.2622e-05	0.087781	supercritical
498.69	374.00	129.78	0.0077056	1049.3	1337.5	4.7102	2.4381	3.3146	697.85	0.024344	2.2628e-05	0.087913	supercritical
499.69	374.00	129.49	0.0077226	1051.9	1340.8	4.7168	2.4415	3.3165	698.13	0.024188	2.2634e-05	0.088045	supercritical
500.69	374.00	129.20	0.0077397	1054.6	1344.1	4.7234	2.4450	3.3184	698.40	0.024032	2.2640e-05	0.088178	supercritical
501.69	374.00	128.92	0.0077567	1057.3	1347.4	4.7301	2.4485	3.3202	698.68	0.023876	2.2646e-05	0.088311	supercritical
502.69	374.00	128.64	0.0077738	1060.0	1350.7	4.7367	2.4520	3.3221	698.96	0.023721	2.2652e-05	0.088445	supercritical
503.69	374.00	128.36	0.0077908	1062.7	1354.1	4.7433	2.4555	3.3240	699.25	0.023565	2.2658e-05	0.088580	supercritical
504.69	374.00	128.08	0.0078078	1065.4	1357.4	4.7499	2.4590	3.3259	699.53	0.023410	2.2664e-05	0.088715	supercritical
505.69	374.00	127.80	0.0078248	1068.1	1360.7	4.7565	2.4625	3.3278	699.81	0.023255	2.2671e-05	0.088851	supercritical
506.69	374.00	127.52	0.0078418	1070.7	1364.0	4.7630	2.4660	3.3298	700.10	0.023100	2.2677e-05	0.088987	supercritical
507.69	374.00	127.25	0.0078588	1073.4	1367.4	4.7696	2.4695	3.3317	700.39	0.022945	2.2684e-05	0.089124	supercritical
508.69	374.00	126.97	0.0078758	1076.1	1370.7	4.7762	2.4730	3.3337	700.68	0.022791	2.2691e-05	0.089262	supercritical
509.69	374.00	126.70	0.0078928	1078.8	1374.0	4.7827	2.4765	3.3357	700.96	0.022637	2.2698e-05	0.089400	supercritical
510.69	374.00	126.43	0.0079097	1081.5	1377.4	4.7892	2.4800	3.3376	701.26	0.022483	2.2705e-05	0.089538	supercritical
511.69	374.00	126.16	0.0079267	1084.2	1380.7	4.7958	2.4835	3.3396	701.55	0.022329	2.2712e-05	0.089677	supercritical
512.69	374.00	125.89	0.0079436	1087.0	1384.0	4.8023	2.4870	3.3416	701.84	0.022175	2.2719e-05	0.089817	supercritical
513.69	374.00	125.62	0.0079605	1089.7	1387.4	4.8088	2.4905	3.3437	702.13	0.022022	2.2726e-05	0.089957	supercritical
514.69	374.00	125.35	0.0079775	1092.4	1390.7	4.8153	2.4940	3.3457	702.43	0.021869	2.2734e-05	0.090098	supercritical
515.69	374.00	125.09	0.0079944	1095.1	1394.1	4.8218	2.4975	3.3477	702.72	0.021716	2.2741e-05	0.090239	supercritical
516.69	374.00	124.82	0.0080113	1097.8	1397.4	4.8283	2.5010	3.3498	703.02	0.021563	2.2749e-05	0.090381	supercritical
517.69	374.00	124.56	0.0080282	1100.5	1400.8	4.8348	2.5045	3.3518	703.32	0.021411	2.2757e-05	0.090524	supercritical
518.69	374.00	124.30	0.0080451	1103.2	1404.1	4.8412	2.5080	3.3539	703.62	0.021259	2.2764e-05	0.090667	supercritical
519.69	374.00	124.04	0.0080620	1106.0	1407.5	4.8477	2.5115	3.3560	703.92	0.021107	2.2772e-05	0.090810	supercritical
520.69	374.00	123.78	0.0080788	1108.7	1410.8	4.8542	2.5151	3.3581	704.22	0.020956	2.2780e-05	0.090954	supercritical
521.69	374.00	123.52	0.0080957	1111.4	1414.2	4.8606	2.5186	3.3602	704.52	0.020804	2.2788e-05	0.091098	supercritical
522.69	374.00	123.27	0.0081126	1114.2	1417.6	4.8670	2.5221	3.3623	704.83	0.020653	2.2797e-05	0.091243	supercritical
523.69	374.00	123.01	0.0081294	1116.9	1420.9	4.8735	2.5256	3.3644	705.13	0.020503	2.2805e-05	0.091389	supercritical
524.69	374.00	122.76	0.0081462	1119.6	1424.3	4.8799	2.5291	3.3665	705.44	0.020352	2.2813e-05	0.091535	supercritical
525.69	374.00	122.50	0.0081631	1122.4	1427.7	4.8863	2.5326	3.3687	705.74	0.020202	2.2822e-05	0.091681	supercritical
526.69	374.00	122.25	0.0081799	1125.1	1431.0	4.8927	2.5362	3.3708	706.05	0.020052	2.2830e-05	0.091828	supercritical
527.69	374.00	122.00	0.0081967	1127.8	1434.4	4.8991	2.5397	3.3730	706.36	0.019903	2.2839e-05	0.091976	supercritical
528.69	374.00	121.75	0.0082135	1130.6	1437.8	4.9055	2.5432	3.3752	706.66	0.019754	2.2848e-05	0.092124	supercritical
529.69	374.00	121.50	0.0082303	1133.3	1441.2	4.9119	2.5467	3.3773	706.97	0.019605	2.2856e-05	0.092272	supercritical
530.69	374.00	121.26	0.0082471	1136.1	1444.5	4.9182	2.5502	3.3795	707.28	0.019456	2.2865e-05	0.092421	supercritical
531.69	374.00	121.01	0.0082638	1138.8	1447.9	4.9246	2.5538	3.3817	707.60	0.019308	2.2874e-05	0.092571	supercritical
532.69	374.00	120.76	0.0082806	1141.6	1451.3	4.9310	2.5573	3.3839	707.91	0.019160	2.2883e-05	0.092721	supercritical
533.69	374.00	120.52	0.0082974	1144.4	1454.7	4.9373	2.5608	3.3861	708.22	0.019013	2.2892e-05	0.092871	supercritical
534.69	374.00	120.28	0.0083141	1147.1	1458.1	4.9437	2.5643	3.3884	708.53	0.018865	2.2902e-05	0.093022	supercritical
535.69	374.00	120.04	0.0083309	1149.9	1461.5	4.9500	2.5679	3.3906	708.85	0.018718	2.2911e-05	0.093173	supercritical
536.69	374.00	119.80	0.0083476	1152.6	1464.8	4.9563	2.5714	3.3928	709.16	0.018572	2.2920e-05	0.093325	supercritical
537.69	374.00	119.56	0.0083643	1155.4	1468.2	4.9626	2.5749	3.3951	709.48	0.018426	2.2930e-05	0.093477	supercritical
538.69	374.00	119.32	0.0083810	1158.2	1471.6	4.9689	2.5784	3.3973	709.80	0.018280	2.2939e-05	0.093630	supercritical
539.69	374.00	119.08	0.0083977	1161.0	1475.0	4.9752	2.5820	3.3996	710.11	0.018134	2.2949e-05	0.093783	supercritical
540.69	374.00	118.84	0.0084144	1163.7	1478.4	4.9815	2.5855	3.4019	710.43	0.017989	2.2959e-05	0.093937	supercritical
541.69	374.00	118.61	0.0084311	1166.5	1481.8	4.9878	2.5890	3.4042	710.75	0.017844	2.2968e-05	0.094091	supercritical
542.69	374.00	118.37	0.0084478	1169.3	1485.2	4.9941	2.5925	3.4065	711.07	0.017700	2.2978e-05	0.094246	supercritical
543.69	374.00	118.14	0.0084645	1172.1	1488.7	5.0004	2.5961	3.4087	711.39	0.017556	2.2988e-05	0.094400	supercritical
544.69	374.00	117.91	0.0084811	1174.9	1492.1	5.0066	2.5996	3.4111	711.71	0.017412	2.2998e-05	0.094556	supercritical
545.69	374.00	117.68	0.0084978	1177.7	1495.5	5.0129	2.6031	3.4134	712.03	0.017269	2.3008e-05	0.094712	supercritical
546.69	374.00	117.45	0.0085144	1180.4	1498.9	5.0192	2.6067	3.4157	712.36	0.017126	2.3018e-05	0.094868	supercritical
547.69	374.00	117.22	0.0085311	1183.2	1502.3	5.0254	2.6102	3.4180	712.68	0.016983	2.3029e-05	0.095025	supercritical
548.69	374.00	116.99	0.0085477	1186.0	1505.7	5.0316	2.6137	3.4204	713.00	0.016841	2.3039e-05	0.095182	supercritical
549.69	374.00	116.76	0.0085643	1188.8	1509.1	5.0379	2.6172	3.4227	713.33	0.016699	2.3049e-05	0.095339	supercritical
550.69	374.00	116.54	0.0085810	1191.6	1512.6	5.0441	2.6208	3.4251	713.65	0.016558	2.3060e-05	0.095497	supercritical
551.69	374.00	116.31	0.0085976	1194.4	1516.0	5.0503	2.6243	3.4274	713.98	0.016416	2.3070e-05	0.095656	supercritical
552.69	374.00	116.09	0.0086142	1197.3	1519.4	5.0565	2.6278	3.4298	714.30	0.016276	2.3081e-05	0.095815	supercritical
553.69	374.00	115.86	0.0086308	1200.1	1522.9	5.0627	2.6314	3.4322	714.63	0.016135	2.3091e-05	0.095974	supercritical
554.69	374.00	115.64	0.0086473	1202.9	1526.3	5.0689	2.6349	3.4345	714.96	0.015995	2.3102e-05	0.096133	supercritical
555.69	374.00	115.42	0.0086639	1205.7	1529.7	5.0751	2.6384	3.4369	715.29	0.015856	2.3113e-05	0.096294	supercritical
556.69	374.00	115.20	0.0086805	1208.5	1533.2	5.0813	2.6419	3.4393	715.61	0.015717	2.3124e-05	0.096454	supercritical
557.69	374.00	114.98	0.0086970	1211.3	1536.6	5.0875	2.6455	3.4417	715.94	0.015578	2.3134e-05	0.096615	supercritical
558.69	374.00	114.76	0.0087136	1214.2	1540.0	5.0936	2.6490	3.4441	716.27	0.015439	2.3145e-05	0.096776	supercritical
559.69	374.00	114.55	0.0087301	1217.0	1543.5	5.0998	2.6525	3.4465	716.60	0.015301	2.3156e-05	0.096938	supercritical
560.69	374.00	114.33	0.0087467	1219.8	1546.9	5.1059	2.6561	3.4490	716.93	0.015164	2.3168e-05	0.097100	supercritical
561.69	374.00	114.11	0.0087632	1222.6	1550.4	5.1121	2.6596	3.4514	717.27	0.015027	2.3179e-05	0.097262	supercritical
562.69	374.00	113.90	0.0087797	1225.5	1553.8	5.1182	2.6631	3.4538	717.60	0.014890	2.3190e-05	0.097425	supercritical
563.69	374.00	113.68	0.0087962	1228.3	1557.3	5.1244	2.6666	3.4563	717.93	0.014753	2.3201e-05	0.097588	supercritical
564.69	374.00	113.47	0.0088127	1231.2	1560.8	5.1305	2.6702	3.4587	718.26	0.014617	2.3212e-05	0.097752	supercritical
565.69	374.00	113.26	0.0088292	1234.0	1564.2	5.1366	2.6737	3.4612	718.60	0.014482	2.3224e-05	0.097916	supercritical
566.69	374.00	113.05	0.0088457	1236.8	1567.7	5.1427	2.6772	3.4636	718.93	0.014347	2.3235e-05	0.098080	supercritical
567.69	374.00	112.84	0.0088622	1239.7	1571.1	5.1488	2.6807	3.4661	719.26	0.014212	2.3247e-05	0.098245	supercritical
568.69	374.00	112.63	0.0088787	1242.5	1574.6	5.1549	2.6843	3.4686	719.60	0.014077	2.3258e-05	0.098410	supercritical
569.69	374.00	112.42	0.0088952	1245.4	1578.1	5.1610	2.6878	3.4710	719.93	0.013943	2.3270e-05	0.098576	supercritical
570.69	374.00	112.21	0.0089116	1248.3	1581.6	5.1671	2.6913	3.4735	720.27	0.013810	2.3281e-05	0.098741	supercritical
571.69	374.00	112.01	0.0089281	1251.1	1585.0	5.1732	2.6948	3.4760	720.60	0.013677	2.3293e-05	0.098908	supercritical
572.69	374.00	111.80	0.0089445	1254.0	1588.5	5.1793	2.6984	3.4785	720.94	0.013544	2.3305e-05	0.099074	supercritical
573.69	374.00	111.60	0.0089609	1256.8	1592.0	5.1854	2.7019	3.4810	721.28	0.013411	2.3317e-05	0.099241	supercritical
574.69	374.00	111.39	0.0089774	1259.7	1595.5	5.1914	2.7054	3.4835	721.62	0.013279	2.3329e-05	0.099409	supercritical
575.69	374.00	111.19	0.0089938	1262.6	1599.0	5.1975	2.7089	3.4860	721.95	0.013148	2.3340e-05	0.099576	supercritical
576.69	374.00	110.99	0.0090102	1265.5	1602.4	5.2035	2.7124	3.4885	722.29	0.013017	2.3352e-05	0.099744	supercritical
577.69	374.00	110.78	0.0090266	1268.3	1605.9	5.2096	2.7160	3.4910	722.63	0.012886	2.3364e-05	0.099913	supercritical
578.69	374.00	110.58	0.0090430	1271.2	1609.4	5.2156	2.7195	3.4936	722.97	0.012756	2.3376e-05	0.10008	supercritical
579.69	374.00	110.38	0.0090594	1274.1	1612.9	5.2217	2.7230	3.4961	723.31	0.012626	2.3389e-05	0.10025	supercritical
580.69	374.00	110.18	0.0090758	1277.0	1616.4	5.2277	2.7265	3.4986	723.65	0.012496	2.3401e-05	0.10042	supercritical
581.69	374.00	109.98	0.0090922	1279.9	1619.9	5.2337	2.7300	3.5012	723.99	0.012367	2.3413e-05	0.10059	supercritical
582.69	374.00	109.79	0.0091086	1282.8	1623.4	5.2397	2.7336	3.5037	724.33	0.012238	2.3425e-05	0.10076	supercritical
583.69	374.00	109.59	0.0091249	1285.6	1626.9	5.2457	2.7371	3.5063	724.67	0.012110	2.3438e-05	0.10093	supercritical
584.69	374.00	109.39	0.0091413	1288.5	1630.4	5.2517	2.7406	3.5088	725.01	0.011982	2.3450e-05	0.10110	supercritical
585.69	374.00	109.20	0.0091576	1291.4	1633.9	5.2577	2.7441	3.5114	725.35	0.011855	2.3462e-05	0.10127	supercritical
586.69	374.00	109.00	0.0091740	1294.3	1637.5	5.2637	2.7476	3.5140	725.69	0.011728	2.3475e-05	0.10144	supercritical
587.69	374.00	108.81	0.0091903	1297.2	1641.0	5.2697	2.7511	3.5165	726.04	0.011601	2.3487e-05	0.10162	supercritical
588.69	374.00	108.62	0.0092066	1300.2	1644.5	5.2757	2.7546	3.5191	726.38	0.011475	2.3500e-05	0.10179	supercritical
589.69	374.00	108.43	0.0092230	1303.1	1648.0	5.2817	2.7582	3.5217	726.72	0.011349	2.3512e-05	0.10196	supercritical
590.69	374.00	108.23	0.0092393	1306.0	1651.5	5.2876	2.7617	3.5243	727.07	0.011224	2.3525e-05	0.10213	supercritical
591.69	374.00	108.04	0.0092556	1308.9	1655.1	5.2936	2.7652	3.5269	727.41	0.011099	2.3538e-05	0.10231	supercritical
592.69	374.00	107.85	0.0092719	1311.8	1658.6	5.2996	2.7687	3.5294	727.75	0.010974	2.3550e-05	0.10248	supercritical
593.69	374.00	107.66	0.0092882	1314.7	1662.1	5.3055	2.7722	3.5320	728.10	0.010850	2.3563e-05	0.10265	supercritical
594.69	374.00	107.48	0.0093045	1317.7	1665.6	5.3115	2.7757	3.5346	728.44	0.010726	2.3576e-05	0.10283	supercritical
595.69	374.00	107.29	0.0093207	1320.6	1669.2	5.3174	2.7792	3.5373	728.79	0.010603	2.3589e-05	0.10300	supercritical
596.69	374.00	107.10	0.0093370	1323.5	1672.7	5.3233	2.7827	3.5399	729.13	0.010480	2.3602e-05	0.10318	supercritical
597.69	374.00	106.91	0.0093533	1326.4	1676.3	5.3293	2.7862	3.5425	729.48	0.010358	2.3615e-05	0.10335	supercritical
598.69	374.00	106.73	0.0093695	1329.4	1679.8	5.3352	2.7897	3.5451	729.82	0.010236	2.3628e-05	0.10353	supercritical
599.69	374.00	106.54	0.0093858	1332.3	1683.4	5.3411	2.7932	3.5477	730.17	0.010114	2.3641e-05	0.10370	supercritical
600.69	374.00	106.36	0.0094020	1335.3	1686.9	5.3470	2.7967	3.5503	730.51	0.0099928	2.3654e-05	0.10388	supercritical
601.69	374.00	106.18	0.0094183	1338.2	1690.5	5.3529	2.8002	3.5530	730.86	0.0098720	2.3667e-05	0.10405	supercritical
602.69	374.00	105.99	0.0094345	1341.2	1694.0	5.3588	2.8037	3.5556	731.21	0.0097515	2.3680e-05	0.10423	supercritical
603.69	374.00	105.81	0.0094507	1344.1	1697.6	5.3647	2.8072	3.5582	731.55	0.0096315	2.3693e-05	0.10441	supercritical
604.69	374.00	105.63	0.0094669	1347.1	1701.1	5.3706	2.8107	3.5609	731.90	0.0095119	2.3706e-05	0.10458	supercritical
605.69	374.00	105.45	0.0094832	1350.0	1704.7	5.3765	2.8142	3.5635	732.25	0.0093927	2.3720e-05	0.10476	supercritical
606.69	374.00	105.27	0.0094994	1353.0	1708.2	5.3824	2.8177	3.5662	732.60	0.0092739	2.3733e-05	0.10494	supercritical
607.69	374.00	105.09	0.0095156	1355.9	1711.8	5.3883	2.8212	3.5688	732.94	0.0091556	2.3746e-05	0.10512	supercritical
608.69	374.00	104.91	0.0095318	1358.9	1715.4	5.3941	2.8247	3.5715	733.29	0.0090376	2.3760e-05	0.10530	supercritical
609.69	374.00	104.73	0.0095479	1361.9	1719.0	5.4000	2.8282	3.5741	733.64	0.0089201	2.3773e-05	0.10547	supercritical
610.69	374.00	104.56	0.0095641	1364.8	1722.5	5.4059	2.8317	3.5768	733.99	0.0088029	2.3787e-05	0.10565	supercritical
611.69	374.00	104.38	0.0095803	1367.8	1726.1	5.4117	2.8352	3.5795	734.34	0.0086862	2.3800e-05	0.10583	supercritical
612.69	374.00	104.21	0.0095965	1370.8	1729.7	5.4176	2.8386	3.5821	734.69	0.0085698	2.3814e-05	0.10601	supercritical
613.69	374.00	104.03	0.0096126	1373.8	1733.3	5.4234	2.8421	3.5848	735.04	0.0084539	2.3827e-05	0.10619	supercritical
614.69	374.00	103.86	0.0096288	1376.7	1736.9	5.4292	2.8456	3.5875	735.39	0.0083384	2.3841e-05	0.10637	supercritical
615.69	374.00	103.68	0.0096449	1379.7	1740.5	5.4351	2.8491	3.5902	735.74	0.0082233	2.3854e-05	0.10655	supercritical
616.69	374.00	103.51	0.0096611	1382.7	1744.0	5.4409	2.8526	3.5929	736.09	0.0081086	2.3868e-05	0.10673	supercritical
617.69	374.00	103.34	0.0096772	1385.7	1747.6	5.4467	2.8561	3.5955	736.44	0.0079943	2.3882e-05	0.10691	supercritical
618.69	374.00	103.16	0.0096933	1388.7	1751.2	5.4525	2.8595	3.5982	736.79	0.0078804	2.3895e-05	0.10709	supercritical
619.69	374.00	102.99	0.0097095	1391.7	1754.8	5.4584	2.8630	3.6009	737.14	0.0077669	2.3909e-05	0.10728	supercritical
620.69	374.00	102.82	0.0097256	1394.7	1758.4	5.4642	2.8665	3.6036	737.49	0.0076538	2.3923e-05	0.10746	supercritical
621.69	374.00	102.65	0.0097417	1397.7	1762.0	5.4700	2.8700	3.6063	737.84	0.0075411	2.3937e-05	0.10764	supercritical
622.69	374.00	102.48	0.0097578	1400.7	1765.6	5.4758	2.8734	3.6090	738.19	0.0074288	2.3951e-05	0.10782	supercritical
623.69	374.00	102.31	0.0097739	1403.7	1769.3	5.4816	2.8769	3.6117	738.54	0.0073169	2.3964e-05	0.10800	supercritical
624.69	374.00	102.15	0.0097900	1406.7	1772.9	5.4873	2.8804	3.6144	738.89	0.0072054	2.3978e-05	0.10819	supercritical