Temperature (K)	Pressure (bar)	Density (kg/m3)	Volume (m3/kg)	Internal Energy (kJ/kg)	Enthalpy (kJ/kg)	Entropy (J/g*K)	Cv (J/g*K)	Cp (J/g*K)	Sound Spd. (m/s)	Joule-Thomson (K/bar)	Viscosity (Pa*s)	Therm. Cond. (W/m*K)	Phase
90.694	804.00	489.87	0.0020414	-101.31	62.816	-1.1024	2.3112	3.1960	1936.4	-0.052885	0.00049632	0.27050	liquid
110.69	804.00	471.64	0.0021203	-44.076	126.39	-0.46883	2.2220	3.1667	1833.8	-0.052859	0.00023343	0.25346	liquid
111.69	804.00	470.74	0.0021243	-41.234	129.56	-0.44036	2.2181	3.1657	1828.6	-0.052841	0.00022715	0.25250	liquid
112.69	804.00	469.85	0.0021283	-38.395	132.72	-0.41215	2.2143	3.1646	1823.4	-0.052823	0.00022121	0.25153	liquid
113.69	804.00	468.96	0.0021324	-35.557	135.89	-0.38419	2.2104	3.1636	1818.2	-0.052804	0.00021558	0.25056	liquid
114.69	804.00	468.06	0.0021365	-32.721	139.05	-0.35649	2.2066	3.1626	1813.0	-0.052785	0.00021024	0.24958	liquid
115.69	804.00	467.17	0.0021405	-29.886	142.21	-0.32904	2.2029	3.1615	1807.9	-0.052764	0.00020517	0.24860	liquid
116.69	804.00	466.28	0.0021446	-27.054	145.37	-0.30184	2.1991	3.1605	1802.7	-0.052743	0.00020035	0.24761	liquid
117.69	804.00	465.39	0.0021487	-24.224	148.53	-0.27488	2.1954	3.1594	1797.5	-0.052722	0.00019577	0.24662	liquid
118.69	804.00	464.50	0.0021528	-21.395	151.69	-0.24815	2.1916	3.1583	1792.4	-0.052700	0.00019141	0.24563	liquid
119.69	804.00	463.61	0.0021570	-18.569	154.85	-0.22166	2.1879	3.1573	1787.3	-0.052677	0.00018725	0.24464	liquid
120.69	804.00	462.73	0.0021611	-15.744	158.01	-0.19539	2.1842	3.1562	1782.1	-0.052654	0.00018328	0.24364	liquid
121.69	804.00	461.84	0.0021652	-12.922	161.16	-0.16936	2.1806	3.1551	1777.0	-0.052630	0.00017949	0.24264	liquid
122.69	804.00	460.96	0.0021694	-10.101	164.32	-0.14354	2.1769	3.1540	1771.9	-0.052605	0.00017587	0.24164	liquid
123.69	804.00	460.08	0.0021736	-7.2823	167.47	-0.11794	2.1733	3.1529	1766.8	-0.052580	0.00017241	0.24064	liquid
124.69	804.00	459.19	0.0021777	-4.4657	170.62	-0.092560	2.1697	3.1517	1761.7	-0.052554	0.00016910	0.23963	liquid
125.69	804.00	458.31	0.0021819	-1.6511	173.77	-0.067390	2.1661	3.1506	1756.7	-0.052528	0.00016593	0.23863	liquid
126.69	804.00	457.43	0.0021861	1.1614	176.92	-0.042428	2.1625	3.1495	1751.6	-0.052501	0.00016288	0.23762	liquid
127.69	804.00	456.55	0.0021903	3.9718	180.07	-0.017671	2.1589	3.1483	1746.6	-0.052474	0.00015996	0.23661	liquid
128.69	804.00	455.68	0.0021945	6.7802	183.22	0.0068834	2.1554	3.1472	1741.6	-0.052446	0.00015716	0.23561	liquid
129.69	804.00	454.80	0.0021988	9.5864	186.37	0.031239	2.1519	3.1460	1736.5	-0.052417	0.00015446	0.23460	liquid
130.69	804.00	453.92	0.0022030	12.391	189.51	0.055399	2.1483	3.1448	1731.5	-0.052388	0.00015187	0.23360	liquid
131.69	804.00	453.05	0.0022073	15.193	192.66	0.079365	2.1449	3.1437	1726.6	-0.052358	0.00014938	0.23259	liquid
132.69	804.00	452.17	0.0022115	17.993	195.80	0.10314	2.1414	3.1425	1721.6	-0.052327	0.00014697	0.23159	liquid
133.69	804.00	451.30	0.0022158	20.790	198.94	0.12673	2.1380	3.1413	1716.6	-0.052296	0.00014466	0.23059	liquid
134.69	804.00	450.43	0.0022201	23.586	202.08	0.15013	2.1345	3.1401	1711.7	-0.052264	0.00014242	0.22958	liquid
135.69	804.00	449.55	0.0022244	26.379	205.22	0.17336	2.1311	3.1389	1706.8	-0.052232	0.00014027	0.22858	liquid
136.69	804.00	448.68	0.0022287	29.171	208.36	0.19640	2.1277	3.1377	1701.8	-0.052199	0.00013819	0.22758	liquid
137.69	804.00	447.81	0.0022331	31.960	211.50	0.21927	2.1244	3.1365	1697.0	-0.052165	0.00013617	0.22659	liquid
138.69	804.00	446.95	0.0022374	34.746	214.63	0.24196	2.1210	3.1353	1692.1	-0.052130	0.00013423	0.22559	liquid
139.69	804.00	446.08	0.0022418	37.531	217.77	0.26448	2.1177	3.1341	1687.2	-0.052095	0.00013234	0.22460	liquid
140.69	804.00	445.21	0.0022461	40.314	220.90	0.28683	2.1144	3.1329	1682.4	-0.052059	0.00013052	0.22361	liquid
141.69	804.00	444.34	0.0022505	43.094	224.03	0.30901	2.1112	3.1317	1677.5	-0.052023	0.00012875	0.22262	liquid
142.69	804.00	443.48	0.0022549	45.872	227.17	0.33103	2.1079	3.1305	1672.7	-0.051985	0.00012704	0.22163	liquid
143.69	804.00	442.61	0.0022593	48.648	230.30	0.35289	2.1047	3.1292	1667.9	-0.051947	0.00012538	0.22065	liquid
144.69	804.00	441.75	0.0022637	51.421	233.42	0.37459	2.1015	3.1280	1663.1	-0.051909	0.00012376	0.21967	liquid
145.69	804.00	440.89	0.0022682	54.192	236.55	0.39613	2.0983	3.1268	1658.4	-0.051869	0.00012220	0.21869	liquid
146.69	804.00	440.03	0.0022726	56.961	239.68	0.41751	2.0951	3.1256	1653.6	-0.051829	0.00012067	0.21772	liquid
147.69	804.00	439.16	0.0022770	59.728	242.80	0.43874	2.0920	3.1244	1648.9	-0.051788	0.00011920	0.21675	liquid
148.69	804.00	438.30	0.0022815	62.493	245.93	0.45982	2.0889	3.1232	1644.2	-0.051746	0.00011776	0.21578	liquid
149.69	804.00	437.45	0.0022860	65.255	249.05	0.48075	2.0858	3.1220	1639.5	-0.051704	0.00011636	0.21481	liquid
150.69	804.00	436.59	0.0022905	68.015	252.17	0.50153	2.0828	3.1208	1634.8	-0.051660	0.00011500	0.21385	liquid
151.69	804.00	435.73	0.0022950	70.773	255.29	0.52217	2.0798	3.1196	1630.1	-0.051616	0.00011367	0.21289	liquid
152.69	804.00	434.87	0.0022995	73.528	258.41	0.54266	2.0767	3.1184	1625.5	-0.051572	0.00011238	0.21194	liquid
153.69	804.00	434.02	0.0023041	76.281	261.53	0.56302	2.0738	3.1172	1620.9	-0.051526	0.00011112	0.21099	liquid
154.69	804.00	433.16	0.0023086	79.032	264.64	0.58323	2.0708	3.1160	1616.3	-0.051480	0.00010989	0.21004	liquid
155.69	804.00	432.31	0.0023132	81.781	267.76	0.60330	2.0679	3.1148	1611.7	-0.051432	0.00010869	0.20910	liquid
156.69	804.00	431.45	0.0023177	84.528	270.87	0.62324	2.0650	3.1136	1607.1	-0.051384	0.00010752	0.20816	liquid
157.69	804.00	430.60	0.0023223	87.272	273.99	0.64304	2.0621	3.1124	1602.5	-0.051335	0.00010638	0.20723	liquid
158.69	804.00	429.75	0.0023269	90.014	277.10	0.66272	2.0593	3.1113	1598.0	-0.051286	0.00010526	0.20630	liquid
159.69	804.00	428.90	0.0023315	92.753	280.21	0.68226	2.0565	3.1101	1593.5	-0.051235	0.00010417	0.20537	liquid
160.69	804.00	428.05	0.0023362	95.491	283.32	0.70167	2.0537	3.1089	1589.0	-0.051184	0.00010310	0.20445	liquid
161.69	804.00	427.20	0.0023408	98.226	286.43	0.72095	2.0509	3.1078	1584.5	-0.051132	0.00010206	0.20353	liquid
162.69	804.00	426.35	0.0023455	100.96	289.53	0.74011	2.0482	3.1066	1580.0	-0.051079	0.00010104	0.20262	liquid
163.69	804.00	425.51	0.0023501	103.69	292.64	0.75914	2.0455	3.1055	1575.6	-0.051025	0.00010005	0.20171	liquid
164.69	804.00	424.66	0.0023548	106.42	295.75	0.77805	2.0428	3.1043	1571.2	-0.050970	9.9071e-05	0.20080	liquid
165.69	804.00	423.81	0.0023595	109.14	298.85	0.79684	2.0401	3.1032	1566.8	-0.050915	9.8116e-05	0.19990	liquid
166.69	804.00	422.97	0.0023642	111.87	301.95	0.81551	2.0375	3.1021	1562.4	-0.050858	9.7180e-05	0.19901	liquid
167.69	804.00	422.13	0.0023690	114.59	305.05	0.83406	2.0349	3.1010	1558.0	-0.050801	9.6264e-05	0.19812	liquid
168.69	804.00	421.28	0.0023737	117.31	308.15	0.85249	2.0323	3.0999	1553.6	-0.050743	9.5367e-05	0.19723	liquid
169.69	804.00	420.44	0.0023785	120.03	311.25	0.87081	2.0298	3.0988	1549.3	-0.050684	9.4487e-05	0.19635	liquid
170.69	804.00	419.60	0.0023832	122.74	314.35	0.88901	2.0273	3.0977	1545.0	-0.050624	9.3624e-05	0.19547	liquid
171.69	804.00	418.76	0.0023880	125.45	317.45	0.90711	2.0248	3.0966	1540.7	-0.050564	9.2779e-05	0.19460	liquid
172.69	804.00	417.92	0.0023928	128.16	320.54	0.92509	2.0223	3.0955	1536.4	-0.050502	9.1949e-05	0.19373	liquid
173.69	804.00	417.08	0.0023976	130.87	323.64	0.94296	2.0199	3.0945	1532.2	-0.050440	9.1135e-05	0.19287	liquid
174.69	804.00	416.24	0.0024024	133.58	326.73	0.96072	2.0175	3.0934	1527.9	-0.050377	9.0336e-05	0.19202	liquid
175.69	804.00	415.41	0.0024073	136.28	329.83	0.97837	2.0152	3.0924	1523.7	-0.050312	8.9552e-05	0.19116	liquid
176.69	804.00	414.57	0.0024121	138.98	332.92	0.99592	2.0128	3.0913	1519.5	-0.050247	8.8783e-05	0.19032	liquid
177.69	804.00	413.74	0.0024170	141.68	336.01	1.0134	2.0105	3.0903	1515.3	-0.050182	8.8027e-05	0.18947	liquid
178.69	804.00	412.90	0.0024219	144.38	339.10	1.0307	2.0082	3.0893	1511.1	-0.050115	8.7285e-05	0.18864	liquid
179.69	804.00	412.07	0.0024268	147.07	342.19	1.0479	2.0060	3.0883	1507.0	-0.050047	8.6556e-05	0.18780	liquid
180.69	804.00	411.24	0.0024317	149.77	345.28	1.0651	2.0038	3.0873	1502.8	-0.049979	8.5839e-05	0.18698	liquid
181.69	804.00	410.41	0.0024366	152.46	348.36	1.0821	2.0016	3.0863	1498.7	-0.049910	8.5135e-05	0.18615	liquid
182.69	804.00	409.58	0.0024415	155.15	351.45	1.0990	1.9994	3.0853	1494.6	-0.049839	8.4443e-05	0.18534	liquid
183.69	804.00	408.75	0.0024465	157.83	354.53	1.1159	1.9973	3.0844	1490.6	-0.049768	8.3763e-05	0.18452	liquid
184.69	804.00	407.92	0.0024515	160.52	357.62	1.1326	1.9952	3.0834	1486.5	-0.049696	8.3094e-05	0.18372	liquid
185.69	804.00	407.09	0.0024565	163.20	360.70	1.1493	1.9931	3.0825	1482.5	-0.049624	8.2436e-05	0.18291	liquid
186.69	804.00	406.26	0.0024615	165.88	363.78	1.1658	1.9910	3.0815	1478.4	-0.049550	8.1789e-05	0.18212	liquid
187.69	804.00	405.44	0.0024665	168.56	366.86	1.1823	1.9890	3.0806	1474.4	-0.049476	8.1152e-05	0.18133	liquid
188.69	804.00	404.61	0.0024715	171.23	369.94	1.1987	1.9871	3.0797	1470.4	-0.049400	8.0526e-05	0.18054	liquid
189.69	804.00	403.79	0.0024765	173.91	373.02	1.2149	1.9851	3.0788	1466.5	-0.049324	7.9910e-05	0.17976	liquid
190.69	804.00	402.97	0.0024816	176.58	376.10	1.2311	1.9832	3.0779	1462.5	-0.049247	7.9303e-05	0.17898	supercritical
191.69	804.00	402.14	0.0024867	179.25	379.18	1.2472	1.9813	3.0770	1458.6	-0.049169	7.8706e-05	0.17821	supercritical
192.69	804.00	401.32	0.0024918	181.92	382.25	1.2632	1.9794	3.0762	1454.7	-0.049090	7.8118e-05	0.17744	supercritical
193.69	804.00	400.50	0.0024969	184.58	385.33	1.2791	1.9776	3.0753	1450.8	-0.049011	7.7539e-05	0.17668	supercritical
194.69	804.00	399.68	0.0025020	187.25	388.40	1.2950	1.9758	3.0745	1446.9	-0.048930	7.6969e-05	0.17593	supercritical
195.69	804.00	398.87	0.0025071	189.91	391.48	1.3107	1.9740	3.0737	1443.1	-0.048849	7.6408e-05	0.17517	supercritical
196.69	804.00	398.05	0.0025123	192.57	394.55	1.3264	1.9723	3.0728	1439.2	-0.048767	7.5855e-05	0.17443	supercritical
197.69	804.00	397.23	0.0025174	195.22	397.62	1.3420	1.9706	3.0720	1435.4	-0.048684	7.5310e-05	0.17369	supercritical
198.69	804.00	396.42	0.0025226	197.88	400.70	1.3575	1.9689	3.0713	1431.6	-0.048600	7.4774e-05	0.17295	supercritical
199.69	804.00	395.60	0.0025278	200.53	403.77	1.3729	1.9673	3.0705	1427.8	-0.048516	7.4245e-05	0.17222	supercritical
200.69	804.00	394.79	0.0025330	203.19	406.84	1.3882	1.9656	3.0697	1424.1	-0.048430	7.3724e-05	0.17150	supercritical
201.69	804.00	393.98	0.0025382	205.83	409.91	1.4035	1.9641	3.0690	1420.3	-0.048344	7.3210e-05	0.17078	supercritical
202.69	804.00	393.17	0.0025434	208.48	412.98	1.4187	1.9625	3.0682	1416.6	-0.048257	7.2704e-05	0.17006	supercritical
203.69	804.00	392.36	0.0025487	211.13	416.04	1.4337	1.9610	3.0675	1412.9	-0.048169	7.2205e-05	0.16935	supercritical
204.69	804.00	391.55	0.0025540	213.77	419.11	1.4488	1.9595	3.0668	1409.2	-0.048081	7.1713e-05	0.16865	supercritical
205.69	804.00	390.74	0.0025592	216.41	422.18	1.4637	1.9580	3.0661	1405.6	-0.047991	7.1228e-05	0.16795	supercritical
206.69	804.00	389.93	0.0025645	219.05	425.24	1.4786	1.9566	3.0654	1401.9	-0.047901	7.0750e-05	0.16725	supercritical
207.69	804.00	389.13	0.0025698	221.69	428.31	1.4934	1.9552	3.0647	1398.3	-0.047810	7.0278e-05	0.16656	supercritical
208.69	804.00	388.32	0.0025752	224.33	431.37	1.5081	1.9538	3.0641	1394.7	-0.047719	6.9813e-05	0.16588	supercritical
209.69	804.00	387.52	0.0025805	226.96	434.44	1.5227	1.9525	3.0634	1391.1	-0.047626	6.9354e-05	0.16520	supercritical
210.69	804.00	386.72	0.0025859	229.59	437.50	1.5373	1.9512	3.0628	1387.5	-0.047533	6.8902e-05	0.16453	supercritical
211.69	804.00	385.92	0.0025912	232.23	440.56	1.5518	1.9499	3.0622	1383.9	-0.047439	6.8455e-05	0.16386	supercritical
212.69	804.00	385.12	0.0025966	234.85	443.62	1.5662	1.9487	3.0616	1380.4	-0.047344	6.8015e-05	0.16319	supercritical
213.69	804.00	384.32	0.0026020	237.48	446.68	1.5806	1.9475	3.0610	1376.9	-0.047249	6.7580e-05	0.16254	supercritical
214.69	804.00	383.52	0.0026074	240.11	449.75	1.5949	1.9463	3.0604	1373.3	-0.047153	6.7152e-05	0.16188	supercritical
215.69	804.00	382.72	0.0026129	242.73	452.81	1.6091	1.9451	3.0598	1369.9	-0.047056	6.6728e-05	0.16123	supercritical
216.69	804.00	381.92	0.0026183	245.35	455.86	1.6233	1.9440	3.0593	1366.4	-0.046958	6.6311e-05	0.16059	supercritical
217.69	804.00	381.13	0.0026238	247.97	458.92	1.6373	1.9429	3.0587	1362.9	-0.046860	6.5899e-05	0.15995	supercritical
218.69	804.00	380.34	0.0026293	250.59	461.98	1.6514	1.9419	3.0582	1359.5	-0.046761	6.5492e-05	0.15932	supercritical
219.69	804.00	379.54	0.0026347	253.21	465.04	1.6653	1.9408	3.0577	1356.1	-0.046661	6.5090e-05	0.15869	supercritical
220.69	804.00	378.75	0.0026403	255.82	468.10	1.6792	1.9398	3.0572	1352.7	-0.046561	6.4694e-05	0.15807	supercritical
221.69	804.00	377.96	0.0026458	258.43	471.15	1.6930	1.9389	3.0567	1349.3	-0.046460	6.4303e-05	0.15745	supercritical
222.69	804.00	377.17	0.0026513	261.05	474.21	1.7068	1.9379	3.0562	1346.0	-0.046358	6.3916e-05	0.15684	supercritical
223.69	804.00	376.38	0.0026569	263.66	477.27	1.7205	1.9370	3.0558	1342.6	-0.046256	6.3535e-05	0.15623	supercritical
224.69	804.00	375.60	0.0026624	266.26	480.32	1.7341	1.9362	3.0554	1339.3	-0.046153	6.3158e-05	0.15562	supercritical
225.69	804.00	374.81	0.0026680	268.87	483.38	1.7477	1.9353	3.0549	1336.0	-0.046049	6.2786e-05	0.15503	supercritical
226.69	804.00	374.03	0.0026736	271.47	486.43	1.7612	1.9345	3.0545	1332.7	-0.045945	6.2419e-05	0.15443	supercritical
227.69	804.00	373.24	0.0026792	274.08	489.49	1.7746	1.9338	3.0541	1329.4	-0.045840	6.2056e-05	0.15384	supercritical
228.69	804.00	372.46	0.0026848	276.68	492.54	1.7880	1.9330	3.0537	1326.2	-0.045735	6.1698e-05	0.15326	supercritical
229.69	804.00	371.68	0.0026905	279.28	495.59	1.8013	1.9323	3.0534	1322.9	-0.045628	6.1344e-05	0.15268	supercritical
230.69	804.00	370.90	0.0026961	281.88	498.65	1.8146	1.9316	3.0530	1319.7	-0.045522	6.0994e-05	0.15211	supercritical
231.69	804.00	370.12	0.0027018	284.47	501.70	1.8278	1.9310	3.0527	1316.5	-0.045415	6.0649e-05	0.15154	supercritical
232.69	804.00	369.35	0.0027075	287.07	504.75	1.8409	1.9303	3.0523	1313.3	-0.045307	6.0308e-05	0.15097	supercritical
233.69	804.00	368.57	0.0027132	289.66	507.80	1.8540	1.9298	3.0520	1310.2	-0.045198	5.9971e-05	0.15041	supercritical
234.69	804.00	367.79	0.0027189	292.26	510.86	1.8671	1.9292	3.0517	1307.0	-0.045089	5.9638e-05	0.14986	supercritical
235.69	804.00	367.02	0.0027246	294.85	513.91	1.8800	1.9287	3.0514	1303.9	-0.044980	5.9309e-05	0.14931	supercritical
236.69	804.00	366.25	0.0027304	297.44	516.96	1.8929	1.9282	3.0512	1300.8	-0.044870	5.8984e-05	0.14876	supercritical
237.69	804.00	365.48	0.0027361	300.03	520.01	1.9058	1.9277	3.0509	1297.7	-0.044760	5.8663e-05	0.14822	supercritical
238.69	804.00	364.71	0.0027419	302.61	523.06	1.9186	1.9273	3.0507	1294.6	-0.044649	5.8346e-05	0.14769	supercritical
239.69	804.00	363.94	0.0027477	305.20	526.11	1.9314	1.9269	3.0504	1291.5	-0.044537	5.8032e-05	0.14716	supercritical
240.69	804.00	363.17	0.0027535	307.78	529.16	1.9441	1.9265	3.0502	1288.5	-0.044425	5.7722e-05	0.14663	supercritical
241.69	804.00	362.41	0.0027593	310.36	532.21	1.9567	1.9261	3.0500	1285.5	-0.044313	5.7416e-05	0.14611	supercritical
242.69	804.00	361.64	0.0027652	312.94	535.26	1.9693	1.9258	3.0498	1282.5	-0.044200	5.7113e-05	0.14559	supercritical
243.69	804.00	360.88	0.0027710	315.52	538.31	1.9819	1.9256	3.0497	1279.5	-0.044087	5.6814e-05	0.14508	supercritical
244.69	804.00	360.12	0.0027769	318.10	541.36	1.9943	1.9253	3.0495	1276.5	-0.043973	5.6518e-05	0.14457	supercritical
245.69	804.00	359.36	0.0027827	320.68	544.41	2.0068	1.9251	3.0493	1273.6	-0.043859	5.6226e-05	0.14407	supercritical
246.69	804.00	358.60	0.0027886	323.25	547.46	2.0192	1.9249	3.0492	1270.6	-0.043744	5.5937e-05	0.14357	supercritical
247.69	804.00	357.84	0.0027945	325.83	550.51	2.0315	1.9247	3.0491	1267.7	-0.043629	5.5652e-05	0.14307	supercritical
248.69	804.00	357.09	0.0028004	328.40	553.56	2.0438	1.9246	3.0490	1264.8	-0.043514	5.5369e-05	0.14258	supercritical
249.69	804.00	356.33	0.0028064	330.97	556.61	2.0560	1.9245	3.0489	1261.9	-0.043398	5.5090e-05	0.14210	supercritical
250.69	804.00	355.58	0.0028123	333.55	559.66	2.0682	1.9244	3.0488	1259.0	-0.043282	5.4814e-05	0.14162	supercritical
251.69	804.00	354.83	0.0028183	336.11	562.71	2.0803	1.9244	3.0488	1256.2	-0.043166	5.4541e-05	0.14114	supercritical
252.69	804.00	354.07	0.0028243	338.68	565.75	2.0924	1.9244	3.0487	1253.4	-0.043049	5.4272e-05	0.14067	supercritical
253.69	804.00	353.33	0.0028303	341.25	568.80	2.1045	1.9244	3.0487	1250.5	-0.042932	5.4005e-05	0.14020	supercritical
254.69	804.00	352.58	0.0028363	343.82	571.85	2.1165	1.9244	3.0487	1247.7	-0.042814	5.3741e-05	0.13974	supercritical
255.69	804.00	351.83	0.0028423	346.38	574.90	2.1284	1.9245	3.0487	1245.0	-0.042697	5.3480e-05	0.13928	supercritical
256.69	804.00	351.09	0.0028483	348.94	577.95	2.1403	1.9246	3.0487	1242.2	-0.042579	5.3222e-05	0.13883	supercritical
257.69	804.00	350.34	0.0028544	351.51	581.00	2.1522	1.9247	3.0487	1239.4	-0.042460	5.2967e-05	0.13838	supercritical
258.69	804.00	349.60	0.0028604	354.07	584.05	2.1640	1.9249	3.0488	1236.7	-0.042342	5.2715e-05	0.13793	supercritical
259.69	804.00	348.86	0.0028665	356.63	587.09	2.1757	1.9251	3.0488	1234.0	-0.042223	5.2466e-05	0.13749	supercritical
260.69	804.00	348.12	0.0028726	359.19	590.14	2.1875	1.9253	3.0489	1231.3	-0.042104	5.2219e-05	0.13706	supercritical
261.69	804.00	347.38	0.0028787	361.75	593.19	2.1991	1.9256	3.0490	1228.6	-0.041985	5.1975e-05	0.13662	supercritical
262.69	804.00	346.65	0.0028848	364.30	596.24	2.2108	1.9259	3.0490	1225.9	-0.041865	5.1734e-05	0.13620	supercritical
263.69	804.00	345.91	0.0028909	366.86	599.29	2.2223	1.9262	3.0492	1223.3	-0.041746	5.1496e-05	0.13577	supercritical
264.69	804.00	345.18	0.0028971	369.42	602.34	2.2339	1.9265	3.0493	1220.7	-0.041626	5.1260e-05	0.13535	supercritical
265.69	804.00	344.44	0.0029032	371.97	605.39	2.2454	1.9269	3.0494	1218.0	-0.041506	5.1026e-05	0.13494	supercritical
266.69	804.00	343.71	0.0029094	374.52	608.44	2.2568	1.9273	3.0496	1215.4	-0.041385	5.0795e-05	0.13453	supercritical
267.69	804.00	342.99	0.0029156	377.08	611.49	2.2682	1.9277	3.0497	1212.9	-0.041265	5.0567e-05	0.13412	supercritical
268.69	804.00	342.26	0.0029218	379.63	614.54	2.2796	1.9281	3.0499	1210.3	-0.041145	5.0341e-05	0.13371	supercritical
269.69	804.00	341.53	0.0029280	382.18	617.59	2.2910	1.9286	3.0501	1207.7	-0.041024	5.0118e-05	0.13332	supercritical
270.69	804.00	340.81	0.0029342	384.73	620.64	2.3022	1.9291	3.0503	1205.2	-0.040903	4.9897e-05	0.13292	supercritical
271.69	804.00	340.08	0.0029404	387.28	623.69	2.3135	1.9296	3.0505	1202.7	-0.040782	4.9678e-05	0.13253	supercritical
272.69	804.00	339.36	0.0029467	389.83	626.74	2.3247	1.9302	3.0507	1200.2	-0.040662	4.9462e-05	0.13214	supercritical
273.69	804.00	338.64	0.0029530	392.37	629.79	2.3359	1.9308	3.0510	1197.7	-0.040541	4.9248e-05	0.13176	supercritical
274.69	804.00	337.93	0.0029592	394.92	632.84	2.3470	1.9314	3.0512	1195.2	-0.040419	4.9036e-05	0.13138	supercritical
275.69	804.00	337.21	0.0029655	397.46	635.89	2.3581	1.9321	3.0515	1192.8	-0.040298	4.8827e-05	0.13101	supercritical
276.69	804.00	336.49	0.0029718	400.01	638.94	2.3691	1.9327	3.0518	1190.4	-0.040177	4.8619e-05	0.13064	supercritical
277.69	804.00	335.78	0.0029781	402.55	642.00	2.3801	1.9334	3.0521	1187.9	-0.040056	4.8414e-05	0.13027	supercritical
278.69	804.00	335.07	0.0029845	405.10	645.05	2.3911	1.9341	3.0524	1185.5	-0.039935	4.8211e-05	0.12990	supercritical
279.69	804.00	334.36	0.0029908	407.64	648.10	2.4020	1.9349	3.0527	1183.1	-0.039814	4.8011e-05	0.12955	supercritical
280.69	804.00	333.65	0.0029972	410.18	651.15	2.4129	1.9357	3.0531	1180.8	-0.039692	4.7812e-05	0.12919	supercritical
281.69	804.00	332.94	0.0030035	412.72	654.21	2.4238	1.9365	3.0534	1178.4	-0.039571	4.7616e-05	0.12884	supercritical
282.69	804.00	332.24	0.0030099	415.26	657.26	2.4346	1.9373	3.0538	1176.1	-0.039450	4.7421e-05	0.12849	supercritical
283.69	804.00	331.53	0.0030163	417.80	660.31	2.4454	1.9382	3.0542	1173.7	-0.039329	4.7229e-05	0.12815	supercritical
284.69	804.00	330.83	0.0030227	420.34	663.37	2.4561	1.9390	3.0546	1171.4	-0.039208	4.7038e-05	0.12781	supercritical
285.69	804.00	330.13	0.0030291	422.88	666.42	2.4669	1.9399	3.0550	1169.1	-0.039087	4.6850e-05	0.12747	supercritical
286.69	804.00	329.43	0.0030356	425.42	669.48	2.4775	1.9409	3.0554	1166.9	-0.038966	4.6664e-05	0.12714	supercritical
287.69	804.00	328.73	0.0030420	427.96	672.53	2.4882	1.9418	3.0558	1164.6	-0.038845	4.6479e-05	0.12681	supercritical
288.69	804.00	328.04	0.0030485	430.50	675.59	2.4988	1.9428	3.0562	1162.4	-0.038725	4.6297e-05	0.12648	supercritical
289.69	804.00	327.34	0.0030549	433.03	678.65	2.5093	1.9438	3.0567	1160.1	-0.038604	4.6116e-05	0.12616	supercritical
290.69	804.00	326.65	0.0030614	435.57	681.70	2.5199	1.9449	3.0572	1157.9	-0.038483	4.5937e-05	0.12584	supercritical
291.69	804.00	325.96	0.0030679	438.10	684.76	2.5304	1.9459	3.0576	1155.7	-0.038363	4.5760e-05	0.12553	supercritical
292.69	804.00	325.27	0.0030744	440.64	687.82	2.5408	1.9470	3.0581	1153.5	-0.038243	4.5585e-05	0.12522	supercritical
293.69	804.00	324.58	0.0030809	443.17	690.88	2.5513	1.9481	3.0586	1151.4	-0.038123	4.5412e-05	0.12491	supercritical
294.69	804.00	323.89	0.0030874	445.71	693.94	2.5617	1.9493	3.0592	1149.2	-0.038003	4.5240e-05	0.12461	supercritical
295.69	804.00	323.21	0.0030940	448.24	697.00	2.5720	1.9504	3.0597	1147.1	-0.037883	4.5071e-05	0.12431	supercritical
296.69	804.00	322.53	0.0031005	450.77	700.06	2.5824	1.9516	3.0602	1144.9	-0.037764	4.4903e-05	0.12401	supercritical
297.69	804.00	321.85	0.0031071	453.31	703.12	2.5927	1.9528	3.0608	1142.8	-0.037645	4.4736e-05	0.12372	supercritical
298.69	804.00	321.17	0.0031136	455.84	706.18	2.6029	1.9540	3.0614	1140.7	-0.037526	4.4572e-05	0.12343	supercritical
299.69	804.00	320.49	0.0031202	458.37	709.24	2.6132	1.9553	3.0620	1138.7	-0.037407	4.4409e-05	0.12314	supercritical
300.69	804.00	319.81	0.0031268	460.90	712.30	2.6234	1.9566	3.0625	1136.6	-0.037288	4.4248e-05	0.12286	supercritical
301.69	804.00	319.14	0.0031334	463.44	715.36	2.6335	1.9579	3.0632	1134.5	-0.037170	4.4088e-05	0.12258	supercritical
302.69	804.00	318.47	0.0031401	465.97	718.43	2.6437	1.9592	3.0638	1132.5	-0.037052	4.3930e-05	0.12230	supercritical
303.69	804.00	317.80	0.0031467	468.50	721.49	2.6538	1.9605	3.0644	1130.5	-0.036934	4.3774e-05	0.12203	supercritical
304.69	804.00	317.13	0.0031533	471.03	724.56	2.6639	1.9619	3.0651	1128.5	-0.036816	4.3619e-05	0.12176	supercritical
305.69	804.00	316.46	0.0031600	473.56	727.62	2.6739	1.9633	3.0657	1126.5	-0.036699	4.3466e-05	0.12150	supercritical
306.69	804.00	315.79	0.0031666	476.09	730.69	2.6839	1.9647	3.0664	1124.5	-0.036582	4.3314e-05	0.12123	supercritical
307.69	804.00	315.13	0.0031733	478.62	733.76	2.6939	1.9662	3.0671	1122.6	-0.036465	4.3164e-05	0.12097	supercritical
308.69	804.00	314.47	0.0031800	481.15	736.82	2.7038	1.9676	3.0678	1120.6	-0.036349	4.3016e-05	0.12072	supercritical
309.69	804.00	313.81	0.0031867	483.68	739.89	2.7138	1.9691	3.0685	1118.7	-0.036232	4.2869e-05	0.12046	supercritical
310.69	804.00	313.15	0.0031934	486.21	742.96	2.7237	1.9706	3.0692	1116.8	-0.036117	4.2723e-05	0.12021	supercritical
311.69	804.00	312.49	0.0032001	488.74	746.03	2.7335	1.9721	3.0699	1114.9	-0.036001	4.2579e-05	0.11997	supercritical
312.69	804.00	311.83	0.0032068	491.27	749.10	2.7434	1.9737	3.0706	1113.0	-0.035886	4.2436e-05	0.11972	supercritical
313.69	804.00	311.18	0.0032136	493.80	752.17	2.7532	1.9752	3.0714	1111.1	-0.035771	4.2295e-05	0.11948	supercritical
314.69	804.00	310.53	0.0032203	496.33	755.24	2.7629	1.9768	3.0722	1109.2	-0.035657	4.2155e-05	0.11925	supercritical
315.69	804.00	309.88	0.0032271	498.86	758.31	2.7727	1.9784	3.0729	1107.4	-0.035543	4.2017e-05	0.11901	supercritical
316.69	804.00	309.23	0.0032338	501.39	761.39	2.7824	1.9801	3.0737	1105.5	-0.035430	4.1880e-05	0.11878	supercritical
317.69	804.00	308.58	0.0032406	503.92	764.46	2.7921	1.9817	3.0745	1103.7	-0.035316	4.1745e-05	0.11855	supercritical
318.69	804.00	307.94	0.0032474	506.45	767.54	2.8018	1.9834	3.0753	1101.9	-0.035203	4.1610e-05	0.11833	supercritical
319.69	804.00	307.29	0.0032542	508.97	770.61	2.8114	1.9851	3.0762	1100.1	-0.035091	4.1477e-05	0.11811	supercritical
320.69	804.00	306.65	0.0032610	511.50	773.69	2.8210	1.9868	3.0770	1098.4	-0.034979	4.1346e-05	0.11789	supercritical
321.69	804.00	306.01	0.0032678	514.03	776.77	2.8306	1.9886	3.0779	1096.6	-0.034867	4.1216e-05	0.11767	supercritical
322.69	804.00	305.38	0.0032747	516.56	779.85	2.8401	1.9903	3.0787	1094.8	-0.034756	4.1087e-05	0.11746	supercritical
323.69	804.00	304.74	0.0032815	519.09	782.92	2.8497	1.9921	3.0796	1093.1	-0.034646	4.0959e-05	0.11725	supercritical
324.69	804.00	304.11	0.0032883	521.62	786.00	2.8592	1.9939	3.0805	1091.4	-0.034535	4.0833e-05	0.11704	supercritical
325.69	804.00	303.47	0.0032952	524.15	789.09	2.8687	1.9957	3.0814	1089.7	-0.034425	4.0708e-05	0.11684	supercritical
326.69	804.00	302.84	0.0033021	526.68	792.17	2.8781	1.9975	3.0823	1088.0	-0.034316	4.0584e-05	0.11664	supercritical
327.69	804.00	302.21	0.0033089	529.21	795.25	2.8875	1.9994	3.0832	1086.3	-0.034207	4.0461e-05	0.11644	supercritical
328.69	804.00	301.58	0.0033158	531.74	798.33	2.8969	2.0013	3.0841	1084.6	-0.034099	4.0340e-05	0.11624	supercritical
329.69	804.00	300.96	0.0033227	534.27	801.42	2.9063	2.0032	3.0851	1083.0	-0.033991	4.0220e-05	0.11605	supercritical
330.69	804.00	300.34	0.0033296	536.80	804.50	2.9156	2.0051	3.0860	1081.3	-0.033883	4.0101e-05	0.11586	supercritical
331.69	804.00	299.71	0.0033365	539.33	807.59	2.9249	2.0070	3.0870	1079.7	-0.033776	3.9983e-05	0.11567	supercritical
332.69	804.00	299.09	0.0033434	541.86	810.68	2.9342	2.0089	3.0879	1078.1	-0.033670	3.9866e-05	0.11549	supercritical
333.69	804.00	298.47	0.0033504	544.40	813.77	2.9435	2.0109	3.0889	1076.5	-0.033564	3.9751e-05	0.11531	supercritical
334.69	804.00	297.86	0.0033573	546.93	816.86	2.9528	2.0129	3.0899	1074.9	-0.033458	3.9636e-05	0.11513	supercritical
335.69	804.00	297.24	0.0033643	549.46	819.95	2.9620	2.0149	3.0909	1073.3	-0.033353	3.9523e-05	0.11495	supercritical
336.69	804.00	296.63	0.0033712	551.99	823.04	2.9712	2.0169	3.0919	1071.7	-0.033248	3.9411e-05	0.11478	supercritical
337.69	804.00	296.02	0.0033782	554.52	826.13	2.9803	2.0190	3.0930	1070.2	-0.033145	3.9300e-05	0.11461	supercritical
338.69	804.00	295.41	0.0033851	557.06	829.22	2.9895	2.0210	3.0940	1068.6	-0.033041	3.9190e-05	0.11444	supercritical
339.69	804.00	294.80	0.0033921	559.59	832.32	2.9986	2.0231	3.0951	1067.1	-0.032938	3.9082e-05	0.11427	supercritical
340.69	804.00	294.19	0.0033991	562.12	835.41	3.0077	2.0252	3.0961	1065.6	-0.032836	3.8974e-05	0.11411	supercritical
341.69	804.00	293.59	0.0034061	564.66	838.51	3.0168	2.0273	3.0972	1064.1	-0.032734	3.8867e-05	0.11395	supercritical
342.69	804.00	292.99	0.0034131	567.19	841.61	3.0258	2.0294	3.0983	1062.6	-0.032633	3.8762e-05	0.11379	supercritical
343.69	804.00	292.39	0.0034201	569.73	844.71	3.0349	2.0316	3.0994	1061.1	-0.032532	3.8657e-05	0.11364	supercritical
344.69	804.00	291.79	0.0034272	572.26	847.81	3.0439	2.0337	3.1005	1059.6	-0.032432	3.8554e-05	0.11348	supercritical
345.69	804.00	291.19	0.0034342	574.80	850.91	3.0529	2.0359	3.1016	1058.2	-0.032332	3.8451e-05	0.11333	supercritical
346.69	804.00	290.59	0.0034412	577.34	854.01	3.0618	2.0381	3.1027	1056.7	-0.032233	3.8350e-05	0.11319	supercritical
347.69	804.00	290.00	0.0034483	579.87	857.11	3.0708	2.0403	3.1039	1055.3	-0.032135	3.8250e-05	0.11304	supercritical
348.69	804.00	289.41	0.0034553	582.41	860.22	3.0797	2.0425	3.1050	1053.9	-0.032037	3.8150e-05	0.11290	supercritical
349.69	804.00	288.82	0.0034624	584.95	863.32	3.0886	2.0447	3.1062	1052.5	-0.031939	3.8052e-05	0.11276	supercritical
350.69	804.00	288.23	0.0034694	587.49	866.43	3.0974	2.0470	3.1073	1051.1	-0.031842	3.7954e-05	0.11262	supercritical
351.69	804.00	287.64	0.0034765	590.03	869.54	3.1063	2.0493	3.1085	1049.7	-0.031746	3.7858e-05	0.11248	supercritical
352.69	804.00	287.06	0.0034836	592.56	872.65	3.1151	2.0516	3.1097	1048.3	-0.031651	3.7762e-05	0.11235	supercritical
353.69	804.00	286.48	0.0034907	595.11	875.76	3.1239	2.0539	3.1109	1047.0	-0.031556	3.7667e-05	0.11222	supercritical
354.69	804.00	285.89	0.0034978	597.65	878.87	3.1327	2.0562	3.1121	1045.6	-0.031461	3.7574e-05	0.11209	supercritical
355.69	804.00	285.32	0.0035049	600.19	881.98	3.1415	2.0585	3.1133	1044.3	-0.031367	3.7481e-05	0.11196	supercritical
356.69	804.00	284.74	0.0035120	602.73	885.10	3.1502	2.0609	3.1146	1042.9	-0.031274	3.7389e-05	0.11184	supercritical
357.69	804.00	284.16	0.0035191	605.27	888.21	3.1589	2.0632	3.1158	1041.6	-0.031181	3.7298e-05	0.11172	supercritical
358.69	804.00	283.59	0.0035263	607.82	891.33	3.1676	2.0656	3.1171	1040.3	-0.031089	3.7208e-05	0.11160	supercritical
359.69	804.00	283.01	0.0035334	610.36	894.44	3.1763	2.0680	3.1183	1039.0	-0.030998	3.7119e-05	0.11148	supercritical
360.69	804.00	282.44	0.0035405	612.91	897.56	3.1850	2.0704	3.1196	1037.7	-0.030907	3.7031e-05	0.11137	supercritical
361.69	804.00	281.88	0.0035477	615.45	900.68	3.1936	2.0728	3.1209	1036.5	-0.030817	3.6943e-05	0.11126	supercritical
362.69	804.00	281.31	0.0035548	618.00	903.81	3.2022	2.0752	3.1222	1035.2	-0.030727	3.6857e-05	0.11115	supercritical
363.69	804.00	280.74	0.0035620	620.54	906.93	3.2108	2.0777	3.1235	1034.0	-0.030638	3.6771e-05	0.11104	supercritical
364.69	804.00	280.18	0.0035691	623.09	910.05	3.2194	2.0801	3.1248	1032.7	-0.030550	3.6686e-05	0.11093	supercritical
365.69	804.00	279.62	0.0035763	625.64	913.18	3.2280	2.0826	3.1261	1031.5	-0.030462	3.6602e-05	0.11083	supercritical
366.69	804.00	279.06	0.0035835	628.19	916.30	3.2365	2.0851	3.1275	1030.3	-0.030375	3.6519e-05	0.11073	supercritical
367.69	804.00	278.50	0.0035907	630.74	919.43	3.2450	2.0876	3.1288	1029.1	-0.030289	3.6437e-05	0.11063	supercritical
368.69	804.00	277.94	0.0035979	633.29	922.56	3.2535	2.0901	3.1302	1027.9	-0.030203	3.6355e-05	0.11053	supercritical
369.69	804.00	277.39	0.0036051	635.85	925.69	3.2620	2.0926	3.1315	1026.7	-0.030117	3.6275e-05	0.11043	supercritical
370.69	804.00	276.83	0.0036123	638.40	928.83	3.2705	2.0952	3.1329	1025.5	-0.030033	3.6195e-05	0.11034	supercritical
371.69	804.00	276.28	0.0036195	640.95	931.96	3.2789	2.0977	3.1343	1024.4	-0.029949	3.6116e-05	0.11025	supercritical
372.69	804.00	275.73	0.0036267	643.51	935.09	3.2873	2.1003	3.1357	1023.2	-0.029865	3.6037e-05	0.11016	supercritical
373.69	804.00	275.18	0.0036339	646.06	938.23	3.2957	2.1029	3.1371	1022.1	-0.029782	3.5960e-05	0.11007	supercritical
374.69	804.00	274.64	0.0036411	648.62	941.37	3.3041	2.1055	3.1385	1020.9	-0.029700	3.5883e-05	0.10999	supercritical
375.69	804.00	274.09	0.0036484	651.18	944.51	3.3125	2.1081	3.1399	1019.8	-0.029619	3.5807e-05	0.10991	supercritical
376.69	804.00	273.55	0.0036556	653.74	947.65	3.3208	2.1107	3.1413	1018.7	-0.029538	3.5732e-05	0.10983	supercritical
377.69	804.00	273.01	0.0036629	656.30	950.79	3.3292	2.1133	3.1428	1017.6	-0.029458	3.5657e-05	0.10975	supercritical
378.69	804.00	272.47	0.0036701	658.86	953.93	3.3375	2.1160	3.1442	1016.5	-0.029378	3.5583e-05	0.10967	supercritical
379.69	804.00	271.93	0.0036774	661.42	957.08	3.3458	2.1186	3.1457	1015.4	-0.029299	3.5510e-05	0.10959	supercritical
380.69	804.00	271.40	0.0036846	663.98	960.22	3.3540	2.1213	3.1471	1014.4	-0.029221	3.5438e-05	0.10952	supercritical
381.69	804.00	270.86	0.0036919	666.54	963.37	3.3623	2.1239	3.1486	1013.3	-0.029143	3.5366e-05	0.10945	supercritical
382.69	804.00	270.33	0.0036992	669.11	966.52	3.3705	2.1266	3.1501	1012.2	-0.029066	3.5295e-05	0.10938	supercritical
383.69	804.00	269.80	0.0037064	671.67	969.67	3.3788	2.1293	3.1516	1011.2	-0.028989	3.5225e-05	0.10931	supercritical
384.69	804.00	269.27	0.0037137	674.24	972.82	3.3870	2.1320	3.1531	1010.2	-0.028913	3.5156e-05	0.10925	supercritical
385.69	804.00	268.74	0.0037210	676.81	975.98	3.3952	2.1347	3.1546	1009.1	-0.028838	3.5087e-05	0.10918	supercritical
386.69	804.00	268.22	0.0037283	679.38	979.13	3.4033	2.1375	3.1561	1008.1	-0.028763	3.5019e-05	0.10912	supercritical
387.69	804.00	267.69	0.0037356	681.95	982.29	3.4115	2.1402	3.1577	1007.1	-0.028689	3.4951e-05	0.10906	supercritical
388.69	804.00	267.17	0.0037429	684.52	985.45	3.4196	2.1430	3.1592	1006.1	-0.028616	3.4885e-05	0.10900	supercritical
389.69	804.00	266.65	0.0037502	687.09	988.61	3.4277	2.1457	3.1608	1005.1	-0.028543	3.4818e-05	0.10895	supercritical
390.69	804.00	266.13	0.0037575	689.67	991.77	3.4358	2.1485	3.1623	1004.2	-0.028471	3.4753e-05	0.10889	supercritical
391.69	804.00	265.62	0.0037648	692.24	994.93	3.4439	2.1513	3.1639	1003.2	-0.028400	3.4688e-05	0.10884	supercritical
392.69	804.00	265.10	0.0037722	694.82	998.10	3.4520	2.1541	3.1655	1002.2	-0.028329	3.4624e-05	0.10879	supercritical
393.69	804.00	264.59	0.0037795	697.40	1001.3	3.4601	2.1569	3.1671	1001.3	-0.028259	3.4560e-05	0.10874	supercritical
394.69	804.00	264.07	0.0037868	699.97	1004.4	3.4681	2.1597	3.1687	1000.3	-0.028189	3.4498e-05	0.10869	supercritical
395.69	804.00	263.56	0.0037941	702.55	1007.6	3.4761	2.1625	3.1703	999.41	-0.028120	3.4435e-05	0.10865	supercritical
396.69	804.00	263.06	0.0038015	705.13	1010.8	3.4841	2.1653	3.1719	998.49	-0.028051	3.4374e-05	0.10860	supercritical
397.69	804.00	262.55	0.0038088	707.72	1013.9	3.4921	2.1682	3.1735	997.58	-0.027984	3.4313e-05	0.10856	supercritical
398.69	804.00	262.04	0.0038162	710.30	1017.1	3.5001	2.1710	3.1751	996.67	-0.027917	3.4252e-05	0.10852	supercritical
399.69	804.00	261.54	0.0038235	712.89	1020.3	3.5080	2.1739	3.1768	995.78	-0.027850	3.4193e-05	0.10848	supercritical
400.69	804.00	261.04	0.0038309	715.47	1023.5	3.5160	2.1768	3.1784	994.89	-0.027784	3.4133e-05	0.10844	supercritical
401.69	804.00	260.54	0.0038382	718.06	1026.7	3.5239	2.1796	3.1801	994.01	-0.027719	3.4075e-05	0.10841	supercritical
402.69	804.00	260.04	0.0038456	720.65	1029.8	3.5318	2.1825	3.1818	993.14	-0.027654	3.4017e-05	0.10837	supercritical
403.69	804.00	259.54	0.0038530	723.24	1033.0	3.5397	2.1854	3.1834	992.27	-0.027590	3.3959e-05	0.10834	supercritical
404.69	804.00	259.05	0.0038603	725.83	1036.2	3.5476	2.1883	3.1851	991.42	-0.027526	3.3903e-05	0.10831	supercritical
405.69	804.00	258.55	0.0038677	728.42	1039.4	3.5554	2.1912	3.1868	990.57	-0.027464	3.3846e-05	0.10828	supercritical
406.69	804.00	258.06	0.0038751	731.02	1042.6	3.5633	2.1942	3.1885	989.74	-0.027401	3.3791e-05	0.10825	supercritical
407.69	804.00	257.57	0.0038825	733.61	1045.8	3.5711	2.1971	3.1902	988.91	-0.027340	3.3735e-05	0.10823	supercritical
408.69	804.00	257.08	0.0038898	736.21	1049.0	3.5789	2.2000	3.1919	988.09	-0.027278	3.3681e-05	0.10820	supercritical
409.69	804.00	256.59	0.0038972	738.81	1052.1	3.5867	2.2030	3.1937	987.27	-0.027218	3.3627e-05	0.10818	supercritical
410.69	804.00	256.11	0.0039046	741.41	1055.3	3.5945	2.2059	3.1954	986.47	-0.027158	3.3573e-05	0.10816	supercritical
411.69	804.00	255.62	0.0039120	744.01	1058.5	3.6023	2.2089	3.1971	985.67	-0.027099	3.3520e-05	0.10814	supercritical
412.69	804.00	255.14	0.0039194	746.62	1061.7	3.6101	2.2119	3.1989	984.88	-0.027040	3.3468e-05	0.10812	supercritical
413.69	804.00	254.66	0.0039268	749.22	1064.9	3.6178	2.2148	3.2006	984.10	-0.026982	3.3416e-05	0.10810	supercritical
414.69	804.00	254.18	0.0039342	751.83	1068.1	3.6255	2.2178	3.2024	983.33	-0.026924	3.3365e-05	0.10809	supercritical
415.69	804.00	253.70	0.0039416	754.43	1071.3	3.6332	2.2208	3.2042	982.56	-0.026867	3.3314e-05	0.10807	supercritical
416.69	804.00	253.23	0.0039491	757.04	1074.5	3.6409	2.2238	3.2060	981.81	-0.026811	3.3264e-05	0.10806	supercritical
417.69	804.00	252.75	0.0039565	759.65	1077.8	3.6486	2.2268	3.2077	981.06	-0.026755	3.3214e-05	0.10805	supercritical
418.69	804.00	252.28	0.0039639	762.27	1081.0	3.6563	2.2299	3.2095	980.31	-0.026700	3.3165e-05	0.10804	supercritical
419.69	804.00	251.81	0.0039713	764.88	1084.2	3.6640	2.2329	3.2114	979.58	-0.026645	3.3116e-05	0.10803	supercritical
420.69	804.00	251.34	0.0039787	767.49	1087.4	3.6716	2.2359	3.2132	978.85	-0.026591	3.3068e-05	0.10803	supercritical
421.69	804.00	250.87	0.0039862	770.11	1090.6	3.6792	2.2390	3.2150	978.13	-0.026538	3.3020e-05	0.10802	supercritical
422.69	804.00	250.40	0.0039936	772.73	1093.8	3.6869	2.2420	3.2168	977.42	-0.026485	3.2973e-05	0.10802	supercritical
423.69	804.00	249.94	0.0040010	775.35	1097.0	3.6945	2.2451	3.2187	976.71	-0.026432	3.2926e-05	0.10802	supercritical
424.69	804.00	249.47	0.0040085	777.97	1100.3	3.7020	2.2481	3.2205	976.01	-0.026380	3.2879e-05	0.10801	supercritical
425.69	804.00	249.01	0.0040159	780.59	1103.5	3.7096	2.2512	3.2224	975.32	-0.026329	3.2834e-05	0.10802	supercritical
426.69	804.00	248.55	0.0040233	783.22	1106.7	3.7172	2.2543	3.2242	974.64	-0.026278	3.2788e-05	0.10802	supercritical
427.69	804.00	248.09	0.0040308	785.85	1109.9	3.7247	2.2573	3.2261	973.96	-0.026228	3.2743e-05	0.10802	supercritical
428.69	804.00	247.63	0.0040382	788.47	1113.1	3.7323	2.2604	3.2280	973.29	-0.026179	3.2699e-05	0.10802	supercritical
429.69	804.00	247.18	0.0040457	791.10	1116.4	3.7398	2.2635	3.2298	972.63	-0.026130	3.2655e-05	0.10803	supercritical
430.69	804.00	246.72	0.0040531	793.74	1119.6	3.7473	2.2666	3.2317	971.98	-0.026081	3.2612e-05	0.10804	supercritical
431.69	804.00	246.27	0.0040606	796.37	1122.8	3.7548	2.2697	3.2336	971.33	-0.026033	3.2568e-05	0.10805	supercritical
432.69	804.00	245.82	0.0040681	799.00	1126.1	3.7623	2.2728	3.2355	970.69	-0.025986	3.2526e-05	0.10805	supercritical
433.69	804.00	245.37	0.0040755	801.64	1129.3	3.7698	2.2759	3.2375	970.05	-0.025939	3.2484e-05	0.10807	supercritical
434.69	804.00	244.92	0.0040830	804.28	1132.6	3.7772	2.2791	3.2394	969.42	-0.025892	3.2442e-05	0.10808	supercritical
435.69	804.00	244.47	0.0040904	806.92	1135.8	3.7847	2.2822	3.2413	968.80	-0.025846	3.2401e-05	0.10809	supercritical
436.69	804.00	244.03	0.0040979	809.56	1139.0	3.7921	2.2853	3.2432	968.19	-0.025801	3.2360e-05	0.10811	supercritical
437.69	804.00	243.58	0.0041054	812.21	1142.3	3.7995	2.2885	3.2452	967.58	-0.025756	3.2319e-05	0.10812	supercritical
438.69	804.00	243.14	0.0041128	814.85	1145.5	3.8069	2.2916	3.2471	966.98	-0.025712	3.2279e-05	0.10814	supercritical
439.69	804.00	242.70	0.0041203	817.50	1148.8	3.8143	2.2948	3.2491	966.38	-0.025668	3.2240e-05	0.10816	supercritical
440.69	804.00	242.26	0.0041278	820.15	1152.0	3.8217	2.2979	3.2511	965.80	-0.025625	3.2201e-05	0.10818	supercritical
441.69	804.00	241.82	0.0041353	822.80	1155.3	3.8291	2.3011	3.2530	965.21	-0.025582	3.2162e-05	0.10820	supercritical
442.69	804.00	241.39	0.0041428	825.45	1158.5	3.8364	2.3043	3.2550	964.64	-0.025540	3.2124e-05	0.10822	supercritical
443.69	804.00	240.95	0.0041502	828.11	1161.8	3.8438	2.3074	3.2570	964.07	-0.025498	3.2086e-05	0.10824	supercritical
444.69	804.00	240.52	0.0041577	830.76	1165.0	3.8511	2.3106	3.2590	963.51	-0.025457	3.2048e-05	0.10827	supercritical
445.69	804.00	240.08	0.0041652	833.42	1168.3	3.8584	2.3138	3.2610	962.95	-0.025416	3.2011e-05	0.10829	supercritical
446.69	804.00	239.65	0.0041727	836.08	1171.6	3.8657	2.3170	3.2630	962.40	-0.025376	3.1974e-05	0.10832	supercritical
447.69	804.00	239.22	0.0041802	838.74	1174.8	3.8730	2.3202	3.2650	961.85	-0.025336	3.1938e-05	0.10835	supercritical
448.69	804.00	238.80	0.0041877	841.41	1178.1	3.8803	2.3234	3.2670	961.32	-0.025297	3.1902e-05	0.10838	supercritical
449.69	804.00	238.37	0.0041952	844.07	1181.4	3.8876	2.3266	3.2690	960.78	-0.025258	3.1867e-05	0.10841	supercritical
450.69	804.00	237.94	0.0042027	846.74	1184.6	3.8949	2.3298	3.2711	960.26	-0.025219	3.1831e-05	0.10844	supercritical
451.69	804.00	237.52	0.0042101	849.41	1187.9	3.9021	2.3330	3.2731	959.74	-0.025182	3.1797e-05	0.10847	supercritical
452.69	804.00	237.10	0.0042176	852.08	1191.2	3.9094	2.3362	3.2752	959.22	-0.025144	3.1762e-05	0.10851	supercritical
453.69	804.00	236.68	0.0042251	854.75	1194.5	3.9166	2.3395	3.2772	958.71	-0.025107	3.1728e-05	0.10854	supercritical
454.69	804.00	236.26	0.0042326	857.43	1197.7	3.9238	2.3427	3.2793	958.21	-0.025071	3.1694e-05	0.10858	supercritical
455.69	804.00	235.84	0.0042401	860.11	1201.0	3.9310	2.3459	3.2814	957.72	-0.025035	3.1661e-05	0.10861	supercritical
456.69	804.00	235.42	0.0042476	862.78	1204.3	3.9382	2.3492	3.2834	957.22	-0.024999	3.1628e-05	0.10865	supercritical
457.69	804.00	235.01	0.0042552	865.47	1207.6	3.9454	2.3524	3.2855	956.74	-0.024964	3.1596e-05	0.10869	supercritical
458.69	804.00	234.60	0.0042627	868.15	1210.9	3.9526	2.3556	3.2876	956.26	-0.024930	3.1563e-05	0.10873	supercritical
459.69	804.00	234.18	0.0042702	870.83	1214.2	3.9597	2.3589	3.2897	955.78	-0.024895	3.1532e-05	0.10877	supercritical
460.69	804.00	233.77	0.0042777	873.52	1217.4	3.9669	2.3621	3.2918	955.32	-0.024862	3.1500e-05	0.10882	supercritical
461.69	804.00	233.36	0.0042852	876.21	1220.7	3.9740	2.3654	3.2939	954.85	-0.024828	3.1469e-05	0.10886	supercritical
462.69	804.00	232.95	0.0042927	878.90	1224.0	3.9812	2.3687	3.2960	954.40	-0.024796	3.1438e-05	0.10890	supercritical
463.69	804.00	232.55	0.0043002	881.59	1227.3	3.9883	2.3719	3.2981	953.94	-0.024763	3.1408e-05	0.10895	supercritical
464.69	804.00	232.14	0.0043077	884.29	1230.6	3.9954	2.3752	3.3002	953.50	-0.024731	3.1377e-05	0.10900	supercritical
465.69	804.00	231.74	0.0043152	886.99	1233.9	4.0025	2.3785	3.3024	953.05	-0.024700	3.1348e-05	0.10904	supercritical
466.69	804.00	231.33	0.0043227	889.69	1237.2	4.0096	2.3817	3.3045	952.62	-0.024668	3.1318e-05	0.10909	supercritical
467.69	804.00	230.93	0.0043303	892.39	1240.5	4.0166	2.3850	3.3067	952.19	-0.024638	3.1289e-05	0.10914	supercritical
468.69	804.00	230.53	0.0043378	895.09	1243.8	4.0237	2.3883	3.3088	951.76	-0.024607	3.1260e-05	0.10919	supercritical
469.69	804.00	230.13	0.0043453	897.80	1247.2	4.0308	2.3916	3.3110	951.34	-0.024578	3.1232e-05	0.10925	supercritical
470.69	804.00	229.74	0.0043528	900.50	1250.5	4.0378	2.3949	3.3131	950.93	-0.024548	3.1203e-05	0.10930	supercritical
471.69	804.00	229.34	0.0043603	903.21	1253.8	4.0448	2.3982	3.3153	950.52	-0.024519	3.1176e-05	0.10935	supercritical
472.69	804.00	228.95	0.0043679	905.92	1257.1	4.0519	2.4015	3.3175	950.11	-0.024490	3.1148e-05	0.10941	supercritical
473.69	804.00	228.55	0.0043754	908.64	1260.4	4.0589	2.4048	3.3196	949.71	-0.024462	3.1121e-05	0.10946	supercritical
474.69	804.00	228.16	0.0043829	911.35	1263.7	4.0659	2.4081	3.3218	949.32	-0.024434	3.1094e-05	0.10952	supercritical
475.69	804.00	227.77	0.0043904	914.07	1267.1	4.0729	2.4114	3.3240	948.93	-0.024407	3.1067e-05	0.10958	supercritical
476.69	804.00	227.38	0.0043980	916.79	1270.4	4.0798	2.4147	3.3262	948.54	-0.024380	3.1041e-05	0.10963	supercritical
477.69	804.00	226.99	0.0044055	919.51	1273.7	4.0868	2.4180	3.3284	948.16	-0.024353	3.1015e-05	0.10969	supercritical
478.69	804.00	226.60	0.0044130	922.24	1277.0	4.0938	2.4213	3.3306	947.78	-0.024327	3.0989e-05	0.10975	supercritical
479.69	804.00	226.22	0.0044205	924.97	1280.4	4.1007	2.4247	3.3328	947.41	-0.024301	3.0964e-05	0.10981	supercritical
480.69	804.00	225.83	0.0044281	927.69	1283.7	4.1077	2.4280	3.3350	947.05	-0.024275	3.0939e-05	0.10988	supercritical
481.69	804.00	225.45	0.0044356	930.43	1287.0	4.1146	2.4313	3.3373	946.69	-0.024250	3.0914e-05	0.10994	supercritical
482.69	804.00	225.07	0.0044431	933.16	1290.4	4.1215	2.4346	3.3395	946.33	-0.024226	3.0890e-05	0.11000	supercritical
483.69	804.00	224.69	0.0044506	935.89	1293.7	4.1284	2.4380	3.3417	945.98	-0.024201	3.0865e-05	0.11007	supercritical
484.69	804.00	224.31	0.0044582	938.63	1297.1	4.1354	2.4413	3.3440	945.63	-0.024177	3.0841e-05	0.11013	supercritical
485.69	804.00	223.93	0.0044657	941.37	1300.4	4.1422	2.4446	3.3462	945.29	-0.024153	3.0818e-05	0.11020	supercritical
486.69	804.00	223.55	0.0044732	944.11	1303.8	4.1491	2.4480	3.3485	944.95	-0.024130	3.0794e-05	0.11027	supercritical
487.69	804.00	223.18	0.0044808	946.86	1307.1	4.1560	2.4513	3.3507	944.62	-0.024107	3.0771e-05	0.11034	supercritical
488.69	804.00	222.80	0.0044883	949.60	1310.5	4.1629	2.4547	3.3530	944.29	-0.024084	3.0748e-05	0.11041	supercritical
489.69	804.00	222.43	0.0044958	952.35	1313.8	4.1697	2.4580	3.3553	943.96	-0.024062	3.0726e-05	0.11048	supercritical
490.69	804.00	222.06	0.0045034	955.10	1317.2	4.1766	2.4614	3.3575	943.64	-0.024040	3.0704e-05	0.11055	supercritical
491.69	804.00	221.69	0.0045109	957.86	1320.5	4.1834	2.4647	3.3598	943.33	-0.024019	3.0682e-05	0.11062	supercritical
492.69	804.00	221.32	0.0045184	960.61	1323.9	4.1902	2.4681	3.3621	943.02	-0.023998	3.0660e-05	0.11069	supercritical
493.69	804.00	220.95	0.0045260	963.37	1327.3	4.1971	2.4714	3.3644	942.71	-0.023977	3.0638e-05	0.11077	supercritical
494.69	804.00	220.58	0.0045335	966.13	1330.6	4.2039	2.4748	3.3667	942.41	-0.023956	3.0617e-05	0.11084	supercritical
495.69	804.00	220.21	0.0045410	968.89	1334.0	4.2107	2.4781	3.3690	942.11	-0.023936	3.0596e-05	0.11091	supercritical
496.69	804.00	219.85	0.0045486	971.65	1337.4	4.2175	2.4815	3.3713	941.81	-0.023916	3.0576e-05	0.11099	supercritical
497.69	804.00	219.49	0.0045561	974.42	1340.7	4.2242	2.4849	3.3736	941.52	-0.023896	3.0555e-05	0.11107	supercritical
498.69	804.00	219.12	0.0045636	977.19	1344.1	4.2310	2.4882	3.3759	941.24	-0.023877	3.0535e-05	0.11115	supercritical
499.69	804.00	218.76	0.0045712	979.96	1347.5	4.2378	2.4916	3.3782	940.95	-0.023858	3.0515e-05	0.11122	supercritical
500.69	804.00	218.40	0.0045787	982.73	1350.9	4.2445	2.4950	3.3805	940.68	-0.023840	3.0495e-05	0.11130	supercritical
501.69	804.00	218.04	0.0045862	985.51	1354.2	4.2513	2.4983	3.3829	940.40	-0.023821	3.0476e-05	0.11138	supercritical
502.69	804.00	217.69	0.0045938	988.29	1357.6	4.2580	2.5017	3.3852	940.13	-0.023803	3.0457e-05	0.11146	supercritical
503.69	804.00	217.33	0.0046013	991.07	1361.0	4.2648	2.5051	3.3875	939.87	-0.023786	3.0438e-05	0.11155	supercritical
504.69	804.00	216.97	0.0046088	993.85	1364.4	4.2715	2.5085	3.3899	939.60	-0.023768	3.0419e-05	0.11163	supercritical
505.69	804.00	216.62	0.0046164	996.64	1367.8	4.2782	2.5118	3.3922	939.35	-0.023751	3.0401e-05	0.11171	supercritical
506.69	804.00	216.27	0.0046239	999.43	1371.2	4.2849	2.5152	3.3946	939.09	-0.023734	3.0382e-05	0.11179	supercritical
507.69	804.00	215.92	0.0046315	1002.2	1374.6	4.2916	2.5186	3.3969	938.84	-0.023718	3.0364e-05	0.11188	supercritical
508.69	804.00	215.56	0.0046390	1005.0	1378.0	4.2983	2.5220	3.3993	938.60	-0.023702	3.0347e-05	0.11197	supercritical
509.69	804.00	215.21	0.0046465	1007.8	1381.4	4.3050	2.5254	3.4017	938.35	-0.023686	3.0329e-05	0.11205	supercritical
510.69	804.00	214.87	0.0046541	1010.6	1384.8	4.3116	2.5288	3.4040	938.11	-0.023670	3.0312e-05	0.11214	supercritical
511.69	804.00	214.52	0.0046616	1013.4	1388.2	4.3183	2.5322	3.4064	937.88	-0.023655	3.0295e-05	0.11223	supercritical
512.69	804.00	214.17	0.0046691	1016.2	1391.6	4.3249	2.5355	3.4088	937.65	-0.023640	3.0278e-05	0.11231	supercritical
513.69	804.00	213.83	0.0046767	1019.0	1395.0	4.3316	2.5389	3.4112	937.42	-0.023625	3.0261e-05	0.11240	supercritical
514.69	804.00	213.48	0.0046842	1021.8	1398.4	4.3382	2.5423	3.4136	937.19	-0.023610	3.0245e-05	0.11249	supercritical
515.69	804.00	213.14	0.0046917	1024.6	1401.8	4.3448	2.5457	3.4160	936.97	-0.023596	3.0229e-05	0.11258	supercritical
516.69	804.00	212.80	0.0046993	1027.4	1405.3	4.3515	2.5491	3.4183	936.76	-0.023582	3.0213e-05	0.11268	supercritical
517.69	804.00	212.46	0.0047068	1030.2	1408.7	4.3581	2.5525	3.4207	936.54	-0.023568	3.0197e-05	0.11277	supercritical
518.69	804.00	212.12	0.0047143	1033.1	1412.1	4.3647	2.5559	3.4232	936.33	-0.023555	3.0182e-05	0.11286	supercritical
519.69	804.00	211.78	0.0047219	1035.9	1415.5	4.3713	2.5593	3.4256	936.13	-0.023542	3.0166e-05	0.11295	supercritical
520.69	804.00	211.44	0.0047294	1038.7	1418.9	4.3779	2.5627	3.4280	935.92	-0.023529	3.0151e-05	0.11305	supercritical
521.69	804.00	211.11	0.0047369	1041.5	1422.4	4.3844	2.5661	3.4304	935.73	-0.023516	3.0136e-05	0.11314	supercritical
522.69	804.00	210.77	0.0047445	1044.3	1425.8	4.3910	2.5695	3.4328	935.53	-0.023504	3.0122e-05	0.11324	supercritical
523.69	804.00	210.44	0.0047520	1047.2	1429.2	4.3976	2.5729	3.4352	935.34	-0.023492	3.0107e-05	0.11333	supercritical
524.69	804.00	210.10	0.0047595	1050.0	1432.7	4.4041	2.5763	3.4377	935.15	-0.023480	3.0093e-05	0.11343	supercritical
525.69	804.00	209.77	0.0047671	1052.8	1436.1	4.4107	2.5797	3.4401	934.96	-0.023468	3.0079e-05	0.11353	supercritical
526.69	804.00	209.44	0.0047746	1055.7	1439.6	4.4172	2.5831	3.4425	934.78	-0.023457	3.0065e-05	0.11363	supercritical
527.69	804.00	209.11	0.0047821	1058.5	1443.0	4.4238	2.5865	3.4450	934.60	-0.023445	3.0052e-05	0.11373	supercritical
528.69	804.00	208.78	0.0047897	1061.4	1446.4	4.4303	2.5900	3.4474	934.42	-0.023434	3.0038e-05	0.11383	supercritical
529.69	804.00	208.46	0.0047972	1064.2	1449.9	4.4368	2.5934	3.4499	934.25	-0.023424	3.0025e-05	0.11393	supercritical
530.69	804.00	208.13	0.0048047	1067.0	1453.3	4.4433	2.5968	3.4523	934.08	-0.023413	3.0012e-05	0.11403	supercritical
531.69	804.00	207.80	0.0048123	1069.9	1456.8	4.4498	2.6002	3.4548	933.91	-0.023403	2.9999e-05	0.11413	supercritical
532.69	804.00	207.48	0.0048198	1072.7	1460.3	4.4563	2.6036	3.4573	933.75	-0.023393	2.9986e-05	0.11423	supercritical
533.69	804.00	207.15	0.0048273	1075.6	1463.7	4.4628	2.6070	3.4597	933.59	-0.023383	2.9974e-05	0.11433	supercritical
534.69	804.00	206.83	0.0048348	1078.5	1467.2	4.4693	2.6104	3.4622	933.43	-0.023374	2.9962e-05	0.11444	supercritical
535.69	804.00	206.51	0.0048424	1081.3	1470.6	4.4757	2.6138	3.4647	933.28	-0.023364	2.9949e-05	0.11454	supercritical
536.69	804.00	206.19	0.0048499	1084.2	1474.1	4.4822	2.6173	3.4671	933.13	-0.023355	2.9938e-05	0.11465	supercritical
537.69	804.00	205.87	0.0048574	1087.0	1477.6	4.4887	2.6207	3.4696	932.98	-0.023346	2.9926e-05	0.11475	supercritical
538.69	804.00	205.55	0.0048650	1089.9	1481.0	4.4951	2.6241	3.4721	932.84	-0.023337	2.9914e-05	0.11486	supercritical
539.69	804.00	205.23	0.0048725	1092.8	1484.5	4.5016	2.6275	3.4746	932.70	-0.023329	2.9903e-05	0.11497	supercritical
540.69	804.00	204.92	0.0048800	1095.6	1488.0	4.5080	2.6309	3.4771	932.56	-0.023321	2.9892e-05	0.11507	supercritical
541.69	804.00	204.60	0.0048875	1098.5	1491.5	4.5144	2.6343	3.4796	932.42	-0.023312	2.9881e-05	0.11518	supercritical
542.69	804.00	204.29	0.0048951	1101.4	1495.0	4.5208	2.6378	3.4821	932.29	-0.023305	2.9870e-05	0.11529	supercritical
543.69	804.00	203.97	0.0049026	1104.3	1498.4	4.5272	2.6412	3.4846	932.16	-0.023297	2.9859e-05	0.11540	supercritical
544.69	804.00	203.66	0.0049101	1107.1	1501.9	4.5337	2.6446	3.4871	932.03	-0.023289	2.9849e-05	0.11551	supercritical
545.69	804.00	203.35	0.0049176	1110.0	1505.4	4.5400	2.6480	3.4896	931.91	-0.023282	2.9838e-05	0.11562	supercritical
546.69	804.00	203.04	0.0049252	1112.9	1508.9	4.5464	2.6514	3.4921	931.79	-0.023275	2.9828e-05	0.11573	supercritical
547.69	804.00	202.73	0.0049327	1115.8	1512.4	4.5528	2.6548	3.4946	931.67	-0.023268	2.9818e-05	0.11584	supercritical
548.69	804.00	202.42	0.0049402	1118.7	1515.9	4.5592	2.6583	3.4971	931.55	-0.023261	2.9809e-05	0.11595	supercritical
549.69	804.00	202.11	0.0049477	1121.6	1519.4	4.5656	2.6617	3.4997	931.44	-0.023255	2.9799e-05	0.11607	supercritical
550.69	804.00	201.81	0.0049552	1124.5	1522.9	4.5719	2.6651	3.5022	931.33	-0.023248	2.9790e-05	0.11618	supercritical
551.69	804.00	201.50	0.0049628	1127.4	1526.4	4.5783	2.6685	3.5047	931.22	-0.023242	2.9780e-05	0.11629	supercritical
552.69	804.00	201.20	0.0049703	1130.3	1529.9	4.5846	2.6720	3.5072	931.12	-0.023236	2.9771e-05	0.11641	supercritical
553.69	804.00	200.89	0.0049778	1133.2	1533.4	4.5910	2.6754	3.5098	931.01	-0.023230	2.9762e-05	0.11652	supercritical
554.69	804.00	200.59	0.0049853	1136.1	1536.9	4.5973	2.6788	3.5123	930.91	-0.023225	2.9753e-05	0.11664	supercritical
555.69	804.00	200.29	0.0049928	1139.0	1540.4	4.6036	2.6822	3.5148	930.82	-0.023219	2.9745e-05	0.11675	supercritical
556.69	804.00	199.99	0.0050003	1141.9	1543.9	4.6100	2.6856	3.5174	930.72	-0.023214	2.9736e-05	0.11687	supercritical
557.69	804.00	199.69	0.0050079	1144.8	1547.5	4.6163	2.6891	3.5199	930.63	-0.023209	2.9728e-05	0.11699	supercritical
558.69	804.00	199.39	0.0050154	1147.8	1551.0	4.6226	2.6925	3.5225	930.54	-0.023204	2.9720e-05	0.11711	supercritical
559.69	804.00	199.09	0.0050229	1150.7	1554.5	4.6289	2.6959	3.5250	930.46	-0.023199	2.9712e-05	0.11722	supercritical
560.69	804.00	198.79	0.0050304	1153.6	1558.0	4.6352	2.6993	3.5276	930.37	-0.023194	2.9704e-05	0.11734	supercritical
561.69	804.00	198.49	0.0050379	1156.5	1561.6	4.6415	2.7027	3.5302	930.29	-0.023190	2.9696e-05	0.11746	supercritical
562.69	804.00	198.20	0.0050454	1159.4	1565.1	4.6478	2.7062	3.5327	930.21	-0.023186	2.9689e-05	0.11758	supercritical
563.69	804.00	197.90	0.0050529	1162.4	1568.6	4.6540	2.7096	3.5353	930.14	-0.023182	2.9681e-05	0.11770	supercritical
564.69	804.00	197.61	0.0050604	1165.3	1572.2	4.6603	2.7130	3.5378	930.06	-0.023178	2.9674e-05	0.11782	supercritical
565.69	804.00	197.32	0.0050680	1168.2	1575.7	4.6666	2.7164	3.5404	929.99	-0.023174	2.9667e-05	0.11795	supercritical
566.69	804.00	197.03	0.0050755	1171.2	1579.2	4.6728	2.7198	3.5430	929.92	-0.023170	2.9660e-05	0.11807	supercritical
567.69	804.00	196.74	0.0050830	1174.1	1582.8	4.6791	2.7233	3.5456	929.85	-0.023167	2.9653e-05	0.11819	supercritical
568.69	804.00	196.45	0.0050905	1177.1	1586.3	4.6853	2.7267	3.5481	929.79	-0.023163	2.9647e-05	0.11831	supercritical
569.69	804.00	196.16	0.0050980	1180.0	1589.9	4.6915	2.7301	3.5507	929.73	-0.023160	2.9640e-05	0.11844	supercritical
570.69	804.00	195.87	0.0051055	1183.0	1593.4	4.6978	2.7335	3.5533	929.67	-0.023157	2.9634e-05	0.11856	supercritical
571.69	804.00	195.58	0.0051130	1185.9	1597.0	4.7040	2.7369	3.5559	929.61	-0.023154	2.9628e-05	0.11869	supercritical
572.69	804.00	195.29	0.0051205	1188.9	1600.6	4.7102	2.7404	3.5585	929.56	-0.023151	2.9621e-05	0.11881	supercritical
573.69	804.00	195.01	0.0051280	1191.8	1604.1	4.7164	2.7438	3.5611	929.50	-0.023148	2.9616e-05	0.11894	supercritical
574.69	804.00	194.72	0.0051355	1194.8	1607.7	4.7226	2.7472	3.5637	929.45	-0.023146	2.9610e-05	0.11906	supercritical
575.69	804.00	194.44	0.0051430	1197.7	1611.2	4.7288	2.7506	3.5663	929.41	-0.023143	2.9604e-05	0.11919	supercritical
576.69	804.00	194.16	0.0051505	1200.7	1614.8	4.7350	2.7540	3.5689	929.36	-0.023141	2.9599e-05	0.11932	supercritical
577.69	804.00	193.87	0.0051580	1203.7	1618.4	4.7412	2.7575	3.5715	929.32	-0.023139	2.9593e-05	0.11945	supercritical
578.69	804.00	193.59	0.0051655	1206.6	1622.0	4.7474	2.7609	3.5741	929.27	-0.023137	2.9588e-05	0.11957	supercritical
579.69	804.00	193.31	0.0051730	1209.6	1625.5	4.7536	2.7643	3.5767	929.24	-0.023135	2.9583e-05	0.11970	supercritical
580.69	804.00	193.03	0.0051805	1212.6	1629.1	4.7597	2.7677	3.5793	929.20	-0.023134	2.9578e-05	0.11983	supercritical
581.69	804.00	192.75	0.0051880	1215.6	1632.7	4.7659	2.7711	3.5819	929.16	-0.023132	2.9573e-05	0.11996	supercritical
582.69	804.00	192.48	0.0051955	1218.6	1636.3	4.7720	2.7745	3.5845	929.13	-0.023130	2.9568e-05	0.12009	supercritical
583.69	804.00	192.20	0.0052030	1221.5	1639.9	4.7782	2.7780	3.5871	929.10	-0.023129	2.9564e-05	0.12022	supercritical
584.69	804.00	191.92	0.0052105	1224.5	1643.4	4.7843	2.7814	3.5897	929.07	-0.023128	2.9559e-05	0.12035	supercritical
585.69	804.00	191.65	0.0052179	1227.5	1647.0	4.7905	2.7848	3.5924	929.04	-0.023127	2.9555e-05	0.12049	supercritical
586.69	804.00	191.37	0.0052254	1230.5	1650.6	4.7966	2.7882	3.5950	929.02	-0.023126	2.9551e-05	0.12062	supercritical
587.69	804.00	191.10	0.0052329	1233.5	1654.2	4.8027	2.7916	3.5976	929.00	-0.023125	2.9546e-05	0.12075	supercritical
588.69	804.00	190.82	0.0052404	1236.5	1657.8	4.8088	2.7950	3.6002	928.98	-0.023124	2.9542e-05	0.12088	supercritical
589.69	804.00	190.55	0.0052479	1239.5	1661.4	4.8150	2.7984	3.6029	928.96	-0.023123	2.9539e-05	0.12102	supercritical
590.69	804.00	190.28	0.0052554	1242.5	1665.0	4.8211	2.8018	3.6055	928.94	-0.023123	2.9535e-05	0.12115	supercritical
591.69	804.00	190.01	0.0052629	1245.5	1668.6	4.8272	2.8052	3.6081	928.93	-0.023122	2.9531e-05	0.12129	supercritical
592.69	804.00	189.74	0.0052704	1248.5	1672.2	4.8333	2.8087	3.6108	928.92	-0.023122	2.9528e-05	0.12142	supercritical
593.69	804.00	189.47	0.0052778	1251.5	1675.9	4.8393	2.8121	3.6134	928.91	-0.023122	2.9524e-05	0.12156	supercritical
594.69	804.00	189.20	0.0052853	1254.5	1679.5	4.8454	2.8155	3.6160	928.90	-0.023122	2.9521e-05	0.12169	supercritical
595.69	804.00	188.94	0.0052928	1257.5	1683.1	4.8515	2.8189	3.6187	928.89	-0.023122	2.9518e-05	0.12183	supercritical
596.69	804.00	188.67	0.0053003	1260.6	1686.7	4.8576	2.8223	3.6213	928.89	-0.023122	2.9515e-05	0.12196	supercritical
597.69	804.00	188.40	0.0053078	1263.6	1690.3	4.8636	2.8257	3.6240	928.88	-0.023122	2.9512e-05	0.12210	supercritical
598.69	804.00	188.14	0.0053152	1266.6	1694.0	4.8697	2.8291	3.6266	928.88	-0.023122	2.9509e-05	0.12224	supercritical
599.69	804.00	187.87	0.0053227	1269.6	1697.6	4.8758	2.8325	3.6293	928.89	-0.023123	2.9507e-05	0.12238	supercritical
600.69	804.00	187.61	0.0053302	1272.7	1701.2	4.8818	2.8359	3.6319	928.89	-0.023123	2.9504e-05	0.12252	supercritical
601.69	804.00	187.35	0.0053377	1275.7	1704.8	4.8878	2.8393	3.6346	928.89	-0.023124	2.9502e-05	0.12265	supercritical
602.69	804.00	187.09	0.0053451	1278.7	1708.5	4.8939	2.8427	3.6372	928.90	-0.023125	2.9499e-05	0.12279	supercritical
603.69	804.00	186.82	0.0053526	1281.8	1712.1	4.8999	2.8461	3.6399	928.91	-0.023125	2.9497e-05	0.12293	supercritical
604.69	804.00	186.56	0.0053601	1284.8	1715.8	4.9059	2.8495	3.6425	928.92	-0.023126	2.9495e-05	0.12307	supercritical
605.69	804.00	186.30	0.0053676	1287.9	1719.4	4.9120	2.8529	3.6452	928.93	-0.023127	2.9493e-05	0.12321	supercritical
606.69	804.00	186.05	0.0053750	1290.9	1723.1	4.9180	2.8563	3.6478	928.95	-0.023128	2.9491e-05	0.12335	supercritical
607.69	804.00	185.79	0.0053825	1294.0	1726.7	4.9240	2.8597	3.6505	928.96	-0.023130	2.9489e-05	0.12350	supercritical
608.69	804.00	185.53	0.0053900	1297.0	1730.4	4.9300	2.8631	3.6532	928.98	-0.023131	2.9488e-05	0.12364	supercritical
609.69	804.00	185.27	0.0053974	1300.1	1734.0	4.9360	2.8665	3.6558	929.00	-0.023132	2.9486e-05	0.12378	supercritical
610.69	804.00	185.02	0.0054049	1303.1	1737.7	4.9420	2.8699	3.6585	929.02	-0.023133	2.9485e-05	0.12392	supercritical
611.69	804.00	184.76	0.0054124	1306.2	1741.3	4.9480	2.8733	3.6612	929.04	-0.023135	2.9483e-05	0.12407	supercritical
612.69	804.00	184.51	0.0054198	1309.2	1745.0	4.9540	2.8767	3.6638	929.07	-0.023137	2.9482e-05	0.12421	supercritical
613.69	804.00	184.25	0.0054273	1312.3	1748.7	4.9599	2.8801	3.6665	929.09	-0.023138	2.9481e-05	0.12435	supercritical
614.69	804.00	184.00	0.0054347	1315.4	1752.3	4.9659	2.8835	3.6692	929.12	-0.023140	2.9480e-05	0.12450	supercritical
615.69	804.00	183.75	0.0054422	1318.4	1756.0	4.9719	2.8868	3.6719	929.15	-0.023142	2.9479e-05	0.12464	supercritical
616.69	804.00	183.50	0.0054497	1321.5	1759.7	4.9778	2.8902	3.6745	929.18	-0.023144	2.9478e-05	0.12479	supercritical
617.69	804.00	183.25	0.0054571	1324.6	1763.3	4.9838	2.8936	3.6772	929.21	-0.023146	2.9477e-05	0.12493	supercritical
618.69	804.00	183.00	0.0054646	1327.7	1767.0	4.9897	2.8970	3.6799	929.25	-0.023148	2.9477e-05	0.12508	supercritical
619.69	804.00	182.75	0.0054720	1330.8	1770.7	4.9957	2.9004	3.6826	929.28	-0.023150	2.9476e-05	0.12522	supercritical
620.69	804.00	182.50	0.0054795	1333.8	1774.4	5.0016	2.9038	3.6853	929.32	-0.023152	2.9476e-05	0.12537	supercritical
621.69	804.00	182.25	0.0054869	1336.9	1778.1	5.0076	2.9072	3.6880	929.36	-0.023154	2.9476e-05	0.12552	supercritical
622.69	804.00	182.00	0.0054944	1340.0	1781.8	5.0135	2.9105	3.6906	929.40	-0.023157	2.9475e-05	0.12567	supercritical
623.69	804.00	181.76	0.0055018	1343.1	1785.5	5.0194	2.9139	3.6933	929.44	-0.023159	2.9475e-05	0.12581	supercritical
624.69	804.00	181.51	0.0055093	1346.2	1789.1	5.0253	2.9173	3.6960	929.49	-0.023162	2.9475e-05	0.12596	supercritical