Temperature (K)	Pressure (bar)	Density (kg/m3)	Volume (m3/kg)	Internal Energy (kJ/kg)	Enthalpy (kJ/kg)	Entropy (J/g*K)	Cv (J/g*K)	Cp (J/g*K)	Sound Spd. (m/s)	Joule-Thomson (K/bar)	Viscosity (Pa*s)	Therm. Cond. (W/m*K)	Phase
90.694	579.00	481.09	0.0020786	-95.565	24.787	-1.0108	2.2787	3.2133	1845.3	-0.052570	0.00041122	0.25550	liquid
105.69	579.00	466.30	0.0021445	-51.300	72.868	-0.52014	2.2064	3.2009	1758.9	-0.052123	0.00023402	0.24185	liquid
106.69	579.00	465.32	0.0021490	-48.360	76.069	-0.49000	2.2022	3.2005	1753.1	-0.052077	0.00022728	0.24085	liquid
107.69	579.00	464.34	0.0021536	-45.422	79.270	-0.46014	2.1981	3.2002	1747.2	-0.052028	0.00022092	0.23984	liquid
108.69	579.00	463.37	0.0021581	-42.485	82.470	-0.43056	2.1940	3.1998	1741.4	-0.051979	0.00021490	0.23883	liquid
109.69	579.00	462.39	0.0021627	-39.550	85.669	-0.40126	2.1899	3.1995	1735.5	-0.051928	0.00020920	0.23780	liquid
110.69	579.00	461.41	0.0021673	-36.616	88.868	-0.37223	2.1858	3.1991	1729.7	-0.051876	0.00020380	0.23678	liquid
111.69	579.00	460.44	0.0021719	-33.683	92.067	-0.34346	2.1818	3.1987	1723.8	-0.051823	0.00019868	0.23574	liquid
112.69	579.00	459.46	0.0021765	-30.751	95.266	-0.31495	2.1778	3.1984	1718.0	-0.051769	0.00019381	0.23471	liquid
113.69	579.00	458.49	0.0021811	-27.821	98.464	-0.28670	2.1738	3.1980	1712.1	-0.051714	0.00018918	0.23366	liquid
114.69	579.00	457.51	0.0021857	-24.892	101.66	-0.25869	2.1698	3.1976	1706.3	-0.051658	0.00018478	0.23262	liquid
115.69	579.00	456.54	0.0021904	-21.965	104.86	-0.23094	2.1659	3.1973	1700.5	-0.051600	0.00018058	0.23157	liquid
116.69	579.00	455.56	0.0021951	-19.039	108.06	-0.20342	2.1620	3.1969	1694.7	-0.051542	0.00017658	0.23052	liquid
117.69	579.00	454.59	0.0021998	-16.114	111.25	-0.17614	2.1581	3.1965	1688.9	-0.051482	0.00017276	0.22946	liquid
118.69	579.00	453.62	0.0022045	-13.191	114.45	-0.14910	2.1542	3.1961	1683.1	-0.051421	0.00016910	0.22840	liquid
119.69	579.00	452.65	0.0022092	-10.269	117.65	-0.12229	2.1504	3.1957	1677.3	-0.051360	0.00016561	0.22734	liquid
120.69	579.00	451.67	0.0022140	-7.3493	120.84	-0.095702	2.1465	3.1952	1671.5	-0.051297	0.00016226	0.22628	liquid
121.69	579.00	450.70	0.0022188	-4.4306	124.04	-0.069339	2.1427	3.1948	1665.7	-0.051233	0.00015906	0.22522	liquid
122.69	579.00	449.73	0.0022236	-1.5135	127.23	-0.043196	2.1390	3.1944	1660.0	-0.051168	0.00015598	0.22416	liquid
123.69	579.00	448.76	0.0022284	1.4022	130.42	-0.017268	2.1352	3.1939	1654.2	-0.051102	0.00015303	0.22309	liquid
124.69	579.00	447.79	0.0022332	4.3162	133.62	0.0084478	2.1315	3.1935	1648.5	-0.051035	0.00015020	0.22203	liquid
125.69	579.00	446.82	0.0022380	7.2287	136.81	0.033954	2.1277	3.1930	1642.8	-0.050966	0.00014747	0.22097	liquid
126.69	579.00	445.85	0.0022429	10.140	140.00	0.059255	2.1240	3.1925	1637.0	-0.050897	0.00014485	0.21990	liquid
127.69	579.00	444.88	0.0022478	13.049	143.20	0.084353	2.1204	3.1921	1631.4	-0.050826	0.00014232	0.21884	liquid
128.69	579.00	443.91	0.0022527	15.957	146.39	0.10925	2.1167	3.1916	1625.7	-0.050754	0.00013989	0.21778	liquid
129.69	579.00	442.94	0.0022576	18.863	149.58	0.13395	2.1131	3.1911	1620.0	-0.050681	0.00013754	0.21672	liquid
130.69	579.00	441.97	0.0022626	21.767	152.77	0.15846	2.1095	3.1906	1614.3	-0.050607	0.00013528	0.21566	liquid
131.69	579.00	441.00	0.0022676	24.670	155.96	0.18278	2.1059	3.1901	1608.7	-0.050532	0.00013309	0.21460	liquid
132.69	579.00	440.04	0.0022725	27.571	159.15	0.20691	2.1023	3.1896	1603.1	-0.050455	0.00013098	0.21354	liquid
133.69	579.00	439.07	0.0022775	30.470	162.34	0.23085	2.0988	3.1891	1597.5	-0.050377	0.00012893	0.21248	liquid
134.69	579.00	438.10	0.0022826	33.368	165.53	0.25462	2.0953	3.1886	1591.9	-0.050298	0.00012695	0.21143	liquid
135.69	579.00	437.13	0.0022876	36.264	168.72	0.27820	2.0918	3.1881	1586.3	-0.050217	0.00012504	0.21038	liquid
136.69	579.00	436.17	0.0022927	39.158	171.90	0.30161	2.0883	3.1875	1580.7	-0.050135	0.00012318	0.20933	liquid
137.69	579.00	435.20	0.0022978	42.050	175.09	0.32484	2.0849	3.1870	1575.2	-0.050052	0.00012138	0.20828	liquid
138.69	579.00	434.23	0.0023029	44.941	178.28	0.34790	2.0814	3.1865	1569.6	-0.049968	0.00011964	0.20724	liquid
139.69	579.00	433.27	0.0023080	47.830	181.47	0.37079	2.0780	3.1860	1564.1	-0.049882	0.00011795	0.20620	liquid
140.69	579.00	432.30	0.0023132	50.717	184.65	0.39351	2.0747	3.1855	1558.6	-0.049795	0.00011630	0.20516	liquid
141.69	579.00	431.34	0.0023184	53.602	187.84	0.41607	2.0713	3.1850	1553.1	-0.049706	0.00011471	0.20413	liquid
142.69	579.00	430.37	0.0023236	56.486	191.02	0.43847	2.0680	3.1844	1547.7	-0.049616	0.00011315	0.20309	liquid
143.69	579.00	429.41	0.0023288	59.368	194.20	0.46071	2.0647	3.1839	1542.2	-0.049524	0.00011165	0.20207	liquid
144.69	579.00	428.44	0.0023340	62.248	197.39	0.48279	2.0615	3.1834	1536.8	-0.049432	0.00011018	0.20104	liquid
145.69	579.00	427.48	0.0023393	65.126	200.57	0.50471	2.0582	3.1829	1531.4	-0.049337	0.00010875	0.20002	liquid
146.69	579.00	426.51	0.0023446	68.002	203.75	0.52648	2.0550	3.1824	1526.0	-0.049241	0.00010736	0.19900	liquid
147.69	579.00	425.55	0.0023499	70.877	206.94	0.54810	2.0518	3.1819	1520.6	-0.049144	0.00010600	0.19799	liquid
148.69	579.00	424.59	0.0023552	73.750	210.12	0.56957	2.0487	3.1814	1515.3	-0.049045	0.00010468	0.19698	liquid
149.69	579.00	423.62	0.0023606	76.621	213.30	0.59089	2.0455	3.1809	1509.9	-0.048945	0.00010339	0.19597	liquid
150.69	579.00	422.66	0.0023660	79.490	216.48	0.61207	2.0424	3.1804	1504.6	-0.048843	0.00010214	0.19497	liquid
151.69	579.00	421.70	0.0023714	82.357	219.66	0.63310	2.0394	3.1799	1499.3	-0.048740	0.00010091	0.19398	liquid
152.69	579.00	420.73	0.0023768	85.223	222.84	0.65399	2.0363	3.1794	1494.0	-0.048635	9.9719e-05	0.19298	liquid
153.69	579.00	419.77	0.0023823	88.086	226.02	0.67474	2.0333	3.1789	1488.8	-0.048529	9.8551e-05	0.19200	liquid
154.69	579.00	418.81	0.0023877	90.948	229.20	0.69536	2.0303	3.1784	1483.5	-0.048421	9.7411e-05	0.19101	liquid
155.69	579.00	417.84	0.0023932	93.808	232.38	0.71584	2.0274	3.1780	1478.3	-0.048311	9.6298e-05	0.19003	liquid
156.69	579.00	416.88	0.0023988	96.666	235.55	0.73618	2.0244	3.1775	1473.1	-0.048200	9.5209e-05	0.18906	liquid
157.69	579.00	415.92	0.0024043	99.522	238.73	0.75640	2.0215	3.1771	1467.9	-0.048088	9.4145e-05	0.18809	liquid
158.69	579.00	414.96	0.0024099	102.38	241.91	0.77648	2.0186	3.1766	1462.7	-0.047973	9.3104e-05	0.18712	liquid
159.69	579.00	414.00	0.0024155	105.23	245.08	0.79643	2.0158	3.1762	1457.6	-0.047857	9.2086e-05	0.18616	liquid
160.69	579.00	413.04	0.0024211	108.08	248.26	0.81626	2.0130	3.1757	1452.4	-0.047740	9.1090e-05	0.18521	liquid
161.69	579.00	412.08	0.0024267	110.93	251.44	0.83596	2.0102	3.1753	1447.3	-0.047621	9.0115e-05	0.18426	liquid
162.69	579.00	411.12	0.0024324	113.77	254.61	0.85553	2.0074	3.1749	1442.3	-0.047500	8.9161e-05	0.18331	liquid
163.69	579.00	410.16	0.0024381	116.62	257.79	0.87499	2.0047	3.1744	1437.2	-0.047377	8.8226e-05	0.18237	liquid
164.69	579.00	409.20	0.0024438	119.46	260.96	0.89432	2.0020	3.1740	1432.1	-0.047253	8.7310e-05	0.18144	liquid
165.69	579.00	408.24	0.0024496	122.30	264.13	0.91353	1.9993	3.1736	1427.1	-0.047128	8.6413e-05	0.18051	liquid
166.69	579.00	407.28	0.0024553	125.14	267.31	0.93263	1.9967	3.1732	1422.1	-0.047000	8.5534e-05	0.17958	liquid
167.69	579.00	406.32	0.0024611	127.98	270.48	0.95160	1.9941	3.1728	1417.1	-0.046871	8.4673e-05	0.17866	liquid
168.69	579.00	405.36	0.0024669	130.82	273.65	0.97047	1.9915	3.1725	1412.1	-0.046740	8.3828e-05	0.17775	liquid
169.69	579.00	404.40	0.0024728	133.65	276.82	0.98922	1.9890	3.1721	1407.2	-0.046608	8.3000e-05	0.17684	liquid
170.69	579.00	403.44	0.0024787	136.48	280.00	1.0079	1.9864	3.1717	1402.3	-0.046474	8.2187e-05	0.17594	liquid
171.69	579.00	402.49	0.0024846	139.31	283.17	1.0264	1.9839	3.1714	1397.4	-0.046338	8.1390e-05	0.17504	liquid
172.69	579.00	401.53	0.0024905	142.14	286.34	1.0448	1.9815	3.1710	1392.5	-0.046201	8.0608e-05	0.17415	liquid
173.69	579.00	400.57	0.0024964	144.97	289.51	1.0631	1.9791	3.1707	1387.6	-0.046062	7.9841e-05	0.17326	liquid
174.69	579.00	399.61	0.0025024	147.79	292.68	1.0813	1.9767	3.1703	1382.8	-0.045921	7.9087e-05	0.17238	liquid
175.69	579.00	398.66	0.0025084	150.61	295.85	1.0994	1.9743	3.1700	1378.0	-0.045778	7.8347e-05	0.17150	liquid
176.69	579.00	397.70	0.0025144	153.43	299.02	1.1174	1.9720	3.1697	1373.2	-0.045634	7.7621e-05	0.17063	liquid
177.69	579.00	396.75	0.0025205	156.25	302.19	1.1353	1.9697	3.1694	1368.4	-0.045488	7.6908e-05	0.16977	liquid
178.69	579.00	395.79	0.0025266	159.07	305.36	1.1531	1.9674	3.1691	1363.6	-0.045341	7.6207e-05	0.16891	liquid
179.69	579.00	394.83	0.0025327	161.88	308.53	1.1707	1.9651	3.1688	1358.9	-0.045192	7.5519e-05	0.16806	liquid
180.69	579.00	393.88	0.0025388	164.70	311.70	1.1883	1.9629	3.1685	1354.2	-0.045041	7.4842e-05	0.16721	liquid
181.69	579.00	392.93	0.0025450	167.51	314.87	1.2058	1.9607	3.1682	1349.5	-0.044888	7.4177e-05	0.16637	liquid
182.69	579.00	391.97	0.0025512	170.32	318.03	1.2232	1.9586	3.1680	1344.8	-0.044734	7.3524e-05	0.16553	liquid
183.69	579.00	391.02	0.0025574	173.13	321.20	1.2405	1.9565	3.1677	1340.2	-0.044578	7.2882e-05	0.16470	liquid
184.69	579.00	390.07	0.0025637	175.93	324.37	1.2577	1.9544	3.1675	1335.6	-0.044420	7.2250e-05	0.16387	liquid
185.69	579.00	389.11	0.0025699	178.74	327.54	1.2748	1.9523	3.1672	1331.0	-0.044261	7.1629e-05	0.16305	liquid
186.69	579.00	388.16	0.0025763	181.54	330.70	1.2918	1.9503	3.1670	1326.4	-0.044100	7.1019e-05	0.16224	liquid
187.69	579.00	387.21	0.0025826	184.34	333.87	1.3087	1.9483	3.1668	1321.8	-0.043937	7.0418e-05	0.16143	liquid
188.69	579.00	386.26	0.0025889	187.14	337.04	1.3256	1.9463	3.1665	1317.3	-0.043773	6.9827e-05	0.16063	liquid
189.69	579.00	385.31	0.0025953	189.93	340.20	1.3423	1.9444	3.1663	1312.8	-0.043607	6.9246e-05	0.15984	liquid
190.69	579.00	384.36	0.0026018	192.73	343.37	1.3589	1.9425	3.1661	1308.3	-0.043439	6.8674e-05	0.15905	supercritical
191.69	579.00	383.41	0.0026082	195.52	346.54	1.3755	1.9406	3.1659	1303.8	-0.043270	6.8111e-05	0.15826	supercritical
192.69	579.00	382.46	0.0026147	198.31	349.70	1.3920	1.9388	3.1658	1299.4	-0.043099	6.7557e-05	0.15748	supercritical
193.69	579.00	381.51	0.0026212	201.10	352.87	1.4084	1.9370	3.1656	1294.9	-0.042926	6.7012e-05	0.15671	supercritical
194.69	579.00	380.56	0.0026277	203.89	356.03	1.4247	1.9352	3.1654	1290.5	-0.042752	6.6475e-05	0.15594	supercritical
195.69	579.00	379.61	0.0026343	206.67	359.20	1.4409	1.9335	3.1653	1286.2	-0.042576	6.5947e-05	0.15518	supercritical
196.69	579.00	378.67	0.0026409	209.46	362.36	1.4570	1.9318	3.1651	1281.8	-0.042399	6.5427e-05	0.15442	supercritical
197.69	579.00	377.72	0.0026475	212.24	365.53	1.4731	1.9301	3.1650	1277.5	-0.042220	6.4915e-05	0.15367	supercritical
198.69	579.00	376.77	0.0026541	215.02	368.69	1.4890	1.9285	3.1648	1273.2	-0.042039	6.4410e-05	0.15292	supercritical
199.69	579.00	375.83	0.0026608	217.80	371.86	1.5049	1.9268	3.1647	1268.9	-0.041857	6.3913e-05	0.15218	supercritical
200.69	579.00	374.88	0.0026675	220.57	375.02	1.5207	1.9253	3.1646	1264.6	-0.041674	6.3424e-05	0.15145	supercritical
201.69	579.00	373.94	0.0026742	223.35	378.19	1.5364	1.9237	3.1645	1260.4	-0.041488	6.2942e-05	0.15072	supercritical
202.69	579.00	372.99	0.0026810	226.12	381.35	1.5521	1.9222	3.1643	1256.1	-0.041302	6.2467e-05	0.15000	supercritical
203.69	579.00	372.05	0.0026878	228.89	384.52	1.5677	1.9207	3.1642	1251.9	-0.041113	6.1999e-05	0.14928	supercritical
204.69	579.00	371.11	0.0026946	231.66	387.68	1.5832	1.9192	3.1642	1247.8	-0.040923	6.1538e-05	0.14857	supercritical
205.69	579.00	370.17	0.0027015	234.43	390.84	1.5986	1.9178	3.1641	1243.6	-0.040732	6.1084e-05	0.14787	supercritical
206.69	579.00	369.23	0.0027084	237.19	394.01	1.6139	1.9164	3.1640	1239.5	-0.040539	6.0636e-05	0.14717	supercritical
207.69	579.00	368.29	0.0027153	239.96	397.17	1.6292	1.9151	3.1639	1235.4	-0.040345	6.0195e-05	0.14647	supercritical
208.69	579.00	367.35	0.0027222	242.72	400.34	1.6444	1.9137	3.1638	1231.3	-0.040150	5.9760e-05	0.14578	supercritical
209.69	579.00	366.41	0.0027292	245.48	403.50	1.6595	1.9124	3.1638	1227.2	-0.039952	5.9331e-05	0.14510	supercritical
210.69	579.00	365.47	0.0027362	248.24	406.66	1.6746	1.9112	3.1637	1223.2	-0.039754	5.8909e-05	0.14443	supercritical
211.69	579.00	364.54	0.0027432	250.99	409.83	1.6896	1.9099	3.1637	1219.2	-0.039554	5.8492e-05	0.14375	supercritical
212.69	579.00	363.60	0.0027503	253.75	412.99	1.7045	1.9087	3.1636	1215.2	-0.039353	5.8081e-05	0.14309	supercritical
213.69	579.00	362.66	0.0027574	256.50	416.15	1.7193	1.9076	3.1636	1211.3	-0.039150	5.7676e-05	0.14243	supercritical
214.69	579.00	361.73	0.0027645	259.25	419.32	1.7341	1.9064	3.1636	1207.3	-0.038946	5.7277e-05	0.14178	supercritical
215.69	579.00	360.80	0.0027716	262.00	422.48	1.7488	1.9053	3.1635	1203.4	-0.038741	5.6883e-05	0.14113	supercritical
216.69	579.00	359.86	0.0027788	264.75	425.64	1.7634	1.9043	3.1635	1199.5	-0.038534	5.6495e-05	0.14048	supercritical
217.69	579.00	358.93	0.0027860	267.50	428.81	1.7780	1.9032	3.1635	1195.6	-0.038326	5.6112e-05	0.13985	supercritical
218.69	579.00	358.00	0.0027933	270.24	431.97	1.7925	1.9022	3.1635	1191.8	-0.038117	5.5734e-05	0.13922	supercritical
219.69	579.00	357.07	0.0028006	272.98	435.14	1.8069	1.9012	3.1635	1188.0	-0.037907	5.5361e-05	0.13859	supercritical
220.69	579.00	356.14	0.0028079	275.72	438.30	1.8213	1.9003	3.1635	1184.2	-0.037695	5.4993e-05	0.13797	supercritical
221.69	579.00	355.21	0.0028152	278.46	441.46	1.8356	1.8994	3.1635	1180.4	-0.037483	5.4631e-05	0.13735	supercritical
222.69	579.00	354.29	0.0028226	281.20	444.63	1.8498	1.8985	3.1635	1176.6	-0.037269	5.4273e-05	0.13674	supercritical
223.69	579.00	353.36	0.0028300	283.93	447.79	1.8640	1.8977	3.1635	1172.9	-0.037054	5.3920e-05	0.13614	supercritical
224.69	579.00	352.44	0.0028374	286.67	450.95	1.8781	1.8968	3.1635	1169.2	-0.036838	5.3571e-05	0.13554	supercritical
225.69	579.00	351.51	0.0028448	289.40	454.12	1.8921	1.8961	3.1636	1165.5	-0.036620	5.3228e-05	0.13495	supercritical
226.69	579.00	350.59	0.0028523	292.13	457.28	1.9061	1.8953	3.1636	1161.9	-0.036402	5.2889e-05	0.13436	supercritical
227.69	579.00	349.67	0.0028598	294.86	460.44	1.9201	1.8946	3.1636	1158.2	-0.036183	5.2554e-05	0.13378	supercritical
228.69	579.00	348.75	0.0028674	297.59	463.61	1.9339	1.8939	3.1637	1154.6	-0.035962	5.2224e-05	0.13320	supercritical
229.69	579.00	347.83	0.0028750	300.31	466.77	1.9477	1.8932	3.1637	1151.0	-0.035741	5.1898e-05	0.13263	supercritical
230.69	579.00	346.91	0.0028826	303.03	469.93	1.9615	1.8926	3.1637	1147.5	-0.035518	5.1576e-05	0.13207	supercritical
231.69	579.00	345.99	0.0028902	305.75	473.10	1.9751	1.8920	3.1638	1143.9	-0.035295	5.1258e-05	0.13151	supercritical
232.69	579.00	345.08	0.0028979	308.47	476.26	1.9888	1.8914	3.1638	1140.4	-0.035071	5.0945e-05	0.13095	supercritical
233.69	579.00	344.16	0.0029056	311.19	479.43	2.0023	1.8909	3.1639	1136.9	-0.034846	5.0635e-05	0.13040	supercritical
234.69	579.00	343.25	0.0029133	313.91	482.59	2.0159	1.8904	3.1640	1133.4	-0.034620	5.0330e-05	0.12986	supercritical
235.69	579.00	342.34	0.0029211	316.62	485.75	2.0293	1.8899	3.1640	1130.0	-0.034393	5.0028e-05	0.12932	supercritical
236.69	579.00	341.43	0.0029289	319.34	488.92	2.0427	1.8895	3.1641	1126.6	-0.034165	4.9731e-05	0.12879	supercritical
237.69	579.00	340.52	0.0029367	322.05	492.08	2.0560	1.8891	3.1641	1123.2	-0.033937	4.9437e-05	0.12826	supercritical
238.69	579.00	339.61	0.0029446	324.76	495.25	2.0693	1.8887	3.1642	1119.8	-0.033708	4.9147e-05	0.12773	supercritical
239.69	579.00	338.70	0.0029524	327.46	498.41	2.0826	1.8884	3.1643	1116.5	-0.033478	4.8860e-05	0.12722	supercritical
240.69	579.00	337.80	0.0029603	330.17	501.57	2.0957	1.8880	3.1643	1113.1	-0.033248	4.8577e-05	0.12670	supercritical
241.69	579.00	336.89	0.0029683	332.88	504.74	2.1088	1.8878	3.1644	1109.8	-0.033017	4.8298e-05	0.12620	supercritical
242.69	579.00	335.99	0.0029763	335.58	507.90	2.1219	1.8875	3.1645	1106.6	-0.032785	4.8022e-05	0.12569	supercritical
243.69	579.00	335.09	0.0029843	338.28	511.07	2.1349	1.8873	3.1646	1103.3	-0.032553	4.7750e-05	0.12520	supercritical
244.69	579.00	334.19	0.0029923	340.98	514.23	2.1479	1.8871	3.1647	1100.1	-0.032320	4.7481e-05	0.12470	supercritical
245.69	579.00	333.29	0.0030004	343.68	517.40	2.1608	1.8869	3.1647	1096.9	-0.032086	4.7215e-05	0.12422	supercritical
246.69	579.00	332.40	0.0030085	346.37	520.56	2.1736	1.8868	3.1648	1093.7	-0.031852	4.6953e-05	0.12373	supercritical
247.69	579.00	331.50	0.0030166	349.07	523.73	2.1864	1.8867	3.1649	1090.5	-0.031618	4.6693e-05	0.12326	supercritical
248.69	579.00	330.61	0.0030247	351.76	526.89	2.1992	1.8866	3.1650	1087.4	-0.031383	4.6438e-05	0.12278	supercritical
249.69	579.00	329.72	0.0030329	354.45	530.06	2.2119	1.8866	3.1651	1084.3	-0.031148	4.6185e-05	0.12232	supercritical
250.69	579.00	328.82	0.0030411	357.14	533.22	2.2246	1.8866	3.1652	1081.2	-0.030913	4.5935e-05	0.12186	supercritical
251.69	579.00	327.94	0.0030494	359.83	536.39	2.2372	1.8866	3.1653	1078.1	-0.030677	4.5688e-05	0.12140	supercritical
252.69	579.00	327.05	0.0030576	362.52	539.55	2.2497	1.8866	3.1653	1075.1	-0.030441	4.5445e-05	0.12095	supercritical
253.69	579.00	326.16	0.0030659	365.20	542.72	2.2622	1.8867	3.1654	1072.1	-0.030204	4.5204e-05	0.12050	supercritical
254.69	579.00	325.28	0.0030743	367.88	545.88	2.2747	1.8868	3.1655	1069.1	-0.029968	4.4967e-05	0.12006	supercritical
255.69	579.00	324.40	0.0030826	370.56	549.05	2.2871	1.8869	3.1656	1066.1	-0.029731	4.4732e-05	0.11962	supercritical
256.69	579.00	323.52	0.0030910	373.24	552.22	2.2994	1.8871	3.1657	1063.2	-0.029494	4.4500e-05	0.11919	supercritical
257.69	579.00	322.64	0.0030995	375.92	555.38	2.3117	1.8873	3.1658	1060.2	-0.029257	4.4271e-05	0.11876	supercritical
258.69	579.00	321.76	0.0031079	378.60	558.55	2.3240	1.8875	3.1659	1057.3	-0.029020	4.4044e-05	0.11834	supercritical
259.69	579.00	320.89	0.0031164	381.27	561.71	2.3362	1.8878	3.1660	1054.5	-0.028782	4.3821e-05	0.11792	supercritical
260.69	579.00	320.01	0.0031249	383.95	564.88	2.3484	1.8881	3.1661	1051.6	-0.028545	4.3600e-05	0.11750	supercritical
261.69	579.00	319.14	0.0031334	386.62	568.04	2.3605	1.8884	3.1662	1048.8	-0.028308	4.3381e-05	0.11709	supercritical
262.69	579.00	318.27	0.0031420	389.29	571.21	2.3726	1.8887	3.1663	1046.0	-0.028071	4.3166e-05	0.11669	supercritical
263.69	579.00	317.40	0.0031506	391.96	574.38	2.3846	1.8891	3.1664	1043.2	-0.027833	4.2953e-05	0.11629	supercritical
264.69	579.00	316.54	0.0031592	394.63	577.54	2.3966	1.8895	3.1665	1040.4	-0.027596	4.2742e-05	0.11590	supercritical
265.69	579.00	315.67	0.0031678	397.29	580.71	2.4085	1.8899	3.1666	1037.7	-0.027359	4.2534e-05	0.11550	supercritical
266.69	579.00	314.81	0.0031765	399.96	583.88	2.4204	1.8904	3.1667	1035.0	-0.027123	4.2329e-05	0.11512	supercritical
267.69	579.00	313.95	0.0031852	402.62	587.04	2.4323	1.8908	3.1668	1032.3	-0.026886	4.2125e-05	0.11474	supercritical
268.69	579.00	313.09	0.0031939	405.28	590.21	2.4441	1.8914	3.1669	1029.6	-0.026650	4.1925e-05	0.11436	supercritical
269.69	579.00	312.24	0.0032027	407.94	593.38	2.4558	1.8919	3.1670	1027.0	-0.026414	4.1726e-05	0.11399	supercritical
270.69	579.00	311.38	0.0032115	410.60	596.54	2.4676	1.8925	3.1671	1024.4	-0.026178	4.1530e-05	0.11362	supercritical
271.69	579.00	310.53	0.0032203	413.26	599.71	2.4792	1.8931	3.1672	1021.7	-0.025943	4.1337e-05	0.11326	supercritical
272.69	579.00	309.68	0.0032292	415.91	602.88	2.4909	1.8937	3.1673	1019.2	-0.025708	4.1145e-05	0.11290	supercritical
273.69	579.00	308.83	0.0032380	418.57	606.05	2.5025	1.8943	3.1674	1016.6	-0.025473	4.0956e-05	0.11254	supercritical
274.69	579.00	307.98	0.0032469	421.22	609.21	2.5140	1.8950	3.1675	1014.1	-0.025239	4.0770e-05	0.11219	supercritical
275.69	579.00	307.14	0.0032558	423.87	612.38	2.5255	1.8957	3.1676	1011.6	-0.025005	4.0585e-05	0.11185	supercritical
276.69	579.00	306.30	0.0032648	426.52	615.55	2.5370	1.8964	3.1678	1009.1	-0.024772	4.0402e-05	0.11151	supercritical
277.69	579.00	305.46	0.0032738	429.17	618.72	2.5484	1.8972	3.1679	1006.6	-0.024539	4.0222e-05	0.11117	supercritical
278.69	579.00	304.62	0.0032828	431.81	621.89	2.5598	1.8980	3.1680	1004.2	-0.024307	4.0044e-05	0.11083	supercritical
279.69	579.00	303.79	0.0032918	434.46	625.05	2.5712	1.8988	3.1681	1001.7	-0.024076	3.9868e-05	0.11051	supercritical
280.69	579.00	302.95	0.0033009	437.10	628.22	2.5825	1.8996	3.1682	999.35	-0.023845	3.9694e-05	0.11018	supercritical
281.69	579.00	302.12	0.0033099	439.74	631.39	2.5937	1.9005	3.1683	996.97	-0.023615	3.9522e-05	0.10986	supercritical
282.69	579.00	301.29	0.0033190	442.39	634.56	2.6050	1.9014	3.1684	994.61	-0.023385	3.9352e-05	0.10954	supercritical
283.69	579.00	300.46	0.0033282	445.02	637.73	2.6162	1.9023	3.1685	992.28	-0.023156	3.9184e-05	0.10923	supercritical
284.69	579.00	299.64	0.0033373	447.66	640.89	2.6273	1.9032	3.1686	989.96	-0.022928	3.9018e-05	0.10892	supercritical
285.69	579.00	298.82	0.0033465	450.30	644.06	2.6384	1.9042	3.1687	987.67	-0.022701	3.8853e-05	0.10862	supercritical
286.69	579.00	298.00	0.0033557	452.94	647.23	2.6495	1.9052	3.1689	985.40	-0.022475	3.8691e-05	0.10832	supercritical
287.69	579.00	297.18	0.0033650	455.57	650.40	2.6605	1.9062	3.1690	983.15	-0.022249	3.8531e-05	0.10802	supercritical
288.69	579.00	296.37	0.0033742	458.20	653.57	2.6715	1.9072	3.1691	980.92	-0.022024	3.8373e-05	0.10773	supercritical
289.69	579.00	295.55	0.0033835	460.83	656.74	2.6825	1.9083	3.1692	978.71	-0.021800	3.8216e-05	0.10744	supercritical
290.69	579.00	294.74	0.0033928	463.47	659.91	2.6934	1.9094	3.1693	976.53	-0.021577	3.8061e-05	0.10716	supercritical
291.69	579.00	293.93	0.0034021	466.09	663.08	2.7043	1.9105	3.1694	974.36	-0.021355	3.7908e-05	0.10688	supercritical
292.69	579.00	293.13	0.0034115	468.72	666.25	2.7151	1.9117	3.1696	972.22	-0.021134	3.7757e-05	0.10660	supercritical
293.69	579.00	292.32	0.0034209	471.35	669.42	2.7259	1.9128	3.1697	970.10	-0.020914	3.7608e-05	0.10633	supercritical
294.69	579.00	291.52	0.0034303	473.97	672.59	2.7367	1.9140	3.1698	967.99	-0.020695	3.7460e-05	0.10606	supercritical
295.69	579.00	290.72	0.0034397	476.60	675.76	2.7475	1.9152	3.1699	965.91	-0.020477	3.7314e-05	0.10579	supercritical
296.69	579.00	289.93	0.0034491	479.22	678.93	2.7582	1.9165	3.1701	963.85	-0.020260	3.7170e-05	0.10553	supercritical
297.69	579.00	289.13	0.0034586	481.84	682.10	2.7688	1.9177	3.1702	961.81	-0.020045	3.7027e-05	0.10528	supercritical
298.69	579.00	288.34	0.0034681	484.46	685.27	2.7795	1.9190	3.1703	959.78	-0.019830	3.6886e-05	0.10502	supercritical
299.69	579.00	287.55	0.0034776	487.08	688.44	2.7901	1.9203	3.1705	957.78	-0.019616	3.6747e-05	0.10477	supercritical
300.69	579.00	286.77	0.0034872	489.70	691.61	2.8006	1.9217	3.1706	955.80	-0.019404	3.6609e-05	0.10452	supercritical
301.69	579.00	285.98	0.0034967	492.32	694.78	2.8111	1.9230	3.1708	953.84	-0.019193	3.6473e-05	0.10428	supercritical
302.69	579.00	285.20	0.0035063	494.93	697.95	2.8216	1.9244	3.1709	951.90	-0.018983	3.6339e-05	0.10404	supercritical
303.69	579.00	284.42	0.0035159	497.55	701.12	2.8321	1.9258	3.1710	949.98	-0.018775	3.6206e-05	0.10381	supercritical
304.69	579.00	283.64	0.0035256	500.16	704.29	2.8425	1.9272	3.1712	948.07	-0.018567	3.6074e-05	0.10357	supercritical
305.69	579.00	282.87	0.0035352	502.78	707.46	2.8529	1.9287	3.1713	946.19	-0.018361	3.5944e-05	0.10335	supercritical
306.69	579.00	282.10	0.0035449	505.39	710.63	2.8633	1.9301	3.1715	944.33	-0.018156	3.5816e-05	0.10312	supercritical
307.69	579.00	281.33	0.0035546	508.00	713.81	2.8736	1.9316	3.1716	942.48	-0.017953	3.5689e-05	0.10290	supercritical
308.69	579.00	280.56	0.0035643	510.61	716.98	2.8839	1.9331	3.1718	940.66	-0.017751	3.5564e-05	0.10268	supercritical
309.69	579.00	279.80	0.0035740	513.21	720.15	2.8941	1.9347	3.1720	938.85	-0.017550	3.5440e-05	0.10246	supercritical
310.69	579.00	279.04	0.0035838	515.82	723.32	2.9044	1.9362	3.1721	937.06	-0.017351	3.5317e-05	0.10225	supercritical
311.69	579.00	278.28	0.0035935	518.43	726.49	2.9146	1.9378	3.1723	935.30	-0.017153	3.5196e-05	0.10204	supercritical
312.69	579.00	277.52	0.0036033	521.03	729.67	2.9247	1.9394	3.1725	933.55	-0.016956	3.5077e-05	0.10184	supercritical
313.69	579.00	276.77	0.0036131	523.64	732.84	2.9349	1.9410	3.1727	931.81	-0.016761	3.4958e-05	0.10164	supercritical
314.69	579.00	276.02	0.0036230	526.24	736.01	2.9450	1.9427	3.1728	930.10	-0.016568	3.4842e-05	0.10144	supercritical
315.69	579.00	275.27	0.0036328	528.84	739.18	2.9550	1.9443	3.1730	928.41	-0.016376	3.4726e-05	0.10124	supercritical
316.69	579.00	274.52	0.0036427	531.45	742.36	2.9651	1.9460	3.1732	926.73	-0.016185	3.4612e-05	0.10105	supercritical
317.69	579.00	273.78	0.0036526	534.05	745.53	2.9751	1.9477	3.1734	925.07	-0.015996	3.4499e-05	0.10086	supercritical
318.69	579.00	273.04	0.0036625	536.65	748.70	2.9850	1.9495	3.1736	923.43	-0.015808	3.4387e-05	0.10068	supercritical
319.69	579.00	272.30	0.0036724	539.25	751.88	2.9950	1.9512	3.1738	921.81	-0.015622	3.4277e-05	0.10049	supercritical
320.69	579.00	271.56	0.0036824	541.84	755.05	3.0049	1.9530	3.1740	920.20	-0.015438	3.4168e-05	0.10031	supercritical
321.69	579.00	270.83	0.0036923	544.44	758.23	3.0148	1.9548	3.1742	918.61	-0.015255	3.4060e-05	0.10014	supercritical
322.69	579.00	270.10	0.0037023	547.04	761.40	3.0246	1.9566	3.1745	917.04	-0.015073	3.3954e-05	0.099965	supercritical
323.69	579.00	269.37	0.0037123	549.63	764.58	3.0344	1.9584	3.1747	915.49	-0.014894	3.3849e-05	0.099794	supercritical
324.69	579.00	268.65	0.0037223	552.23	767.75	3.0442	1.9602	3.1749	913.95	-0.014716	3.3745e-05	0.099627	supercritical
325.69	579.00	267.93	0.0037324	554.82	770.93	3.0540	1.9621	3.1751	912.44	-0.014539	3.3642e-05	0.099462	supercritical
326.69	579.00	267.21	0.0037424	557.41	774.10	3.0637	1.9640	3.1754	910.93	-0.014364	3.3540e-05	0.099301	supercritical
327.69	579.00	266.49	0.0037525	560.01	777.28	3.0734	1.9659	3.1756	909.45	-0.014191	3.3440e-05	0.099143	supercritical
328.69	579.00	265.78	0.0037626	562.60	780.45	3.0831	1.9678	3.1759	907.98	-0.014019	3.3341e-05	0.098987	supercritical
329.69	579.00	265.06	0.0037727	565.19	783.63	3.0928	1.9698	3.1761	906.53	-0.013849	3.3243e-05	0.098834	supercritical
330.69	579.00	264.36	0.0037828	567.78	786.80	3.1024	1.9717	3.1764	905.09	-0.013681	3.3146e-05	0.098684	supercritical
331.69	579.00	263.65	0.0037929	570.37	789.98	3.1120	1.9737	3.1767	903.67	-0.013514	3.3050e-05	0.098537	supercritical
332.69	579.00	262.95	0.0038031	572.96	793.16	3.1215	1.9757	3.1770	902.27	-0.013349	3.2955e-05	0.098393	supercritical
333.69	579.00	262.25	0.0038132	575.55	796.33	3.1311	1.9777	3.1772	900.88	-0.013186	3.2862e-05	0.098252	supercritical
334.69	579.00	261.55	0.0038234	578.14	799.51	3.1406	1.9798	3.1775	899.51	-0.013025	3.2770e-05	0.098113	supercritical
335.69	579.00	260.85	0.0038336	580.72	802.69	3.1501	1.9818	3.1778	898.16	-0.012865	3.2678e-05	0.097977	supercritical
336.69	579.00	260.16	0.0038438	583.31	805.87	3.1595	1.9839	3.1781	896.82	-0.012707	3.2588e-05	0.097844	supercritical
337.69	579.00	259.47	0.0038540	585.90	809.05	3.1689	1.9860	3.1785	895.50	-0.012550	3.2499e-05	0.097713	supercritical
338.69	579.00	258.78	0.0038643	588.48	812.22	3.1783	1.9881	3.1788	894.19	-0.012396	3.2411e-05	0.097585	supercritical
339.69	579.00	258.10	0.0038745	591.07	815.40	3.1877	1.9902	3.1791	892.90	-0.012243	3.2323e-05	0.097460	supercritical
340.69	579.00	257.41	0.0038848	593.65	818.58	3.1971	1.9923	3.1794	891.62	-0.012091	3.2237e-05	0.097337	supercritical
341.69	579.00	256.73	0.0038951	596.24	821.76	3.2064	1.9945	3.1798	890.36	-0.011942	3.2152e-05	0.097217	supercritical
342.69	579.00	256.06	0.0039054	598.82	824.94	3.2157	1.9967	3.1801	889.11	-0.011794	3.2068e-05	0.097100	supercritical
343.69	579.00	255.38	0.0039157	601.40	828.12	3.2249	1.9988	3.1805	887.88	-0.011648	3.1985e-05	0.096985	supercritical
344.69	579.00	254.71	0.0039260	603.99	831.30	3.2342	2.0011	3.1809	886.66	-0.011504	3.1903e-05	0.096872	supercritical
345.69	579.00	254.04	0.0039363	606.57	834.48	3.2434	2.0033	3.1812	885.46	-0.011362	3.1822e-05	0.096762	supercritical
346.69	579.00	253.38	0.0039467	609.15	837.67	3.2526	2.0055	3.1816	884.27	-0.011221	3.1742e-05	0.096655	supercritical
347.69	579.00	252.71	0.0039570	611.73	840.85	3.2617	2.0078	3.1820	883.09	-0.011082	3.1662e-05	0.096550	supercritical
348.69	579.00	252.05	0.0039674	614.32	844.03	3.2709	2.0100	3.1824	881.93	-0.010945	3.1584e-05	0.096447	supercritical
349.69	579.00	251.40	0.0039778	616.90	847.21	3.2800	2.0123	3.1828	880.79	-0.010809	3.1507e-05	0.096347	supercritical
350.69	579.00	250.74	0.0039882	619.48	850.40	3.2891	2.0146	3.1832	879.65	-0.010675	3.1430e-05	0.096249	supercritical
351.69	579.00	250.09	0.0039986	622.06	853.58	3.2982	2.0170	3.1837	878.54	-0.010543	3.1355e-05	0.096154	supercritical
352.69	579.00	249.44	0.0040090	624.64	856.76	3.3072	2.0193	3.1841	877.43	-0.010413	3.1280e-05	0.096061	supercritical
353.69	579.00	248.79	0.0040195	627.22	859.95	3.3162	2.0216	3.1845	876.34	-0.010285	3.1206e-05	0.095970	supercritical
354.69	579.00	248.14	0.0040299	629.80	863.13	3.3252	2.0240	3.1850	875.27	-0.010158	3.1134e-05	0.095882	supercritical
355.69	579.00	247.50	0.0040404	632.38	866.32	3.3342	2.0264	3.1855	874.20	-0.010033	3.1062e-05	0.095796	supercritical
356.69	579.00	246.86	0.0040508	634.96	869.50	3.3431	2.0288	3.1859	873.15	-0.0099098	3.0991e-05	0.095712	supercritical
357.69	579.00	246.23	0.0040613	637.54	872.69	3.3520	2.0312	3.1864	872.12	-0.0097883	3.0920e-05	0.095630	supercritical
358.69	579.00	245.59	0.0040718	640.12	875.88	3.3609	2.0336	3.1869	871.09	-0.0096686	3.0851e-05	0.095551	supercritical
359.69	579.00	244.96	0.0040823	642.70	879.06	3.3698	2.0360	3.1874	870.08	-0.0095506	3.0782e-05	0.095474	supercritical
360.69	579.00	244.33	0.0040928	645.28	882.25	3.3787	2.0385	3.1879	869.08	-0.0094343	3.0714e-05	0.095399	supercritical
361.69	579.00	243.71	0.0041033	647.86	885.44	3.3875	2.0410	3.1885	868.10	-0.0093198	3.0648e-05	0.095326	supercritical
362.69	579.00	243.08	0.0041138	650.44	888.63	3.3963	2.0434	3.1890	867.12	-0.0092070	3.0581e-05	0.095255	supercritical
363.69	579.00	242.46	0.0041244	653.02	891.82	3.4051	2.0459	3.1895	866.16	-0.0090959	3.0516e-05	0.095187	supercritical
364.69	579.00	241.84	0.0041349	655.59	895.01	3.4138	2.0484	3.1901	865.22	-0.0089866	3.0452e-05	0.095121	supercritical
365.69	579.00	241.23	0.0041455	658.17	898.20	3.4226	2.0510	3.1907	864.28	-0.0088789	3.0388e-05	0.095056	supercritical
366.69	579.00	240.61	0.0041560	660.75	901.39	3.4313	2.0535	3.1912	863.36	-0.0087730	3.0325e-05	0.094994	supercritical
367.69	579.00	240.00	0.0041666	663.33	904.58	3.4400	2.0560	3.1918	862.45	-0.0086687	3.0263e-05	0.094934	supercritical
368.69	579.00	239.39	0.0041772	665.91	907.77	3.4486	2.0586	3.1924	861.55	-0.0085662	3.0201e-05	0.094876	supercritical
369.69	579.00	238.79	0.0041878	668.49	910.96	3.4573	2.0612	3.1930	860.66	-0.0084653	3.0140e-05	0.094819	supercritical
370.69	579.00	238.19	0.0041984	671.07	914.16	3.4659	2.0638	3.1936	859.79	-0.0083662	3.0080e-05	0.094765	supercritical
371.69	579.00	237.59	0.0042090	673.65	917.35	3.4745	2.0664	3.1943	858.92	-0.0082687	3.0021e-05	0.094713	supercritical
372.69	579.00	236.99	0.0042196	676.23	920.55	3.4831	2.0690	3.1949	858.07	-0.0081728	2.9963e-05	0.094663	supercritical
373.69	579.00	236.39	0.0042303	678.81	923.74	3.4917	2.0716	3.1955	857.23	-0.0080787	2.9905e-05	0.094615	supercritical
374.69	579.00	235.80	0.0042409	681.39	926.94	3.5002	2.0742	3.1962	856.40	-0.0079862	2.9848e-05	0.094568	supercritical
375.69	579.00	235.21	0.0042515	683.97	930.13	3.5087	2.0769	3.1969	855.58	-0.0078953	2.9791e-05	0.094524	supercritical
376.69	579.00	234.62	0.0042622	686.55	933.33	3.5172	2.0795	3.1976	854.77	-0.0078061	2.9736e-05	0.094482	supercritical
377.69	579.00	234.04	0.0042728	689.13	936.53	3.5257	2.0822	3.1983	853.98	-0.0077185	2.9681e-05	0.094441	supercritical
378.69	579.00	233.45	0.0042835	691.71	939.73	3.5342	2.0849	3.1990	853.19	-0.0076325	2.9626e-05	0.094402	supercritical
379.69	579.00	232.87	0.0042942	694.29	942.93	3.5426	2.0876	3.1997	852.42	-0.0075481	2.9573e-05	0.094365	supercritical
380.69	579.00	232.30	0.0043048	696.88	946.13	3.5510	2.0903	3.2004	851.66	-0.0074654	2.9520e-05	0.094330	supercritical
381.69	579.00	231.72	0.0043155	699.46	949.33	3.5594	2.0930	3.2011	850.90	-0.0073842	2.9467e-05	0.094297	supercritical
382.69	579.00	231.15	0.0043262	702.04	952.53	3.5678	2.0958	3.2019	850.16	-0.0073046	2.9416e-05	0.094265	supercritical
383.69	579.00	230.58	0.0043369	704.62	955.73	3.5761	2.0985	3.2027	849.43	-0.0072266	2.9365e-05	0.094236	supercritical
384.69	579.00	230.01	0.0043476	707.21	958.93	3.5845	2.1013	3.2034	848.71	-0.0071502	2.9314e-05	0.094208	supercritical
385.69	579.00	229.45	0.0043583	709.79	962.14	3.5928	2.1040	3.2042	847.99	-0.0070753	2.9264e-05	0.094182	supercritical
386.69	579.00	228.88	0.0043690	712.38	965.34	3.6011	2.1068	3.2050	847.29	-0.0070020	2.9215e-05	0.094157	supercritical
387.69	579.00	228.32	0.0043798	714.96	968.55	3.6094	2.1096	3.2058	846.60	-0.0069302	2.9167e-05	0.094134	supercritical
388.69	579.00	227.77	0.0043905	717.55	971.75	3.6176	2.1124	3.2067	845.92	-0.0068600	2.9119e-05	0.094113	supercritical
389.69	579.00	227.21	0.0044012	720.13	974.96	3.6259	2.1152	3.2075	845.25	-0.0067912	2.9072e-05	0.094094	supercritical
390.69	579.00	226.66	0.0044120	722.72	978.17	3.6341	2.1180	3.2083	844.59	-0.0067240	2.9025e-05	0.094076	supercritical
391.69	579.00	226.11	0.0044227	725.30	981.38	3.6423	2.1208	3.2092	843.93	-0.0066582	2.8979e-05	0.094060	supercritical
392.69	579.00	225.56	0.0044334	727.89	984.59	3.6505	2.1237	3.2101	843.29	-0.0065940	2.8933e-05	0.094046	supercritical
393.69	579.00	225.01	0.0044442	730.48	987.80	3.6586	2.1265	3.2109	842.66	-0.0065312	2.8888e-05	0.094033	supercritical
394.69	579.00	224.47	0.0044550	733.07	991.01	3.6668	2.1294	3.2118	842.03	-0.0064698	2.8844e-05	0.094022	supercritical
395.69	579.00	223.93	0.0044657	735.66	994.22	3.6749	2.1323	3.2127	841.42	-0.0064100	2.8800e-05	0.094013	supercritical
396.69	579.00	223.39	0.0044765	738.25	997.44	3.6830	2.1351	3.2137	840.81	-0.0063515	2.8757e-05	0.094005	supercritical
397.69	579.00	222.85	0.0044873	740.84	1000.6	3.6911	2.1380	3.2146	840.22	-0.0062945	2.8714e-05	0.093999	supercritical
398.69	579.00	222.32	0.0044980	743.43	1003.9	3.6992	2.1409	3.2155	839.63	-0.0062389	2.8672e-05	0.093994	supercritical
399.69	579.00	221.79	0.0045088	746.02	1007.1	3.7072	2.1438	3.2165	839.05	-0.0061848	2.8630e-05	0.093991	supercritical
400.69	579.00	221.26	0.0045196	748.61	1010.3	3.7153	2.1468	3.2175	838.48	-0.0061320	2.8589e-05	0.093989	supercritical
401.69	579.00	220.73	0.0045304	751.21	1013.5	3.7233	2.1497	3.2184	837.92	-0.0060806	2.8549e-05	0.093989	supercritical
402.69	579.00	220.21	0.0045412	753.80	1016.7	3.7313	2.1526	3.2194	837.37	-0.0060305	2.8509e-05	0.093990	supercritical
403.69	579.00	219.68	0.0045520	756.39	1020.0	3.7393	2.1556	3.2204	836.82	-0.0059818	2.8469e-05	0.093993	supercritical
404.69	579.00	219.16	0.0045628	758.99	1023.2	3.7473	2.1585	3.2215	836.29	-0.0059345	2.8430e-05	0.093997	supercritical
405.69	579.00	218.65	0.0045736	761.59	1026.4	3.7552	2.1615	3.2225	835.76	-0.0058885	2.8392e-05	0.094003	supercritical
406.69	579.00	218.13	0.0045844	764.18	1029.6	3.7632	2.1644	3.2235	835.24	-0.0058438	2.8354e-05	0.094010	supercritical
407.69	579.00	217.62	0.0045952	766.78	1032.8	3.7711	2.1674	3.2246	834.73	-0.0058005	2.8317e-05	0.094019	supercritical
408.69	579.00	217.11	0.0046060	769.38	1036.1	3.7790	2.1704	3.2256	834.23	-0.0057584	2.8280e-05	0.094029	supercritical
409.69	579.00	216.60	0.0046168	771.98	1039.3	3.7869	2.1734	3.2267	833.73	-0.0057176	2.8243e-05	0.094041	supercritical
410.69	579.00	216.09	0.0046277	774.58	1042.5	3.7947	2.1764	3.2278	833.25	-0.0056781	2.8207e-05	0.094054	supercritical
411.69	579.00	215.59	0.0046385	777.18	1045.8	3.8026	2.1794	3.2289	832.77	-0.0056399	2.8172e-05	0.094068	supercritical
412.69	579.00	215.09	0.0046493	779.79	1049.0	3.8104	2.1824	3.2300	832.30	-0.0056029	2.8137e-05	0.094084	supercritical
413.69	579.00	214.59	0.0046601	782.39	1052.2	3.8182	2.1855	3.2311	831.83	-0.0055671	2.8102e-05	0.094101	supercritical
414.69	579.00	214.09	0.0046710	784.99	1055.4	3.8260	2.1885	3.2323	831.38	-0.0055326	2.8068e-05	0.094119	supercritical
415.69	579.00	213.59	0.0046818	787.60	1058.7	3.8338	2.1916	3.2334	830.93	-0.0054993	2.8035e-05	0.094139	supercritical
416.69	579.00	213.10	0.0046926	790.21	1061.9	3.8416	2.1946	3.2346	830.49	-0.0054672	2.8001e-05	0.094160	supercritical
417.69	579.00	212.61	0.0047035	792.81	1065.1	3.8493	2.1977	3.2358	830.06	-0.0054363	2.7969e-05	0.094183	supercritical
418.69	579.00	212.12	0.0047143	795.42	1068.4	3.8571	2.2007	3.2369	829.63	-0.0054065	2.7936e-05	0.094207	supercritical
419.69	579.00	211.63	0.0047252	798.03	1071.6	3.8648	2.2038	3.2381	829.22	-0.0053779	2.7905e-05	0.094232	supercritical
420.69	579.00	211.15	0.0047360	800.64	1074.9	3.8725	2.2069	3.2394	828.80	-0.0053505	2.7873e-05	0.094258	supercritical
421.69	579.00	210.67	0.0047468	803.25	1078.1	3.8802	2.2100	3.2406	828.40	-0.0053242	2.7842e-05	0.094286	supercritical
422.69	579.00	210.19	0.0047577	805.87	1081.3	3.8879	2.2131	3.2418	828.00	-0.0052990	2.7812e-05	0.094315	supercritical
423.69	579.00	209.71	0.0047685	808.48	1084.6	3.8955	2.2162	3.2431	827.61	-0.0052750	2.7782e-05	0.094345	supercritical
424.69	579.00	209.23	0.0047794	811.10	1087.8	3.9032	2.2193	3.2443	827.23	-0.0052520	2.7752e-05	0.094377	supercritical
425.69	579.00	208.76	0.0047903	813.71	1091.1	3.9108	2.2224	3.2456	826.86	-0.0052302	2.7723e-05	0.094409	supercritical
426.69	579.00	208.29	0.0048011	816.33	1094.3	3.9184	2.2255	3.2469	826.49	-0.0052094	2.7694e-05	0.094443	supercritical
427.69	579.00	207.82	0.0048120	818.95	1097.6	3.9260	2.2287	3.2482	826.12	-0.0051897	2.7665e-05	0.094478	supercritical
428.69	579.00	207.35	0.0048228	821.57	1100.8	3.9336	2.2318	3.2495	825.77	-0.0051710	2.7637e-05	0.094515	supercritical
429.69	579.00	206.88	0.0048337	824.19	1104.1	3.9412	2.2349	3.2508	825.42	-0.0051534	2.7610e-05	0.094553	supercritical
430.69	579.00	206.42	0.0048445	826.82	1107.3	3.9488	2.2381	3.2521	825.08	-0.0051368	2.7583e-05	0.094591	supercritical
431.69	579.00	205.96	0.0048554	829.44	1110.6	3.9563	2.2412	3.2535	824.74	-0.0051212	2.7556e-05	0.094631	supercritical
432.69	579.00	205.50	0.0048663	832.06	1113.8	3.9638	2.2444	3.2548	824.41	-0.0051067	2.7529e-05	0.094673	supercritical
433.69	579.00	205.04	0.0048771	834.69	1117.1	3.9713	2.2476	3.2562	824.09	-0.0050931	2.7503e-05	0.094715	supercritical
434.69	579.00	204.58	0.0048880	837.32	1120.3	3.9788	2.2507	3.2576	823.77	-0.0050805	2.7477e-05	0.094758	supercritical
435.69	579.00	204.13	0.0048989	839.95	1123.6	3.9863	2.2539	3.2589	823.46	-0.0050689	2.7452e-05	0.094803	supercritical
436.69	579.00	203.68	0.0049097	842.58	1126.9	3.9938	2.2571	3.2603	823.15	-0.0050582	2.7427e-05	0.094849	supercritical
437.69	579.00	203.23	0.0049206	845.21	1130.1	4.0013	2.2603	3.2618	822.86	-0.0050485	2.7402e-05	0.094896	supercritical
438.69	579.00	202.78	0.0049314	847.84	1133.4	4.0087	2.2635	3.2632	822.56	-0.0050397	2.7378e-05	0.094944	supercritical
439.69	579.00	202.33	0.0049423	850.48	1136.6	4.0161	2.2667	3.2646	822.28	-0.0050318	2.7354e-05	0.094993	supercritical
440.69	579.00	201.89	0.0049532	853.11	1139.9	4.0236	2.2699	3.2661	821.99	-0.0050249	2.7331e-05	0.095043	supercritical
441.69	579.00	201.45	0.0049640	855.75	1143.2	4.0310	2.2731	3.2675	821.72	-0.0050188	2.7308e-05	0.095095	supercritical
442.69	579.00	201.01	0.0049749	858.39	1146.4	4.0384	2.2764	3.2690	821.45	-0.0050137	2.7285e-05	0.095147	supercritical
443.69	579.00	200.57	0.0049858	861.03	1149.7	4.0457	2.2796	3.2705	821.19	-0.0050094	2.7262e-05	0.095201	supercritical
444.69	579.00	200.13	0.0049967	863.67	1153.0	4.0531	2.2828	3.2720	820.93	-0.0050060	2.7240e-05	0.095255	supercritical
445.69	579.00	199.70	0.0050075	866.32	1156.3	4.0604	2.2860	3.2735	820.67	-0.0050034	2.7218e-05	0.095311	supercritical
446.69	579.00	199.27	0.0050184	868.96	1159.5	4.0678	2.2893	3.2750	820.43	-0.0050017	2.7197e-05	0.095368	supercritical
447.69	579.00	198.84	0.0050293	871.61	1162.8	4.0751	2.2925	3.2765	820.19	-0.0050008	2.7176e-05	0.095425	supercritical
448.69	579.00	198.41	0.0050401	874.26	1166.1	4.0824	2.2958	3.2780	819.95	-0.0050007	2.7155e-05	0.095484	supercritical
449.69	579.00	197.98	0.0050510	876.91	1169.4	4.0897	2.2990	3.2796	819.72	-0.0050014	2.7135e-05	0.095544	supercritical
450.69	579.00	197.56	0.0050619	879.56	1172.6	4.0970	2.3023	3.2811	819.49	-0.0050030	2.7115e-05	0.095605	supercritical
451.69	579.00	197.13	0.0050727	882.21	1175.9	4.1043	2.3056	3.2827	819.27	-0.0050053	2.7095e-05	0.095667	supercritical
452.69	579.00	196.71	0.0050836	884.86	1179.2	4.1115	2.3088	3.2843	819.06	-0.0050084	2.7075e-05	0.095729	supercritical
453.69	579.00	196.29	0.0050945	887.52	1182.5	4.1188	2.3121	3.2859	818.85	-0.0050123	2.7056e-05	0.095793	supercritical
454.69	579.00	195.87	0.0051053	890.18	1185.8	4.1260	2.3154	3.2875	818.64	-0.0050169	2.7037e-05	0.095858	supercritical
455.69	579.00	195.46	0.0051162	892.84	1189.1	4.1333	2.3187	3.2891	818.44	-0.0050222	2.7018e-05	0.095924	supercritical
456.69	579.00	195.04	0.0051271	895.50	1192.4	4.1405	2.3220	3.2907	818.25	-0.0050283	2.7000e-05	0.095991	supercritical
457.69	579.00	194.63	0.0051379	898.16	1195.6	4.1477	2.3253	3.2923	818.06	-0.0050352	2.6982e-05	0.096058	supercritical
458.69	579.00	194.22	0.0051488	900.82	1198.9	4.1549	2.3285	3.2940	817.87	-0.0050427	2.6965e-05	0.096127	supercritical
459.69	579.00	193.81	0.0051596	903.49	1202.2	4.1620	2.3318	3.2956	817.69	-0.0050509	2.6947e-05	0.096197	supercritical
460.69	579.00	193.40	0.0051705	906.16	1205.5	4.1692	2.3352	3.2973	817.52	-0.0050599	2.6930e-05	0.096268	supercritical
461.69	579.00	193.00	0.0051814	908.83	1208.8	4.1763	2.3385	3.2990	817.35	-0.0050695	2.6913e-05	0.096339	supercritical
462.69	579.00	192.60	0.0051922	911.50	1212.1	4.1835	2.3418	3.3007	817.18	-0.0050798	2.6897e-05	0.096412	supercritical
463.69	579.00	192.19	0.0052031	914.17	1215.4	4.1906	2.3451	3.3024	817.02	-0.0050907	2.6880e-05	0.096485	supercritical
464.69	579.00	191.79	0.0052139	916.85	1218.7	4.1977	2.3484	3.3041	816.86	-0.0051023	2.6864e-05	0.096559	supercritical
465.69	579.00	191.40	0.0052248	919.52	1222.0	4.2048	2.3517	3.3058	816.71	-0.0051146	2.6849e-05	0.096635	supercritical
466.69	579.00	191.00	0.0052357	922.20	1225.3	4.2119	2.3551	3.3075	816.56	-0.0051275	2.6833e-05	0.096711	supercritical
467.69	579.00	190.60	0.0052465	924.88	1228.7	4.2190	2.3584	3.3093	816.42	-0.0051410	2.6818e-05	0.096788	supercritical
468.69	579.00	190.21	0.0052574	927.56	1232.0	4.2261	2.3617	3.3110	816.28	-0.0051551	2.6803e-05	0.096866	supercritical
469.69	579.00	189.82	0.0052682	930.25	1235.3	4.2331	2.3651	3.3128	816.14	-0.0051698	2.6789e-05	0.096945	supercritical
470.69	579.00	189.43	0.0052791	932.93	1238.6	4.2402	2.3684	3.3145	816.01	-0.0051852	2.6774e-05	0.097024	supercritical
471.69	579.00	189.04	0.0052899	935.62	1241.9	4.2472	2.3718	3.3163	815.89	-0.0052011	2.6760e-05	0.097105	supercritical
472.69	579.00	188.65	0.0053008	938.31	1245.2	4.2542	2.3751	3.3181	815.77	-0.0052176	2.6747e-05	0.097186	supercritical
473.69	579.00	188.27	0.0053116	941.00	1248.5	4.2613	2.3785	3.3199	815.65	-0.0052346	2.6733e-05	0.097269	supercritical
474.69	579.00	187.88	0.0053225	943.69	1251.9	4.2683	2.3818	3.3217	815.53	-0.0052522	2.6720e-05	0.097352	supercritical
475.69	579.00	187.50	0.0053333	946.39	1255.2	4.2753	2.3852	3.3235	815.42	-0.0052704	2.6707e-05	0.097436	supercritical
476.69	579.00	187.12	0.0053441	949.08	1258.5	4.2822	2.3885	3.3253	815.32	-0.0052891	2.6694e-05	0.097521	supercritical
477.69	579.00	186.74	0.0053550	951.78	1261.8	4.2892	2.3919	3.3272	815.22	-0.0053083	2.6681e-05	0.097607	supercritical
478.69	579.00	186.36	0.0053658	954.48	1265.2	4.2962	2.3953	3.3290	815.12	-0.0053281	2.6669e-05	0.097693	supercritical
479.69	579.00	185.99	0.0053767	957.18	1268.5	4.3031	2.3986	3.3309	815.03	-0.0053484	2.6657e-05	0.097780	supercritical
480.69	579.00	185.61	0.0053875	959.89	1271.8	4.3100	2.4020	3.3327	814.94	-0.0053692	2.6645e-05	0.097869	supercritical
481.69	579.00	185.24	0.0053983	962.59	1275.2	4.3170	2.4054	3.3346	814.85	-0.0053905	2.6633e-05	0.097958	supercritical
482.69	579.00	184.87	0.0054092	965.30	1278.5	4.3239	2.4088	3.3365	814.77	-0.0054122	2.6622e-05	0.098047	supercritical
483.69	579.00	184.50	0.0054200	968.01	1281.8	4.3308	2.4122	3.3384	814.69	-0.0054345	2.6611e-05	0.098138	supercritical
484.69	579.00	184.13	0.0054308	970.73	1285.2	4.3377	2.4156	3.3403	814.62	-0.0054572	2.6600e-05	0.098229	supercritical
485.69	579.00	183.77	0.0054417	973.44	1288.5	4.3446	2.4189	3.3422	814.54	-0.0054804	2.6589e-05	0.098322	supercritical
486.69	579.00	183.40	0.0054525	976.16	1291.9	4.3515	2.4223	3.3441	814.48	-0.0055041	2.6579e-05	0.098415	supercritical
487.69	579.00	183.04	0.0054633	978.87	1295.2	4.3583	2.4257	3.3460	814.41	-0.0055282	2.6568e-05	0.098508	supercritical
488.69	579.00	182.68	0.0054741	981.59	1298.5	4.3652	2.4291	3.3480	814.35	-0.0055527	2.6558e-05	0.098603	supercritical
489.69	579.00	182.32	0.0054849	984.32	1301.9	4.3720	2.4325	3.3499	814.30	-0.0055777	2.6549e-05	0.098698	supercritical
490.69	579.00	181.96	0.0054958	987.04	1305.2	4.3789	2.4359	3.3519	814.24	-0.0056031	2.6539e-05	0.098794	supercritical
491.69	579.00	181.60	0.0055066	989.77	1308.6	4.3857	2.4393	3.3538	814.19	-0.0056290	2.6530e-05	0.098891	supercritical
492.69	579.00	181.25	0.0055174	992.50	1312.0	4.3925	2.4427	3.3558	814.15	-0.0056552	2.6521e-05	0.098988	supercritical
493.69	579.00	180.89	0.0055282	995.23	1315.3	4.3993	2.4461	3.3578	814.10	-0.0056819	2.6512e-05	0.099087	supercritical
494.69	579.00	180.54	0.0055390	997.96	1318.7	4.4061	2.4495	3.3598	814.07	-0.0057089	2.6503e-05	0.099186	supercritical
495.69	579.00	180.19	0.0055498	1000.7	1322.0	4.4129	2.4530	3.3618	814.03	-0.0057363	2.6494e-05	0.099286	supercritical
496.69	579.00	179.84	0.0055606	1003.4	1325.4	4.4197	2.4564	3.3638	814.00	-0.0057642	2.6486e-05	0.099386	supercritical
497.69	579.00	179.49	0.0055714	1006.2	1328.8	4.4264	2.4598	3.3658	813.97	-0.0057923	2.6478e-05	0.099487	supercritical
498.69	579.00	179.14	0.0055822	1008.9	1332.1	4.4332	2.4632	3.3678	813.94	-0.0058209	2.6470e-05	0.099589	supercritical
499.69	579.00	178.79	0.0055930	1011.7	1335.5	4.4399	2.4666	3.3698	813.92	-0.0058498	2.6462e-05	0.099692	supercritical
500.69	579.00	178.45	0.0056038	1014.4	1338.9	4.4467	2.4700	3.3719	813.90	-0.0058791	2.6455e-05	0.099795	supercritical
501.69	579.00	178.11	0.0056146	1017.2	1342.2	4.4534	2.4735	3.3739	813.88	-0.0059087	2.6447e-05	0.099899	supercritical
502.69	579.00	177.76	0.0056254	1019.9	1345.6	4.4601	2.4769	3.3760	813.87	-0.0059387	2.6440e-05	0.10000	supercritical
503.69	579.00	177.42	0.0056362	1022.7	1349.0	4.4668	2.4803	3.3780	813.86	-0.0059690	2.6433e-05	0.10011	supercritical
504.69	579.00	177.09	0.0056470	1025.4	1352.4	4.4735	2.4838	3.3801	813.85	-0.0059996	2.6427e-05	0.10022	supercritical
505.69	579.00	176.75	0.0056578	1028.2	1355.7	4.4802	2.4872	3.3822	813.84	-0.0060306	2.6420e-05	0.10032	supercritical
506.69	579.00	176.41	0.0056686	1030.9	1359.1	4.4869	2.4906	3.3843	813.84	-0.0060619	2.6414e-05	0.10043	supercritical
507.69	579.00	176.08	0.0056793	1033.7	1362.5	4.4936	2.4941	3.3863	813.84	-0.0060935	2.6407e-05	0.10054	supercritical
508.69	579.00	175.74	0.0056901	1036.4	1365.9	4.5003	2.4975	3.3884	813.85	-0.0061253	2.6401e-05	0.10065	supercritical
509.69	579.00	175.41	0.0057009	1039.2	1369.3	4.5069	2.5009	3.3906	813.85	-0.0061575	2.6396e-05	0.10076	supercritical
510.69	579.00	175.08	0.0057117	1042.0	1372.7	4.5136	2.5044	3.3927	813.86	-0.0061900	2.6390e-05	0.10087	supercritical
511.69	579.00	174.75	0.0057225	1044.8	1376.1	4.5202	2.5078	3.3948	813.88	-0.0062227	2.6385e-05	0.10098	supercritical
512.69	579.00	174.42	0.0057332	1047.5	1379.5	4.5268	2.5112	3.3969	813.89	-0.0062558	2.6379e-05	0.10109	supercritical
513.69	579.00	174.10	0.0057440	1050.3	1382.9	4.5335	2.5147	3.3991	813.91	-0.0062891	2.6374e-05	0.10120	supercritical
514.69	579.00	173.77	0.0057548	1053.1	1386.3	4.5401	2.5181	3.4012	813.93	-0.0063227	2.6369e-05	0.10131	supercritical
515.69	579.00	173.45	0.0057655	1055.9	1389.7	4.5467	2.5216	3.4034	813.96	-0.0063565	2.6364e-05	0.10143	supercritical
516.69	579.00	173.12	0.0057763	1058.6	1393.1	4.5533	2.5250	3.4055	813.98	-0.0063906	2.6360e-05	0.10154	supercritical
517.69	579.00	172.80	0.0057870	1061.4	1396.5	4.5599	2.5285	3.4077	814.01	-0.0064250	2.6355e-05	0.10166	supercritical
518.69	579.00	172.48	0.0057978	1064.2	1399.9	4.5664	2.5319	3.4099	814.04	-0.0064595	2.6351e-05	0.10177	supercritical
519.69	579.00	172.16	0.0058085	1067.0	1403.3	4.5730	2.5354	3.4120	814.08	-0.0064944	2.6347e-05	0.10189	supercritical
520.69	579.00	171.84	0.0058193	1069.8	1406.7	4.5796	2.5388	3.4142	814.11	-0.0065294	2.6343e-05	0.10201	supercritical
521.69	579.00	171.53	0.0058300	1072.6	1410.1	4.5861	2.5423	3.4164	814.15	-0.0065647	2.6339e-05	0.10212	supercritical
522.69	579.00	171.21	0.0058408	1075.4	1413.6	4.5927	2.5457	3.4186	814.20	-0.0066003	2.6336e-05	0.10224	supercritical
523.69	579.00	170.90	0.0058515	1078.2	1417.0	4.5992	2.5492	3.4208	814.24	-0.0066360	2.6332e-05	0.10236	supercritical
524.69	579.00	170.58	0.0058623	1081.0	1420.4	4.6057	2.5527	3.4230	814.29	-0.0066720	2.6329e-05	0.10248	supercritical
525.69	579.00	170.27	0.0058730	1083.8	1423.8	4.6122	2.5561	3.4253	814.34	-0.0067081	2.6326e-05	0.10260	supercritical
526.69	579.00	169.96	0.0058837	1086.6	1427.2	4.6188	2.5596	3.4275	814.39	-0.0067445	2.6323e-05	0.10272	supercritical
527.69	579.00	169.65	0.0058945	1089.4	1430.7	4.6253	2.5630	3.4297	814.44	-0.0067811	2.6320e-05	0.10284	supercritical
528.69	579.00	169.34	0.0059052	1092.2	1434.1	4.6318	2.5665	3.4320	814.50	-0.0068178	2.6317e-05	0.10296	supercritical
529.69	579.00	169.04	0.0059159	1095.0	1437.5	4.6382	2.5699	3.4342	814.56	-0.0068548	2.6315e-05	0.10308	supercritical
530.69	579.00	168.73	0.0059266	1097.8	1441.0	4.6447	2.5734	3.4365	814.62	-0.0068919	2.6312e-05	0.10321	supercritical
531.69	579.00	168.43	0.0059374	1100.6	1444.4	4.6512	2.5769	3.4387	814.68	-0.0069292	2.6310e-05	0.10333	supercritical
532.69	579.00	168.12	0.0059481	1103.5	1447.9	4.6577	2.5803	3.4410	814.75	-0.0069667	2.6308e-05	0.10345	supercritical
533.69	579.00	167.82	0.0059588	1106.3	1451.3	4.6641	2.5838	3.4433	814.82	-0.0070044	2.6306e-05	0.10358	supercritical
534.69	579.00	167.52	0.0059695	1109.1	1454.7	4.6706	2.5873	3.4455	814.89	-0.0070422	2.6304e-05	0.10370	supercritical
535.69	579.00	167.22	0.0059802	1111.9	1458.2	4.6770	2.5907	3.4478	814.96	-0.0070802	2.6302e-05	0.10383	supercritical
536.69	579.00	166.92	0.0059909	1114.8	1461.6	4.6834	2.5942	3.4501	815.03	-0.0071184	2.6301e-05	0.10395	supercritical
537.69	579.00	166.62	0.0060016	1117.6	1465.1	4.6899	2.5977	3.4524	815.11	-0.0071567	2.6299e-05	0.10408	supercritical
538.69	579.00	166.33	0.0060123	1120.4	1468.5	4.6963	2.6011	3.4547	815.19	-0.0071951	2.6298e-05	0.10421	supercritical
539.69	579.00	166.03	0.0060230	1123.3	1472.0	4.7027	2.6046	3.4570	815.27	-0.0072337	2.6297e-05	0.10433	supercritical
540.69	579.00	165.74	0.0060337	1126.1	1475.5	4.7091	2.6081	3.4593	815.35	-0.0072725	2.6296e-05	0.10446	supercritical
541.69	579.00	165.44	0.0060444	1128.9	1478.9	4.7155	2.6115	3.4617	815.44	-0.0073114	2.6295e-05	0.10459	supercritical
542.69	579.00	165.15	0.0060551	1131.8	1482.4	4.7219	2.6150	3.4640	815.53	-0.0073504	2.6294e-05	0.10472	supercritical
543.69	579.00	164.86	0.0060658	1134.6	1485.8	4.7283	2.6185	3.4663	815.62	-0.0073895	2.6294e-05	0.10485	supercritical
544.69	579.00	164.57	0.0060765	1137.5	1489.3	4.7346	2.6219	3.4686	815.71	-0.0074288	2.6293e-05	0.10498	supercritical
545.69	579.00	164.28	0.0060871	1140.3	1492.8	4.7410	2.6254	3.4710	815.80	-0.0074682	2.6293e-05	0.10511	supercritical
546.69	579.00	163.99	0.0060978	1143.2	1496.2	4.7473	2.6289	3.4733	815.90	-0.0075077	2.6293e-05	0.10524	supercritical
547.69	579.00	163.71	0.0061085	1146.0	1499.7	4.7537	2.6323	3.4757	815.99	-0.0075473	2.6293e-05	0.10538	supercritical
548.69	579.00	163.42	0.0061192	1148.9	1503.2	4.7600	2.6358	3.4780	816.09	-0.0075871	2.6293e-05	0.10551	supercritical
549.69	579.00	163.14	0.0061298	1151.8	1506.7	4.7664	2.6393	3.4804	816.19	-0.0076269	2.6293e-05	0.10564	supercritical
550.69	579.00	162.85	0.0061405	1154.6	1510.2	4.7727	2.6427	3.4828	816.30	-0.0076669	2.6293e-05	0.10578	supercritical
551.69	579.00	162.57	0.0061512	1157.5	1513.6	4.7790	2.6462	3.4852	816.40	-0.0077069	2.6294e-05	0.10591	supercritical
552.69	579.00	162.29	0.0061618	1160.4	1517.1	4.7853	2.6497	3.4875	816.51	-0.0077471	2.6294e-05	0.10604	supercritical
553.69	579.00	162.01	0.0061725	1163.2	1520.6	4.7916	2.6532	3.4899	816.62	-0.0077873	2.6295e-05	0.10618	supercritical
554.69	579.00	161.73	0.0061831	1166.1	1524.1	4.7979	2.6566	3.4923	816.73	-0.0078277	2.6296e-05	0.10631	supercritical
555.69	579.00	161.45	0.0061938	1169.0	1527.6	4.8042	2.6601	3.4947	816.84	-0.0078681	2.6297e-05	0.10645	supercritical
556.69	579.00	161.17	0.0062044	1171.9	1531.1	4.8105	2.6636	3.4971	816.96	-0.0079086	2.6298e-05	0.10659	supercritical
557.69	579.00	160.90	0.0062151	1174.7	1534.6	4.8168	2.6670	3.4995	817.07	-0.0079492	2.6299e-05	0.10672	supercritical
558.69	579.00	160.62	0.0062257	1177.6	1538.1	4.8231	2.6705	3.5019	817.19	-0.0079898	2.6300e-05	0.10686	supercritical
559.69	579.00	160.35	0.0062364	1180.5	1541.6	4.8293	2.6740	3.5043	817.31	-0.0080306	2.6301e-05	0.10700	supercritical
560.69	579.00	160.08	0.0062470	1183.4	1545.1	4.8356	2.6774	3.5068	817.43	-0.0080714	2.6303e-05	0.10714	supercritical
561.69	579.00	159.80	0.0062577	1186.3	1548.6	4.8418	2.6809	3.5092	817.55	-0.0081123	2.6305e-05	0.10728	supercritical
562.69	579.00	159.53	0.0062683	1189.2	1552.1	4.8481	2.6844	3.5116	817.68	-0.0081532	2.6306e-05	0.10742	supercritical
563.69	579.00	159.26	0.0062789	1192.1	1555.6	4.8543	2.6879	3.5140	817.80	-0.0081942	2.6308e-05	0.10756	supercritical
564.69	579.00	158.99	0.0062895	1195.0	1559.2	4.8606	2.6913	3.5165	817.93	-0.0082353	2.6310e-05	0.10770	supercritical
565.69	579.00	158.73	0.0063002	1197.9	1562.7	4.8668	2.6948	3.5189	818.06	-0.0082764	2.6312e-05	0.10784	supercritical
566.69	579.00	158.46	0.0063108	1200.8	1566.2	4.8730	2.6983	3.5214	818.19	-0.0083176	2.6314e-05	0.10798	supercritical
567.69	579.00	158.19	0.0063214	1203.7	1569.7	4.8792	2.7017	3.5238	818.32	-0.0083588	2.6316e-05	0.10812	supercritical
568.69	579.00	157.93	0.0063320	1206.6	1573.2	4.8854	2.7052	3.5263	818.46	-0.0084001	2.6319e-05	0.10826	supercritical
569.69	579.00	157.66	0.0063426	1209.5	1576.8	4.8916	2.7087	3.5287	818.60	-0.0084414	2.6321e-05	0.10841	supercritical
570.69	579.00	157.40	0.0063532	1212.4	1580.3	4.8978	2.7121	3.5312	818.73	-0.0084828	2.6324e-05	0.10855	supercritical
571.69	579.00	157.14	0.0063638	1215.4	1583.8	4.9040	2.7156	3.5337	818.87	-0.0085242	2.6326e-05	0.10869	supercritical
572.69	579.00	156.88	0.0063745	1218.3	1587.4	4.9102	2.7191	3.5361	819.01	-0.0085656	2.6329e-05	0.10884	supercritical
573.69	579.00	156.62	0.0063851	1221.2	1590.9	4.9163	2.7225	3.5386	819.15	-0.0086071	2.6332e-05	0.10898	supercritical
574.69	579.00	156.36	0.0063956	1224.1	1594.4	4.9225	2.7260	3.5411	819.30	-0.0086486	2.6335e-05	0.10913	supercritical
575.69	579.00	156.10	0.0064062	1227.1	1598.0	4.9287	2.7295	3.5436	819.44	-0.0086902	2.6338e-05	0.10927	supercritical
576.69	579.00	155.84	0.0064168	1230.0	1601.5	4.9348	2.7329	3.5461	819.59	-0.0087318	2.6341e-05	0.10942	supercritical
577.69	579.00	155.58	0.0064274	1232.9	1605.1	4.9410	2.7364	3.5486	819.74	-0.0087734	2.6345e-05	0.10957	supercritical
578.69	579.00	155.33	0.0064380	1235.9	1608.6	4.9471	2.7399	3.5511	819.89	-0.0088150	2.6348e-05	0.10971	supercritical
579.69	579.00	155.07	0.0064486	1238.8	1612.2	4.9532	2.7433	3.5536	820.04	-0.0088566	2.6351e-05	0.10986	supercritical
580.69	579.00	154.82	0.0064592	1241.7	1615.7	4.9594	2.7468	3.5561	820.19	-0.0088983	2.6355e-05	0.11001	supercritical
581.69	579.00	154.57	0.0064697	1244.7	1619.3	4.9655	2.7503	3.5586	820.34	-0.0089400	2.6359e-05	0.11015	supercritical
582.69	579.00	154.31	0.0064803	1247.6	1622.9	4.9716	2.7537	3.5611	820.50	-0.0089817	2.6362e-05	0.11030	supercritical
583.69	579.00	154.06	0.0064909	1250.6	1626.4	4.9777	2.7572	3.5636	820.66	-0.0090234	2.6366e-05	0.11045	supercritical
584.69	579.00	153.81	0.0065015	1253.5	1630.0	4.9838	2.7606	3.5661	820.81	-0.0090651	2.6370e-05	0.11060	supercritical
585.69	579.00	153.56	0.0065120	1256.5	1633.5	4.9899	2.7641	3.5687	820.97	-0.0091069	2.6374e-05	0.11075	supercritical
586.69	579.00	153.31	0.0065226	1259.5	1637.1	4.9960	2.7676	3.5712	821.13	-0.0091486	2.6378e-05	0.11090	supercritical
587.69	579.00	153.07	0.0065331	1262.4	1640.7	5.0021	2.7710	3.5737	821.29	-0.0091903	2.6382e-05	0.11105	supercritical
588.69	579.00	152.82	0.0065437	1265.4	1644.3	5.0081	2.7745	3.5763	821.46	-0.0092321	2.6387e-05	0.11120	supercritical
589.69	579.00	152.57	0.0065543	1268.3	1647.8	5.0142	2.7779	3.5788	821.62	-0.0092738	2.6391e-05	0.11135	supercritical
590.69	579.00	152.33	0.0065648	1271.3	1651.4	5.0203	2.7814	3.5814	821.79	-0.0093156	2.6395e-05	0.11151	supercritical
591.69	579.00	152.08	0.0065754	1274.3	1655.0	5.0263	2.7849	3.5839	821.95	-0.0093573	2.6400e-05	0.11166	supercritical
592.69	579.00	151.84	0.0065859	1277.3	1658.6	5.0324	2.7883	3.5865	822.12	-0.0093991	2.6405e-05	0.11181	supercritical
593.69	579.00	151.60	0.0065964	1280.2	1662.2	5.0384	2.7918	3.5890	822.29	-0.0094408	2.6409e-05	0.11196	supercritical
594.69	579.00	151.36	0.0066070	1283.2	1665.8	5.0445	2.7952	3.5916	822.46	-0.0094825	2.6414e-05	0.11212	supercritical
595.69	579.00	151.11	0.0066175	1286.2	1669.4	5.0505	2.7987	3.5941	822.63	-0.0095242	2.6419e-05	0.11227	supercritical
596.69	579.00	150.87	0.0066280	1289.2	1673.0	5.0566	2.8021	3.5967	822.81	-0.0095659	2.6424e-05	0.11243	supercritical
597.69	579.00	150.63	0.0066386	1292.2	1676.6	5.0626	2.8056	3.5993	822.98	-0.0096076	2.6429e-05	0.11258	supercritical
598.69	579.00	150.40	0.0066491	1295.2	1680.2	5.0686	2.8090	3.6018	823.16	-0.0096493	2.6434e-05	0.11273	supercritical
599.69	579.00	150.16	0.0066596	1298.2	1683.8	5.0746	2.8125	3.6044	823.33	-0.0096909	2.6439e-05	0.11289	supercritical
600.69	579.00	149.92	0.0066701	1301.2	1687.4	5.0806	2.8159	3.6070	823.51	-0.0097326	2.6445e-05	0.11305	supercritical
601.69	579.00	149.69	0.0066807	1304.2	1691.0	5.0866	2.8194	3.6096	823.69	-0.0097742	2.6450e-05	0.11320	supercritical
602.69	579.00	149.45	0.0066912	1307.2	1694.6	5.0926	2.8228	3.6121	823.87	-0.0098158	2.6455e-05	0.11336	supercritical
603.69	579.00	149.22	0.0067017	1310.2	1698.2	5.0986	2.8263	3.6147	824.05	-0.0098573	2.6461e-05	0.11352	supercritical
604.69	579.00	148.98	0.0067122	1313.2	1701.8	5.1046	2.8297	3.6173	824.24	-0.0098989	2.6467e-05	0.11367	supercritical
605.69	579.00	148.75	0.0067227	1316.2	1705.4	5.1106	2.8332	3.6199	824.42	-0.0099404	2.6472e-05	0.11383	supercritical
606.69	579.00	148.52	0.0067332	1319.2	1709.1	5.1165	2.8366	3.6225	824.60	-0.0099819	2.6478e-05	0.11399	supercritical
607.69	579.00	148.29	0.0067437	1322.2	1712.7	5.1225	2.8400	3.6251	824.79	-0.010023	2.6484e-05	0.11415	supercritical
608.69	579.00	148.06	0.0067542	1325.2	1716.3	5.1285	2.8435	3.6277	824.98	-0.010065	2.6490e-05	0.11430	supercritical
609.69	579.00	147.83	0.0067647	1328.3	1719.9	5.1344	2.8469	3.6303	825.16	-0.010106	2.6496e-05	0.11446	supercritical
610.69	579.00	147.60	0.0067752	1331.3	1723.6	5.1404	2.8504	3.6329	825.35	-0.010148	2.6502e-05	0.11462	supercritical
611.69	579.00	147.37	0.0067857	1334.3	1727.2	5.1463	2.8538	3.6355	825.54	-0.010189	2.6508e-05	0.11478	supercritical
612.69	579.00	147.14	0.0067962	1337.3	1730.8	5.1523	2.8572	3.6381	825.73	-0.010230	2.6514e-05	0.11494	supercritical
613.69	579.00	146.91	0.0068067	1340.4	1734.5	5.1582	2.8607	3.6407	825.93	-0.010271	2.6520e-05	0.11510	supercritical
614.69	579.00	146.69	0.0068171	1343.4	1738.1	5.1641	2.8641	3.6433	826.12	-0.010313	2.6527e-05	0.11526	supercritical
615.69	579.00	146.46	0.0068276	1346.4	1741.8	5.1701	2.8675	3.6460	826.31	-0.010354	2.6533e-05	0.11543	supercritical
616.69	579.00	146.24	0.0068381	1349.5	1745.4	5.1760	2.8710	3.6486	826.51	-0.010395	2.6540e-05	0.11559	supercritical
617.69	579.00	146.02	0.0068486	1352.5	1749.1	5.1819	2.8744	3.6512	826.70	-0.010436	2.6546e-05	0.11575	supercritical
618.69	579.00	145.79	0.0068590	1355.6	1752.7	5.1878	2.8778	3.6538	826.90	-0.010477	2.6553e-05	0.11591	supercritical
619.69	579.00	145.57	0.0068695	1358.6	1756.4	5.1937	2.8813	3.6565	827.10	-0.010518	2.6559e-05	0.11607	supercritical
620.69	579.00	145.35	0.0068800	1361.7	1760.0	5.1996	2.8847	3.6591	827.30	-0.010559	2.6566e-05	0.11624	supercritical
621.69	579.00	145.13	0.0068904	1364.7	1763.7	5.2055	2.8881	3.6617	827.50	-0.010600	2.6573e-05	0.11640	supercritical
622.69	579.00	144.91	0.0069009	1367.8	1767.3	5.2114	2.8915	3.6644	827.70	-0.010641	2.6580e-05	0.11656	supercritical
623.69	579.00	144.69	0.0069113	1370.8	1771.0	5.2173	2.8950	3.6670	827.90	-0.010682	2.6587e-05	0.11673	supercritical
624.69	579.00	144.47	0.0069218	1373.9	1774.7	5.2231	2.8984	3.6696	828.10	-0.010723	2.6594e-05	0.11689	supercritical