Temperature (K)	Pressure (bar)	Density (kg/m3)	Volume (m3/kg)	Internal Energy (kJ/kg)	Enthalpy (kJ/kg)	Entropy (J/g*K)	Cv (J/g*K)	Cp (J/g*K)	Sound Spd. (m/s)	Joule-Thomson (K/bar)	Viscosity (Pa*s)	Therm. Cond. (W/m*K)	Phase
90.694	741.00	487.51	0.0020512	-99.829	52.167	-1.0777	2.3024	3.1995	1911.9	-0.052835	0.00047234	0.26638	liquid
108.69	741.00	470.76	0.0021242	-47.900	109.51	-0.50089	2.2202	3.1758	1816.8	-0.052696	0.00023811	0.25084	liquid
109.69	741.00	469.84	0.0021284	-45.032	112.68	-0.47181	2.2162	3.1750	1811.4	-0.052672	0.00023146	0.24987	liquid
110.69	741.00	468.92	0.0021326	-42.166	115.86	-0.44300	2.2123	3.1741	1806.1	-0.052647	0.00022518	0.24890	liquid
111.69	741.00	468.00	0.0021367	-39.302	119.03	-0.41446	2.2084	3.1732	1800.7	-0.052621	0.00021923	0.24792	liquid
112.69	741.00	467.09	0.0021409	-36.440	122.20	-0.38618	2.2045	3.1723	1795.4	-0.052594	0.00021359	0.24694	liquid
113.69	741.00	466.18	0.0021451	-33.579	125.37	-0.35816	2.2006	3.1715	1790.0	-0.052567	0.00020825	0.24595	liquid
114.69	741.00	465.26	0.0021493	-30.720	128.55	-0.33039	2.1968	3.1706	1784.7	-0.052539	0.00020317	0.24495	liquid
115.69	741.00	464.35	0.0021535	-27.862	131.72	-0.30287	2.1929	3.1697	1779.3	-0.052510	0.00019835	0.24395	liquid
116.69	741.00	463.44	0.0021578	-25.007	134.88	-0.27560	2.1891	3.1688	1774.0	-0.052480	0.00019377	0.24295	liquid
117.69	741.00	462.53	0.0021620	-22.153	138.05	-0.24856	2.1854	3.1679	1768.7	-0.052450	0.00018940	0.24194	liquid
118.69	741.00	461.62	0.0021663	-19.301	141.22	-0.22176	2.1816	3.1670	1763.4	-0.052419	0.00018524	0.24093	liquid
119.69	741.00	460.71	0.0021706	-16.451	144.39	-0.19520	2.1779	3.1661	1758.1	-0.052387	0.00018127	0.23992	liquid
120.69	741.00	459.80	0.0021748	-13.603	147.55	-0.16886	2.1741	3.1651	1752.8	-0.052355	0.00017748	0.23891	liquid
121.69	741.00	458.90	0.0021791	-10.757	150.72	-0.14275	2.1704	3.1642	1747.5	-0.052322	0.00017386	0.23789	liquid
122.69	741.00	457.99	0.0021834	-7.9123	153.88	-0.11686	2.1668	3.1632	1742.3	-0.052288	0.00017040	0.23688	liquid
123.69	741.00	457.09	0.0021878	-5.0698	157.04	-0.091182	2.1631	3.1623	1737.0	-0.052253	0.00016708	0.23586	liquid
124.69	741.00	456.18	0.0021921	-2.2292	160.21	-0.065723	2.1594	3.1613	1731.8	-0.052218	0.00016391	0.23484	liquid
125.69	741.00	455.28	0.0021965	0.60946	163.37	-0.040476	2.1558	3.1603	1726.6	-0.052182	0.00016086	0.23382	liquid
126.69	741.00	454.38	0.0022008	3.4461	166.53	-0.015436	2.1522	3.1593	1721.3	-0.052146	0.00015794	0.23280	liquid
127.69	741.00	453.48	0.0022052	6.2809	169.69	0.0093985	2.1486	3.1583	1716.1	-0.052109	0.00015513	0.23178	liquid
128.69	741.00	452.58	0.0022096	9.1136	172.84	0.034032	2.1450	3.1573	1710.9	-0.052071	0.00015243	0.23076	liquid
129.69	741.00	451.68	0.0022140	11.944	176.00	0.058467	2.1415	3.1563	1705.8	-0.052032	0.00014984	0.22974	liquid
130.69	741.00	450.78	0.0022184	14.773	179.16	0.082706	2.1379	3.1553	1700.6	-0.051993	0.00014734	0.22872	liquid
131.69	741.00	449.88	0.0022228	17.600	182.31	0.10675	2.1344	3.1543	1695.5	-0.051953	0.00014493	0.22770	liquid
132.69	741.00	448.98	0.0022273	20.424	185.46	0.13061	2.1309	3.1533	1690.3	-0.051912	0.00014261	0.22668	liquid
133.69	741.00	448.09	0.0022317	23.247	188.62	0.15428	2.1275	3.1522	1685.2	-0.051870	0.00014038	0.22567	liquid
134.69	741.00	447.19	0.0022362	26.067	191.77	0.17777	2.1240	3.1512	1680.1	-0.051828	0.00013821	0.22465	liquid
135.69	741.00	446.30	0.0022407	28.886	194.92	0.20107	2.1206	3.1501	1675.0	-0.051785	0.00013613	0.22364	liquid
136.69	741.00	445.40	0.0022452	31.702	198.07	0.22420	2.1172	3.1491	1670.0	-0.051741	0.00013411	0.22263	liquid
137.69	741.00	444.51	0.0022497	34.516	201.22	0.24715	2.1138	3.1480	1664.9	-0.051696	0.00013216	0.22162	liquid
138.69	741.00	443.62	0.0022542	37.328	204.36	0.26992	2.1105	3.1470	1659.9	-0.051651	0.00013027	0.22061	liquid
139.69	741.00	442.72	0.0022587	40.138	207.51	0.29253	2.1071	3.1459	1654.8	-0.051604	0.00012844	0.21961	liquid
140.69	741.00	441.83	0.0022633	42.946	210.66	0.31496	2.1038	3.1449	1649.8	-0.051557	0.00012667	0.21861	liquid
141.69	741.00	440.94	0.0022679	45.752	213.80	0.33723	2.1005	3.1438	1644.9	-0.051509	0.00012495	0.21761	liquid
142.69	741.00	440.05	0.0022725	48.555	216.94	0.35934	2.0972	3.1427	1639.9	-0.051460	0.00012328	0.21661	liquid
143.69	741.00	439.16	0.0022771	51.357	220.09	0.38128	2.0940	3.1417	1634.9	-0.051411	0.00012166	0.21561	liquid
144.69	741.00	438.28	0.0022817	54.156	223.23	0.40307	2.0908	3.1406	1630.0	-0.051360	0.00012009	0.21462	liquid
145.69	741.00	437.39	0.0022863	56.953	226.37	0.42469	2.0876	3.1395	1625.1	-0.051309	0.00011857	0.21363	liquid
146.69	741.00	436.50	0.0022909	59.748	229.51	0.44617	2.0844	3.1385	1620.2	-0.051256	0.00011708	0.21265	liquid
147.69	741.00	435.62	0.0022956	62.541	232.64	0.46748	2.0813	3.1374	1615.3	-0.051203	0.00011564	0.21167	liquid
148.69	741.00	434.73	0.0023003	65.331	235.78	0.48865	2.0782	3.1364	1610.4	-0.051149	0.00011423	0.21069	liquid
149.69	741.00	433.85	0.0023050	68.120	238.92	0.50967	2.0751	3.1353	1605.6	-0.051094	0.00011287	0.20972	liquid
150.69	741.00	432.96	0.0023097	70.906	242.05	0.53054	2.0720	3.1342	1600.7	-0.051038	0.00011153	0.20875	liquid
151.69	741.00	432.08	0.0023144	73.690	245.19	0.55127	2.0690	3.1332	1595.9	-0.050981	0.00011024	0.20778	liquid
152.69	741.00	431.20	0.0023191	76.472	248.32	0.57185	2.0659	3.1321	1591.1	-0.050923	0.00010897	0.20682	liquid
153.69	741.00	430.32	0.0023239	79.252	251.45	0.59229	2.0630	3.1311	1586.3	-0.050865	0.00010774	0.20586	liquid
154.69	741.00	429.44	0.0023286	82.029	254.58	0.61260	2.0600	3.1301	1581.6	-0.050805	0.00010653	0.20490	liquid
155.69	741.00	428.56	0.0023334	84.804	257.71	0.63276	2.0571	3.1290	1576.8	-0.050744	0.00010536	0.20395	liquid
156.69	741.00	427.68	0.0023382	87.577	260.84	0.65279	2.0542	3.1280	1572.1	-0.050683	0.00010421	0.20300	liquid
157.69	741.00	426.80	0.0023430	90.348	263.97	0.67269	2.0513	3.1270	1567.4	-0.050620	0.00010309	0.20206	liquid
158.69	741.00	425.92	0.0023479	93.117	267.09	0.69245	2.0484	3.1259	1562.7	-0.050557	0.00010200	0.20112	liquid
159.69	741.00	425.04	0.0023527	95.883	270.22	0.71208	2.0456	3.1249	1558.0	-0.050493	0.00010093	0.20019	liquid
160.69	741.00	424.17	0.0023576	98.648	273.34	0.73159	2.0428	3.1239	1553.4	-0.050427	9.9880e-05	0.19926	liquid
161.69	741.00	423.29	0.0023624	101.41	276.47	0.75096	2.0400	3.1229	1548.8	-0.050361	9.8857e-05	0.19833	liquid
162.69	741.00	422.42	0.0023673	104.17	279.59	0.77022	2.0373	3.1219	1544.2	-0.050293	9.7857e-05	0.19741	liquid
163.69	741.00	421.54	0.0023722	106.93	282.71	0.78934	2.0346	3.1209	1539.6	-0.050225	9.6877e-05	0.19650	liquid
164.69	741.00	420.67	0.0023772	109.68	285.83	0.80835	2.0319	3.1199	1535.0	-0.050156	9.5918e-05	0.19558	liquid
165.69	741.00	419.80	0.0023821	112.44	288.95	0.82723	2.0292	3.1189	1530.4	-0.050085	9.4979e-05	0.19468	liquid
166.69	741.00	418.93	0.0023871	115.19	292.07	0.84599	2.0266	3.1180	1525.9	-0.050014	9.4060e-05	0.19378	liquid
167.69	741.00	418.06	0.0023920	117.94	295.19	0.86464	2.0240	3.1170	1521.4	-0.049942	9.3159e-05	0.19288	liquid
168.69	741.00	417.19	0.0023970	120.68	298.30	0.88317	2.0214	3.1160	1516.9	-0.049869	9.2276e-05	0.19199	liquid
169.69	741.00	416.32	0.0024020	123.43	301.42	0.90158	2.0189	3.1151	1512.4	-0.049794	9.1410e-05	0.19110	liquid
170.69	741.00	415.45	0.0024070	126.17	304.53	0.91988	2.0164	3.1141	1507.9	-0.049719	9.0562e-05	0.19022	liquid
171.69	741.00	414.58	0.0024121	128.91	307.65	0.93807	2.0139	3.1132	1503.5	-0.049643	8.9729e-05	0.18934	liquid
172.69	741.00	413.71	0.0024171	131.65	310.76	0.95615	2.0114	3.1123	1499.1	-0.049565	8.8913e-05	0.18847	liquid
173.69	741.00	412.85	0.0024222	134.38	313.87	0.97412	2.0090	3.1114	1494.7	-0.049487	8.8112e-05	0.18760	liquid
174.69	741.00	411.98	0.0024273	137.12	316.98	0.99198	2.0066	3.1105	1490.3	-0.049407	8.7325e-05	0.18674	liquid
175.69	741.00	411.12	0.0024324	139.85	320.09	1.0097	2.0042	3.1096	1485.9	-0.049327	8.6554e-05	0.18588	liquid
176.69	741.00	410.25	0.0024375	142.58	323.20	1.0274	2.0019	3.1087	1481.6	-0.049246	8.5796e-05	0.18503	liquid
177.69	741.00	409.39	0.0024427	145.31	326.31	1.0449	1.9996	3.1078	1477.2	-0.049163	8.5052e-05	0.18418	liquid
178.69	741.00	408.53	0.0024478	148.03	329.42	1.0624	1.9973	3.1069	1472.9	-0.049080	8.4321e-05	0.18334	liquid
179.69	741.00	407.66	0.0024530	150.76	332.52	1.0797	1.9951	3.1061	1468.6	-0.048995	8.3603e-05	0.18250	liquid
180.69	741.00	406.80	0.0024582	153.48	335.63	1.0969	1.9928	3.1052	1464.4	-0.048910	8.2897e-05	0.18167	liquid
181.69	741.00	405.94	0.0024634	156.20	338.73	1.1141	1.9906	3.1044	1460.1	-0.048824	8.2204e-05	0.18084	liquid
182.69	741.00	405.08	0.0024686	158.91	341.84	1.1311	1.9885	3.1035	1455.9	-0.048736	8.1523e-05	0.18002	liquid
183.69	741.00	404.23	0.0024739	161.63	344.94	1.1480	1.9864	3.1027	1451.7	-0.048648	8.0853e-05	0.17920	liquid
184.69	741.00	403.37	0.0024791	164.34	348.04	1.1649	1.9843	3.1019	1447.5	-0.048558	8.0194e-05	0.17839	liquid
185.69	741.00	402.51	0.0024844	167.05	351.14	1.1816	1.9822	3.1011	1443.3	-0.048468	7.9546e-05	0.17759	liquid
186.69	741.00	401.66	0.0024897	169.76	354.24	1.1983	1.9802	3.1003	1439.2	-0.048376	7.8909e-05	0.17679	liquid
187.69	741.00	400.80	0.0024950	172.46	357.34	1.2148	1.9781	3.0995	1435.0	-0.048284	7.8282e-05	0.17599	liquid
188.69	741.00	399.95	0.0025003	175.17	360.44	1.2313	1.9762	3.0987	1430.9	-0.048190	7.7665e-05	0.17520	liquid
189.69	741.00	399.09	0.0025057	177.87	363.54	1.2477	1.9742	3.0980	1426.8	-0.048096	7.7058e-05	0.17442	liquid
190.69	741.00	398.24	0.0025110	180.57	366.64	1.2640	1.9723	3.0972	1422.7	-0.048000	7.6461e-05	0.17364	supercritical
191.69	741.00	397.39	0.0025164	183.27	369.74	1.2802	1.9704	3.0965	1418.7	-0.047904	7.5873e-05	0.17287	supercritical
192.69	741.00	396.54	0.0025218	185.97	372.83	1.2963	1.9686	3.0957	1414.7	-0.047807	7.5295e-05	0.17210	supercritical
193.69	741.00	395.69	0.0025272	188.66	375.93	1.3123	1.9667	3.0950	1410.6	-0.047708	7.4725e-05	0.17133	supercritical
194.69	741.00	394.84	0.0025327	191.35	379.02	1.3282	1.9649	3.0943	1406.6	-0.047609	7.4164e-05	0.17058	supercritical
195.69	741.00	393.99	0.0025381	194.04	382.12	1.3441	1.9632	3.0936	1402.7	-0.047509	7.3612e-05	0.16982	supercritical
196.69	741.00	393.15	0.0025436	196.73	385.21	1.3599	1.9614	3.0929	1398.7	-0.047407	7.3067e-05	0.16908	supercritical
197.69	741.00	392.30	0.0025491	199.42	388.30	1.3755	1.9597	3.0923	1394.8	-0.047305	7.2532e-05	0.16833	supercritical
198.69	741.00	391.45	0.0025546	202.10	391.39	1.3911	1.9581	3.0916	1390.8	-0.047202	7.2004e-05	0.16760	supercritical
199.69	741.00	390.61	0.0025601	204.78	394.49	1.4067	1.9564	3.0909	1386.9	-0.047098	7.1483e-05	0.16686	supercritical
200.69	741.00	389.77	0.0025656	207.46	397.58	1.4221	1.9548	3.0903	1383.1	-0.046993	7.0971e-05	0.16614	supercritical
201.69	741.00	388.92	0.0025712	210.14	400.67	1.4374	1.9532	3.0897	1379.2	-0.046887	7.0466e-05	0.16542	supercritical
202.69	741.00	388.08	0.0025768	212.82	403.76	1.4527	1.9517	3.0891	1375.4	-0.046780	6.9968e-05	0.16470	supercritical
203.69	741.00	387.24	0.0025824	215.49	406.84	1.4679	1.9502	3.0885	1371.5	-0.046672	6.9478e-05	0.16399	supercritical
204.69	741.00	386.40	0.0025880	218.16	409.93	1.4831	1.9487	3.0879	1367.7	-0.046563	6.8994e-05	0.16329	supercritical
205.69	741.00	385.56	0.0025936	220.83	413.02	1.4981	1.9472	3.0873	1364.0	-0.046454	6.8517e-05	0.16259	supercritical
206.69	741.00	384.73	0.0025992	223.50	416.11	1.5131	1.9458	3.0867	1360.2	-0.046343	6.8047e-05	0.16189	supercritical
207.69	741.00	383.89	0.0026049	226.17	419.19	1.5280	1.9444	3.0862	1356.5	-0.046232	6.7584e-05	0.16120	supercritical
208.69	741.00	383.06	0.0026106	228.83	422.28	1.5428	1.9431	3.0856	1352.7	-0.046119	6.7127e-05	0.16052	supercritical
209.69	741.00	382.22	0.0026163	231.50	425.36	1.5575	1.9418	3.0851	1349.0	-0.046006	6.6676e-05	0.15984	supercritical
210.69	741.00	381.39	0.0026220	234.16	428.45	1.5722	1.9405	3.0845	1345.3	-0.045892	6.6232e-05	0.15916	supercritical
211.69	741.00	380.56	0.0026277	236.82	431.53	1.5868	1.9392	3.0840	1341.7	-0.045777	6.5793e-05	0.15850	supercritical
212.69	741.00	379.72	0.0026335	239.48	434.62	1.6014	1.9380	3.0835	1338.0	-0.045662	6.5361e-05	0.15783	supercritical
213.69	741.00	378.89	0.0026393	242.13	437.70	1.6158	1.9368	3.0831	1334.4	-0.045545	6.4934e-05	0.15718	supercritical
214.69	741.00	378.06	0.0026451	244.79	440.78	1.6302	1.9356	3.0826	1330.8	-0.045428	6.4514e-05	0.15652	supercritical
215.69	741.00	377.24	0.0026509	247.44	443.87	1.6445	1.9344	3.0821	1327.2	-0.045310	6.4098e-05	0.15587	supercritical
216.69	741.00	376.41	0.0026567	250.09	446.95	1.6588	1.9333	3.0817	1323.6	-0.045190	6.3689e-05	0.15523	supercritical
217.69	741.00	375.58	0.0026625	252.74	450.03	1.6730	1.9323	3.0812	1320.1	-0.045071	6.3284e-05	0.15460	supercritical
218.69	741.00	374.76	0.0026684	255.38	453.11	1.6871	1.9312	3.0808	1316.5	-0.044950	6.2885e-05	0.15396	supercritical
219.69	741.00	373.93	0.0026743	258.03	456.19	1.7011	1.9302	3.0804	1313.0	-0.044829	6.2492e-05	0.15334	supercritical
220.69	741.00	373.11	0.0026802	260.67	459.27	1.7151	1.9292	3.0800	1309.5	-0.044707	6.2103e-05	0.15271	supercritical
221.69	741.00	372.29	0.0026861	263.31	462.35	1.7291	1.9283	3.0796	1306.1	-0.044584	6.1719e-05	0.15210	supercritical
222.69	741.00	371.47	0.0026920	265.95	465.43	1.7429	1.9273	3.0792	1302.6	-0.044460	6.1341e-05	0.15149	supercritical
223.69	741.00	370.65	0.0026980	268.59	468.51	1.7567	1.9265	3.0788	1299.2	-0.044336	6.0967e-05	0.15088	supercritical
224.69	741.00	369.83	0.0027039	271.23	471.59	1.7704	1.9256	3.0785	1295.8	-0.044211	6.0598e-05	0.15028	supercritical
225.69	741.00	369.02	0.0027099	273.86	474.67	1.7841	1.9248	3.0781	1292.4	-0.044085	6.0234e-05	0.14968	supercritical
226.69	741.00	368.20	0.0027159	276.50	477.74	1.7977	1.9240	3.0778	1289.0	-0.043959	5.9874e-05	0.14909	supercritical
227.69	741.00	367.39	0.0027219	279.13	480.82	1.8113	1.9232	3.0775	1285.6	-0.043831	5.9519e-05	0.14851	supercritical
228.69	741.00	366.57	0.0027280	281.76	483.90	1.8248	1.9225	3.0772	1282.3	-0.043704	5.9168e-05	0.14792	supercritical
229.69	741.00	365.76	0.0027340	284.38	486.98	1.8382	1.9218	3.0769	1279.0	-0.043575	5.8822e-05	0.14735	supercritical
230.69	741.00	364.95	0.0027401	287.01	490.05	1.8515	1.9211	3.0766	1275.7	-0.043446	5.8480e-05	0.14678	supercritical
231.69	741.00	364.14	0.0027462	289.64	493.13	1.8649	1.9205	3.0763	1272.4	-0.043316	5.8142e-05	0.14621	supercritical
232.69	741.00	363.33	0.0027523	292.26	496.21	1.8781	1.9199	3.0761	1269.1	-0.043186	5.7808e-05	0.14565	supercritical
233.69	741.00	362.52	0.0027584	294.88	499.28	1.8913	1.9193	3.0758	1265.9	-0.043055	5.7479e-05	0.14509	supercritical
234.69	741.00	361.72	0.0027646	297.50	502.36	1.9044	1.9187	3.0756	1262.7	-0.042923	5.7153e-05	0.14454	supercritical
235.69	741.00	360.91	0.0027707	300.12	505.43	1.9175	1.9182	3.0754	1259.4	-0.042791	5.6832e-05	0.14400	supercritical
236.69	741.00	360.11	0.0027769	302.74	508.51	1.9305	1.9178	3.0752	1256.3	-0.042659	5.6514e-05	0.14345	supercritical
237.69	741.00	359.31	0.0027831	305.35	511.58	1.9435	1.9173	3.0750	1253.1	-0.042525	5.6201e-05	0.14292	supercritical
238.69	741.00	358.51	0.0027893	307.97	514.66	1.9564	1.9169	3.0748	1249.9	-0.042392	5.5891e-05	0.14239	supercritical
239.69	741.00	357.71	0.0027956	310.58	517.73	1.9693	1.9165	3.0746	1246.8	-0.042257	5.5584e-05	0.14186	supercritical
240.69	741.00	356.91	0.0028018	313.19	520.81	1.9821	1.9161	3.0745	1243.7	-0.042123	5.5282e-05	0.14134	supercritical
241.69	741.00	356.11	0.0028081	315.80	523.88	1.9948	1.9158	3.0743	1240.6	-0.041987	5.4983e-05	0.14082	supercritical
242.69	741.00	355.32	0.0028144	318.41	526.96	2.0075	1.9155	3.0742	1237.5	-0.041852	5.4687e-05	0.14031	supercritical
243.69	741.00	354.52	0.0028207	321.02	530.03	2.0201	1.9152	3.0741	1234.5	-0.041715	5.4396e-05	0.13980	supercritical
244.69	741.00	353.73	0.0028270	323.62	533.10	2.0327	1.9150	3.0739	1231.4	-0.041579	5.4107e-05	0.13929	supercritical
245.69	741.00	352.94	0.0028333	326.23	536.18	2.0453	1.9148	3.0738	1228.4	-0.041442	5.3822e-05	0.13880	supercritical
246.69	741.00	352.15	0.0028397	328.83	539.25	2.0577	1.9146	3.0738	1225.4	-0.041304	5.3540e-05	0.13830	supercritical
247.69	741.00	351.36	0.0028461	331.43	542.33	2.0702	1.9145	3.0737	1222.4	-0.041166	5.3262e-05	0.13781	supercritical
248.69	741.00	350.57	0.0028525	334.03	545.40	2.0826	1.9143	3.0736	1219.5	-0.041028	5.2987e-05	0.13733	supercritical
249.69	741.00	349.79	0.0028589	336.63	548.47	2.0949	1.9143	3.0736	1216.5	-0.040889	5.2715e-05	0.13685	supercritical
250.69	741.00	349.00	0.0028653	339.23	551.55	2.1072	1.9142	3.0735	1213.6	-0.040750	5.2446e-05	0.13637	supercritical
251.69	741.00	348.22	0.0028717	341.82	554.62	2.1194	1.9142	3.0735	1210.7	-0.040611	5.2180e-05	0.13590	supercritical
252.69	741.00	347.44	0.0028782	344.42	557.69	2.1316	1.9142	3.0735	1207.8	-0.040471	5.1917e-05	0.13544	supercritical
253.69	741.00	346.66	0.0028847	347.01	560.77	2.1437	1.9142	3.0735	1205.0	-0.040331	5.1658e-05	0.13497	supercritical
254.69	741.00	345.88	0.0028912	349.60	563.84	2.1558	1.9143	3.0735	1202.1	-0.040191	5.1401e-05	0.13452	supercritical
255.69	741.00	345.10	0.0028977	352.20	566.91	2.1679	1.9144	3.0735	1199.3	-0.040050	5.1147e-05	0.13406	supercritical
256.69	741.00	344.33	0.0029042	354.79	569.99	2.1799	1.9145	3.0735	1196.5	-0.039910	5.0897e-05	0.13362	supercritical
257.69	741.00	343.55	0.0029107	357.37	573.06	2.1918	1.9146	3.0736	1193.7	-0.039769	5.0649e-05	0.13317	supercritical
258.69	741.00	342.78	0.0029173	359.96	576.13	2.2037	1.9148	3.0736	1190.9	-0.039627	5.0403e-05	0.13273	supercritical
259.69	741.00	342.01	0.0029239	362.55	579.21	2.2156	1.9150	3.0737	1188.1	-0.039486	5.0161e-05	0.13230	supercritical
260.69	741.00	341.24	0.0029305	365.13	582.28	2.2274	1.9152	3.0738	1185.4	-0.039344	4.9921e-05	0.13187	supercritical
261.69	741.00	340.47	0.0029371	367.72	585.36	2.2392	1.9155	3.0738	1182.7	-0.039202	4.9684e-05	0.13144	supercritical
262.69	741.00	339.71	0.0029437	370.30	588.43	2.2509	1.9158	3.0739	1180.0	-0.039060	4.9450e-05	0.13102	supercritical
263.69	741.00	338.94	0.0029504	372.88	591.50	2.2626	1.9161	3.0740	1177.3	-0.038918	4.9218e-05	0.13060	supercritical
264.69	741.00	338.18	0.0029570	375.46	594.58	2.2742	1.9165	3.0742	1174.6	-0.038775	4.8989e-05	0.13019	supercritical
265.69	741.00	337.42	0.0029637	378.04	597.65	2.2858	1.9169	3.0743	1171.9	-0.038633	4.8763e-05	0.12978	supercritical
266.69	741.00	336.66	0.0029704	380.62	600.73	2.2973	1.9173	3.0744	1169.3	-0.038490	4.8539e-05	0.12938	supercritical
267.69	741.00	335.90	0.0029771	383.20	603.80	2.3089	1.9177	3.0746	1166.7	-0.038348	4.8317e-05	0.12898	supercritical
268.69	741.00	335.14	0.0029838	385.77	606.88	2.3203	1.9182	3.0748	1164.1	-0.038205	4.8098e-05	0.12858	supercritical
269.69	741.00	334.39	0.0029906	388.35	609.95	2.3317	1.9187	3.0749	1161.5	-0.038062	4.7881e-05	0.12819	supercritical
270.69	741.00	333.63	0.0029973	390.92	613.03	2.3431	1.9192	3.0751	1159.0	-0.037919	4.7667e-05	0.12780	supercritical
271.69	741.00	332.88	0.0030041	393.50	616.10	2.3545	1.9197	3.0753	1156.4	-0.037776	4.7455e-05	0.12742	supercritical
272.69	741.00	332.13	0.0030109	396.07	619.18	2.3658	1.9203	3.0756	1153.9	-0.037633	4.7245e-05	0.12704	supercritical
273.69	741.00	331.38	0.0030177	398.64	622.25	2.3770	1.9209	3.0758	1151.4	-0.037491	4.7038e-05	0.12666	supercritical
274.69	741.00	330.63	0.0030245	401.21	625.33	2.3882	1.9215	3.0760	1148.9	-0.037348	4.6833e-05	0.12629	supercritical
275.69	741.00	329.89	0.0030313	403.78	628.40	2.3994	1.9222	3.0763	1146.4	-0.037205	4.6630e-05	0.12592	supercritical
276.69	741.00	329.14	0.0030382	406.35	631.48	2.4106	1.9229	3.0765	1144.0	-0.037062	4.6430e-05	0.12556	supercritical
277.69	741.00	328.40	0.0030451	408.92	634.56	2.4217	1.9236	3.0768	1141.5	-0.036919	4.6231e-05	0.12520	supercritical
278.69	741.00	327.66	0.0030519	411.48	637.63	2.4327	1.9243	3.0771	1139.1	-0.036777	4.6035e-05	0.12484	supercritical
279.69	741.00	326.92	0.0030588	414.05	640.71	2.4437	1.9251	3.0773	1136.7	-0.036634	4.5841e-05	0.12449	supercritical
280.69	741.00	326.18	0.0030658	416.62	643.79	2.4547	1.9259	3.0777	1134.3	-0.036492	4.5649e-05	0.12414	supercritical
281.69	741.00	325.45	0.0030727	419.18	646.87	2.4657	1.9267	3.0780	1131.9	-0.036349	4.5459e-05	0.12380	supercritical
282.69	741.00	324.71	0.0030796	421.74	649.94	2.4766	1.9276	3.0783	1129.6	-0.036207	4.5271e-05	0.12346	supercritical
283.69	741.00	323.98	0.0030866	424.31	653.02	2.4874	1.9284	3.0786	1127.2	-0.036065	4.5085e-05	0.12313	supercritical
284.69	741.00	323.25	0.0030936	426.87	656.10	2.4983	1.9293	3.0790	1124.9	-0.035923	4.4901e-05	0.12279	supercritical
285.69	741.00	322.52	0.0031005	429.43	659.18	2.5091	1.9302	3.0793	1122.6	-0.035782	4.4719e-05	0.12247	supercritical
286.69	741.00	321.80	0.0031076	431.99	662.26	2.5198	1.9312	3.0797	1120.3	-0.035640	4.4539e-05	0.12214	supercritical
287.69	741.00	321.07	0.0031146	434.55	665.34	2.5306	1.9322	3.0801	1118.1	-0.035499	4.4361e-05	0.12182	supercritical
288.69	741.00	320.35	0.0031216	437.11	668.42	2.5412	1.9332	3.0805	1115.8	-0.035358	4.4185e-05	0.12150	supercritical
289.69	741.00	319.63	0.0031286	439.67	671.50	2.5519	1.9342	3.0809	1113.6	-0.035217	4.4011e-05	0.12119	supercritical
290.69	741.00	318.91	0.0031357	442.23	674.58	2.5625	1.9352	3.0813	1111.4	-0.035077	4.3839e-05	0.12088	supercritical
291.69	741.00	318.19	0.0031428	444.78	677.66	2.5731	1.9363	3.0817	1109.2	-0.034936	4.3668e-05	0.12057	supercritical
292.69	741.00	317.47	0.0031499	447.34	680.75	2.5836	1.9374	3.0821	1107.0	-0.034796	4.3499e-05	0.12027	supercritical
293.69	741.00	316.76	0.0031570	449.90	683.83	2.5942	1.9385	3.0826	1104.8	-0.034657	4.3332e-05	0.11997	supercritical
294.69	741.00	316.05	0.0031641	452.45	686.91	2.6046	1.9397	3.0830	1102.7	-0.034517	4.3167e-05	0.11968	supercritical
295.69	741.00	315.33	0.0031712	455.01	689.99	2.6151	1.9409	3.0835	1100.5	-0.034378	4.3004e-05	0.11939	supercritical
296.69	741.00	314.63	0.0031784	457.56	693.08	2.6255	1.9421	3.0840	1098.4	-0.034240	4.2842e-05	0.11910	supercritical
297.69	741.00	313.92	0.0031855	460.11	696.16	2.6359	1.9433	3.0844	1096.3	-0.034101	4.2682e-05	0.11882	supercritical
298.69	741.00	313.21	0.0031927	462.67	699.25	2.6462	1.9445	3.0849	1094.2	-0.033963	4.2524e-05	0.11854	supercritical
299.69	741.00	312.51	0.0031999	465.22	702.33	2.6565	1.9458	3.0854	1092.1	-0.033825	4.2367e-05	0.11826	supercritical
300.69	741.00	311.81	0.0032071	467.77	705.42	2.6668	1.9471	3.0860	1090.1	-0.033688	4.2212e-05	0.11798	supercritical
301.69	741.00	311.11	0.0032143	470.32	708.50	2.6771	1.9484	3.0865	1088.0	-0.033551	4.2059e-05	0.11771	supercritical
302.69	741.00	310.41	0.0032215	472.87	711.59	2.6873	1.9497	3.0870	1086.0	-0.033415	4.1907e-05	0.11745	supercritical
303.69	741.00	309.71	0.0032288	475.42	714.68	2.6974	1.9511	3.0876	1084.0	-0.033279	4.1757e-05	0.11718	supercritical
304.69	741.00	309.02	0.0032360	477.97	717.77	2.7076	1.9525	3.0881	1082.0	-0.033143	4.1608e-05	0.11692	supercritical
305.69	741.00	308.33	0.0032433	480.52	720.85	2.7177	1.9539	3.0887	1080.0	-0.033008	4.1461e-05	0.11667	supercritical
306.69	741.00	307.64	0.0032506	483.07	723.94	2.7278	1.9553	3.0893	1078.1	-0.032873	4.1316e-05	0.11641	supercritical
307.69	741.00	306.95	0.0032579	485.62	727.03	2.7379	1.9568	3.0899	1076.1	-0.032739	4.1172e-05	0.11616	supercritical
308.69	741.00	306.26	0.0032652	488.17	730.12	2.7479	1.9583	3.0905	1074.2	-0.032606	4.1029e-05	0.11592	supercritical
309.69	741.00	305.58	0.0032725	490.72	733.21	2.7579	1.9598	3.0911	1072.3	-0.032472	4.0888e-05	0.11567	supercritical
310.69	741.00	304.89	0.0032798	493.27	736.30	2.7679	1.9613	3.0917	1070.4	-0.032340	4.0749e-05	0.11543	supercritical
311.69	741.00	304.21	0.0032872	495.82	739.40	2.7778	1.9628	3.0924	1068.5	-0.032207	4.0611e-05	0.11520	supercritical
312.69	741.00	303.53	0.0032945	498.36	742.49	2.7877	1.9644	3.0930	1066.6	-0.032076	4.0474e-05	0.11496	supercritical
313.69	741.00	302.85	0.0033019	500.91	745.58	2.7976	1.9660	3.0937	1064.8	-0.031944	4.0339e-05	0.11473	supercritical
314.69	741.00	302.18	0.0033093	503.46	748.68	2.8074	1.9676	3.0943	1063.0	-0.031814	4.0205e-05	0.11450	supercritical
315.69	741.00	301.51	0.0033167	506.00	751.77	2.8172	1.9692	3.0950	1061.1	-0.031684	4.0073e-05	0.11428	supercritical
316.69	741.00	300.83	0.0033241	508.55	754.87	2.8270	1.9708	3.0957	1059.3	-0.031554	3.9942e-05	0.11406	supercritical
317.69	741.00	300.16	0.0033315	511.10	757.96	2.8368	1.9725	3.0964	1057.5	-0.031425	3.9812e-05	0.11384	supercritical
318.69	741.00	299.50	0.0033389	513.64	761.06	2.8465	1.9742	3.0971	1055.7	-0.031297	3.9684e-05	0.11363	supercritical
319.69	741.00	298.83	0.0033464	516.19	764.16	2.8562	1.9759	3.0978	1054.0	-0.031169	3.9557e-05	0.11341	supercritical
320.69	741.00	298.17	0.0033538	518.74	767.26	2.8659	1.9776	3.0985	1052.2	-0.031042	3.9431e-05	0.11320	supercritical
321.69	741.00	297.50	0.0033613	521.28	770.35	2.8755	1.9794	3.0993	1050.5	-0.030915	3.9307e-05	0.11300	supercritical
322.69	741.00	296.84	0.0033688	523.83	773.45	2.8852	1.9812	3.1000	1048.8	-0.030789	3.9184e-05	0.11280	supercritical
323.69	741.00	296.18	0.0033763	526.37	776.55	2.8948	1.9829	3.1008	1047.1	-0.030664	3.9062e-05	0.11260	supercritical
324.69	741.00	295.53	0.0033838	528.92	779.66	2.9043	1.9848	3.1015	1045.4	-0.030539	3.8942e-05	0.11240	supercritical
325.69	741.00	294.87	0.0033913	531.46	782.76	2.9139	1.9866	3.1023	1043.7	-0.030415	3.8822e-05	0.11220	supercritical
326.69	741.00	294.22	0.0033988	534.01	785.86	2.9234	1.9884	3.1031	1042.0	-0.030292	3.8704e-05	0.11201	supercritical
327.69	741.00	293.57	0.0034063	536.55	788.96	2.9329	1.9903	3.1039	1040.4	-0.030169	3.8587e-05	0.11182	supercritical
328.69	741.00	292.92	0.0034139	539.10	792.07	2.9423	1.9922	3.1047	1038.8	-0.030047	3.8472e-05	0.11164	supercritical
329.69	741.00	292.28	0.0034214	541.65	795.17	2.9518	1.9941	3.1055	1037.1	-0.029926	3.8357e-05	0.11146	supercritical
330.69	741.00	291.63	0.0034290	544.19	798.28	2.9612	1.9960	3.1064	1035.5	-0.029805	3.8244e-05	0.11128	supercritical
331.69	741.00	290.99	0.0034366	546.74	801.39	2.9705	1.9980	3.1072	1033.9	-0.029685	3.8132e-05	0.11110	supercritical
332.69	741.00	290.35	0.0034441	549.28	804.49	2.9799	1.9999	3.1080	1032.4	-0.029566	3.8021e-05	0.11092	supercritical
333.69	741.00	289.71	0.0034517	551.83	807.60	2.9892	2.0019	3.1089	1030.8	-0.029447	3.7911e-05	0.11075	supercritical
334.69	741.00	289.07	0.0034594	554.37	810.71	2.9985	2.0039	3.1098	1029.2	-0.029329	3.7803e-05	0.11058	supercritical
335.69	741.00	288.44	0.0034670	556.92	813.82	3.0078	2.0059	3.1107	1027.7	-0.029212	3.7695e-05	0.11042	supercritical
336.69	741.00	287.80	0.0034746	559.46	816.93	3.0171	2.0080	3.1115	1026.2	-0.029095	3.7589e-05	0.11025	supercritical
337.69	741.00	287.17	0.0034822	562.01	820.04	3.0263	2.0100	3.1125	1024.7	-0.028979	3.7483e-05	0.11009	supercritical
338.69	741.00	286.54	0.0034899	564.56	823.16	3.0355	2.0121	3.1134	1023.2	-0.028864	3.7379e-05	0.10994	supercritical
339.69	741.00	285.92	0.0034975	567.10	826.27	3.0447	2.0142	3.1143	1021.7	-0.028750	3.7276e-05	0.10978	supercritical
340.69	741.00	285.29	0.0035052	569.65	829.39	3.0538	2.0163	3.1152	1020.2	-0.028636	3.7174e-05	0.10963	supercritical
341.69	741.00	284.67	0.0035129	572.20	832.50	3.0630	2.0184	3.1162	1018.8	-0.028524	3.7073e-05	0.10948	supercritical
342.69	741.00	284.05	0.0035206	574.74	835.62	3.0721	2.0205	3.1171	1017.3	-0.028411	3.6973e-05	0.10933	supercritical
343.69	741.00	283.43	0.0035282	577.29	838.74	3.0812	2.0227	3.1181	1015.9	-0.028300	3.6874e-05	0.10918	supercritical
344.69	741.00	282.81	0.0035359	579.84	841.85	3.0902	2.0249	3.1190	1014.5	-0.028190	3.6776e-05	0.10904	supercritical
345.69	741.00	282.19	0.0035437	582.39	844.97	3.0993	2.0271	3.1200	1013.1	-0.028080	3.6679e-05	0.10890	supercritical
346.69	741.00	281.58	0.0035514	584.94	848.09	3.1083	2.0293	3.1210	1011.7	-0.027971	3.6583e-05	0.10876	supercritical
347.69	741.00	280.97	0.0035591	587.49	851.22	3.1173	2.0315	3.1220	1010.3	-0.027862	3.6488e-05	0.10863	supercritical
348.69	741.00	280.36	0.0035669	590.03	854.34	3.1262	2.0337	3.1230	1008.9	-0.027755	3.6394e-05	0.10850	supercritical
349.69	741.00	279.75	0.0035746	592.58	857.46	3.1352	2.0360	3.1240	1007.6	-0.027648	3.6301e-05	0.10837	supercritical
350.69	741.00	279.15	0.0035824	595.13	860.59	3.1441	2.0382	3.1251	1006.2	-0.027542	3.6209e-05	0.10824	supercritical
351.69	741.00	278.54	0.0035901	597.68	863.71	3.1530	2.0405	3.1261	1004.9	-0.027437	3.6117e-05	0.10811	supercritical
352.69	741.00	277.94	0.0035979	600.23	866.84	3.1619	2.0428	3.1272	1003.6	-0.027333	3.6027e-05	0.10799	supercritical
353.69	741.00	277.34	0.0036057	602.79	869.97	3.1707	2.0451	3.1282	1002.2	-0.027229	3.5938e-05	0.10787	supercritical
354.69	741.00	276.74	0.0036135	605.34	873.09	3.1796	2.0475	3.1293	1001.0	-0.027126	3.5850e-05	0.10775	supercritical
355.69	741.00	276.15	0.0036213	607.89	876.22	3.1884	2.0498	3.1304	999.67	-0.027024	3.5762e-05	0.10763	supercritical
356.69	741.00	275.55	0.0036291	610.44	879.36	3.1972	2.0522	3.1315	998.40	-0.026923	3.5676e-05	0.10752	supercritical
357.69	741.00	274.96	0.0036369	612.99	882.49	3.2059	2.0545	3.1326	997.14	-0.026823	3.5590e-05	0.10741	supercritical
358.69	741.00	274.37	0.0036447	615.55	885.62	3.2147	2.0569	3.1337	995.89	-0.026723	3.5505e-05	0.10730	supercritical
359.69	741.00	273.78	0.0036525	618.10	888.76	3.2234	2.0593	3.1348	994.65	-0.026624	3.5421e-05	0.10719	supercritical
360.69	741.00	273.20	0.0036604	620.66	891.89	3.2321	2.0618	3.1359	993.43	-0.026526	3.5338e-05	0.10709	supercritical
361.69	741.00	272.61	0.0036682	623.21	895.03	3.2408	2.0642	3.1371	992.22	-0.026429	3.5256e-05	0.10699	supercritical
362.69	741.00	272.03	0.0036761	625.77	898.16	3.2495	2.0666	3.1382	991.02	-0.026333	3.5175e-05	0.10689	supercritical
363.69	741.00	271.45	0.0036839	628.32	901.30	3.2581	2.0691	3.1394	989.83	-0.026237	3.5094e-05	0.10679	supercritical
364.69	741.00	270.87	0.0036918	630.88	904.44	3.2667	2.0716	3.1406	988.65	-0.026142	3.5015e-05	0.10669	supercritical
365.69	741.00	270.29	0.0036997	633.44	907.58	3.2753	2.0741	3.1417	987.48	-0.026048	3.4936e-05	0.10660	supercritical
366.69	741.00	269.72	0.0037076	636.00	910.73	3.2839	2.0766	3.1429	986.32	-0.025955	3.4858e-05	0.10651	supercritical
367.69	741.00	269.15	0.0037155	638.56	913.87	3.2925	2.0791	3.1441	985.18	-0.025863	3.4781e-05	0.10642	supercritical
368.69	741.00	268.58	0.0037233	641.11	917.02	3.3010	2.0816	3.1453	984.04	-0.025771	3.4704e-05	0.10633	supercritical
369.69	741.00	268.01	0.0037313	643.68	920.16	3.3095	2.0841	3.1465	982.92	-0.025681	3.4629e-05	0.10625	supercritical
370.69	741.00	267.44	0.0037392	646.24	923.31	3.3180	2.0867	3.1478	981.81	-0.025591	3.4554e-05	0.10616	supercritical
371.69	741.00	266.87	0.0037471	648.80	926.46	3.3265	2.0893	3.1490	980.71	-0.025502	3.4480e-05	0.10608	supercritical
372.69	741.00	266.31	0.0037550	651.36	929.61	3.3350	2.0918	3.1503	979.62	-0.025414	3.4407e-05	0.10600	supercritical
373.69	741.00	265.75	0.0037629	653.92	932.76	3.3434	2.0944	3.1515	978.54	-0.025326	3.4334e-05	0.10592	supercritical
374.69	741.00	265.19	0.0037709	656.49	935.91	3.3518	2.0970	3.1528	977.47	-0.025240	3.4262e-05	0.10585	supercritical
375.69	741.00	264.63	0.0037788	659.05	939.06	3.3602	2.0996	3.1541	976.41	-0.025154	3.4191e-05	0.10578	supercritical
376.69	741.00	264.08	0.0037868	661.62	942.22	3.3686	2.1023	3.1553	975.36	-0.025069	3.4121e-05	0.10571	supercritical
377.69	741.00	263.52	0.0037947	664.18	945.37	3.3770	2.1049	3.1566	974.32	-0.024985	3.4051e-05	0.10564	supercritical
378.69	741.00	262.97	0.0038027	666.75	948.53	3.3853	2.1076	3.1580	973.29	-0.024901	3.3983e-05	0.10557	supercritical
379.69	741.00	262.42	0.0038107	669.32	951.69	3.3937	2.1102	3.1593	972.28	-0.024819	3.3914e-05	0.10550	supercritical
380.69	741.00	261.87	0.0038186	671.89	954.85	3.4020	2.1129	3.1606	971.27	-0.024737	3.3847e-05	0.10544	supercritical
381.69	741.00	261.33	0.0038266	674.46	958.01	3.4103	2.1156	3.1619	970.27	-0.024656	3.3780e-05	0.10538	supercritical
382.69	741.00	260.78	0.0038346	677.03	961.17	3.4186	2.1183	3.1633	969.28	-0.024576	3.3714e-05	0.10532	supercritical
383.69	741.00	260.24	0.0038426	679.60	964.34	3.4268	2.1210	3.1646	968.31	-0.024497	3.3649e-05	0.10526	supercritical
384.69	741.00	259.70	0.0038506	682.17	967.50	3.4350	2.1237	3.1660	967.34	-0.024418	3.3584e-05	0.10521	supercritical
385.69	741.00	259.16	0.0038586	684.75	970.67	3.4433	2.1265	3.1674	966.38	-0.024340	3.3520e-05	0.10515	supercritical
386.69	741.00	258.63	0.0038666	687.32	973.84	3.4515	2.1292	3.1687	965.43	-0.024264	3.3457e-05	0.10510	supercritical
387.69	741.00	258.09	0.0038746	689.90	977.01	3.4597	2.1319	3.1701	964.50	-0.024188	3.3394e-05	0.10505	supercritical
388.69	741.00	257.56	0.0038826	692.48	980.18	3.4678	2.1347	3.1715	963.57	-0.024112	3.3332e-05	0.10500	supercritical
389.69	741.00	257.03	0.0038906	695.05	983.35	3.4760	2.1375	3.1729	962.65	-0.024038	3.3271e-05	0.10495	supercritical
390.69	741.00	256.50	0.0038987	697.63	986.52	3.4841	2.1403	3.1743	961.74	-0.023964	3.3210e-05	0.10491	supercritical
391.69	741.00	255.97	0.0039067	700.21	989.70	3.4922	2.1431	3.1758	960.84	-0.023891	3.3150e-05	0.10487	supercritical
392.69	741.00	255.44	0.0039147	702.79	992.87	3.5003	2.1459	3.1772	959.95	-0.023819	3.3091e-05	0.10482	supercritical
393.69	741.00	254.92	0.0039228	705.37	996.05	3.5084	2.1487	3.1787	959.07	-0.023748	3.3032e-05	0.10479	supercritical
394.69	741.00	254.40	0.0039308	707.96	999.23	3.5165	2.1515	3.1801	958.19	-0.023677	3.2974e-05	0.10475	supercritical
395.69	741.00	253.88	0.0039389	710.54	1002.4	3.5245	2.1543	3.1816	957.33	-0.023607	3.2916e-05	0.10471	supercritical
396.69	741.00	253.36	0.0039470	713.13	1005.6	3.5326	2.1572	3.1831	956.48	-0.023538	3.2860e-05	0.10468	supercritical
397.69	741.00	252.84	0.0039550	715.71	1008.8	3.5406	2.1600	3.1845	955.63	-0.023470	3.2803e-05	0.10464	supercritical
398.69	741.00	252.33	0.0039631	718.30	1012.0	3.5486	2.1629	3.1860	954.79	-0.023403	3.2747e-05	0.10461	supercritical
399.69	741.00	251.82	0.0039712	720.89	1015.2	3.5566	2.1658	3.1875	953.97	-0.023336	3.2692e-05	0.10458	supercritical
400.69	741.00	251.30	0.0039792	723.48	1018.3	3.5645	2.1687	3.1890	953.15	-0.023270	3.2638e-05	0.10455	supercritical
401.69	741.00	250.80	0.0039873	726.07	1021.5	3.5725	2.1715	3.1906	952.34	-0.023205	3.2584e-05	0.10453	supercritical
402.69	741.00	250.29	0.0039954	728.66	1024.7	3.5804	2.1744	3.1921	951.54	-0.023141	3.2530e-05	0.10450	supercritical
403.69	741.00	249.78	0.0040035	731.25	1027.9	3.5883	2.1774	3.1936	950.74	-0.023077	3.2477e-05	0.10448	supercritical
404.69	741.00	249.28	0.0040116	733.85	1031.1	3.5962	2.1803	3.1952	949.96	-0.023014	3.2425e-05	0.10446	supercritical
405.69	741.00	248.78	0.0040197	736.45	1034.3	3.6041	2.1832	3.1967	949.18	-0.022952	3.2373e-05	0.10444	supercritical
406.69	741.00	248.28	0.0040278	739.04	1037.5	3.6120	2.1861	3.1983	948.42	-0.022891	3.2322e-05	0.10442	supercritical
407.69	741.00	247.78	0.0040359	741.64	1040.7	3.6198	2.1891	3.1999	947.66	-0.022830	3.2272e-05	0.10440	supercritical
408.69	741.00	247.28	0.0040440	744.24	1043.9	3.6277	2.1920	3.2014	946.91	-0.022770	3.2222e-05	0.10439	supercritical
409.69	741.00	246.78	0.0040521	746.84	1047.1	3.6355	2.1950	3.2030	946.16	-0.022711	3.2172e-05	0.10437	supercritical
410.69	741.00	246.29	0.0040602	749.44	1050.3	3.6433	2.1980	3.2046	945.43	-0.022653	3.2123e-05	0.10436	supercritical
411.69	741.00	245.80	0.0040683	752.05	1053.5	3.6511	2.2009	3.2062	944.70	-0.022595	3.2075e-05	0.10435	supercritical
412.69	741.00	245.31	0.0040765	754.65	1056.7	3.6589	2.2039	3.2079	943.99	-0.022538	3.2027e-05	0.10434	supercritical
413.69	741.00	244.82	0.0040846	757.26	1059.9	3.6667	2.2069	3.2095	943.28	-0.022482	3.1979e-05	0.10433	supercritical
414.69	741.00	244.34	0.0040927	759.87	1063.1	3.6744	2.2099	3.2111	942.57	-0.022427	3.1932e-05	0.10433	supercritical
415.69	741.00	243.85	0.0041009	762.48	1066.4	3.6821	2.2129	3.2128	941.88	-0.022372	3.1886e-05	0.10432	supercritical
416.69	741.00	243.37	0.0041090	765.09	1069.6	3.6899	2.2159	3.2144	941.19	-0.022318	3.1840e-05	0.10432	supercritical
417.69	741.00	242.89	0.0041171	767.70	1072.8	3.6976	2.2190	3.2161	940.51	-0.022264	3.1794e-05	0.10431	supercritical
418.69	741.00	242.41	0.0041253	770.31	1076.0	3.7053	2.2220	3.2177	939.84	-0.022212	3.1749e-05	0.10431	supercritical
419.69	741.00	241.93	0.0041334	772.93	1079.2	3.7129	2.2250	3.2194	939.18	-0.022160	3.1705e-05	0.10431	supercritical
420.69	741.00	241.45	0.0041416	775.54	1082.4	3.7206	2.2281	3.2211	938.52	-0.022109	3.1661e-05	0.10432	supercritical
421.69	741.00	240.98	0.0041497	778.16	1085.7	3.7283	2.2311	3.2228	937.87	-0.022058	3.1618e-05	0.10432	supercritical
422.69	741.00	240.51	0.0041579	780.78	1088.9	3.7359	2.2342	3.2245	937.23	-0.022008	3.1575e-05	0.10432	supercritical
423.69	741.00	240.04	0.0041661	783.40	1092.1	3.7435	2.2373	3.2262	936.60	-0.021959	3.1532e-05	0.10433	supercritical
424.69	741.00	239.57	0.0041742	786.02	1095.3	3.7511	2.2403	3.2279	935.97	-0.021911	3.1490e-05	0.10434	supercritical
425.69	741.00	239.10	0.0041824	788.65	1098.6	3.7587	2.2434	3.2297	935.35	-0.021863	3.1448e-05	0.10435	supercritical
426.69	741.00	238.63	0.0041905	791.27	1101.8	3.7663	2.2465	3.2314	934.74	-0.021816	3.1407e-05	0.10436	supercritical
427.69	741.00	238.17	0.0041987	793.90	1105.0	3.7739	2.2496	3.2331	934.13	-0.021769	3.1367e-05	0.10437	supercritical
428.69	741.00	237.71	0.0042069	796.53	1108.3	3.7814	2.2527	3.2349	933.53	-0.021723	3.1326e-05	0.10438	supercritical
429.69	741.00	237.24	0.0042151	799.16	1111.5	3.7890	2.2558	3.2367	932.94	-0.021678	3.1287e-05	0.10440	supercritical
430.69	741.00	236.78	0.0042232	801.79	1114.7	3.7965	2.2589	3.2384	932.36	-0.021634	3.1247e-05	0.10441	supercritical
431.69	741.00	236.33	0.0042314	804.42	1118.0	3.8040	2.2620	3.2402	931.78	-0.021590	3.1208e-05	0.10443	supercritical
432.69	741.00	235.87	0.0042396	807.06	1121.2	3.8115	2.2652	3.2420	931.21	-0.021547	3.1170e-05	0.10445	supercritical
433.69	741.00	235.42	0.0042478	809.69	1124.5	3.8190	2.2683	3.2438	930.65	-0.021504	3.1132e-05	0.10446	supercritical
434.69	741.00	234.96	0.0042560	812.33	1127.7	3.8265	2.2714	3.2456	930.09	-0.021462	3.1094e-05	0.10449	supercritical
435.69	741.00	234.51	0.0042642	814.97	1130.9	3.8339	2.2746	3.2474	929.54	-0.021421	3.1057e-05	0.10451	supercritical
436.69	741.00	234.06	0.0042724	817.61	1134.2	3.8414	2.2777	3.2492	929.00	-0.021380	3.1020e-05	0.10453	supercritical
437.69	741.00	233.61	0.0042806	820.26	1137.4	3.8488	2.2809	3.2510	928.46	-0.021340	3.0984e-05	0.10455	supercritical
438.69	741.00	233.17	0.0042888	822.90	1140.7	3.8562	2.2840	3.2529	927.93	-0.021301	3.0948e-05	0.10458	supercritical
439.69	741.00	232.72	0.0042969	825.55	1144.0	3.8636	2.2872	3.2547	927.41	-0.021262	3.0912e-05	0.10461	supercritical
440.69	741.00	232.28	0.0043051	828.19	1147.2	3.8710	2.2904	3.2566	926.89	-0.021224	3.0877e-05	0.10463	supercritical
441.69	741.00	231.84	0.0043133	830.84	1150.5	3.8784	2.2935	3.2584	926.38	-0.021186	3.0842e-05	0.10466	supercritical
442.69	741.00	231.40	0.0043216	833.50	1153.7	3.8858	2.2967	3.2603	925.87	-0.021149	3.0808e-05	0.10469	supercritical
443.69	741.00	230.96	0.0043298	836.15	1157.0	3.8931	2.2999	3.2622	925.38	-0.021113	3.0774e-05	0.10472	supercritical
444.69	741.00	230.52	0.0043380	838.80	1160.2	3.9005	2.3031	3.2640	924.88	-0.021077	3.0740e-05	0.10476	supercritical
445.69	741.00	230.09	0.0043462	841.46	1163.5	3.9078	2.3063	3.2659	924.40	-0.021041	3.0707e-05	0.10479	supercritical
446.69	741.00	229.65	0.0043544	844.12	1166.8	3.9151	2.3095	3.2678	923.92	-0.021007	3.0674e-05	0.10483	supercritical
447.69	741.00	229.22	0.0043626	846.78	1170.0	3.9224	2.3127	3.2697	923.44	-0.020973	3.0642e-05	0.10486	supercritical
448.69	741.00	228.79	0.0043708	849.44	1173.3	3.9297	2.3159	3.2716	922.98	-0.020939	3.0610e-05	0.10490	supercritical
449.69	741.00	228.36	0.0043790	852.11	1176.6	3.9370	2.3192	3.2736	922.51	-0.020906	3.0578e-05	0.10494	supercritical
450.69	741.00	227.93	0.0043872	854.77	1179.9	3.9443	2.3224	3.2755	922.06	-0.020874	3.0547e-05	0.10498	supercritical
451.69	741.00	227.51	0.0043955	857.44	1183.1	3.9516	2.3256	3.2774	921.61	-0.020842	3.0516e-05	0.10502	supercritical
452.69	741.00	227.08	0.0044037	860.11	1186.4	3.9588	2.3288	3.2793	921.16	-0.020811	3.0485e-05	0.10506	supercritical
453.69	741.00	226.66	0.0044119	862.78	1189.7	3.9660	2.3321	3.2813	920.72	-0.020780	3.0455e-05	0.10510	supercritical
454.69	741.00	226.24	0.0044201	865.45	1193.0	3.9733	2.3353	3.2833	920.29	-0.020750	3.0425e-05	0.10514	supercritical
455.69	741.00	225.82	0.0044283	868.13	1196.3	3.9805	2.3386	3.2852	919.86	-0.020720	3.0396e-05	0.10519	supercritical
456.69	741.00	225.40	0.0044366	870.80	1199.6	3.9877	2.3418	3.2872	919.44	-0.020691	3.0367e-05	0.10523	supercritical
457.69	741.00	224.98	0.0044448	873.48	1202.8	3.9949	2.3451	3.2892	919.03	-0.020662	3.0338e-05	0.10528	supercritical
458.69	741.00	224.57	0.0044530	876.16	1206.1	4.0021	2.3483	3.2911	918.62	-0.020634	3.0309e-05	0.10533	supercritical
459.69	741.00	224.15	0.0044613	878.85	1209.4	4.0092	2.3516	3.2931	918.21	-0.020607	3.0281e-05	0.10538	supercritical
460.69	741.00	223.74	0.0044695	881.53	1212.7	4.0164	2.3548	3.2951	917.81	-0.020580	3.0253e-05	0.10543	supercritical
461.69	741.00	223.33	0.0044777	884.22	1216.0	4.0235	2.3581	3.2971	917.42	-0.020553	3.0226e-05	0.10548	supercritical
462.69	741.00	222.92	0.0044859	886.90	1219.3	4.0307	2.3614	3.2992	917.03	-0.020527	3.0199e-05	0.10553	supercritical
463.69	741.00	222.51	0.0044942	889.59	1222.6	4.0378	2.3647	3.3012	916.65	-0.020501	3.0172e-05	0.10558	supercritical
464.69	741.00	222.10	0.0045024	892.29	1225.9	4.0449	2.3680	3.3032	916.27	-0.020476	3.0145e-05	0.10564	supercritical
465.69	741.00	221.70	0.0045106	894.98	1229.2	4.0520	2.3712	3.3052	915.90	-0.020452	3.0119e-05	0.10569	supercritical
466.69	741.00	221.29	0.0045189	897.68	1232.5	4.0591	2.3745	3.3073	915.53	-0.020428	3.0093e-05	0.10575	supercritical
467.69	741.00	220.89	0.0045271	900.37	1235.8	4.0662	2.3778	3.3093	915.17	-0.020404	3.0068e-05	0.10580	supercritical
468.69	741.00	220.49	0.0045353	903.07	1239.1	4.0733	2.3811	3.3114	914.81	-0.020381	3.0043e-05	0.10586	supercritical
469.69	741.00	220.09	0.0045436	905.78	1242.5	4.0803	2.3844	3.3134	914.46	-0.020359	3.0018e-05	0.10592	supercritical
470.69	741.00	219.69	0.0045518	908.48	1245.8	4.0874	2.3877	3.3155	914.11	-0.020336	2.9993e-05	0.10598	supercritical
471.69	741.00	219.30	0.0045601	911.19	1249.1	4.0944	2.3910	3.3176	913.77	-0.020315	2.9969e-05	0.10604	supercritical
472.69	741.00	218.90	0.0045683	913.90	1252.4	4.1014	2.3943	3.3197	913.43	-0.020293	2.9945e-05	0.10610	supercritical
473.69	741.00	218.51	0.0045765	916.61	1255.7	4.1085	2.3977	3.3217	913.10	-0.020273	2.9921e-05	0.10617	supercritical
474.69	741.00	218.11	0.0045848	919.32	1259.0	4.1155	2.4010	3.3238	912.77	-0.020252	2.9898e-05	0.10623	supercritical
475.69	741.00	217.72	0.0045930	922.03	1262.4	4.1225	2.4043	3.3259	912.45	-0.020232	2.9875e-05	0.10629	supercritical
476.69	741.00	217.33	0.0046013	924.75	1265.7	4.1294	2.4076	3.3280	912.13	-0.020213	2.9852e-05	0.10636	supercritical
477.69	741.00	216.94	0.0046095	927.47	1269.0	4.1364	2.4109	3.3302	911.82	-0.020194	2.9829e-05	0.10643	supercritical
478.69	741.00	216.56	0.0046177	930.19	1272.4	4.1434	2.4143	3.3323	911.51	-0.020175	2.9807e-05	0.10649	supercritical
479.69	741.00	216.17	0.0046260	932.91	1275.7	4.1503	2.4176	3.3344	911.20	-0.020157	2.9785e-05	0.10656	supercritical
480.69	741.00	215.79	0.0046342	935.63	1279.0	4.1573	2.4209	3.3365	910.91	-0.020140	2.9764e-05	0.10663	supercritical
481.69	741.00	215.40	0.0046425	938.36	1282.4	4.1642	2.4243	3.3387	910.61	-0.020122	2.9742e-05	0.10670	supercritical
482.69	741.00	215.02	0.0046507	941.09	1285.7	4.1712	2.4276	3.3408	910.32	-0.020105	2.9721e-05	0.10677	supercritical
483.69	741.00	214.64	0.0046590	943.82	1289.0	4.1781	2.4310	3.3430	910.04	-0.020089	2.9700e-05	0.10684	supercritical
484.69	741.00	214.26	0.0046672	946.55	1292.4	4.1850	2.4343	3.3451	909.75	-0.020073	2.9680e-05	0.10691	supercritical
485.69	741.00	213.88	0.0046754	949.29	1295.7	4.1919	2.4377	3.3473	909.48	-0.020057	2.9659e-05	0.10699	supercritical
486.69	741.00	213.51	0.0046837	952.03	1299.1	4.1988	2.4410	3.3495	909.21	-0.020042	2.9639e-05	0.10706	supercritical
487.69	741.00	213.13	0.0046919	954.77	1302.4	4.2056	2.4444	3.3516	908.94	-0.020027	2.9620e-05	0.10714	supercritical
488.69	741.00	212.76	0.0047002	957.51	1305.8	4.2125	2.4477	3.3538	908.67	-0.020013	2.9600e-05	0.10721	supercritical
489.69	741.00	212.39	0.0047084	960.25	1309.1	4.2194	2.4511	3.3560	908.41	-0.019998	2.9581e-05	0.10729	supercritical
490.69	741.00	212.01	0.0047167	963.00	1312.5	4.2262	2.4545	3.3582	908.16	-0.019985	2.9562e-05	0.10737	supercritical
491.69	741.00	211.64	0.0047249	965.75	1315.9	4.2330	2.4578	3.3604	907.91	-0.019971	2.9543e-05	0.10745	supercritical
492.69	741.00	211.28	0.0047332	968.50	1319.2	4.2399	2.4612	3.3626	907.66	-0.019958	2.9525e-05	0.10753	supercritical
493.69	741.00	210.91	0.0047414	971.25	1322.6	4.2467	2.4646	3.3648	907.42	-0.019946	2.9507e-05	0.10761	supercritical
494.69	741.00	210.54	0.0047496	974.01	1326.0	4.2535	2.4679	3.3670	907.18	-0.019934	2.9489e-05	0.10769	supercritical
495.69	741.00	210.18	0.0047579	976.76	1329.3	4.2603	2.4713	3.3693	906.95	-0.019922	2.9471e-05	0.10777	supercritical
496.69	741.00	209.81	0.0047661	979.52	1332.7	4.2671	2.4747	3.3715	906.72	-0.019910	2.9453e-05	0.10785	supercritical
497.69	741.00	209.45	0.0047744	982.28	1336.1	4.2739	2.4781	3.3737	906.49	-0.019899	2.9436e-05	0.10793	supercritical
498.69	741.00	209.09	0.0047826	985.05	1339.4	4.2807	2.4814	3.3760	906.27	-0.019888	2.9419e-05	0.10802	supercritical
499.69	741.00	208.73	0.0047909	987.81	1342.8	4.2874	2.4848	3.3782	906.05	-0.019878	2.9402e-05	0.10810	supercritical
500.69	741.00	208.37	0.0047991	990.58	1346.2	4.2942	2.4882	3.3805	905.83	-0.019868	2.9386e-05	0.10819	supercritical
501.69	741.00	208.01	0.0048074	993.35	1349.6	4.3009	2.4916	3.3827	905.62	-0.019858	2.9370e-05	0.10827	supercritical
502.69	741.00	207.66	0.0048156	996.13	1353.0	4.3077	2.4950	3.3850	905.42	-0.019848	2.9354e-05	0.10836	supercritical
503.69	741.00	207.30	0.0048238	998.90	1356.3	4.3144	2.4984	3.3872	905.21	-0.019839	2.9338e-05	0.10845	supercritical
504.69	741.00	206.95	0.0048321	1001.7	1359.7	4.3211	2.5018	3.3895	905.02	-0.019831	2.9322e-05	0.10854	supercritical
505.69	741.00	206.60	0.0048403	1004.5	1363.1	4.3278	2.5051	3.3918	904.82	-0.019822	2.9307e-05	0.10863	supercritical
506.69	741.00	206.25	0.0048486	1007.2	1366.5	4.3345	2.5085	3.3941	904.63	-0.019814	2.9292e-05	0.10872	supercritical
507.69	741.00	205.90	0.0048568	1010.0	1369.9	4.3412	2.5119	3.3964	904.44	-0.019806	2.9277e-05	0.10881	supercritical
508.69	741.00	205.55	0.0048650	1012.8	1373.3	4.3479	2.5153	3.3987	904.26	-0.019799	2.9262e-05	0.10890	supercritical
509.69	741.00	205.20	0.0048733	1015.6	1376.7	4.3546	2.5187	3.4009	904.07	-0.019791	2.9248e-05	0.10899	supercritical
510.69	741.00	204.85	0.0048815	1018.4	1380.1	4.3613	2.5221	3.4033	903.90	-0.019784	2.9233e-05	0.10909	supercritical
511.69	741.00	204.51	0.0048898	1021.2	1383.5	4.3679	2.5255	3.4056	903.72	-0.019778	2.9219e-05	0.10918	supercritical
512.69	741.00	204.16	0.0048980	1024.0	1386.9	4.3746	2.5289	3.4079	903.55	-0.019772	2.9206e-05	0.10927	supercritical
513.69	741.00	203.82	0.0049062	1026.8	1390.3	4.3812	2.5323	3.4102	903.39	-0.019766	2.9192e-05	0.10937	supercritical
514.69	741.00	203.48	0.0049145	1029.6	1393.7	4.3878	2.5358	3.4125	903.22	-0.019760	2.9179e-05	0.10946	supercritical
515.69	741.00	203.14	0.0049227	1032.4	1397.2	4.3945	2.5392	3.4148	903.06	-0.019754	2.9165e-05	0.10956	supercritical
516.69	741.00	202.80	0.0049310	1035.2	1400.6	4.4011	2.5426	3.4172	902.91	-0.019749	2.9152e-05	0.10966	supercritical
517.69	741.00	202.46	0.0049392	1038.0	1404.0	4.4077	2.5460	3.4195	902.76	-0.019744	2.9140e-05	0.10976	supercritical
518.69	741.00	202.12	0.0049474	1040.8	1407.4	4.4143	2.5494	3.4219	902.61	-0.019740	2.9127e-05	0.10986	supercritical
519.69	741.00	201.79	0.0049557	1043.6	1410.8	4.4209	2.5528	3.4242	902.46	-0.019735	2.9115e-05	0.10995	supercritical
520.69	741.00	201.45	0.0049639	1046.4	1414.3	4.4275	2.5562	3.4266	902.32	-0.019731	2.9103e-05	0.11006	supercritical
521.69	741.00	201.12	0.0049721	1049.3	1417.7	4.4341	2.5596	3.4289	902.18	-0.019727	2.9091e-05	0.11016	supercritical
522.69	741.00	200.79	0.0049804	1052.1	1421.1	4.4406	2.5630	3.4313	902.04	-0.019724	2.9079e-05	0.11026	supercritical
523.69	741.00	200.46	0.0049886	1054.9	1424.6	4.4472	2.5665	3.4337	901.91	-0.019721	2.9067e-05	0.11036	supercritical
524.69	741.00	200.13	0.0049968	1057.7	1428.0	4.4537	2.5699	3.4360	901.78	-0.019718	2.9056e-05	0.11046	supercritical
525.69	741.00	199.80	0.0050051	1060.5	1431.4	4.4603	2.5733	3.4384	901.65	-0.019715	2.9045e-05	0.11057	supercritical
526.69	741.00	199.47	0.0050133	1063.4	1434.9	4.4668	2.5767	3.4408	901.53	-0.019712	2.9034e-05	0.11067	supercritical
527.69	741.00	199.14	0.0050215	1066.2	1438.3	4.4733	2.5801	3.4432	901.41	-0.019710	2.9023e-05	0.11077	supercritical
528.69	741.00	198.82	0.0050298	1069.0	1441.8	4.4799	2.5836	3.4456	901.29	-0.019708	2.9012e-05	0.11088	supercritical
529.69	741.00	198.49	0.0050380	1071.9	1445.2	4.4864	2.5870	3.4480	901.17	-0.019706	2.9002e-05	0.11099	supercritical
530.69	741.00	198.17	0.0050462	1074.7	1448.6	4.4929	2.5904	3.4504	901.06	-0.019705	2.8992e-05	0.11109	supercritical
531.69	741.00	197.85	0.0050544	1077.6	1452.1	4.4994	2.5938	3.4528	900.96	-0.019703	2.8982e-05	0.11120	supercritical
532.69	741.00	197.52	0.0050627	1080.4	1455.6	4.5059	2.5973	3.4552	900.85	-0.019702	2.8972e-05	0.11131	supercritical
533.69	741.00	197.20	0.0050709	1083.3	1459.0	4.5124	2.6007	3.4576	900.75	-0.019701	2.8962e-05	0.11142	supercritical
534.69	741.00	196.88	0.0050791	1086.1	1462.5	4.5188	2.6041	3.4600	900.65	-0.019701	2.8953e-05	0.11153	supercritical
535.69	741.00	196.57	0.0050873	1089.0	1465.9	4.5253	2.6075	3.4624	900.55	-0.019700	2.8943e-05	0.11164	supercritical
536.69	741.00	196.25	0.0050956	1091.8	1469.4	4.5318	2.6110	3.4648	900.46	-0.019700	2.8934e-05	0.11175	supercritical
537.69	741.00	195.93	0.0051038	1094.7	1472.9	4.5382	2.6144	3.4673	900.37	-0.019700	2.8925e-05	0.11186	supercritical
538.69	741.00	195.62	0.0051120	1097.5	1476.3	4.5447	2.6178	3.4697	900.28	-0.019701	2.8916e-05	0.11197	supercritical
539.69	741.00	195.30	0.0051202	1100.4	1479.8	4.5511	2.6213	3.4721	900.19	-0.019701	2.8908e-05	0.11208	supercritical
540.69	741.00	194.99	0.0051285	1103.3	1483.3	4.5575	2.6247	3.4746	900.11	-0.019702	2.8899e-05	0.11219	supercritical
541.69	741.00	194.68	0.0051367	1106.1	1486.7	4.5639	2.6281	3.4770	900.03	-0.019702	2.8891e-05	0.11231	supercritical
542.69	741.00	194.37	0.0051449	1109.0	1490.2	4.5704	2.6315	3.4795	899.96	-0.019704	2.8883e-05	0.11242	supercritical
543.69	741.00	194.06	0.0051531	1111.9	1493.7	4.5768	2.6350	3.4819	899.88	-0.019705	2.8875e-05	0.11254	supercritical
544.69	741.00	193.75	0.0051613	1114.7	1497.2	4.5832	2.6384	3.4844	899.81	-0.019706	2.8867e-05	0.11265	supercritical
545.69	741.00	193.44	0.0051695	1117.6	1500.7	4.5896	2.6418	3.4869	899.74	-0.019708	2.8859e-05	0.11277	supercritical
546.69	741.00	193.13	0.0051777	1120.5	1504.2	4.5959	2.6453	3.4893	899.67	-0.019710	2.8852e-05	0.11288	supercritical
547.69	741.00	192.83	0.0051860	1123.4	1507.7	4.6023	2.6487	3.4918	899.61	-0.019712	2.8844e-05	0.11300	supercritical
548.69	741.00	192.52	0.0051942	1126.3	1511.1	4.6087	2.6521	3.4943	899.55	-0.019714	2.8837e-05	0.11312	supercritical
549.69	741.00	192.22	0.0052024	1129.1	1514.6	4.6151	2.6556	3.4967	899.49	-0.019716	2.8830e-05	0.11323	supercritical
550.69	741.00	191.92	0.0052106	1132.0	1518.1	4.6214	2.6590	3.4992	899.44	-0.019719	2.8823e-05	0.11335	supercritical
551.69	741.00	191.61	0.0052188	1134.9	1521.6	4.6278	2.6624	3.5017	899.38	-0.019722	2.8817e-05	0.11347	supercritical
552.69	741.00	191.31	0.0052270	1137.8	1525.1	4.6341	2.6659	3.5042	899.33	-0.019725	2.8810e-05	0.11359	supercritical
553.69	741.00	191.01	0.0052352	1140.7	1528.6	4.6405	2.6693	3.5067	899.28	-0.019728	2.8804e-05	0.11371	supercritical
554.69	741.00	190.72	0.0052434	1143.6	1532.2	4.6468	2.6727	3.5092	899.24	-0.019731	2.8797e-05	0.11383	supercritical
555.69	741.00	190.42	0.0052516	1146.5	1535.7	4.6531	2.6762	3.5117	899.20	-0.019735	2.8791e-05	0.11395	supercritical
556.69	741.00	190.12	0.0052598	1149.4	1539.2	4.6594	2.6796	3.5142	899.16	-0.019738	2.8785e-05	0.11408	supercritical
557.69	741.00	189.82	0.0052680	1152.3	1542.7	4.6657	2.6830	3.5167	899.12	-0.019742	2.8779e-05	0.11420	supercritical
558.69	741.00	189.53	0.0052762	1155.2	1546.2	4.6720	2.6865	3.5192	899.08	-0.019746	2.8774e-05	0.11432	supercritical
559.69	741.00	189.24	0.0052844	1158.2	1549.7	4.6783	2.6899	3.5217	899.05	-0.019750	2.8768e-05	0.11445	supercritical
560.69	741.00	188.94	0.0052926	1161.1	1553.3	4.6846	2.6933	3.5242	899.02	-0.019754	2.8763e-05	0.11457	supercritical
561.69	741.00	188.65	0.0053008	1164.0	1556.8	4.6909	2.6968	3.5267	898.99	-0.019759	2.8758e-05	0.11469	supercritical
562.69	741.00	188.36	0.0053090	1166.9	1560.3	4.6972	2.7002	3.5293	898.96	-0.019763	2.8753e-05	0.11482	supercritical
563.69	741.00	188.07	0.0053172	1169.8	1563.8	4.7034	2.7036	3.5318	898.94	-0.019768	2.8748e-05	0.11494	supercritical
564.69	741.00	187.78	0.0053254	1172.8	1567.4	4.7097	2.7071	3.5343	898.92	-0.019773	2.8743e-05	0.11507	supercritical
565.69	741.00	187.49	0.0053336	1175.7	1570.9	4.7160	2.7105	3.5368	898.90	-0.019778	2.8738e-05	0.11520	supercritical
566.69	741.00	187.20	0.0053418	1178.6	1574.4	4.7222	2.7139	3.5394	898.88	-0.019783	2.8734e-05	0.11532	supercritical
567.69	741.00	186.92	0.0053500	1181.6	1578.0	4.7285	2.7174	3.5419	898.86	-0.019788	2.8729e-05	0.11545	supercritical
568.69	741.00	186.63	0.0053582	1184.5	1581.5	4.7347	2.7208	3.5445	898.85	-0.019794	2.8725e-05	0.11558	supercritical
569.69	741.00	186.35	0.0053664	1187.4	1585.1	4.7409	2.7242	3.5470	898.84	-0.019799	2.8721e-05	0.11571	supercritical
570.69	741.00	186.06	0.0053745	1190.4	1588.6	4.7471	2.7277	3.5496	898.83	-0.019805	2.8717e-05	0.11584	supercritical
571.69	741.00	185.78	0.0053827	1193.3	1592.2	4.7534	2.7311	3.5521	898.82	-0.019811	2.8713e-05	0.11597	supercritical
572.69	741.00	185.50	0.0053909	1196.3	1595.7	4.7596	2.7345	3.5547	898.82	-0.019817	2.8709e-05	0.11610	supercritical
573.69	741.00	185.22	0.0053991	1199.2	1599.3	4.7658	2.7380	3.5572	898.82	-0.019823	2.8706e-05	0.11623	supercritical
574.69	741.00	184.94	0.0054073	1202.2	1602.8	4.7720	2.7414	3.5598	898.82	-0.019829	2.8702e-05	0.11636	supercritical
575.69	741.00	184.66	0.0054155	1205.1	1606.4	4.7782	2.7448	3.5623	898.82	-0.019836	2.8699e-05	0.11649	supercritical
576.69	741.00	184.38	0.0054236	1208.1	1610.0	4.7843	2.7483	3.5649	898.82	-0.019842	2.8696e-05	0.11662	supercritical
577.69	741.00	184.10	0.0054318	1211.0	1613.5	4.7905	2.7517	3.5675	898.83	-0.019849	2.8693e-05	0.11676	supercritical
578.69	741.00	183.82	0.0054400	1214.0	1617.1	4.7967	2.7551	3.5700	898.84	-0.019855	2.8690e-05	0.11689	supercritical
579.69	741.00	183.55	0.0054482	1217.0	1620.7	4.8029	2.7585	3.5726	898.85	-0.019862	2.8687e-05	0.11702	supercritical
580.69	741.00	183.27	0.0054563	1219.9	1624.2	4.8090	2.7620	3.5752	898.86	-0.019869	2.8684e-05	0.11716	supercritical
581.69	741.00	183.00	0.0054645	1222.9	1627.8	4.8152	2.7654	3.5778	898.88	-0.019876	2.8682e-05	0.11729	supercritical
582.69	741.00	182.73	0.0054727	1225.9	1631.4	4.8213	2.7688	3.5804	898.89	-0.019883	2.8679e-05	0.11743	supercritical
583.69	741.00	182.45	0.0054809	1228.9	1635.0	4.8275	2.7723	3.5829	898.91	-0.019891	2.8677e-05	0.11756	supercritical
584.69	741.00	182.18	0.0054890	1231.8	1638.6	4.8336	2.7757	3.5855	898.93	-0.019898	2.8674e-05	0.11770	supercritical
585.69	741.00	181.91	0.0054972	1234.8	1642.2	4.8397	2.7791	3.5881	898.95	-0.019906	2.8672e-05	0.11783	supercritical
586.69	741.00	181.64	0.0055054	1237.8	1645.7	4.8458	2.7825	3.5907	898.98	-0.019913	2.8670e-05	0.11797	supercritical
587.69	741.00	181.37	0.0055135	1240.8	1649.3	4.8520	2.7860	3.5933	899.00	-0.019921	2.8669e-05	0.11811	supercritical
588.69	741.00	181.10	0.0055217	1243.8	1652.9	4.8581	2.7894	3.5959	899.03	-0.019929	2.8667e-05	0.11825	supercritical
589.69	741.00	180.84	0.0055298	1246.8	1656.5	4.8642	2.7928	3.5985	899.06	-0.019937	2.8665e-05	0.11838	supercritical
590.69	741.00	180.57	0.0055380	1249.8	1660.1	4.8703	2.7962	3.6011	899.09	-0.019945	2.8664e-05	0.11852	supercritical
591.69	741.00	180.30	0.0055462	1252.8	1663.7	4.8764	2.7997	3.6037	899.12	-0.019953	2.8662e-05	0.11866	supercritical
592.69	741.00	180.04	0.0055543	1255.8	1667.3	4.8825	2.8031	3.6063	899.16	-0.019961	2.8661e-05	0.11880	supercritical
593.69	741.00	179.78	0.0055625	1258.8	1670.9	4.8885	2.8065	3.6089	899.20	-0.019969	2.8660e-05	0.11894	supercritical
594.69	741.00	179.51	0.0055706	1261.8	1674.6	4.8946	2.8099	3.6115	899.23	-0.019978	2.8659e-05	0.11908	supercritical
595.69	741.00	179.25	0.0055788	1264.8	1678.2	4.9007	2.8133	3.6142	899.27	-0.019986	2.8658e-05	0.11922	supercritical
596.69	741.00	178.99	0.0055869	1267.8	1681.8	4.9068	2.8167	3.6168	899.32	-0.019995	2.8657e-05	0.11936	supercritical
597.69	741.00	178.73	0.0055951	1270.8	1685.4	4.9128	2.8202	3.6194	899.36	-0.020003	2.8656e-05	0.11951	supercritical
598.69	741.00	178.47	0.0056032	1273.8	1689.0	4.9189	2.8236	3.6220	899.41	-0.020012	2.8655e-05	0.11965	supercritical
599.69	741.00	178.21	0.0056114	1276.8	1692.6	4.9249	2.8270	3.6246	899.45	-0.020021	2.8655e-05	0.11979	supercritical
600.69	741.00	177.95	0.0056195	1279.9	1696.3	4.9310	2.8304	3.6273	899.50	-0.020030	2.8654e-05	0.11993	supercritical
601.69	741.00	177.69	0.0056277	1282.9	1699.9	4.9370	2.8338	3.6299	899.55	-0.020039	2.8654e-05	0.12008	supercritical
602.69	741.00	177.44	0.0056358	1285.9	1703.5	4.9430	2.8372	3.6325	899.61	-0.020048	2.8654e-05	0.12022	supercritical
603.69	741.00	177.18	0.0056440	1288.9	1707.2	4.9490	2.8407	3.6351	899.66	-0.020057	2.8654e-05	0.12036	supercritical
604.69	741.00	176.93	0.0056521	1292.0	1710.8	4.9551	2.8441	3.6378	899.72	-0.020066	2.8654e-05	0.12051	supercritical
605.69	741.00	176.67	0.0056602	1295.0	1714.4	4.9611	2.8475	3.6404	899.77	-0.020075	2.8654e-05	0.12065	supercritical
606.69	741.00	176.42	0.0056684	1298.1	1718.1	4.9671	2.8509	3.6431	899.83	-0.020085	2.8654e-05	0.12080	supercritical
607.69	741.00	176.16	0.0056765	1301.1	1721.7	4.9731	2.8543	3.6457	899.89	-0.020094	2.8654e-05	0.12094	supercritical
608.69	741.00	175.91	0.0056846	1304.1	1725.4	4.9791	2.8577	3.6483	899.95	-0.020104	2.8654e-05	0.12109	supercritical
609.69	741.00	175.66	0.0056928	1307.2	1729.0	4.9851	2.8611	3.6510	900.02	-0.020113	2.8655e-05	0.12124	supercritical
610.69	741.00	175.41	0.0057009	1310.2	1732.7	4.9911	2.8645	3.6536	900.08	-0.020123	2.8655e-05	0.12138	supercritical
611.69	741.00	175.16	0.0057090	1313.3	1736.3	4.9970	2.8679	3.6563	900.15	-0.020133	2.8656e-05	0.12153	supercritical
612.69	741.00	174.91	0.0057172	1316.3	1740.0	5.0030	2.8713	3.6589	900.22	-0.020142	2.8657e-05	0.12168	supercritical
613.69	741.00	174.66	0.0057253	1319.4	1743.6	5.0090	2.8747	3.6616	900.29	-0.020152	2.8658e-05	0.12183	supercritical
614.69	741.00	174.42	0.0057334	1322.5	1747.3	5.0149	2.8781	3.6642	900.36	-0.020162	2.8659e-05	0.12198	supercritical
615.69	741.00	174.17	0.0057416	1325.5	1751.0	5.0209	2.8815	3.6669	900.43	-0.020172	2.8660e-05	0.12212	supercritical
616.69	741.00	173.92	0.0057497	1328.6	1754.6	5.0269	2.8849	3.6695	900.51	-0.020182	2.8661e-05	0.12227	supercritical
617.69	741.00	173.68	0.0057578	1331.7	1758.3	5.0328	2.8883	3.6722	900.58	-0.020192	2.8662e-05	0.12242	supercritical
618.69	741.00	173.43	0.0057659	1334.7	1762.0	5.0387	2.8917	3.6749	900.66	-0.020202	2.8663e-05	0.12257	supercritical
619.69	741.00	173.19	0.0057740	1337.8	1765.7	5.0447	2.8951	3.6775	900.74	-0.020212	2.8665e-05	0.12272	supercritical
620.69	741.00	172.95	0.0057822	1340.9	1769.3	5.0506	2.8985	3.6802	900.82	-0.020223	2.8666e-05	0.12288	supercritical
621.69	741.00	172.70	0.0057903	1344.0	1773.0	5.0565	2.9019	3.6829	900.90	-0.020233	2.8668e-05	0.12303	supercritical
622.69	741.00	172.46	0.0057984	1347.1	1776.7	5.0625	2.9053	3.6855	900.99	-0.020243	2.8670e-05	0.12318	supercritical
623.69	741.00	172.22	0.0058065	1350.1	1780.4	5.0684	2.9087	3.6882	901.07	-0.020254	2.8671e-05	0.12333	supercritical
624.69	741.00	171.98	0.0058146	1353.2	1784.1	5.0743	2.9121	3.6909	901.16	-0.020264	2.8673e-05	0.12348	supercritical