Temperature (K)	Pressure (bar)	Density (kg/m3)	Volume (m3/kg)	Internal Energy (kJ/kg)	Enthalpy (kJ/kg)	Entropy (J/g*K)	Cv (J/g*K)	Cp (J/g*K)	Sound Spd. (m/s)	Joule-Thomson (K/bar)	Viscosity (Pa*s)	Therm. Cond. (W/m*K)	Phase
90.694	524.00	478.77	0.0020887	-93.946	15.500	-0.98682	2.2702	3.2197	1821.3	-0.052425	0.00039060	0.25170	liquid
103.69	524.00	465.68	0.0021474	-55.242	57.282	-0.55628	2.2058	3.2112	1744.1	-0.051936	0.00023881	0.23971	liquid
104.69	524.00	464.68	0.0021520	-52.274	60.493	-0.52546	2.2014	3.2110	1738.1	-0.051881	0.00023169	0.23870	liquid
105.69	524.00	463.67	0.0021567	-49.307	63.704	-0.49494	2.1971	3.2108	1732.0	-0.051825	0.00022496	0.23769	liquid
106.69	524.00	462.67	0.0021614	-46.341	66.915	-0.46470	2.1929	3.2106	1726.0	-0.051767	0.00021862	0.23667	liquid
107.69	524.00	461.67	0.0021660	-43.376	70.125	-0.43475	2.1887	3.2105	1719.9	-0.051708	0.00021262	0.23563	liquid
108.69	524.00	460.67	0.0021708	-40.412	73.336	-0.40508	2.1845	3.2103	1713.9	-0.051647	0.00020694	0.23460	liquid
109.69	524.00	459.67	0.0021755	-37.449	76.546	-0.37568	2.1804	3.2102	1707.8	-0.051585	0.00020156	0.23355	liquid
110.69	524.00	458.67	0.0021802	-34.488	79.756	-0.34655	2.1763	3.2101	1701.8	-0.051521	0.00019645	0.23251	liquid
111.69	524.00	457.67	0.0021850	-31.528	82.966	-0.31768	2.1722	3.2099	1695.7	-0.051456	0.00019160	0.23145	liquid
112.69	524.00	456.67	0.0021898	-28.568	86.176	-0.28907	2.1681	3.2098	1689.7	-0.051390	0.00018699	0.23039	liquid
113.69	524.00	455.67	0.0021946	-25.610	89.386	-0.26071	2.1641	3.2096	1683.7	-0.051322	0.00018260	0.22933	liquid
114.69	524.00	454.67	0.0021994	-22.654	92.595	-0.23261	2.1601	3.2095	1677.6	-0.051254	0.00017841	0.22827	liquid
115.69	524.00	453.67	0.0022042	-19.698	95.805	-0.20474	2.1561	3.2093	1671.6	-0.051184	0.00017442	0.22720	liquid
116.69	524.00	452.67	0.0022091	-16.744	99.014	-0.17712	2.1522	3.2092	1665.6	-0.051112	0.00017061	0.22613	liquid
117.69	524.00	451.67	0.0022140	-13.790	102.22	-0.14974	2.1482	3.2090	1659.6	-0.051040	0.00016697	0.22505	liquid
118.69	524.00	450.67	0.0022189	-10.839	105.43	-0.12259	2.1443	3.2088	1653.6	-0.050966	0.00016349	0.22398	liquid
119.69	524.00	449.67	0.0022238	-7.8880	108.64	-0.095672	2.1404	3.2086	1647.6	-0.050891	0.00016015	0.22290	liquid
120.69	524.00	448.68	0.0022288	-4.9387	111.85	-0.068977	2.1366	3.2085	1641.6	-0.050814	0.00015695	0.22182	liquid
121.69	524.00	447.68	0.0022337	-1.9907	115.06	-0.042504	2.1327	3.2083	1635.6	-0.050737	0.00015388	0.22074	liquid
122.69	524.00	446.68	0.0022387	0.95594	118.27	-0.016249	2.1289	3.2080	1629.7	-0.050658	0.00015093	0.21966	liquid
123.69	524.00	445.68	0.0022437	3.9012	121.47	0.0097907	2.1251	3.2078	1623.7	-0.050577	0.00014810	0.21858	liquid
124.69	524.00	444.69	0.0022488	6.8452	124.68	0.035619	2.1213	3.2076	1617.8	-0.050495	0.00014538	0.21749	liquid
125.69	524.00	443.69	0.0022538	9.7877	127.89	0.061240	2.1176	3.2074	1611.9	-0.050412	0.00014276	0.21641	liquid
126.69	524.00	442.69	0.0022589	12.729	131.10	0.086655	2.1138	3.2072	1605.9	-0.050328	0.00014024	0.21533	liquid
127.69	524.00	441.69	0.0022640	15.669	134.30	0.11187	2.1101	3.2069	1600.0	-0.050242	0.00013780	0.21425	liquid
128.69	524.00	440.70	0.0022691	18.607	137.51	0.13688	2.1065	3.2067	1594.1	-0.050154	0.00013546	0.21317	liquid
129.69	524.00	439.70	0.0022743	21.544	140.72	0.16170	2.1028	3.2064	1588.3	-0.050066	0.00013319	0.21209	liquid
130.69	524.00	438.70	0.0022795	24.479	143.92	0.18633	2.0992	3.2062	1582.4	-0.049975	0.00013100	0.21102	liquid
131.69	524.00	437.70	0.0022846	27.413	147.13	0.21077	2.0955	3.2059	1576.6	-0.049884	0.00012889	0.20994	liquid
132.69	524.00	436.71	0.0022899	30.346	150.33	0.23502	2.0919	3.2057	1570.7	-0.049790	0.00012684	0.20887	liquid
133.69	524.00	435.71	0.0022951	33.277	153.54	0.25909	2.0884	3.2054	1564.9	-0.049695	0.00012486	0.20780	liquid
134.69	524.00	434.71	0.0023004	36.206	156.75	0.28297	2.0848	3.2052	1559.1	-0.049599	0.00012294	0.20673	liquid
135.69	524.00	433.72	0.0023057	39.134	159.95	0.30668	2.0813	3.2049	1553.3	-0.049501	0.00012108	0.20566	liquid
136.69	524.00	432.72	0.0023110	42.060	163.16	0.33021	2.0778	3.2046	1547.6	-0.049402	0.00011928	0.20459	liquid
137.69	524.00	431.72	0.0023163	44.985	166.36	0.35357	2.0744	3.2044	1541.8	-0.049300	0.00011753	0.20353	liquid
138.69	524.00	430.72	0.0023217	47.909	169.56	0.37675	2.0709	3.2041	1536.1	-0.049198	0.00011583	0.20247	liquid
139.69	524.00	429.73	0.0023271	50.830	172.77	0.39977	2.0675	3.2039	1530.3	-0.049093	0.00011419	0.20142	liquid
140.69	524.00	428.73	0.0023325	53.751	175.97	0.42262	2.0641	3.2036	1524.6	-0.048987	0.00011259	0.20037	liquid
141.69	524.00	427.73	0.0023379	56.669	179.18	0.44531	2.0608	3.2034	1519.0	-0.048879	0.00011103	0.19932	liquid
142.69	524.00	426.74	0.0023434	59.586	182.38	0.46784	2.0574	3.2031	1513.3	-0.048770	0.00010952	0.19827	liquid
143.69	524.00	425.74	0.0023489	62.502	185.58	0.49021	2.0541	3.2029	1507.6	-0.048658	0.00010804	0.19723	liquid
144.69	524.00	424.74	0.0023544	65.415	188.78	0.51242	2.0508	3.2026	1502.0	-0.048545	0.00010661	0.19619	liquid
145.69	524.00	423.75	0.0023599	68.328	191.99	0.53448	2.0476	3.2024	1496.4	-0.048430	0.00010521	0.19515	liquid
146.69	524.00	422.75	0.0023655	71.238	195.19	0.55638	2.0443	3.2021	1490.8	-0.048314	0.00010385	0.19412	liquid
147.69	524.00	421.75	0.0023711	74.147	198.39	0.57813	2.0411	3.2019	1485.2	-0.048195	0.00010253	0.19310	liquid
148.69	524.00	420.75	0.0023767	77.055	201.59	0.59974	2.0380	3.2017	1479.6	-0.048075	0.00010123	0.19207	liquid
149.69	524.00	419.76	0.0023823	79.960	204.79	0.62120	2.0348	3.2014	1474.1	-0.047953	9.9974e-05	0.19105	liquid
150.69	524.00	418.76	0.0023880	82.864	208.00	0.64251	2.0317	3.2012	1468.6	-0.047829	9.8744e-05	0.19004	liquid
151.69	524.00	417.76	0.0023937	85.767	211.20	0.66369	2.0286	3.2010	1463.1	-0.047703	9.7544e-05	0.18903	liquid
152.69	524.00	416.77	0.0023994	88.668	214.40	0.68472	2.0256	3.2008	1457.6	-0.047576	9.6371e-05	0.18802	liquid
153.69	524.00	415.77	0.0024052	91.567	217.60	0.70561	2.0225	3.2006	1452.1	-0.047446	9.5226e-05	0.18702	liquid
154.69	524.00	414.77	0.0024110	94.464	220.80	0.72637	2.0195	3.2004	1446.6	-0.047315	9.4108e-05	0.18603	liquid
155.69	524.00	413.77	0.0024168	97.360	224.00	0.74699	2.0166	3.2002	1441.2	-0.047181	9.3014e-05	0.18504	liquid
156.69	524.00	412.78	0.0024226	100.25	227.20	0.76748	2.0136	3.2001	1435.8	-0.047046	9.1945e-05	0.18405	liquid
157.69	524.00	411.78	0.0024285	103.15	230.40	0.78783	2.0107	3.1999	1430.4	-0.046908	9.0900e-05	0.18307	liquid
158.69	524.00	410.78	0.0024344	106.04	233.60	0.80806	2.0078	3.1997	1425.0	-0.046769	8.9878e-05	0.18209	liquid
159.69	524.00	409.79	0.0024403	108.93	236.80	0.82816	2.0050	3.1996	1419.7	-0.046628	8.8877e-05	0.18112	liquid
160.69	524.00	408.79	0.0024463	111.81	240.00	0.84813	2.0022	3.1994	1414.3	-0.046485	8.7898e-05	0.18015	liquid
161.69	524.00	407.79	0.0024522	114.70	243.20	0.86798	1.9994	3.1993	1409.0	-0.046339	8.6939e-05	0.17919	liquid
162.69	524.00	406.79	0.0024583	117.58	246.40	0.88771	1.9966	3.1992	1403.7	-0.046192	8.6001e-05	0.17824	liquid
163.69	524.00	405.80	0.0024643	120.47	249.60	0.90731	1.9939	3.1990	1398.5	-0.046043	8.5081e-05	0.17728	liquid
164.69	524.00	404.80	0.0024704	123.35	252.79	0.92679	1.9912	3.1989	1393.2	-0.045891	8.4181e-05	0.17634	liquid
165.69	524.00	403.80	0.0024765	126.23	255.99	0.94616	1.9885	3.1988	1388.0	-0.045738	8.3298e-05	0.17540	liquid
166.69	524.00	402.80	0.0024826	129.10	259.19	0.96540	1.9859	3.1987	1382.8	-0.045582	8.2433e-05	0.17446	liquid
167.69	524.00	401.81	0.0024888	131.98	262.39	0.98454	1.9832	3.1986	1377.6	-0.045425	8.1585e-05	0.17353	liquid
168.69	524.00	400.81	0.0024949	134.85	265.59	1.0036	1.9807	3.1985	1372.4	-0.045265	8.0753e-05	0.17261	liquid
169.69	524.00	399.81	0.0025012	137.73	268.79	1.0225	1.9781	3.1985	1367.3	-0.045104	7.9938e-05	0.17169	liquid
170.69	524.00	398.82	0.0025074	140.60	271.99	1.0412	1.9756	3.1984	1362.2	-0.044940	7.9138e-05	0.17078	liquid
171.69	524.00	397.82	0.0025137	143.47	275.19	1.0599	1.9731	3.1984	1357.1	-0.044774	7.8353e-05	0.16987	liquid
172.69	524.00	396.82	0.0025200	146.33	278.38	1.0785	1.9706	3.1983	1352.0	-0.044606	7.7583e-05	0.16897	liquid
173.69	524.00	395.82	0.0025264	149.20	281.58	1.0970	1.9682	3.1983	1346.9	-0.044436	7.6827e-05	0.16807	liquid
174.69	524.00	394.83	0.0025327	152.06	284.78	1.1153	1.9658	3.1982	1341.9	-0.044264	7.6085e-05	0.16718	liquid
175.69	524.00	393.83	0.0025392	154.93	287.98	1.1336	1.9635	3.1982	1336.9	-0.044090	7.5356e-05	0.16630	liquid
176.69	524.00	392.83	0.0025456	157.79	291.18	1.1517	1.9611	3.1982	1331.9	-0.043914	7.4641e-05	0.16542	liquid
177.69	524.00	391.84	0.0025521	160.65	294.37	1.1698	1.9588	3.1982	1326.9	-0.043735	7.3938e-05	0.16454	liquid
178.69	524.00	390.84	0.0025586	163.50	297.57	1.1877	1.9565	3.1982	1321.9	-0.043555	7.3248e-05	0.16368	liquid
179.69	524.00	389.84	0.0025651	166.36	300.77	1.2056	1.9543	3.1982	1317.0	-0.043372	7.2570e-05	0.16281	liquid
180.69	524.00	388.85	0.0025717	169.21	303.97	1.2233	1.9521	3.1983	1312.1	-0.043187	7.1903e-05	0.16196	liquid
181.69	524.00	387.85	0.0025783	172.06	307.17	1.2410	1.9499	3.1983	1307.2	-0.043000	7.1249e-05	0.16111	liquid
182.69	524.00	386.86	0.0025849	174.92	310.37	1.2585	1.9478	3.1983	1302.4	-0.042811	7.0605e-05	0.16026	liquid
183.69	524.00	385.86	0.0025916	177.76	313.56	1.2760	1.9457	3.1984	1297.5	-0.042620	6.9973e-05	0.15943	liquid
184.69	524.00	384.87	0.0025983	180.61	316.76	1.2934	1.9436	3.1984	1292.7	-0.042427	6.9351e-05	0.15859	liquid
185.69	524.00	383.87	0.0026050	183.46	319.96	1.3106	1.9415	3.1985	1287.9	-0.042232	6.8739e-05	0.15777	liquid
186.69	524.00	382.87	0.0026118	186.30	323.16	1.3278	1.9395	3.1986	1283.2	-0.042035	6.8138e-05	0.15695	liquid
187.69	524.00	381.88	0.0026186	189.14	326.36	1.3449	1.9375	3.1987	1278.4	-0.041835	6.7546e-05	0.15613	liquid
188.69	524.00	380.88	0.0026255	191.98	329.56	1.3619	1.9356	3.1988	1273.7	-0.041634	6.6965e-05	0.15533	liquid
189.69	524.00	379.89	0.0026323	194.82	332.76	1.3788	1.9337	3.1988	1269.0	-0.041430	6.6392e-05	0.15453	liquid
190.69	524.00	378.90	0.0026392	197.66	335.95	1.3956	1.9318	3.1990	1264.3	-0.041224	6.5829e-05	0.15373	supercritical
191.69	524.00	377.90	0.0026462	200.49	339.15	1.4124	1.9299	3.1991	1259.7	-0.041017	6.5275e-05	0.15294	supercritical
192.69	524.00	376.91	0.0026532	203.33	342.35	1.4290	1.9281	3.1992	1255.0	-0.040807	6.4730e-05	0.15215	supercritical
193.69	524.00	375.92	0.0026602	206.16	345.55	1.4456	1.9263	3.1993	1250.4	-0.040595	6.4193e-05	0.15137	supercritical
194.69	524.00	374.92	0.0026672	208.99	348.75	1.4620	1.9245	3.1994	1245.9	-0.040381	6.3665e-05	0.15060	supercritical
195.69	524.00	373.93	0.0026743	211.82	351.95	1.4784	1.9228	3.1996	1241.3	-0.040165	6.3145e-05	0.14983	supercritical
196.69	524.00	372.94	0.0026814	214.64	355.15	1.4947	1.9211	3.1997	1236.8	-0.039947	6.2634e-05	0.14906	supercritical
197.69	524.00	371.94	0.0026886	217.47	358.35	1.5110	1.9194	3.1999	1232.3	-0.039727	6.2130e-05	0.14831	supercritical
198.69	524.00	370.95	0.0026958	220.29	361.55	1.5271	1.9178	3.2000	1227.8	-0.039505	6.1634e-05	0.14756	supercritical
199.69	524.00	369.96	0.0027030	223.11	364.75	1.5432	1.9162	3.2002	1223.3	-0.039281	6.1145e-05	0.14681	supercritical
200.69	524.00	368.97	0.0027102	225.93	367.95	1.5592	1.9146	3.2004	1218.9	-0.039056	6.0664e-05	0.14607	supercritical
201.69	524.00	367.98	0.0027175	228.75	371.15	1.5751	1.9131	3.2005	1214.5	-0.038828	6.0190e-05	0.14534	supercritical
202.69	524.00	366.99	0.0027249	231.57	374.35	1.5909	1.9116	3.2007	1210.1	-0.038598	5.9723e-05	0.14461	supercritical
203.69	524.00	366.00	0.0027322	234.38	377.55	1.6066	1.9101	3.2009	1205.7	-0.038366	5.9263e-05	0.14389	supercritical
204.69	524.00	365.01	0.0027396	237.20	380.75	1.6223	1.9087	3.2011	1201.4	-0.038133	5.8810e-05	0.14318	supercritical
205.69	524.00	364.02	0.0027471	240.01	383.95	1.6379	1.9072	3.2013	1197.1	-0.037897	5.8364e-05	0.14247	supercritical
206.69	524.00	363.04	0.0027545	242.82	387.16	1.6535	1.9059	3.2015	1192.8	-0.037660	5.7924e-05	0.14177	supercritical
207.69	524.00	362.05	0.0027621	245.63	390.36	1.6689	1.9045	3.2017	1188.5	-0.037421	5.7490e-05	0.14107	supercritical
208.69	524.00	361.06	0.0027696	248.43	393.56	1.6843	1.9032	3.2019	1184.3	-0.037180	5.7063e-05	0.14038	supercritical
209.69	524.00	360.08	0.0027772	251.24	396.76	1.6996	1.9019	3.2021	1180.1	-0.036937	5.6642e-05	0.13969	supercritical
210.69	524.00	359.09	0.0027848	254.04	399.96	1.7148	1.9007	3.2023	1175.9	-0.036692	5.6227e-05	0.13901	supercritical
211.69	524.00	358.11	0.0027925	256.84	403.17	1.7300	1.8995	3.2025	1171.7	-0.036446	5.5818e-05	0.13834	supercritical
212.69	524.00	357.12	0.0028002	259.64	406.37	1.7451	1.8983	3.2027	1167.6	-0.036198	5.5415e-05	0.13767	supercritical
213.69	524.00	356.14	0.0028079	262.44	409.57	1.7601	1.8971	3.2030	1163.5	-0.035948	5.5017e-05	0.13701	supercritical
214.69	524.00	355.15	0.0028157	265.23	412.77	1.7751	1.8960	3.2032	1159.4	-0.035696	5.4626e-05	0.13635	supercritical
215.69	524.00	354.17	0.0028235	268.03	415.98	1.7899	1.8949	3.2034	1155.3	-0.035443	5.4239e-05	0.13570	supercritical
216.69	524.00	353.19	0.0028313	270.82	419.18	1.8048	1.8939	3.2036	1151.3	-0.035188	5.3858e-05	0.13506	supercritical
217.69	524.00	352.21	0.0028392	273.61	422.39	1.8195	1.8928	3.2039	1147.3	-0.034932	5.3482e-05	0.13442	supercritical
218.69	524.00	351.23	0.0028471	276.40	425.59	1.8342	1.8919	3.2041	1143.3	-0.034674	5.3112e-05	0.13378	supercritical
219.69	524.00	350.25	0.0028551	279.19	428.79	1.8488	1.8909	3.2043	1139.3	-0.034414	5.2747e-05	0.13316	supercritical
220.69	524.00	349.27	0.0028631	281.97	432.00	1.8634	1.8900	3.2046	1135.4	-0.034153	5.2386e-05	0.13254	supercritical
221.69	524.00	348.30	0.0028711	284.76	435.20	1.8779	1.8891	3.2048	1131.5	-0.033891	5.2031e-05	0.13192	supercritical
222.69	524.00	347.32	0.0028792	287.54	438.41	1.8923	1.8882	3.2050	1127.6	-0.033627	5.1680e-05	0.13131	supercritical
223.69	524.00	346.35	0.0028873	290.32	441.61	1.9066	1.8874	3.2053	1123.8	-0.033361	5.1334e-05	0.13071	supercritical
224.69	524.00	345.37	0.0028954	293.10	444.82	1.9209	1.8866	3.2055	1119.9	-0.033094	5.0993e-05	0.13011	supercritical
225.69	524.00	344.40	0.0029036	295.87	448.02	1.9352	1.8858	3.2057	1116.1	-0.032826	5.0657e-05	0.12951	supercritical
226.69	524.00	343.43	0.0029118	298.65	451.23	1.9493	1.8851	3.2060	1112.4	-0.032557	5.0325e-05	0.12893	supercritical
227.69	524.00	342.45	0.0029201	301.42	454.44	1.9635	1.8844	3.2062	1108.6	-0.032286	4.9997e-05	0.12834	supercritical
228.69	524.00	341.48	0.0029284	304.19	457.64	1.9775	1.8837	3.2064	1104.9	-0.032013	4.9674e-05	0.12777	supercritical
229.69	524.00	340.51	0.0029367	306.96	460.85	1.9915	1.8831	3.2067	1101.2	-0.031740	4.9355e-05	0.12720	supercritical
230.69	524.00	339.55	0.0029451	309.73	464.06	2.0054	1.8824	3.2069	1097.5	-0.031465	4.9040e-05	0.12663	supercritical
231.69	524.00	338.58	0.0029535	312.50	467.26	2.0193	1.8819	3.2071	1093.9	-0.031190	4.8730e-05	0.12607	supercritical
232.69	524.00	337.61	0.0029620	315.26	470.47	2.0331	1.8813	3.2074	1090.2	-0.030913	4.8423e-05	0.12552	supercritical
233.69	524.00	336.65	0.0029705	318.03	473.68	2.0469	1.8808	3.2076	1086.6	-0.030635	4.8121e-05	0.12497	supercritical
234.69	524.00	335.69	0.0029790	320.79	476.88	2.0606	1.8803	3.2078	1083.1	-0.030356	4.7823e-05	0.12443	supercritical
235.69	524.00	334.72	0.0029875	323.55	480.09	2.0742	1.8799	3.2080	1079.5	-0.030076	4.7528e-05	0.12389	supercritical
236.69	524.00	333.76	0.0029961	326.30	483.30	2.0878	1.8795	3.2082	1076.0	-0.029795	4.7237e-05	0.12336	supercritical
237.69	524.00	332.80	0.0030048	329.06	486.51	2.1013	1.8791	3.2085	1072.5	-0.029513	4.6950e-05	0.12283	supercritical
238.69	524.00	331.84	0.0030135	331.81	489.72	2.1148	1.8787	3.2087	1069.1	-0.029230	4.6667e-05	0.12231	supercritical
239.69	524.00	330.89	0.0030222	334.56	492.93	2.1282	1.8784	3.2089	1065.6	-0.028947	4.6387e-05	0.12180	supercritical
240.69	524.00	329.93	0.0030309	337.31	496.14	2.1416	1.8781	3.2091	1062.2	-0.028662	4.6111e-05	0.12129	supercritical
241.69	524.00	328.98	0.0030397	340.06	499.34	2.1549	1.8778	3.2093	1058.8	-0.028377	4.5839e-05	0.12078	supercritical
242.69	524.00	328.03	0.0030485	342.81	502.55	2.1681	1.8776	3.2095	1055.5	-0.028091	4.5570e-05	0.12028	supercritical
243.69	524.00	327.07	0.0030574	345.56	505.76	2.1813	1.8774	3.2097	1052.1	-0.027804	4.5304e-05	0.11979	supercritical
244.69	524.00	326.12	0.0030663	348.30	508.97	2.1945	1.8772	3.2098	1048.8	-0.027517	4.5042e-05	0.11930	supercritical
245.69	524.00	325.18	0.0030753	351.04	512.18	2.2075	1.8771	3.2100	1045.5	-0.027229	4.4783e-05	0.11882	supercritical
246.69	524.00	324.23	0.0030842	353.78	515.39	2.2206	1.8769	3.2102	1042.3	-0.026941	4.4528e-05	0.11834	supercritical
247.69	524.00	323.28	0.0030932	356.52	518.60	2.2336	1.8769	3.2104	1039.1	-0.026652	4.4275e-05	0.11786	supercritical
248.69	524.00	322.34	0.0031023	359.25	521.81	2.2465	1.8768	3.2105	1035.9	-0.026363	4.4026e-05	0.11740	supercritical
249.69	524.00	321.40	0.0031114	361.99	525.02	2.2594	1.8768	3.2107	1032.7	-0.026073	4.3780e-05	0.11693	supercritical
250.69	524.00	320.46	0.0031205	364.72	528.24	2.2722	1.8768	3.2108	1029.5	-0.025783	4.3537e-05	0.11648	supercritical
251.69	524.00	319.52	0.0031297	367.45	531.45	2.2850	1.8768	3.2110	1026.4	-0.025492	4.3297e-05	0.11602	supercritical
252.69	524.00	318.59	0.0031389	370.18	534.66	2.2977	1.8769	3.2111	1023.3	-0.025202	4.3061e-05	0.11558	supercritical
253.69	524.00	317.65	0.0031481	372.91	537.87	2.3104	1.8770	3.2113	1020.3	-0.024911	4.2827e-05	0.11513	supercritical
254.69	524.00	316.72	0.0031574	375.63	541.08	2.3231	1.8771	3.2114	1017.2	-0.024620	4.2596e-05	0.11470	supercritical
255.69	524.00	315.79	0.0031667	378.36	544.29	2.3356	1.8773	3.2115	1014.2	-0.024328	4.2368e-05	0.11426	supercritical
256.69	524.00	314.86	0.0031760	381.08	547.50	2.3482	1.8775	3.2117	1011.2	-0.024037	4.2142e-05	0.11384	supercritical
257.69	524.00	313.93	0.0031854	383.80	550.71	2.3607	1.8777	3.2118	1008.2	-0.023746	4.1920e-05	0.11341	supercritical
258.69	524.00	313.00	0.0031949	386.52	553.93	2.3731	1.8779	3.2119	1005.3	-0.023454	4.1700e-05	0.11300	supercritical
259.69	524.00	312.08	0.0032043	389.23	557.14	2.3855	1.8782	3.2120	1002.4	-0.023163	4.1483e-05	0.11258	supercritical
260.69	524.00	311.16	0.0032138	391.95	560.35	2.3978	1.8785	3.2121	999.50	-0.022872	4.1269e-05	0.11218	supercritical
261.69	524.00	310.24	0.0032233	394.66	563.56	2.4101	1.8788	3.2122	996.63	-0.022580	4.1057e-05	0.11177	supercritical
262.69	524.00	309.32	0.0032329	397.37	566.78	2.4224	1.8792	3.2123	993.80	-0.022289	4.0848e-05	0.11138	supercritical
263.69	524.00	308.40	0.0032425	400.08	569.99	2.4346	1.8796	3.2123	990.99	-0.021999	4.0642e-05	0.11098	supercritical
264.69	524.00	307.49	0.0032521	402.79	573.20	2.4468	1.8800	3.2124	988.20	-0.021708	4.0438e-05	0.11059	supercritical
265.69	524.00	306.58	0.0032618	405.49	576.41	2.4589	1.8804	3.2125	985.44	-0.021418	4.0237e-05	0.11021	supercritical
266.69	524.00	305.67	0.0032715	408.20	579.62	2.4709	1.8809	3.2125	982.71	-0.021128	4.0038e-05	0.10983	supercritical
267.69	524.00	304.76	0.0032812	410.90	582.84	2.4830	1.8814	3.2126	980.00	-0.020839	3.9841e-05	0.10946	supercritical
268.69	524.00	303.86	0.0032910	413.60	586.05	2.4949	1.8819	3.2126	977.31	-0.020550	3.9647e-05	0.10909	supercritical
269.69	524.00	302.96	0.0033008	416.30	589.26	2.5069	1.8825	3.2127	974.66	-0.020262	3.9455e-05	0.10872	supercritical
270.69	524.00	302.05	0.0033107	419.00	592.48	2.5188	1.8831	3.2127	972.02	-0.019974	3.9266e-05	0.10836	supercritical
271.69	524.00	301.16	0.0033205	421.69	595.69	2.5306	1.8837	3.2127	969.41	-0.019687	3.9079e-05	0.10801	supercritical
272.69	524.00	300.26	0.0033304	424.39	598.90	2.5424	1.8843	3.2127	966.83	-0.019400	3.8894e-05	0.10766	supercritical
273.69	524.00	299.37	0.0033404	427.08	602.11	2.5542	1.8850	3.2128	964.27	-0.019114	3.8712e-05	0.10731	supercritical
274.69	524.00	298.47	0.0033504	429.77	605.33	2.5659	1.8857	3.2128	961.74	-0.018829	3.8532e-05	0.10697	supercritical
275.69	524.00	297.59	0.0033604	432.45	608.54	2.5776	1.8864	3.2128	959.23	-0.018545	3.8354e-05	0.10663	supercritical
276.69	524.00	296.70	0.0033704	435.14	611.75	2.5892	1.8872	3.2128	956.75	-0.018261	3.8178e-05	0.10630	supercritical
277.69	524.00	295.81	0.0033805	437.83	614.96	2.6008	1.8879	3.2127	954.29	-0.017979	3.8004e-05	0.10597	supercritical
278.69	524.00	294.93	0.0033906	440.51	618.18	2.6123	1.8887	3.2127	951.85	-0.017697	3.7832e-05	0.10564	supercritical
279.69	524.00	294.05	0.0034008	443.19	621.39	2.6238	1.8896	3.2127	949.44	-0.017416	3.7663e-05	0.10532	supercritical
280.69	524.00	293.18	0.0034109	445.87	624.60	2.6353	1.8904	3.2127	947.06	-0.017136	3.7495e-05	0.10501	supercritical
281.69	524.00	292.30	0.0034211	448.55	627.82	2.6467	1.8913	3.2126	944.70	-0.016858	3.7330e-05	0.10470	supercritical
282.69	524.00	291.43	0.0034314	451.22	631.03	2.6581	1.8922	3.2126	942.36	-0.016580	3.7166e-05	0.10439	supercritical
283.69	524.00	290.56	0.0034416	453.90	634.24	2.6695	1.8931	3.2125	940.04	-0.016303	3.7005e-05	0.10409	supercritical
284.69	524.00	289.69	0.0034519	456.57	637.45	2.6808	1.8941	3.2125	937.75	-0.016028	3.6846e-05	0.10379	supercritical
285.69	524.00	288.83	0.0034623	459.24	640.67	2.6920	1.8951	3.2124	935.49	-0.015754	3.6688e-05	0.10349	supercritical
286.69	524.00	287.97	0.0034726	461.91	643.88	2.7033	1.8961	3.2124	933.24	-0.015481	3.6532e-05	0.10320	supercritical
287.69	524.00	287.11	0.0034830	464.58	647.09	2.7144	1.8971	3.2123	931.03	-0.015209	3.6379e-05	0.10292	supercritical
288.69	524.00	286.25	0.0034935	467.25	650.30	2.7256	1.8982	3.2122	928.83	-0.014938	3.6227e-05	0.10264	supercritical
289.69	524.00	285.40	0.0035039	469.91	653.51	2.7367	1.8992	3.2122	926.66	-0.014669	3.6077e-05	0.10236	supercritical
290.69	524.00	284.54	0.0035144	472.57	656.73	2.7478	1.9003	3.2121	924.51	-0.014402	3.5929e-05	0.10208	supercritical
291.69	524.00	283.70	0.0035249	475.23	659.94	2.7588	1.9015	3.2120	922.38	-0.014136	3.5782e-05	0.10181	supercritical
292.69	524.00	282.85	0.0035354	477.89	663.15	2.7698	1.9026	3.2119	920.28	-0.013871	3.5638e-05	0.10155	supercritical
293.69	524.00	282.01	0.0035460	480.55	666.36	2.7807	1.9038	3.2118	918.20	-0.013607	3.5495e-05	0.10128	supercritical
294.69	524.00	281.17	0.0035566	483.21	669.57	2.7917	1.9050	3.2117	916.14	-0.013346	3.5354e-05	0.10103	supercritical
295.69	524.00	280.33	0.0035672	485.86	672.79	2.8025	1.9062	3.2116	914.10	-0.013086	3.5214e-05	0.10077	supercritical
296.69	524.00	279.49	0.0035779	488.52	676.00	2.8134	1.9075	3.2115	912.09	-0.012827	3.5077e-05	0.10052	supercritical
297.69	524.00	278.66	0.0035886	491.17	679.21	2.8242	1.9088	3.2114	910.10	-0.012570	3.4941e-05	0.10027	supercritical
298.69	524.00	277.83	0.0035993	493.82	682.42	2.8350	1.9101	3.2113	908.13	-0.012315	3.4806e-05	0.10003	supercritical
299.69	524.00	277.00	0.0036100	496.47	685.63	2.8457	1.9114	3.2112	906.18	-0.012061	3.4674e-05	0.099791	supercritical
300.69	524.00	276.18	0.0036208	499.11	688.84	2.8564	1.9127	3.2110	904.26	-0.011809	3.4543e-05	0.099556	supercritical
301.69	524.00	275.36	0.0036316	501.76	692.05	2.8670	1.9141	3.2109	902.35	-0.011559	3.4413e-05	0.099324	supercritical
302.69	524.00	274.54	0.0036424	504.40	695.26	2.8777	1.9155	3.2108	900.47	-0.011311	3.4285e-05	0.099096	supercritical
303.69	524.00	273.73	0.0036533	507.04	698.48	2.8883	1.9169	3.2107	898.61	-0.011065	3.4159e-05	0.098871	supercritical
304.69	524.00	272.92	0.0036641	509.68	701.69	2.8988	1.9184	3.2106	896.77	-0.010820	3.4034e-05	0.098650	supercritical
305.69	524.00	272.11	0.0036750	512.32	704.90	2.9093	1.9198	3.2104	894.95	-0.010577	3.3911e-05	0.098432	supercritical
306.69	524.00	271.30	0.0036860	514.96	708.11	2.9198	1.9213	3.2103	893.16	-0.010337	3.3789e-05	0.098218	supercritical
307.69	524.00	270.50	0.0036969	517.60	711.32	2.9303	1.9228	3.2102	891.38	-0.010098	3.3669e-05	0.098008	supercritical
308.69	524.00	269.70	0.0037079	520.23	714.53	2.9407	1.9243	3.2100	889.63	-0.0098608	3.3550e-05	0.097801	supercritical
309.69	524.00	268.90	0.0037189	522.87	717.74	2.9511	1.9259	3.2099	887.89	-0.0096258	3.3432e-05	0.097597	supercritical
310.69	524.00	268.10	0.0037299	525.50	720.95	2.9614	1.9274	3.2098	886.18	-0.0093929	3.3316e-05	0.097397	supercritical
311.69	524.00	267.31	0.0037410	528.13	724.16	2.9717	1.9290	3.2097	884.48	-0.0091620	3.3202e-05	0.097200	supercritical
312.69	524.00	266.52	0.0037520	530.76	727.37	2.9820	1.9306	3.2095	882.81	-0.0089331	3.3089e-05	0.097007	supercritical
313.69	524.00	265.74	0.0037631	533.39	730.58	2.9923	1.9323	3.2094	881.16	-0.0087063	3.2977e-05	0.096817	supercritical
314.69	524.00	264.95	0.0037742	536.01	733.78	3.0025	1.9339	3.2093	879.52	-0.0084816	3.2867e-05	0.096630	supercritical
315.69	524.00	264.17	0.0037854	538.64	736.99	3.0127	1.9356	3.2091	877.91	-0.0082590	3.2758e-05	0.096447	supercritical
316.69	524.00	263.40	0.0037965	541.26	740.20	3.0228	1.9373	3.2090	876.31	-0.0080385	3.2650e-05	0.096267	supercritical
317.69	524.00	262.62	0.0038077	543.89	743.41	3.0329	1.9390	3.2089	874.74	-0.0078202	3.2544e-05	0.096090	supercritical
318.69	524.00	261.85	0.0038189	546.51	746.62	3.0430	1.9408	3.2088	873.18	-0.0076040	3.2439e-05	0.095916	supercritical
319.69	524.00	261.09	0.0038302	549.13	749.83	3.0531	1.9425	3.2086	871.64	-0.0073901	3.2335e-05	0.095745	supercritical
320.69	524.00	260.32	0.0038414	551.75	753.04	3.0631	1.9443	3.2085	870.12	-0.0071783	3.2232e-05	0.095578	supercritical
321.69	524.00	259.56	0.0038527	554.37	756.25	3.0731	1.9461	3.2084	868.62	-0.0069687	3.2131e-05	0.095413	supercritical
322.69	524.00	258.80	0.0038640	556.98	759.46	3.0830	1.9479	3.2083	867.14	-0.0067614	3.2031e-05	0.095252	supercritical
323.69	524.00	258.05	0.0038753	559.60	762.66	3.0930	1.9498	3.2082	865.68	-0.0065563	3.1933e-05	0.095094	supercritical
324.69	524.00	257.29	0.0038866	562.21	765.87	3.1028	1.9516	3.2081	864.24	-0.0063535	3.1835e-05	0.094938	supercritical
325.69	524.00	256.54	0.0038980	564.83	769.08	3.1127	1.9535	3.2080	862.81	-0.0061530	3.1739e-05	0.094786	supercritical
326.69	524.00	255.80	0.0039093	567.44	772.29	3.1225	1.9554	3.2079	861.40	-0.0059547	3.1644e-05	0.094637	supercritical
327.69	524.00	255.05	0.0039207	570.05	775.50	3.1324	1.9573	3.2078	860.01	-0.0057587	3.1550e-05	0.094490	supercritical
328.69	524.00	254.31	0.0039321	572.66	778.70	3.1421	1.9592	3.2077	858.64	-0.0055650	3.1457e-05	0.094347	supercritical
329.69	524.00	253.58	0.0039436	575.27	781.91	3.1519	1.9612	3.2076	857.29	-0.0053737	3.1365e-05	0.094206	supercritical
330.69	524.00	252.84	0.0039550	577.88	785.12	3.1616	1.9632	3.2075	855.95	-0.0051846	3.1275e-05	0.094068	supercritical
331.69	524.00	252.11	0.0039665	580.48	788.33	3.1713	1.9651	3.2074	854.63	-0.0049979	3.1186e-05	0.093933	supercritical
332.69	524.00	251.38	0.0039780	583.09	791.53	3.1809	1.9672	3.2074	853.33	-0.0048135	3.1097e-05	0.093801	supercritical
333.69	524.00	250.66	0.0039895	585.69	794.74	3.1905	1.9692	3.2073	852.04	-0.0046315	3.1010e-05	0.093672	supercritical
334.69	524.00	249.94	0.0040010	588.30	797.95	3.2001	1.9712	3.2072	850.77	-0.0044518	3.0924e-05	0.093545	supercritical
335.69	524.00	249.22	0.0040125	590.90	801.15	3.2097	1.9733	3.2072	849.52	-0.0042744	3.0839e-05	0.093422	supercritical
336.69	524.00	248.50	0.0040241	593.50	804.36	3.2193	1.9754	3.2071	848.29	-0.0040995	3.0756e-05	0.093300	supercritical
337.69	524.00	247.79	0.0040356	596.10	807.57	3.2288	1.9775	3.2071	847.07	-0.0039268	3.0673e-05	0.093182	supercritical
338.69	524.00	247.08	0.0040472	598.70	810.78	3.2382	1.9796	3.2070	845.86	-0.0037566	3.0591e-05	0.093066	supercritical
339.69	524.00	246.38	0.0040588	601.30	813.98	3.2477	1.9817	3.2070	844.68	-0.0035887	3.0510e-05	0.092953	supercritical
340.69	524.00	245.67	0.0040705	603.90	817.19	3.2571	1.9839	3.2070	843.51	-0.0034232	3.0430e-05	0.092842	supercritical
341.69	524.00	244.97	0.0040821	606.50	820.40	3.2665	1.9860	3.2070	842.35	-0.0032601	3.0352e-05	0.092734	supercritical
342.69	524.00	244.28	0.0040937	609.09	823.60	3.2759	1.9882	3.2070	841.21	-0.0030993	3.0274e-05	0.092629	supercritical
343.69	524.00	243.58	0.0041054	611.69	826.81	3.2852	1.9904	3.2070	840.09	-0.0029409	3.0197e-05	0.092526	supercritical
344.69	524.00	242.89	0.0041171	614.28	830.02	3.2946	1.9926	3.2070	838.98	-0.0027849	3.0121e-05	0.092426	supercritical
345.69	524.00	242.20	0.0041288	616.88	833.23	3.3039	1.9949	3.2070	837.89	-0.0026312	3.0047e-05	0.092328	supercritical
346.69	524.00	241.52	0.0041405	619.47	836.43	3.3131	1.9971	3.2070	836.81	-0.0024799	2.9973e-05	0.092232	supercritical
347.69	524.00	240.84	0.0041522	622.06	839.64	3.3224	1.9994	3.2071	835.75	-0.0023310	2.9900e-05	0.092139	supercritical
348.69	524.00	240.16	0.0041639	624.66	842.85	3.3316	2.0016	3.2071	834.70	-0.0021844	2.9828e-05	0.092049	supercritical
349.69	524.00	239.48	0.0041757	627.25	846.05	3.3407	2.0039	3.2072	833.66	-0.0020402	2.9757e-05	0.091960	supercritical
350.69	524.00	238.81	0.0041874	629.84	849.26	3.3499	2.0063	3.2072	832.64	-0.0018984	2.9687e-05	0.091874	supercritical
351.69	524.00	238.14	0.0041992	632.43	852.47	3.3590	2.0086	3.2073	831.64	-0.0017589	2.9617e-05	0.091791	supercritical
352.69	524.00	237.47	0.0042110	635.02	855.68	3.3681	2.0109	3.2074	830.65	-0.0016217	2.9549e-05	0.091710	supercritical
353.69	524.00	236.81	0.0042228	637.61	858.88	3.3772	2.0133	3.2075	829.67	-0.0014869	2.9481e-05	0.091631	supercritical
354.69	524.00	236.15	0.0042346	640.20	862.09	3.3863	2.0157	3.2076	828.71	-0.0013544	2.9415e-05	0.091554	supercritical
355.69	524.00	235.49	0.0042464	642.78	865.30	3.3953	2.0180	3.2077	827.76	-0.0012243	2.9349e-05	0.091480	supercritical
356.69	524.00	234.84	0.0042583	645.37	868.51	3.4043	2.0205	3.2078	826.83	-0.0010964	2.9284e-05	0.091408	supercritical
357.69	524.00	234.19	0.0042701	647.96	871.71	3.4133	2.0229	3.2079	825.91	-0.00097090	2.9220e-05	0.091338	supercritical
358.69	524.00	233.54	0.0042820	650.55	874.92	3.4223	2.0253	3.2081	825.00	-0.00084768	2.9157e-05	0.091270	supercritical
359.69	524.00	232.89	0.0042938	653.13	878.13	3.4312	2.0277	3.2082	824.10	-0.00072675	2.9094e-05	0.091205	supercritical
360.69	524.00	232.25	0.0043057	655.72	881.34	3.4401	2.0302	3.2084	823.22	-0.00060811	2.9033e-05	0.091141	supercritical
361.69	524.00	231.61	0.0043176	658.30	884.55	3.4490	2.0327	3.2085	822.35	-0.00049175	2.8972e-05	0.091080	supercritical
362.69	524.00	230.97	0.0043295	660.89	887.75	3.4578	2.0352	3.2087	821.50	-0.00037765	2.8912e-05	0.091021	supercritical
363.69	524.00	230.34	0.0043414	663.47	890.96	3.4667	2.0377	3.2089	820.65	-0.00026581	2.8852e-05	0.090964	supercritical
364.69	524.00	229.71	0.0043533	666.06	894.17	3.4755	2.0402	3.2091	819.82	-0.00015621	2.8794e-05	0.090909	supercritical
365.69	524.00	229.08	0.0043652	668.64	897.38	3.4843	2.0427	3.2094	819.01	-4.8851e-05	2.8736e-05	0.090856	supercritical
366.69	524.00	228.46	0.0043772	671.23	900.59	3.4930	2.0453	3.2096	818.20	5.6287e-05	2.8679e-05	0.090805	supercritical
367.69	524.00	227.84	0.0043891	673.81	903.80	3.5018	2.0478	3.2098	817.41	0.00015921	2.8623e-05	0.090756	supercritical
368.69	524.00	227.22	0.0044011	676.39	907.01	3.5105	2.0504	3.2101	816.63	0.00025994	2.8568e-05	0.090709	supercritical
369.69	524.00	226.60	0.0044130	678.98	910.22	3.5192	2.0530	3.2104	815.86	0.00035848	2.8513e-05	0.090665	supercritical
370.69	524.00	225.99	0.0044250	681.56	913.43	3.5279	2.0556	3.2106	815.10	0.00045485	2.8459e-05	0.090622	supercritical
371.69	524.00	225.38	0.0044370	684.14	916.64	3.5365	2.0582	3.2109	814.35	0.00054905	2.8405e-05	0.090581	supercritical
372.69	524.00	224.77	0.0044490	686.73	919.85	3.5451	2.0608	3.2113	813.62	0.00064111	2.8353e-05	0.090542	supercritical
373.69	524.00	224.17	0.0044610	689.31	923.06	3.5537	2.0634	3.2116	812.90	0.00073103	2.8301e-05	0.090505	supercritical
374.69	524.00	223.56	0.0044730	691.89	926.28	3.5623	2.0661	3.2119	812.19	0.00081883	2.8250e-05	0.090469	supercritical
375.69	524.00	222.97	0.0044850	694.47	929.49	3.5709	2.0688	3.2123	811.49	0.00090453	2.8199e-05	0.090436	supercritical
376.69	524.00	222.37	0.0044970	697.06	932.70	3.5794	2.0714	3.2126	810.80	0.00098813	2.8149e-05	0.090404	supercritical
377.69	524.00	221.78	0.0045090	699.64	935.91	3.5879	2.0741	3.2130	810.12	0.0010697	2.8100e-05	0.090375	supercritical
378.69	524.00	221.19	0.0045211	702.22	939.13	3.5964	2.0768	3.2134	809.45	0.0011491	2.8052e-05	0.090347	supercritical
379.69	524.00	220.60	0.0045331	704.81	942.34	3.6049	2.0795	3.2138	808.80	0.0012265	2.8004e-05	0.090321	supercritical
380.69	524.00	220.01	0.0045452	707.39	945.55	3.6134	2.0822	3.2142	808.15	0.0013019	2.7957e-05	0.090297	supercritical
381.69	524.00	219.43	0.0045572	709.97	948.77	3.6218	2.0850	3.2146	807.52	0.0013753	2.7910e-05	0.090274	supercritical
382.69	524.00	218.85	0.0045693	712.55	951.98	3.6302	2.0877	3.2151	806.89	0.0014467	2.7864e-05	0.090253	supercritical
383.69	524.00	218.28	0.0045813	715.14	955.20	3.6386	2.0905	3.2155	806.28	0.0015161	2.7819e-05	0.090234	supercritical
384.69	524.00	217.70	0.0045934	717.72	958.41	3.6470	2.0932	3.2160	805.68	0.0015835	2.7774e-05	0.090217	supercritical
385.69	524.00	217.13	0.0046055	720.30	961.63	3.6553	2.0960	3.2165	805.08	0.0016490	2.7730e-05	0.090202	supercritical
386.69	524.00	216.56	0.0046176	722.89	964.85	3.6637	2.0988	3.2170	804.50	0.0017125	2.7687e-05	0.090188	supercritical
387.69	524.00	216.00	0.0046297	725.47	968.07	3.6720	2.1016	3.2175	803.92	0.0017741	2.7644e-05	0.090176	supercritical
388.69	524.00	215.44	0.0046417	728.06	971.28	3.6803	2.1044	3.2180	803.36	0.0018338	2.7602e-05	0.090165	supercritical
389.69	524.00	214.88	0.0046538	730.64	974.50	3.6885	2.1072	3.2185	802.81	0.0018916	2.7560e-05	0.090156	supercritical
390.69	524.00	214.32	0.0046659	733.22	977.72	3.6968	2.1100	3.2191	802.26	0.0019476	2.7519e-05	0.090149	supercritical
391.69	524.00	213.76	0.0046780	735.81	980.94	3.7050	2.1129	3.2197	801.73	0.0020017	2.7478e-05	0.090143	supercritical
392.69	524.00	213.21	0.0046902	738.40	984.16	3.7132	2.1157	3.2202	801.20	0.0020540	2.7438e-05	0.090139	supercritical
393.69	524.00	212.66	0.0047023	740.98	987.38	3.7214	2.1186	3.2208	800.68	0.0021045	2.7399e-05	0.090137	supercritical
394.69	524.00	212.12	0.0047144	743.57	990.60	3.7296	2.1215	3.2214	800.18	0.0021531	2.7360e-05	0.090136	supercritical
395.69	524.00	211.57	0.0047265	746.15	993.82	3.7377	2.1243	3.2221	799.68	0.0022000	2.7322e-05	0.090137	supercritical
396.69	524.00	211.03	0.0047386	748.74	997.05	3.7459	2.1272	3.2227	799.19	0.0022451	2.7284e-05	0.090139	supercritical
397.69	524.00	210.49	0.0047508	751.33	1000.3	3.7540	2.1301	3.2234	798.71	0.0022885	2.7247e-05	0.090143	supercritical
398.69	524.00	209.96	0.0047629	753.92	1003.5	3.7621	2.1330	3.2240	798.24	0.0023301	2.7210e-05	0.090148	supercritical
399.69	524.00	209.42	0.0047750	756.50	1006.7	3.7701	2.1360	3.2247	797.77	0.0023701	2.7174e-05	0.090155	supercritical
400.69	524.00	208.89	0.0047872	759.09	1009.9	3.7782	2.1389	3.2254	797.32	0.0024083	2.7138e-05	0.090163	supercritical
401.69	524.00	208.36	0.0047993	761.68	1013.2	3.7862	2.1418	3.2261	796.87	0.0024449	2.7103e-05	0.090173	supercritical
402.69	524.00	207.84	0.0048115	764.27	1016.4	3.7943	2.1448	3.2269	796.43	0.0024798	2.7068e-05	0.090184	supercritical
403.69	524.00	207.31	0.0048236	766.86	1019.6	3.8023	2.1477	3.2276	796.01	0.0025131	2.7034e-05	0.090197	supercritical
404.69	524.00	206.79	0.0048358	769.45	1022.8	3.8103	2.1507	3.2284	795.58	0.0025447	2.7000e-05	0.090211	supercritical
405.69	524.00	206.27	0.0048479	772.05	1026.1	3.8182	2.1537	3.2291	795.17	0.0025748	2.6967e-05	0.090227	supercritical
406.69	524.00	205.76	0.0048601	774.64	1029.3	3.8262	2.1567	3.2299	794.77	0.0026033	2.6935e-05	0.090244	supercritical
407.69	524.00	205.24	0.0048722	777.23	1032.5	3.8341	2.1597	3.2307	794.37	0.0026302	2.6902e-05	0.090262	supercritical
408.69	524.00	204.73	0.0048844	779.83	1035.8	3.8420	2.1627	3.2315	793.98	0.0026555	2.6871e-05	0.090282	supercritical
409.69	524.00	204.23	0.0048966	782.42	1039.0	3.8499	2.1657	3.2324	793.60	0.0026793	2.6839e-05	0.090303	supercritical
410.69	524.00	203.72	0.0049087	785.02	1042.2	3.8578	2.1687	3.2332	793.22	0.0027016	2.6809e-05	0.090326	supercritical
411.69	524.00	203.22	0.0049209	787.61	1045.5	3.8657	2.1717	3.2341	792.86	0.0027225	2.6778e-05	0.090349	supercritical
412.69	524.00	202.71	0.0049330	790.21	1048.7	3.8735	2.1747	3.2349	792.50	0.0027418	2.6748e-05	0.090375	supercritical
413.69	524.00	202.22	0.0049452	792.81	1051.9	3.8813	2.1778	3.2358	792.15	0.0027597	2.6719e-05	0.090401	supercritical
414.69	524.00	201.72	0.0049574	795.41	1055.2	3.8892	2.1808	3.2367	791.80	0.0027761	2.6690e-05	0.090429	supercritical
415.69	524.00	201.23	0.0049696	798.01	1058.4	3.8970	2.1839	3.2376	791.47	0.0027911	2.6662e-05	0.090458	supercritical
416.69	524.00	200.73	0.0049817	800.61	1061.6	3.9047	2.1869	3.2386	791.14	0.0028047	2.6633e-05	0.090489	supercritical
417.69	524.00	200.24	0.0049939	803.21	1064.9	3.9125	2.1900	3.2395	790.81	0.0028170	2.6606e-05	0.090521	supercritical
418.69	524.00	199.76	0.0050061	805.81	1068.1	3.9202	2.1931	3.2405	790.50	0.0028278	2.6578e-05	0.090554	supercritical
419.69	524.00	199.27	0.0050183	808.41	1071.4	3.9280	2.1962	3.2415	790.19	0.0028373	2.6552e-05	0.090588	supercritical
420.69	524.00	198.79	0.0050304	811.02	1074.6	3.9357	2.1993	3.2425	789.89	0.0028455	2.6525e-05	0.090624	supercritical
421.69	524.00	198.31	0.0050426	813.62	1077.9	3.9434	2.2024	3.2435	789.59	0.0028523	2.6499e-05	0.090661	supercritical
422.69	524.00	197.83	0.0050548	816.23	1081.1	3.9511	2.2055	3.2445	789.30	0.0028578	2.6474e-05	0.090699	supercritical
423.69	524.00	197.36	0.0050670	818.83	1084.3	3.9587	2.2086	3.2455	789.02	0.0028621	2.6448e-05	0.090738	supercritical
424.69	524.00	196.88	0.0050791	821.44	1087.6	3.9664	2.2117	3.2466	788.75	0.0028651	2.6424e-05	0.090779	supercritical
425.69	524.00	196.41	0.0050913	824.05	1090.8	3.9740	2.2149	3.2476	788.48	0.0028668	2.6399e-05	0.090821	supercritical
426.69	524.00	195.94	0.0051035	826.66	1094.1	3.9817	2.2180	3.2487	788.21	0.0028673	2.6375e-05	0.090863	supercritical
427.69	524.00	195.48	0.0051157	829.27	1097.3	3.9893	2.2211	3.2498	787.96	0.0028666	2.6352e-05	0.090908	supercritical
428.69	524.00	195.01	0.0051279	831.88	1100.6	3.9969	2.2243	3.2509	787.71	0.0028647	2.6328e-05	0.090953	supercritical
429.69	524.00	194.55	0.0051400	834.50	1103.8	4.0044	2.2275	3.2520	787.47	0.0028616	2.6305e-05	0.090999	supercritical
430.69	524.00	194.09	0.0051522	837.11	1107.1	4.0120	2.2306	3.2532	787.23	0.0028574	2.6283e-05	0.091047	supercritical
431.69	524.00	193.63	0.0051644	839.73	1110.3	4.0195	2.2338	3.2543	787.00	0.0028520	2.6261e-05	0.091096	supercritical
432.69	524.00	193.18	0.0051766	842.34	1113.6	4.0271	2.2370	3.2555	786.77	0.0028454	2.6239e-05	0.091146	supercritical
433.69	524.00	192.72	0.0051888	844.96	1116.9	4.0346	2.2401	3.2566	786.55	0.0028378	2.6218e-05	0.091197	supercritical
434.69	524.00	192.27	0.0052009	847.58	1120.1	4.0421	2.2433	3.2578	786.34	0.0028290	2.6197e-05	0.091249	supercritical
435.69	524.00	191.82	0.0052131	850.20	1123.4	4.0496	2.2465	3.2590	786.13	0.0028192	2.6176e-05	0.091303	supercritical
436.69	524.00	191.38	0.0052253	852.82	1126.6	4.0570	2.2497	3.2603	785.93	0.0028083	2.6156e-05	0.091357	supercritical
437.69	524.00	190.93	0.0052375	855.45	1129.9	4.0645	2.2529	3.2615	785.73	0.0027963	2.6136e-05	0.091412	supercritical
438.69	524.00	190.49	0.0052496	858.07	1133.1	4.0719	2.2561	3.2627	785.54	0.0027833	2.6116e-05	0.091469	supercritical
439.69	524.00	190.05	0.0052618	860.69	1136.4	4.0794	2.2594	3.2640	785.35	0.0027693	2.6097e-05	0.091527	supercritical
440.69	524.00	189.61	0.0052740	863.32	1139.7	4.0868	2.2626	3.2653	785.17	0.0027543	2.6078e-05	0.091586	supercritical
441.69	524.00	189.17	0.0052861	865.95	1142.9	4.0942	2.2658	3.2666	785.00	0.0027383	2.6059e-05	0.091645	supercritical
442.69	524.00	188.74	0.0052983	868.58	1146.2	4.1016	2.2690	3.2679	784.83	0.0027213	2.6041e-05	0.091706	supercritical
443.69	524.00	188.31	0.0053105	871.21	1149.5	4.1090	2.2723	3.2692	784.67	0.0027034	2.6023e-05	0.091768	supercritical
444.69	524.00	187.88	0.0053226	873.84	1152.7	4.1163	2.2755	3.2705	784.51	0.0026845	2.6005e-05	0.091831	supercritical
445.69	524.00	187.45	0.0053348	876.48	1156.0	4.1237	2.2788	3.2718	784.35	0.0026647	2.5988e-05	0.091895	supercritical
446.69	524.00	187.02	0.0053470	879.11	1159.3	4.1310	2.2820	3.2732	784.20	0.0026440	2.5971e-05	0.091960	supercritical
447.69	524.00	186.60	0.0053591	881.75	1162.6	4.1383	2.2853	3.2746	784.06	0.0026223	2.5954e-05	0.092026	supercritical
448.69	524.00	186.17	0.0053713	884.39	1165.8	4.1456	2.2886	3.2759	783.92	0.0025998	2.5937e-05	0.092093	supercritical
449.69	524.00	185.75	0.0053835	887.03	1169.1	4.1529	2.2918	3.2773	783.79	0.0025764	2.5921e-05	0.092161	supercritical
450.69	524.00	185.34	0.0053956	889.67	1172.4	4.1602	2.2951	3.2787	783.66	0.0025522	2.5905e-05	0.092230	supercritical
451.69	524.00	184.92	0.0054078	892.31	1175.7	4.1675	2.2984	3.2802	783.54	0.0025271	2.5890e-05	0.092300	supercritical
452.69	524.00	184.50	0.0054199	894.95	1179.0	4.1747	2.3017	3.2816	783.42	0.0025012	2.5875e-05	0.092371	supercritical
453.69	524.00	184.09	0.0054321	897.60	1182.2	4.1820	2.3050	3.2830	783.30	0.0024745	2.5860e-05	0.092443	supercritical
454.69	524.00	183.68	0.0054442	900.25	1185.5	4.1892	2.3083	3.2845	783.19	0.0024469	2.5845e-05	0.092516	supercritical
455.69	524.00	183.27	0.0054564	902.89	1188.8	4.1964	2.3116	3.2860	783.09	0.0024186	2.5831e-05	0.092590	supercritical
456.69	524.00	182.86	0.0054685	905.54	1192.1	4.2036	2.3149	3.2875	782.99	0.0023895	2.5817e-05	0.092665	supercritical
457.69	524.00	182.46	0.0054807	908.20	1195.4	4.2108	2.3182	3.2890	782.89	0.0023597	2.5803e-05	0.092740	supercritical
458.69	524.00	182.06	0.0054928	910.85	1198.7	4.2180	2.3215	3.2905	782.80	0.0023291	2.5789e-05	0.092817	supercritical
459.69	524.00	181.65	0.0055050	913.50	1202.0	4.2252	2.3248	3.2920	782.71	0.0022977	2.5776e-05	0.092895	supercritical
460.69	524.00	181.25	0.0055171	916.16	1205.3	4.2323	2.3281	3.2935	782.63	0.0022657	2.5763e-05	0.092973	supercritical
461.69	524.00	180.86	0.0055292	918.82	1208.6	4.2395	2.3314	3.2951	782.55	0.0022329	2.5750e-05	0.093053	supercritical
462.69	524.00	180.46	0.0055414	921.48	1211.8	4.2466	2.3348	3.2966	782.47	0.0021994	2.5738e-05	0.093133	supercritical
463.69	524.00	180.07	0.0055535	924.14	1215.1	4.2537	2.3381	3.2982	782.40	0.0021653	2.5726e-05	0.093214	supercritical
464.69	524.00	179.67	0.0055656	926.80	1218.4	4.2608	2.3414	3.2998	782.34	0.0021305	2.5714e-05	0.093296	supercritical
465.69	524.00	179.28	0.0055778	929.47	1221.7	4.2679	2.3448	3.3014	782.28	0.0020950	2.5702e-05	0.093379	supercritical
466.69	524.00	178.89	0.0055899	932.14	1225.0	4.2750	2.3481	3.3030	782.22	0.0020588	2.5691e-05	0.093463	supercritical
467.69	524.00	178.51	0.0056020	934.80	1228.4	4.2821	2.3515	3.3046	782.16	0.0020221	2.5680e-05	0.093548	supercritical
468.69	524.00	178.12	0.0056141	937.48	1231.7	4.2891	2.3548	3.3062	782.11	0.0019847	2.5669e-05	0.093633	supercritical
469.69	524.00	177.74	0.0056262	940.15	1235.0	4.2962	2.3582	3.3079	782.07	0.0019467	2.5658e-05	0.093720	supercritical
470.69	524.00	177.36	0.0056384	942.82	1238.3	4.3032	2.3615	3.3095	782.03	0.0019081	2.5648e-05	0.093807	supercritical
471.69	524.00	176.98	0.0056505	945.50	1241.6	4.3102	2.3649	3.3112	781.99	0.0018689	2.5637e-05	0.093895	supercritical
472.69	524.00	176.60	0.0056626	948.17	1244.9	4.3173	2.3682	3.3129	781.95	0.0018291	2.5627e-05	0.093984	supercritical
473.69	524.00	176.22	0.0056747	950.85	1248.2	4.3243	2.3716	3.3145	781.92	0.0017888	2.5618e-05	0.094074	supercritical
474.69	524.00	175.85	0.0056868	953.53	1251.5	4.3312	2.3750	3.3162	781.89	0.0017479	2.5608e-05	0.094165	supercritical
475.69	524.00	175.47	0.0056989	956.22	1254.8	4.3382	2.3784	3.3179	781.87	0.0017065	2.5599e-05	0.094256	supercritical
476.69	524.00	175.10	0.0057110	958.90	1258.2	4.3452	2.3817	3.3197	781.85	0.0016645	2.5590e-05	0.094349	supercritical
477.69	524.00	174.73	0.0057231	961.59	1261.5	4.3522	2.3851	3.3214	781.83	0.0016220	2.5581e-05	0.094442	supercritical
478.69	524.00	174.36	0.0057352	964.28	1264.8	4.3591	2.3885	3.3231	781.82	0.0015790	2.5573e-05	0.094536	supercritical
479.69	524.00	174.00	0.0057473	966.97	1268.1	4.3660	2.3919	3.3249	781.81	0.0015355	2.5564e-05	0.094630	supercritical
480.69	524.00	173.63	0.0057593	969.66	1271.5	4.3730	2.3953	3.3267	781.81	0.0014915	2.5556e-05	0.094726	supercritical
481.69	524.00	173.27	0.0057714	972.36	1274.8	4.3799	2.3987	3.3284	781.81	0.0014470	2.5548e-05	0.094822	supercritical
482.69	524.00	172.91	0.0057835	975.05	1278.1	4.3868	2.4021	3.3302	781.81	0.0014021	2.5541e-05	0.094919	supercritical
483.69	524.00	172.54	0.0057956	977.75	1281.4	4.3937	2.4055	3.3320	781.81	0.0013567	2.5533e-05	0.095017	supercritical
484.69	524.00	172.19	0.0058077	980.45	1284.8	4.4006	2.4089	3.3338	781.82	0.0013108	2.5526e-05	0.095116	supercritical
485.69	524.00	171.83	0.0058197	983.15	1288.1	4.4074	2.4123	3.3356	781.83	0.0012645	2.5519e-05	0.095215	supercritical
486.69	524.00	171.47	0.0058318	985.86	1291.4	4.4143	2.4157	3.3375	781.84	0.0012178	2.5512e-05	0.095315	supercritical
487.69	524.00	171.12	0.0058439	988.56	1294.8	4.4212	2.4191	3.3393	781.86	0.0011706	2.5505e-05	0.095416	supercritical
488.69	524.00	170.77	0.0058559	991.27	1298.1	4.4280	2.4225	3.3412	781.88	0.0011230	2.5499e-05	0.095518	supercritical
489.69	524.00	170.42	0.0058680	993.98	1301.5	4.4348	2.4259	3.3430	781.91	0.0010750	2.5493e-05	0.095620	supercritical
490.69	524.00	170.07	0.0058800	996.69	1304.8	4.4416	2.4293	3.3449	781.93	0.0010267	2.5487e-05	0.095723	supercritical
491.69	524.00	169.72	0.0058921	999.41	1308.2	4.4485	2.4327	3.3468	781.96	0.00097788	2.5481e-05	0.095827	supercritical
492.69	524.00	169.37	0.0059041	1002.1	1311.5	4.4553	2.4362	3.3487	782.00	0.00092874	2.5475e-05	0.095932	supercritical
493.69	524.00	169.03	0.0059162	1004.8	1314.9	4.4621	2.4396	3.3506	782.03	0.00087922	2.5470e-05	0.096037	supercritical
494.69	524.00	168.68	0.0059282	1007.6	1318.2	4.4688	2.4430	3.3525	782.07	0.00082934	2.5465e-05	0.096143	supercritical
495.69	524.00	168.34	0.0059403	1010.3	1321.6	4.4756	2.4464	3.3544	782.11	0.00077911	2.5459e-05	0.096250	supercritical
496.69	524.00	168.00	0.0059523	1013.0	1324.9	4.4824	2.4499	3.3563	782.16	0.00072853	2.5455e-05	0.096357	supercritical
497.69	524.00	167.66	0.0059643	1015.7	1328.3	4.4891	2.4533	3.3582	782.20	0.00067762	2.5450e-05	0.096465	supercritical
498.69	524.00	167.33	0.0059764	1018.5	1331.6	4.4959	2.4567	3.3602	782.26	0.00062638	2.5445e-05	0.096574	supercritical
499.69	524.00	166.99	0.0059884	1021.2	1335.0	4.5026	2.4602	3.3621	782.31	0.00057481	2.5441e-05	0.096684	supercritical
500.69	524.00	166.66	0.0060004	1023.9	1338.4	4.5093	2.4636	3.3641	782.36	0.00052294	2.5437e-05	0.096794	supercritical
501.69	524.00	166.32	0.0060124	1026.7	1341.7	4.5160	2.4670	3.3661	782.42	0.00047076	2.5433e-05	0.096905	supercritical
502.69	524.00	165.99	0.0060244	1029.4	1345.1	4.5227	2.4705	3.3681	782.49	0.00041828	2.5429e-05	0.097017	supercritical
503.69	524.00	165.66	0.0060364	1032.1	1348.5	4.5294	2.4739	3.3701	782.55	0.00036552	2.5426e-05	0.097129	supercritical
504.69	524.00	165.33	0.0060485	1034.9	1351.8	4.5361	2.4774	3.3721	782.62	0.00031247	2.5422e-05	0.097242	supercritical
505.69	524.00	165.00	0.0060605	1037.6	1355.2	4.5428	2.4808	3.3741	782.69	0.00025915	2.5419e-05	0.097355	supercritical
506.69	524.00	164.68	0.0060725	1040.4	1358.6	4.5495	2.4843	3.3761	782.76	0.00020556	2.5416e-05	0.097470	supercritical
507.69	524.00	164.35	0.0060845	1043.1	1361.9	4.5561	2.4877	3.3781	782.83	0.00015171	2.5413e-05	0.097584	supercritical
508.69	524.00	164.03	0.0060964	1045.9	1365.3	4.5628	2.4912	3.3802	782.91	9.7604e-05	2.5410e-05	0.097700	supercritical
509.69	524.00	163.71	0.0061084	1048.6	1368.7	4.5694	2.4946	3.3822	782.99	4.3254e-05	2.5407e-05	0.097816	supercritical
510.69	524.00	163.39	0.0061204	1051.4	1372.1	4.5760	2.4981	3.3843	783.07	-1.1335e-05	2.5405e-05	0.097933	supercritical
511.69	524.00	163.07	0.0061324	1054.1	1375.5	4.5827	2.5015	3.3863	783.16	-6.6157e-05	2.5403e-05	0.098051	supercritical
512.69	524.00	162.75	0.0061444	1056.9	1378.9	4.5893	2.5050	3.3884	783.24	-0.00012121	2.5400e-05	0.098169	supercritical
513.69	524.00	162.43	0.0061564	1059.7	1382.3	4.5959	2.5084	3.3905	783.33	-0.00017647	2.5399e-05	0.098287	supercritical
514.69	524.00	162.12	0.0061683	1062.4	1385.6	4.6025	2.5119	3.3926	783.42	-0.00023195	2.5397e-05	0.098407	supercritical
515.69	524.00	161.80	0.0061803	1065.2	1389.0	4.6091	2.5154	3.3947	783.52	-0.00028764	2.5395e-05	0.098527	supercritical
516.69	524.00	161.49	0.0061923	1068.0	1392.4	4.6156	2.5188	3.3968	783.61	-0.00034353	2.5394e-05	0.098647	supercritical
517.69	524.00	161.18	0.0062042	1070.7	1395.8	4.6222	2.5223	3.3989	783.71	-0.00039961	2.5392e-05	0.098769	supercritical
518.69	524.00	160.87	0.0062162	1073.5	1399.2	4.6288	2.5257	3.4010	783.81	-0.00045588	2.5391e-05	0.098891	supercritical
519.69	524.00	160.56	0.0062281	1076.3	1402.6	4.6353	2.5292	3.4031	783.92	-0.00051234	2.5390e-05	0.099013	supercritical
520.69	524.00	160.25	0.0062401	1079.1	1406.0	4.6419	2.5327	3.4053	784.02	-0.00056896	2.5389e-05	0.099136	supercritical
521.69	524.00	159.95	0.0062520	1081.8	1409.4	4.6484	2.5361	3.4074	784.13	-0.00062576	2.5388e-05	0.099260	supercritical
522.69	524.00	159.64	0.0062640	1084.6	1412.9	4.6549	2.5396	3.4096	784.24	-0.00068273	2.5388e-05	0.099384	supercritical
523.69	524.00	159.34	0.0062759	1087.4	1416.3	4.6615	2.5431	3.4117	784.35	-0.00073985	2.5387e-05	0.099509	supercritical
524.69	524.00	159.04	0.0062878	1090.2	1419.7	4.6680	2.5466	3.4139	784.47	-0.00079713	2.5387e-05	0.099634	supercritical
525.69	524.00	158.74	0.0062998	1093.0	1423.1	4.6745	2.5500	3.4161	784.58	-0.00085455	2.5387e-05	0.099760	supercritical
526.69	524.00	158.44	0.0063117	1095.8	1426.5	4.6810	2.5535	3.4182	784.70	-0.00091212	2.5387e-05	0.099887	supercritical
527.69	524.00	158.14	0.0063236	1098.6	1429.9	4.6874	2.5570	3.4204	784.82	-0.00096983	2.5387e-05	0.10001	supercritical
528.69	524.00	157.84	0.0063355	1101.4	1433.4	4.6939	2.5604	3.4226	784.94	-0.0010277	2.5387e-05	0.10014	supercritical
529.69	524.00	157.54	0.0063474	1104.2	1436.8	4.7004	2.5639	3.4248	785.07	-0.0010856	2.5387e-05	0.10027	supercritical
530.69	524.00	157.25	0.0063594	1107.0	1440.2	4.7069	2.5674	3.4270	785.20	-0.0011437	2.5388e-05	0.10040	supercritical
531.69	524.00	156.95	0.0063713	1109.8	1443.6	4.7133	2.5709	3.4293	785.32	-0.0012019	2.5388e-05	0.10053	supercritical
532.69	524.00	156.66	0.0063832	1112.6	1447.1	4.7198	2.5744	3.4315	785.45	-0.0012602	2.5389e-05	0.10066	supercritical
533.69	524.00	156.37	0.0063951	1115.4	1450.5	4.7262	2.5778	3.4337	785.59	-0.0013187	2.5390e-05	0.10079	supercritical
534.69	524.00	156.08	0.0064070	1118.2	1453.9	4.7326	2.5813	3.4360	785.72	-0.0013772	2.5391e-05	0.10092	supercritical
535.69	524.00	155.79	0.0064189	1121.0	1457.4	4.7390	2.5848	3.4382	785.86	-0.0014358	2.5392e-05	0.10105	supercritical
536.69	524.00	155.50	0.0064307	1123.8	1460.8	4.7455	2.5883	3.4405	785.99	-0.0014945	2.5393e-05	0.10118	supercritical
537.69	524.00	155.22	0.0064426	1126.7	1464.2	4.7519	2.5917	3.4427	786.13	-0.0015533	2.5395e-05	0.10132	supercritical
538.69	524.00	154.93	0.0064545	1129.5	1467.7	4.7583	2.5952	3.4450	786.28	-0.0016122	2.5396e-05	0.10145	supercritical
539.69	524.00	154.65	0.0064664	1132.3	1471.1	4.7647	2.5987	3.4472	786.42	-0.0016712	2.5398e-05	0.10158	supercritical
540.69	524.00	154.36	0.0064783	1135.1	1474.6	4.7710	2.6022	3.4495	786.56	-0.0017302	2.5400e-05	0.10172	supercritical
541.69	524.00	154.08	0.0064901	1138.0	1478.0	4.7774	2.6057	3.4518	786.71	-0.0017893	2.5402e-05	0.10185	supercritical
542.69	524.00	153.80	0.0065020	1140.8	1481.5	4.7838	2.6092	3.4541	786.86	-0.0018485	2.5404e-05	0.10199	supercritical
543.69	524.00	153.52	0.0065139	1143.6	1484.9	4.7901	2.6126	3.4564	787.01	-0.0019078	2.5406e-05	0.10212	supercritical
544.69	524.00	153.24	0.0065257	1146.5	1488.4	4.7965	2.6161	3.4587	787.16	-0.0019671	2.5408e-05	0.10226	supercritical
545.69	524.00	152.96	0.0065376	1149.3	1491.9	4.8028	2.6196	3.4610	787.32	-0.0020264	2.5410e-05	0.10240	supercritical
546.69	524.00	152.69	0.0065494	1152.1	1495.3	4.8092	2.6231	3.4633	787.47	-0.0020858	2.5413e-05	0.10253	supercritical
547.69	524.00	152.41	0.0065613	1155.0	1498.8	4.8155	2.6266	3.4657	787.63	-0.0021453	2.5415e-05	0.10267	supercritical
548.69	524.00	152.14	0.0065731	1157.8	1502.3	4.8218	2.6301	3.4680	787.79	-0.0022048	2.5418e-05	0.10281	supercritical
549.69	524.00	151.86	0.0065849	1160.7	1505.7	4.8282	2.6335	3.4703	787.95	-0.0022643	2.5421e-05	0.10295	supercritical
550.69	524.00	151.59	0.0065968	1163.5	1509.2	4.8345	2.6370	3.4727	788.11	-0.0023239	2.5424e-05	0.10309	supercritical
551.69	524.00	151.32	0.0066086	1166.4	1512.7	4.8408	2.6405	3.4750	788.27	-0.0023835	2.5427e-05	0.10323	supercritical
552.69	524.00	151.05	0.0066204	1169.2	1516.1	4.8471	2.6440	3.4774	788.44	-0.0024432	2.5430e-05	0.10337	supercritical
553.69	524.00	150.78	0.0066323	1172.1	1519.6	4.8534	2.6475	3.4797	788.61	-0.0025028	2.5433e-05	0.10351	supercritical
554.69	524.00	150.51	0.0066441	1175.0	1523.1	4.8596	2.6510	3.4821	788.78	-0.0025625	2.5437e-05	0.10365	supercritical
555.69	524.00	150.24	0.0066559	1177.8	1526.6	4.8659	2.6544	3.4845	788.94	-0.0026222	2.5440e-05	0.10379	supercritical
556.69	524.00	149.98	0.0066677	1180.7	1530.1	4.8722	2.6579	3.4868	789.12	-0.0026819	2.5444e-05	0.10393	supercritical
557.69	524.00	149.71	0.0066795	1183.6	1533.6	4.8784	2.6614	3.4892	789.29	-0.0027417	2.5447e-05	0.10408	supercritical
558.69	524.00	149.45	0.0066913	1186.4	1537.1	4.8847	2.6649	3.4916	789.46	-0.0028014	2.5451e-05	0.10422	supercritical
559.69	524.00	149.18	0.0067031	1189.3	1540.5	4.8909	2.6684	3.4940	789.64	-0.0028611	2.5455e-05	0.10436	supercritical
560.69	524.00	148.92	0.0067149	1192.2	1544.0	4.8972	2.6719	3.4964	789.82	-0.0029209	2.5459e-05	0.10451	supercritical
561.69	524.00	148.66	0.0067267	1195.1	1547.5	4.9034	2.6753	3.4988	789.99	-0.0029806	2.5463e-05	0.10465	supercritical
562.69	524.00	148.40	0.0067385	1197.9	1551.0	4.9096	2.6788	3.5012	790.17	-0.0030404	2.5467e-05	0.10480	supercritical
563.69	524.00	148.14	0.0067503	1200.8	1554.5	4.9158	2.6823	3.5036	790.36	-0.0031001	2.5471e-05	0.10494	supercritical
564.69	524.00	147.88	0.0067621	1203.7	1558.0	4.9221	2.6858	3.5060	790.54	-0.0031598	2.5476e-05	0.10509	supercritical
565.69	524.00	147.63	0.0067738	1206.6	1561.6	4.9283	2.6893	3.5085	790.72	-0.0032195	2.5480e-05	0.10524	supercritical
566.69	524.00	147.37	0.0067856	1209.5	1565.1	4.9345	2.6928	3.5109	790.91	-0.0032792	2.5485e-05	0.10538	supercritical
567.69	524.00	147.12	0.0067974	1212.4	1568.6	4.9407	2.6962	3.5133	791.10	-0.0033389	2.5489e-05	0.10553	supercritical
568.69	524.00	146.86	0.0068091	1215.3	1572.1	4.9468	2.6997	3.5158	791.28	-0.0033986	2.5494e-05	0.10568	supercritical
569.69	524.00	146.61	0.0068209	1218.2	1575.6	4.9530	2.7032	3.5182	791.47	-0.0034582	2.5499e-05	0.10583	supercritical
570.69	524.00	146.36	0.0068327	1221.1	1579.1	4.9592	2.7067	3.5207	791.66	-0.0035178	2.5504e-05	0.10598	supercritical
571.69	524.00	146.10	0.0068444	1224.0	1582.6	4.9654	2.7102	3.5231	791.86	-0.0035774	2.5509e-05	0.10612	supercritical
572.69	524.00	145.85	0.0068562	1226.9	1586.2	4.9715	2.7137	3.5256	792.05	-0.0036370	2.5514e-05	0.10627	supercritical
573.69	524.00	145.60	0.0068679	1229.8	1589.7	4.9777	2.7171	3.5280	792.24	-0.0036965	2.5519e-05	0.10642	supercritical
574.69	524.00	145.36	0.0068796	1232.7	1593.2	4.9838	2.7206	3.5305	792.44	-0.0037560	2.5525e-05	0.10657	supercritical
575.69	524.00	145.11	0.0068914	1235.6	1596.8	4.9900	2.7241	3.5330	792.64	-0.0038154	2.5530e-05	0.10673	supercritical
576.69	524.00	144.86	0.0069031	1238.6	1600.3	4.9961	2.7276	3.5354	792.83	-0.0038748	2.5535e-05	0.10688	supercritical
577.69	524.00	144.62	0.0069148	1241.5	1603.8	5.0022	2.7311	3.5379	793.03	-0.0039342	2.5541e-05	0.10703	supercritical
578.69	524.00	144.37	0.0069266	1244.4	1607.4	5.0083	2.7345	3.5404	793.24	-0.0039935	2.5547e-05	0.10718	supercritical
579.69	524.00	144.13	0.0069383	1247.3	1610.9	5.0145	2.7380	3.5429	793.44	-0.0040528	2.5552e-05	0.10733	supercritical
580.69	524.00	143.88	0.0069500	1250.3	1614.5	5.0206	2.7415	3.5454	793.64	-0.0041120	2.5558e-05	0.10749	supercritical
581.69	524.00	143.64	0.0069617	1253.2	1618.0	5.0267	2.7450	3.5479	793.84	-0.0041712	2.5564e-05	0.10764	supercritical
582.69	524.00	143.40	0.0069734	1256.1	1621.5	5.0328	2.7484	3.5504	794.05	-0.0042303	2.5570e-05	0.10779	supercritical
583.69	524.00	143.16	0.0069852	1259.1	1625.1	5.0389	2.7519	3.5529	794.26	-0.0042894	2.5576e-05	0.10795	supercritical
584.69	524.00	142.92	0.0069969	1262.0	1628.7	5.0449	2.7554	3.5554	794.46	-0.0043484	2.5582e-05	0.10810	supercritical
585.69	524.00	142.68	0.0070086	1265.0	1632.2	5.0510	2.7589	3.5579	794.67	-0.0044073	2.5588e-05	0.10826	supercritical
586.69	524.00	142.44	0.0070203	1267.9	1635.8	5.0571	2.7623	3.5604	794.88	-0.0044662	2.5595e-05	0.10841	supercritical
587.69	524.00	142.21	0.0070319	1270.9	1639.3	5.0632	2.7658	3.5630	795.09	-0.0045250	2.5601e-05	0.10857	supercritical
588.69	524.00	141.97	0.0070436	1273.8	1642.9	5.0692	2.7693	3.5655	795.30	-0.0045838	2.5607e-05	0.10872	supercritical
589.69	524.00	141.74	0.0070553	1276.8	1646.5	5.0753	2.7727	3.5680	795.52	-0.0046425	2.5614e-05	0.10888	supercritical
590.69	524.00	141.50	0.0070670	1279.7	1650.0	5.0813	2.7762	3.5706	795.73	-0.0047011	2.5621e-05	0.10904	supercritical
591.69	524.00	141.27	0.0070787	1282.7	1653.6	5.0874	2.7797	3.5731	795.95	-0.0047597	2.5627e-05	0.10919	supercritical
592.69	524.00	141.04	0.0070904	1285.6	1657.2	5.0934	2.7832	3.5756	796.16	-0.0048181	2.5634e-05	0.10935	supercritical
593.69	524.00	140.80	0.0071020	1288.6	1660.8	5.0994	2.7866	3.5782	796.38	-0.0048766	2.5641e-05	0.10951	supercritical
594.69	524.00	140.57	0.0071137	1291.6	1664.3	5.1054	2.7901	3.5807	796.60	-0.0049349	2.5648e-05	0.10967	supercritical
595.69	524.00	140.34	0.0071254	1294.5	1667.9	5.1115	2.7936	3.5833	796.82	-0.0049931	2.5655e-05	0.10983	supercritical
596.69	524.00	140.11	0.0071370	1297.5	1671.5	5.1175	2.7970	3.5858	797.04	-0.0050513	2.5662e-05	0.10999	supercritical
597.69	524.00	139.89	0.0071487	1300.5	1675.1	5.1235	2.8005	3.5884	797.26	-0.0051094	2.5669e-05	0.11015	supercritical
598.69	524.00	139.66	0.0071603	1303.5	1678.7	5.1295	2.8039	3.5910	797.48	-0.0051674	2.5676e-05	0.11031	supercritical
599.69	524.00	139.43	0.0071720	1306.5	1682.3	5.1355	2.8074	3.5935	797.70	-0.0052254	2.5683e-05	0.11047	supercritical
600.69	524.00	139.21	0.0071836	1309.4	1685.9	5.1415	2.8109	3.5961	797.93	-0.0052832	2.5691e-05	0.11063	supercritical
601.69	524.00	138.98	0.0071953	1312.4	1689.5	5.1475	2.8143	3.5987	798.15	-0.0053410	2.5698e-05	0.11079	supercritical
602.69	524.00	138.76	0.0072069	1315.4	1693.1	5.1534	2.8178	3.6013	798.38	-0.0053986	2.5706e-05	0.11095	supercritical
603.69	524.00	138.53	0.0072185	1318.4	1696.7	5.1594	2.8213	3.6038	798.60	-0.0054562	2.5713e-05	0.11111	supercritical
604.69	524.00	138.31	0.0072302	1321.4	1700.3	5.1654	2.8247	3.6064	798.83	-0.0055137	2.5721e-05	0.11127	supercritical
605.69	524.00	138.09	0.0072418	1324.4	1703.9	5.1713	2.8282	3.6090	799.06	-0.0055711	2.5728e-05	0.11143	supercritical
606.69	524.00	137.87	0.0072534	1327.4	1707.5	5.1773	2.8316	3.6116	799.29	-0.0056284	2.5736e-05	0.11160	supercritical
607.69	524.00	137.65	0.0072650	1330.4	1711.1	5.1832	2.8351	3.6142	799.52	-0.0056857	2.5744e-05	0.11176	supercritical
608.69	524.00	137.43	0.0072766	1333.4	1714.7	5.1892	2.8385	3.6168	799.75	-0.0057428	2.5752e-05	0.11192	supercritical
609.69	524.00	137.21	0.0072882	1336.4	1718.3	5.1951	2.8420	3.6194	799.98	-0.0057998	2.5760e-05	0.11209	supercritical
610.69	524.00	136.99	0.0072999	1339.4	1722.0	5.2011	2.8454	3.6220	800.21	-0.0058567	2.5768e-05	0.11225	supercritical
611.69	524.00	136.77	0.0073115	1342.5	1725.6	5.2070	2.8489	3.6246	800.45	-0.0059136	2.5776e-05	0.11242	supercritical
612.69	524.00	136.55	0.0073231	1345.5	1729.2	5.2129	2.8523	3.6272	800.68	-0.0059703	2.5784e-05	0.11258	supercritical
613.69	524.00	136.34	0.0073347	1348.5	1732.8	5.2188	2.8558	3.6298	800.92	-0.0060269	2.5792e-05	0.11275	supercritical
614.69	524.00	136.12	0.0073463	1351.5	1736.5	5.2247	2.8592	3.6324	801.15	-0.0060835	2.5800e-05	0.11291	supercritical
615.69	524.00	135.91	0.0073578	1354.5	1740.1	5.2306	2.8627	3.6351	801.39	-0.0061399	2.5809e-05	0.11308	supercritical
616.69	524.00	135.70	0.0073694	1357.6	1743.7	5.2365	2.8661	3.6377	801.63	-0.0061962	2.5817e-05	0.11324	supercritical
617.69	524.00	135.48	0.0073810	1360.6	1747.4	5.2424	2.8696	3.6403	801.86	-0.0062524	2.5825e-05	0.11341	supercritical
618.69	524.00	135.27	0.0073926	1363.6	1751.0	5.2483	2.8730	3.6429	802.10	-0.0063085	2.5834e-05	0.11358	supercritical
619.69	524.00	135.06	0.0074042	1366.7	1754.7	5.2542	2.8764	3.6455	802.34	-0.0063645	2.5843e-05	0.11374	supercritical
620.69	524.00	134.85	0.0074157	1369.7	1758.3	5.2601	2.8799	3.6482	802.58	-0.0064204	2.5851e-05	0.11391	supercritical
621.69	524.00	134.64	0.0074273	1372.8	1762.0	5.2660	2.8833	3.6508	802.83	-0.0064762	2.5860e-05	0.11408	supercritical
622.69	524.00	134.43	0.0074389	1375.8	1765.6	5.2718	2.8868	3.6534	803.07	-0.0065319	2.5869e-05	0.11425	supercritical
623.69	524.00	134.22	0.0074504	1378.9	1769.3	5.2777	2.8902	3.6561	803.31	-0.0065875	2.5877e-05	0.11442	supercritical
624.69	524.00	134.01	0.0074620	1381.9	1772.9	5.2836	2.8936	3.6587	803.55	-0.0066429	2.5886e-05	0.11459	supercritical