Temperature (K)	Pressure (bar)	Density (kg/m3)	Volume (m3/kg)	Internal Energy (kJ/kg)	Enthalpy (kJ/kg)	Entropy (J/g*K)	Cv (J/g*K)	Cp (J/g*K)	Sound Spd. (m/s)	Joule-Thomson (K/bar)	Viscosity (Pa*s)	Therm. Cond. (W/m*K)	Phase
90.694	120.00	458.85	0.0021794	-78.326	-52.174	-0.78369	2.1961	3.3123	1615.0	-0.049878	0.00023929	0.22138	liquid
94.694	120.00	453.93	0.0022030	-65.347	-38.911	-0.64059	2.1721	3.3196	1582.9	-0.049276	0.00020916	0.21697	liquid
95.694	120.00	452.70	0.0022090	-62.098	-35.590	-0.60570	2.1665	3.3219	1574.7	-0.049109	0.00020281	0.21583	liquid
96.694	120.00	451.46	0.0022150	-58.848	-32.267	-0.57116	2.1610	3.3244	1566.6	-0.048937	0.00019683	0.21467	liquid
97.694	120.00	450.22	0.0022211	-55.595	-28.942	-0.53694	2.1556	3.3269	1558.4	-0.048759	0.00019119	0.21350	liquid
98.694	120.00	448.97	0.0022273	-52.341	-25.613	-0.50305	2.1504	3.3296	1550.1	-0.048576	0.00018587	0.21232	liquid
99.694	120.00	447.73	0.0022335	-49.085	-22.283	-0.46946	2.1452	3.3323	1541.9	-0.048386	0.00018083	0.21113	liquid
100.69	120.00	446.48	0.0022398	-45.826	-18.949	-0.43619	2.1401	3.3352	1533.6	-0.048192	0.00017605	0.20992	liquid
101.69	120.00	445.22	0.0022461	-42.565	-15.612	-0.40322	2.1351	3.3382	1525.3	-0.047991	0.00017151	0.20871	liquid
102.69	120.00	443.97	0.0022524	-39.302	-12.272	-0.37054	2.1301	3.3412	1516.9	-0.047786	0.00016718	0.20749	liquid
103.69	120.00	442.71	0.0022588	-36.036	-8.9297	-0.33815	2.1253	3.3443	1508.6	-0.047574	0.00016306	0.20626	liquid
104.69	120.00	441.44	0.0022653	-32.767	-5.5838	-0.30603	2.1204	3.3475	1500.2	-0.047357	0.00015912	0.20502	liquid
105.69	120.00	440.17	0.0022718	-29.497	-2.2346	-0.27419	2.1157	3.3508	1491.8	-0.047135	0.00015535	0.20377	liquid
106.69	120.00	438.90	0.0022784	-26.223	1.1178	-0.24263	2.1110	3.3541	1483.4	-0.046906	0.00015175	0.20252	liquid
107.69	120.00	437.63	0.0022850	-22.947	4.4736	-0.21132	2.1063	3.3575	1474.9	-0.046672	0.00014829	0.20126	liquid
108.69	120.00	436.35	0.0022917	-19.668	7.8329	-0.18027	2.1017	3.3610	1466.5	-0.046432	0.00014496	0.20000	liquid
109.69	120.00	435.07	0.0022985	-16.386	11.196	-0.14947	2.0971	3.3645	1458.0	-0.046186	0.00014177	0.19873	liquid
110.69	120.00	433.78	0.0023053	-13.102	14.562	-0.11893	2.0925	3.3681	1449.5	-0.045934	0.00013869	0.19745	liquid
111.69	120.00	432.49	0.0023122	-9.8145	17.932	-0.088618	2.0880	3.3718	1441.0	-0.045675	0.00013573	0.19617	liquid
112.69	120.00	431.19	0.0023191	-6.5242	21.306	-0.058548	2.0836	3.3756	1432.5	-0.045410	0.00013287	0.19489	liquid
113.69	120.00	429.89	0.0023262	-3.2308	24.683	-0.028710	2.0791	3.3794	1423.9	-0.045138	0.00013011	0.19361	liquid
114.69	120.00	428.59	0.0023332	0.065558	28.064	0.00090043	2.0747	3.3833	1415.4	-0.044859	0.00012745	0.19232	liquid
115.69	120.00	427.28	0.0023404	3.3651	31.450	0.030288	2.0703	3.3872	1406.8	-0.044573	0.00012487	0.19102	liquid
116.69	120.00	425.97	0.0023476	6.6677	34.839	0.059457	2.0660	3.3913	1398.2	-0.044280	0.00012238	0.18973	liquid
117.69	120.00	424.65	0.0023549	9.9737	38.232	0.088412	2.0617	3.3954	1389.6	-0.043979	0.00011996	0.18843	liquid
118.69	120.00	423.33	0.0023622	13.283	41.630	0.11716	2.0574	3.3996	1381.0	-0.043671	0.00011762	0.18714	liquid
119.69	120.00	422.00	0.0023697	16.595	45.031	0.14570	2.0532	3.4039	1372.4	-0.043354	0.00011535	0.18584	liquid
120.69	120.00	420.67	0.0023772	19.911	48.438	0.17404	2.0490	3.4083	1363.8	-0.043030	0.00011315	0.18454	liquid
121.69	120.00	419.33	0.0023848	23.231	51.848	0.20218	2.0448	3.4128	1355.1	-0.042697	0.00011101	0.18324	liquid
122.69	120.00	417.99	0.0023924	26.554	55.263	0.23012	2.0407	3.4173	1346.4	-0.042356	0.00010893	0.18193	liquid
123.69	120.00	416.64	0.0024002	29.881	58.683	0.25788	2.0366	3.4220	1337.8	-0.042005	0.00010691	0.18063	liquid
124.69	120.00	415.29	0.0024080	33.211	62.107	0.28545	2.0325	3.4268	1329.1	-0.041646	0.00010495	0.17933	liquid
125.69	120.00	413.93	0.0024159	36.546	65.536	0.31285	2.0285	3.4316	1320.4	-0.041277	0.00010304	0.17803	liquid
126.69	120.00	412.56	0.0024239	39.884	68.970	0.34006	2.0245	3.4366	1311.7	-0.040898	0.00010118	0.17673	liquid
127.69	120.00	411.19	0.0024320	43.226	72.410	0.36710	2.0205	3.4417	1303.0	-0.040509	9.9368e-05	0.17543	liquid
128.69	120.00	409.81	0.0024401	46.572	75.854	0.39397	2.0166	3.4469	1294.2	-0.040110	9.7604e-05	0.17413	liquid
129.69	120.00	408.43	0.0024484	49.923	79.303	0.42067	2.0126	3.4523	1285.5	-0.039700	9.5885e-05	0.17283	liquid
130.69	120.00	407.04	0.0024568	53.277	82.758	0.44720	2.0088	3.4577	1276.8	-0.039279	9.4209e-05	0.17153	liquid
131.69	120.00	405.64	0.0024652	56.636	86.219	0.47358	2.0049	3.4633	1268.0	-0.038847	9.2575e-05	0.17024	liquid
132.69	120.00	404.24	0.0024738	60.000	89.685	0.49980	2.0011	3.4691	1259.2	-0.038402	9.0980e-05	0.16894	liquid
133.69	120.00	402.83	0.0024824	63.368	93.157	0.52587	1.9974	3.4749	1250.4	-0.037946	8.9424e-05	0.16765	liquid
134.69	120.00	401.42	0.0024912	66.741	96.635	0.55179	1.9937	3.4810	1241.6	-0.037477	8.7905e-05	0.16636	liquid
135.69	120.00	399.99	0.0025000	70.118	100.12	0.57756	1.9900	3.4871	1232.8	-0.036995	8.6422e-05	0.16507	liquid
136.69	120.00	398.56	0.0025090	73.501	103.61	0.60318	1.9863	3.4935	1224.0	-0.036500	8.4974e-05	0.16379	liquid
137.69	120.00	397.12	0.0025181	76.889	107.11	0.62867	1.9827	3.4999	1215.1	-0.035991	8.3558e-05	0.16250	liquid
138.69	120.00	395.68	0.0025273	80.282	110.61	0.65402	1.9791	3.5066	1206.3	-0.035468	8.2175e-05	0.16122	liquid
139.69	120.00	394.23	0.0025366	83.680	114.12	0.67924	1.9756	3.5134	1197.4	-0.034930	8.0823e-05	0.15994	liquid
140.69	120.00	392.77	0.0025460	87.084	117.64	0.70432	1.9721	3.5204	1188.6	-0.034377	7.9501e-05	0.15867	liquid
141.69	120.00	391.30	0.0025556	90.493	121.16	0.72928	1.9687	3.5276	1179.7	-0.033808	7.8209e-05	0.15739	liquid
142.69	120.00	389.82	0.0025653	93.908	124.69	0.75412	1.9653	3.5350	1170.8	-0.033223	7.6944e-05	0.15612	liquid
143.69	120.00	388.34	0.0025751	97.329	128.23	0.77883	1.9619	3.5426	1161.9	-0.032622	7.5706e-05	0.15485	liquid
144.69	120.00	386.84	0.0025850	100.76	131.78	0.80343	1.9585	3.5504	1152.9	-0.032003	7.4495e-05	0.15359	liquid
145.69	120.00	385.34	0.0025951	104.19	135.33	0.82791	1.9553	3.5584	1144.0	-0.031366	7.3310e-05	0.15232	liquid
146.69	120.00	383.83	0.0026053	107.63	138.89	0.85228	1.9520	3.5666	1135.0	-0.030710	7.2149e-05	0.15107	liquid
147.69	120.00	382.31	0.0026157	111.08	142.46	0.87653	1.9488	3.5751	1126.1	-0.030035	7.1013e-05	0.14981	liquid
148.69	120.00	380.77	0.0026262	114.53	146.04	0.90069	1.9457	3.5838	1117.1	-0.029341	6.9899e-05	0.14856	liquid
149.69	120.00	379.23	0.0026369	117.99	149.63	0.92474	1.9425	3.5927	1108.1	-0.028626	6.8809e-05	0.14731	liquid
150.69	120.00	377.68	0.0026477	121.46	153.23	0.94869	1.9395	3.6019	1099.1	-0.027889	6.7740e-05	0.14606	liquid
151.69	120.00	376.12	0.0026587	124.93	156.84	0.97254	1.9364	3.6113	1090.0	-0.027131	6.6692e-05	0.14482	liquid
152.69	120.00	374.55	0.0026699	128.41	160.45	0.99630	1.9335	3.6210	1081.0	-0.026350	6.5666e-05	0.14358	liquid
153.69	120.00	372.97	0.0026812	131.90	164.08	1.0200	1.9305	3.6310	1071.9	-0.025545	6.4659e-05	0.14234	liquid
154.69	120.00	371.38	0.0026927	135.40	167.71	1.0436	1.9277	3.6413	1062.9	-0.024716	6.3671e-05	0.14111	liquid
155.69	120.00	369.77	0.0027044	138.91	171.36	1.0671	1.9248	3.6518	1053.8	-0.023861	6.2703e-05	0.13988	liquid
156.69	120.00	368.16	0.0027162	142.42	175.02	1.0905	1.9220	3.6627	1044.7	-0.022980	6.1753e-05	0.13866	liquid
157.69	120.00	366.53	0.0027283	145.95	178.69	1.1138	1.9193	3.6739	1035.6	-0.022072	6.0821e-05	0.13743	liquid
158.69	120.00	364.89	0.0027405	149.48	182.37	1.1371	1.9166	3.6854	1026.4	-0.021136	5.9906e-05	0.13622	liquid
159.69	120.00	363.24	0.0027530	153.02	186.06	1.1602	1.9140	3.6973	1017.3	-0.020170	5.9008e-05	0.13500	liquid
160.69	120.00	361.57	0.0027657	156.57	189.76	1.1834	1.9114	3.7095	1008.1	-0.019174	5.8126e-05	0.13379	liquid
161.69	120.00	359.90	0.0027786	160.13	193.48	1.2064	1.9088	3.7221	998.96	-0.018146	5.7260e-05	0.13258	liquid
162.69	120.00	358.20	0.0027917	163.70	197.21	1.2294	1.9064	3.7351	989.76	-0.017086	5.6410e-05	0.13138	liquid
163.69	120.00	356.50	0.0028051	167.29	200.95	1.2523	1.9039	3.7485	980.55	-0.015991	5.5574e-05	0.13018	liquid
164.69	120.00	354.78	0.0028187	170.88	204.70	1.2752	1.9016	3.7623	971.33	-0.014861	5.4753e-05	0.12898	liquid
165.69	120.00	353.05	0.0028325	174.48	208.47	1.2980	1.8992	3.7765	962.09	-0.013694	5.3946e-05	0.12779	liquid
166.69	120.00	351.30	0.0028466	178.10	212.26	1.3208	1.8970	3.7911	952.84	-0.012488	5.3153e-05	0.12660	liquid
167.69	120.00	349.53	0.0028610	181.72	216.05	1.3435	1.8948	3.8062	943.57	-0.011243	5.2374e-05	0.12542	liquid
168.69	120.00	347.75	0.0028756	185.36	219.87	1.3662	1.8926	3.8218	934.28	-0.0099567	5.1607e-05	0.12424	liquid
169.69	120.00	345.95	0.0028906	189.01	223.70	1.3888	1.8905	3.8378	924.99	-0.0086269	5.0853e-05	0.12306	liquid
170.69	120.00	344.14	0.0029058	192.67	227.54	1.4114	1.8885	3.8544	915.67	-0.0072522	5.0111e-05	0.12189	liquid
171.69	120.00	342.31	0.0029213	196.35	231.41	1.4340	1.8865	3.8715	906.35	-0.0058308	4.9381e-05	0.12072	liquid
172.69	120.00	340.46	0.0029372	200.04	235.29	1.4565	1.8846	3.8892	897.00	-0.0043607	4.8662e-05	0.11956	liquid
173.69	120.00	338.59	0.0029534	203.74	239.19	1.4790	1.8828	3.9074	887.65	-0.0028398	4.7955e-05	0.11840	liquid
174.69	120.00	336.71	0.0029699	207.46	243.10	1.5015	1.8810	3.9262	878.28	-0.0012660	4.7258e-05	0.11724	liquid
175.69	120.00	334.80	0.0029868	211.20	247.04	1.5240	1.8793	3.9456	868.90	0.00036294	4.6572e-05	0.11609	liquid
176.69	120.00	332.88	0.0030041	214.94	250.99	1.5464	1.8776	3.9657	859.51	0.0020494	4.5897e-05	0.11495	liquid
177.69	120.00	330.93	0.0030218	218.71	254.97	1.5689	1.8760	3.9864	850.10	0.0037958	4.5231e-05	0.11381	liquid
178.69	120.00	328.97	0.0030398	222.49	258.97	1.5913	1.8745	4.0079	840.69	0.0056049	4.4574e-05	0.11267	liquid
179.69	120.00	326.98	0.0030583	226.29	262.99	1.6137	1.8731	4.0300	831.27	0.0074793	4.3928e-05	0.11154	liquid
180.69	120.00	324.97	0.0030772	230.10	267.03	1.6362	1.8717	4.0529	821.83	0.0094218	4.3290e-05	0.11042	liquid
181.69	120.00	322.94	0.0030966	233.93	271.09	1.6586	1.8704	4.0765	812.39	0.011436	4.2660e-05	0.10930	liquid
182.69	120.00	320.88	0.0031164	237.78	275.18	1.6810	1.8691	4.1010	802.95	0.013524	4.2040e-05	0.10819	liquid
183.69	120.00	318.80	0.0031368	241.65	279.29	1.7035	1.8680	4.1263	793.49	0.015689	4.1427e-05	0.10709	liquid
184.69	120.00	316.69	0.0031577	245.54	283.43	1.7260	1.8669	4.1524	784.04	0.017936	4.0823e-05	0.10599	liquid
185.69	120.00	314.56	0.0031791	249.45	287.60	1.7485	1.8659	4.1794	774.58	0.020268	4.0226e-05	0.10491	liquid
186.69	120.00	312.40	0.0032010	253.38	291.79	1.7710	1.8649	4.2074	765.12	0.022688	3.9636e-05	0.10383	liquid
187.69	120.00	310.21	0.0032236	257.33	296.01	1.7935	1.8641	4.2363	755.66	0.025200	3.9054e-05	0.10278	liquid
188.69	120.00	308.00	0.0032468	261.30	300.26	1.8161	1.8633	4.2662	746.21	0.027809	3.8479e-05	0.10174	liquid
189.69	120.00	305.76	0.0032706	265.30	304.55	1.8387	1.8626	4.2971	736.76	0.030519	3.7910e-05	0.10074	liquid
190.69	120.00	303.48	0.0032951	269.32	308.86	1.8614	1.8620	4.3291	727.32	0.033334	3.7348e-05	0.099784	supercritical
191.69	120.00	301.18	0.0033203	273.36	313.20	1.8841	1.8615	4.3621	717.89	0.036259	3.6793e-05	0.098613	supercritical
192.69	120.00	298.84	0.0033462	277.43	317.58	1.9069	1.8610	4.3963	708.47	0.039298	3.6243e-05	0.097499	supercritical
193.69	120.00	296.48	0.0033730	281.52	322.00	1.9298	1.8607	4.4316	699.08	0.042458	3.5700e-05	0.096404	supercritical
194.69	120.00	294.07	0.0034005	285.64	326.45	1.9527	1.8604	4.4681	689.70	0.045742	3.5162e-05	0.095320	supercritical
195.69	120.00	291.64	0.0034289	289.79	330.93	1.9757	1.8602	4.5057	680.36	0.049156	3.4630e-05	0.094245	supercritical
196.69	120.00	289.17	0.0034582	293.96	335.46	1.9987	1.8601	4.5446	671.04	0.052706	3.4103e-05	0.093178	supercritical
197.69	120.00	286.66	0.0034884	298.16	340.02	2.0219	1.8601	4.5847	661.76	0.056396	3.3581e-05	0.092120	supercritical
198.69	120.00	284.12	0.0035197	302.39	344.63	2.0451	1.8601	4.6261	652.52	0.060233	3.3065e-05	0.091068	supercritical
199.69	120.00	281.54	0.0035519	306.65	349.28	2.0685	1.8603	4.6687	643.32	0.064223	3.2554e-05	0.090024	supercritical
200.69	120.00	278.92	0.0035853	310.94	353.97	2.0919	1.8605	4.7125	634.18	0.068369	3.2048e-05	0.088988	supercritical
201.69	120.00	276.26	0.0036198	315.26	358.70	2.1154	1.8608	4.7576	625.10	0.072679	3.1546e-05	0.087959	supercritical
202.69	120.00	273.56	0.0036555	319.62	363.48	2.1391	1.8611	4.8038	616.09	0.077156	3.1049e-05	0.086939	supercritical
203.69	120.00	270.82	0.0036924	324.00	368.31	2.1628	1.8616	4.8511	607.16	0.081806	3.0557e-05	0.085927	supercritical
204.69	120.00	268.04	0.0037307	328.42	373.19	2.1867	1.8621	4.8995	598.31	0.086634	3.0070e-05	0.084923	supercritical
205.69	120.00	265.22	0.0037704	332.86	378.11	2.2107	1.8626	4.9489	589.56	0.091642	2.9587e-05	0.083929	supercritical
206.69	120.00	262.36	0.0038115	337.35	383.08	2.2348	1.8632	4.9991	580.92	0.096834	2.9109e-05	0.082944	supercritical
207.69	120.00	259.46	0.0038541	341.86	388.11	2.2591	1.8639	5.0498	572.39	0.10221	2.8636e-05	0.081970	supercritical
208.69	120.00	256.52	0.0038983	346.40	393.18	2.2834	1.8646	5.1011	563.99	0.10777	2.8168e-05	0.081006	supercritical
209.69	120.00	253.54	0.0039442	350.98	398.31	2.3080	1.8653	5.1525	555.74	0.11352	2.7705e-05	0.080052	supercritical
210.69	120.00	250.52	0.0039918	355.59	403.49	2.3326	1.8660	5.2037	547.64	0.11945	2.7247e-05	0.079111	supercritical
211.69	120.00	247.46	0.0040411	360.22	408.72	2.3573	1.8667	5.2544	539.71	0.12556	2.6794e-05	0.078181	supercritical
212.69	120.00	244.36	0.0040923	364.89	414.00	2.3822	1.8674	5.3043	531.96	0.13183	2.6347e-05	0.077264	supercritical
213.69	120.00	241.23	0.0041454	369.58	419.33	2.4072	1.8681	5.3527	524.42	0.13827	2.5905e-05	0.076359	supercritical
214.69	120.00	238.07	0.0042004	374.30	424.70	2.4323	1.8687	5.3993	517.09	0.14485	2.5471e-05	0.075469	supercritical
215.69	120.00	234.89	0.0042574	379.03	430.12	2.4575	1.8693	5.4435	509.99	0.15157	2.5042e-05	0.074591	supercritical
216.69	120.00	231.68	0.0043164	383.79	435.59	2.4828	1.8699	5.4848	503.13	0.15840	2.4621e-05	0.073728	supercritical
217.69	120.00	228.45	0.0043774	388.56	441.09	2.5081	1.8703	5.5226	496.52	0.16533	2.4208e-05	0.072880	supercritical
218.69	120.00	225.20	0.0044405	393.35	446.63	2.5335	1.8707	5.5563	490.18	0.17234	2.3802e-05	0.072046	supercritical
219.69	120.00	221.95	0.0045056	398.14	452.20	2.5589	1.8710	5.5856	484.12	0.17941	2.3405e-05	0.071227	supercritical
220.69	120.00	218.69	0.0045727	402.93	457.80	2.5844	1.8712	5.6100	478.34	0.18650	2.3017e-05	0.070422	supercritical
221.69	120.00	215.43	0.0046418	407.72	463.42	2.6098	1.8713	5.6292	472.85	0.19361	2.2638e-05	0.069633	supercritical
222.69	120.00	212.18	0.0047129	412.50	469.06	2.6351	1.8713	5.6428	467.65	0.20070	2.2270e-05	0.068858	supercritical
223.69	120.00	208.95	0.0047858	417.27	474.70	2.6604	1.8711	5.6507	462.75	0.20776	2.1912e-05	0.068099	supercritical
224.69	120.00	205.74	0.0048606	422.03	480.36	2.6857	1.8709	5.6527	458.14	0.21475	2.1564e-05	0.067354	supercritical
225.69	120.00	202.55	0.0049371	426.76	486.01	2.7107	1.8705	5.6489	453.82	0.22166	2.1227e-05	0.066623	supercritical
226.69	120.00	199.39	0.0050153	431.47	491.65	2.7357	1.8700	5.6394	449.79	0.22846	2.0902e-05	0.065907	supercritical
227.69	120.00	196.27	0.0050950	436.14	497.28	2.7605	1.8694	5.6242	446.04	0.23513	2.0588e-05	0.065206	supercritical
228.69	120.00	193.19	0.0051762	440.79	502.90	2.7851	1.8687	5.6036	442.57	0.24166	2.0285e-05	0.064519	supercritical
229.69	120.00	190.16	0.0052586	445.39	508.49	2.8095	1.8679	5.5779	439.37	0.24801	1.9994e-05	0.063847	supercritical
230.69	120.00	187.18	0.0053424	449.95	514.05	2.8337	1.8670	5.5474	436.43	0.25418	1.9715e-05	0.063189	supercritical
231.69	120.00	184.26	0.0054272	454.46	519.58	2.8576	1.8660	5.5124	433.73	0.26015	1.9447e-05	0.062545	supercritical
232.69	120.00	181.39	0.0055130	458.92	525.08	2.8812	1.8649	5.4733	431.28	0.26590	1.9191e-05	0.061917	supercritical
233.69	120.00	178.58	0.0055996	463.33	530.53	2.9046	1.8637	5.4305	429.06	0.27142	1.8946e-05	0.061303	supercritical
234.69	120.00	175.84	0.0056870	467.69	535.94	2.9277	1.8624	5.3845	427.06	0.27671	1.8712e-05	0.060704	supercritical
235.69	120.00	173.16	0.0057750	472.00	541.30	2.9505	1.8610	5.3357	425.27	0.28175	1.8489e-05	0.060120	supercritical
236.69	120.00	170.55	0.0058635	476.25	546.61	2.9730	1.8596	5.2844	423.68	0.28653	1.8276e-05	0.059551	supercritical
237.69	120.00	168.00	0.0059524	480.44	551.87	2.9951	1.8581	5.2311	422.27	0.29106	1.8074e-05	0.058999	supercritical
238.69	120.00	165.52	0.0060417	484.57	557.07	3.0170	1.8565	5.1763	421.04	0.29533	1.7881e-05	0.058461	supercritical
239.69	120.00	163.10	0.0061311	488.64	562.22	3.0385	1.8549	5.1202	419.98	0.29934	1.7698e-05	0.057940	supercritical
240.69	120.00	160.75	0.0062207	492.66	567.31	3.0597	1.8533	5.0632	419.06	0.30309	1.7524e-05	0.057435	supercritical
241.69	120.00	158.47	0.0063103	496.62	572.34	3.0806	1.8516	5.0056	418.29	0.30658	1.7359e-05	0.056946	supercritical
242.69	120.00	156.25	0.0063999	500.52	577.32	3.1011	1.8499	4.9478	417.66	0.30983	1.7202e-05	0.056473	supercritical
243.69	120.00	154.10	0.0064893	504.37	582.24	3.1214	1.8481	4.8900	417.15	0.31283	1.7053e-05	0.056016	supercritical
244.69	120.00	152.01	0.0065787	508.16	587.10	3.1413	1.8464	4.8325	416.76	0.31558	1.6912e-05	0.055575	supercritical
245.69	120.00	149.98	0.0066677	511.89	591.90	3.1609	1.8447	4.7754	416.47	0.31811	1.6779e-05	0.055150	supercritical
246.69	120.00	148.00	0.0067566	515.57	596.65	3.1801	1.8429	4.7189	416.29	0.32041	1.6652e-05	0.054740	supercritical
247.69	120.00	146.09	0.0068451	519.20	601.34	3.1991	1.8412	4.6632	416.19	0.32250	1.6532e-05	0.054347	supercritical
248.69	120.00	144.23	0.0069333	522.78	605.98	3.2178	1.8395	4.6084	416.18	0.32437	1.6418e-05	0.053968	supercritical
249.69	120.00	142.43	0.0070211	526.31	610.56	3.2362	1.8378	4.5547	416.25	0.32605	1.6311e-05	0.053605	supercritical
250.69	120.00	140.68	0.0071084	529.79	615.09	3.2543	1.8361	4.5020	416.38	0.32754	1.6209e-05	0.053257	supercritical
251.69	120.00	138.98	0.0071954	533.22	619.56	3.2721	1.8345	4.4506	416.59	0.32884	1.6112e-05	0.052923	supercritical
252.69	120.00	137.33	0.0072819	536.61	623.99	3.2897	1.8329	4.4003	416.85	0.32997	1.6021e-05	0.052603	supercritical
253.69	120.00	135.72	0.0073679	539.95	628.37	3.3069	1.8313	4.3514	417.18	0.33094	1.5934e-05	0.052297	supercritical
254.69	120.00	134.16	0.0074535	543.25	632.69	3.3240	1.8298	4.3037	417.55	0.33175	1.5852e-05	0.052004	supercritical
255.69	120.00	132.65	0.0075386	546.51	636.97	3.3407	1.8283	4.2573	417.97	0.33241	1.5775e-05	0.051725	supercritical
256.69	120.00	131.18	0.0076232	549.73	641.21	3.3573	1.8269	4.2122	418.43	0.33293	1.5702e-05	0.051458	supercritical
257.69	120.00	129.75	0.0077072	552.91	645.40	3.3736	1.8255	4.1685	418.93	0.33332	1.5632e-05	0.051203	supercritical
258.69	120.00	128.36	0.0077908	556.06	649.54	3.3896	1.8242	4.1260	419.47	0.33358	1.5566e-05	0.050960	supercritical
259.69	120.00	127.00	0.0078739	559.16	653.65	3.4055	1.8230	4.0848	420.04	0.33372	1.5504e-05	0.050729	supercritical
260.69	120.00	125.68	0.0079564	562.24	657.72	3.4211	1.8218	4.0449	420.64	0.33375	1.5446e-05	0.050509	supercritical
261.69	120.00	124.40	0.0080385	565.28	661.74	3.4365	1.8207	4.0063	421.27	0.33368	1.5390e-05	0.050300	supercritical
262.69	120.00	123.15	0.0081200	568.29	665.73	3.4517	1.8196	3.9688	421.92	0.33351	1.5338e-05	0.050101	supercritical
263.69	120.00	121.93	0.0082011	571.27	669.68	3.4667	1.8186	3.9325	422.60	0.33325	1.5288e-05	0.049912	supercritical
264.69	120.00	120.75	0.0082816	574.21	673.59	3.4815	1.8177	3.8974	423.30	0.33289	1.5241e-05	0.049733	supercritical
265.69	120.00	119.59	0.0083617	577.13	677.47	3.4962	1.8168	3.8634	424.02	0.33246	1.5197e-05	0.049563	supercritical
266.69	120.00	118.47	0.0084413	580.03	681.32	3.5106	1.8160	3.8306	424.76	0.33194	1.5155e-05	0.049402	supercritical
267.69	120.00	117.37	0.0085204	582.89	685.14	3.5249	1.8152	3.7987	425.51	0.33136	1.5116e-05	0.049250	supercritical
268.69	120.00	116.29	0.0085990	585.73	688.92	3.5390	1.8145	3.7679	426.27	0.33070	1.5079e-05	0.049107	supercritical
269.69	120.00	115.25	0.0086771	588.55	692.67	3.5529	1.8139	3.7381	427.05	0.32998	1.5044e-05	0.048971	supercritical
270.69	120.00	114.22	0.0087548	591.34	696.40	3.5667	1.8134	3.7093	427.85	0.32921	1.5011e-05	0.048843	supercritical
271.69	120.00	113.22	0.0088320	594.11	700.09	3.5803	1.8129	3.6814	428.65	0.32837	1.4980e-05	0.048723	supercritical
272.69	120.00	112.25	0.0089088	596.85	703.76	3.5938	1.8124	3.6544	429.46	0.32748	1.4951e-05	0.048610	supercritical
273.69	120.00	111.29	0.0089851	599.58	707.40	3.6071	1.8121	3.6283	430.28	0.32654	1.4924e-05	0.048504	supercritical
274.69	120.00	110.36	0.0090610	602.28	711.02	3.6203	1.8118	3.6030	431.11	0.32556	1.4898e-05	0.048405	supercritical
275.69	120.00	109.45	0.0091365	604.97	714.61	3.6334	1.8115	3.5786	431.95	0.32453	1.4874e-05	0.048313	supercritical
276.69	120.00	108.56	0.0092116	607.63	718.17	3.6463	1.8113	3.5549	432.79	0.32346	1.4852e-05	0.048226	supercritical
277.69	120.00	107.69	0.0092862	610.28	721.72	3.6591	1.8112	3.5320	433.64	0.32236	1.4831e-05	0.048146	supercritical
278.69	120.00	106.83	0.0093605	612.91	725.24	3.6717	1.8111	3.5098	434.50	0.32122	1.4812e-05	0.048072	supercritical
279.69	120.00	106.00	0.0094343	615.52	728.74	3.6843	1.8111	3.4883	435.35	0.32004	1.4794e-05	0.048003	supercritical
280.69	120.00	105.18	0.0095078	618.12	732.21	3.6967	1.8112	3.4675	436.22	0.31884	1.4777e-05	0.047940	supercritical
281.69	120.00	104.38	0.0095808	620.70	735.67	3.7090	1.8113	3.4474	437.08	0.31761	1.4761e-05	0.047882	supercritical
282.69	120.00	103.59	0.0096535	623.27	739.11	3.7212	1.8114	3.4279	437.95	0.31635	1.4747e-05	0.047829	supercritical
283.69	120.00	102.82	0.0097258	625.82	742.53	3.7332	1.8117	3.4090	438.82	0.31506	1.4734e-05	0.047781	supercritical
284.69	120.00	102.06	0.0097978	628.35	745.93	3.7452	1.8119	3.3907	439.70	0.31375	1.4722e-05	0.047738	supercritical
285.69	120.00	101.32	0.0098694	630.88	749.31	3.7570	1.8122	3.3730	440.57	0.31242	1.4711e-05	0.047700	supercritical
286.69	120.00	100.60	0.0099407	633.38	752.67	3.7688	1.8126	3.3558	441.45	0.31107	1.4701e-05	0.047666	supercritical
287.69	120.00	99.884	0.010012	635.88	756.02	3.7805	1.8131	3.3392	442.32	0.30971	1.4692e-05	0.047636	supercritical
288.69	120.00	99.185	0.010082	638.37	759.35	3.7920	1.8135	3.3230	443.20	0.30832	1.4685e-05	0.047611	supercritical
289.69	120.00	98.499	0.010152	640.84	762.67	3.8035	1.8141	3.3074	444.08	0.30692	1.4678e-05	0.047589	supercritical
290.69	120.00	97.825	0.010222	643.30	765.97	3.8149	1.8146	3.2923	444.96	0.30551	1.4671e-05	0.047572	supercritical
291.69	120.00	97.163	0.010292	645.75	769.25	3.8261	1.8153	3.2776	445.84	0.30409	1.4666e-05	0.047558	supercritical
292.69	120.00	96.514	0.010361	648.19	772.52	3.8373	1.8160	3.2634	446.72	0.30265	1.4662e-05	0.047548	supercritical
293.69	120.00	95.875	0.010430	650.62	775.78	3.8484	1.8167	3.2496	447.59	0.30120	1.4658e-05	0.047542	supercritical
294.69	120.00	95.248	0.010499	653.03	779.02	3.8595	1.8174	3.2362	448.47	0.29974	1.4655e-05	0.047539	supercritical
295.69	120.00	94.631	0.010567	655.44	782.25	3.8704	1.8183	3.2232	449.35	0.29827	1.4653e-05	0.047540	supercritical
296.69	120.00	94.025	0.010635	657.84	785.47	3.8813	1.8191	3.2106	450.22	0.29680	1.4651e-05	0.047544	supercritical
297.69	120.00	93.430	0.010703	660.23	788.67	3.8920	1.8200	3.1984	451.10	0.29531	1.4651e-05	0.047551	supercritical
298.69	120.00	92.844	0.010771	662.61	791.86	3.9027	1.8210	3.1866	451.97	0.29383	1.4650e-05	0.047561	supercritical
299.69	120.00	92.267	0.010838	664.99	795.05	3.9134	1.8220	3.1751	452.84	0.29233	1.4651e-05	0.047574	supercritical
300.69	120.00	91.701	0.010905	667.35	798.21	3.9239	1.8230	3.1640	453.71	0.29083	1.4652e-05	0.047591	supercritical
301.69	120.00	91.143	0.010972	669.71	801.37	3.9344	1.8241	3.1532	454.58	0.28933	1.4654e-05	0.047610	supercritical
302.69	120.00	90.594	0.011038	672.06	804.52	3.9448	1.8252	3.1427	455.45	0.28782	1.4656e-05	0.047631	supercritical
303.69	120.00	90.054	0.011105	674.40	807.66	3.9552	1.8263	3.1326	456.31	0.28631	1.4659e-05	0.047656	supercritical
304.69	120.00	89.522	0.011170	676.74	810.79	3.9655	1.8275	3.1227	457.18	0.28480	1.4662e-05	0.047683	supercritical
305.69	120.00	88.998	0.011236	679.07	813.90	3.9757	1.8288	3.1131	458.04	0.28329	1.4666e-05	0.047713	supercritical
306.69	120.00	88.482	0.011302	681.39	817.01	3.9858	1.8300	3.1039	458.90	0.28177	1.4670e-05	0.047745	supercritical
307.69	120.00	87.974	0.011367	683.71	820.11	3.9959	1.8313	3.0949	459.75	0.28026	1.4675e-05	0.047780	supercritical
308.69	120.00	87.474	0.011432	686.02	823.20	4.0060	1.8327	3.0862	460.61	0.27874	1.4681e-05	0.047817	supercritical
309.69	120.00	86.981	0.011497	688.32	826.28	4.0159	1.8341	3.0777	461.46	0.27723	1.4686e-05	0.047856	supercritical
310.69	120.00	86.495	0.011561	690.62	829.36	4.0258	1.8355	3.0695	462.31	0.27571	1.4693e-05	0.047898	supercritical
311.69	120.00	86.017	0.011626	692.92	832.42	4.0357	1.8369	3.0615	463.16	0.27420	1.4699e-05	0.047942	supercritical
312.69	120.00	85.545	0.011690	695.20	835.48	4.0455	1.8384	3.0538	464.01	0.27269	1.4706e-05	0.047988	supercritical
313.69	120.00	85.080	0.011754	697.49	838.53	4.0552	1.8399	3.0463	464.85	0.27118	1.4714e-05	0.048036	supercritical
314.69	120.00	84.621	0.011817	699.77	841.57	4.0649	1.8415	3.0391	465.69	0.26967	1.4722e-05	0.048086	supercritical
315.69	120.00	84.169	0.011881	702.04	844.61	4.0745	1.8431	3.0320	466.53	0.26816	1.4730e-05	0.048138	supercritical
316.69	120.00	83.723	0.011944	704.31	847.64	4.0841	1.8447	3.0252	467.36	0.26666	1.4739e-05	0.048192	supercritical
317.69	120.00	83.283	0.012007	706.57	850.66	4.0936	1.8463	3.0186	468.20	0.26516	1.4748e-05	0.048248	supercritical
318.69	120.00	82.849	0.012070	708.83	853.68	4.1031	1.8480	3.0122	469.03	0.26366	1.4757e-05	0.048306	supercritical
319.69	120.00	82.421	0.012133	711.09	856.68	4.1125	1.8497	3.0059	469.86	0.26216	1.4767e-05	0.048366	supercritical
320.69	120.00	81.999	0.012195	713.34	859.69	4.1219	1.8515	2.9999	470.68	0.26067	1.4777e-05	0.048428	supercritical
321.69	120.00	81.582	0.012258	715.59	862.68	4.1312	1.8532	2.9941	471.51	0.25919	1.4787e-05	0.048491	supercritical
322.69	120.00	81.170	0.012320	717.84	865.68	4.1405	1.8551	2.9884	472.33	0.25771	1.4797e-05	0.048556	supercritical
323.69	120.00	80.764	0.012382	720.08	868.66	4.1498	1.8569	2.9830	473.14	0.25623	1.4808e-05	0.048623	supercritical
324.69	120.00	80.363	0.012444	722.32	871.64	4.1590	1.8587	2.9776	473.96	0.25475	1.4820e-05	0.048691	supercritical
325.69	120.00	79.967	0.012505	724.56	874.62	4.1681	1.8606	2.9725	474.77	0.25328	1.4831e-05	0.048762	supercritical
326.69	120.00	79.576	0.012567	726.79	877.59	4.1772	1.8625	2.9675	475.58	0.25182	1.4843e-05	0.048833	supercritical
327.69	120.00	79.190	0.012628	729.02	880.55	4.1863	1.8645	2.9627	476.39	0.25036	1.4855e-05	0.048906	supercritical
328.69	120.00	78.809	0.012689	731.25	883.51	4.1953	1.8665	2.9581	477.19	0.24891	1.4867e-05	0.048981	supercritical
329.69	120.00	78.433	0.012750	733.47	886.47	4.2043	1.8685	2.9536	478.00	0.24746	1.4880e-05	0.049057	supercritical
330.69	120.00	78.061	0.012811	735.69	889.42	4.2132	1.8705	2.9492	478.79	0.24602	1.4892e-05	0.049135	supercritical
331.69	120.00	77.693	0.012871	737.91	892.37	4.2221	1.8725	2.9450	479.59	0.24458	1.4905e-05	0.049214	supercritical
332.69	120.00	77.330	0.012932	740.13	895.31	4.2310	1.8746	2.9409	480.39	0.24315	1.4919e-05	0.049295	supercritical
333.69	120.00	76.971	0.012992	742.35	898.25	4.2398	1.8767	2.9370	481.18	0.24172	1.4932e-05	0.049377	supercritical
334.69	120.00	76.616	0.013052	744.56	901.18	4.2486	1.8788	2.9332	481.97	0.24030	1.4946e-05	0.049460	supercritical
335.69	120.00	76.266	0.013112	746.77	904.11	4.2573	1.8810	2.9295	482.75	0.23888	1.4960e-05	0.049545	supercritical
336.69	120.00	75.920	0.013172	748.98	907.04	4.2660	1.8832	2.9260	483.54	0.23748	1.4974e-05	0.049631	supercritical
337.69	120.00	75.577	0.013232	751.19	909.97	4.2747	1.8854	2.9226	484.32	0.23607	1.4988e-05	0.049718	supercritical
338.69	120.00	75.239	0.013291	753.39	912.89	4.2833	1.8876	2.9193	485.10	0.23468	1.5003e-05	0.049807	supercritical
339.69	120.00	74.904	0.013350	755.60	915.81	4.2919	1.8898	2.9161	485.87	0.23329	1.5017e-05	0.049897	supercritical
340.69	120.00	74.573	0.013410	757.80	918.72	4.3005	1.8921	2.9131	486.65	0.23190	1.5032e-05	0.049988	supercritical
341.69	120.00	74.245	0.013469	760.01	921.63	4.3090	1.8944	2.9101	487.42	0.23053	1.5047e-05	0.050080	supercritical
342.69	120.00	73.922	0.013528	762.21	924.54	4.3175	1.8967	2.9073	488.18	0.22916	1.5063e-05	0.050174	supercritical
343.69	120.00	73.602	0.013587	764.41	927.45	4.3260	1.8990	2.9046	488.95	0.22779	1.5078e-05	0.050268	supercritical
344.69	120.00	73.285	0.013645	766.60	930.35	4.3344	1.9014	2.9020	489.71	0.22644	1.5094e-05	0.050364	supercritical
345.69	120.00	72.972	0.013704	768.80	933.25	4.3428	1.9037	2.8995	490.47	0.22508	1.5109e-05	0.050461	supercritical
346.69	120.00	72.662	0.013762	771.00	936.15	4.3512	1.9061	2.8971	491.23	0.22374	1.5125e-05	0.050559	supercritical
347.69	120.00	72.355	0.013821	773.20	939.04	4.3596	1.9085	2.8947	491.99	0.22240	1.5141e-05	0.050658	supercritical
348.69	120.00	72.052	0.013879	775.39	941.94	4.3679	1.9110	2.8925	492.74	0.22107	1.5158e-05	0.050758	supercritical
349.69	120.00	71.751	0.013937	777.58	944.83	4.3761	1.9134	2.8904	493.49	0.21975	1.5174e-05	0.050860	supercritical
350.69	120.00	71.454	0.013995	779.78	947.72	4.3844	1.9159	2.8884	494.24	0.21843	1.5191e-05	0.050962	supercritical
351.69	120.00	71.160	0.014053	781.97	950.61	4.3926	1.9184	2.8865	494.99	0.21712	1.5207e-05	0.051066	supercritical
352.69	120.00	70.869	0.014111	784.17	953.49	4.4008	1.9209	2.8847	495.73	0.21581	1.5224e-05	0.051170	supercritical
353.69	120.00	70.581	0.014168	786.36	956.38	4.4090	1.9235	2.8829	496.47	0.21452	1.5241e-05	0.051276	supercritical
354.69	120.00	70.296	0.014226	788.55	959.26	4.4171	1.9260	2.8812	497.21	0.21323	1.5258e-05	0.051382	supercritical
355.69	120.00	70.013	0.014283	790.74	962.14	4.4252	1.9286	2.8797	497.95	0.21194	1.5275e-05	0.051490	supercritical
356.69	120.00	69.734	0.014340	792.93	965.02	4.4333	1.9312	2.8782	498.68	0.21067	1.5293e-05	0.051598	supercritical
357.69	120.00	69.457	0.014397	795.13	967.89	4.4414	1.9338	2.8768	499.41	0.20940	1.5310e-05	0.051707	supercritical
358.69	120.00	69.183	0.014454	797.32	970.77	4.4494	1.9364	2.8754	500.14	0.20814	1.5328e-05	0.051818	supercritical
359.69	120.00	68.911	0.014511	799.51	973.65	4.4574	1.9390	2.8742	500.87	0.20688	1.5345e-05	0.051929	supercritical
360.69	120.00	68.643	0.014568	801.70	976.52	4.4654	1.9417	2.8730	501.60	0.20563	1.5363e-05	0.052041	supercritical
361.69	120.00	68.376	0.014625	803.89	979.39	4.4733	1.9444	2.8719	502.32	0.20439	1.5381e-05	0.052154	supercritical
362.69	120.00	68.113	0.014682	806.08	982.26	4.4813	1.9471	2.8708	503.04	0.20315	1.5399e-05	0.052268	supercritical
363.69	120.00	67.852	0.014738	808.28	985.13	4.4892	1.9498	2.8699	503.76	0.20193	1.5417e-05	0.052383	supercritical
364.69	120.00	67.593	0.014794	810.47	988.00	4.4970	1.9525	2.8690	504.47	0.20070	1.5436e-05	0.052499	supercritical
365.69	120.00	67.337	0.014851	812.66	990.87	4.5049	1.9552	2.8682	505.19	0.19949	1.5454e-05	0.052615	supercritical
366.69	120.00	67.083	0.014907	814.86	993.74	4.5127	1.9580	2.8674	505.90	0.19828	1.5472e-05	0.052733	supercritical
367.69	120.00	66.831	0.014963	817.05	996.61	4.5205	1.9607	2.8667	506.61	0.19708	1.5491e-05	0.052851	supercritical
368.69	120.00	66.582	0.015019	819.24	999.47	4.5283	1.9635	2.8661	507.32	0.19589	1.5509e-05	0.052970	supercritical
369.69	120.00	66.335	0.015075	821.44	1002.3	4.5361	1.9663	2.8656	508.02	0.19470	1.5528e-05	0.053090	supercritical
370.69	120.00	66.090	0.015131	823.63	1005.2	4.5438	1.9691	2.8651	508.72	0.19352	1.5547e-05	0.053211	supercritical
371.69	120.00	65.848	0.015187	825.83	1008.1	4.5515	1.9720	2.8646	509.42	0.19235	1.5566e-05	0.053332	supercritical
372.69	120.00	65.607	0.015242	828.03	1010.9	4.5592	1.9748	2.8643	510.12	0.19118	1.5585e-05	0.053454	supercritical
373.69	120.00	65.369	0.015298	830.22	1013.8	4.5669	1.9777	2.8639	510.82	0.19002	1.5604e-05	0.053578	supercritical
374.69	120.00	65.133	0.015353	832.42	1016.7	4.5746	1.9805	2.8637	511.51	0.18887	1.5623e-05	0.053701	supercritical
375.69	120.00	64.899	0.015409	834.62	1019.5	4.5822	1.9834	2.8635	512.21	0.18772	1.5642e-05	0.053826	supercritical
376.69	120.00	64.667	0.015464	836.82	1022.4	4.5898	1.9863	2.8633	512.90	0.18658	1.5662e-05	0.053951	supercritical
377.69	120.00	64.437	0.015519	839.02	1025.3	4.5974	1.9892	2.8633	513.59	0.18545	1.5681e-05	0.054078	supercritical
378.69	120.00	64.209	0.015574	841.22	1028.1	4.6050	1.9922	2.8632	514.27	0.18432	1.5701e-05	0.054204	supercritical
379.69	120.00	63.983	0.015629	843.43	1031.0	4.6125	1.9951	2.8632	514.96	0.18320	1.5720e-05	0.054332	supercritical
380.69	120.00	63.759	0.015684	845.63	1033.8	4.6200	1.9981	2.8633	515.64	0.18209	1.5740e-05	0.054460	supercritical
381.69	120.00	63.537	0.015739	847.84	1036.7	4.6276	2.0010	2.8634	516.32	0.18098	1.5759e-05	0.054589	supercritical
382.69	120.00	63.316	0.015794	850.04	1039.6	4.6351	2.0040	2.8636	517.00	0.17988	1.5779e-05	0.054719	supercritical
383.69	120.00	63.098	0.015848	852.25	1042.4	4.6425	2.0070	2.8638	517.68	0.17879	1.5799e-05	0.054850	supercritical
384.69	120.00	62.881	0.015903	854.46	1045.3	4.6500	2.0100	2.8641	518.35	0.17770	1.5819e-05	0.054981	supercritical
385.69	120.00	62.666	0.015958	856.67	1048.2	4.6574	2.0130	2.8644	519.03	0.17662	1.5839e-05	0.055112	supercritical
386.69	120.00	62.453	0.016012	858.88	1051.0	4.6648	2.0160	2.8648	519.70	0.17555	1.5859e-05	0.055245	supercritical
387.69	120.00	62.242	0.016066	861.09	1053.9	4.6722	2.0191	2.8652	520.37	0.17448	1.5879e-05	0.055378	supercritical
388.69	120.00	62.032	0.016121	863.31	1056.8	4.6796	2.0221	2.8657	521.03	0.17342	1.5899e-05	0.055512	supercritical
389.69	120.00	61.824	0.016175	865.52	1059.6	4.6870	2.0252	2.8662	521.70	0.17236	1.5919e-05	0.055646	supercritical
390.69	120.00	61.618	0.016229	867.74	1062.5	4.6943	2.0283	2.8667	522.36	0.17131	1.5939e-05	0.055782	supercritical
391.69	120.00	61.413	0.016283	869.96	1065.4	4.7017	2.0313	2.8673	523.03	0.17027	1.5960e-05	0.055917	supercritical
392.69	120.00	61.210	0.016337	872.18	1068.2	4.7090	2.0344	2.8679	523.69	0.16924	1.5980e-05	0.056054	supercritical
393.69	120.00	61.009	0.016391	874.40	1071.1	4.7163	2.0375	2.8686	524.35	0.16821	1.6000e-05	0.056191	supercritical
394.69	120.00	60.809	0.016445	876.62	1074.0	4.7235	2.0407	2.8693	525.00	0.16719	1.6021e-05	0.056328	supercritical
395.69	120.00	60.611	0.016499	878.84	1076.8	4.7308	2.0438	2.8701	525.66	0.16617	1.6041e-05	0.056467	supercritical
396.69	120.00	60.414	0.016552	881.07	1079.7	4.7380	2.0469	2.8709	526.31	0.16516	1.6062e-05	0.056606	supercritical
397.69	120.00	60.219	0.016606	883.30	1082.6	4.7453	2.0501	2.8717	526.96	0.16415	1.6083e-05	0.056745	supercritical
398.69	120.00	60.026	0.016660	885.53	1085.4	4.7525	2.0532	2.8726	527.61	0.16316	1.6103e-05	0.056885	supercritical
399.69	120.00	59.833	0.016713	887.76	1088.3	4.7597	2.0564	2.8735	528.26	0.16216	1.6124e-05	0.057026	supercritical
400.69	120.00	59.643	0.016767	889.99	1091.2	4.7669	2.0596	2.8744	528.91	0.16118	1.6145e-05	0.057167	supercritical
401.69	120.00	59.453	0.016820	892.23	1094.1	4.7740	2.0627	2.8754	529.55	0.16020	1.6165e-05	0.057309	supercritical
402.69	120.00	59.266	0.016873	894.46	1096.9	4.7812	2.0659	2.8764	530.20	0.15922	1.6186e-05	0.057452	supercritical
403.69	120.00	59.079	0.016926	896.70	1099.8	4.7883	2.0691	2.8775	530.84	0.15825	1.6207e-05	0.057595	supercritical
404.69	120.00	58.894	0.016980	898.94	1102.7	4.7954	2.0723	2.8786	531.48	0.15729	1.6228e-05	0.057738	supercritical
405.69	120.00	58.710	0.017033	901.18	1105.6	4.8025	2.0756	2.8797	532.12	0.15634	1.6249e-05	0.057882	supercritical
406.69	120.00	58.528	0.017086	903.43	1108.5	4.8096	2.0788	2.8808	532.75	0.15539	1.6270e-05	0.058027	supercritical
407.69	120.00	58.347	0.017139	905.67	1111.3	4.8167	2.0820	2.8820	533.39	0.15444	1.6291e-05	0.058172	supercritical
408.69	120.00	58.168	0.017192	907.92	1114.2	4.8238	2.0853	2.8832	534.02	0.15350	1.6312e-05	0.058318	supercritical
409.69	120.00	57.989	0.017245	910.17	1117.1	4.8308	2.0885	2.8845	534.66	0.15257	1.6333e-05	0.058465	supercritical
410.69	120.00	57.812	0.017297	912.42	1120.0	4.8379	2.0918	2.8858	535.29	0.15164	1.6354e-05	0.058611	supercritical
411.69	120.00	57.637	0.017350	914.67	1122.9	4.8449	2.0951	2.8871	535.92	0.15072	1.6375e-05	0.058759	supercritical
412.69	120.00	57.462	0.017403	916.93	1125.8	4.8519	2.0984	2.8884	536.54	0.14981	1.6397e-05	0.058907	supercritical
413.69	120.00	57.289	0.017455	919.19	1128.7	4.8589	2.1016	2.8898	537.17	0.14890	1.6418e-05	0.059055	supercritical
414.69	120.00	57.117	0.017508	921.45	1131.5	4.8658	2.1049	2.8912	537.79	0.14799	1.6439e-05	0.059204	supercritical
415.69	120.00	56.946	0.017560	923.71	1134.4	4.8728	2.1082	2.8926	538.42	0.14709	1.6460e-05	0.059354	supercritical
416.69	120.00	56.776	0.017613	925.97	1137.3	4.8798	2.1115	2.8941	539.04	0.14620	1.6482e-05	0.059504	supercritical
417.69	120.00	56.608	0.017665	928.24	1140.2	4.8867	2.1149	2.8956	539.66	0.14531	1.6503e-05	0.059655	supercritical
418.69	120.00	56.441	0.017718	930.51	1143.1	4.8936	2.1182	2.8971	540.28	0.14443	1.6524e-05	0.059806	supercritical
419.69	120.00	56.275	0.017770	932.78	1146.0	4.9005	2.1215	2.8987	540.90	0.14355	1.6546e-05	0.059957	supercritical
420.69	120.00	56.110	0.017822	935.05	1148.9	4.9074	2.1249	2.9002	541.51	0.14268	1.6567e-05	0.060109	supercritical
421.69	120.00	55.946	0.017874	937.32	1151.8	4.9143	2.1282	2.9018	542.13	0.14182	1.6589e-05	0.060262	supercritical
422.69	120.00	55.783	0.017926	939.60	1154.7	4.9212	2.1316	2.9034	542.74	0.14096	1.6610e-05	0.060415	supercritical
423.69	120.00	55.622	0.017979	941.88	1157.6	4.9281	2.1349	2.9051	543.35	0.14010	1.6632e-05	0.060568	supercritical
424.69	120.00	55.461	0.018031	944.16	1160.5	4.9349	2.1383	2.9068	543.96	0.13925	1.6653e-05	0.060722	supercritical
425.69	120.00	55.302	0.018083	946.45	1163.4	4.9418	2.1417	2.9085	544.57	0.13841	1.6675e-05	0.060877	supercritical
426.69	120.00	55.144	0.018134	948.73	1166.3	4.9486	2.1450	2.9102	545.18	0.13757	1.6696e-05	0.061032	supercritical
427.69	120.00	54.987	0.018186	951.02	1169.3	4.9554	2.1484	2.9119	545.79	0.13673	1.6718e-05	0.061187	supercritical
428.69	120.00	54.830	0.018238	953.31	1172.2	4.9622	2.1518	2.9137	546.39	0.13590	1.6740e-05	0.061343	supercritical
429.69	120.00	54.675	0.018290	955.61	1175.1	4.9690	2.1552	2.9155	546.99	0.13508	1.6761e-05	0.061499	supercritical
430.69	120.00	54.521	0.018342	957.90	1178.0	4.9758	2.1586	2.9173	547.60	0.13426	1.6783e-05	0.061656	supercritical
431.69	120.00	54.368	0.018393	960.20	1180.9	4.9825	2.1620	2.9192	548.20	0.13345	1.6805e-05	0.061813	supercritical
432.69	120.00	54.216	0.018445	962.50	1183.8	4.9893	2.1655	2.9210	548.80	0.13264	1.6826e-05	0.061971	supercritical
433.69	120.00	54.065	0.018496	964.80	1186.8	4.9960	2.1689	2.9229	549.40	0.13184	1.6848e-05	0.062129	supercritical
434.69	120.00	53.915	0.018548	967.11	1189.7	5.0028	2.1723	2.9248	549.99	0.13104	1.6870e-05	0.062288	supercritical
435.69	120.00	53.765	0.018599	969.42	1192.6	5.0095	2.1757	2.9267	550.59	0.13024	1.6892e-05	0.062447	supercritical
436.69	120.00	53.617	0.018651	971.73	1195.5	5.0162	2.1792	2.9287	551.18	0.12946	1.6914e-05	0.062606	supercritical
437.69	120.00	53.470	0.018702	974.04	1198.5	5.0229	2.1826	2.9306	551.78	0.12867	1.6935e-05	0.062766	supercritical
438.69	120.00	53.324	0.018753	976.36	1201.4	5.0296	2.1861	2.9326	552.37	0.12789	1.6957e-05	0.062927	supercritical
439.69	120.00	53.178	0.018805	978.68	1204.3	5.0363	2.1895	2.9346	552.96	0.12712	1.6979e-05	0.063087	supercritical
440.69	120.00	53.034	0.018856	981.00	1207.3	5.0429	2.1930	2.9367	553.55	0.12635	1.7001e-05	0.063249	supercritical
441.69	120.00	52.890	0.018907	983.32	1210.2	5.0496	2.1964	2.9387	554.14	0.12559	1.7023e-05	0.063410	supercritical
442.69	120.00	52.747	0.018958	985.65	1213.1	5.0563	2.1999	2.9408	554.73	0.12483	1.7045e-05	0.063572	supercritical
443.69	120.00	52.606	0.019009	987.98	1216.1	5.0629	2.2034	2.9429	555.31	0.12407	1.7067e-05	0.063735	supercritical
444.69	120.00	52.465	0.019060	990.31	1219.0	5.0695	2.2069	2.9450	555.90	0.12332	1.7089e-05	0.063898	supercritical
445.69	120.00	52.325	0.019111	992.64	1222.0	5.0761	2.2104	2.9471	556.48	0.12257	1.7110e-05	0.064061	supercritical
446.69	120.00	52.186	0.019162	994.98	1224.9	5.0827	2.2138	2.9492	557.06	0.12183	1.7132e-05	0.064225	supercritical
447.69	120.00	52.047	0.019213	997.32	1227.9	5.0893	2.2173	2.9514	557.64	0.12110	1.7154e-05	0.064389	supercritical
448.69	120.00	51.910	0.019264	999.66	1230.8	5.0959	2.2208	2.9535	558.22	0.12036	1.7176e-05	0.064553	supercritical
449.69	120.00	51.773	0.019315	1002.0	1233.8	5.1025	2.2243	2.9557	558.80	0.11964	1.7198e-05	0.064718	supercritical
450.69	120.00	51.637	0.019366	1004.4	1236.7	5.1091	2.2278	2.9579	559.38	0.11891	1.7220e-05	0.064883	supercritical
451.69	120.00	51.502	0.019417	1006.7	1239.7	5.1156	2.2313	2.9602	559.96	0.11820	1.7242e-05	0.065049	supercritical
452.69	120.00	51.368	0.019467	1009.1	1242.7	5.1222	2.2349	2.9624	560.53	0.11748	1.7264e-05	0.065215	supercritical
453.69	120.00	51.235	0.019518	1011.4	1245.6	5.1287	2.2384	2.9647	561.11	0.11677	1.7286e-05	0.065381	supercritical
454.69	120.00	51.102	0.019569	1013.8	1248.6	5.1353	2.2419	2.9669	561.68	0.11607	1.7309e-05	0.065548	supercritical
455.69	120.00	50.971	0.019619	1016.1	1251.6	5.1418	2.2454	2.9692	562.25	0.11537	1.7331e-05	0.065715	supercritical
456.69	120.00	50.840	0.019670	1018.5	1254.5	5.1483	2.2490	2.9715	562.83	0.11467	1.7353e-05	0.065883	supercritical
457.69	120.00	50.709	0.019720	1020.9	1257.5	5.1548	2.2525	2.9739	563.40	0.11398	1.7375e-05	0.066051	supercritical
458.69	120.00	50.580	0.019771	1023.2	1260.5	5.1613	2.2560	2.9762	563.97	0.11329	1.7397e-05	0.066219	supercritical
459.69	120.00	50.451	0.019821	1025.6	1263.5	5.1678	2.2596	2.9785	564.53	0.11260	1.7419e-05	0.066388	supercritical
460.69	120.00	50.323	0.019872	1028.0	1266.4	5.1742	2.2631	2.9809	565.10	0.11192	1.7441e-05	0.066557	supercritical
461.69	120.00	50.196	0.019922	1030.4	1269.4	5.1807	2.2667	2.9833	565.67	0.11125	1.7463e-05	0.066726	supercritical
462.69	120.00	50.070	0.019972	1032.7	1272.4	5.1872	2.2702	2.9857	566.23	0.11058	1.7485e-05	0.066896	supercritical
463.69	120.00	49.944	0.020022	1035.1	1275.4	5.1936	2.2738	2.9881	566.80	0.10991	1.7507e-05	0.067066	supercritical
464.69	120.00	49.819	0.020073	1037.5	1278.4	5.2000	2.2773	2.9905	567.36	0.10925	1.7530e-05	0.067237	supercritical
465.69	120.00	49.695	0.020123	1039.9	1281.4	5.2065	2.2809	2.9929	567.92	0.10859	1.7552e-05	0.067408	supercritical
466.69	120.00	49.571	0.020173	1042.3	1284.4	5.2129	2.2844	2.9954	568.48	0.10793	1.7574e-05	0.067579	supercritical
467.69	120.00	49.448	0.020223	1044.7	1287.4	5.2193	2.2880	2.9978	569.04	0.10728	1.7596e-05	0.067750	supercritical
468.69	120.00	49.326	0.020273	1047.1	1290.4	5.2257	2.2916	3.0003	569.60	0.10664	1.7618e-05	0.067922	supercritical
469.69	120.00	49.204	0.020323	1049.5	1293.4	5.2321	2.2951	3.0028	570.16	0.10599	1.7640e-05	0.068095	supercritical
470.69	120.00	49.084	0.020373	1051.9	1296.4	5.2385	2.2987	3.0053	570.71	0.10535	1.7663e-05	0.068267	supercritical
471.69	120.00	48.963	0.020423	1054.3	1299.4	5.2449	2.3023	3.0078	571.27	0.10472	1.7685e-05	0.068440	supercritical
472.69	120.00	48.844	0.020473	1056.7	1302.4	5.2513	2.3059	3.0103	571.83	0.10409	1.7707e-05	0.068613	supercritical
473.69	120.00	48.725	0.020523	1059.1	1305.4	5.2576	2.3095	3.0129	572.38	0.10346	1.7729e-05	0.068787	supercritical
474.69	120.00	48.607	0.020573	1061.5	1308.4	5.2640	2.3130	3.0154	572.93	0.10283	1.7751e-05	0.068961	supercritical
475.69	120.00	48.489	0.020623	1063.9	1311.4	5.2703	2.3166	3.0180	573.48	0.10221	1.7773e-05	0.069135	supercritical
476.69	120.00	48.373	0.020673	1066.4	1314.4	5.2767	2.3202	3.0206	574.04	0.10160	1.7796e-05	0.069310	supercritical
477.69	120.00	48.256	0.020723	1068.8	1317.5	5.2830	2.3238	3.0231	574.59	0.10099	1.7818e-05	0.069485	supercritical
478.69	120.00	48.141	0.020772	1071.2	1320.5	5.2893	2.3274	3.0257	575.13	0.10038	1.7840e-05	0.069660	supercritical
479.69	120.00	48.026	0.020822	1073.6	1323.5	5.2956	2.3310	3.0283	575.68	0.099773	1.7862e-05	0.069836	supercritical
480.69	120.00	47.911	0.020872	1076.1	1326.5	5.3020	2.3346	3.0309	576.23	0.099171	1.7885e-05	0.070012	supercritical
481.69	120.00	47.798	0.020921	1078.5	1329.6	5.3083	2.3382	3.0336	576.78	0.098573	1.7907e-05	0.070188	supercritical
482.69	120.00	47.685	0.020971	1081.0	1332.6	5.3146	2.3418	3.0362	577.32	0.097979	1.7929e-05	0.070364	supercritical
483.69	120.00	47.572	0.021021	1083.4	1335.6	5.3208	2.3454	3.0389	577.87	0.097389	1.7951e-05	0.070541	supercritical
484.69	120.00	47.460	0.021070	1085.8	1338.7	5.3271	2.3490	3.0415	578.41	0.096802	1.7973e-05	0.070719	supercritical
485.69	120.00	47.349	0.021120	1088.3	1341.7	5.3334	2.3526	3.0442	578.95	0.096219	1.7996e-05	0.070896	supercritical
486.69	120.00	47.238	0.021169	1090.7	1344.8	5.3397	2.3562	3.0469	579.50	0.095639	1.8018e-05	0.071074	supercritical
487.69	120.00	47.128	0.021219	1093.2	1347.8	5.3459	2.3599	3.0495	580.04	0.095062	1.8040e-05	0.071252	supercritical
488.69	120.00	47.019	0.021268	1095.7	1350.9	5.3522	2.3635	3.0522	580.58	0.094490	1.8062e-05	0.071430	supercritical
489.69	120.00	46.910	0.021318	1098.1	1353.9	5.3584	2.3671	3.0549	581.12	0.093920	1.8085e-05	0.071609	supercritical
490.69	120.00	46.801	0.021367	1100.6	1357.0	5.3646	2.3707	3.0577	581.65	0.093354	1.8107e-05	0.071788	supercritical
491.69	120.00	46.693	0.021416	1103.0	1360.0	5.3709	2.3743	3.0604	582.19	0.092791	1.8129e-05	0.071967	supercritical
492.69	120.00	46.586	0.021466	1105.5	1363.1	5.3771	2.3780	3.0631	582.73	0.092232	1.8151e-05	0.072147	supercritical
493.69	120.00	46.479	0.021515	1108.0	1366.2	5.3833	2.3816	3.0659	583.26	0.091676	1.8174e-05	0.072327	supercritical
494.69	120.00	46.373	0.021564	1110.5	1369.2	5.3895	2.3852	3.0686	583.80	0.091124	1.8196e-05	0.072507	supercritical
495.69	120.00	46.268	0.021613	1112.9	1372.3	5.3957	2.3888	3.0714	584.33	0.090575	1.8218e-05	0.072688	supercritical
496.69	120.00	46.162	0.021663	1115.4	1375.4	5.4019	2.3925	3.0741	584.87	0.090029	1.8240e-05	0.072869	supercritical
497.69	120.00	46.058	0.021712	1117.9	1378.5	5.4081	2.3961	3.0769	585.40	0.089486	1.8263e-05	0.073050	supercritical
498.69	120.00	45.954	0.021761	1120.4	1381.5	5.4143	2.3997	3.0797	585.93	0.088947	1.8285e-05	0.073231	supercritical
499.69	120.00	45.850	0.021810	1122.9	1384.6	5.4204	2.4033	3.0825	586.46	0.088410	1.8307e-05	0.073413	supercritical
500.69	120.00	45.747	0.021859	1125.4	1387.7	5.4266	2.4070	3.0853	586.99	0.087877	1.8329e-05	0.073595	supercritical
501.69	120.00	45.645	0.021908	1127.9	1390.8	5.4328	2.4106	3.0881	587.52	0.087347	1.8352e-05	0.073777	supercritical
502.69	120.00	45.543	0.021957	1130.4	1393.9	5.4389	2.4142	3.0909	588.05	0.086821	1.8374e-05	0.073959	supercritical
503.69	120.00	45.442	0.022006	1132.9	1397.0	5.4451	2.4179	3.0937	588.58	0.086297	1.8396e-05	0.074142	supercritical
504.69	120.00	45.341	0.022055	1135.4	1400.1	5.4512	2.4215	3.0966	589.10	0.085777	1.8418e-05	0.074325	supercritical
505.69	120.00	45.240	0.022104	1137.9	1403.2	5.4573	2.4252	3.0994	589.63	0.085259	1.8440e-05	0.074509	supercritical
506.69	120.00	45.140	0.022153	1140.4	1406.3	5.4635	2.4288	3.1023	590.16	0.084745	1.8463e-05	0.074692	supercritical
507.69	120.00	45.041	0.022202	1142.9	1409.4	5.4696	2.4324	3.1051	590.68	0.084234	1.8485e-05	0.074876	supercritical
508.69	120.00	44.942	0.022251	1145.5	1412.5	5.4757	2.4361	3.1080	591.20	0.083726	1.8507e-05	0.075060	supercritical
509.69	120.00	44.844	0.022300	1148.0	1415.6	5.4818	2.4397	3.1108	591.73	0.083220	1.8529e-05	0.075245	supercritical
510.69	120.00	44.746	0.022348	1150.5	1418.7	5.4879	2.4434	3.1137	592.25	0.082718	1.8552e-05	0.075429	supercritical
511.69	120.00	44.648	0.022397	1153.0	1421.8	5.4940	2.4470	3.1166	592.77	0.082219	1.8574e-05	0.075614	supercritical
512.69	120.00	44.551	0.022446	1155.6	1424.9	5.5001	2.4507	3.1195	593.29	0.081722	1.8596e-05	0.075800	supercritical
513.69	120.00	44.455	0.022495	1158.1	1428.0	5.5062	2.4543	3.1224	593.81	0.081229	1.8618e-05	0.075985	supercritical
514.69	120.00	44.359	0.022544	1160.6	1431.2	5.5122	2.4579	3.1253	594.33	0.080738	1.8640e-05	0.076171	supercritical
515.69	120.00	44.263	0.022592	1163.2	1434.3	5.5183	2.4616	3.1282	594.85	0.080251	1.8663e-05	0.076357	supercritical
516.69	120.00	44.168	0.022641	1165.7	1437.4	5.5244	2.4652	3.1311	595.37	0.079766	1.8685e-05	0.076543	supercritical
517.69	120.00	44.073	0.022690	1168.3	1440.6	5.5304	2.4689	3.1340	595.88	0.079284	1.8707e-05	0.076730	supercritical
518.69	120.00	43.979	0.022738	1170.8	1443.7	5.5365	2.4725	3.1369	596.40	0.078805	1.8729e-05	0.076917	supercritical
519.69	120.00	43.885	0.022787	1173.4	1446.8	5.5425	2.4762	3.1399	596.91	0.078329	1.8751e-05	0.077104	supercritical
520.69	120.00	43.792	0.022835	1176.0	1450.0	5.5486	2.4798	3.1428	597.43	0.077855	1.8774e-05	0.077291	supercritical
521.69	120.00	43.699	0.022884	1178.5	1453.1	5.5546	2.4835	3.1458	597.94	0.077384	1.8796e-05	0.077478	supercritical
522.69	120.00	43.607	0.022932	1181.1	1456.3	5.5606	2.4871	3.1487	598.46	0.076916	1.8818e-05	0.077666	supercritical
523.69	120.00	43.515	0.022981	1183.6	1459.4	5.5666	2.4908	3.1517	598.97	0.076451	1.8840e-05	0.077854	supercritical
524.69	120.00	43.423	0.023029	1186.2	1462.6	5.5726	2.4944	3.1546	599.48	0.075989	1.8862e-05	0.078043	supercritical
525.69	120.00	43.332	0.023078	1188.8	1465.7	5.5787	2.4981	3.1576	599.99	0.075529	1.8885e-05	0.078231	supercritical
526.69	120.00	43.241	0.023126	1191.4	1468.9	5.5847	2.5017	3.1606	600.50	0.075072	1.8907e-05	0.078420	supercritical
527.69	120.00	43.151	0.023175	1194.0	1472.0	5.5907	2.5054	3.1635	601.01	0.074617	1.8929e-05	0.078609	supercritical
528.69	120.00	43.061	0.023223	1196.5	1475.2	5.5966	2.5090	3.1665	601.52	0.074165	1.8951e-05	0.078798	supercritical
529.69	120.00	42.971	0.023271	1199.1	1478.4	5.6026	2.5127	3.1695	602.03	0.073716	1.8973e-05	0.078988	supercritical
530.69	120.00	42.882	0.023320	1201.7	1481.6	5.6086	2.5163	3.1725	602.54	0.073269	1.8995e-05	0.079178	supercritical
531.69	120.00	42.794	0.023368	1204.3	1484.7	5.6146	2.5200	3.1755	603.04	0.072825	1.9018e-05	0.079368	supercritical
532.69	120.00	42.705	0.023416	1206.9	1487.9	5.6206	2.5236	3.1785	603.55	0.072383	1.9040e-05	0.079558	supercritical
533.69	120.00	42.618	0.023465	1209.5	1491.1	5.6265	2.5273	3.1815	604.06	0.071944	1.9062e-05	0.079748	supercritical
534.69	120.00	42.530	0.023513	1212.1	1494.3	5.6325	2.5309	3.1845	604.56	0.071508	1.9084e-05	0.079939	supercritical
535.69	120.00	42.443	0.023561	1214.7	1497.5	5.6384	2.5346	3.1875	605.06	0.071074	1.9106e-05	0.080130	supercritical
536.69	120.00	42.356	0.023609	1217.3	1500.6	5.6444	2.5382	3.1906	605.57	0.070643	1.9128e-05	0.080321	supercritical
537.69	120.00	42.270	0.023657	1219.9	1503.8	5.6503	2.5419	3.1936	606.07	0.070214	1.9150e-05	0.080512	supercritical
538.69	120.00	42.184	0.023706	1222.6	1507.0	5.6563	2.5455	3.1966	606.57	0.069787	1.9173e-05	0.080704	supercritical
539.69	120.00	42.099	0.023754	1225.2	1510.2	5.6622	2.5492	3.1996	607.08	0.069363	1.9195e-05	0.080896	supercritical
540.69	120.00	42.014	0.023802	1227.8	1513.4	5.6681	2.5528	3.2027	607.58	0.068941	1.9217e-05	0.081088	supercritical
541.69	120.00	41.929	0.023850	1230.4	1516.6	5.6740	2.5565	3.2057	608.08	0.068522	1.9239e-05	0.081280	supercritical
542.69	120.00	41.845	0.023898	1233.1	1519.8	5.6800	2.5601	3.2088	608.58	0.068105	1.9261e-05	0.081473	supercritical
543.69	120.00	41.761	0.023946	1235.7	1523.0	5.6859	2.5638	3.2118	609.08	0.067691	1.9283e-05	0.081665	supercritical
544.69	120.00	41.677	0.023994	1238.3	1526.3	5.6918	2.5674	3.2149	609.57	0.067279	1.9305e-05	0.081858	supercritical
545.69	120.00	41.594	0.024042	1241.0	1529.5	5.6977	2.5711	3.2179	610.07	0.066869	1.9327e-05	0.082052	supercritical
546.69	120.00	41.511	0.024090	1243.6	1532.7	5.7036	2.5747	3.2210	610.57	0.066462	1.9349e-05	0.082245	supercritical
547.69	120.00	41.428	0.024138	1246.3	1535.9	5.7095	2.5784	3.2241	611.06	0.066056	1.9371e-05	0.082439	supercritical
548.69	120.00	41.346	0.024186	1248.9	1539.1	5.7153	2.5820	3.2271	611.56	0.065654	1.9393e-05	0.082632	supercritical
549.69	120.00	41.265	0.024234	1251.6	1542.4	5.7212	2.5857	3.2302	612.06	0.065253	1.9415e-05	0.082826	supercritical
550.69	120.00	41.183	0.024282	1254.2	1545.6	5.7271	2.5893	3.2333	612.55	0.064855	1.9437e-05	0.083021	supercritical
551.69	120.00	41.102	0.024330	1256.9	1548.8	5.7330	2.5930	3.2364	613.04	0.064459	1.9460e-05	0.083215	supercritical
552.69	120.00	41.021	0.024378	1259.5	1552.1	5.7388	2.5966	3.2394	613.54	0.064065	1.9482e-05	0.083410	supercritical
553.69	120.00	40.941	0.024425	1262.2	1555.3	5.7447	2.6002	3.2425	614.03	0.063673	1.9504e-05	0.083605	supercritical
554.69	120.00	40.861	0.024473	1264.9	1558.6	5.7505	2.6039	3.2456	614.52	0.063284	1.9526e-05	0.083800	supercritical
555.69	120.00	40.781	0.024521	1267.6	1561.8	5.7564	2.6075	3.2487	615.01	0.062897	1.9548e-05	0.083995	supercritical
556.69	120.00	40.702	0.024569	1270.2	1565.1	5.7622	2.6112	3.2518	615.51	0.062512	1.9570e-05	0.084191	supercritical
557.69	120.00	40.623	0.024617	1272.9	1568.3	5.7681	2.6148	3.2549	616.00	0.062129	1.9592e-05	0.084386	supercritical
558.69	120.00	40.544	0.024664	1275.6	1571.6	5.7739	2.6185	3.2580	616.49	0.061749	1.9614e-05	0.084582	supercritical
559.69	120.00	40.466	0.024712	1278.3	1574.8	5.7797	2.6221	3.2611	616.97	0.061370	1.9636e-05	0.084778	supercritical
560.69	120.00	40.388	0.024760	1281.0	1578.1	5.7856	2.6257	3.2642	617.46	0.060994	1.9658e-05	0.084975	supercritical
561.69	120.00	40.310	0.024808	1283.7	1581.4	5.7914	2.6294	3.2673	617.95	0.060619	1.9680e-05	0.085171	supercritical
562.69	120.00	40.233	0.024855	1286.4	1584.6	5.7972	2.6330	3.2704	618.44	0.060247	1.9702e-05	0.085368	supercritical
563.69	120.00	40.156	0.024903	1289.1	1587.9	5.8030	2.6367	3.2736	618.93	0.059877	1.9724e-05	0.085565	supercritical
564.69	120.00	40.079	0.024951	1291.8	1591.2	5.8088	2.6403	3.2767	619.41	0.059509	1.9746e-05	0.085762	supercritical
565.69	120.00	40.003	0.024998	1294.5	1594.5	5.8146	2.6439	3.2798	619.90	0.059143	1.9767e-05	0.085960	supercritical
566.69	120.00	39.927	0.025046	1297.2	1597.7	5.8204	2.6476	3.2829	620.38	0.058779	1.9789e-05	0.086157	supercritical
567.69	120.00	39.851	0.025093	1299.9	1601.0	5.8262	2.6512	3.2861	620.87	0.058417	1.9811e-05	0.086355	supercritical
568.69	120.00	39.776	0.025141	1302.6	1604.3	5.8320	2.6548	3.2892	621.35	0.058057	1.9833e-05	0.086553	supercritical
569.69	120.00	39.701	0.025188	1305.3	1607.6	5.8378	2.6585	3.2923	621.83	0.057699	1.9855e-05	0.086751	supercritical
570.69	120.00	39.626	0.025236	1308.1	1610.9	5.8435	2.6621	3.2955	622.32	0.057343	1.9877e-05	0.086949	supercritical
571.69	120.00	39.551	0.025284	1310.8	1614.2	5.8493	2.6657	3.2986	622.80	0.056989	1.9899e-05	0.087148	supercritical
572.69	120.00	39.477	0.025331	1313.5	1617.5	5.8551	2.6694	3.3017	623.28	0.056637	1.9921e-05	0.087346	supercritical
573.69	120.00	39.403	0.025379	1316.3	1620.8	5.8608	2.6730	3.3049	623.76	0.056287	1.9943e-05	0.087545	supercritical
574.69	120.00	39.330	0.025426	1319.0	1624.1	5.8666	2.6766	3.3080	624.24	0.055939	1.9965e-05	0.087744	supercritical
575.69	120.00	39.257	0.025473	1321.7	1627.4	5.8723	2.6802	3.3112	624.72	0.055592	1.9987e-05	0.087943	supercritical
576.69	120.00	39.184	0.025521	1324.5	1630.7	5.8781	2.6839	3.3143	625.20	0.055248	2.0008e-05	0.088143	supercritical
577.69	120.00	39.111	0.025568	1327.2	1634.0	5.8838	2.6875	3.3175	625.68	0.054906	2.0030e-05	0.088342	supercritical
578.69	120.00	39.039	0.025616	1330.0	1637.4	5.8896	2.6911	3.3206	626.16	0.054565	2.0052e-05	0.088542	supercritical
579.69	120.00	38.966	0.025663	1332.7	1640.7	5.8953	2.6947	3.3238	626.64	0.054226	2.0074e-05	0.088742	supercritical
580.69	120.00	38.895	0.025710	1335.5	1644.0	5.9011	2.6984	3.3269	627.11	0.053889	2.0096e-05	0.088942	supercritical
581.69	120.00	38.823	0.025758	1338.2	1647.3	5.9068	2.7020	3.3301	627.59	0.053554	2.0118e-05	0.089143	supercritical
582.69	120.00	38.752	0.025805	1341.0	1650.7	5.9125	2.7056	3.3333	628.07	0.053221	2.0140e-05	0.089343	supercritical
583.69	120.00	38.681	0.025853	1343.8	1654.0	5.9182	2.7092	3.3364	628.54	0.052890	2.0161e-05	0.089544	supercritical
584.69	120.00	38.610	0.025900	1346.5	1657.3	5.9239	2.7128	3.3396	629.02	0.052560	2.0183e-05	0.089745	supercritical
585.69	120.00	38.540	0.025947	1349.3	1660.7	5.9296	2.7165	3.3427	629.49	0.052232	2.0205e-05	0.089946	supercritical
586.69	120.00	38.470	0.025994	1352.1	1664.0	5.9353	2.7201	3.3459	629.97	0.051906	2.0227e-05	0.090147	supercritical
587.69	120.00	38.400	0.026042	1354.9	1667.4	5.9410	2.7237	3.3491	630.44	0.051582	2.0249e-05	0.090349	supercritical
588.69	120.00	38.331	0.026089	1357.7	1670.7	5.9467	2.7273	3.3523	630.91	0.051260	2.0270e-05	0.090550	supercritical
589.69	120.00	38.261	0.026136	1360.4	1674.1	5.9524	2.7309	3.3554	631.39	0.050939	2.0292e-05	0.090752	supercritical
590.69	120.00	38.192	0.026183	1363.2	1677.4	5.9581	2.7345	3.3586	631.86	0.050620	2.0314e-05	0.090954	supercritical
591.69	120.00	38.124	0.026231	1366.0	1680.8	5.9638	2.7381	3.3618	632.33	0.050303	2.0336e-05	0.091156	supercritical
592.69	120.00	38.055	0.026278	1368.8	1684.2	5.9695	2.7417	3.3650	632.80	0.049987	2.0357e-05	0.091358	supercritical
593.69	120.00	37.987	0.026325	1371.6	1687.5	5.9752	2.7453	3.3681	633.27	0.049673	2.0379e-05	0.091561	supercritical
594.69	120.00	37.919	0.026372	1374.4	1690.9	5.9808	2.7489	3.3713	633.74	0.049361	2.0401e-05	0.091763	supercritical
595.69	120.00	37.851	0.026419	1377.2	1694.3	5.9865	2.7525	3.3745	634.21	0.049051	2.0423e-05	0.091966	supercritical
596.69	120.00	37.784	0.026466	1380.0	1697.6	5.9922	2.7561	3.3777	634.68	0.048742	2.0444e-05	0.092169	supercritical
597.69	120.00	37.717	0.026513	1382.9	1701.0	5.9978	2.7597	3.3809	635.15	0.048435	2.0466e-05	0.092372	supercritical
598.69	120.00	37.650	0.026560	1385.7	1704.4	6.0035	2.7633	3.3840	635.62	0.048129	2.0488e-05	0.092576	supercritical
599.69	120.00	37.583	0.026608	1388.5	1707.8	6.0091	2.7669	3.3872	636.08	0.047825	2.0509e-05	0.092779	supercritical
600.69	120.00	37.517	0.026655	1391.3	1711.2	6.0148	2.7705	3.3904	636.55	0.047523	2.0531e-05	0.092983	supercritical
601.69	120.00	37.451	0.026702	1394.1	1714.6	6.0204	2.7741	3.3936	637.02	0.047222	2.0553e-05	0.093186	supercritical
602.69	120.00	37.385	0.026749	1397.0	1718.0	6.0261	2.7777	3.3968	637.48	0.046923	2.0574e-05	0.093390	supercritical
603.69	120.00	37.319	0.026796	1399.8	1721.4	6.0317	2.7813	3.4000	637.95	0.046626	2.0596e-05	0.093595	supercritical
604.69	120.00	37.254	0.026843	1402.7	1724.8	6.0373	2.7849	3.4032	638.41	0.046330	2.0618e-05	0.093799	supercritical
605.69	120.00	37.189	0.026890	1405.5	1728.2	6.0429	2.7885	3.4064	638.88	0.046036	2.0639e-05	0.094003	supercritical
606.69	120.00	37.124	0.026937	1408.3	1731.6	6.0486	2.7921	3.4096	639.34	0.045743	2.0661e-05	0.094208	supercritical
607.69	120.00	37.059	0.026984	1411.2	1735.0	6.0542	2.7957	3.4127	639.81	0.045452	2.0683e-05	0.094413	supercritical
608.69	120.00	36.995	0.027031	1414.0	1738.4	6.0598	2.7993	3.4159	640.27	0.045162	2.0704e-05	0.094617	supercritical
609.69	120.00	36.931	0.027078	1416.9	1741.8	6.0654	2.8028	3.4191	640.73	0.044874	2.0726e-05	0.094823	supercritical
610.69	120.00	36.867	0.027124	1419.7	1745.2	6.0710	2.8064	3.4223	641.19	0.044587	2.0747e-05	0.095028	supercritical
611.69	120.00	36.803	0.027171	1422.6	1748.7	6.0766	2.8100	3.4255	641.66	0.044302	2.0769e-05	0.095233	supercritical
612.69	120.00	36.740	0.027218	1425.5	1752.1	6.0822	2.8136	3.4287	642.12	0.044019	2.0791e-05	0.095439	supercritical
613.69	120.00	36.677	0.027265	1428.3	1755.5	6.0878	2.8171	3.4319	642.58	0.043737	2.0812e-05	0.095644	supercritical
614.69	120.00	36.614	0.027312	1431.2	1759.0	6.0934	2.8207	3.4351	643.04	0.043456	2.0834e-05	0.095850	supercritical
615.69	120.00	36.551	0.027359	1434.1	1762.4	6.0990	2.8243	3.4383	643.50	0.043177	2.0855e-05	0.096056	supercritical
616.69	120.00	36.489	0.027406	1437.0	1765.8	6.1046	2.8279	3.4415	643.96	0.042899	2.0877e-05	0.096262	supercritical
617.69	120.00	36.427	0.027453	1439.8	1769.3	6.1101	2.8314	3.4447	644.42	0.042623	2.0898e-05	0.096469	supercritical
618.69	120.00	36.365	0.027499	1442.7	1772.7	6.1157	2.8350	3.4479	644.87	0.042348	2.0920e-05	0.096675	supercritical
619.69	120.00	36.303	0.027546	1445.6	1776.2	6.1213	2.8386	3.4511	645.33	0.042075	2.0941e-05	0.096882	supercritical
620.69	120.00	36.241	0.027593	1448.5	1779.6	6.1269	2.8421	3.4543	645.79	0.041803	2.0963e-05	0.097088	supercritical
621.69	120.00	36.180	0.027640	1451.4	1783.1	6.1324	2.8457	3.4575	646.25	0.041533	2.0985e-05	0.097295	supercritical
622.69	120.00	36.119	0.027686	1454.3	1786.5	6.1380	2.8493	3.4607	646.70	0.041264	2.1006e-05	0.097502	supercritical
623.69	120.00	36.058	0.027733	1457.2	1790.0	6.1435	2.8528	3.4639	647.16	0.040996	2.1027e-05	0.097710	supercritical
624.69	120.00	35.997	0.027780	1460.1	1793.5	6.1491	2.8564	3.4671	647.62	0.040730	2.1049e-05	0.097917	supercritical