Temperature (K)	Pressure (bar)	Density (kg/m3)	Volume (m3/kg)	Internal Energy (kJ/kg)	Enthalpy (kJ/kg)	Entropy (J/g*K)	Cv (J/g*K)	Cp (J/g*K)	Sound Spd. (m/s)	Joule-Thomson (K/bar)	Viscosity (Pa*s)	Therm. Cond. (W/m*K)	Phase
90.694	568.00	480.63	0.0020806	-95.249	22.929	-1.0060	2.2771	3.2145	1840.6	-0.052543	0.00040709	0.25474	liquid
104.69	568.00	466.77	0.0021424	-53.857	67.831	-0.54561	2.2089	3.2031	1759.5	-0.052115	0.00023927	0.24202	liquid
105.69	568.00	465.78	0.0021469	-50.911	71.034	-0.51517	2.2046	3.2028	1753.6	-0.052068	0.00023222	0.24103	liquid
106.69	568.00	464.80	0.0021515	-47.967	74.236	-0.48501	2.2004	3.2025	1747.7	-0.052019	0.00022556	0.24002	liquid
107.69	568.00	463.82	0.0021560	-45.023	77.439	-0.45513	2.1962	3.2021	1741.8	-0.051968	0.00021926	0.23901	liquid
108.69	568.00	462.84	0.0021606	-42.081	80.641	-0.42554	2.1921	3.2018	1736.0	-0.051917	0.00021331	0.23799	liquid
109.69	568.00	461.85	0.0021652	-39.140	83.842	-0.39622	2.1880	3.2015	1730.1	-0.051864	0.00020768	0.23696	liquid
110.69	568.00	460.87	0.0021698	-36.201	87.044	-0.36717	2.1839	3.2012	1724.2	-0.051810	0.00020234	0.23593	liquid
111.69	568.00	459.89	0.0021744	-33.263	90.245	-0.33838	2.1799	3.2009	1718.3	-0.051755	0.00019727	0.23489	liquid
112.69	568.00	458.91	0.0021791	-30.326	93.445	-0.30985	2.1759	3.2005	1712.4	-0.051698	0.00019245	0.23385	liquid
113.69	568.00	457.93	0.0021837	-27.390	96.646	-0.28158	2.1719	3.2002	1706.5	-0.051641	0.00018787	0.23280	liquid
114.69	568.00	456.95	0.0021884	-24.456	99.846	-0.25355	2.1679	3.1999	1700.7	-0.051582	0.00018351	0.23175	liquid
115.69	568.00	455.97	0.0021931	-21.523	103.05	-0.22578	2.1640	3.1995	1694.8	-0.051522	0.00017936	0.23070	liquid
116.69	568.00	454.99	0.0021978	-18.592	106.24	-0.19824	2.1600	3.1992	1689.0	-0.051461	0.00017539	0.22965	liquid
117.69	568.00	454.02	0.0022026	-15.662	109.44	-0.17094	2.1561	3.1988	1683.1	-0.051399	0.00017161	0.22859	liquid
118.69	568.00	453.04	0.0022073	-12.733	112.64	-0.14388	2.1523	3.1985	1677.3	-0.051336	0.00016799	0.22753	liquid
119.69	568.00	452.06	0.0022121	-9.8058	115.84	-0.11705	2.1484	3.1981	1671.4	-0.051272	0.00016452	0.22646	liquid
120.69	568.00	451.08	0.0022169	-6.8801	119.04	-0.090442	2.1446	3.1977	1665.6	-0.051206	0.00016121	0.22540	liquid
121.69	568.00	450.11	0.0022217	-3.9558	122.24	-0.064058	2.1408	3.1973	1659.8	-0.051140	0.00015803	0.22433	liquid
122.69	568.00	449.13	0.0022265	-1.0329	125.43	-0.037893	2.1370	3.1970	1654.0	-0.051072	0.00015498	0.22327	liquid
123.69	568.00	448.16	0.0022314	1.8884	128.63	-0.011944	2.1332	3.1965	1648.2	-0.051003	0.00015206	0.22220	liquid
124.69	568.00	447.18	0.0022362	4.8082	131.83	0.013792	2.1295	3.1961	1642.5	-0.050933	0.00014924	0.22113	liquid
125.69	568.00	446.20	0.0022411	7.7264	135.02	0.039320	2.1257	3.1957	1636.7	-0.050862	0.00014654	0.22006	liquid
126.69	568.00	445.23	0.0022460	10.643	138.22	0.064643	2.1220	3.1953	1630.9	-0.050790	0.00014394	0.21900	liquid
127.69	568.00	444.25	0.0022510	13.558	141.41	0.089762	2.1183	3.1949	1625.2	-0.050717	0.00014143	0.21793	liquid
128.69	568.00	443.28	0.0022559	16.472	144.61	0.11468	2.1147	3.1944	1619.5	-0.050642	0.00013901	0.21687	liquid
129.69	568.00	442.31	0.0022609	19.384	147.80	0.13941	2.1111	3.1940	1613.8	-0.050566	0.00013668	0.21580	liquid
130.69	568.00	441.33	0.0022659	22.294	151.00	0.16394	2.1074	3.1935	1608.1	-0.050489	0.00013443	0.21474	liquid
131.69	568.00	440.36	0.0022709	25.203	154.19	0.18828	2.1038	3.1931	1602.4	-0.050410	0.00013226	0.21367	liquid
132.69	568.00	439.38	0.0022759	28.110	157.38	0.21243	2.1003	3.1926	1596.7	-0.050330	0.00013016	0.21261	liquid
133.69	568.00	438.41	0.0022810	31.015	160.57	0.23640	2.0967	3.1922	1591.1	-0.050249	0.00012813	0.21156	liquid
134.69	568.00	437.44	0.0022860	33.919	163.77	0.26019	2.0932	3.1917	1585.4	-0.050167	0.00012616	0.21050	liquid
135.69	568.00	436.46	0.0022911	36.821	166.96	0.28379	2.0897	3.1912	1579.8	-0.050083	0.00012426	0.20944	liquid
136.69	568.00	435.49	0.0022963	39.721	170.15	0.30722	2.0862	3.1908	1574.2	-0.049998	0.00012241	0.20839	liquid
137.69	568.00	434.52	0.0023014	42.620	173.34	0.33048	2.0828	3.1903	1568.6	-0.049911	0.00012062	0.20734	liquid
138.69	568.00	433.55	0.0023066	45.517	176.53	0.35356	2.0794	3.1898	1563.1	-0.049823	0.00011889	0.20630	liquid
139.69	568.00	432.58	0.0023117	48.412	179.72	0.37648	2.0760	3.1894	1557.5	-0.049734	0.00011720	0.20525	liquid
140.69	568.00	431.60	0.0023169	51.306	182.91	0.39922	2.0726	3.1889	1552.0	-0.049643	0.00011557	0.20421	liquid
141.69	568.00	430.63	0.0023222	54.197	186.10	0.42181	2.0693	3.1884	1546.4	-0.049551	0.00011398	0.20317	liquid
142.69	568.00	429.66	0.0023274	57.087	189.28	0.44423	2.0659	3.1879	1540.9	-0.049457	0.00011244	0.20214	liquid
143.69	568.00	428.69	0.0023327	59.976	192.47	0.46649	2.0626	3.1875	1535.5	-0.049362	0.00011093	0.20111	liquid
144.69	568.00	427.72	0.0023380	62.862	195.66	0.48859	2.0594	3.1870	1530.0	-0.049266	0.00010947	0.20008	liquid
145.69	568.00	426.75	0.0023433	65.747	198.85	0.51054	2.0561	3.1866	1524.5	-0.049168	0.00010805	0.19906	liquid
146.69	568.00	425.78	0.0023486	68.630	202.03	0.53234	2.0529	3.1861	1519.1	-0.049068	0.00010667	0.19804	liquid
147.69	568.00	424.81	0.0023540	71.511	205.22	0.55398	2.0497	3.1856	1513.7	-0.048967	0.00010532	0.19702	liquid
148.69	568.00	423.84	0.0023594	74.390	208.40	0.57548	2.0466	3.1852	1508.3	-0.048864	0.00010400	0.19601	liquid
149.69	568.00	422.87	0.0023648	77.268	211.59	0.59683	2.0434	3.1847	1502.9	-0.048760	0.00010272	0.19500	liquid
150.69	568.00	421.90	0.0023702	80.144	214.77	0.61803	2.0403	3.1843	1497.6	-0.048654	0.00010147	0.19400	liquid
151.69	568.00	420.93	0.0023757	83.017	217.96	0.63909	2.0373	3.1839	1492.2	-0.048546	0.00010025	0.19300	liquid
152.69	568.00	419.96	0.0023812	85.890	221.14	0.66001	2.0342	3.1834	1486.9	-0.048437	9.9059e-05	0.19200	liquid
153.69	568.00	418.99	0.0023867	88.760	224.32	0.68079	2.0312	3.1830	1481.6	-0.048327	9.7896e-05	0.19101	liquid
154.69	568.00	418.02	0.0023922	91.628	227.51	0.70143	2.0282	3.1826	1476.3	-0.048214	9.6760e-05	0.19003	liquid
155.69	568.00	417.05	0.0023978	94.495	230.69	0.72193	2.0252	3.1821	1471.0	-0.048100	9.5651e-05	0.18905	liquid
156.69	568.00	416.08	0.0024034	97.360	233.87	0.74230	2.0223	3.1817	1465.8	-0.047985	9.4566e-05	0.18807	liquid
157.69	568.00	415.11	0.0024090	100.22	237.05	0.76254	2.0194	3.1813	1460.6	-0.047868	9.3506e-05	0.18710	liquid
158.69	568.00	414.15	0.0024146	103.08	240.23	0.78265	2.0165	3.1809	1455.4	-0.047749	9.2468e-05	0.18613	liquid
159.69	568.00	413.18	0.0024203	105.94	243.41	0.80263	2.0137	3.1805	1450.2	-0.047628	9.1454e-05	0.18517	liquid
160.69	568.00	412.21	0.0024259	108.80	246.60	0.82249	2.0108	3.1801	1445.0	-0.047506	9.0461e-05	0.18421	liquid
161.69	568.00	411.24	0.0024317	111.66	249.78	0.84221	2.0081	3.1798	1439.9	-0.047382	8.9490e-05	0.18326	liquid
162.69	568.00	410.27	0.0024374	114.51	252.95	0.86182	2.0053	3.1794	1434.7	-0.047256	8.8538e-05	0.18231	liquid
163.69	568.00	409.31	0.0024431	117.36	256.13	0.88130	2.0026	3.1790	1429.6	-0.047129	8.7607e-05	0.18137	liquid
164.69	568.00	408.34	0.0024489	120.21	259.31	0.90066	1.9999	3.1787	1424.5	-0.047000	8.6694e-05	0.18043	liquid
165.69	568.00	407.37	0.0024547	123.06	262.49	0.91990	1.9972	3.1783	1419.5	-0.046869	8.5800e-05	0.17950	liquid
166.69	568.00	406.41	0.0024606	125.91	265.67	0.93902	1.9946	3.1780	1414.4	-0.046737	8.4924e-05	0.17857	liquid
167.69	568.00	405.44	0.0024664	128.75	268.85	0.95803	1.9919	3.1776	1409.4	-0.046602	8.4065e-05	0.17765	liquid
168.69	568.00	404.48	0.0024723	131.60	272.02	0.97692	1.9894	3.1773	1404.4	-0.046466	8.3223e-05	0.17674	liquid
169.69	568.00	403.51	0.0024783	134.44	275.20	0.99570	1.9868	3.1770	1399.4	-0.046329	8.2397e-05	0.17583	liquid
170.69	568.00	402.54	0.0024842	137.28	278.38	1.0144	1.9843	3.1767	1394.5	-0.046189	8.1587e-05	0.17492	liquid
171.69	568.00	401.58	0.0024902	140.11	281.56	1.0329	1.9818	3.1764	1389.5	-0.046048	8.0792e-05	0.17402	liquid
172.69	568.00	400.61	0.0024962	142.95	284.73	1.0514	1.9793	3.1761	1384.6	-0.045905	8.0013e-05	0.17313	liquid
173.69	568.00	399.65	0.0025022	145.78	287.91	1.0697	1.9769	3.1758	1379.7	-0.045760	7.9247e-05	0.17224	liquid
174.69	568.00	398.68	0.0025082	148.61	291.08	1.0879	1.9745	3.1755	1374.8	-0.045614	7.8496e-05	0.17135	liquid
175.69	568.00	397.72	0.0025143	151.44	294.26	1.1061	1.9722	3.1753	1370.0	-0.045465	7.7759e-05	0.17048	liquid
176.69	568.00	396.76	0.0025204	154.27	297.43	1.1241	1.9698	3.1750	1365.1	-0.045315	7.7035e-05	0.16960	liquid
177.69	568.00	395.79	0.0025266	157.10	300.61	1.1420	1.9675	3.1747	1360.3	-0.045164	7.6323e-05	0.16874	liquid
178.69	568.00	394.83	0.0025327	159.92	303.78	1.1598	1.9652	3.1745	1355.5	-0.045010	7.5625e-05	0.16788	liquid
179.69	568.00	393.87	0.0025389	162.75	306.96	1.1775	1.9630	3.1743	1350.8	-0.044855	7.4938e-05	0.16702	liquid
180.69	568.00	392.90	0.0025451	165.57	310.13	1.1951	1.9608	3.1740	1346.0	-0.044698	7.4264e-05	0.16617	liquid
181.69	568.00	391.94	0.0025514	168.39	313.31	1.2127	1.9586	3.1738	1341.3	-0.044539	7.3601e-05	0.16533	liquid
182.69	568.00	390.98	0.0025577	171.20	316.48	1.2301	1.9565	3.1736	1336.6	-0.044378	7.2950e-05	0.16449	liquid
183.69	568.00	390.02	0.0025640	174.02	319.65	1.2474	1.9543	3.1734	1331.9	-0.044216	7.2309e-05	0.16366	liquid
184.69	568.00	389.06	0.0025703	176.83	322.83	1.2646	1.9523	3.1732	1327.2	-0.044052	7.1680e-05	0.16283	liquid
185.69	568.00	388.10	0.0025767	179.64	326.00	1.2818	1.9502	3.1730	1322.6	-0.043886	7.1061e-05	0.16201	liquid
186.69	568.00	387.14	0.0025831	182.45	329.17	1.2988	1.9482	3.1728	1318.0	-0.043718	7.0452e-05	0.16120	liquid
187.69	568.00	386.18	0.0025895	185.26	332.34	1.3158	1.9462	3.1727	1313.4	-0.043549	6.9853e-05	0.16039	liquid
188.69	568.00	385.22	0.0025959	188.07	335.52	1.3326	1.9442	3.1725	1308.8	-0.043378	6.9264e-05	0.15959	liquid
189.69	568.00	384.26	0.0026024	190.87	338.69	1.3494	1.9423	3.1724	1304.3	-0.043205	6.8685e-05	0.15879	liquid
190.69	568.00	383.30	0.0026089	193.68	341.86	1.3661	1.9404	3.1722	1299.7	-0.043031	6.8114e-05	0.15800	supercritical
191.69	568.00	382.34	0.0026155	196.48	345.03	1.3827	1.9385	3.1721	1295.2	-0.042855	6.7553e-05	0.15722	supercritical
192.69	568.00	381.38	0.0026220	199.28	348.21	1.3992	1.9367	3.1719	1290.8	-0.042677	6.7001e-05	0.15643	supercritical
193.69	568.00	380.43	0.0026286	202.07	351.38	1.4156	1.9349	3.1718	1286.3	-0.042497	6.6458e-05	0.15566	supercritical
194.69	568.00	379.47	0.0026352	204.87	354.55	1.4319	1.9331	3.1717	1281.9	-0.042316	6.5923e-05	0.15489	supercritical
195.69	568.00	378.51	0.0026419	207.66	357.72	1.4482	1.9314	3.1716	1277.4	-0.042133	6.5396e-05	0.15412	supercritical
196.69	568.00	377.56	0.0026486	210.45	360.89	1.4643	1.9297	3.1715	1273.1	-0.041948	6.4878e-05	0.15337	supercritical
197.69	568.00	376.60	0.0026553	213.24	364.06	1.4804	1.9280	3.1714	1268.7	-0.041762	6.4367e-05	0.15261	supercritical
198.69	568.00	375.65	0.0026621	216.03	367.24	1.4964	1.9263	3.1713	1264.3	-0.041574	6.3864e-05	0.15187	supercritical
199.69	568.00	374.70	0.0026688	218.82	370.41	1.5123	1.9247	3.1712	1260.0	-0.041384	6.3369e-05	0.15113	supercritical
200.69	568.00	373.74	0.0026756	221.60	373.58	1.5282	1.9232	3.1712	1255.7	-0.041193	6.2881e-05	0.15039	supercritical
201.69	568.00	372.79	0.0026825	224.38	376.75	1.5439	1.9216	3.1711	1251.5	-0.041000	6.2401e-05	0.14966	supercritical
202.69	568.00	371.84	0.0026893	227.17	379.92	1.5596	1.9201	3.1710	1247.2	-0.040805	6.1928e-05	0.14894	supercritical
203.69	568.00	370.89	0.0026962	229.94	383.09	1.5752	1.9186	3.1710	1243.0	-0.040609	6.1461e-05	0.14822	supercritical
204.69	568.00	369.93	0.0027032	232.72	386.26	1.5907	1.9171	3.1710	1238.8	-0.040412	6.1002e-05	0.14751	supercritical
205.69	568.00	368.98	0.0027101	235.50	389.43	1.6062	1.9157	3.1709	1234.6	-0.040213	6.0549e-05	0.14681	supercritical
206.69	568.00	368.04	0.0027171	238.27	392.60	1.6216	1.9143	3.1709	1230.4	-0.040012	6.0103e-05	0.14611	supercritical
207.69	568.00	367.09	0.0027242	241.04	395.78	1.6369	1.9130	3.1709	1226.3	-0.039810	5.9663e-05	0.14541	supercritical
208.69	568.00	366.14	0.0027312	243.81	398.95	1.6521	1.9117	3.1708	1222.2	-0.039606	5.9230e-05	0.14472	supercritical
209.69	568.00	365.19	0.0027383	246.58	402.12	1.6673	1.9104	3.1708	1218.1	-0.039401	5.8803e-05	0.14404	supercritical
210.69	568.00	364.24	0.0027454	249.35	405.29	1.6824	1.9091	3.1708	1214.0	-0.039194	5.8382e-05	0.14336	supercritical
211.69	568.00	363.30	0.0027526	252.11	408.46	1.6974	1.9079	3.1708	1210.0	-0.038986	5.7967e-05	0.14269	supercritical
212.69	568.00	362.35	0.0027597	254.88	411.63	1.7123	1.9067	3.1708	1206.0	-0.038776	5.7557e-05	0.14203	supercritical
213.69	568.00	361.41	0.0027669	257.64	414.80	1.7272	1.9055	3.1708	1202.0	-0.038565	5.7154e-05	0.14137	supercritical
214.69	568.00	360.47	0.0027742	260.40	417.97	1.7420	1.9044	3.1708	1198.0	-0.038353	5.6756e-05	0.14071	supercritical
215.69	568.00	359.52	0.0027815	263.15	421.14	1.7567	1.9033	3.1709	1194.1	-0.038139	5.6364e-05	0.14006	supercritical
216.69	568.00	358.58	0.0027888	265.91	424.31	1.7714	1.9022	3.1709	1190.1	-0.037924	5.5977e-05	0.13942	supercritical
217.69	568.00	357.64	0.0027961	268.67	427.48	1.7860	1.9012	3.1709	1186.3	-0.037707	5.5595e-05	0.13878	supercritical
218.69	568.00	356.70	0.0028035	271.42	430.65	1.8005	1.9002	3.1710	1182.4	-0.037489	5.5219e-05	0.13815	supercritical
219.69	568.00	355.76	0.0028109	274.17	433.83	1.8150	1.8992	3.1710	1178.5	-0.037270	5.4847e-05	0.13752	supercritical
220.69	568.00	354.82	0.0028183	276.92	437.00	1.8294	1.8983	3.1710	1174.7	-0.037050	5.4481e-05	0.13690	supercritical
221.69	568.00	353.89	0.0028258	279.66	440.17	1.8437	1.8973	3.1711	1170.9	-0.036828	5.4120e-05	0.13629	supercritical
222.69	568.00	352.95	0.0028333	282.41	443.34	1.8580	1.8965	3.1711	1167.1	-0.036605	5.3764e-05	0.13568	supercritical
223.69	568.00	352.02	0.0028408	285.15	446.51	1.8722	1.8956	3.1712	1163.4	-0.036381	5.3412e-05	0.13507	supercritical
224.69	568.00	351.08	0.0028483	287.90	449.68	1.8864	1.8948	3.1712	1159.6	-0.036156	5.3065e-05	0.13448	supercritical
225.69	568.00	350.15	0.0028559	290.64	452.85	1.9004	1.8940	3.1713	1155.9	-0.035930	5.2723e-05	0.13388	supercritical
226.69	568.00	349.22	0.0028636	293.37	456.02	1.9145	1.8933	3.1714	1152.3	-0.035702	5.2385e-05	0.13330	supercritical
227.69	568.00	348.29	0.0028712	296.11	459.20	1.9284	1.8926	3.1714	1148.6	-0.035474	5.2052e-05	0.13271	supercritical
228.69	568.00	347.36	0.0028789	298.85	462.37	1.9423	1.8919	3.1715	1145.0	-0.035244	5.1723e-05	0.13214	supercritical
229.69	568.00	346.43	0.0028866	301.58	465.54	1.9561	1.8912	3.1716	1141.4	-0.035013	5.1398e-05	0.13157	supercritical
230.69	568.00	345.50	0.0028944	304.31	468.71	1.9699	1.8906	3.1717	1137.8	-0.034782	5.1078e-05	0.13100	supercritical
231.69	568.00	344.57	0.0029021	307.04	471.88	1.9836	1.8900	3.1717	1134.2	-0.034549	5.0762e-05	0.13044	supercritical
232.69	568.00	343.65	0.0029099	309.77	475.05	1.9973	1.8894	3.1718	1130.7	-0.034316	5.0450e-05	0.12989	supercritical
233.69	568.00	342.73	0.0029178	312.49	478.23	2.0109	1.8889	3.1719	1127.2	-0.034081	5.0142e-05	0.12934	supercritical
234.69	568.00	341.80	0.0029257	315.22	481.40	2.0245	1.8884	3.1720	1123.7	-0.033846	4.9838e-05	0.12879	supercritical
235.69	568.00	340.88	0.0029336	317.94	484.57	2.0379	1.8879	3.1721	1120.2	-0.033610	4.9538e-05	0.12826	supercritical
236.69	568.00	339.96	0.0029415	320.66	487.74	2.0514	1.8875	3.1722	1116.8	-0.033373	4.9241e-05	0.12772	supercritical
237.69	568.00	339.04	0.0029495	323.38	490.91	2.0647	1.8871	3.1722	1113.4	-0.033135	4.8949e-05	0.12719	supercritical
238.69	568.00	338.13	0.0029575	326.10	494.09	2.0781	1.8867	3.1723	1110.0	-0.032896	4.8660e-05	0.12667	supercritical
239.69	568.00	337.21	0.0029655	328.82	497.26	2.0913	1.8864	3.1724	1106.6	-0.032657	4.8375e-05	0.12615	supercritical
240.69	568.00	336.29	0.0029736	331.53	500.43	2.1045	1.8861	3.1725	1103.3	-0.032417	4.8093e-05	0.12564	supercritical
241.69	568.00	335.38	0.0029817	334.24	503.60	2.1177	1.8858	3.1726	1100.0	-0.032176	4.7815e-05	0.12513	supercritical
242.69	568.00	334.47	0.0029898	336.95	506.78	2.1308	1.8855	3.1727	1096.7	-0.031935	4.7541e-05	0.12463	supercritical
243.69	568.00	333.56	0.0029980	339.66	509.95	2.1438	1.8853	3.1728	1093.4	-0.031693	4.7270e-05	0.12414	supercritical
244.69	568.00	332.65	0.0030062	342.37	513.12	2.1568	1.8851	3.1729	1090.1	-0.031450	4.7002e-05	0.12364	supercritical
245.69	568.00	331.74	0.0030144	345.08	516.29	2.1698	1.8850	3.1730	1086.9	-0.031207	4.6738e-05	0.12316	supercritical
246.69	568.00	330.84	0.0030226	347.78	519.47	2.1827	1.8848	3.1731	1083.7	-0.030964	4.6477e-05	0.12268	supercritical
247.69	568.00	329.93	0.0030309	350.48	522.64	2.1955	1.8847	3.1732	1080.6	-0.030720	4.6219e-05	0.12220	supercritical
248.69	568.00	329.03	0.0030392	353.18	525.81	2.2083	1.8847	3.1733	1077.4	-0.030475	4.5964e-05	0.12173	supercritical
249.69	568.00	328.13	0.0030476	355.88	528.99	2.2210	1.8846	3.1734	1074.3	-0.030231	4.5713e-05	0.12126	supercritical
250.69	568.00	327.23	0.0030560	358.58	532.16	2.2337	1.8846	3.1735	1071.2	-0.029985	4.5465e-05	0.12080	supercritical
251.69	568.00	326.33	0.0030644	361.28	535.33	2.2463	1.8846	3.1736	1068.1	-0.029740	4.5220e-05	0.12035	supercritical
252.69	568.00	325.43	0.0030728	363.97	538.51	2.2589	1.8847	3.1737	1065.1	-0.029494	4.4977e-05	0.11989	supercritical
253.69	568.00	324.54	0.0030813	366.66	541.68	2.2714	1.8848	3.1738	1062.0	-0.029248	4.4738e-05	0.11945	supercritical
254.69	568.00	323.65	0.0030898	369.36	544.86	2.2839	1.8849	3.1739	1059.0	-0.029002	4.4502e-05	0.11901	supercritical
255.69	568.00	322.76	0.0030983	372.04	548.03	2.2964	1.8850	3.1740	1056.1	-0.028755	4.4268e-05	0.11857	supercritical
256.69	568.00	321.87	0.0031069	374.73	551.20	2.3088	1.8852	3.1741	1053.1	-0.028509	4.4038e-05	0.11814	supercritical
257.69	568.00	320.98	0.0031155	377.42	554.38	2.3211	1.8854	3.1742	1050.2	-0.028262	4.3810e-05	0.11771	supercritical
258.69	568.00	320.09	0.0031241	380.10	557.55	2.3334	1.8856	3.1743	1047.3	-0.028015	4.3585e-05	0.11729	supercritical
259.69	568.00	319.21	0.0031328	382.79	560.73	2.3456	1.8859	3.1744	1044.4	-0.027768	4.3362e-05	0.11687	supercritical
260.69	568.00	318.33	0.0031414	385.47	563.90	2.3578	1.8862	3.1745	1041.5	-0.027521	4.3143e-05	0.11646	supercritical
261.69	568.00	317.44	0.0031502	388.15	567.08	2.3700	1.8865	3.1746	1038.7	-0.027275	4.2926e-05	0.11605	supercritical
262.69	568.00	316.57	0.0031589	390.82	570.25	2.3821	1.8868	3.1747	1035.9	-0.027028	4.2711e-05	0.11565	supercritical
263.69	568.00	315.69	0.0031677	393.50	573.42	2.3942	1.8872	3.1748	1033.1	-0.026781	4.2500e-05	0.11525	supercritical
264.69	568.00	314.81	0.0031765	396.18	576.60	2.4062	1.8876	3.1749	1030.3	-0.026535	4.2290e-05	0.11486	supercritical
265.69	568.00	313.94	0.0031853	398.85	579.77	2.4182	1.8880	3.1750	1027.6	-0.026288	4.2084e-05	0.11447	supercritical
266.69	568.00	313.07	0.0031942	401.52	582.95	2.4301	1.8885	3.1751	1024.8	-0.026042	4.1879e-05	0.11408	supercritical
267.69	568.00	312.20	0.0032031	404.19	586.12	2.4420	1.8890	3.1752	1022.1	-0.025796	4.1678e-05	0.11370	supercritical
268.69	568.00	311.33	0.0032120	406.86	589.30	2.4538	1.8895	3.1753	1019.5	-0.025551	4.1478e-05	0.11333	supercritical
269.69	568.00	310.47	0.0032209	409.53	592.48	2.4656	1.8900	3.1754	1016.8	-0.025305	4.1281e-05	0.11296	supercritical
270.69	568.00	309.61	0.0032299	412.19	595.65	2.4774	1.8906	3.1755	1014.2	-0.025060	4.1087e-05	0.11259	supercritical
271.69	568.00	308.75	0.0032389	414.86	598.83	2.4891	1.8912	3.1756	1011.6	-0.024816	4.0894e-05	0.11223	supercritical
272.69	568.00	307.89	0.0032480	417.52	602.00	2.5007	1.8918	3.1757	1009.0	-0.024572	4.0704e-05	0.11187	supercritical
273.69	568.00	307.03	0.0032570	420.18	605.18	2.5124	1.8925	3.1757	1006.5	-0.024328	4.0516e-05	0.11152	supercritical
274.69	568.00	306.18	0.0032661	422.84	608.35	2.5239	1.8931	3.1758	1003.9	-0.024085	4.0331e-05	0.11117	supercritical
275.69	568.00	305.32	0.0032752	425.50	611.53	2.5355	1.8939	3.1759	1001.4	-0.023842	4.0147e-05	0.11083	supercritical
276.69	568.00	304.47	0.0032844	428.15	614.71	2.5470	1.8946	3.1760	998.93	-0.023600	3.9966e-05	0.11049	supercritical
277.69	568.00	303.62	0.0032935	430.81	617.88	2.5584	1.8953	3.1761	996.46	-0.023358	3.9787e-05	0.11015	supercritical
278.69	568.00	302.78	0.0033027	433.46	621.06	2.5699	1.8961	3.1762	994.02	-0.023117	3.9610e-05	0.10982	supercritical
279.69	568.00	301.93	0.0033120	436.11	624.23	2.5812	1.8969	3.1763	991.59	-0.022877	3.9435e-05	0.10949	supercritical
280.69	568.00	301.09	0.0033212	438.76	627.41	2.5926	1.8978	3.1764	989.20	-0.022637	3.9263e-05	0.10917	supercritical
281.69	568.00	300.25	0.0033305	441.41	630.59	2.6039	1.8986	3.1764	986.82	-0.022399	3.9092e-05	0.10885	supercritical
282.69	568.00	299.42	0.0033398	444.06	633.76	2.6151	1.8995	3.1765	984.46	-0.022160	3.8923e-05	0.10853	supercritical
283.69	568.00	298.58	0.0033492	446.71	636.94	2.6263	1.9005	3.1766	982.13	-0.021923	3.8757e-05	0.10822	supercritical
284.69	568.00	297.75	0.0033585	449.35	640.12	2.6375	1.9014	3.1767	979.82	-0.021687	3.8592e-05	0.10792	supercritical
285.69	568.00	296.92	0.0033679	451.99	643.29	2.6487	1.9024	3.1768	977.53	-0.021451	3.8429e-05	0.10762	supercritical
286.69	568.00	296.09	0.0033773	454.64	646.47	2.6598	1.9034	3.1769	975.27	-0.021216	3.8268e-05	0.10732	supercritical
287.69	568.00	295.27	0.0033868	457.28	649.65	2.6708	1.9044	3.1770	973.02	-0.020982	3.8109e-05	0.10702	supercritical
288.69	568.00	294.44	0.0033962	459.92	652.82	2.6818	1.9054	3.1770	970.80	-0.020749	3.7952e-05	0.10673	supercritical
289.69	568.00	293.62	0.0034057	462.55	656.00	2.6928	1.9065	3.1771	968.60	-0.020517	3.7797e-05	0.10645	supercritical
290.69	568.00	292.80	0.0034153	465.19	659.18	2.7038	1.9076	3.1772	966.42	-0.020286	3.7643e-05	0.10616	supercritical
291.69	568.00	291.99	0.0034248	467.83	662.36	2.7147	1.9087	3.1773	964.26	-0.020056	3.7491e-05	0.10589	supercritical
292.69	568.00	291.17	0.0034344	470.46	665.53	2.7256	1.9099	3.1774	962.12	-0.019827	3.7342e-05	0.10561	supercritical
293.69	568.00	290.36	0.0034440	473.09	668.71	2.7364	1.9110	3.1775	960.00	-0.019600	3.7193e-05	0.10534	supercritical
294.69	568.00	289.55	0.0034536	475.72	671.89	2.7472	1.9122	3.1776	957.91	-0.019373	3.7047e-05	0.10507	supercritical
295.69	568.00	288.75	0.0034632	478.35	675.07	2.7580	1.9134	3.1776	955.83	-0.019147	3.6902e-05	0.10481	supercritical
296.69	568.00	287.94	0.0034729	480.98	678.24	2.7687	1.9147	3.1777	953.78	-0.018923	3.6759e-05	0.10455	supercritical
297.69	568.00	287.14	0.0034826	483.61	681.42	2.7794	1.9159	3.1778	951.75	-0.018700	3.6618e-05	0.10429	supercritical
298.69	568.00	286.34	0.0034923	486.24	684.60	2.7900	1.9172	3.1779	949.73	-0.018478	3.6478e-05	0.10404	supercritical
299.69	568.00	285.55	0.0035020	488.86	687.78	2.8007	1.9185	3.1780	947.74	-0.018257	3.6340e-05	0.10379	supercritical
300.69	568.00	284.75	0.0035118	491.48	690.95	2.8112	1.9199	3.1781	945.77	-0.018037	3.6204e-05	0.10355	supercritical
301.69	568.00	283.96	0.0035216	494.11	694.13	2.8218	1.9212	3.1782	943.82	-0.017819	3.6069e-05	0.10331	supercritical
302.69	568.00	283.17	0.0035314	496.73	697.31	2.8323	1.9226	3.1783	941.89	-0.017602	3.5936e-05	0.10307	supercritical
303.69	568.00	282.39	0.0035412	499.35	700.49	2.8428	1.9240	3.1784	939.97	-0.017387	3.5804e-05	0.10284	supercritical
304.69	568.00	281.61	0.0035511	501.97	703.67	2.8532	1.9255	3.1785	938.08	-0.017173	3.5674e-05	0.10261	supercritical
305.69	568.00	280.82	0.0035609	504.58	706.85	2.8637	1.9269	3.1786	936.21	-0.016960	3.5546e-05	0.10238	supercritical
306.69	568.00	280.05	0.0035708	507.20	710.02	2.8740	1.9284	3.1787	934.36	-0.016749	3.5419e-05	0.10216	supercritical
307.69	568.00	279.27	0.0035808	509.82	713.20	2.8844	1.9299	3.1788	932.53	-0.016539	3.5293e-05	0.10194	supercritical
308.69	568.00	278.50	0.0035907	512.43	716.38	2.8947	1.9314	3.1789	930.71	-0.016330	3.5169e-05	0.10172	supercritical
309.69	568.00	277.73	0.0036007	515.04	719.56	2.9050	1.9329	3.1790	928.92	-0.016123	3.5046e-05	0.10151	supercritical
310.69	568.00	276.96	0.0036106	517.66	722.74	2.9152	1.9345	3.1792	927.14	-0.015918	3.4925e-05	0.10130	supercritical
311.69	568.00	276.19	0.0036206	520.27	725.92	2.9255	1.9361	3.1793	925.39	-0.015714	3.4805e-05	0.10109	supercritical
312.69	568.00	275.43	0.0036307	522.88	729.10	2.9356	1.9377	3.1794	923.65	-0.015511	3.4687e-05	0.10089	supercritical
313.69	568.00	274.67	0.0036407	525.49	732.28	2.9458	1.9393	3.1795	921.93	-0.015310	3.4570e-05	0.10069	supercritical
314.69	568.00	273.91	0.0036508	528.09	735.46	2.9559	1.9409	3.1796	920.23	-0.015111	3.4454e-05	0.10049	supercritical
315.69	568.00	273.16	0.0036609	530.70	738.64	2.9660	1.9426	3.1798	918.55	-0.014913	3.4340e-05	0.10030	supercritical
316.69	568.00	272.41	0.0036710	533.31	741.82	2.9761	1.9443	3.1799	916.89	-0.014717	3.4227e-05	0.10011	supercritical
317.69	568.00	271.66	0.0036811	535.91	745.00	2.9861	1.9460	3.1801	915.25	-0.014523	3.4115e-05	0.099925	supercritical
318.69	568.00	270.91	0.0036912	538.52	748.18	2.9961	1.9477	3.1802	913.62	-0.014330	3.4005e-05	0.099742	supercritical
319.69	568.00	270.17	0.0037014	541.12	751.36	3.0060	1.9495	3.1804	912.01	-0.014138	3.3896e-05	0.099562	supercritical
320.69	568.00	269.43	0.0037116	543.72	754.54	3.0160	1.9513	3.1805	910.42	-0.013949	3.3788e-05	0.099384	supercritical
321.69	568.00	268.69	0.0037218	546.32	757.72	3.0259	1.9530	3.1807	908.85	-0.013761	3.3682e-05	0.099210	supercritical
322.69	568.00	267.95	0.0037320	548.92	760.90	3.0357	1.9549	3.1808	907.29	-0.013575	3.3577e-05	0.099039	supercritical
323.69	568.00	267.22	0.0037422	551.52	764.08	3.0456	1.9567	3.1810	905.76	-0.013390	3.3473e-05	0.098871	supercritical
324.69	568.00	266.49	0.0037525	554.12	767.26	3.0554	1.9585	3.1812	904.24	-0.013207	3.3370e-05	0.098706	supercritical
325.69	568.00	265.76	0.0037628	556.72	770.44	3.0652	1.9604	3.1813	902.74	-0.013026	3.3268e-05	0.098544	supercritical
326.69	568.00	265.04	0.0037730	559.32	773.62	3.0749	1.9623	3.1815	901.25	-0.012847	3.3168e-05	0.098385	supercritical
327.69	568.00	264.32	0.0037833	561.91	776.81	3.0847	1.9642	3.1817	899.78	-0.012669	3.3069e-05	0.098229	supercritical
328.69	568.00	263.60	0.0037937	564.51	779.99	3.0944	1.9661	3.1819	898.33	-0.012493	3.2971e-05	0.098075	supercritical
329.69	568.00	262.88	0.0038040	567.10	783.17	3.1040	1.9681	3.1821	896.90	-0.012319	3.2874e-05	0.097925	supercritical
330.69	568.00	262.17	0.0038144	569.70	786.35	3.1137	1.9700	3.1823	895.48	-0.012147	3.2778e-05	0.097777	supercritical
331.69	568.00	261.46	0.0038247	572.29	789.53	3.1233	1.9720	3.1825	894.08	-0.011976	3.2684e-05	0.097633	supercritical
332.69	568.00	260.75	0.0038351	574.88	792.72	3.1328	1.9740	3.1827	892.69	-0.011808	3.2591e-05	0.097491	supercritical
333.69	568.00	260.04	0.0038455	577.47	795.90	3.1424	1.9760	3.1830	891.32	-0.011641	3.2498e-05	0.097352	supercritical
334.69	568.00	259.34	0.0038560	580.06	799.08	3.1519	1.9781	3.1832	889.97	-0.011476	3.2407e-05	0.097215	supercritical
335.69	568.00	258.64	0.0038664	582.65	802.27	3.1614	1.9801	3.1834	888.63	-0.011312	3.2317e-05	0.097082	supercritical
336.69	568.00	257.94	0.0038769	585.24	805.45	3.1709	1.9822	3.1837	887.31	-0.011151	3.2228e-05	0.096951	supercritical
337.69	568.00	257.25	0.0038873	587.83	808.63	3.1803	1.9843	3.1839	886.01	-0.010991	3.2140e-05	0.096823	supercritical
338.69	568.00	256.55	0.0038978	590.42	811.82	3.1897	1.9864	3.1842	884.72	-0.010834	3.2053e-05	0.096697	supercritical
339.69	568.00	255.87	0.0039083	593.01	815.00	3.1991	1.9885	3.1844	883.45	-0.010678	3.1967e-05	0.096574	supercritical
340.69	568.00	255.18	0.0039188	595.60	818.19	3.2085	1.9906	3.1847	882.19	-0.010524	3.1882e-05	0.096454	supercritical
341.69	568.00	254.50	0.0039293	598.19	821.37	3.2178	1.9928	3.1850	880.94	-0.010371	3.1798e-05	0.096336	supercritical
342.69	568.00	253.82	0.0039399	600.77	824.56	3.2271	1.9950	3.1853	879.72	-0.010221	3.1715e-05	0.096221	supercritical
343.69	568.00	253.14	0.0039504	603.36	827.74	3.2364	1.9972	3.1856	878.50	-0.010072	3.1634e-05	0.096108	supercritical
344.69	568.00	252.46	0.0039610	605.94	830.93	3.2457	1.9994	3.1859	877.31	-0.0099256	3.1553e-05	0.095998	supercritical
345.69	568.00	251.79	0.0039716	608.53	834.11	3.2549	2.0016	3.1862	876.12	-0.0097807	3.1473e-05	0.095890	supercritical
346.69	568.00	251.12	0.0039822	611.11	837.30	3.2641	2.0038	3.1865	874.95	-0.0096378	3.1394e-05	0.095785	supercritical
347.69	568.00	250.45	0.0039928	613.70	840.49	3.2733	2.0061	3.1868	873.80	-0.0094966	3.1316e-05	0.095683	supercritical
348.69	568.00	249.79	0.0040034	616.28	843.67	3.2824	2.0084	3.1872	872.66	-0.0093574	3.1239e-05	0.095582	supercritical
349.69	568.00	249.13	0.0040140	618.86	846.86	3.2916	2.0107	3.1875	871.53	-0.0092199	3.1162e-05	0.095484	supercritical
350.69	568.00	248.47	0.0040247	621.45	850.05	3.3007	2.0130	3.1879	870.42	-0.0090844	3.1087e-05	0.095389	supercritical
351.69	568.00	247.81	0.0040353	624.03	853.24	3.3097	2.0153	3.1882	869.33	-0.0089507	3.1013e-05	0.095296	supercritical
352.69	568.00	247.16	0.0040460	626.61	856.43	3.3188	2.0176	3.1886	868.24	-0.0088189	3.0940e-05	0.095205	supercritical
353.69	568.00	246.51	0.0040567	629.19	859.61	3.3278	2.0200	3.1890	867.17	-0.0086889	3.0867e-05	0.095117	supercritical
354.69	568.00	245.86	0.0040674	631.78	862.80	3.3368	2.0223	3.1894	866.12	-0.0085607	3.0795e-05	0.095031	supercritical
355.69	568.00	245.21	0.0040781	634.36	865.99	3.3458	2.0247	3.1898	865.07	-0.0084345	3.0725e-05	0.094947	supercritical
356.69	568.00	244.57	0.0040888	636.94	869.18	3.3548	2.0271	3.1902	864.04	-0.0083100	3.0655e-05	0.094865	supercritical
357.69	568.00	243.93	0.0040995	639.52	872.37	3.3637	2.0295	3.1906	863.03	-0.0081874	3.0586e-05	0.094786	supercritical
358.69	568.00	243.29	0.0041103	642.10	875.56	3.3726	2.0320	3.1911	862.03	-0.0080667	3.0517e-05	0.094709	supercritical
359.69	568.00	242.66	0.0041210	644.68	878.76	3.3815	2.0344	3.1915	861.04	-0.0079478	3.0450e-05	0.094634	supercritical
360.69	568.00	242.03	0.0041318	647.26	881.95	3.3904	2.0369	3.1920	860.06	-0.0078307	3.0383e-05	0.094561	supercritical
361.69	568.00	241.40	0.0041425	649.84	885.14	3.3992	2.0393	3.1924	859.10	-0.0077155	3.0317e-05	0.094491	supercritical
362.69	568.00	240.77	0.0041533	652.42	888.33	3.4080	2.0418	3.1929	858.14	-0.0076020	3.0253e-05	0.094422	supercritical
363.69	568.00	240.15	0.0041641	655.01	891.53	3.4168	2.0443	3.1934	857.21	-0.0074904	3.0188e-05	0.094356	supercritical
364.69	568.00	239.53	0.0041749	657.59	894.72	3.4256	2.0468	3.1939	856.28	-0.0073806	3.0125e-05	0.094292	supercritical
365.69	568.00	238.91	0.0041857	660.17	897.91	3.4343	2.0493	3.1944	855.37	-0.0072726	3.0062e-05	0.094230	supercritical
366.69	568.00	238.29	0.0041965	662.75	901.11	3.4430	2.0519	3.1949	854.46	-0.0071665	3.0001e-05	0.094170	supercritical
367.69	568.00	237.68	0.0042073	665.33	904.30	3.4517	2.0544	3.1954	853.58	-0.0070621	2.9939e-05	0.094112	supercritical
368.69	568.00	237.07	0.0042182	667.91	907.50	3.4604	2.0570	3.1959	852.70	-0.0069594	2.9879e-05	0.094056	supercritical
369.69	568.00	236.46	0.0042290	670.49	910.69	3.4691	2.0596	3.1965	851.83	-0.0068586	2.9820e-05	0.094002	supercritical
370.69	568.00	235.86	0.0042399	673.07	913.89	3.4777	2.0621	3.1970	850.98	-0.0067595	2.9761e-05	0.093950	supercritical
371.69	568.00	235.25	0.0042507	675.65	917.09	3.4863	2.0647	3.1976	850.14	-0.0066622	2.9703e-05	0.093900	supercritical
372.69	568.00	234.65	0.0042616	678.23	920.29	3.4949	2.0674	3.1982	849.31	-0.0065667	2.9645e-05	0.093852	supercritical
373.69	568.00	234.06	0.0042725	680.81	923.49	3.5035	2.0700	3.1988	848.49	-0.0064729	2.9589e-05	0.093806	supercritical
374.69	568.00	233.46	0.0042833	683.39	926.68	3.5120	2.0726	3.1994	847.68	-0.0063808	2.9533e-05	0.093762	supercritical
375.69	568.00	232.87	0.0042942	685.97	929.88	3.5206	2.0753	3.2000	846.88	-0.0062905	2.9477e-05	0.093719	supercritical
376.69	568.00	232.28	0.0043051	688.55	933.08	3.5291	2.0779	3.2006	846.10	-0.0062019	2.9423e-05	0.093679	supercritical
377.69	568.00	231.69	0.0043160	691.13	936.28	3.5376	2.0806	3.2012	845.32	-0.0061150	2.9369e-05	0.093640	supercritical
378.69	568.00	231.11	0.0043269	693.72	939.49	3.5460	2.0833	3.2019	844.56	-0.0060298	2.9316e-05	0.093604	supercritical
379.69	568.00	230.53	0.0043379	696.30	942.69	3.5545	2.0860	3.2026	843.81	-0.0059463	2.9263e-05	0.093569	supercritical
380.69	568.00	229.95	0.0043488	698.88	945.89	3.5629	2.0887	3.2032	843.07	-0.0058645	2.9211e-05	0.093536	supercritical
381.69	568.00	229.37	0.0043597	701.46	949.10	3.5713	2.0914	3.2039	842.34	-0.0057843	2.9160e-05	0.093505	supercritical
382.69	568.00	228.80	0.0043707	704.05	952.30	3.5797	2.0942	3.2046	841.61	-0.0057058	2.9109e-05	0.093475	supercritical
383.69	568.00	228.23	0.0043816	706.63	955.50	3.5880	2.0969	3.2053	840.90	-0.0056290	2.9060e-05	0.093448	supercritical
384.69	568.00	227.66	0.0043926	709.21	958.71	3.5964	2.0997	3.2060	840.20	-0.0055538	2.9010e-05	0.093422	supercritical
385.69	568.00	227.09	0.0044035	711.80	961.92	3.6047	2.1024	3.2068	839.51	-0.0054802	2.8962e-05	0.093398	supercritical
386.69	568.00	226.53	0.0044145	714.38	965.12	3.6130	2.1052	3.2075	838.83	-0.0054083	2.8914e-05	0.093375	supercritical
387.69	568.00	225.97	0.0044255	716.97	968.33	3.6213	2.1080	3.2083	838.17	-0.0053379	2.8866e-05	0.093355	supercritical
388.69	568.00	225.41	0.0044364	719.55	971.54	3.6296	2.1108	3.2090	837.51	-0.0052692	2.8819e-05	0.093336	supercritical
389.69	568.00	224.85	0.0044474	722.14	974.75	3.6378	2.1136	3.2098	836.86	-0.0052020	2.8773e-05	0.093319	supercritical
390.69	568.00	224.30	0.0044584	724.72	977.96	3.6460	2.1164	3.2106	836.22	-0.0051364	2.8727e-05	0.093303	supercritical
391.69	568.00	223.74	0.0044694	727.31	981.17	3.6542	2.1193	3.2114	835.58	-0.0050724	2.8682e-05	0.093289	supercritical
392.69	568.00	223.20	0.0044804	729.90	984.38	3.6624	2.1221	3.2122	834.96	-0.0050099	2.8638e-05	0.093277	supercritical
393.69	568.00	222.65	0.0044914	732.48	987.60	3.6706	2.1250	3.2131	834.35	-0.0049490	2.8594e-05	0.093266	supercritical
394.69	568.00	222.10	0.0045024	735.07	990.81	3.6788	2.1278	3.2139	833.75	-0.0048896	2.8551e-05	0.093257	supercritical
395.69	568.00	221.56	0.0045134	737.66	994.02	3.6869	2.1307	3.2148	833.16	-0.0048317	2.8508e-05	0.093249	supercritical
396.69	568.00	221.02	0.0045244	740.25	997.24	3.6950	2.1336	3.2156	832.57	-0.0047753	2.8466e-05	0.093243	supercritical
397.69	568.00	220.49	0.0045354	742.84	1000.5	3.7031	2.1365	3.2165	832.00	-0.0047203	2.8424e-05	0.093239	supercritical
398.69	568.00	219.95	0.0045465	745.43	1003.7	3.7112	2.1394	3.2174	831.43	-0.0046669	2.8383e-05	0.093236	supercritical
399.69	568.00	219.42	0.0045575	748.02	1006.9	3.7192	2.1423	3.2183	830.87	-0.0046149	2.8342e-05	0.093235	supercritical
400.69	568.00	218.89	0.0045685	750.62	1010.1	3.7273	2.1452	3.2192	830.33	-0.0045644	2.8302e-05	0.093235	supercritical
401.69	568.00	218.36	0.0045796	753.21	1013.3	3.7353	2.1481	3.2201	829.79	-0.0045153	2.8263e-05	0.093237	supercritical
402.69	568.00	217.84	0.0045906	755.80	1016.5	3.7433	2.1511	3.2211	829.26	-0.0044676	2.8224e-05	0.093240	supercritical
403.69	568.00	217.31	0.0046017	758.40	1019.8	3.7513	2.1540	3.2220	828.73	-0.0044214	2.8186e-05	0.093245	supercritical
404.69	568.00	216.79	0.0046127	760.99	1023.0	3.7593	2.1570	3.2230	828.22	-0.0043765	2.8148e-05	0.093251	supercritical
405.69	568.00	216.27	0.0046237	763.59	1026.2	3.7672	2.1599	3.2240	827.71	-0.0043331	2.8110e-05	0.093259	supercritical
406.69	568.00	215.76	0.0046348	766.18	1029.4	3.7752	2.1629	3.2250	827.22	-0.0042910	2.8073e-05	0.093268	supercritical
407.69	568.00	215.25	0.0046459	768.78	1032.7	3.7831	2.1659	3.2260	826.73	-0.0042502	2.8037e-05	0.093279	supercritical
408.69	568.00	214.73	0.0046569	771.38	1035.9	3.7910	2.1689	3.2270	826.25	-0.0042109	2.8001e-05	0.093291	supercritical
409.69	568.00	214.23	0.0046680	773.98	1039.1	3.7989	2.1719	3.2280	825.77	-0.0041728	2.7965e-05	0.093304	supercritical
410.69	568.00	213.72	0.0046791	776.58	1042.3	3.8068	2.1749	3.2291	825.31	-0.0041361	2.7931e-05	0.093319	supercritical
411.69	568.00	213.21	0.0046901	779.18	1045.6	3.8146	2.1779	3.2301	824.85	-0.0041006	2.7896e-05	0.093335	supercritical
412.69	568.00	212.71	0.0047012	781.78	1048.8	3.8225	2.1809	3.2312	824.40	-0.0040665	2.7862e-05	0.093353	supercritical
413.69	568.00	212.21	0.0047123	784.38	1052.0	3.8303	2.1840	3.2323	823.96	-0.0040337	2.7828e-05	0.093372	supercritical
414.69	568.00	211.71	0.0047233	786.99	1055.3	3.8381	2.1870	3.2334	823.52	-0.0040021	2.7795e-05	0.093392	supercritical
415.69	568.00	211.22	0.0047344	789.59	1058.5	3.8459	2.1900	3.2345	823.10	-0.0039717	2.7763e-05	0.093414	supercritical
416.69	568.00	210.73	0.0047455	792.20	1061.7	3.8536	2.1931	3.2356	822.68	-0.0039427	2.7731e-05	0.093437	supercritical
417.69	568.00	210.23	0.0047566	794.80	1065.0	3.8614	2.1962	3.2367	822.27	-0.0039148	2.7699e-05	0.093461	supercritical
418.69	568.00	209.75	0.0047677	797.41	1068.2	3.8691	2.1992	3.2379	821.86	-0.0038882	2.7668e-05	0.093487	supercritical
419.69	568.00	209.26	0.0047788	800.02	1071.5	3.8769	2.2023	3.2390	821.46	-0.0038627	2.7637e-05	0.093514	supercritical
420.69	568.00	208.77	0.0047898	802.63	1074.7	3.8846	2.2054	3.2402	821.07	-0.0038385	2.7606e-05	0.093542	supercritical
421.69	568.00	208.29	0.0048009	805.24	1077.9	3.8923	2.2085	3.2414	820.69	-0.0038154	2.7576e-05	0.093571	supercritical
422.69	568.00	207.81	0.0048120	807.85	1081.2	3.8999	2.2116	3.2426	820.32	-0.0037935	2.7547e-05	0.093602	supercritical
423.69	568.00	207.33	0.0048231	810.47	1084.4	3.9076	2.2147	3.2438	819.95	-0.0037727	2.7518e-05	0.093634	supercritical
424.69	568.00	206.86	0.0048342	813.08	1087.7	3.9153	2.2178	3.2450	819.58	-0.0037531	2.7489e-05	0.093667	supercritical
425.69	568.00	206.38	0.0048453	815.70	1090.9	3.9229	2.2209	3.2462	819.23	-0.0037346	2.7460e-05	0.093702	supercritical
426.69	568.00	205.91	0.0048564	818.31	1094.2	3.9305	2.2240	3.2475	818.88	-0.0037172	2.7433e-05	0.093738	supercritical
427.69	568.00	205.44	0.0048675	820.93	1097.4	3.9381	2.2272	3.2487	818.54	-0.0037008	2.7405e-05	0.093774	supercritical
428.69	568.00	204.98	0.0048786	823.55	1100.7	3.9457	2.2303	3.2500	818.20	-0.0036856	2.7378e-05	0.093813	supercritical
429.69	568.00	204.51	0.0048897	826.17	1103.9	3.9533	2.2335	3.2513	817.87	-0.0036715	2.7351e-05	0.093852	supercritical
430.69	568.00	204.05	0.0049008	828.79	1107.2	3.9608	2.2366	3.2526	817.55	-0.0036584	2.7325e-05	0.093893	supercritical
431.69	568.00	203.59	0.0049119	831.41	1110.4	3.9684	2.2398	3.2539	817.23	-0.0036463	2.7299e-05	0.093934	supercritical
432.69	568.00	203.13	0.0049230	834.04	1113.7	3.9759	2.2429	3.2552	816.92	-0.0036353	2.7273e-05	0.093977	supercritical
433.69	568.00	202.67	0.0049341	836.66	1116.9	3.9834	2.2461	3.2565	816.62	-0.0036253	2.7248e-05	0.094021	supercritical
434.69	568.00	202.21	0.0049452	839.29	1120.2	3.9909	2.2493	3.2579	816.32	-0.0036163	2.7223e-05	0.094066	supercritical
435.69	568.00	201.76	0.0049563	841.92	1123.4	3.9984	2.2525	3.2592	816.03	-0.0036083	2.7199e-05	0.094113	supercritical
436.69	568.00	201.31	0.0049674	844.54	1126.7	4.0059	2.2557	3.2606	815.75	-0.0036013	2.7175e-05	0.094160	supercritical
437.69	568.00	200.86	0.0049786	847.17	1130.0	4.0133	2.2588	3.2620	815.47	-0.0035953	2.7151e-05	0.094209	supercritical
438.69	568.00	200.41	0.0049897	849.81	1133.2	4.0208	2.2620	3.2633	815.19	-0.0035902	2.7128e-05	0.094258	supercritical
439.69	568.00	199.97	0.0050008	852.44	1136.5	4.0282	2.2653	3.2647	814.93	-0.0035860	2.7105e-05	0.094309	supercritical
440.69	568.00	199.53	0.0050119	855.07	1139.7	4.0356	2.2685	3.2662	814.66	-0.0035828	2.7082e-05	0.094361	supercritical
441.69	568.00	199.08	0.0050230	857.71	1143.0	4.0430	2.2717	3.2676	814.41	-0.0035805	2.7060e-05	0.094414	supercritical
442.69	568.00	198.65	0.0050341	860.35	1146.3	4.0504	2.2749	3.2690	814.16	-0.0035792	2.7038e-05	0.094468	supercritical
443.69	568.00	198.21	0.0050452	862.99	1149.6	4.0578	2.2781	3.2705	813.91	-0.0035787	2.7016e-05	0.094523	supercritical
444.69	568.00	197.77	0.0050563	865.63	1152.8	4.0652	2.2814	3.2719	813.67	-0.0035791	2.6995e-05	0.094580	supercritical
445.69	568.00	197.34	0.0050674	868.27	1156.1	4.0725	2.2846	3.2734	813.44	-0.0035803	2.6974e-05	0.094637	supercritical
446.69	568.00	196.91	0.0050785	870.91	1159.4	4.0799	2.2879	3.2749	813.21	-0.0035824	2.6954e-05	0.094695	supercritical
447.69	568.00	196.48	0.0050896	873.56	1162.6	4.0872	2.2911	3.2764	812.99	-0.0035854	2.6933e-05	0.094755	supercritical
448.69	568.00	196.05	0.0051007	876.20	1165.9	4.0945	2.2944	3.2779	812.77	-0.0035892	2.6913e-05	0.094815	supercritical
449.69	568.00	195.62	0.0051118	878.85	1169.2	4.1018	2.2976	3.2794	812.56	-0.0035938	2.6894e-05	0.094876	supercritical
450.69	568.00	195.20	0.0051229	881.50	1172.5	4.1091	2.3009	3.2809	812.35	-0.0035993	2.6874e-05	0.094939	supercritical
451.69	568.00	194.78	0.0051340	884.15	1175.8	4.1164	2.3041	3.2825	812.15	-0.0036055	2.6855e-05	0.095002	supercritical
452.69	568.00	194.36	0.0051451	886.80	1179.0	4.1236	2.3074	3.2840	811.95	-0.0036126	2.6837e-05	0.095067	supercritical
453.69	568.00	193.94	0.0051563	889.46	1182.3	4.1309	2.3107	3.2856	811.76	-0.0036204	2.6818e-05	0.095132	supercritical
454.69	568.00	193.52	0.0051674	892.11	1185.6	4.1381	2.3140	3.2872	811.57	-0.0036290	2.6800e-05	0.095199	supercritical
455.69	568.00	193.11	0.0051785	894.77	1188.9	4.1453	2.3173	3.2887	811.39	-0.0036383	2.6783e-05	0.095266	supercritical
456.69	568.00	192.69	0.0051896	897.43	1192.2	4.1525	2.3206	3.2903	811.22	-0.0036484	2.6765e-05	0.095334	supercritical
457.69	568.00	192.28	0.0052007	900.09	1195.5	4.1597	2.3238	3.2919	811.04	-0.0036592	2.6748e-05	0.095404	supercritical
458.69	568.00	191.87	0.0052118	902.75	1198.8	4.1669	2.3271	3.2936	810.88	-0.0036707	2.6731e-05	0.095474	supercritical
459.69	568.00	191.47	0.0052229	905.42	1202.1	4.1741	2.3305	3.2952	810.71	-0.0036830	2.6714e-05	0.095545	supercritical
460.69	568.00	191.06	0.0052340	908.08	1205.4	4.1813	2.3338	3.2968	810.56	-0.0036959	2.6698e-05	0.095617	supercritical
461.69	568.00	190.66	0.0052450	910.75	1208.7	4.1884	2.3371	3.2985	810.40	-0.0037096	2.6682e-05	0.095690	supercritical
462.69	568.00	190.25	0.0052561	913.42	1212.0	4.1956	2.3404	3.3001	810.25	-0.0037239	2.6666e-05	0.095764	supercritical
463.69	568.00	189.85	0.0052672	916.09	1215.3	4.2027	2.3437	3.3018	810.11	-0.0037389	2.6651e-05	0.095839	supercritical
464.69	568.00	189.45	0.0052783	918.76	1218.6	4.2098	2.3470	3.3035	809.97	-0.0037545	2.6636e-05	0.095915	supercritical
465.69	568.00	189.06	0.0052894	921.44	1221.9	4.2169	2.3504	3.3052	809.84	-0.0037708	2.6621e-05	0.095992	supercritical
466.69	568.00	188.66	0.0053005	924.11	1225.2	4.2240	2.3537	3.3069	809.71	-0.0037878	2.6606e-05	0.096070	supercritical
467.69	568.00	188.27	0.0053116	926.79	1228.5	4.2311	2.3570	3.3086	809.58	-0.0038053	2.6592e-05	0.096148	supercritical
468.69	568.00	187.88	0.0053227	929.47	1231.8	4.2381	2.3604	3.3103	809.46	-0.0038235	2.6578e-05	0.096228	supercritical
469.69	568.00	187.48	0.0053338	932.15	1235.1	4.2452	2.3637	3.3121	809.34	-0.0038423	2.6564e-05	0.096308	supercritical
470.69	568.00	187.10	0.0053449	934.84	1238.4	4.2522	2.3671	3.3138	809.23	-0.0038617	2.6550e-05	0.096389	supercritical
471.69	568.00	186.71	0.0053559	937.52	1241.7	4.2593	2.3704	3.3156	809.12	-0.0038817	2.6537e-05	0.096471	supercritical
472.69	568.00	186.32	0.0053670	940.21	1245.1	4.2663	2.3738	3.3173	809.01	-0.0039023	2.6524e-05	0.096554	supercritical
473.69	568.00	185.94	0.0053781	942.90	1248.4	4.2733	2.3771	3.3191	808.91	-0.0039234	2.6511e-05	0.096638	supercritical
474.69	568.00	185.56	0.0053892	945.59	1251.7	4.2803	2.3805	3.3209	808.81	-0.0039451	2.6499e-05	0.096723	supercritical
475.69	568.00	185.18	0.0054003	948.28	1255.0	4.2873	2.3838	3.3227	808.72	-0.0039674	2.6486e-05	0.096808	supercritical
476.69	568.00	184.80	0.0054113	950.97	1258.3	4.2943	2.3872	3.3245	808.63	-0.0039902	2.6474e-05	0.096894	supercritical
477.69	568.00	184.42	0.0054224	953.67	1261.7	4.3013	2.3906	3.3263	808.55	-0.0040135	2.6462e-05	0.096981	supercritical
478.69	568.00	184.04	0.0054335	956.37	1265.0	4.3082	2.3939	3.3281	808.47	-0.0040374	2.6451e-05	0.097069	supercritical
479.69	568.00	183.67	0.0054445	959.07	1268.3	4.3152	2.3973	3.3300	808.39	-0.0040618	2.6439e-05	0.097158	supercritical
480.69	568.00	183.30	0.0054556	961.77	1271.7	4.3221	2.4007	3.3318	808.32	-0.0040866	2.6428e-05	0.097248	supercritical
481.69	568.00	182.93	0.0054667	964.48	1275.0	4.3290	2.4041	3.3336	808.25	-0.0041120	2.6417e-05	0.097338	supercritical
482.69	568.00	182.56	0.0054777	967.18	1278.3	4.3359	2.4075	3.3355	808.18	-0.0041379	2.6407e-05	0.097429	supercritical
483.69	568.00	182.19	0.0054888	969.89	1281.7	4.3428	2.4108	3.3374	808.12	-0.0041642	2.6396e-05	0.097521	supercritical
484.69	568.00	181.82	0.0054999	972.60	1285.0	4.3497	2.4142	3.3393	808.06	-0.0041911	2.6386e-05	0.097614	supercritical
485.69	568.00	181.46	0.0055109	975.31	1288.3	4.3566	2.4176	3.3412	808.00	-0.0042183	2.6376e-05	0.097708	supercritical
486.69	568.00	181.09	0.0055220	978.03	1291.7	4.3635	2.4210	3.3431	807.95	-0.0042461	2.6366e-05	0.097802	supercritical
487.69	568.00	180.73	0.0055330	980.74	1295.0	4.3704	2.4244	3.3450	807.91	-0.0042743	2.6357e-05	0.097897	supercritical
488.69	568.00	180.37	0.0055441	983.46	1298.4	4.3772	2.4278	3.3469	807.86	-0.0043029	2.6348e-05	0.097993	supercritical
489.69	568.00	180.01	0.0055551	986.18	1301.7	4.3841	2.4312	3.3488	807.82	-0.0043320	2.6338e-05	0.098090	supercritical
490.69	568.00	179.66	0.0055662	988.90	1305.1	4.3909	2.4346	3.3507	807.78	-0.0043615	2.6330e-05	0.098187	supercritical
491.69	568.00	179.30	0.0055772	991.63	1308.4	4.3977	2.4380	3.3527	807.75	-0.0043914	2.6321e-05	0.098285	supercritical
492.69	568.00	178.95	0.0055883	994.36	1311.8	4.4045	2.4414	3.3546	807.72	-0.0044217	2.6312e-05	0.098384	supercritical
493.69	568.00	178.59	0.0055993	997.08	1315.1	4.4113	2.4448	3.3566	807.69	-0.0044524	2.6304e-05	0.098484	supercritical
494.69	568.00	178.24	0.0056103	999.81	1318.5	4.4181	2.4483	3.3586	807.67	-0.0044835	2.6296e-05	0.098584	supercritical
495.69	568.00	177.89	0.0056214	1002.5	1321.8	4.4249	2.4517	3.3606	807.65	-0.0045150	2.6288e-05	0.098685	supercritical
496.69	568.00	177.54	0.0056324	1005.3	1325.2	4.4317	2.4551	3.3625	807.63	-0.0045468	2.6281e-05	0.098787	supercritical
497.69	568.00	177.20	0.0056434	1008.0	1328.6	4.4384	2.4585	3.3645	807.61	-0.0045791	2.6273e-05	0.098890	supercritical
498.69	568.00	176.85	0.0056545	1010.8	1331.9	4.4452	2.4619	3.3665	807.60	-0.0046117	2.6266e-05	0.098993	supercritical
499.69	568.00	176.51	0.0056655	1013.5	1335.3	4.4519	2.4653	3.3686	807.59	-0.0046447	2.6259e-05	0.099097	supercritical
500.69	568.00	176.16	0.0056765	1016.2	1338.7	4.4587	2.4688	3.3706	807.59	-0.0046780	2.6252e-05	0.099202	supercritical
501.69	568.00	175.82	0.0056875	1019.0	1342.0	4.4654	2.4722	3.3726	807.59	-0.0047116	2.6245e-05	0.099307	supercritical
502.69	568.00	175.48	0.0056985	1021.7	1345.4	4.4721	2.4756	3.3747	807.59	-0.0047456	2.6239e-05	0.099413	supercritical
503.69	568.00	175.14	0.0057096	1024.5	1348.8	4.4788	2.4791	3.3767	807.59	-0.0047799	2.6233e-05	0.099520	supercritical
504.69	568.00	174.81	0.0057206	1027.2	1352.2	4.4855	2.4825	3.3788	807.60	-0.0048146	2.6226e-05	0.099628	supercritical
505.69	568.00	174.47	0.0057316	1030.0	1355.5	4.4922	2.4859	3.3808	807.61	-0.0048495	2.6221e-05	0.099736	supercritical
506.69	568.00	174.14	0.0057426	1032.7	1358.9	4.4989	2.4894	3.3829	807.62	-0.0048848	2.6215e-05	0.099845	supercritical
507.69	568.00	173.80	0.0057536	1035.5	1362.3	4.5056	2.4928	3.3850	807.64	-0.0049204	2.6209e-05	0.099954	supercritical
508.69	568.00	173.47	0.0057646	1038.3	1365.7	4.5122	2.4962	3.3871	807.65	-0.0049562	2.6204e-05	0.10006	supercritical
509.69	568.00	173.14	0.0057756	1041.0	1369.1	4.5189	2.4997	3.3891	807.68	-0.0049924	2.6199e-05	0.10018	supercritical
510.69	568.00	172.81	0.0057866	1043.8	1372.5	4.5255	2.5031	3.3913	807.70	-0.0050288	2.6194e-05	0.10029	supercritical
511.69	568.00	172.49	0.0057976	1046.6	1375.9	4.5322	2.5066	3.3934	807.73	-0.0050655	2.6189e-05	0.10040	supercritical
512.69	568.00	172.16	0.0058086	1049.3	1379.3	4.5388	2.5100	3.3955	807.76	-0.0051025	2.6184e-05	0.10051	supercritical
513.69	568.00	171.83	0.0058196	1052.1	1382.7	4.5454	2.5135	3.3976	807.79	-0.0051398	2.6180e-05	0.10063	supercritical
514.69	568.00	171.51	0.0058306	1054.9	1386.1	4.5520	2.5169	3.3997	807.82	-0.0051773	2.6175e-05	0.10074	supercritical
515.69	568.00	171.19	0.0058416	1057.7	1389.5	4.5586	2.5203	3.4019	807.86	-0.0052150	2.6171e-05	0.10085	supercritical
516.69	568.00	170.87	0.0058525	1060.4	1392.9	4.5652	2.5238	3.4040	807.90	-0.0052531	2.6167e-05	0.10097	supercritical
517.69	568.00	170.55	0.0058635	1063.2	1396.3	4.5718	2.5273	3.4062	807.94	-0.0052913	2.6163e-05	0.10109	supercritical
518.69	568.00	170.23	0.0058745	1066.0	1399.7	4.5784	2.5307	3.4083	807.99	-0.0053298	2.6160e-05	0.10120	supercritical
519.69	568.00	169.91	0.0058855	1068.8	1403.1	4.5850	2.5342	3.4105	808.04	-0.0053685	2.6156e-05	0.10132	supercritical
520.69	568.00	169.59	0.0058964	1071.6	1406.5	4.5915	2.5376	3.4127	808.09	-0.0054075	2.6153e-05	0.10144	supercritical
521.69	568.00	169.28	0.0059074	1074.4	1409.9	4.5981	2.5411	3.4149	808.14	-0.0054467	2.6150e-05	0.10156	supercritical
522.69	568.00	168.97	0.0059184	1077.2	1413.3	4.6046	2.5445	3.4171	808.20	-0.0054860	2.6146e-05	0.10167	supercritical
523.69	568.00	168.65	0.0059293	1080.0	1416.7	4.6111	2.5480	3.4193	808.25	-0.0055256	2.6144e-05	0.10179	supercritical
524.69	568.00	168.34	0.0059403	1082.8	1420.2	4.6177	2.5514	3.4215	808.31	-0.0055654	2.6141e-05	0.10191	supercritical
525.69	568.00	168.03	0.0059513	1085.6	1423.6	4.6242	2.5549	3.4237	808.38	-0.0056054	2.6138e-05	0.10204	supercritical
526.69	568.00	167.72	0.0059622	1088.4	1427.0	4.6307	2.5584	3.4259	808.44	-0.0056456	2.6136e-05	0.10216	supercritical
527.69	568.00	167.42	0.0059732	1091.2	1430.4	4.6372	2.5618	3.4281	808.51	-0.0056860	2.6134e-05	0.10228	supercritical
528.69	568.00	167.11	0.0059841	1094.0	1433.9	4.6437	2.5653	3.4303	808.58	-0.0057266	2.6131e-05	0.10240	supercritical
529.69	568.00	166.80	0.0059951	1096.8	1437.3	4.6502	2.5688	3.4326	808.65	-0.0057674	2.6130e-05	0.10253	supercritical
530.69	568.00	166.50	0.0060060	1099.6	1440.7	4.6566	2.5722	3.4348	808.72	-0.0058083	2.6128e-05	0.10265	supercritical
531.69	568.00	166.20	0.0060169	1102.4	1444.2	4.6631	2.5757	3.4371	808.80	-0.0058494	2.6126e-05	0.10277	supercritical
532.69	568.00	165.90	0.0060279	1105.2	1447.6	4.6696	2.5791	3.4393	808.88	-0.0058906	2.6124e-05	0.10290	supercritical
533.69	568.00	165.60	0.0060388	1108.0	1451.0	4.6760	2.5826	3.4416	808.96	-0.0059321	2.6123e-05	0.10302	supercritical
534.69	568.00	165.30	0.0060497	1110.9	1454.5	4.6825	2.5861	3.4439	809.04	-0.0059736	2.6122e-05	0.10315	supercritical
535.69	568.00	165.00	0.0060607	1113.7	1457.9	4.6889	2.5895	3.4461	809.13	-0.0060154	2.6121e-05	0.10328	supercritical
536.69	568.00	164.70	0.0060716	1116.5	1461.4	4.6953	2.5930	3.4484	809.21	-0.0060573	2.6120e-05	0.10340	supercritical
537.69	568.00	164.41	0.0060825	1119.3	1464.8	4.7018	2.5965	3.4507	809.30	-0.0060993	2.6119e-05	0.10353	supercritical
538.69	568.00	164.11	0.0060934	1122.2	1468.3	4.7082	2.5999	3.4530	809.39	-0.0061414	2.6118e-05	0.10366	supercritical
539.69	568.00	163.82	0.0061044	1125.0	1471.7	4.7146	2.6034	3.4553	809.49	-0.0061837	2.6118e-05	0.10379	supercritical
540.69	568.00	163.53	0.0061153	1127.8	1475.2	4.7210	2.6069	3.4576	809.58	-0.0062262	2.6117e-05	0.10392	supercritical
541.69	568.00	163.23	0.0061262	1130.7	1478.7	4.7274	2.6104	3.4599	809.68	-0.0062687	2.6117e-05	0.10405	supercritical
542.69	568.00	162.94	0.0061371	1133.5	1482.1	4.7337	2.6138	3.4622	809.78	-0.0063114	2.6117e-05	0.10418	supercritical
543.69	568.00	162.65	0.0061480	1136.4	1485.6	4.7401	2.6173	3.4646	809.88	-0.0063542	2.6117e-05	0.10431	supercritical
544.69	568.00	162.37	0.0061589	1139.2	1489.0	4.7465	2.6208	3.4669	809.98	-0.0063971	2.6117e-05	0.10444	supercritical
545.69	568.00	162.08	0.0061698	1142.1	1492.5	4.7529	2.6242	3.4692	810.09	-0.0064402	2.6117e-05	0.10457	supercritical
546.69	568.00	161.79	0.0061807	1144.9	1496.0	4.7592	2.6277	3.4716	810.20	-0.0064833	2.6117e-05	0.10471	supercritical
547.69	568.00	161.51	0.0061916	1147.8	1499.5	4.7656	2.6312	3.4739	810.31	-0.0065265	2.6118e-05	0.10484	supercritical
548.69	568.00	161.23	0.0062025	1150.6	1502.9	4.7719	2.6347	3.4763	810.42	-0.0065699	2.6118e-05	0.10497	supercritical
549.69	568.00	160.94	0.0062133	1153.5	1506.4	4.7782	2.6381	3.4786	810.53	-0.0066133	2.6119e-05	0.10511	supercritical
550.69	568.00	160.66	0.0062242	1156.4	1509.9	4.7845	2.6416	3.4810	810.65	-0.0066568	2.6120e-05	0.10524	supercritical
551.69	568.00	160.38	0.0062351	1159.2	1513.4	4.7909	2.6451	3.4834	810.76	-0.0067004	2.6121e-05	0.10538	supercritical
552.69	568.00	160.10	0.0062460	1162.1	1516.9	4.7972	2.6486	3.4857	810.88	-0.0067441	2.6122e-05	0.10551	supercritical
553.69	568.00	159.82	0.0062569	1165.0	1520.3	4.8035	2.6520	3.4881	811.00	-0.0067879	2.6123e-05	0.10565	supercritical
554.69	568.00	159.55	0.0062677	1167.8	1523.8	4.8098	2.6555	3.4905	811.12	-0.0068318	2.6124e-05	0.10579	supercritical
555.69	568.00	159.27	0.0062786	1170.7	1527.3	4.8161	2.6590	3.4929	811.25	-0.0068757	2.6126e-05	0.10592	supercritical
556.69	568.00	159.00	0.0062895	1173.6	1530.8	4.8223	2.6624	3.4953	811.37	-0.0069197	2.6127e-05	0.10606	supercritical
557.69	568.00	158.72	0.0063003	1176.5	1534.3	4.8286	2.6659	3.4977	811.50	-0.0069638	2.6129e-05	0.10620	supercritical
558.69	568.00	158.45	0.0063112	1179.3	1537.8	4.8349	2.6694	3.5001	811.63	-0.0070080	2.6130e-05	0.10634	supercritical
559.69	568.00	158.18	0.0063220	1182.2	1541.3	4.8412	2.6729	3.5025	811.76	-0.0070522	2.6132e-05	0.10648	supercritical
560.69	568.00	157.91	0.0063329	1185.1	1544.8	4.8474	2.6763	3.5049	811.89	-0.0070964	2.6134e-05	0.10662	supercritical
561.69	568.00	157.64	0.0063437	1188.0	1548.3	4.8537	2.6798	3.5073	812.02	-0.0071408	2.6136e-05	0.10676	supercritical
562.69	568.00	157.37	0.0063546	1190.9	1551.8	4.8599	2.6833	3.5098	812.16	-0.0071852	2.6139e-05	0.10690	supercritical
563.69	568.00	157.10	0.0063654	1193.8	1555.3	4.8661	2.6868	3.5122	812.30	-0.0072296	2.6141e-05	0.10704	supercritical
564.69	568.00	156.83	0.0063763	1196.7	1558.9	4.8724	2.6902	3.5146	812.44	-0.0072741	2.6143e-05	0.10718	supercritical
565.69	568.00	156.57	0.0063871	1199.6	1562.4	4.8786	2.6937	3.5171	812.58	-0.0073186	2.6146e-05	0.10732	supercritical
566.69	568.00	156.30	0.0063979	1202.5	1565.9	4.8848	2.6972	3.5195	812.72	-0.0073632	2.6148e-05	0.10746	supercritical
567.69	568.00	156.04	0.0064088	1205.4	1569.4	4.8910	2.7006	3.5219	812.86	-0.0074078	2.6151e-05	0.10761	supercritical
568.69	568.00	155.77	0.0064196	1208.3	1572.9	4.8972	2.7041	3.5244	813.01	-0.0074524	2.6154e-05	0.10775	supercritical
569.69	568.00	155.51	0.0064304	1211.2	1576.5	4.9034	2.7076	3.5269	813.15	-0.0074971	2.6157e-05	0.10789	supercritical
570.69	568.00	155.25	0.0064413	1214.1	1580.0	4.9096	2.7111	3.5293	813.30	-0.0075418	2.6160e-05	0.10804	supercritical
571.69	568.00	154.99	0.0064521	1217.0	1583.5	4.9158	2.7145	3.5318	813.45	-0.0075865	2.6163e-05	0.10818	supercritical
572.69	568.00	154.73	0.0064629	1220.0	1587.1	4.9219	2.7180	3.5342	813.60	-0.0076313	2.6166e-05	0.10833	supercritical
573.69	568.00	154.47	0.0064737	1222.9	1590.6	4.9281	2.7215	3.5367	813.75	-0.0076761	2.6170e-05	0.10847	supercritical
574.69	568.00	154.21	0.0064845	1225.8	1594.1	4.9343	2.7249	3.5392	813.91	-0.0077209	2.6173e-05	0.10862	supercritical
575.69	568.00	153.96	0.0064953	1228.7	1597.7	4.9404	2.7284	3.5417	814.06	-0.0077657	2.6177e-05	0.10877	supercritical
576.69	568.00	153.70	0.0065061	1231.7	1601.2	4.9466	2.7319	3.5442	814.22	-0.0078106	2.6180e-05	0.10891	supercritical
577.69	568.00	153.45	0.0065169	1234.6	1604.8	4.9527	2.7353	3.5467	814.38	-0.0078555	2.6184e-05	0.10906	supercritical
578.69	568.00	153.19	0.0065277	1237.5	1608.3	4.9588	2.7388	3.5492	814.54	-0.0079003	2.6188e-05	0.10921	supercritical
579.69	568.00	152.94	0.0065385	1240.5	1611.9	4.9650	2.7423	3.5517	814.70	-0.0079452	2.6192e-05	0.10936	supercritical
580.69	568.00	152.69	0.0065493	1243.4	1615.4	4.9711	2.7457	3.5542	814.86	-0.0079901	2.6196e-05	0.10951	supercritical
581.69	568.00	152.44	0.0065601	1246.3	1619.0	4.9772	2.7492	3.5567	815.03	-0.0080350	2.6200e-05	0.10966	supercritical
582.69	568.00	152.19	0.0065709	1249.3	1622.5	4.9833	2.7527	3.5592	815.19	-0.0080799	2.6204e-05	0.10980	supercritical
583.69	568.00	151.94	0.0065817	1252.2	1626.1	4.9894	2.7561	3.5617	815.36	-0.0081248	2.6208e-05	0.10995	supercritical
584.69	568.00	151.69	0.0065924	1255.2	1629.6	4.9955	2.7596	3.5642	815.52	-0.0081697	2.6213e-05	0.11011	supercritical
585.69	568.00	151.44	0.0066032	1258.1	1633.2	5.0016	2.7631	3.5667	815.69	-0.0082146	2.6217e-05	0.11026	supercritical
586.69	568.00	151.19	0.0066140	1261.1	1636.8	5.0077	2.7665	3.5693	815.86	-0.0082595	2.6221e-05	0.11041	supercritical
587.69	568.00	150.95	0.0066248	1264.1	1640.3	5.0138	2.7700	3.5718	816.04	-0.0083044	2.6226e-05	0.11056	supercritical
588.69	568.00	150.70	0.0066355	1267.0	1643.9	5.0199	2.7734	3.5743	816.21	-0.0083493	2.6231e-05	0.11071	supercritical
589.69	568.00	150.46	0.0066463	1270.0	1647.5	5.0259	2.7769	3.5769	816.38	-0.0083941	2.6236e-05	0.11086	supercritical
590.69	568.00	150.22	0.0066570	1273.0	1651.1	5.0320	2.7804	3.5794	816.56	-0.0084390	2.6241e-05	0.11102	supercritical
591.69	568.00	149.97	0.0066678	1275.9	1654.7	5.0381	2.7838	3.5819	816.73	-0.0084838	2.6245e-05	0.11117	supercritical
592.69	568.00	149.73	0.0066786	1278.9	1658.2	5.0441	2.7873	3.5845	816.91	-0.0085287	2.6251e-05	0.11132	supercritical
593.69	568.00	149.49	0.0066893	1281.9	1661.8	5.0502	2.7907	3.5870	817.09	-0.0085735	2.6256e-05	0.11148	supercritical
594.69	568.00	149.25	0.0067001	1284.8	1665.4	5.0562	2.7942	3.5896	817.27	-0.0086182	2.6261e-05	0.11163	supercritical
595.69	568.00	149.01	0.0067108	1287.8	1669.0	5.0622	2.7977	3.5922	817.45	-0.0086630	2.6266e-05	0.11179	supercritical
596.69	568.00	148.78	0.0067215	1290.8	1672.6	5.0683	2.8011	3.5947	817.63	-0.0087077	2.6272e-05	0.11194	supercritical
597.69	568.00	148.54	0.0067323	1293.8	1676.2	5.0743	2.8046	3.5973	817.82	-0.0087525	2.6277e-05	0.11210	supercritical
598.69	568.00	148.30	0.0067430	1296.8	1679.8	5.0803	2.8080	3.5999	818.00	-0.0087971	2.6283e-05	0.11225	supercritical
599.69	568.00	148.07	0.0067537	1299.8	1683.4	5.0863	2.8115	3.6024	818.19	-0.0088418	2.6288e-05	0.11241	supercritical
600.69	568.00	147.83	0.0067645	1302.8	1687.0	5.0923	2.8149	3.6050	818.38	-0.0088864	2.6294e-05	0.11256	supercritical
601.69	568.00	147.60	0.0067752	1305.8	1690.6	5.0983	2.8184	3.6076	818.56	-0.0089310	2.6300e-05	0.11272	supercritical
602.69	568.00	147.36	0.0067859	1308.8	1694.2	5.1043	2.8218	3.6102	818.75	-0.0089756	2.6305e-05	0.11288	supercritical
603.69	568.00	147.13	0.0067966	1311.8	1697.8	5.1103	2.8253	3.6127	818.94	-0.0090201	2.6311e-05	0.11304	supercritical
604.69	568.00	146.90	0.0068074	1314.8	1701.4	5.1163	2.8287	3.6153	819.13	-0.0090646	2.6317e-05	0.11320	supercritical
605.69	568.00	146.67	0.0068181	1317.8	1705.1	5.1222	2.8322	3.6179	819.33	-0.0091091	2.6323e-05	0.11335	supercritical
606.69	568.00	146.44	0.0068288	1320.8	1708.7	5.1282	2.8356	3.6205	819.52	-0.0091535	2.6330e-05	0.11351	supercritical
607.69	568.00	146.21	0.0068395	1323.8	1712.3	5.1342	2.8391	3.6231	819.71	-0.0091979	2.6336e-05	0.11367	supercritical
608.69	568.00	145.98	0.0068502	1326.8	1715.9	5.1401	2.8425	3.6257	819.91	-0.0092422	2.6342e-05	0.11383	supercritical
609.69	568.00	145.75	0.0068609	1329.8	1719.5	5.1461	2.8459	3.6283	820.11	-0.0092865	2.6348e-05	0.11399	supercritical
610.69	568.00	145.53	0.0068716	1332.9	1723.2	5.1520	2.8494	3.6309	820.30	-0.0093307	2.6355e-05	0.11415	supercritical
611.69	568.00	145.30	0.0068823	1335.9	1726.8	5.1580	2.8528	3.6335	820.50	-0.0093749	2.6361e-05	0.11431	supercritical
612.69	568.00	145.07	0.0068930	1338.9	1730.4	5.1639	2.8563	3.6361	820.70	-0.0094191	2.6368e-05	0.11447	supercritical
613.69	568.00	144.85	0.0069037	1341.9	1734.1	5.1698	2.8597	3.6387	820.90	-0.0094632	2.6375e-05	0.11463	supercritical
614.69	568.00	144.63	0.0069144	1345.0	1737.7	5.1758	2.8631	3.6414	821.10	-0.0095073	2.6381e-05	0.11480	supercritical
615.69	568.00	144.40	0.0069250	1348.0	1741.4	5.1817	2.8666	3.6440	821.31	-0.0095513	2.6388e-05	0.11496	supercritical
616.69	568.00	144.18	0.0069357	1351.1	1745.0	5.1876	2.8700	3.6466	821.51	-0.0095952	2.6395e-05	0.11512	supercritical
617.69	568.00	143.96	0.0069464	1354.1	1748.7	5.1935	2.8734	3.6492	821.72	-0.0096391	2.6402e-05	0.11528	supercritical
618.69	568.00	143.74	0.0069571	1357.1	1752.3	5.1994	2.8769	3.6518	821.92	-0.0096830	2.6409e-05	0.11545	supercritical
619.69	568.00	143.52	0.0069678	1360.2	1756.0	5.2053	2.8803	3.6545	822.13	-0.0097268	2.6416e-05	0.11561	supercritical
620.69	568.00	143.30	0.0069784	1363.2	1759.6	5.2112	2.8837	3.6571	822.33	-0.0097705	2.6423e-05	0.11577	supercritical
621.69	568.00	143.08	0.0069891	1366.3	1763.3	5.2171	2.8872	3.6597	822.54	-0.0098142	2.6430e-05	0.11594	supercritical
622.69	568.00	142.86	0.0069998	1369.3	1766.9	5.2230	2.8906	3.6624	822.75	-0.0098578	2.6437e-05	0.11610	supercritical
623.69	568.00	142.65	0.0070104	1372.4	1770.6	5.2289	2.8940	3.6650	822.96	-0.0099013	2.6445e-05	0.11627	supercritical
624.69	568.00	142.43	0.0070211	1375.5	1774.3	5.2347	2.8974	3.6676	823.17	-0.0099448	2.6452e-05	0.11643	supercritical