Temperature (K)	Pressure (bar)	Density (kg/m3)	Volume (m3/kg)	Internal Energy (kJ/kg)	Enthalpy (kJ/kg)	Entropy (J/g*K)	Cv (J/g*K)	Cp (J/g*K)	Sound Spd. (m/s)	Joule-Thomson (K/bar)	Viscosity (Pa*s)	Therm. Cond. (W/m*K)	Phase
90.694	802.00	489.80	0.0020417	-101.26	62.478	-1.1016	2.3110	3.1961	1935.6	-0.052884	0.00049556	0.27037	liquid
110.69	802.00	471.56	0.0021206	-44.017	126.06	-0.46803	2.2217	3.1669	1832.9	-0.052853	0.00023317	0.25331	liquid
111.69	802.00	470.66	0.0021247	-41.175	129.22	-0.43955	2.2178	3.1659	1827.7	-0.052835	0.00022690	0.25235	liquid
112.69	802.00	469.76	0.0021287	-38.334	132.39	-0.41134	2.2139	3.1649	1822.5	-0.052817	0.00022097	0.25138	liquid
113.69	802.00	468.87	0.0021328	-35.496	135.55	-0.38338	2.2101	3.1638	1817.3	-0.052797	0.00021535	0.25041	liquid
114.69	802.00	467.97	0.0021369	-32.659	138.72	-0.35568	2.2063	3.1628	1812.1	-0.052777	0.00021002	0.24943	liquid
115.69	802.00	467.08	0.0021409	-29.824	141.88	-0.32823	2.2025	3.1618	1807.0	-0.052757	0.00020496	0.24845	liquid
116.69	802.00	466.19	0.0021450	-26.991	145.04	-0.30102	2.1988	3.1607	1801.8	-0.052736	0.00020014	0.24747	liquid
117.69	802.00	465.30	0.0021491	-24.160	148.20	-0.27406	2.1950	3.1597	1796.6	-0.052714	0.00019557	0.24648	liquid
118.69	802.00	464.41	0.0021533	-21.331	151.36	-0.24733	2.1913	3.1586	1791.5	-0.052691	0.00019121	0.24548	liquid
119.69	802.00	463.52	0.0021574	-18.504	154.52	-0.22083	2.1876	3.1575	1786.4	-0.052668	0.00018706	0.24449	liquid
120.69	802.00	462.64	0.0021615	-15.678	157.68	-0.19457	2.1839	3.1564	1781.2	-0.052645	0.00018310	0.24349	liquid
121.69	802.00	461.75	0.0021657	-12.855	160.83	-0.16853	2.1802	3.1553	1776.1	-0.052621	0.00017931	0.24249	liquid
122.69	802.00	460.87	0.0021698	-10.034	163.99	-0.14271	2.1766	3.1542	1771.0	-0.052596	0.00017570	0.24149	liquid
123.69	802.00	459.98	0.0021740	-7.2144	167.14	-0.11711	2.1730	3.1531	1765.9	-0.052570	0.00017224	0.24049	liquid
124.69	802.00	459.10	0.0021782	-4.3970	170.29	-0.091724	2.1693	3.1520	1760.8	-0.052544	0.00016894	0.23948	liquid
125.69	802.00	458.22	0.0021824	-1.5818	173.44	-0.066551	2.1657	3.1509	1755.7	-0.052518	0.00016577	0.23848	liquid
126.69	802.00	457.34	0.0021866	1.2315	176.59	-0.041587	2.1622	3.1498	1750.7	-0.052491	0.00016273	0.23747	liquid
127.69	802.00	456.46	0.0021908	4.0427	179.74	-0.016828	2.1586	3.1486	1745.6	-0.052463	0.00015981	0.23646	liquid
128.69	802.00	455.58	0.0021950	6.8518	182.89	0.0077293	2.1551	3.1475	1740.6	-0.052435	0.00015701	0.23546	liquid
129.69	802.00	454.70	0.0021992	9.6588	186.04	0.032087	2.1515	3.1463	1735.6	-0.052406	0.00015432	0.23445	liquid
130.69	802.00	453.82	0.0022035	12.464	189.18	0.056249	2.1480	3.1451	1730.6	-0.052376	0.00015173	0.23344	liquid
131.69	802.00	452.95	0.0022078	15.266	192.33	0.080218	2.1445	3.1440	1725.6	-0.052346	0.00014924	0.23244	liquid
132.69	802.00	452.07	0.0022120	18.067	195.47	0.10400	2.1411	3.1428	1720.6	-0.052315	0.00014684	0.23143	liquid
133.69	802.00	451.20	0.0022163	20.866	198.61	0.12759	2.1376	3.1416	1715.6	-0.052284	0.00014452	0.23043	liquid
134.69	802.00	450.33	0.0022206	23.662	201.76	0.15099	2.1342	3.1404	1710.7	-0.052251	0.00014229	0.22943	liquid
135.69	802.00	449.45	0.0022249	26.456	204.90	0.17422	2.1308	3.1392	1705.8	-0.052219	0.00014014	0.22843	liquid
136.69	802.00	448.58	0.0022292	29.248	208.03	0.19727	2.1274	3.1380	1700.9	-0.052185	0.00013806	0.22743	liquid
137.69	802.00	447.71	0.0022336	32.038	211.17	0.22013	2.1240	3.1368	1696.0	-0.052151	0.00013605	0.22643	liquid
138.69	802.00	446.84	0.0022379	34.826	214.31	0.24283	2.1207	3.1356	1691.1	-0.052116	0.00013410	0.22543	liquid
139.69	802.00	445.97	0.0022423	37.611	217.44	0.26535	2.1174	3.1344	1686.2	-0.052081	0.00013222	0.22444	liquid
140.69	802.00	445.11	0.0022467	40.394	220.58	0.28771	2.1141	3.1332	1681.3	-0.052044	0.00013040	0.22345	liquid
141.69	802.00	444.24	0.0022510	43.175	223.71	0.30989	2.1108	3.1320	1676.5	-0.052008	0.00012863	0.22246	liquid
142.69	802.00	443.37	0.0022554	45.954	226.84	0.33191	2.1076	3.1308	1671.7	-0.051970	0.00012692	0.22147	liquid
143.69	802.00	442.51	0.0022599	48.731	229.97	0.35377	2.1043	3.1296	1666.9	-0.051932	0.00012526	0.22049	liquid
144.69	802.00	441.64	0.0022643	51.505	233.10	0.37547	2.1011	3.1284	1662.1	-0.051893	0.00012365	0.21951	liquid
145.69	802.00	440.78	0.0022687	54.277	236.23	0.39702	2.0980	3.1272	1657.3	-0.051853	0.00012208	0.21853	liquid
146.69	802.00	439.92	0.0022732	57.047	239.35	0.41840	2.0948	3.1260	1652.6	-0.051812	0.00012056	0.21756	liquid
147.69	802.00	439.05	0.0022776	59.814	242.48	0.43964	2.0917	3.1248	1647.8	-0.051771	0.00011908	0.21659	liquid
148.69	802.00	438.19	0.0022821	62.580	245.60	0.46072	2.0886	3.1236	1643.1	-0.051729	0.00011765	0.21562	liquid
149.69	802.00	437.33	0.0022866	65.343	248.73	0.48165	2.0855	3.1224	1638.4	-0.051686	0.00011625	0.21465	liquid
150.69	802.00	436.47	0.0022911	68.103	251.85	0.50244	2.0824	3.1212	1633.7	-0.051642	0.00011489	0.21369	liquid
151.69	802.00	435.62	0.0022956	70.862	254.97	0.52308	2.0794	3.1200	1629.1	-0.051598	0.00011356	0.21273	liquid
152.69	802.00	434.76	0.0023001	73.618	258.09	0.54357	2.0764	3.1188	1624.4	-0.051553	0.00011227	0.21178	liquid
153.69	802.00	433.90	0.0023047	76.372	261.21	0.56393	2.0734	3.1176	1619.8	-0.051507	0.00011101	0.21083	liquid
154.69	802.00	433.05	0.0023092	79.124	264.32	0.58414	2.0705	3.1164	1615.2	-0.051460	0.00010978	0.20988	liquid
155.69	802.00	432.19	0.0023138	81.874	267.44	0.60422	2.0676	3.1152	1610.6	-0.051412	0.00010858	0.20894	liquid
156.69	802.00	431.34	0.0023184	84.621	270.55	0.62416	2.0647	3.1140	1606.0	-0.051364	0.00010741	0.20800	liquid
157.69	802.00	430.48	0.0023230	87.366	273.67	0.64396	2.0618	3.1129	1601.5	-0.051314	0.00010627	0.20706	liquid
158.69	802.00	429.63	0.0023276	90.108	276.78	0.66364	2.0589	3.1117	1596.9	-0.051264	0.00010516	0.20613	liquid
159.69	802.00	428.78	0.0023322	92.849	279.89	0.68318	2.0561	3.1105	1592.4	-0.051214	0.00010407	0.20521	liquid
160.69	802.00	427.93	0.0023368	95.587	283.00	0.70259	2.0533	3.1094	1587.9	-0.051162	0.00010300	0.20429	liquid
161.69	802.00	427.08	0.0023415	98.323	286.11	0.72188	2.0506	3.1082	1583.4	-0.051109	0.00010196	0.20337	liquid
162.69	802.00	426.23	0.0023461	101.06	289.22	0.74104	2.0478	3.1071	1578.9	-0.051056	0.00010094	0.20245	liquid
163.69	802.00	425.38	0.0023508	103.79	292.32	0.76008	2.0451	3.1059	1574.5	-0.051002	9.9947e-05	0.20154	liquid
164.69	802.00	424.54	0.0023555	106.52	295.43	0.77899	2.0424	3.1048	1570.1	-0.050946	9.8972e-05	0.20064	liquid
165.69	802.00	423.69	0.0023602	109.24	298.53	0.79778	2.0398	3.1037	1565.6	-0.050891	9.8018e-05	0.19974	liquid
166.69	802.00	422.85	0.0023649	111.97	301.64	0.81645	2.0372	3.1026	1561.2	-0.050834	9.7083e-05	0.19884	liquid
167.69	802.00	422.00	0.0023697	114.69	304.74	0.83501	2.0346	3.1014	1556.9	-0.050776	9.6167e-05	0.19795	liquid
168.69	802.00	421.16	0.0023744	117.41	307.84	0.85344	2.0320	3.1003	1552.5	-0.050718	9.5270e-05	0.19707	liquid
169.69	802.00	420.31	0.0023792	120.13	310.94	0.87176	2.0295	3.0992	1548.2	-0.050658	9.4391e-05	0.19619	liquid
170.69	802.00	419.47	0.0023839	122.84	314.04	0.88997	2.0269	3.0982	1543.8	-0.050598	9.3528e-05	0.19531	liquid
171.69	802.00	418.63	0.0023887	125.56	317.14	0.90806	2.0245	3.0971	1539.5	-0.050537	9.2683e-05	0.19444	liquid
172.69	802.00	417.79	0.0023935	128.27	320.23	0.92605	2.0220	3.0960	1535.3	-0.050475	9.1854e-05	0.19357	liquid
173.69	802.00	416.95	0.0023984	130.98	323.33	0.94392	2.0196	3.0950	1531.0	-0.050412	9.1040e-05	0.19271	liquid
174.69	802.00	416.11	0.0024032	133.69	326.42	0.96168	2.0172	3.0939	1526.7	-0.050348	9.0242e-05	0.19185	liquid
175.69	802.00	415.28	0.0024080	136.39	329.52	0.97934	2.0148	3.0929	1522.5	-0.050284	8.9459e-05	0.19100	liquid
176.69	802.00	414.44	0.0024129	139.09	332.61	0.99689	2.0125	3.0918	1518.3	-0.050218	8.8689e-05	0.19015	liquid
177.69	802.00	413.60	0.0024178	141.79	335.70	1.0143	2.0102	3.0908	1514.1	-0.050152	8.7934e-05	0.18931	liquid
178.69	802.00	412.77	0.0024227	144.49	338.79	1.0317	2.0079	3.0898	1509.9	-0.050085	8.7192e-05	0.18847	liquid
179.69	802.00	411.93	0.0024276	147.19	341.88	1.0489	2.0056	3.0888	1505.8	-0.050017	8.6463e-05	0.18764	liquid
180.69	802.00	411.10	0.0024325	149.88	344.97	1.0661	2.0034	3.0878	1501.6	-0.049948	8.5747e-05	0.18681	liquid
181.69	802.00	410.27	0.0024374	152.57	348.05	1.0831	2.0012	3.0868	1497.5	-0.049878	8.5044e-05	0.18599	liquid
182.69	802.00	409.44	0.0024424	155.26	351.14	1.1000	1.9991	3.0859	1493.4	-0.049807	8.4352e-05	0.18517	liquid
183.69	802.00	408.61	0.0024473	157.95	354.23	1.1169	1.9969	3.0849	1489.3	-0.049736	8.3672e-05	0.18436	liquid
184.69	802.00	407.78	0.0024523	160.63	357.31	1.1336	1.9948	3.0839	1485.3	-0.049663	8.3003e-05	0.18355	liquid
185.69	802.00	406.95	0.0024573	163.32	360.39	1.1503	1.9927	3.0830	1481.2	-0.049590	8.2346e-05	0.18275	liquid
186.69	802.00	406.12	0.0024623	166.00	363.48	1.1668	1.9907	3.0821	1477.2	-0.049516	8.1699e-05	0.18195	liquid
187.69	802.00	405.30	0.0024673	168.68	366.56	1.1833	1.9887	3.0812	1473.2	-0.049441	8.1063e-05	0.18116	liquid
188.69	802.00	404.47	0.0024724	171.35	369.64	1.1997	1.9867	3.0803	1469.2	-0.049365	8.0437e-05	0.18037	liquid
189.69	802.00	403.64	0.0024774	174.03	372.72	1.2159	1.9848	3.0794	1465.3	-0.049288	7.9820e-05	0.17959	liquid
190.69	802.00	402.82	0.0024825	176.70	375.80	1.2321	1.9828	3.0785	1461.3	-0.049211	7.9214e-05	0.17882	supercritical
191.69	802.00	402.00	0.0024876	179.37	378.88	1.2482	1.9809	3.0776	1457.4	-0.049132	7.8617e-05	0.17804	supercritical
192.69	802.00	401.18	0.0024927	182.04	381.95	1.2642	1.9791	3.0767	1453.5	-0.049053	7.8030e-05	0.17728	supercritical
193.69	802.00	400.36	0.0024978	184.71	385.03	1.2802	1.9773	3.0759	1449.6	-0.048973	7.7451e-05	0.17651	supercritical
194.69	802.00	399.54	0.0025029	187.37	388.10	1.2960	1.9755	3.0751	1445.7	-0.048892	7.6882e-05	0.17576	supercritical
195.69	802.00	398.72	0.0025080	190.03	391.18	1.3118	1.9737	3.0742	1441.8	-0.048810	7.6321e-05	0.17501	supercritical
196.69	802.00	397.90	0.0025132	192.69	394.25	1.3274	1.9719	3.0734	1438.0	-0.048727	7.5768e-05	0.17426	supercritical
197.69	802.00	397.08	0.0025184	195.35	397.33	1.3430	1.9702	3.0726	1434.2	-0.048644	7.5223e-05	0.17352	supercritical
198.69	802.00	396.27	0.0025236	198.01	400.40	1.3585	1.9686	3.0719	1430.4	-0.048560	7.4687e-05	0.17278	supercritical
199.69	802.00	395.45	0.0025288	200.66	403.47	1.3739	1.9669	3.0711	1426.6	-0.048475	7.4159e-05	0.17205	supercritical
200.69	802.00	394.64	0.0025340	203.32	406.54	1.3893	1.9653	3.0703	1422.8	-0.048389	7.3638e-05	0.17133	supercritical
201.69	802.00	393.82	0.0025392	205.97	409.61	1.4045	1.9637	3.0696	1419.1	-0.048302	7.3124e-05	0.17061	supercritical
202.69	802.00	393.01	0.0025445	208.61	412.68	1.4197	1.9622	3.0688	1415.3	-0.048214	7.2619e-05	0.16989	supercritical
203.69	802.00	392.20	0.0025497	211.26	415.75	1.4348	1.9606	3.0681	1411.6	-0.048126	7.2120e-05	0.16918	supercritical
204.69	802.00	391.39	0.0025550	213.91	418.82	1.4498	1.9591	3.0674	1407.9	-0.048037	7.1628e-05	0.16848	supercritical
205.69	802.00	390.58	0.0025603	216.55	421.88	1.4648	1.9577	3.0667	1404.3	-0.047947	7.1143e-05	0.16778	supercritical
206.69	802.00	389.77	0.0025656	219.19	424.95	1.4796	1.9563	3.0660	1400.6	-0.047856	7.0665e-05	0.16709	supercritical
207.69	802.00	388.97	0.0025709	221.83	428.01	1.4944	1.9549	3.0654	1397.0	-0.047765	7.0194e-05	0.16640	supercritical
208.69	802.00	388.16	0.0025762	224.46	431.08	1.5092	1.9535	3.0647	1393.4	-0.047672	6.9729e-05	0.16571	supercritical
209.69	802.00	387.36	0.0025816	227.10	434.14	1.5238	1.9522	3.0641	1389.8	-0.047579	6.9271e-05	0.16503	supercritical
210.69	802.00	386.55	0.0025870	229.73	437.21	1.5384	1.9508	3.0634	1386.2	-0.047486	6.8818e-05	0.16436	supercritical
211.69	802.00	385.75	0.0025923	232.36	440.27	1.5529	1.9496	3.0628	1382.6	-0.047391	6.8372e-05	0.16369	supercritical
212.69	802.00	384.95	0.0025977	234.99	443.33	1.5673	1.9483	3.0622	1379.1	-0.047296	6.7932e-05	0.16303	supercritical
213.69	802.00	384.15	0.0026032	237.62	446.40	1.5817	1.9471	3.0616	1375.5	-0.047200	6.7498e-05	0.16237	supercritical
214.69	802.00	383.35	0.0026086	240.25	449.46	1.5960	1.9459	3.0610	1372.0	-0.047103	6.7069e-05	0.16171	supercritical
215.69	802.00	382.55	0.0026140	242.87	452.52	1.6102	1.9448	3.0605	1368.5	-0.047005	6.6646e-05	0.16107	supercritical
216.69	802.00	381.76	0.0026195	245.50	455.58	1.6244	1.9437	3.0599	1365.1	-0.046907	6.6229e-05	0.16042	supercritical
217.69	802.00	380.96	0.0026250	248.12	458.64	1.6384	1.9426	3.0594	1361.6	-0.046808	6.5817e-05	0.15978	supercritical
218.69	802.00	380.16	0.0026304	250.74	461.70	1.6525	1.9415	3.0589	1358.2	-0.046709	6.5410e-05	0.15915	supercritical
219.69	802.00	379.37	0.0026359	253.35	464.75	1.6664	1.9405	3.0584	1354.8	-0.046608	6.5009e-05	0.15852	supercritical
220.69	802.00	378.58	0.0026415	255.97	467.81	1.6803	1.9395	3.0579	1351.4	-0.046507	6.4613e-05	0.15790	supercritical
221.69	802.00	377.79	0.0026470	258.58	470.87	1.6941	1.9385	3.0574	1348.0	-0.046406	6.4222e-05	0.15728	supercritical
222.69	802.00	377.00	0.0026525	261.19	473.93	1.7079	1.9376	3.0569	1344.6	-0.046303	6.3836e-05	0.15667	supercritical
223.69	802.00	376.21	0.0026581	263.80	476.98	1.7216	1.9367	3.0565	1341.3	-0.046200	6.3455e-05	0.15606	supercritical
224.69	802.00	375.42	0.0026637	266.41	480.04	1.7352	1.9358	3.0560	1337.9	-0.046097	6.3078e-05	0.15546	supercritical
225.69	802.00	374.63	0.0026693	269.02	483.10	1.7488	1.9350	3.0556	1334.6	-0.045992	6.2706e-05	0.15486	supercritical
226.69	802.00	373.85	0.0026749	271.63	486.15	1.7623	1.9342	3.0552	1331.3	-0.045888	6.2339e-05	0.15426	supercritical
227.69	802.00	373.06	0.0026805	274.23	489.21	1.7757	1.9334	3.0548	1328.1	-0.045782	6.1977e-05	0.15368	supercritical
228.69	802.00	372.28	0.0026861	276.83	492.26	1.7891	1.9327	3.0544	1324.8	-0.045676	6.1619e-05	0.15309	supercritical
229.69	802.00	371.50	0.0026918	279.43	495.32	1.8025	1.9320	3.0540	1321.6	-0.045569	6.1265e-05	0.15251	supercritical
230.69	802.00	370.72	0.0026975	282.03	498.37	1.8157	1.9313	3.0537	1318.4	-0.045462	6.0916e-05	0.15194	supercritical
231.69	802.00	369.94	0.0027031	284.63	501.42	1.8289	1.9306	3.0533	1315.2	-0.045354	6.0571e-05	0.15137	supercritical
232.69	802.00	369.16	0.0027088	287.23	504.48	1.8421	1.9300	3.0530	1312.0	-0.045246	6.0230e-05	0.15081	supercritical
233.69	802.00	368.39	0.0027146	289.82	507.53	1.8552	1.9294	3.0527	1308.8	-0.045137	5.9893e-05	0.15025	supercritical
234.69	802.00	367.61	0.0027203	292.42	510.58	1.8682	1.9289	3.0524	1305.6	-0.045027	5.9560e-05	0.14969	supercritical
235.69	802.00	366.84	0.0027260	295.01	513.63	1.8812	1.9283	3.0521	1302.5	-0.044917	5.9232e-05	0.14914	supercritical
236.69	802.00	366.06	0.0027318	297.60	516.69	1.8941	1.9278	3.0519	1299.4	-0.044806	5.8907e-05	0.14860	supercritical
237.69	802.00	365.29	0.0027375	300.19	519.74	1.9070	1.9274	3.0516	1296.3	-0.044695	5.8586e-05	0.14806	supercritical
238.69	802.00	364.52	0.0027433	302.77	522.79	1.9198	1.9269	3.0514	1293.2	-0.044584	5.8269e-05	0.14752	supercritical
239.69	802.00	363.75	0.0027491	305.36	525.84	1.9325	1.9265	3.0511	1290.2	-0.044472	5.7956e-05	0.14699	supercritical
240.69	802.00	362.98	0.0027550	307.94	528.89	1.9452	1.9262	3.0509	1287.1	-0.044359	5.7646e-05	0.14646	supercritical
241.69	802.00	362.22	0.0027608	310.53	531.94	1.9579	1.9258	3.0507	1284.1	-0.044246	5.7340e-05	0.14594	supercritical
242.69	802.00	361.45	0.0027666	313.11	534.99	1.9705	1.9255	3.0505	1281.1	-0.044132	5.7037e-05	0.14543	supercritical
243.69	802.00	360.69	0.0027725	315.69	538.04	1.9830	1.9252	3.0504	1278.1	-0.044018	5.6738e-05	0.14491	supercritical
244.69	802.00	359.92	0.0027784	318.27	541.09	1.9955	1.9250	3.0502	1275.1	-0.043904	5.6443e-05	0.14441	supercritical
245.69	802.00	359.16	0.0027842	320.85	544.14	2.0080	1.9248	3.0501	1272.2	-0.043789	5.6151e-05	0.14390	supercritical
246.69	802.00	358.40	0.0027902	323.42	547.19	2.0203	1.9246	3.0499	1269.2	-0.043674	5.5862e-05	0.14340	supercritical
247.69	802.00	357.64	0.0027961	326.00	550.24	2.0327	1.9244	3.0498	1266.3	-0.043558	5.5577e-05	0.14291	supercritical
248.69	802.00	356.89	0.0028020	328.57	553.29	2.0450	1.9243	3.0497	1263.4	-0.043442	5.5295e-05	0.14242	supercritical
249.69	802.00	356.13	0.0028080	331.15	556.34	2.0572	1.9242	3.0496	1260.5	-0.043326	5.5016e-05	0.14194	supercritical
250.69	802.00	355.38	0.0028139	333.72	559.39	2.0694	1.9241	3.0496	1257.6	-0.043209	5.4740e-05	0.14146	supercritical
251.69	802.00	354.62	0.0028199	336.29	562.44	2.0815	1.9241	3.0495	1254.8	-0.043092	5.4467e-05	0.14098	supercritical
252.69	802.00	353.87	0.0028259	338.86	565.49	2.0936	1.9240	3.0495	1252.0	-0.042975	5.4198e-05	0.14051	supercritical
253.69	802.00	353.12	0.0028319	341.42	568.54	2.1057	1.9241	3.0494	1249.1	-0.042857	5.3931e-05	0.14004	supercritical
254.69	802.00	352.37	0.0028379	343.99	571.59	2.1177	1.9241	3.0494	1246.3	-0.042739	5.3668e-05	0.13958	supercritical
255.69	802.00	351.63	0.0028439	346.56	574.64	2.1296	1.9242	3.0494	1243.5	-0.042621	5.3407e-05	0.13912	supercritical
256.69	802.00	350.88	0.0028500	349.12	577.69	2.1415	1.9243	3.0494	1240.8	-0.042502	5.3150e-05	0.13867	supercritical
257.69	802.00	350.14	0.0028560	351.68	580.74	2.1534	1.9244	3.0494	1238.0	-0.042383	5.2895e-05	0.13822	supercritical
258.69	802.00	349.39	0.0028621	354.25	583.79	2.1652	1.9246	3.0495	1235.3	-0.042264	5.2643e-05	0.13777	supercritical
259.69	802.00	348.65	0.0028682	356.81	586.84	2.1770	1.9248	3.0495	1232.6	-0.042144	5.2394e-05	0.13733	supercritical
260.69	802.00	347.91	0.0028743	359.37	589.89	2.1887	1.9250	3.0496	1229.9	-0.042025	5.2147e-05	0.13689	supercritical
261.69	802.00	347.17	0.0028804	361.93	592.94	2.2003	1.9253	3.0497	1227.2	-0.041905	5.1904e-05	0.13646	supercritical
262.69	802.00	346.43	0.0028866	364.49	595.99	2.2120	1.9255	3.0498	1224.5	-0.041785	5.1663e-05	0.13603	supercritical
263.69	802.00	345.70	0.0028927	367.04	599.04	2.2236	1.9258	3.0499	1221.9	-0.041665	5.1424e-05	0.13561	supercritical
264.69	802.00	344.96	0.0028989	369.60	602.09	2.2351	1.9262	3.0500	1219.2	-0.041544	5.1189e-05	0.13519	supercritical
265.69	802.00	344.23	0.0029050	372.15	605.14	2.2466	1.9266	3.0501	1216.6	-0.041423	5.0955e-05	0.13478	supercritical
266.69	802.00	343.50	0.0029112	374.71	608.19	2.2581	1.9269	3.0503	1214.0	-0.041303	5.0725e-05	0.13436	supercritical
267.69	802.00	342.77	0.0029174	377.26	611.24	2.2695	1.9274	3.0504	1211.4	-0.041182	5.0497e-05	0.13396	supercritical
268.69	802.00	342.04	0.0029236	379.81	614.29	2.2809	1.9278	3.0506	1208.9	-0.041060	5.0271e-05	0.13355	supercritical
269.69	802.00	341.31	0.0029298	382.36	617.34	2.2922	1.9283	3.0508	1206.3	-0.040939	5.0048e-05	0.13316	supercritical
270.69	802.00	340.59	0.0029361	384.92	620.39	2.3035	1.9288	3.0510	1203.8	-0.040818	4.9827e-05	0.13276	supercritical
271.69	802.00	339.87	0.0029423	387.46	623.44	2.3147	1.9293	3.0512	1201.3	-0.040696	4.9608e-05	0.13237	supercritical
272.69	802.00	339.14	0.0029486	390.01	626.49	2.3259	1.9299	3.0515	1198.8	-0.040575	4.9392e-05	0.13198	supercritical
273.69	802.00	338.42	0.0029549	392.56	629.54	2.3371	1.9305	3.0517	1196.3	-0.040453	4.9179e-05	0.13160	supercritical
274.69	802.00	337.70	0.0029612	395.11	632.60	2.3482	1.9311	3.0520	1193.8	-0.040331	4.8967e-05	0.13122	supercritical
275.69	802.00	336.99	0.0029675	397.66	635.65	2.3593	1.9317	3.0522	1191.4	-0.040210	4.8758e-05	0.13085	supercritical
276.69	802.00	336.27	0.0029738	400.20	638.70	2.3704	1.9324	3.0525	1188.9	-0.040088	4.8551e-05	0.13048	supercritical
277.69	802.00	335.56	0.0029801	402.75	641.75	2.3814	1.9331	3.0528	1186.5	-0.039966	4.8346e-05	0.13011	supercritical
278.69	802.00	334.84	0.0029865	405.29	644.81	2.3924	1.9338	3.0531	1184.1	-0.039844	4.8143e-05	0.12975	supercritical
279.69	802.00	334.13	0.0029928	407.83	647.86	2.4033	1.9346	3.0534	1181.7	-0.039723	4.7943e-05	0.12939	supercritical
280.69	802.00	333.42	0.0029992	410.38	650.91	2.4142	1.9354	3.0538	1179.3	-0.039601	4.7744e-05	0.12903	supercritical
281.69	802.00	332.71	0.0030056	412.92	653.97	2.4251	1.9362	3.0541	1177.0	-0.039479	4.7548e-05	0.12868	supercritical
282.69	802.00	332.01	0.0030120	415.46	657.02	2.4359	1.9370	3.0545	1174.6	-0.039357	4.7354e-05	0.12833	supercritical
283.69	802.00	331.30	0.0030184	418.00	660.07	2.4467	1.9379	3.0549	1172.3	-0.039236	4.7162e-05	0.12799	supercritical
284.69	802.00	330.60	0.0030248	420.54	663.13	2.4574	1.9387	3.0553	1170.0	-0.039114	4.6972e-05	0.12765	supercritical
285.69	802.00	329.90	0.0030312	423.08	666.19	2.4681	1.9396	3.0557	1167.7	-0.038992	4.6783e-05	0.12731	supercritical
286.69	802.00	329.20	0.0030377	425.62	669.24	2.4788	1.9406	3.0561	1165.4	-0.038871	4.6597e-05	0.12698	supercritical
287.69	802.00	328.50	0.0030441	428.16	672.30	2.4895	1.9415	3.0565	1163.2	-0.038750	4.6413e-05	0.12665	supercritical
288.69	802.00	327.80	0.0030506	430.69	675.35	2.5001	1.9425	3.0569	1160.9	-0.038628	4.6231e-05	0.12633	supercritical
289.69	802.00	327.11	0.0030571	433.23	678.41	2.5106	1.9435	3.0574	1158.7	-0.038507	4.6050e-05	0.12601	supercritical
290.69	802.00	326.41	0.0030636	435.77	681.47	2.5212	1.9446	3.0579	1156.5	-0.038386	4.5871e-05	0.12569	supercritical
291.69	802.00	325.72	0.0030701	438.30	684.53	2.5317	1.9456	3.0583	1154.3	-0.038265	4.5695e-05	0.12537	supercritical
292.69	802.00	325.03	0.0030766	440.84	687.59	2.5422	1.9467	3.0588	1152.1	-0.038144	4.5520e-05	0.12506	supercritical
293.69	802.00	324.34	0.0030832	443.38	690.64	2.5526	1.9478	3.0593	1149.9	-0.038024	4.5347e-05	0.12476	supercritical
294.69	802.00	323.66	0.0030897	445.91	693.70	2.5630	1.9490	3.0599	1147.8	-0.037903	4.5175e-05	0.12445	supercritical
295.69	802.00	322.97	0.0030963	448.45	696.76	2.5734	1.9501	3.0604	1145.6	-0.037783	4.5006e-05	0.12415	supercritical
296.69	802.00	322.29	0.0031028	450.98	699.83	2.5837	1.9513	3.0609	1143.5	-0.037663	4.4838e-05	0.12386	supercritical
297.69	802.00	321.61	0.0031094	453.51	702.89	2.5940	1.9525	3.0615	1141.4	-0.037543	4.4672e-05	0.12356	supercritical
298.69	802.00	320.93	0.0031160	456.05	705.95	2.6043	1.9537	3.0621	1139.3	-0.037424	4.4508e-05	0.12327	supercritical
299.69	802.00	320.25	0.0031226	458.58	709.01	2.6145	1.9550	3.0626	1137.2	-0.037304	4.4345e-05	0.12299	supercritical
300.69	802.00	319.57	0.0031292	461.11	712.07	2.6247	1.9563	3.0632	1135.2	-0.037185	4.4184e-05	0.12271	supercritical
301.69	802.00	318.90	0.0031358	463.64	715.14	2.6349	1.9576	3.0638	1133.1	-0.037066	4.4025e-05	0.12243	supercritical
302.69	802.00	318.22	0.0031425	466.18	718.20	2.6450	1.9589	3.0645	1131.1	-0.036948	4.3867e-05	0.12215	supercritical
303.69	802.00	317.55	0.0031491	468.71	721.27	2.6551	1.9602	3.0651	1129.1	-0.036829	4.3711e-05	0.12188	supercritical
304.69	802.00	316.88	0.0031558	471.24	724.33	2.6652	1.9616	3.0657	1127.1	-0.036711	4.3556e-05	0.12161	supercritical
305.69	802.00	316.21	0.0031624	473.77	727.40	2.6752	1.9630	3.0664	1125.1	-0.036593	4.3403e-05	0.12134	supercritical
306.69	802.00	315.55	0.0031691	476.30	730.46	2.6852	1.9644	3.0670	1123.1	-0.036476	4.3252e-05	0.12108	supercritical
307.69	802.00	314.88	0.0031758	478.83	733.53	2.6952	1.9659	3.0677	1121.1	-0.036358	4.3102e-05	0.12082	supercritical
308.69	802.00	314.22	0.0031825	481.36	736.60	2.7052	1.9673	3.0684	1119.2	-0.036242	4.2954e-05	0.12057	supercritical
309.69	802.00	313.56	0.0031892	483.89	739.67	2.7151	1.9688	3.0691	1117.2	-0.036125	4.2807e-05	0.12031	supercritical
310.69	802.00	312.90	0.0031959	486.42	742.74	2.7250	1.9703	3.0698	1115.3	-0.036009	4.2661e-05	0.12006	supercritical
311.69	802.00	312.24	0.0032027	488.95	745.81	2.7349	1.9718	3.0706	1113.4	-0.035893	4.2518e-05	0.11982	supercritical
312.69	802.00	311.58	0.0032094	491.48	748.88	2.7447	1.9734	3.0713	1111.5	-0.035777	4.2375e-05	0.11957	supercritical
313.69	802.00	310.93	0.0032162	494.01	751.95	2.7545	1.9750	3.0721	1109.7	-0.035662	4.2234e-05	0.11933	supercritical
314.69	802.00	310.28	0.0032229	496.54	755.02	2.7643	1.9765	3.0728	1107.8	-0.035547	4.2095e-05	0.11910	supercritical
315.69	802.00	309.62	0.0032297	499.07	758.10	2.7740	1.9782	3.0736	1106.0	-0.035433	4.1956e-05	0.11886	supercritical
316.69	802.00	308.98	0.0032365	501.60	761.17	2.7838	1.9798	3.0744	1104.1	-0.035319	4.1820e-05	0.11863	supercritical
317.69	802.00	308.33	0.0032433	504.13	764.25	2.7935	1.9814	3.0752	1102.3	-0.035205	4.1684e-05	0.11841	supercritical
318.69	802.00	307.68	0.0032501	506.66	767.32	2.8031	1.9831	3.0760	1100.5	-0.035092	4.1550e-05	0.11818	supercritical
319.69	802.00	307.04	0.0032569	509.19	770.40	2.8128	1.9848	3.0768	1098.7	-0.034979	4.1417e-05	0.11796	supercritical
320.69	802.00	306.40	0.0032637	511.72	773.47	2.8224	1.9865	3.0776	1096.9	-0.034866	4.1286e-05	0.11774	supercritical
321.69	802.00	305.76	0.0032706	514.25	776.55	2.8320	1.9883	3.0785	1095.2	-0.034754	4.1156e-05	0.11753	supercritical
322.69	802.00	305.12	0.0032774	516.78	779.63	2.8415	1.9900	3.0793	1093.4	-0.034643	4.1027e-05	0.11731	supercritical
323.69	802.00	304.48	0.0032843	519.31	782.71	2.8510	1.9918	3.0802	1091.7	-0.034532	4.0900e-05	0.11710	supercritical
324.69	802.00	303.85	0.0032911	521.84	785.79	2.8605	1.9936	3.0811	1090.0	-0.034421	4.0774e-05	0.11690	supercritical
325.69	802.00	303.21	0.0032980	524.37	788.87	2.8700	1.9954	3.0820	1088.2	-0.034311	4.0649e-05	0.11669	supercritical
326.69	802.00	302.58	0.0033049	526.90	791.96	2.8795	1.9972	3.0829	1086.5	-0.034201	4.0525e-05	0.11649	supercritical
327.69	802.00	301.95	0.0033118	529.43	795.04	2.8889	1.9991	3.0838	1084.9	-0.034092	4.0403e-05	0.11629	supercritical
328.69	802.00	301.32	0.0033187	531.96	798.12	2.8983	2.0010	3.0847	1083.2	-0.033983	4.0281e-05	0.11610	supercritical
329.69	802.00	300.70	0.0033256	534.49	801.21	2.9077	2.0029	3.0857	1081.5	-0.033874	4.0161e-05	0.11591	supercritical
330.69	802.00	300.07	0.0033325	537.03	804.29	2.9170	2.0048	3.0866	1079.9	-0.033766	4.0043e-05	0.11572	supercritical
331.69	802.00	299.45	0.0033395	539.56	807.38	2.9263	2.0067	3.0876	1078.3	-0.033659	3.9925e-05	0.11553	supercritical
332.69	802.00	298.83	0.0033464	542.09	810.47	2.9356	2.0087	3.0885	1076.6	-0.033552	3.9809e-05	0.11535	supercritical
333.69	802.00	298.21	0.0033534	544.62	813.56	2.9449	2.0106	3.0895	1075.0	-0.033446	3.9693e-05	0.11516	supercritical
334.69	802.00	297.59	0.0033603	547.15	816.65	2.9541	2.0126	3.0905	1073.5	-0.033340	3.9579e-05	0.11499	supercritical
335.69	802.00	296.98	0.0033673	549.68	819.74	2.9634	2.0146	3.0915	1071.9	-0.033235	3.9466e-05	0.11481	supercritical
336.69	802.00	296.36	0.0033743	552.22	822.83	2.9726	2.0166	3.0925	1070.3	-0.033130	3.9354e-05	0.11464	supercritical
337.69	802.00	295.75	0.0033812	554.75	825.92	2.9817	2.0187	3.0936	1068.8	-0.033025	3.9243e-05	0.11447	supercritical
338.69	802.00	295.14	0.0033882	557.28	829.02	2.9909	2.0207	3.0946	1067.2	-0.032922	3.9134e-05	0.11430	supercritical
339.69	802.00	294.53	0.0033952	559.82	832.11	3.0000	2.0228	3.0956	1065.7	-0.032818	3.9025e-05	0.11413	supercritical
340.69	802.00	293.92	0.0034022	562.35	835.21	3.0091	2.0249	3.0967	1064.2	-0.032716	3.8918e-05	0.11397	supercritical
341.69	802.00	293.32	0.0034093	564.89	838.31	3.0182	2.0270	3.0978	1062.7	-0.032613	3.8811e-05	0.11381	supercritical
342.69	802.00	292.72	0.0034163	567.42	841.41	3.0272	2.0291	3.0988	1061.2	-0.032512	3.8706e-05	0.11365	supercritical
343.69	802.00	292.11	0.0034233	569.96	844.51	3.0363	2.0313	3.0999	1059.7	-0.032411	3.8601e-05	0.11350	supercritical
344.69	802.00	291.52	0.0034304	572.49	847.61	3.0453	2.0334	3.1010	1058.2	-0.032310	3.8498e-05	0.11334	supercritical
345.69	802.00	290.92	0.0034374	575.03	850.71	3.0543	2.0356	3.1021	1056.8	-0.032210	3.8396e-05	0.11319	supercritical
346.69	802.00	290.32	0.0034445	577.56	853.81	3.0632	2.0378	3.1033	1055.3	-0.032111	3.8295e-05	0.11305	supercritical
347.69	802.00	289.73	0.0034515	580.10	856.91	3.0722	2.0400	3.1044	1053.9	-0.032012	3.8194e-05	0.11290	supercritical
348.69	802.00	289.13	0.0034586	582.64	860.02	3.0811	2.0422	3.1056	1052.5	-0.031914	3.8095e-05	0.11276	supercritical
349.69	802.00	288.54	0.0034657	585.18	863.12	3.0900	2.0445	3.1067	1051.1	-0.031816	3.7997e-05	0.11262	supercritical
350.69	802.00	287.96	0.0034728	587.72	866.23	3.0989	2.0467	3.1079	1049.7	-0.031719	3.7900e-05	0.11248	supercritical
351.69	802.00	287.37	0.0034799	590.26	869.34	3.1077	2.0490	3.1090	1048.3	-0.031623	3.7803e-05	0.11235	supercritical
352.69	802.00	286.78	0.0034870	592.80	872.45	3.1165	2.0513	3.1102	1046.9	-0.031527	3.7708e-05	0.11221	supercritical
353.69	802.00	286.20	0.0034941	595.34	875.56	3.1253	2.0536	3.1114	1045.6	-0.031432	3.7613e-05	0.11208	supercritical
354.69	802.00	285.62	0.0035012	597.88	878.67	3.1341	2.0559	3.1126	1044.2	-0.031337	3.7520e-05	0.11195	supercritical
355.69	802.00	285.04	0.0035083	600.42	881.79	3.1429	2.0582	3.1139	1042.9	-0.031243	3.7427e-05	0.11183	supercritical
356.69	802.00	284.46	0.0035154	602.96	884.90	3.1516	2.0606	3.1151	1041.6	-0.031149	3.7336e-05	0.11171	supercritical
357.69	802.00	283.88	0.0035226	605.51	888.02	3.1604	2.0629	3.1163	1040.2	-0.031057	3.7245e-05	0.11158	supercritical
358.69	802.00	283.31	0.0035297	608.05	891.13	3.1691	2.0653	3.1176	1038.9	-0.030964	3.7155e-05	0.11147	supercritical
359.69	802.00	282.73	0.0035369	610.59	894.25	3.1777	2.0677	3.1188	1037.7	-0.030873	3.7066e-05	0.11135	supercritical
360.69	802.00	282.16	0.0035440	613.14	897.37	3.1864	2.0701	3.1201	1036.4	-0.030782	3.6978e-05	0.11123	supercritical
361.69	802.00	281.59	0.0035512	615.69	900.49	3.1950	2.0725	3.1214	1035.1	-0.030691	3.6891e-05	0.11112	supercritical
362.69	802.00	281.03	0.0035584	618.23	903.61	3.2037	2.0750	3.1227	1033.8	-0.030601	3.6804e-05	0.11101	supercritical
363.69	802.00	280.46	0.0035656	620.78	906.74	3.2123	2.0774	3.1240	1032.6	-0.030512	3.6719e-05	0.11090	supercritical
364.69	802.00	279.90	0.0035727	623.33	909.86	3.2208	2.0799	3.1253	1031.4	-0.030424	3.6634e-05	0.11080	supercritical
365.69	802.00	279.33	0.0035799	625.88	912.99	3.2294	2.0824	3.1266	1030.1	-0.030336	3.6550e-05	0.11070	supercritical
366.69	802.00	278.77	0.0035871	628.43	916.11	3.2379	2.0848	3.1279	1028.9	-0.030248	3.6467e-05	0.11059	supercritical
367.69	802.00	278.21	0.0035943	630.98	919.24	3.2465	2.0873	3.1293	1027.7	-0.030162	3.6385e-05	0.11049	supercritical
368.69	802.00	277.66	0.0036016	633.53	922.37	3.2550	2.0899	3.1306	1026.5	-0.030076	3.6304e-05	0.11040	supercritical
369.69	802.00	277.10	0.0036088	636.08	925.50	3.2634	2.0924	3.1320	1025.3	-0.029990	3.6223e-05	0.11030	supercritical
370.69	802.00	276.55	0.0036160	638.63	928.64	3.2719	2.0949	3.1333	1024.2	-0.029905	3.6143e-05	0.11021	supercritical
371.69	802.00	276.00	0.0036232	641.19	931.77	3.2804	2.0975	3.1347	1023.0	-0.029821	3.6064e-05	0.11012	supercritical
372.69	802.00	275.45	0.0036305	643.74	934.91	3.2888	2.1000	3.1361	1021.9	-0.029738	3.5986e-05	0.11003	supercritical
373.69	802.00	274.90	0.0036377	646.30	938.04	3.2972	2.1026	3.1375	1020.7	-0.029655	3.5909e-05	0.10994	supercritical
374.69	802.00	274.35	0.0036450	648.86	941.18	3.3056	2.1052	3.1389	1019.6	-0.029572	3.5832e-05	0.10986	supercritical
375.69	802.00	273.81	0.0036522	651.41	944.32	3.3139	2.1078	3.1403	1018.5	-0.029491	3.5756e-05	0.10978	supercritical
376.69	802.00	273.26	0.0036595	653.97	947.46	3.3223	2.1104	3.1417	1017.4	-0.029410	3.5681e-05	0.10970	supercritical
377.69	802.00	272.72	0.0036667	656.53	950.60	3.3306	2.1131	3.1432	1016.3	-0.029329	3.5607e-05	0.10962	supercritical
378.69	802.00	272.18	0.0036740	659.09	953.75	3.3389	2.1157	3.1446	1015.2	-0.029249	3.5533e-05	0.10954	supercritical
379.69	802.00	271.65	0.0036813	661.66	956.89	3.3472	2.1183	3.1461	1014.1	-0.029170	3.5460e-05	0.10947	supercritical
380.69	802.00	271.11	0.0036886	664.22	960.04	3.3555	2.1210	3.1475	1013.0	-0.029092	3.5388e-05	0.10939	supercritical
381.69	802.00	270.57	0.0036958	666.78	963.19	3.3638	2.1237	3.1490	1012.0	-0.029014	3.5317e-05	0.10932	supercritical
382.69	802.00	270.04	0.0037031	669.35	966.34	3.3720	2.1264	3.1505	1010.9	-0.028937	3.5246e-05	0.10925	supercritical
383.69	802.00	269.51	0.0037104	671.91	969.49	3.3802	2.1291	3.1520	1009.9	-0.028860	3.5176e-05	0.10919	supercritical
384.69	802.00	268.98	0.0037177	674.48	972.64	3.3884	2.1318	3.1535	1008.8	-0.028784	3.5106e-05	0.10912	supercritical
385.69	802.00	268.45	0.0037250	677.05	975.80	3.3966	2.1345	3.1550	1007.8	-0.028709	3.5038e-05	0.10906	supercritical
386.69	802.00	267.93	0.0037324	679.62	978.95	3.4048	2.1372	3.1565	1006.8	-0.028634	3.4970e-05	0.10900	supercritical
387.69	802.00	267.40	0.0037397	682.19	982.11	3.4129	2.1400	3.1581	1005.8	-0.028560	3.4902e-05	0.10894	supercritical
388.69	802.00	266.88	0.0037470	684.76	985.27	3.4211	2.1427	3.1596	1004.8	-0.028487	3.4836e-05	0.10888	supercritical
389.69	802.00	266.36	0.0037543	687.33	988.43	3.4292	2.1455	3.1611	1003.8	-0.028414	3.4770e-05	0.10882	supercritical
390.69	802.00	265.84	0.0037616	689.91	991.59	3.4373	2.1482	3.1627	1002.8	-0.028342	3.4705e-05	0.10877	supercritical
391.69	802.00	265.32	0.0037690	692.48	994.75	3.4454	2.1510	3.1643	1001.9	-0.028270	3.4640e-05	0.10872	supercritical
392.69	802.00	264.81	0.0037763	695.06	997.92	3.4535	2.1538	3.1658	1000.9	-0.028199	3.4576e-05	0.10867	supercritical
393.69	802.00	264.29	0.0037837	697.64	1001.1	3.4615	2.1566	3.1674	999.97	-0.028129	3.4513e-05	0.10862	supercritical
394.69	802.00	263.78	0.0037910	700.22	1004.3	3.4696	2.1594	3.1690	999.03	-0.028059	3.4450e-05	0.10857	supercritical
395.69	802.00	263.27	0.0037984	702.80	1007.4	3.4776	2.1622	3.1706	998.10	-0.027990	3.4388e-05	0.10852	supercritical
396.69	802.00	262.76	0.0038057	705.38	1010.6	3.4856	2.1651	3.1722	997.18	-0.027922	3.4326e-05	0.10848	supercritical
397.69	802.00	262.25	0.0038131	707.96	1013.8	3.4936	2.1679	3.1738	996.27	-0.027854	3.4265e-05	0.10844	supercritical
398.69	802.00	261.75	0.0038205	710.54	1016.9	3.5015	2.1708	3.1755	995.37	-0.027787	3.4205e-05	0.10840	supercritical
399.69	802.00	261.24	0.0038278	713.13	1020.1	3.5095	2.1736	3.1771	994.47	-0.027720	3.4146e-05	0.10836	supercritical
400.69	802.00	260.74	0.0038352	715.71	1023.3	3.5174	2.1765	3.1788	993.59	-0.027654	3.4086e-05	0.10832	supercritical
401.69	802.00	260.24	0.0038426	718.30	1026.5	3.5254	2.1794	3.1804	992.71	-0.027589	3.4028e-05	0.10829	supercritical
402.69	802.00	259.74	0.0038500	720.89	1029.7	3.5333	2.1823	3.1821	991.84	-0.027524	3.3970e-05	0.10825	supercritical
403.69	802.00	259.24	0.0038574	723.48	1032.8	3.5412	2.1852	3.1837	990.98	-0.027460	3.3913e-05	0.10822	supercritical
404.69	802.00	258.75	0.0038648	726.07	1036.0	3.5490	2.1881	3.1854	990.13	-0.027396	3.3856e-05	0.10819	supercritical
405.69	802.00	258.25	0.0038721	728.67	1039.2	3.5569	2.1910	3.1871	989.28	-0.027334	3.3800e-05	0.10816	supercritical
406.69	802.00	257.76	0.0038795	731.26	1042.4	3.5648	2.1939	3.1888	988.45	-0.027271	3.3745e-05	0.10813	supercritical
407.69	802.00	257.27	0.0038869	733.86	1045.6	3.5726	2.1968	3.1905	987.62	-0.027210	3.3690e-05	0.10811	supercritical
408.69	802.00	256.78	0.0038944	736.45	1048.8	3.5804	2.1998	3.1922	986.80	-0.027148	3.3635e-05	0.10808	supercritical
409.69	802.00	256.29	0.0039018	739.05	1052.0	3.5882	2.2027	3.1939	985.99	-0.027088	3.3581e-05	0.10806	supercritical
410.69	802.00	255.81	0.0039092	741.65	1055.2	3.5960	2.2057	3.1957	985.19	-0.027028	3.3528e-05	0.10804	supercritical
411.69	802.00	255.32	0.0039166	744.25	1058.4	3.6038	2.2086	3.1974	984.39	-0.026969	3.3475e-05	0.10802	supercritical
412.69	802.00	254.84	0.0039240	746.86	1061.6	3.6115	2.2116	3.1992	983.61	-0.026910	3.3423e-05	0.10800	supercritical
413.69	802.00	254.36	0.0039314	749.46	1064.8	3.6193	2.2146	3.2009	982.83	-0.026852	3.3371e-05	0.10799	supercritical
414.69	802.00	253.88	0.0039389	752.07	1068.0	3.6270	2.2176	3.2027	982.06	-0.026795	3.3320e-05	0.10797	supercritical
415.69	802.00	253.40	0.0039463	754.68	1071.2	3.6347	2.2206	3.2044	981.29	-0.026738	3.3269e-05	0.10796	supercritical
416.69	802.00	252.93	0.0039537	757.29	1074.4	3.6424	2.2236	3.2062	980.54	-0.026681	3.3219e-05	0.10795	supercritical
417.69	802.00	252.45	0.0039612	759.90	1077.6	3.6501	2.2266	3.2080	979.79	-0.026626	3.3169e-05	0.10793	supercritical
418.69	802.00	251.98	0.0039686	762.51	1080.8	3.6578	2.2296	3.2098	979.05	-0.026570	3.3120e-05	0.10793	supercritical
419.69	802.00	251.51	0.0039761	765.12	1084.0	3.6654	2.2326	3.2116	978.32	-0.026516	3.3072e-05	0.10792	supercritical
420.69	802.00	251.04	0.0039835	767.74	1087.2	3.6731	2.2357	3.2134	977.59	-0.026462	3.3023e-05	0.10791	supercritical
421.69	802.00	250.57	0.0039909	770.35	1090.4	3.6807	2.2387	3.2152	976.87	-0.026408	3.2976e-05	0.10791	supercritical
422.69	802.00	250.10	0.0039984	772.97	1093.6	3.6883	2.2418	3.2171	976.16	-0.026355	3.2929e-05	0.10790	supercritical
423.69	802.00	249.63	0.0040059	775.59	1096.9	3.6959	2.2448	3.2189	975.46	-0.026303	3.2882e-05	0.10790	supercritical
424.69	802.00	249.17	0.0040133	778.21	1100.1	3.7035	2.2479	3.2207	974.76	-0.026251	3.2836e-05	0.10790	supercritical
425.69	802.00	248.71	0.0040208	780.84	1103.3	3.7111	2.2509	3.2226	974.07	-0.026200	3.2790e-05	0.10790	supercritical
426.69	802.00	248.25	0.0040282	783.46	1106.5	3.7187	2.2540	3.2244	973.39	-0.026149	3.2745e-05	0.10790	supercritical
427.69	802.00	247.79	0.0040357	786.09	1109.8	3.7262	2.2571	3.2263	972.72	-0.026099	3.2700e-05	0.10791	supercritical
428.69	802.00	247.33	0.0040432	788.72	1113.0	3.7338	2.2602	3.2282	972.05	-0.026050	3.2656e-05	0.10791	supercritical
429.69	802.00	246.87	0.0040506	791.35	1116.2	3.7413	2.2633	3.2301	971.39	-0.026001	3.2612e-05	0.10792	supercritical
430.69	802.00	246.42	0.0040581	793.98	1119.4	3.7488	2.2664	3.2320	970.74	-0.025952	3.2569e-05	0.10792	supercritical
431.69	802.00	245.97	0.0040656	796.61	1122.7	3.7563	2.2695	3.2338	970.09	-0.025905	3.2526e-05	0.10793	supercritical
432.69	802.00	245.52	0.0040731	799.25	1125.9	3.7638	2.2726	3.2357	969.45	-0.025857	3.2483e-05	0.10794	supercritical
433.69	802.00	245.06	0.0040806	801.88	1129.1	3.7713	2.2757	3.2377	968.82	-0.025810	3.2441e-05	0.10795	supercritical
434.69	802.00	244.62	0.0040880	804.52	1132.4	3.7787	2.2788	3.2396	968.19	-0.025764	3.2400e-05	0.10797	supercritical
435.69	802.00	244.17	0.0040955	807.16	1135.6	3.7862	2.2820	3.2415	967.57	-0.025718	3.2358e-05	0.10798	supercritical
436.69	802.00	243.72	0.0041030	809.81	1138.9	3.7936	2.2851	3.2434	966.96	-0.025673	3.2318e-05	0.10799	supercritical
437.69	802.00	243.28	0.0041105	812.45	1142.1	3.8010	2.2882	3.2454	966.36	-0.025628	3.2277e-05	0.10801	supercritical
438.69	802.00	242.84	0.0041180	815.09	1145.4	3.8084	2.2914	3.2473	965.76	-0.025584	3.2238e-05	0.10803	supercritical
439.69	802.00	242.40	0.0041255	817.74	1148.6	3.8158	2.2945	3.2493	965.16	-0.025540	3.2198e-05	0.10805	supercritical
440.69	802.00	241.96	0.0041330	820.39	1151.9	3.8232	2.2977	3.2512	964.58	-0.025497	3.2159e-05	0.10807	supercritical
441.69	802.00	241.52	0.0041405	823.04	1155.1	3.8306	2.3009	3.2532	964.00	-0.025455	3.2121e-05	0.10809	supercritical
442.69	802.00	241.08	0.0041480	825.69	1158.4	3.8379	2.3040	3.2552	963.43	-0.025413	3.2082e-05	0.10811	supercritical
443.69	802.00	240.65	0.0041555	828.35	1161.6	3.8453	2.3072	3.2572	962.86	-0.025371	3.2045e-05	0.10813	supercritical
444.69	802.00	240.21	0.0041630	831.01	1164.9	3.8526	2.3104	3.2591	962.30	-0.025330	3.2007e-05	0.10816	supercritical
445.69	802.00	239.78	0.0041705	833.66	1168.1	3.8599	2.3136	3.2611	961.74	-0.025289	3.1970e-05	0.10818	supercritical
446.69	802.00	239.35	0.0041780	836.32	1171.4	3.8672	2.3168	3.2631	961.19	-0.025249	3.1934e-05	0.10821	supercritical
447.69	802.00	238.92	0.0041855	838.99	1174.7	3.8745	2.3200	3.2652	960.65	-0.025209	3.1897e-05	0.10824	supercritical
448.69	802.00	238.49	0.0041930	841.65	1177.9	3.8818	2.3232	3.2672	960.12	-0.025170	3.1861e-05	0.10827	supercritical
449.69	802.00	238.07	0.0042005	844.31	1181.2	3.8891	2.3264	3.2692	959.59	-0.025132	3.1826e-05	0.10830	supercritical
450.69	802.00	237.64	0.0042080	846.98	1184.5	3.8964	2.3296	3.2712	959.06	-0.025093	3.1791e-05	0.10833	supercritical
451.69	802.00	237.22	0.0042156	849.65	1187.7	3.9036	2.3328	3.2733	958.54	-0.025056	3.1756e-05	0.10836	supercritical
452.69	802.00	236.79	0.0042231	852.32	1191.0	3.9109	2.3360	3.2753	958.03	-0.025018	3.1722e-05	0.10840	supercritical
453.69	802.00	236.37	0.0042306	855.00	1194.3	3.9181	2.3392	3.2774	957.52	-0.024982	3.1688e-05	0.10843	supercritical
454.69	802.00	235.95	0.0042381	857.67	1197.6	3.9253	2.3425	3.2794	957.02	-0.024945	3.1655e-05	0.10847	supercritical
455.69	802.00	235.54	0.0042456	860.35	1200.8	3.9325	2.3457	3.2815	956.53	-0.024909	3.1621e-05	0.10851	supercritical
456.69	802.00	235.12	0.0042532	863.03	1204.1	3.9397	2.3489	3.2836	956.04	-0.024874	3.1589e-05	0.10855	supercritical
457.69	802.00	234.70	0.0042607	865.71	1207.4	3.9469	2.3522	3.2856	955.56	-0.024839	3.1556e-05	0.10859	supercritical
458.69	802.00	234.29	0.0042682	868.39	1210.7	3.9541	2.3554	3.2877	955.08	-0.024805	3.1524e-05	0.10863	supercritical
459.69	802.00	233.88	0.0042757	871.08	1214.0	3.9612	2.3587	3.2898	954.61	-0.024771	3.1492e-05	0.10867	supercritical
460.69	802.00	233.47	0.0042833	873.76	1217.3	3.9684	2.3619	3.2919	954.14	-0.024737	3.1461e-05	0.10871	supercritical
461.69	802.00	233.06	0.0042908	876.45	1220.6	3.9755	2.3652	3.2940	953.68	-0.024704	3.1430e-05	0.10875	supercritical
462.69	802.00	232.65	0.0042983	879.14	1223.9	3.9827	2.3684	3.2961	953.22	-0.024671	3.1399e-05	0.10880	supercritical
463.69	802.00	232.24	0.0043059	881.84	1227.2	3.9898	2.3717	3.2982	952.77	-0.024639	3.1369e-05	0.10884	supercritical
464.69	802.00	231.84	0.0043134	884.53	1230.5	3.9969	2.3750	3.3003	952.33	-0.024607	3.1339e-05	0.10889	supercritical
465.69	802.00	231.43	0.0043209	887.23	1233.8	4.0040	2.3782	3.3025	951.89	-0.024576	3.1309e-05	0.10894	supercritical
466.69	802.00	231.03	0.0043285	889.93	1237.1	4.0111	2.3815	3.3046	951.46	-0.024545	3.1280e-05	0.10899	supercritical
467.69	802.00	230.63	0.0043360	892.63	1240.4	4.0181	2.3848	3.3067	951.03	-0.024515	3.1251e-05	0.10904	supercritical
468.69	802.00	230.23	0.0043436	895.33	1243.7	4.0252	2.3881	3.3089	950.60	-0.024484	3.1222e-05	0.10909	supercritical
469.69	802.00	229.83	0.0043511	898.04	1247.0	4.0323	2.3914	3.3110	950.18	-0.024455	3.1193e-05	0.10914	supercritical
470.69	802.00	229.43	0.0043586	900.75	1250.3	4.0393	2.3947	3.3132	949.77	-0.024425	3.1165e-05	0.10919	supercritical
471.69	802.00	229.03	0.0043662	903.45	1253.6	4.0463	2.3980	3.3154	949.36	-0.024397	3.1138e-05	0.10925	supercritical
472.69	802.00	228.64	0.0043737	906.17	1256.9	4.0534	2.4013	3.3175	948.96	-0.024368	3.1110e-05	0.10930	supercritical
473.69	802.00	228.24	0.0043813	908.88	1260.3	4.0604	2.4046	3.3197	948.56	-0.024340	3.1083e-05	0.10936	supercritical
474.69	802.00	227.85	0.0043888	911.60	1263.6	4.0674	2.4079	3.3219	948.17	-0.024312	3.1056e-05	0.10941	supercritical
475.69	802.00	227.46	0.0043963	914.31	1266.9	4.0744	2.4112	3.3241	947.78	-0.024285	3.1030e-05	0.10947	supercritical
476.69	802.00	227.07	0.0044039	917.03	1270.2	4.0814	2.4145	3.3263	947.40	-0.024258	3.1004e-05	0.10953	supercritical
477.69	802.00	226.68	0.0044114	919.76	1273.6	4.0883	2.4178	3.3285	947.02	-0.024232	3.0978e-05	0.10959	supercritical
478.69	802.00	226.30	0.0044190	922.48	1276.9	4.0953	2.4211	3.3307	946.65	-0.024206	3.0952e-05	0.10965	supercritical
479.69	802.00	225.91	0.0044265	925.21	1280.2	4.1022	2.4244	3.3329	946.28	-0.024180	3.0927e-05	0.10971	supercritical
480.69	802.00	225.53	0.0044341	927.94	1283.5	4.1092	2.4278	3.3351	945.91	-0.024155	3.0902e-05	0.10977	supercritical
481.69	802.00	225.14	0.0044416	930.67	1286.9	4.1161	2.4311	3.3373	945.55	-0.024130	3.0877e-05	0.10984	supercritical
482.69	802.00	224.76	0.0044492	933.40	1290.2	4.1230	2.4344	3.3396	945.20	-0.024105	3.0853e-05	0.10990	supercritical
483.69	802.00	224.38	0.0044567	936.13	1293.6	4.1300	2.4377	3.3418	944.85	-0.024081	3.0829e-05	0.10997	supercritical
484.69	802.00	224.00	0.0044643	938.87	1296.9	4.1369	2.4411	3.3440	944.50	-0.024057	3.0805e-05	0.11003	supercritical
485.69	802.00	223.62	0.0044718	941.61	1300.3	4.1438	2.4444	3.3463	944.16	-0.024034	3.0781e-05	0.11010	supercritical
486.69	802.00	223.25	0.0044794	944.35	1303.6	4.1506	2.4478	3.3485	943.83	-0.024011	3.0758e-05	0.11017	supercritical
487.69	802.00	222.87	0.0044869	947.10	1306.9	4.1575	2.4511	3.3508	943.50	-0.023988	3.0735e-05	0.11024	supercritical
488.69	802.00	222.49	0.0044945	949.84	1310.3	4.1644	2.4544	3.3530	943.17	-0.023966	3.0712e-05	0.11031	supercritical
489.69	802.00	222.12	0.0045020	952.59	1313.7	4.1712	2.4578	3.3553	942.85	-0.023944	3.0690e-05	0.11038	supercritical
490.69	802.00	221.75	0.0045096	955.34	1317.0	4.1781	2.4611	3.3576	942.53	-0.023922	3.0668e-05	0.11045	supercritical
491.69	802.00	221.38	0.0045171	958.10	1320.4	4.1849	2.4645	3.3598	942.21	-0.023901	3.0646e-05	0.11052	supercritical
492.69	802.00	221.01	0.0045247	960.85	1323.7	4.1918	2.4678	3.3621	941.90	-0.023880	3.0624e-05	0.11059	supercritical
493.69	802.00	220.64	0.0045323	963.61	1327.1	4.1986	2.4712	3.3644	941.60	-0.023859	3.0603e-05	0.11067	supercritical
494.69	802.00	220.27	0.0045398	966.37	1330.5	4.2054	2.4746	3.3667	941.30	-0.023839	3.0582e-05	0.11074	supercritical
495.69	802.00	219.91	0.0045474	969.13	1333.8	4.2122	2.4779	3.3690	941.00	-0.023819	3.0561e-05	0.11082	supercritical
496.69	802.00	219.54	0.0045549	971.89	1337.2	4.2190	2.4813	3.3713	940.71	-0.023799	3.0540e-05	0.11089	supercritical
497.69	802.00	219.18	0.0045625	974.66	1340.6	4.2258	2.4846	3.3736	940.42	-0.023779	3.0520e-05	0.11097	supercritical
498.69	802.00	218.82	0.0045700	977.43	1343.9	4.2325	2.4880	3.3759	940.14	-0.023760	3.0500e-05	0.11105	supercritical
499.69	802.00	218.46	0.0045776	980.20	1347.3	4.2393	2.4914	3.3782	939.86	-0.023742	3.0480e-05	0.11113	supercritical
500.69	802.00	218.10	0.0045851	982.97	1350.7	4.2461	2.4947	3.3806	939.58	-0.023723	3.0460e-05	0.11121	supercritical
501.69	802.00	217.74	0.0045927	985.75	1354.1	4.2528	2.4981	3.3829	939.31	-0.023705	3.0441e-05	0.11129	supercritical
502.69	802.00	217.38	0.0046003	988.53	1357.5	4.2595	2.5015	3.3852	939.04	-0.023688	3.0422e-05	0.11137	supercritical
503.69	802.00	217.02	0.0046078	991.31	1360.9	4.2663	2.5049	3.3875	938.78	-0.023670	3.0403e-05	0.11145	supercritical
504.69	802.00	216.67	0.0046154	994.09	1364.2	4.2730	2.5083	3.3899	938.52	-0.023653	3.0385e-05	0.11153	supercritical
505.69	802.00	216.31	0.0046229	996.88	1367.6	4.2797	2.5116	3.3922	938.26	-0.023636	3.0366e-05	0.11161	supercritical
506.69	802.00	215.96	0.0046305	999.66	1371.0	4.2864	2.5150	3.3946	938.01	-0.023620	3.0348e-05	0.11170	supercritical
507.69	802.00	215.61	0.0046380	1002.5	1374.4	4.2931	2.5184	3.3969	937.76	-0.023603	3.0330e-05	0.11178	supercritical
508.69	802.00	215.26	0.0046456	1005.2	1377.8	4.2998	2.5218	3.3993	937.51	-0.023587	3.0313e-05	0.11187	supercritical
509.69	802.00	214.91	0.0046531	1008.0	1381.2	4.3065	2.5252	3.4017	937.27	-0.023572	3.0295e-05	0.11196	supercritical
510.69	802.00	214.56	0.0046607	1010.8	1384.6	4.3131	2.5286	3.4040	937.04	-0.023556	3.0278e-05	0.11204	supercritical
511.69	802.00	214.21	0.0046683	1013.6	1388.0	4.3198	2.5319	3.4064	936.80	-0.023541	3.0261e-05	0.11213	supercritical
512.69	802.00	213.87	0.0046758	1016.4	1391.4	4.3264	2.5353	3.4088	936.57	-0.023526	3.0244e-05	0.11222	supercritical
513.69	802.00	213.52	0.0046834	1019.2	1394.8	4.3331	2.5387	3.4112	936.35	-0.023512	3.0228e-05	0.11231	supercritical
514.69	802.00	213.18	0.0046909	1022.0	1398.3	4.3397	2.5421	3.4135	936.12	-0.023497	3.0211e-05	0.11240	supercritical
515.69	802.00	212.83	0.0046985	1024.9	1401.7	4.3464	2.5455	3.4159	935.91	-0.023483	3.0195e-05	0.11249	supercritical
516.69	802.00	212.49	0.0047060	1027.7	1405.1	4.3530	2.5489	3.4183	935.69	-0.023470	3.0179e-05	0.11258	supercritical
517.69	802.00	212.15	0.0047136	1030.5	1408.5	4.3596	2.5523	3.4207	935.48	-0.023456	3.0164e-05	0.11267	supercritical
518.69	802.00	211.81	0.0047211	1033.3	1411.9	4.3662	2.5557	3.4231	935.27	-0.023443	3.0148e-05	0.11277	supercritical
519.69	802.00	211.47	0.0047287	1036.1	1415.4	4.3728	2.5591	3.4255	935.07	-0.023430	3.0133e-05	0.11286	supercritical
520.69	802.00	211.14	0.0047363	1038.9	1418.8	4.3794	2.5625	3.4280	934.87	-0.023417	3.0118e-05	0.11295	supercritical
521.69	802.00	210.80	0.0047438	1041.8	1422.2	4.3860	2.5659	3.4304	934.67	-0.023405	3.0103e-05	0.11305	supercritical
522.69	802.00	210.47	0.0047514	1044.6	1425.6	4.3925	2.5693	3.4328	934.47	-0.023393	3.0089e-05	0.11314	supercritical
523.69	802.00	210.13	0.0047589	1047.4	1429.1	4.3991	2.5727	3.4352	934.28	-0.023381	3.0075e-05	0.11324	supercritical
524.69	802.00	209.80	0.0047665	1050.2	1432.5	4.4056	2.5761	3.4376	934.10	-0.023369	3.0060e-05	0.11334	supercritical
525.69	802.00	209.47	0.0047740	1053.1	1436.0	4.4122	2.5795	3.4401	933.91	-0.023358	3.0046e-05	0.11344	supercritical
526.69	802.00	209.14	0.0047816	1055.9	1439.4	4.4187	2.5829	3.4425	933.73	-0.023347	3.0033e-05	0.11353	supercritical
527.69	802.00	208.81	0.0047891	1058.8	1442.8	4.4253	2.5863	3.4450	933.55	-0.023336	3.0019e-05	0.11363	supercritical
528.69	802.00	208.48	0.0047967	1061.6	1446.3	4.4318	2.5898	3.4474	933.38	-0.023325	3.0006e-05	0.11373	supercritical
529.69	802.00	208.15	0.0048042	1064.4	1449.7	4.4383	2.5932	3.4498	933.21	-0.023315	2.9993e-05	0.11383	supercritical
530.69	802.00	207.82	0.0048118	1067.3	1453.2	4.4448	2.5966	3.4523	933.04	-0.023304	2.9980e-05	0.11394	supercritical
531.69	802.00	207.50	0.0048193	1070.1	1456.6	4.4513	2.6000	3.4548	932.88	-0.023294	2.9967e-05	0.11404	supercritical
532.69	802.00	207.17	0.0048269	1073.0	1460.1	4.4578	2.6034	3.4572	932.71	-0.023284	2.9954e-05	0.11414	supercritical
533.69	802.00	206.85	0.0048344	1075.8	1463.6	4.4643	2.6068	3.4597	932.56	-0.023275	2.9942e-05	0.11424	supercritical
534.69	802.00	206.53	0.0048420	1078.7	1467.0	4.4708	2.6102	3.4621	932.40	-0.023266	2.9930e-05	0.11435	supercritical
535.69	802.00	206.21	0.0048495	1081.5	1470.5	4.4772	2.6136	3.4646	932.25	-0.023256	2.9918e-05	0.11445	supercritical
536.69	802.00	205.89	0.0048571	1084.4	1473.9	4.4837	2.6171	3.4671	932.10	-0.023248	2.9906e-05	0.11456	supercritical
537.69	802.00	205.57	0.0048646	1087.3	1477.4	4.4902	2.6205	3.4696	931.95	-0.023239	2.9894e-05	0.11466	supercritical
538.69	802.00	205.25	0.0048722	1090.1	1480.9	4.4966	2.6239	3.4720	931.81	-0.023230	2.9883e-05	0.11477	supercritical
539.69	802.00	204.93	0.0048797	1093.0	1484.4	4.5031	2.6273	3.4745	931.67	-0.023222	2.9871e-05	0.11487	supercritical
540.69	802.00	204.61	0.0048873	1095.9	1487.8	4.5095	2.6307	3.4770	931.53	-0.023214	2.9860e-05	0.11498	supercritical
541.69	802.00	204.30	0.0048948	1098.7	1491.3	4.5159	2.6341	3.4795	931.40	-0.023206	2.9849e-05	0.11509	supercritical
542.69	802.00	203.98	0.0049024	1101.6	1494.8	4.5223	2.6376	3.4820	931.27	-0.023199	2.9839e-05	0.11520	supercritical
543.69	802.00	203.67	0.0049099	1104.5	1498.3	4.5288	2.6410	3.4845	931.14	-0.023191	2.9828e-05	0.11531	supercritical
544.69	802.00	203.36	0.0049174	1107.4	1501.8	4.5352	2.6444	3.4870	931.02	-0.023184	2.9818e-05	0.11542	supercritical
545.69	802.00	203.05	0.0049250	1110.3	1505.2	4.5416	2.6478	3.4895	930.89	-0.023177	2.9808e-05	0.11553	supercritical
546.69	802.00	202.74	0.0049325	1113.1	1508.7	4.5479	2.6512	3.4920	930.77	-0.023170	2.9798e-05	0.11564	supercritical
547.69	802.00	202.43	0.0049401	1116.0	1512.2	4.5543	2.6547	3.4945	930.66	-0.023163	2.9788e-05	0.11575	supercritical
548.69	802.00	202.12	0.0049476	1118.9	1515.7	4.5607	2.6581	3.4971	930.54	-0.023157	2.9778e-05	0.11586	supercritical
549.69	802.00	201.81	0.0049552	1121.8	1519.2	4.5671	2.6615	3.4996	930.43	-0.023150	2.9768e-05	0.11598	supercritical
550.69	802.00	201.50	0.0049627	1124.7	1522.7	4.5734	2.6649	3.5021	930.32	-0.023144	2.9759e-05	0.11609	supercritical
551.69	802.00	201.20	0.0049702	1127.6	1526.2	4.5798	2.6683	3.5046	930.22	-0.023138	2.9750e-05	0.11620	supercritical
552.69	802.00	200.89	0.0049778	1130.5	1529.7	4.5861	2.6718	3.5072	930.11	-0.023133	2.9741e-05	0.11632	supercritical
553.69	802.00	200.59	0.0049853	1133.4	1533.2	4.5925	2.6752	3.5097	930.01	-0.023127	2.9732e-05	0.11643	supercritical
554.69	802.00	200.29	0.0049929	1136.3	1536.8	4.5988	2.6786	3.5122	929.91	-0.023122	2.9723e-05	0.11655	supercritical
555.69	802.00	199.98	0.0050004	1139.2	1540.3	4.6052	2.6820	3.5148	929.82	-0.023117	2.9715e-05	0.11667	supercritical
556.69	802.00	199.68	0.0050079	1142.1	1543.8	4.6115	2.6854	3.5173	929.73	-0.023111	2.9706e-05	0.11678	supercritical
557.69	802.00	199.38	0.0050155	1145.1	1547.3	4.6178	2.6889	3.5199	929.64	-0.023107	2.9698e-05	0.11690	supercritical
558.69	802.00	199.08	0.0050230	1148.0	1550.8	4.6241	2.6923	3.5224	929.55	-0.023102	2.9690e-05	0.11702	supercritical
559.69	802.00	198.79	0.0050305	1150.9	1554.3	4.6304	2.6957	3.5250	929.46	-0.023097	2.9682e-05	0.11714	supercritical
560.69	802.00	198.49	0.0050381	1153.8	1557.9	4.6367	2.6991	3.5275	929.38	-0.023093	2.9674e-05	0.11726	supercritical
561.69	802.00	198.19	0.0050456	1156.7	1561.4	4.6430	2.7026	3.5301	929.30	-0.023089	2.9667e-05	0.11738	supercritical
562.69	802.00	197.90	0.0050531	1159.7	1564.9	4.6493	2.7060	3.5326	929.23	-0.023085	2.9659e-05	0.11750	supercritical
563.69	802.00	197.60	0.0050607	1162.6	1568.5	4.6555	2.7094	3.5352	929.15	-0.023081	2.9652e-05	0.11762	supercritical
564.69	802.00	197.31	0.0050682	1165.5	1572.0	4.6618	2.7128	3.5378	929.08	-0.023077	2.9645e-05	0.11774	supercritical
565.69	802.00	197.02	0.0050757	1168.5	1575.5	4.6681	2.7162	3.5403	929.01	-0.023073	2.9638e-05	0.11786	supercritical
566.69	802.00	196.72	0.0050832	1171.4	1579.1	4.6743	2.7197	3.5429	928.94	-0.023070	2.9631e-05	0.11798	supercritical
567.69	802.00	196.43	0.0050908	1174.3	1582.6	4.6806	2.7231	3.5455	928.88	-0.023067	2.9624e-05	0.11811	supercritical
568.69	802.00	196.14	0.0050983	1177.3	1586.2	4.6868	2.7265	3.5480	928.81	-0.023064	2.9618e-05	0.11823	supercritical
569.69	802.00	195.85	0.0051058	1180.2	1589.7	4.6930	2.7299	3.5506	928.75	-0.023061	2.9611e-05	0.11835	supercritical
570.69	802.00	195.57	0.0051133	1183.2	1593.3	4.6993	2.7333	3.5532	928.69	-0.023058	2.9605e-05	0.11848	supercritical
571.69	802.00	195.28	0.0051209	1186.1	1596.8	4.7055	2.7368	3.5558	928.64	-0.023055	2.9599e-05	0.11860	supercritical
572.69	802.00	194.99	0.0051284	1189.1	1600.4	4.7117	2.7402	3.5584	928.59	-0.023053	2.9593e-05	0.11873	supercritical
573.69	802.00	194.71	0.0051359	1192.0	1603.9	4.7179	2.7436	3.5610	928.53	-0.023050	2.9587e-05	0.11885	supercritical
574.69	802.00	194.42	0.0051434	1195.0	1607.5	4.7241	2.7470	3.5636	928.49	-0.023048	2.9581e-05	0.11898	supercritical
575.69	802.00	194.14	0.0051510	1198.0	1611.1	4.7303	2.7504	3.5662	928.44	-0.023046	2.9575e-05	0.11911	supercritical
576.69	802.00	193.86	0.0051585	1200.9	1614.6	4.7365	2.7539	3.5688	928.39	-0.023044	2.9570e-05	0.11923	supercritical
577.69	802.00	193.57	0.0051660	1203.9	1618.2	4.7427	2.7573	3.5714	928.35	-0.023042	2.9565e-05	0.11936	supercritical
578.69	802.00	193.29	0.0051735	1206.9	1621.8	4.7489	2.7607	3.5740	928.31	-0.023040	2.9559e-05	0.11949	supercritical
579.69	802.00	193.01	0.0051810	1209.8	1625.4	4.7551	2.7641	3.5766	928.27	-0.023038	2.9554e-05	0.11962	supercritical
580.69	802.00	192.73	0.0051885	1212.8	1628.9	4.7612	2.7675	3.5792	928.24	-0.023037	2.9550e-05	0.11975	supercritical
581.69	802.00	192.45	0.0051961	1215.8	1632.5	4.7674	2.7709	3.5818	928.21	-0.023036	2.9545e-05	0.11988	supercritical
582.69	802.00	192.18	0.0052036	1218.8	1636.1	4.7735	2.7744	3.5844	928.17	-0.023034	2.9540e-05	0.12001	supercritical
583.69	802.00	191.90	0.0052111	1221.8	1639.7	4.7797	2.7778	3.5870	928.15	-0.023033	2.9536e-05	0.12014	supercritical
584.69	802.00	191.62	0.0052186	1224.7	1643.3	4.7858	2.7812	3.5896	928.12	-0.023032	2.9531e-05	0.12027	supercritical
585.69	802.00	191.35	0.0052261	1227.7	1646.9	4.7920	2.7846	3.5922	928.09	-0.023031	2.9527e-05	0.12040	supercritical
586.69	802.00	191.07	0.0052336	1230.7	1650.5	4.7981	2.7880	3.5949	928.07	-0.023031	2.9523e-05	0.12053	supercritical
587.69	802.00	190.80	0.0052411	1233.7	1654.1	4.8042	2.7914	3.5975	928.05	-0.023030	2.9519e-05	0.12067	supercritical
588.69	802.00	190.53	0.0052486	1236.7	1657.7	4.8103	2.7948	3.6001	928.03	-0.023029	2.9515e-05	0.12080	supercritical
589.69	802.00	190.25	0.0052561	1239.7	1661.3	4.8165	2.7983	3.6027	928.01	-0.023029	2.9511e-05	0.12093	supercritical
590.69	802.00	189.98	0.0052636	1242.7	1664.9	4.8226	2.8017	3.6054	928.00	-0.023029	2.9507e-05	0.12107	supercritical
591.69	802.00	189.71	0.0052712	1245.7	1668.5	4.8287	2.8051	3.6080	927.99	-0.023029	2.9504e-05	0.12120	supercritical
592.69	802.00	189.44	0.0052787	1248.7	1672.1	4.8348	2.8085	3.6106	927.98	-0.023029	2.9500e-05	0.12134	supercritical
593.69	802.00	189.17	0.0052862	1251.7	1675.7	4.8408	2.8119	3.6133	927.97	-0.023029	2.9497e-05	0.12147	supercritical
594.69	802.00	188.91	0.0052937	1254.8	1679.3	4.8469	2.8153	3.6159	927.96	-0.023029	2.9494e-05	0.12161	supercritical
595.69	802.00	188.64	0.0053012	1257.8	1682.9	4.8530	2.8187	3.6185	927.96	-0.023029	2.9491e-05	0.12175	supercritical
596.69	802.00	188.37	0.0053087	1260.8	1686.5	4.8591	2.8221	3.6212	927.95	-0.023029	2.9488e-05	0.12188	supercritical
597.69	802.00	188.11	0.0053162	1263.8	1690.2	4.8651	2.8255	3.6238	927.95	-0.023030	2.9485e-05	0.12202	supercritical
598.69	802.00	187.84	0.0053237	1266.8	1693.8	4.8712	2.8289	3.6265	927.95	-0.023030	2.9482e-05	0.12216	supercritical
599.69	802.00	187.58	0.0053312	1269.9	1697.4	4.8773	2.8323	3.6291	927.95	-0.023031	2.9480e-05	0.12230	supercritical
600.69	802.00	187.31	0.0053387	1272.9	1701.0	4.8833	2.8357	3.6318	927.96	-0.023032	2.9477e-05	0.12243	supercritical
601.69	802.00	187.05	0.0053461	1275.9	1704.7	4.8893	2.8391	3.6344	927.97	-0.023032	2.9475e-05	0.12257	supercritical
602.69	802.00	186.79	0.0053536	1279.0	1708.3	4.8954	2.8425	3.6371	927.97	-0.023033	2.9473e-05	0.12271	supercritical
603.69	802.00	186.53	0.0053611	1282.0	1712.0	4.9014	2.8459	3.6397	927.98	-0.023034	2.9471e-05	0.12285	supercritical
604.69	802.00	186.27	0.0053686	1285.0	1715.6	4.9074	2.8493	3.6424	928.00	-0.023036	2.9468e-05	0.12299	supercritical
605.69	802.00	186.01	0.0053761	1288.1	1719.2	4.9135	2.8527	3.6450	928.01	-0.023037	2.9467e-05	0.12313	supercritical
606.69	802.00	185.75	0.0053836	1291.1	1722.9	4.9195	2.8561	3.6477	928.02	-0.023038	2.9465e-05	0.12327	supercritical
607.69	802.00	185.49	0.0053911	1294.2	1726.5	4.9255	2.8595	3.6504	928.04	-0.023039	2.9463e-05	0.12342	supercritical
608.69	802.00	185.23	0.0053986	1297.2	1730.2	4.9315	2.8629	3.6530	928.06	-0.023041	2.9461e-05	0.12356	supercritical
609.69	802.00	184.98	0.0054061	1300.3	1733.8	4.9375	2.8663	3.6557	928.08	-0.023042	2.9460e-05	0.12370	supercritical
610.69	802.00	184.72	0.0054135	1303.3	1737.5	4.9435	2.8697	3.6584	928.10	-0.023044	2.9459e-05	0.12384	supercritical
611.69	802.00	184.47	0.0054210	1306.4	1741.2	4.9495	2.8731	3.6610	928.13	-0.023046	2.9457e-05	0.12399	supercritical
612.69	802.00	184.21	0.0054285	1309.5	1744.8	4.9555	2.8765	3.6637	928.15	-0.023048	2.9456e-05	0.12413	supercritical
613.69	802.00	183.96	0.0054360	1312.5	1748.5	4.9614	2.8799	3.6664	928.18	-0.023050	2.9455e-05	0.12427	supercritical
614.69	802.00	183.71	0.0054435	1315.6	1752.2	4.9674	2.8833	3.6691	928.21	-0.023052	2.9454e-05	0.12442	supercritical
615.69	802.00	183.45	0.0054510	1318.7	1755.8	4.9734	2.8867	3.6717	928.24	-0.023054	2.9453e-05	0.12456	supercritical
616.69	802.00	183.20	0.0054584	1321.7	1759.5	4.9793	2.8901	3.6744	928.27	-0.023056	2.9452e-05	0.12471	supercritical
617.69	802.00	182.95	0.0054659	1324.8	1763.2	4.9853	2.8935	3.6771	928.31	-0.023058	2.9452e-05	0.12485	supercritical
618.69	802.00	182.70	0.0054734	1327.9	1766.9	4.9912	2.8968	3.6798	928.34	-0.023060	2.9451e-05	0.12500	supercritical
619.69	802.00	182.45	0.0054809	1331.0	1770.5	4.9972	2.9002	3.6824	928.38	-0.023063	2.9451e-05	0.12515	supercritical
620.69	802.00	182.20	0.0054883	1334.1	1774.2	5.0031	2.9036	3.6851	928.42	-0.023065	2.9450e-05	0.12529	supercritical
621.69	802.00	181.96	0.0054958	1337.1	1777.9	5.0091	2.9070	3.6878	928.46	-0.023068	2.9450e-05	0.12544	supercritical
622.69	802.00	181.71	0.0055033	1340.2	1781.6	5.0150	2.9104	3.6905	928.50	-0.023070	2.9450e-05	0.12559	supercritical
623.69	802.00	181.46	0.0055107	1343.3	1785.3	5.0209	2.9138	3.6932	928.54	-0.023073	2.9450e-05	0.12574	supercritical
624.69	802.00	181.22	0.0055182	1346.4	1789.0	5.0268	2.9171	3.6959	928.59	-0.023075	2.9450e-05	0.12588	supercritical