Temperature (K)	Pressure (bar)	Density (kg/m3)	Volume (m3/kg)	Internal Energy (kJ/kg)	Enthalpy (kJ/kg)	Entropy (J/g*K)	Cv (J/g*K)	Cp (J/g*K)	Sound Spd. (m/s)	Joule-Thomson (K/bar)	Viscosity (Pa*s)	Therm. Cond. (W/m*K)	Phase
90.694	650.00	483.97	0.0020662	-97.521	36.784	-1.0407	2.2894	3.2064	1875.2	-0.052713	0.00043792	0.26032	liquid
106.69	650.00	468.60	0.0021340	-50.790	87.921	-0.52142	2.2139	3.1894	1786.6	-0.052408	0.00023841	0.24614	liquid
107.69	650.00	467.65	0.0021383	-47.883	91.110	-0.49167	2.2098	3.1888	1781.0	-0.052373	0.00023157	0.24516	liquid
108.69	650.00	466.70	0.0021427	-44.977	94.298	-0.46220	2.2057	3.1881	1775.4	-0.052336	0.00022511	0.24417	liquid
109.69	650.00	465.75	0.0021471	-42.073	97.486	-0.43301	2.2017	3.1875	1769.8	-0.052298	0.00021900	0.24317	liquid
110.69	650.00	464.80	0.0021515	-39.171	100.67	-0.40408	2.1977	3.1869	1764.1	-0.052259	0.00021321	0.24217	liquid
111.69	650.00	463.85	0.0021559	-36.270	103.86	-0.37542	2.1937	3.1863	1758.5	-0.052219	0.00020773	0.24116	liquid
112.69	650.00	462.91	0.0021603	-33.371	107.05	-0.34703	2.1898	3.1857	1752.9	-0.052178	0.00020253	0.24015	liquid
113.69	650.00	461.96	0.0021647	-30.473	110.23	-0.31888	2.1858	3.1851	1747.3	-0.052137	0.00019759	0.23913	liquid
114.69	650.00	461.01	0.0021691	-27.577	113.42	-0.29099	2.1819	3.1845	1741.7	-0.052094	0.00019289	0.23810	liquid
115.69	650.00	460.07	0.0021736	-24.683	116.60	-0.26335	2.1781	3.1839	1736.1	-0.052050	0.00018843	0.23708	liquid
116.69	650.00	459.13	0.0021781	-21.790	119.78	-0.23595	2.1742	3.1832	1730.5	-0.052006	0.00018417	0.23605	liquid
117.69	650.00	458.18	0.0021825	-18.898	122.97	-0.20879	2.1704	3.1826	1725.0	-0.051961	0.00018011	0.23502	liquid
118.69	650.00	457.24	0.0021870	-16.009	126.15	-0.18187	2.1665	3.1819	1719.4	-0.051914	0.00017624	0.23398	liquid
119.69	650.00	456.30	0.0021916	-13.121	129.33	-0.15518	2.1627	3.1813	1713.8	-0.051867	0.00017254	0.23295	liquid
120.69	650.00	455.35	0.0021961	-10.234	132.51	-0.12871	2.1590	3.1806	1708.3	-0.051819	0.00016900	0.23191	liquid
121.69	650.00	454.41	0.0022006	-7.3496	135.69	-0.10247	2.1552	3.1799	1702.7	-0.051770	0.00016562	0.23087	liquid
122.69	650.00	453.47	0.0022052	-4.4666	138.87	-0.076450	2.1515	3.1792	1697.2	-0.051721	0.00016237	0.22982	liquid
123.69	650.00	452.53	0.0022098	-1.5854	142.05	-0.050646	2.1477	3.1785	1691.7	-0.051670	0.00015927	0.22878	liquid
124.69	650.00	451.59	0.0022144	1.2941	145.23	-0.025056	2.1440	3.1778	1686.2	-0.051619	0.00015628	0.22774	liquid
125.69	650.00	450.66	0.0022190	4.1718	148.41	0.00032495	2.1404	3.1771	1680.7	-0.051566	0.00015342	0.22670	liquid
126.69	650.00	449.72	0.0022236	7.0478	151.58	0.025499	2.1367	3.1764	1675.2	-0.051513	0.00015067	0.22565	liquid
127.69	650.00	448.78	0.0022283	9.9219	154.76	0.050469	2.1331	3.1757	1669.8	-0.051459	0.00014802	0.22461	liquid
128.69	650.00	447.84	0.0022329	12.794	157.93	0.075238	2.1295	3.1749	1664.3	-0.051404	0.00014547	0.22357	liquid
129.69	650.00	446.91	0.0022376	15.665	161.11	0.099810	2.1259	3.1742	1658.9	-0.051348	0.00014302	0.22252	liquid
130.69	650.00	445.97	0.0022423	18.533	164.28	0.12419	2.1223	3.1734	1653.5	-0.051291	0.00014065	0.22148	liquid
131.69	650.00	445.04	0.0022470	21.400	167.46	0.14837	2.1187	3.1727	1648.1	-0.051232	0.00013837	0.22044	liquid
132.69	650.00	444.10	0.0022517	24.265	170.63	0.17237	2.1152	3.1719	1642.7	-0.051174	0.00013616	0.21940	liquid
133.69	650.00	443.17	0.0022565	27.128	173.80	0.19618	2.1117	3.1711	1637.3	-0.051114	0.00013404	0.21837	liquid
134.69	650.00	442.23	0.0022612	29.989	176.97	0.21981	2.1082	3.1703	1631.9	-0.051053	0.00013198	0.21733	liquid
135.69	650.00	441.30	0.0022660	32.849	180.14	0.24326	2.1047	3.1696	1626.6	-0.050991	0.00012999	0.21630	liquid
136.69	650.00	440.37	0.0022708	35.706	183.31	0.26653	2.1013	3.1688	1621.2	-0.050927	0.00012806	0.21527	liquid
137.69	650.00	439.44	0.0022756	38.561	186.48	0.28962	2.0979	3.1680	1615.9	-0.050863	0.00012620	0.21424	liquid
138.69	650.00	438.51	0.0022805	41.415	189.65	0.31254	2.0945	3.1672	1610.6	-0.050798	0.00012439	0.21321	liquid
139.69	650.00	437.58	0.0022853	44.266	192.81	0.33529	2.0911	3.1664	1605.4	-0.050732	0.00012264	0.21219	liquid
140.69	650.00	436.65	0.0022902	47.116	195.98	0.35788	2.0878	3.1656	1600.1	-0.050665	0.00012094	0.21117	liquid
141.69	650.00	435.72	0.0022951	49.963	199.14	0.38030	2.0845	3.1648	1594.8	-0.050596	0.00011929	0.21015	liquid
142.69	650.00	434.79	0.0023000	52.809	202.31	0.40255	2.0812	3.1641	1589.6	-0.050527	0.00011769	0.20913	liquid
143.69	650.00	433.86	0.0023049	55.653	205.47	0.42464	2.0779	3.1633	1584.4	-0.050456	0.00011613	0.20812	liquid
144.69	650.00	432.93	0.0023098	58.494	208.63	0.44658	2.0747	3.1625	1579.2	-0.050384	0.00011462	0.20711	liquid
145.69	650.00	432.00	0.0023148	61.334	211.80	0.46836	2.0714	3.1617	1574.0	-0.050311	0.00011315	0.20611	liquid
146.69	650.00	431.07	0.0023198	64.171	214.96	0.48998	2.0683	3.1609	1568.9	-0.050237	0.00011172	0.20511	liquid
147.69	650.00	430.15	0.0023248	67.007	218.12	0.51145	2.0651	3.1601	1563.7	-0.050162	0.00011032	0.20411	liquid
148.69	650.00	429.22	0.0023298	69.841	221.28	0.53277	2.0619	3.1593	1558.6	-0.050086	0.00010897	0.20311	liquid
149.69	650.00	428.29	0.0023348	72.672	224.44	0.55395	2.0588	3.1585	1553.5	-0.050008	0.00010764	0.20212	liquid
150.69	650.00	427.37	0.0023399	75.502	227.59	0.57498	2.0557	3.1578	1548.4	-0.049929	0.00010636	0.20114	liquid
151.69	650.00	426.44	0.0023450	78.329	230.75	0.59586	2.0527	3.1570	1543.3	-0.049849	0.00010510	0.20015	liquid
152.69	650.00	425.52	0.0023501	81.155	233.91	0.61660	2.0497	3.1562	1538.3	-0.049768	0.00010387	0.19917	liquid
153.69	650.00	424.60	0.0023552	83.978	237.06	0.63720	2.0467	3.1555	1533.3	-0.049686	0.00010268	0.19820	liquid
154.69	650.00	423.67	0.0023603	86.800	240.22	0.65766	2.0437	3.1547	1528.2	-0.049602	0.00010151	0.19723	liquid
155.69	650.00	422.75	0.0023655	89.619	243.37	0.67799	2.0407	3.1539	1523.2	-0.049517	0.00010037	0.19626	liquid
156.69	650.00	421.83	0.0023706	92.437	246.53	0.69818	2.0378	3.1532	1518.3	-0.049431	9.9255e-05	0.19530	liquid
157.69	650.00	420.91	0.0023758	95.252	249.68	0.71823	2.0349	3.1524	1513.3	-0.049344	9.8166e-05	0.19435	liquid
158.69	650.00	419.99	0.0023810	98.065	252.83	0.73816	2.0320	3.1517	1508.4	-0.049255	9.7102e-05	0.19339	liquid
159.69	650.00	419.06	0.0023863	100.88	255.98	0.75795	2.0292	3.1509	1503.5	-0.049165	9.6061e-05	0.19245	liquid
160.69	650.00	418.14	0.0023915	103.69	259.13	0.77762	2.0264	3.1502	1498.6	-0.049074	9.5043e-05	0.19150	liquid
161.69	650.00	417.22	0.0023968	106.49	262.28	0.79716	2.0236	3.1495	1493.7	-0.048982	9.4047e-05	0.19057	liquid
162.69	650.00	416.30	0.0024021	109.30	265.43	0.81658	2.0209	3.1488	1488.8	-0.048888	9.3072e-05	0.18963	liquid
163.69	650.00	415.39	0.0024074	112.10	268.58	0.83587	2.0181	3.1480	1484.0	-0.048793	9.2118e-05	0.18871	liquid
164.69	650.00	414.47	0.0024127	114.90	271.73	0.85504	2.0155	3.1473	1479.2	-0.048697	9.1184e-05	0.18778	liquid
165.69	650.00	413.55	0.0024181	117.70	274.88	0.87409	2.0128	3.1466	1474.4	-0.048599	9.0268e-05	0.18686	liquid
166.69	650.00	412.63	0.0024235	120.50	278.02	0.89302	2.0102	3.1459	1469.6	-0.048500	8.9371e-05	0.18595	liquid
167.69	650.00	411.72	0.0024289	123.29	281.17	0.91184	2.0075	3.1453	1464.8	-0.048400	8.8492e-05	0.18504	liquid
168.69	650.00	410.80	0.0024343	126.09	284.31	0.93053	2.0050	3.1446	1460.1	-0.048298	8.7631e-05	0.18414	liquid
169.69	650.00	409.88	0.0024397	128.88	287.46	0.94912	2.0024	3.1439	1455.3	-0.048196	8.6786e-05	0.18324	liquid
170.69	650.00	408.97	0.0024452	131.67	290.60	0.96759	1.9999	3.1432	1450.6	-0.048091	8.5958e-05	0.18235	liquid
171.69	650.00	408.06	0.0024506	134.45	293.74	0.98595	1.9974	3.1426	1446.0	-0.047986	8.5145e-05	0.18146	liquid
172.69	650.00	407.14	0.0024561	137.24	296.89	1.0042	1.9950	3.1419	1441.3	-0.047879	8.4348e-05	0.18058	liquid
173.69	650.00	406.23	0.0024617	140.02	300.03	1.0223	1.9925	3.1413	1436.7	-0.047771	8.3565e-05	0.17970	liquid
174.69	650.00	405.32	0.0024672	142.80	303.17	1.0404	1.9901	3.1407	1432.0	-0.047662	8.2797e-05	0.17883	liquid
175.69	650.00	404.40	0.0024728	145.58	306.31	1.0583	1.9878	3.1401	1427.4	-0.047551	8.2043e-05	0.17796	liquid
176.69	650.00	403.49	0.0024784	148.36	309.45	1.0761	1.9854	3.1394	1422.9	-0.047439	8.1303e-05	0.17710	liquid
177.69	650.00	402.58	0.0024840	151.13	312.59	1.0938	1.9831	3.1388	1418.3	-0.047326	8.0576e-05	0.17624	liquid
178.69	650.00	401.67	0.0024896	153.90	315.73	1.1114	1.9808	3.1382	1413.8	-0.047211	7.9862e-05	0.17539	liquid
179.69	650.00	400.76	0.0024953	156.67	318.86	1.1290	1.9786	3.1376	1409.2	-0.047095	7.9160e-05	0.17455	liquid
180.69	650.00	399.85	0.0025009	159.44	322.00	1.1464	1.9764	3.1371	1404.7	-0.046978	7.8471e-05	0.17371	liquid
181.69	650.00	398.94	0.0025066	162.21	325.14	1.1637	1.9742	3.1365	1400.3	-0.046859	7.7793e-05	0.17287	liquid
182.69	650.00	398.03	0.0025123	164.97	328.28	1.1809	1.9720	3.1359	1395.8	-0.046739	7.7128e-05	0.17205	liquid
183.69	650.00	397.13	0.0025181	167.74	331.41	1.1980	1.9699	3.1354	1391.4	-0.046618	7.6473e-05	0.17122	liquid
184.69	650.00	396.22	0.0025238	170.50	334.55	1.2150	1.9678	3.1348	1387.0	-0.046495	7.5829e-05	0.17041	liquid
185.69	650.00	395.31	0.0025296	173.25	337.68	1.2320	1.9658	3.1343	1382.6	-0.046371	7.5196e-05	0.16959	liquid
186.69	650.00	394.41	0.0025354	176.01	340.81	1.2488	1.9637	3.1338	1378.2	-0.046246	7.4574e-05	0.16879	liquid
187.69	650.00	393.50	0.0025413	178.77	343.95	1.2655	1.9617	3.1333	1373.8	-0.046120	7.3962e-05	0.16799	liquid
188.69	650.00	392.60	0.0025471	181.52	347.08	1.2822	1.9598	3.1327	1369.5	-0.045992	7.3359e-05	0.16719	liquid
189.69	650.00	391.70	0.0025530	184.27	350.21	1.2987	1.9578	3.1322	1365.2	-0.045863	7.2767e-05	0.16640	liquid
190.69	650.00	390.79	0.0025589	187.02	353.35	1.3152	1.9559	3.1318	1360.9	-0.045732	7.2183e-05	0.16562	supercritical
191.69	650.00	389.89	0.0025648	189.76	356.48	1.3316	1.9540	3.1313	1356.6	-0.045601	7.1609e-05	0.16484	supercritical
192.69	650.00	388.99	0.0025708	192.51	359.61	1.3479	1.9522	3.1308	1352.4	-0.045468	7.1044e-05	0.16406	supercritical
193.69	650.00	388.09	0.0025767	195.25	362.74	1.3641	1.9504	3.1303	1348.1	-0.045334	7.0488e-05	0.16330	supercritical
194.69	650.00	387.19	0.0025827	197.99	365.87	1.3802	1.9486	3.1299	1343.9	-0.045198	6.9941e-05	0.16253	supercritical
195.69	650.00	386.29	0.0025887	200.73	369.00	1.3962	1.9468	3.1295	1339.8	-0.045062	6.9402e-05	0.16177	supercritical
196.69	650.00	385.39	0.0025947	203.47	372.13	1.4122	1.9451	3.1290	1335.6	-0.044924	6.8871e-05	0.16102	supercritical
197.69	650.00	384.50	0.0026008	206.20	375.26	1.4280	1.9434	3.1286	1331.4	-0.044785	6.8348e-05	0.16028	supercritical
198.69	650.00	383.60	0.0026069	208.94	378.38	1.4438	1.9418	3.1282	1327.3	-0.044644	6.7833e-05	0.15954	supercritical
199.69	650.00	382.70	0.0026130	211.67	381.51	1.4595	1.9401	3.1278	1323.2	-0.044503	6.7326e-05	0.15880	supercritical
200.69	650.00	381.81	0.0026191	214.40	384.64	1.4751	1.9385	3.1274	1319.1	-0.044360	6.6826e-05	0.15807	supercritical
201.69	650.00	380.91	0.0026253	217.13	387.77	1.4907	1.9370	3.1270	1315.1	-0.044216	6.6334e-05	0.15735	supercritical
202.69	650.00	380.02	0.0026314	219.85	390.89	1.5062	1.9354	3.1266	1311.1	-0.044071	6.5849e-05	0.15663	supercritical
203.69	650.00	379.13	0.0026376	222.57	394.02	1.5215	1.9339	3.1262	1307.0	-0.043924	6.5371e-05	0.15592	supercritical
204.69	650.00	378.24	0.0026439	225.30	397.15	1.5369	1.9325	3.1259	1303.0	-0.043777	6.4900e-05	0.15521	supercritical
205.69	650.00	377.34	0.0026501	228.02	400.27	1.5521	1.9310	3.1255	1299.1	-0.043628	6.4435e-05	0.15451	supercritical
206.69	650.00	376.45	0.0026564	230.73	403.40	1.5672	1.9296	3.1252	1295.1	-0.043478	6.3978e-05	0.15381	supercritical
207.69	650.00	375.57	0.0026627	233.45	406.52	1.5823	1.9283	3.1249	1291.2	-0.043327	6.3527e-05	0.15312	supercritical
208.69	650.00	374.68	0.0026690	236.16	409.65	1.5973	1.9269	3.1245	1287.3	-0.043175	6.3082e-05	0.15243	supercritical
209.69	650.00	373.79	0.0026753	238.88	412.77	1.6123	1.9256	3.1242	1283.4	-0.043022	6.2643e-05	0.15175	supercritical
210.69	650.00	372.90	0.0026817	241.59	415.90	1.6271	1.9243	3.1239	1279.5	-0.042868	6.2211e-05	0.15108	supercritical
211.69	650.00	372.02	0.0026880	244.30	419.02	1.6419	1.9231	3.1236	1275.7	-0.042712	6.1785e-05	0.15041	supercritical
212.69	650.00	371.13	0.0026945	247.00	422.14	1.6566	1.9219	3.1234	1271.9	-0.042556	6.1364e-05	0.14975	supercritical
213.69	650.00	370.25	0.0027009	249.71	425.27	1.6713	1.9207	3.1231	1268.0	-0.042398	6.0950e-05	0.14909	supercritical
214.69	650.00	369.37	0.0027073	252.41	428.39	1.6859	1.9195	3.1228	1264.3	-0.042239	6.0541e-05	0.14844	supercritical
215.69	650.00	368.49	0.0027138	255.11	431.51	1.7004	1.9184	3.1226	1260.5	-0.042080	6.0137e-05	0.14779	supercritical
216.69	650.00	367.60	0.0027203	257.81	434.63	1.7148	1.9173	3.1223	1256.8	-0.041919	5.9739e-05	0.14715	supercritical
217.69	650.00	366.72	0.0027268	260.51	437.76	1.7292	1.9162	3.1221	1253.1	-0.041758	5.9347e-05	0.14651	supercritical
218.69	650.00	365.85	0.0027334	263.21	440.88	1.7435	1.9152	3.1218	1249.4	-0.041595	5.8960e-05	0.14588	supercritical
219.69	650.00	364.97	0.0027400	265.90	444.00	1.7578	1.9142	3.1216	1245.7	-0.041431	5.8578e-05	0.14525	supercritical
220.69	650.00	364.09	0.0027466	268.60	447.12	1.7719	1.9133	3.1214	1242.0	-0.041267	5.8201e-05	0.14463	supercritical
221.69	650.00	363.22	0.0027532	271.29	450.24	1.7860	1.9123	3.1212	1238.4	-0.041101	5.7829e-05	0.14402	supercritical
222.69	650.00	362.34	0.0027598	273.98	453.36	1.8001	1.9114	3.1210	1234.8	-0.040935	5.7461e-05	0.14341	supercritical
223.69	650.00	361.47	0.0027665	276.66	456.49	1.8141	1.9106	3.1208	1231.2	-0.040767	5.7099e-05	0.14280	supercritical
224.69	650.00	360.60	0.0027732	279.35	459.61	1.8280	1.9097	3.1206	1227.6	-0.040599	5.6742e-05	0.14220	supercritical
225.69	650.00	359.73	0.0027799	282.03	462.73	1.8418	1.9089	3.1205	1224.1	-0.040430	5.6389e-05	0.14161	supercritical
226.69	650.00	358.86	0.0027866	284.72	465.85	1.8556	1.9081	3.1203	1220.6	-0.040260	5.6040e-05	0.14102	supercritical
227.69	650.00	357.99	0.0027934	287.40	468.97	1.8694	1.9074	3.1201	1217.1	-0.040089	5.5697e-05	0.14044	supercritical
228.69	650.00	357.12	0.0028002	290.07	472.09	1.8830	1.9067	3.1200	1213.6	-0.039918	5.5357e-05	0.13986	supercritical
229.69	650.00	356.25	0.0028070	292.75	475.21	1.8967	1.9060	3.1198	1210.1	-0.039745	5.5022e-05	0.13929	supercritical
230.69	650.00	355.39	0.0028138	295.43	478.33	1.9102	1.9054	3.1197	1206.7	-0.039572	5.4691e-05	0.13872	supercritical
231.69	650.00	354.52	0.0028207	298.10	481.45	1.9237	1.9047	3.1196	1203.3	-0.039398	5.4365e-05	0.13816	supercritical
232.69	650.00	353.66	0.0028276	300.77	484.57	1.9371	1.9042	3.1195	1199.9	-0.039223	5.4042e-05	0.13760	supercritical
233.69	650.00	352.80	0.0028345	303.44	487.69	1.9505	1.9036	3.1194	1196.5	-0.039048	5.3724e-05	0.13705	supercritical
234.69	650.00	351.94	0.0028414	306.11	490.80	1.9638	1.9031	3.1193	1193.2	-0.038872	5.3410e-05	0.13650	supercritical
235.69	650.00	351.08	0.0028484	308.78	493.92	1.9771	1.9026	3.1192	1189.8	-0.038695	5.3099e-05	0.13596	supercritical
236.69	650.00	350.22	0.0028553	311.45	497.04	1.9903	1.9021	3.1191	1186.5	-0.038518	5.2793e-05	0.13542	supercritical
237.69	650.00	349.37	0.0028623	314.11	500.16	2.0035	1.9017	3.1190	1183.2	-0.038340	5.2490e-05	0.13489	supercritical
238.69	650.00	348.51	0.0028694	316.77	503.28	2.0166	1.9013	3.1190	1180.0	-0.038161	5.2191e-05	0.13436	supercritical
239.69	650.00	347.66	0.0028764	319.43	506.40	2.0296	1.9009	3.1189	1176.7	-0.037982	5.1896e-05	0.13384	supercritical
240.69	650.00	346.80	0.0028835	322.09	509.52	2.0426	1.9006	3.1189	1173.5	-0.037802	5.1604e-05	0.13333	supercritical
241.69	650.00	345.95	0.0028906	324.75	512.64	2.0555	1.9003	3.1188	1170.3	-0.037621	5.1316e-05	0.13281	supercritical
242.69	650.00	345.10	0.0028977	327.41	515.76	2.0684	1.9000	3.1188	1167.1	-0.037440	5.1031e-05	0.13231	supercritical
243.69	650.00	344.26	0.0029048	330.06	518.88	2.0812	1.8998	3.1187	1163.9	-0.037259	5.0750e-05	0.13181	supercritical
244.69	650.00	343.41	0.0029120	332.72	521.99	2.0940	1.8995	3.1187	1160.8	-0.037077	5.0473e-05	0.13131	supercritical
245.69	650.00	342.56	0.0029192	335.37	525.11	2.1067	1.8994	3.1187	1157.7	-0.036895	5.0198e-05	0.13082	supercritical
246.69	650.00	341.72	0.0029264	338.02	528.23	2.1194	1.8992	3.1187	1154.6	-0.036712	4.9927e-05	0.13033	supercritical
247.69	650.00	340.88	0.0029336	340.67	531.35	2.1320	1.8991	3.1187	1151.5	-0.036528	4.9660e-05	0.12985	supercritical
248.69	650.00	340.04	0.0029409	343.31	534.47	2.1445	1.8990	3.1187	1148.5	-0.036345	4.9395e-05	0.12937	supercritical
249.69	650.00	339.20	0.0029481	345.96	537.59	2.1571	1.8989	3.1187	1145.4	-0.036161	4.9134e-05	0.12890	supercritical
250.69	650.00	338.36	0.0029555	348.60	540.71	2.1695	1.8989	3.1187	1142.4	-0.035976	4.8876e-05	0.12843	supercritical
251.69	650.00	337.52	0.0029628	351.24	543.83	2.1819	1.8989	3.1188	1139.4	-0.035791	4.8621e-05	0.12797	supercritical
252.69	650.00	336.69	0.0029701	353.89	546.94	2.1943	1.8989	3.1188	1136.4	-0.035606	4.8368e-05	0.12751	supercritical
253.69	650.00	335.85	0.0029775	356.53	550.06	2.2066	1.8990	3.1189	1133.5	-0.035421	4.8119e-05	0.12705	supercritical
254.69	650.00	335.02	0.0029849	359.16	553.18	2.2189	1.8991	3.1189	1130.6	-0.035235	4.7873e-05	0.12661	supercritical
255.69	650.00	334.19	0.0029923	361.80	556.30	2.2311	1.8992	3.1190	1127.7	-0.035050	4.7630e-05	0.12616	supercritical
256.69	650.00	333.36	0.0029997	364.44	559.42	2.2433	1.8993	3.1190	1124.8	-0.034864	4.7390e-05	0.12572	supercritical
257.69	650.00	332.53	0.0030072	367.07	562.54	2.2554	1.8995	3.1191	1121.9	-0.034677	4.7152e-05	0.12529	supercritical
258.69	650.00	331.71	0.0030147	369.70	565.66	2.2675	1.8997	3.1192	1119.1	-0.034491	4.6917e-05	0.12486	supercritical
259.69	650.00	330.89	0.0030222	372.33	568.78	2.2795	1.8999	3.1193	1116.2	-0.034304	4.6685e-05	0.12443	supercritical
260.69	650.00	330.06	0.0030297	374.96	571.90	2.2915	1.9002	3.1193	1113.4	-0.034118	4.6456e-05	0.12401	supercritical
261.69	650.00	329.24	0.0030373	377.59	575.02	2.3035	1.9005	3.1194	1110.6	-0.033931	4.6229e-05	0.12359	supercritical
262.69	650.00	328.42	0.0030448	380.22	578.14	2.3154	1.9008	3.1195	1107.9	-0.033744	4.6005e-05	0.12318	supercritical
263.69	650.00	327.61	0.0030524	382.85	581.25	2.3272	1.9011	3.1197	1105.1	-0.033557	4.5784e-05	0.12277	supercritical
264.69	650.00	326.79	0.0030601	385.47	584.37	2.3390	1.9015	3.1198	1102.4	-0.033370	4.5565e-05	0.12237	supercritical
265.69	650.00	325.98	0.0030677	388.09	587.49	2.3508	1.9019	3.1199	1099.7	-0.033183	4.5349e-05	0.12197	supercritical
266.69	650.00	325.17	0.0030754	390.72	590.61	2.3625	1.9024	3.1200	1097.0	-0.032996	4.5135e-05	0.12158	supercritical
267.69	650.00	324.36	0.0030830	393.34	593.73	2.3742	1.9028	3.1202	1094.4	-0.032809	4.4923e-05	0.12119	supercritical
268.69	650.00	323.55	0.0030907	395.96	596.85	2.3858	1.9033	3.1203	1091.7	-0.032622	4.4715e-05	0.12080	supercritical
269.69	650.00	322.74	0.0030985	398.57	599.97	2.3974	1.9038	3.1204	1089.1	-0.032436	4.4508e-05	0.12042	supercritical
270.69	650.00	321.94	0.0031062	401.19	603.10	2.4090	1.9044	3.1206	1086.5	-0.032249	4.4304e-05	0.12004	supercritical
271.69	650.00	321.13	0.0031140	403.81	606.22	2.4205	1.9049	3.1208	1083.9	-0.032063	4.4102e-05	0.11967	supercritical
272.69	650.00	320.33	0.0031218	406.42	609.34	2.4319	1.9055	3.1209	1081.4	-0.031876	4.3902e-05	0.11930	supercritical
273.69	650.00	319.53	0.0031296	409.04	612.46	2.4434	1.9062	3.1211	1078.8	-0.031690	4.3705e-05	0.11894	supercritical
274.69	650.00	318.73	0.0031374	411.65	615.58	2.4547	1.9068	3.1213	1076.3	-0.031504	4.3510e-05	0.11858	supercritical
275.69	650.00	317.94	0.0031453	414.26	618.70	2.4661	1.9075	3.1215	1073.8	-0.031318	4.3317e-05	0.11822	supercritical
276.69	650.00	317.14	0.0031531	416.87	621.82	2.4774	1.9082	3.1217	1071.3	-0.031133	4.3127e-05	0.11787	supercritical
277.69	650.00	316.35	0.0031610	419.48	624.94	2.4887	1.9090	3.1219	1068.9	-0.030948	4.2938e-05	0.11752	supercritical
278.69	650.00	315.56	0.0031689	422.08	628.07	2.4999	1.9097	3.1221	1066.4	-0.030763	4.2752e-05	0.11718	supercritical
279.69	650.00	314.77	0.0031769	424.69	631.19	2.5111	1.9105	3.1223	1064.0	-0.030578	4.2568e-05	0.11684	supercritical
280.69	650.00	313.99	0.0031848	427.30	634.31	2.5222	1.9113	3.1225	1061.6	-0.030394	4.2385e-05	0.11650	supercritical
281.69	650.00	313.20	0.0031928	429.90	637.43	2.5333	1.9122	3.1227	1059.2	-0.030210	4.2205e-05	0.11617	supercritical
282.69	650.00	312.42	0.0032008	432.50	640.56	2.5444	1.9130	3.1230	1056.9	-0.030026	4.2027e-05	0.11585	supercritical
283.69	650.00	311.64	0.0032088	435.11	643.68	2.5554	1.9139	3.1232	1054.5	-0.029843	4.1851e-05	0.11552	supercritical
284.69	650.00	310.86	0.0032169	437.71	646.80	2.5664	1.9148	3.1234	1052.2	-0.029660	4.1677e-05	0.11520	supercritical
285.69	650.00	310.09	0.0032249	440.31	649.93	2.5773	1.9158	3.1237	1049.9	-0.029478	4.1505e-05	0.11489	supercritical
286.69	650.00	309.31	0.0032330	442.91	653.05	2.5883	1.9168	3.1240	1047.6	-0.029296	4.1335e-05	0.11458	supercritical
287.69	650.00	308.54	0.0032411	445.50	656.17	2.5991	1.9178	3.1242	1045.3	-0.029115	4.1166e-05	0.11427	supercritical
288.69	650.00	307.77	0.0032492	448.10	659.30	2.6100	1.9188	3.1245	1043.1	-0.028934	4.1000e-05	0.11397	supercritical
289.69	650.00	307.00	0.0032573	450.70	662.42	2.6208	1.9198	3.1248	1040.9	-0.028754	4.0835e-05	0.11367	supercritical
290.69	650.00	306.23	0.0032655	453.29	665.55	2.6315	1.9209	3.1251	1038.6	-0.028574	4.0673e-05	0.11337	supercritical
291.69	650.00	305.47	0.0032736	455.89	668.67	2.6423	1.9220	3.1253	1036.5	-0.028395	4.0512e-05	0.11308	supercritical
292.69	650.00	304.71	0.0032818	458.48	671.80	2.6530	1.9231	3.1256	1034.3	-0.028216	4.0353e-05	0.11279	supercritical
293.69	650.00	303.95	0.0032900	461.07	674.92	2.6636	1.9243	3.1259	1032.1	-0.028038	4.0195e-05	0.11250	supercritical
294.69	650.00	303.19	0.0032983	463.66	678.05	2.6743	1.9254	3.1262	1030.0	-0.027860	4.0040e-05	0.11222	supercritical
295.69	650.00	302.43	0.0033065	466.25	681.18	2.6849	1.9266	3.1266	1027.9	-0.027684	3.9886e-05	0.11195	supercritical
296.69	650.00	301.68	0.0033148	468.84	684.30	2.6954	1.9279	3.1269	1025.8	-0.027507	3.9734e-05	0.11167	supercritical
297.69	650.00	300.93	0.0033231	471.43	687.43	2.7059	1.9291	3.1272	1023.7	-0.027332	3.9583e-05	0.11140	supercritical
298.69	650.00	300.18	0.0033314	474.02	690.56	2.7164	1.9304	3.1276	1021.6	-0.027157	3.9434e-05	0.11114	supercritical
299.69	650.00	299.43	0.0033397	476.61	693.69	2.7269	1.9317	3.1279	1019.6	-0.026983	3.9287e-05	0.11087	supercritical
300.69	650.00	298.68	0.0033480	479.19	696.81	2.7373	1.9330	3.1282	1017.6	-0.026810	3.9141e-05	0.11061	supercritical
301.69	650.00	297.94	0.0033564	481.78	699.94	2.7477	1.9343	3.1286	1015.6	-0.026637	3.8998e-05	0.11036	supercritical
302.69	650.00	297.20	0.0033647	484.36	703.07	2.7580	1.9357	3.1290	1013.6	-0.026466	3.8855e-05	0.11010	supercritical
303.69	650.00	296.46	0.0033731	486.95	706.20	2.7684	1.9371	3.1293	1011.6	-0.026294	3.8714e-05	0.10986	supercritical
304.69	650.00	295.72	0.0033815	489.53	709.33	2.7786	1.9385	3.1297	1009.6	-0.026124	3.8575e-05	0.10961	supercritical
305.69	650.00	294.99	0.0033900	492.11	712.46	2.7889	1.9399	3.1301	1007.7	-0.025955	3.8437e-05	0.10937	supercritical
306.69	650.00	294.26	0.0033984	494.69	715.59	2.7991	1.9413	3.1305	1005.8	-0.025786	3.8301e-05	0.10913	supercritical
307.69	650.00	293.52	0.0034069	497.27	718.72	2.8093	1.9428	3.1309	1003.9	-0.025618	3.8167e-05	0.10890	supercritical
308.69	650.00	292.80	0.0034153	499.85	721.85	2.8195	1.9443	3.1313	1002.0	-0.025452	3.8033e-05	0.10866	supercritical
309.69	650.00	292.07	0.0034238	502.43	724.98	2.8296	1.9458	3.1317	1000.1	-0.025286	3.7902e-05	0.10843	supercritical
310.69	650.00	291.35	0.0034323	505.01	728.11	2.8397	1.9474	3.1321	998.28	-0.025120	3.7771e-05	0.10821	supercritical
311.69	650.00	290.63	0.0034409	507.59	731.25	2.8498	1.9489	3.1326	996.44	-0.024956	3.7643e-05	0.10799	supercritical
312.69	650.00	289.91	0.0034494	510.17	734.38	2.8598	1.9505	3.1330	994.63	-0.024793	3.7515e-05	0.10777	supercritical
313.69	650.00	289.19	0.0034580	512.75	737.51	2.8698	1.9521	3.1334	992.83	-0.024630	3.7389e-05	0.10755	supercritical
314.69	650.00	288.47	0.0034665	515.32	740.65	2.8798	1.9538	3.1339	991.04	-0.024469	3.7264e-05	0.10734	supercritical
315.69	650.00	287.76	0.0034751	517.90	743.78	2.8897	1.9554	3.1343	989.28	-0.024309	3.7141e-05	0.10713	supercritical
316.69	650.00	287.05	0.0034837	520.47	746.92	2.8996	1.9571	3.1348	987.53	-0.024149	3.7019e-05	0.10693	supercritical
317.69	650.00	286.34	0.0034923	523.05	750.05	2.9095	1.9588	3.1353	985.79	-0.023990	3.6899e-05	0.10672	supercritical
318.69	650.00	285.64	0.0035010	525.62	753.19	2.9194	1.9605	3.1358	984.08	-0.023833	3.6779e-05	0.10653	supercritical
319.69	650.00	284.93	0.0035096	528.20	756.32	2.9292	1.9622	3.1362	982.38	-0.023676	3.6662e-05	0.10633	supercritical
320.69	650.00	284.23	0.0035183	530.77	759.46	2.9390	1.9640	3.1367	980.69	-0.023521	3.6545e-05	0.10614	supercritical
321.69	650.00	283.53	0.0035270	533.34	762.60	2.9488	1.9657	3.1372	979.02	-0.023366	3.6430e-05	0.10595	supercritical
322.69	650.00	282.83	0.0035356	535.92	765.73	2.9585	1.9675	3.1377	977.37	-0.023213	3.6315e-05	0.10576	supercritical
323.69	650.00	282.14	0.0035444	538.49	768.87	2.9682	1.9693	3.1383	975.74	-0.023060	3.6203e-05	0.10557	supercritical
324.69	650.00	281.45	0.0035531	541.06	772.01	2.9779	1.9712	3.1388	974.12	-0.022909	3.6091e-05	0.10539	supercritical
325.69	650.00	280.76	0.0035618	543.63	775.15	2.9875	1.9730	3.1393	972.51	-0.022759	3.5981e-05	0.10521	supercritical
326.69	650.00	280.07	0.0035706	546.20	778.29	2.9972	1.9749	3.1399	970.92	-0.022610	3.5871e-05	0.10504	supercritical
327.69	650.00	279.38	0.0035793	548.77	781.43	3.0068	1.9768	3.1404	969.35	-0.022462	3.5764e-05	0.10487	supercritical
328.69	650.00	278.70	0.0035881	551.34	784.57	3.0163	1.9787	3.1410	967.79	-0.022315	3.5657e-05	0.10470	supercritical
329.69	650.00	278.02	0.0035969	553.91	787.71	3.0259	1.9806	3.1415	966.25	-0.022169	3.5551e-05	0.10453	supercritical
330.69	650.00	277.34	0.0036057	556.48	790.85	3.0354	1.9826	3.1421	964.72	-0.022024	3.5447e-05	0.10437	supercritical
331.69	650.00	276.66	0.0036145	559.05	793.99	3.0449	1.9845	3.1427	963.21	-0.021880	3.5343e-05	0.10420	supercritical
332.69	650.00	275.99	0.0036233	561.62	797.14	3.0543	1.9865	3.1433	961.71	-0.021738	3.5241e-05	0.10405	supercritical
333.69	650.00	275.32	0.0036322	564.19	800.28	3.0638	1.9885	3.1439	960.23	-0.021596	3.5140e-05	0.10389	supercritical
334.69	650.00	274.65	0.0036410	566.76	803.43	3.0732	1.9905	3.1445	958.76	-0.021456	3.5040e-05	0.10374	supercritical
335.69	650.00	273.98	0.0036499	569.33	806.57	3.0826	1.9926	3.1451	957.31	-0.021317	3.4941e-05	0.10359	supercritical
336.69	650.00	273.31	0.0036588	571.89	809.72	3.0919	1.9946	3.1457	955.87	-0.021179	3.4844e-05	0.10344	supercritical
337.69	650.00	272.65	0.0036677	574.46	812.86	3.1012	1.9967	3.1464	954.45	-0.021042	3.4747e-05	0.10330	supercritical
338.69	650.00	271.99	0.0036766	577.03	816.01	3.1106	1.9988	3.1470	953.04	-0.020906	3.4651e-05	0.10315	supercritical
339.69	650.00	271.33	0.0036855	579.60	819.16	3.1198	2.0009	3.1476	951.65	-0.020772	3.4557e-05	0.10301	supercritical
340.69	650.00	270.68	0.0036944	582.16	822.30	3.1291	2.0030	3.1483	950.27	-0.020639	3.4463e-05	0.10288	supercritical
341.69	650.00	270.02	0.0037034	584.73	825.45	3.1383	2.0052	3.1490	948.90	-0.020507	3.4371e-05	0.10274	supercritical
342.69	650.00	269.37	0.0037123	587.30	828.60	3.1475	2.0073	3.1496	947.55	-0.020376	3.4279e-05	0.10261	supercritical
343.69	650.00	268.72	0.0037213	589.87	831.75	3.1567	2.0095	3.1503	946.21	-0.020246	3.4189e-05	0.10248	supercritical
344.69	650.00	268.08	0.0037303	592.43	834.90	3.1658	2.0117	3.1510	944.89	-0.020118	3.4100e-05	0.10236	supercritical
345.69	650.00	267.43	0.0037393	595.00	838.05	3.1750	2.0139	3.1517	943.58	-0.019990	3.4011e-05	0.10223	supercritical
346.69	650.00	266.79	0.0037483	597.57	841.21	3.1841	2.0161	3.1524	942.28	-0.019864	3.3924e-05	0.10211	supercritical
347.69	650.00	266.15	0.0037573	600.14	844.36	3.1932	2.0184	3.1532	941.00	-0.019739	3.3837e-05	0.10199	supercritical
348.69	650.00	265.51	0.0037663	602.70	847.51	3.2022	2.0206	3.1539	939.73	-0.019616	3.3751e-05	0.10188	supercritical
349.69	650.00	264.88	0.0037753	605.27	850.67	3.2113	2.0229	3.1546	938.47	-0.019493	3.3667e-05	0.10176	supercritical
350.69	650.00	264.24	0.0037844	607.84	853.82	3.2203	2.0252	3.1554	937.23	-0.019372	3.3583e-05	0.10165	supercritical
351.69	650.00	263.61	0.0037934	610.40	856.98	3.2292	2.0275	3.1561	936.00	-0.019252	3.3500e-05	0.10154	supercritical
352.69	650.00	262.99	0.0038025	612.97	860.13	3.2382	2.0298	3.1569	934.79	-0.019133	3.3419e-05	0.10143	supercritical
353.69	650.00	262.36	0.0038116	615.54	863.29	3.2472	2.0321	3.1577	933.58	-0.019016	3.3338e-05	0.10133	supercritical
354.69	650.00	261.74	0.0038207	618.11	866.45	3.2561	2.0345	3.1585	932.39	-0.018900	3.3258e-05	0.10123	supercritical
355.69	650.00	261.11	0.0038297	620.67	869.61	3.2650	2.0368	3.1593	931.21	-0.018784	3.3178e-05	0.10113	supercritical
356.69	650.00	260.49	0.0038388	623.24	872.77	3.2738	2.0392	3.1601	930.05	-0.018671	3.3100e-05	0.10103	supercritical
357.69	650.00	259.88	0.0038480	625.81	875.93	3.2827	2.0416	3.1609	928.90	-0.018558	3.3023e-05	0.10093	supercritical
358.69	650.00	259.26	0.0038571	628.38	879.09	3.2915	2.0440	3.1617	927.76	-0.018447	3.2946e-05	0.10084	supercritical
359.69	650.00	258.65	0.0038662	630.95	882.25	3.3003	2.0464	3.1625	926.63	-0.018336	3.2871e-05	0.10075	supercritical
360.69	650.00	258.04	0.0038754	633.52	885.41	3.3091	2.0489	3.1634	925.52	-0.018227	3.2796e-05	0.10066	supercritical
361.69	650.00	257.43	0.0038845	636.08	888.58	3.3178	2.0513	3.1642	924.41	-0.018120	3.2722e-05	0.10057	supercritical
362.69	650.00	256.83	0.0038937	638.65	891.74	3.3266	2.0538	3.1651	923.32	-0.018013	3.2648e-05	0.10049	supercritical
363.69	650.00	256.22	0.0039028	641.22	894.91	3.3353	2.0563	3.1660	922.25	-0.017908	3.2576e-05	0.10041	supercritical
364.69	650.00	255.62	0.0039120	643.79	898.07	3.3440	2.0588	3.1668	921.18	-0.017804	3.2505e-05	0.10033	supercritical
365.69	650.00	255.02	0.0039212	646.36	901.24	3.3527	2.0613	3.1677	920.12	-0.017701	3.2434e-05	0.10025	supercritical
366.69	650.00	254.43	0.0039304	648.93	904.41	3.3613	2.0638	3.1686	919.08	-0.017600	3.2364e-05	0.10017	supercritical
367.69	650.00	253.83	0.0039396	651.51	907.58	3.3700	2.0663	3.1695	918.05	-0.017499	3.2295e-05	0.10010	supercritical
368.69	650.00	253.24	0.0039488	654.08	910.75	3.3786	2.0689	3.1705	917.03	-0.017400	3.2226e-05	0.10003	supercritical
369.69	650.00	252.65	0.0039580	656.65	913.92	3.3871	2.0714	3.1714	916.02	-0.017302	3.2159e-05	0.099959	supercritical
370.69	650.00	252.06	0.0039672	659.22	917.09	3.3957	2.0740	3.1723	915.03	-0.017206	3.2092e-05	0.099891	supercritical
371.69	650.00	251.48	0.0039765	661.79	920.26	3.4043	2.0766	3.1733	914.04	-0.017110	3.2026e-05	0.099826	supercritical
372.69	650.00	250.90	0.0039857	664.37	923.44	3.4128	2.0792	3.1742	913.07	-0.017016	3.1960e-05	0.099762	supercritical
373.69	650.00	250.31	0.0039950	666.94	926.61	3.4213	2.0818	3.1752	912.11	-0.016923	3.1896e-05	0.099701	supercritical
374.69	650.00	249.74	0.0040042	669.51	929.79	3.4298	2.0844	3.1762	911.16	-0.016831	3.1832e-05	0.099641	supercritical
375.69	650.00	249.16	0.0040135	672.09	932.97	3.4383	2.0871	3.1772	910.22	-0.016740	3.1768e-05	0.099583	supercritical
376.69	650.00	248.59	0.0040228	674.66	936.14	3.4467	2.0897	3.1782	909.29	-0.016651	3.1706e-05	0.099528	supercritical
377.69	650.00	248.01	0.0040320	677.24	939.32	3.4551	2.0924	3.1792	908.37	-0.016562	3.1644e-05	0.099474	supercritical
378.69	650.00	247.44	0.0040413	679.82	942.50	3.4635	2.0950	3.1802	907.46	-0.016475	3.1583e-05	0.099422	supercritical
379.69	650.00	246.88	0.0040506	682.39	945.68	3.4719	2.0977	3.1812	906.56	-0.016390	3.1523e-05	0.099372	supercritical
380.69	650.00	246.31	0.0040599	684.97	948.86	3.4803	2.1004	3.1823	905.67	-0.016305	3.1463e-05	0.099324	supercritical
381.69	650.00	245.75	0.0040692	687.55	952.05	3.4886	2.1031	3.1833	904.80	-0.016221	3.1404e-05	0.099278	supercritical
382.69	650.00	245.19	0.0040785	690.13	955.23	3.4970	2.1058	3.1844	903.93	-0.016139	3.1346e-05	0.099234	supercritical
383.69	650.00	244.63	0.0040878	692.71	958.42	3.5053	2.1086	3.1855	903.08	-0.016058	3.1288e-05	0.099191	supercritical
384.69	650.00	244.07	0.0040972	695.29	961.60	3.5136	2.1113	3.1865	902.23	-0.015978	3.1231e-05	0.099150	supercritical
385.69	650.00	243.52	0.0041065	697.87	964.79	3.5218	2.1141	3.1876	901.39	-0.015899	3.1175e-05	0.099111	supercritical
386.69	650.00	242.96	0.0041158	700.45	967.98	3.5301	2.1168	3.1887	900.57	-0.015821	3.1119e-05	0.099074	supercritical
387.69	650.00	242.41	0.0041252	703.03	971.17	3.5383	2.1196	3.1898	899.75	-0.015745	3.1064e-05	0.099039	supercritical
388.69	650.00	241.87	0.0041345	705.61	974.36	3.5466	2.1224	3.1910	898.95	-0.015669	3.1009e-05	0.099005	supercritical
389.69	650.00	241.32	0.0041439	708.20	977.55	3.5548	2.1252	3.1921	898.15	-0.015595	3.0955e-05	0.098973	supercritical
390.69	650.00	240.78	0.0041532	710.78	980.74	3.5629	2.1280	3.1932	897.37	-0.015522	3.0902e-05	0.098943	supercritical
391.69	650.00	240.23	0.0041626	713.37	983.93	3.5711	2.1308	3.1944	896.59	-0.015450	3.0850e-05	0.098915	supercritical
392.69	650.00	239.69	0.0041720	715.95	987.13	3.5793	2.1336	3.1955	895.82	-0.015379	3.0798e-05	0.098888	supercritical
393.69	650.00	239.16	0.0041813	718.54	990.33	3.5874	2.1364	3.1967	895.07	-0.015309	3.0746e-05	0.098863	supercritical
394.69	650.00	238.62	0.0041907	721.13	993.52	3.5955	2.1393	3.1979	894.32	-0.015241	3.0696e-05	0.098839	supercritical
395.69	650.00	238.09	0.0042001	723.71	996.72	3.6036	2.1421	3.1991	893.58	-0.015173	3.0645e-05	0.098818	supercritical
396.69	650.00	237.56	0.0042095	726.30	999.92	3.6117	2.1450	3.2003	892.85	-0.015107	3.0596e-05	0.098797	supercritical
397.69	650.00	237.03	0.0042189	728.89	1003.1	3.6197	2.1479	3.2015	892.13	-0.015042	3.0547e-05	0.098779	supercritical
398.69	650.00	236.50	0.0042283	731.48	1006.3	3.6278	2.1508	3.2027	891.42	-0.014977	3.0498e-05	0.098762	supercritical
399.69	650.00	235.98	0.0042377	734.08	1009.5	3.6358	2.1537	3.2040	890.71	-0.014914	3.0450e-05	0.098747	supercritical
400.69	650.00	235.45	0.0042471	736.67	1012.7	3.6438	2.1566	3.2052	890.02	-0.014852	3.0403e-05	0.098733	supercritical
401.69	650.00	234.93	0.0042565	739.26	1015.9	3.6518	2.1595	3.2065	889.34	-0.014791	3.0356e-05	0.098721	supercritical
402.69	650.00	234.41	0.0042659	741.86	1019.1	3.6598	2.1624	3.2077	888.66	-0.014731	3.0310e-05	0.098710	supercritical
403.69	650.00	233.90	0.0042754	744.45	1022.4	3.6677	2.1653	3.2090	887.99	-0.014672	3.0264e-05	0.098701	supercritical
404.69	650.00	233.38	0.0042848	747.05	1025.6	3.6757	2.1683	3.2103	887.33	-0.014614	3.0219e-05	0.098693	supercritical
405.69	650.00	232.87	0.0042942	749.65	1028.8	3.6836	2.1712	3.2116	886.68	-0.014558	3.0175e-05	0.098687	supercritical
406.69	650.00	232.36	0.0043037	752.25	1032.0	3.6915	2.1742	3.2129	886.04	-0.014502	3.0130e-05	0.098683	supercritical
407.69	650.00	231.85	0.0043131	754.85	1035.2	3.6994	2.1771	3.2142	885.41	-0.014447	3.0087e-05	0.098680	supercritical
408.69	650.00	231.35	0.0043225	757.45	1038.4	3.7073	2.1801	3.2155	884.78	-0.014393	3.0044e-05	0.098678	supercritical
409.69	650.00	230.84	0.0043320	760.05	1041.6	3.7151	2.1831	3.2169	884.17	-0.014341	3.0001e-05	0.098678	supercritical
410.69	650.00	230.34	0.0043414	762.66	1044.8	3.7230	2.1861	3.2182	883.56	-0.014289	2.9959e-05	0.098680	supercritical
411.69	650.00	229.84	0.0043509	765.26	1048.1	3.7308	2.1891	3.2196	882.96	-0.014238	2.9918e-05	0.098682	supercritical
412.69	650.00	229.34	0.0043603	767.87	1051.3	3.7386	2.1921	3.2210	882.36	-0.014188	2.9877e-05	0.098687	supercritical
413.69	650.00	228.84	0.0043698	770.47	1054.5	3.7464	2.1951	3.2223	881.78	-0.014140	2.9836e-05	0.098692	supercritical
414.69	650.00	228.35	0.0043793	773.08	1057.7	3.7542	2.1981	3.2237	881.20	-0.014092	2.9796e-05	0.098699	supercritical
415.69	650.00	227.86	0.0043887	775.69	1061.0	3.7619	2.2011	3.2251	880.63	-0.014045	2.9757e-05	0.098708	supercritical
416.69	650.00	227.37	0.0043982	778.30	1064.2	3.7697	2.2042	3.2265	880.07	-0.013999	2.9717e-05	0.098718	supercritical
417.69	650.00	226.88	0.0044077	780.91	1067.4	3.7774	2.2072	3.2279	879.52	-0.013954	2.9679e-05	0.098729	supercritical
418.69	650.00	226.39	0.0044171	783.52	1070.6	3.7852	2.2103	3.2294	878.97	-0.013910	2.9641e-05	0.098742	supercritical
419.69	650.00	225.91	0.0044266	786.14	1073.9	3.7929	2.2133	3.2308	878.43	-0.013867	2.9603e-05	0.098756	supercritical
420.69	650.00	225.42	0.0044361	788.75	1077.1	3.8005	2.2164	3.2323	877.90	-0.013825	2.9566e-05	0.098771	supercritical
421.69	650.00	224.94	0.0044456	791.37	1080.3	3.8082	2.2195	3.2337	877.38	-0.013784	2.9529e-05	0.098788	supercritical
422.69	650.00	224.46	0.0044551	793.99	1083.6	3.8159	2.2225	3.2352	876.86	-0.013744	2.9493e-05	0.098805	supercritical
423.69	650.00	223.99	0.0044646	796.61	1086.8	3.8235	2.2256	3.2367	876.35	-0.013704	2.9457e-05	0.098825	supercritical
424.69	650.00	223.51	0.0044741	799.23	1090.0	3.8312	2.2287	3.2381	875.85	-0.013666	2.9421e-05	0.098845	supercritical
425.69	650.00	223.04	0.0044836	801.85	1093.3	3.8388	2.2318	3.2396	875.36	-0.013628	2.9387e-05	0.098867	supercritical
426.69	650.00	222.57	0.0044930	804.47	1096.5	3.8464	2.2349	3.2412	874.87	-0.013592	2.9352e-05	0.098890	supercritical
427.69	650.00	222.10	0.0045025	807.10	1099.8	3.8540	2.2380	3.2427	874.39	-0.013556	2.9318e-05	0.098915	supercritical
428.69	650.00	221.63	0.0045120	809.72	1103.0	3.8615	2.2412	3.2442	873.92	-0.013521	2.9284e-05	0.098940	supercritical
429.69	650.00	221.16	0.0045216	812.35	1106.3	3.8691	2.2443	3.2457	873.45	-0.013487	2.9251e-05	0.098967	supercritical
430.69	650.00	220.70	0.0045311	814.98	1109.5	3.8767	2.2474	3.2473	872.99	-0.013454	2.9218e-05	0.098996	supercritical
431.69	650.00	220.24	0.0045406	817.61	1112.7	3.8842	2.2505	3.2488	872.54	-0.013421	2.9186e-05	0.099025	supercritical
432.69	650.00	219.78	0.0045501	820.24	1116.0	3.8917	2.2537	3.2504	872.09	-0.013390	2.9154e-05	0.099056	supercritical
433.69	650.00	219.32	0.0045596	822.87	1119.2	3.8992	2.2568	3.2520	871.65	-0.013359	2.9122e-05	0.099087	supercritical
434.69	650.00	218.86	0.0045691	825.51	1122.5	3.9067	2.2600	3.2536	871.22	-0.013329	2.9091e-05	0.099120	supercritical
435.69	650.00	218.41	0.0045786	828.14	1125.8	3.9142	2.2632	3.2552	870.79	-0.013300	2.9060e-05	0.099155	supercritical
436.69	650.00	217.95	0.0045881	830.78	1129.0	3.9216	2.2663	3.2568	870.37	-0.013272	2.9029e-05	0.099190	supercritical
437.69	650.00	217.50	0.0045976	833.42	1132.3	3.9291	2.2695	3.2584	869.95	-0.013244	2.8999e-05	0.099227	supercritical
438.69	650.00	217.05	0.0046072	836.06	1135.5	3.9365	2.2727	3.2600	869.55	-0.013218	2.8970e-05	0.099264	supercritical
439.69	650.00	216.61	0.0046167	838.70	1138.8	3.9440	2.2759	3.2616	869.14	-0.013192	2.8940e-05	0.099303	supercritical
440.69	650.00	216.16	0.0046262	841.35	1142.0	3.9514	2.2791	3.2633	868.75	-0.013167	2.8912e-05	0.099343	supercritical
441.69	650.00	215.72	0.0046357	843.99	1145.3	3.9588	2.2823	3.2649	868.36	-0.013142	2.8883e-05	0.099384	supercritical
442.69	650.00	215.27	0.0046453	846.64	1148.6	3.9662	2.2855	3.2666	867.98	-0.013119	2.8855e-05	0.099427	supercritical
443.69	650.00	214.83	0.0046548	849.29	1151.8	3.9735	2.2887	3.2683	867.60	-0.013096	2.8827e-05	0.099470	supercritical
444.69	650.00	214.39	0.0046643	851.94	1155.1	3.9809	2.2919	3.2699	867.23	-0.013074	2.8800e-05	0.099515	supercritical
445.69	650.00	213.96	0.0046738	854.59	1158.4	3.9882	2.2951	3.2716	866.86	-0.013052	2.8773e-05	0.099560	supercritical
446.69	650.00	213.52	0.0046834	857.24	1161.7	3.9956	2.2983	3.2733	866.50	-0.013031	2.8746e-05	0.099607	supercritical
447.69	650.00	213.09	0.0046929	859.89	1164.9	4.0029	2.3016	3.2750	866.15	-0.013011	2.8720e-05	0.099655	supercritical
448.69	650.00	212.66	0.0047024	862.55	1168.2	4.0102	2.3048	3.2768	865.80	-0.012992	2.8694e-05	0.099704	supercritical
449.69	650.00	212.23	0.0047120	865.21	1171.5	4.0175	2.3080	3.2785	865.46	-0.012974	2.8668e-05	0.099754	supercritical
450.69	650.00	211.80	0.0047215	867.87	1174.8	4.0248	2.3113	3.2802	865.13	-0.012956	2.8643e-05	0.099805	supercritical
451.69	650.00	211.37	0.0047310	870.53	1178.0	4.0321	2.3145	3.2820	864.80	-0.012939	2.8618e-05	0.099857	supercritical
452.69	650.00	210.95	0.0047406	873.19	1181.3	4.0393	2.3178	3.2837	864.47	-0.012922	2.8593e-05	0.099910	supercritical
453.69	650.00	210.52	0.0047501	875.86	1184.6	4.0466	2.3210	3.2855	864.15	-0.012906	2.8569e-05	0.099964	supercritical
454.69	650.00	210.10	0.0047596	878.52	1187.9	4.0538	2.3243	3.2873	863.84	-0.012891	2.8545e-05	0.10002	supercritical
455.69	650.00	209.68	0.0047692	881.19	1191.2	4.0610	2.3276	3.2890	863.53	-0.012877	2.8521e-05	0.10008	supercritical
456.69	650.00	209.26	0.0047787	883.86	1194.5	4.0682	2.3308	3.2908	863.22	-0.012863	2.8498e-05	0.10013	supercritical
457.69	650.00	208.85	0.0047882	886.54	1197.8	4.0754	2.3341	3.2926	862.93	-0.012850	2.8475e-05	0.10019	supercritical
458.69	650.00	208.43	0.0047978	889.21	1201.1	4.0826	2.3374	3.2944	862.63	-0.012837	2.8452e-05	0.10025	supercritical
459.69	650.00	208.02	0.0048073	891.88	1204.4	4.0898	2.3407	3.2962	862.35	-0.012825	2.8430e-05	0.10031	supercritical
460.69	650.00	207.60	0.0048168	894.56	1207.7	4.0970	2.3440	3.2981	862.06	-0.012814	2.8408e-05	0.10037	supercritical
461.69	650.00	207.19	0.0048264	897.24	1211.0	4.1041	2.3473	3.2999	861.79	-0.012803	2.8386e-05	0.10043	supercritical
462.69	650.00	206.79	0.0048359	899.92	1214.3	4.1113	2.3505	3.3017	861.51	-0.012793	2.8365e-05	0.10050	supercritical
463.69	650.00	206.38	0.0048455	902.60	1217.6	4.1184	2.3538	3.3036	861.25	-0.012784	2.8344e-05	0.10056	supercritical
464.69	650.00	205.97	0.0048550	905.29	1220.9	4.1255	2.3572	3.3055	860.99	-0.012775	2.8323e-05	0.10063	supercritical
465.69	650.00	205.57	0.0048645	907.97	1224.2	4.1326	2.3605	3.3073	860.73	-0.012766	2.8302e-05	0.10069	supercritical
466.69	650.00	205.17	0.0048741	910.66	1227.5	4.1397	2.3638	3.3092	860.48	-0.012759	2.8282e-05	0.10076	supercritical
467.69	650.00	204.77	0.0048836	913.35	1230.8	4.1468	2.3671	3.3111	860.23	-0.012752	2.8262e-05	0.10083	supercritical
468.69	650.00	204.37	0.0048932	916.04	1234.1	4.1539	2.3704	3.3130	859.99	-0.012745	2.8243e-05	0.10090	supercritical
469.69	650.00	203.97	0.0049027	918.74	1237.4	4.1609	2.3737	3.3149	859.75	-0.012739	2.8223e-05	0.10097	supercritical
470.69	650.00	203.57	0.0049122	921.43	1240.7	4.1680	2.3770	3.3168	859.51	-0.012733	2.8204e-05	0.10104	supercritical
471.69	650.00	203.18	0.0049218	924.13	1244.0	4.1750	2.3804	3.3187	859.29	-0.012728	2.8185e-05	0.10111	supercritical
472.69	650.00	202.79	0.0049313	926.83	1247.4	4.1821	2.3837	3.3206	859.06	-0.012724	2.8167e-05	0.10118	supercritical
473.69	650.00	202.39	0.0049409	929.53	1250.7	4.1891	2.3870	3.3226	858.84	-0.012720	2.8149e-05	0.10125	supercritical
474.69	650.00	202.00	0.0049504	932.24	1254.0	4.1961	2.3904	3.3245	858.63	-0.012717	2.8131e-05	0.10133	supercritical
475.69	650.00	201.62	0.0049599	934.94	1257.3	4.2031	2.3937	3.3264	858.42	-0.012714	2.8113e-05	0.10140	supercritical
476.69	650.00	201.23	0.0049695	937.65	1260.7	4.2101	2.3971	3.3284	858.21	-0.012712	2.8096e-05	0.10148	supercritical
477.69	650.00	200.84	0.0049790	940.36	1264.0	4.2170	2.4004	3.3304	858.01	-0.012710	2.8079e-05	0.10156	supercritical
478.69	650.00	200.46	0.0049885	943.07	1267.3	4.2240	2.4038	3.3323	857.81	-0.012708	2.8062e-05	0.10163	supercritical
479.69	650.00	200.08	0.0049981	945.78	1270.7	4.2310	2.4071	3.3343	857.62	-0.012708	2.8045e-05	0.10171	supercritical
480.69	650.00	199.70	0.0050076	948.50	1274.0	4.2379	2.4105	3.3363	857.43	-0.012707	2.8029e-05	0.10179	supercritical
481.69	650.00	199.32	0.0050171	951.22	1277.3	4.2448	2.4138	3.3383	857.25	-0.012707	2.8013e-05	0.10187	supercritical
482.69	650.00	198.94	0.0050267	953.94	1280.7	4.2518	2.4172	3.3403	857.07	-0.012708	2.7997e-05	0.10195	supercritical
483.69	650.00	198.56	0.0050362	956.66	1284.0	4.2587	2.4206	3.3423	856.89	-0.012709	2.7981e-05	0.10203	supercritical
484.69	650.00	198.19	0.0050457	959.38	1287.4	4.2656	2.4239	3.3443	856.72	-0.012710	2.7966e-05	0.10212	supercritical
485.69	650.00	197.81	0.0050553	962.11	1290.7	4.2725	2.4273	3.3464	856.55	-0.012712	2.7951e-05	0.10220	supercritical
486.69	650.00	197.44	0.0050648	964.84	1294.0	4.2794	2.4307	3.3484	856.39	-0.012715	2.7936e-05	0.10229	supercritical
487.69	650.00	197.07	0.0050743	967.57	1297.4	4.2862	2.4341	3.3504	856.23	-0.012718	2.7921e-05	0.10237	supercritical
488.69	650.00	196.70	0.0050839	970.30	1300.7	4.2931	2.4374	3.3525	856.07	-0.012721	2.7907e-05	0.10246	supercritical
489.69	650.00	196.33	0.0050934	973.03	1304.1	4.3000	2.4408	3.3545	855.92	-0.012725	2.7893e-05	0.10254	supercritical
490.69	650.00	195.97	0.0051029	975.77	1307.5	4.3068	2.4442	3.3566	855.77	-0.012729	2.7879e-05	0.10263	supercritical
491.69	650.00	195.60	0.0051125	978.51	1310.8	4.3136	2.4476	3.3587	855.63	-0.012733	2.7865e-05	0.10272	supercritical
492.69	650.00	195.24	0.0051220	981.25	1314.2	4.3205	2.4510	3.3608	855.49	-0.012738	2.7852e-05	0.10281	supercritical
493.69	650.00	194.87	0.0051315	983.99	1317.5	4.3273	2.4544	3.3628	855.35	-0.012743	2.7839e-05	0.10290	supercritical
494.69	650.00	194.51	0.0051410	986.73	1320.9	4.3341	2.4578	3.3649	855.22	-0.012749	2.7826e-05	0.10299	supercritical
495.69	650.00	194.15	0.0051506	989.48	1324.3	4.3409	2.4611	3.3670	855.09	-0.012755	2.7813e-05	0.10308	supercritical
496.69	650.00	193.79	0.0051601	992.23	1327.6	4.3477	2.4645	3.3691	854.96	-0.012762	2.7801e-05	0.10317	supercritical
497.69	650.00	193.44	0.0051696	994.98	1331.0	4.3545	2.4679	3.3713	854.84	-0.012769	2.7788e-05	0.10327	supercritical
498.69	650.00	193.08	0.0051791	997.73	1334.4	4.3612	2.4713	3.3734	854.73	-0.012776	2.7776e-05	0.10336	supercritical
499.69	650.00	192.73	0.0051887	1000.5	1337.8	4.3680	2.4747	3.3755	854.61	-0.012784	2.7765e-05	0.10345	supercritical
500.69	650.00	192.38	0.0051982	1003.2	1341.1	4.3747	2.4781	3.3776	854.50	-0.012792	2.7753e-05	0.10355	supercritical
501.69	650.00	192.02	0.0052077	1006.0	1344.5	4.3815	2.4816	3.3798	854.39	-0.012800	2.7742e-05	0.10365	supercritical
502.69	650.00	191.67	0.0052172	1008.8	1347.9	4.3882	2.4850	3.3819	854.29	-0.012809	2.7730e-05	0.10374	supercritical
503.69	650.00	191.32	0.0052267	1011.5	1351.3	4.3949	2.4884	3.3841	854.19	-0.012818	2.7719e-05	0.10384	supercritical
504.69	650.00	190.98	0.0052362	1014.3	1354.7	4.4017	2.4918	3.3862	854.09	-0.012827	2.7709e-05	0.10394	supercritical
505.69	650.00	190.63	0.0052458	1017.1	1358.0	4.4084	2.4952	3.3884	854.00	-0.012837	2.7698e-05	0.10404	supercritical
506.69	650.00	190.29	0.0052553	1019.8	1361.4	4.4151	2.4986	3.3906	853.91	-0.012847	2.7688e-05	0.10414	supercritical
507.69	650.00	189.94	0.0052648	1022.6	1364.8	4.4217	2.5020	3.3928	853.82	-0.012858	2.7677e-05	0.10424	supercritical
508.69	650.00	189.60	0.0052743	1025.4	1368.2	4.4284	2.5054	3.3949	853.74	-0.012869	2.7667e-05	0.10434	supercritical
509.69	650.00	189.26	0.0052838	1028.2	1371.6	4.4351	2.5089	3.3971	853.66	-0.012880	2.7658e-05	0.10444	supercritical
510.69	650.00	188.92	0.0052933	1030.9	1375.0	4.4417	2.5123	3.3993	853.58	-0.012891	2.7648e-05	0.10454	supercritical
511.69	650.00	188.58	0.0053028	1033.7	1378.4	4.4484	2.5157	3.4015	853.51	-0.012903	2.7639e-05	0.10464	supercritical
512.69	650.00	188.24	0.0053123	1036.5	1381.8	4.4550	2.5191	3.4038	853.43	-0.012915	2.7630e-05	0.10475	supercritical
513.69	650.00	187.91	0.0053218	1039.3	1385.2	4.4617	2.5226	3.4060	853.37	-0.012927	2.7621e-05	0.10485	supercritical
514.69	650.00	187.57	0.0053313	1042.1	1388.6	4.4683	2.5260	3.4082	853.30	-0.012940	2.7612e-05	0.10496	supercritical
515.69	650.00	187.24	0.0053408	1044.9	1392.0	4.4749	2.5294	3.4104	853.24	-0.012952	2.7603e-05	0.10506	supercritical
516.69	650.00	186.90	0.0053503	1047.7	1395.4	4.4815	2.5328	3.4127	853.18	-0.012966	2.7595e-05	0.10517	supercritical
517.69	650.00	186.57	0.0053598	1050.5	1398.9	4.4881	2.5363	3.4149	853.13	-0.012979	2.7587e-05	0.10528	supercritical
518.69	650.00	186.24	0.0053693	1053.3	1402.3	4.4947	2.5397	3.4171	853.08	-0.012993	2.7579e-05	0.10538	supercritical
519.69	650.00	185.91	0.0053788	1056.1	1405.7	4.5013	2.5431	3.4194	853.03	-0.013007	2.7571e-05	0.10549	supercritical
520.69	650.00	185.59	0.0053883	1058.9	1409.1	4.5079	2.5466	3.4217	852.98	-0.013021	2.7563e-05	0.10560	supercritical
521.69	650.00	185.26	0.0053978	1061.7	1412.5	4.5145	2.5500	3.4239	852.94	-0.013036	2.7555e-05	0.10571	supercritical
522.69	650.00	184.94	0.0054073	1064.5	1416.0	4.5210	2.5535	3.4262	852.90	-0.013050	2.7548e-05	0.10582	supercritical
523.69	650.00	184.61	0.0054168	1067.3	1419.4	4.5276	2.5569	3.4285	852.86	-0.013065	2.7541e-05	0.10593	supercritical
524.69	650.00	184.29	0.0054263	1070.1	1422.8	4.5341	2.5603	3.4308	852.82	-0.013081	2.7534e-05	0.10605	supercritical
525.69	650.00	183.97	0.0054358	1072.9	1426.3	4.5406	2.5638	3.4331	852.79	-0.013096	2.7527e-05	0.10616	supercritical
526.69	650.00	183.65	0.0054452	1075.7	1429.7	4.5472	2.5672	3.4353	852.76	-0.013112	2.7521e-05	0.10627	supercritical
527.69	650.00	183.33	0.0054547	1078.6	1433.1	4.5537	2.5706	3.4376	852.74	-0.013128	2.7514e-05	0.10638	supercritical
528.69	650.00	183.01	0.0054642	1081.4	1436.6	4.5602	2.5741	3.4400	852.71	-0.013144	2.7508e-05	0.10650	supercritical
529.69	650.00	182.69	0.0054737	1084.2	1440.0	4.5667	2.5775	3.4423	852.69	-0.013161	2.7502e-05	0.10661	supercritical
530.69	650.00	182.38	0.0054832	1087.0	1443.4	4.5732	2.5810	3.4446	852.67	-0.013178	2.7496e-05	0.10673	supercritical
531.69	650.00	182.06	0.0054926	1089.9	1446.9	4.5797	2.5844	3.4469	852.66	-0.013194	2.7490e-05	0.10684	supercritical
532.69	650.00	181.75	0.0055021	1092.7	1450.3	4.5862	2.5879	3.4492	852.64	-0.013212	2.7484e-05	0.10696	supercritical
533.69	650.00	181.44	0.0055116	1095.5	1453.8	4.5926	2.5913	3.4516	852.63	-0.013229	2.7479e-05	0.10708	supercritical
534.69	650.00	181.13	0.0055210	1098.4	1457.2	4.5991	2.5948	3.4539	852.63	-0.013247	2.7474e-05	0.10720	supercritical
535.69	650.00	180.81	0.0055305	1101.2	1460.7	4.6055	2.5982	3.4562	852.62	-0.013264	2.7468e-05	0.10731	supercritical
536.69	650.00	180.51	0.0055400	1104.1	1464.2	4.6120	2.6017	3.4586	852.62	-0.013282	2.7463e-05	0.10743	supercritical
537.69	650.00	180.20	0.0055495	1106.9	1467.6	4.6184	2.6051	3.4609	852.62	-0.013301	2.7459e-05	0.10755	supercritical
538.69	650.00	179.89	0.0055589	1109.8	1471.1	4.6249	2.6086	3.4633	852.62	-0.013319	2.7454e-05	0.10767	supercritical
539.69	650.00	179.59	0.0055684	1112.6	1474.5	4.6313	2.6120	3.4657	852.62	-0.013337	2.7449e-05	0.10779	supercritical
540.69	650.00	179.28	0.0055778	1115.5	1478.0	4.6377	2.6155	3.4680	852.63	-0.013356	2.7445e-05	0.10791	supercritical
541.69	650.00	178.98	0.0055873	1118.3	1481.5	4.6441	2.6189	3.4704	852.64	-0.013375	2.7441e-05	0.10804	supercritical
542.69	650.00	178.68	0.0055968	1121.2	1485.0	4.6505	2.6224	3.4728	852.65	-0.013394	2.7437e-05	0.10816	supercritical
543.69	650.00	178.37	0.0056062	1124.0	1488.4	4.6569	2.6258	3.4752	852.67	-0.013414	2.7433e-05	0.10828	supercritical
544.69	650.00	178.07	0.0056157	1126.9	1491.9	4.6633	2.6293	3.4775	852.68	-0.013433	2.7429e-05	0.10840	supercritical
545.69	650.00	177.77	0.0056251	1129.7	1495.4	4.6697	2.6327	3.4799	852.70	-0.013453	2.7425e-05	0.10853	supercritical
546.69	650.00	177.48	0.0056346	1132.6	1498.9	4.6761	2.6362	3.4823	852.72	-0.013472	2.7422e-05	0.10865	supercritical
547.69	650.00	177.18	0.0056440	1135.5	1502.3	4.6824	2.6396	3.4847	852.75	-0.013492	2.7418e-05	0.10878	supercritical
548.69	650.00	176.88	0.0056535	1138.4	1505.8	4.6888	2.6431	3.4871	852.77	-0.013513	2.7415e-05	0.10890	supercritical
549.69	650.00	176.59	0.0056629	1141.2	1509.3	4.6951	2.6465	3.4896	852.80	-0.013533	2.7412e-05	0.10903	supercritical
550.69	650.00	176.29	0.0056723	1144.1	1512.8	4.7015	2.6500	3.4920	852.83	-0.013553	2.7409e-05	0.10916	supercritical
551.69	650.00	176.00	0.0056818	1147.0	1516.3	4.7078	2.6534	3.4944	852.87	-0.013574	2.7406e-05	0.10928	supercritical
552.69	650.00	175.71	0.0056912	1149.9	1519.8	4.7142	2.6569	3.4968	852.90	-0.013595	2.7404e-05	0.10941	supercritical
553.69	650.00	175.42	0.0057007	1152.8	1523.3	4.7205	2.6603	3.4992	852.94	-0.013616	2.7401e-05	0.10954	supercritical
554.69	650.00	175.13	0.0057101	1155.6	1526.8	4.7268	2.6638	3.5017	852.98	-0.013637	2.7399e-05	0.10967	supercritical
555.69	650.00	174.84	0.0057195	1158.5	1530.3	4.7331	2.6672	3.5041	853.02	-0.013658	2.7397e-05	0.10980	supercritical
556.69	650.00	174.55	0.0057290	1161.4	1533.8	4.7394	2.6707	3.5066	853.06	-0.013679	2.7394e-05	0.10993	supercritical
557.69	650.00	174.27	0.0057384	1164.3	1537.3	4.7457	2.6741	3.5090	853.11	-0.013701	2.7392e-05	0.11006	supercritical
558.69	650.00	173.98	0.0057478	1167.2	1540.8	4.7520	2.6776	3.5115	853.15	-0.013722	2.7391e-05	0.11019	supercritical
559.69	650.00	173.69	0.0057572	1170.1	1544.3	4.7583	2.6811	3.5139	853.20	-0.013744	2.7389e-05	0.11032	supercritical
560.69	650.00	173.41	0.0057667	1173.0	1547.9	4.7645	2.6845	3.5164	853.26	-0.013766	2.7387e-05	0.11045	supercritical
561.69	650.00	173.13	0.0057761	1175.9	1551.4	4.7708	2.6880	3.5188	853.31	-0.013788	2.7386e-05	0.11058	supercritical
562.69	650.00	172.85	0.0057855	1178.8	1554.9	4.7771	2.6914	3.5213	853.37	-0.013810	2.7384e-05	0.11072	supercritical
563.69	650.00	172.57	0.0057949	1181.7	1558.4	4.7833	2.6949	3.5238	853.42	-0.013832	2.7383e-05	0.11085	supercritical
564.69	650.00	172.29	0.0058043	1184.7	1561.9	4.7896	2.6983	3.5262	853.48	-0.013854	2.7382e-05	0.11098	supercritical
565.69	650.00	172.01	0.0058137	1187.6	1565.5	4.7958	2.7018	3.5287	853.54	-0.013877	2.7381e-05	0.11112	supercritical
566.69	650.00	171.73	0.0058231	1190.5	1569.0	4.8021	2.7052	3.5312	853.61	-0.013899	2.7380e-05	0.11125	supercritical
567.69	650.00	171.45	0.0058326	1193.4	1572.5	4.8083	2.7087	3.5337	853.67	-0.013922	2.7379e-05	0.11139	supercritical
568.69	650.00	171.18	0.0058420	1196.3	1576.1	4.8145	2.7121	3.5362	853.74	-0.013944	2.7379e-05	0.11152	supercritical
569.69	650.00	170.90	0.0058514	1199.3	1579.6	4.8207	2.7156	3.5387	853.81	-0.013967	2.7378e-05	0.11166	supercritical
570.69	650.00	170.63	0.0058608	1202.2	1583.1	4.8269	2.7190	3.5412	853.88	-0.013990	2.7378e-05	0.11180	supercritical
571.69	650.00	170.35	0.0058702	1205.1	1586.7	4.8331	2.7225	3.5437	853.95	-0.014013	2.7378e-05	0.11194	supercritical
572.69	650.00	170.08	0.0058796	1208.1	1590.2	4.8393	2.7259	3.5462	854.03	-0.014036	2.7378e-05	0.11207	supercritical
573.69	650.00	169.81	0.0058890	1211.0	1593.8	4.8455	2.7294	3.5487	854.11	-0.014060	2.7377e-05	0.11221	supercritical
574.69	650.00	169.54	0.0058984	1213.9	1597.3	4.8517	2.7328	3.5512	854.18	-0.014083	2.7378e-05	0.11235	supercritical
575.69	650.00	169.27	0.0059077	1216.9	1600.9	4.8579	2.7363	3.5537	854.26	-0.014106	2.7378e-05	0.11249	supercritical
576.69	650.00	169.00	0.0059171	1219.8	1604.4	4.8640	2.7397	3.5562	854.35	-0.014130	2.7378e-05	0.11263	supercritical
577.69	650.00	168.73	0.0059265	1222.8	1608.0	4.8702	2.7432	3.5588	854.43	-0.014153	2.7378e-05	0.11277	supercritical
578.69	650.00	168.47	0.0059359	1225.7	1611.5	4.8764	2.7466	3.5613	854.51	-0.014177	2.7379e-05	0.11291	supercritical
579.69	650.00	168.20	0.0059453	1228.7	1615.1	4.8825	2.7501	3.5638	854.60	-0.014201	2.7380e-05	0.11305	supercritical
580.69	650.00	167.94	0.0059547	1231.6	1618.7	4.8887	2.7535	3.5663	854.69	-0.014224	2.7380e-05	0.11319	supercritical
581.69	650.00	167.67	0.0059641	1234.6	1622.2	4.8948	2.7570	3.5689	854.78	-0.014248	2.7381e-05	0.11333	supercritical
582.69	650.00	167.41	0.0059734	1237.5	1625.8	4.9009	2.7604	3.5714	854.87	-0.014272	2.7382e-05	0.11348	supercritical
583.69	650.00	167.15	0.0059828	1240.5	1629.4	4.9070	2.7639	3.5740	854.97	-0.014296	2.7383e-05	0.11362	supercritical
584.69	650.00	166.88	0.0059922	1243.5	1633.0	4.9132	2.7673	3.5765	855.06	-0.014320	2.7384e-05	0.11376	supercritical
585.69	650.00	166.62	0.0060016	1246.4	1636.5	4.9193	2.7708	3.5791	855.16	-0.014345	2.7386e-05	0.11390	supercritical
586.69	650.00	166.36	0.0060109	1249.4	1640.1	4.9254	2.7742	3.5816	855.26	-0.014369	2.7387e-05	0.11405	supercritical
587.69	650.00	166.10	0.0060203	1252.4	1643.7	4.9315	2.7776	3.5842	855.36	-0.014393	2.7388e-05	0.11419	supercritical
588.69	650.00	165.85	0.0060297	1255.4	1647.3	4.9376	2.7811	3.5867	855.46	-0.014417	2.7390e-05	0.11434	supercritical
589.69	650.00	165.59	0.0060390	1258.3	1650.9	4.9437	2.7845	3.5893	855.56	-0.014442	2.7392e-05	0.11448	supercritical
590.69	650.00	165.33	0.0060484	1261.3	1654.5	4.9498	2.7880	3.5919	855.67	-0.014466	2.7393e-05	0.11463	supercritical
591.69	650.00	165.08	0.0060577	1264.3	1658.1	4.9558	2.7914	3.5944	855.78	-0.014491	2.7395e-05	0.11478	supercritical
592.69	650.00	164.82	0.0060671	1267.3	1661.7	4.9619	2.7948	3.5970	855.88	-0.014515	2.7397e-05	0.11492	supercritical
593.69	650.00	164.57	0.0060765	1270.3	1665.3	4.9680	2.7983	3.5996	855.99	-0.014540	2.7399e-05	0.11507	supercritical
594.69	650.00	164.32	0.0060858	1273.3	1668.9	4.9740	2.8017	3.6022	856.10	-0.014564	2.7401e-05	0.11522	supercritical
595.69	650.00	164.06	0.0060952	1276.3	1672.5	4.9801	2.8052	3.6047	856.22	-0.014589	2.7404e-05	0.11536	supercritical
596.69	650.00	163.81	0.0061045	1279.3	1676.1	4.9861	2.8086	3.6073	856.33	-0.014614	2.7406e-05	0.11551	supercritical
597.69	650.00	163.56	0.0061138	1282.3	1679.7	4.9922	2.8120	3.6099	856.45	-0.014639	2.7409e-05	0.11566	supercritical
598.69	650.00	163.31	0.0061232	1285.3	1683.3	4.9982	2.8155	3.6125	856.56	-0.014664	2.7411e-05	0.11581	supercritical
599.69	650.00	163.06	0.0061325	1288.3	1686.9	5.0043	2.8189	3.6151	856.68	-0.014688	2.7414e-05	0.11596	supercritical
600.69	650.00	162.82	0.0061419	1291.3	1690.5	5.0103	2.8223	3.6177	856.80	-0.014713	2.7416e-05	0.11611	supercritical
601.69	650.00	162.57	0.0061512	1294.3	1694.1	5.0163	2.8258	3.6203	856.92	-0.014738	2.7419e-05	0.11626	supercritical
602.69	650.00	162.32	0.0061605	1297.3	1697.8	5.0223	2.8292	3.6229	857.05	-0.014763	2.7422e-05	0.11641	supercritical
603.69	650.00	162.08	0.0061699	1300.3	1701.4	5.0283	2.8326	3.6255	857.17	-0.014788	2.7425e-05	0.11656	supercritical
604.69	650.00	161.83	0.0061792	1303.4	1705.0	5.0343	2.8361	3.6281	857.29	-0.014813	2.7428e-05	0.11671	supercritical
605.69	650.00	161.59	0.0061885	1306.4	1708.6	5.0403	2.8395	3.6307	857.42	-0.014838	2.7431e-05	0.11686	supercritical
606.69	650.00	161.35	0.0061979	1309.4	1712.3	5.0463	2.8429	3.6333	857.55	-0.014864	2.7435e-05	0.11702	supercritical
607.69	650.00	161.10	0.0062072	1312.4	1715.9	5.0523	2.8463	3.6359	857.68	-0.014889	2.7438e-05	0.11717	supercritical
608.69	650.00	160.86	0.0062165	1315.5	1719.5	5.0583	2.8498	3.6385	857.81	-0.014914	2.7441e-05	0.11732	supercritical
609.69	650.00	160.62	0.0062258	1318.5	1723.2	5.0643	2.8532	3.6411	857.94	-0.014939	2.7445e-05	0.11747	supercritical
610.69	650.00	160.38	0.0062352	1321.5	1726.8	5.0702	2.8566	3.6438	858.08	-0.014964	2.7448e-05	0.11763	supercritical
611.69	650.00	160.14	0.0062445	1324.6	1730.5	5.0762	2.8600	3.6464	858.21	-0.014990	2.7452e-05	0.11778	supercritical
612.69	650.00	159.90	0.0062538	1327.6	1734.1	5.0821	2.8635	3.6490	858.35	-0.015015	2.7456e-05	0.11794	supercritical
613.69	650.00	159.67	0.0062631	1330.7	1737.8	5.0881	2.8669	3.6516	858.48	-0.015040	2.7460e-05	0.11809	supercritical
614.69	650.00	159.43	0.0062724	1333.7	1741.4	5.0940	2.8703	3.6542	858.62	-0.015065	2.7464e-05	0.11825	supercritical
615.69	650.00	159.19	0.0062817	1336.8	1745.1	5.1000	2.8737	3.6569	858.76	-0.015091	2.7468e-05	0.11840	supercritical
616.69	650.00	158.96	0.0062910	1339.8	1748.7	5.1059	2.8771	3.6595	858.90	-0.015116	2.7472e-05	0.11856	supercritical
617.69	650.00	158.72	0.0063003	1342.9	1752.4	5.1119	2.8806	3.6621	859.04	-0.015141	2.7476e-05	0.11871	supercritical
618.69	650.00	158.49	0.0063096	1345.9	1756.1	5.1178	2.8840	3.6648	859.19	-0.015167	2.7480e-05	0.11887	supercritical
619.69	650.00	158.25	0.0063189	1349.0	1759.7	5.1237	2.8874	3.6674	859.33	-0.015192	2.7484e-05	0.11903	supercritical
620.69	650.00	158.02	0.0063282	1352.1	1763.4	5.1296	2.8908	3.6701	859.48	-0.015218	2.7489e-05	0.11919	supercritical
621.69	650.00	157.79	0.0063375	1355.1	1767.1	5.1355	2.8942	3.6727	859.62	-0.015243	2.7493e-05	0.11934	supercritical
622.69	650.00	157.56	0.0063468	1358.2	1770.7	5.1414	2.8976	3.6754	859.77	-0.015268	2.7498e-05	0.11950	supercritical
623.69	650.00	157.33	0.0063561	1361.3	1774.4	5.1473	2.9010	3.6780	859.92	-0.015294	2.7503e-05	0.11966	supercritical
624.69	650.00	157.10	0.0063654	1364.3	1778.1	5.1532	2.9044	3.6806	860.07	-0.015319	2.7507e-05	0.11982	supercritical